0
50
50
1 (26) (28) (50) (10) (27) (37) (2) (18) (19) (7) (49) (35 8) (47) (16 17) (30) (20) (1 11) (15) (48 43) (32 13) (23) (41) (38 33) (4) (42) (31) (14) (3) (46) (12) (29) (9) (25) (22) (34) (6) (36) (39 24) (21) 
2 (7) (11) (16) (42) (32) (50 13) (39) (43) (25) (21) (37) (29) (28) (35) (14) (10) (38) (23) (8) (44) (17) (6) (47) (19) (15) (31) (12) (34) (40) (36) (33) (41) (18) (2) (5) (27) (24) (22 48) (30) (3) (1) (4) 
3 (3) (38) (1) (33) (46) (18) (14) (39) (50) (30) (17) (48) (27) (8 31 40) (5) (44 2) (45) (42) (26 35) (13) (24 6) (49) (11) (16) (20) (4) (43) (36) (7) (21) (29) (19 10) (37 34) (23) (32) (15) (12) (25) (41) (22) (9) 
4 (38) (21) (36) (23) (48) (46) (1) (37 34) (30 35) (31) (50) (9) (22) (28) (29) (14) (5 45) (7) (12) (11) (26) (10) (25) (41) (43) (40 39) (20) (2) (33) (24) (47) (13) (6) (8) (44) (4) (19 27) (18) 
5 (35) (43) (16) (14) (42) (28) (29) (15) (30) (41) (25) (9 26) (5) (38) (31 8) (17) (32) (13) (1) (19) (6) (21) (39) (24) (34) (40) (20) (11) (7) (27) (2) (22) (33) (3) (18) (46) (50) (47) (36) (44) 
6 (30) (2) (1) (11) (31) (38 21) (7) (22) (27 42) (36) (33) (25 45) (15) (37) (8) (39) (16) (18) (47) (28) (29) (35) (26) (4 14) (20) (32) (46 41) (9) (6) (48) (44) (40) (13) (19) (43) (23) (50) (34) (12) (17) 
7 (31) (21) (24) (29) (9) (4) (26) (23) (45 34) (3) (37) (17) (19 48) (39) (12) (42) (10) (16) (22 27) (7) (14) (15) (46) (28) (32) (25) (5) (40) (20) (36) (1) (30) (11) (44) (13) (2) (47) (35) (41 33) (38) (8) 
8 (24) (36 13) (28) (45) (11) (30 42) (35) (21) (7) (43) (33) (48) (4) (44) (8) (6) (39) (31) (18) (1 41) (49) (34) (22) (16 40) (2) (46) (27) (26) (23 17) (38) (9 25) (29) (3) (20) (37) (12) (15) (14) (5) 
9 (32) (35) (29) (2) (34) (38 37) (16) (41) (40) (30 8) (22) (4) (44) (1) (15) (20) (28) (39) (7) (24) (23) (10) (11) (36) (21) (18) (6) (43) (46) (19) (47) (13) (3) (48 45) (49) (31) (12) (17) (50 26) (9) (27) 
10 (42 27) (36) (37) (44) (31) (21) (11) (7) (5) (16) (25) (35) (12) (22) (8) (1) (33) (29) (30) (17) (18) (40) (9) (13) (41) (49) (39) (50) (23) (48) (2) (32 47) (10) (34) (19) (26) (15) (28) (4) (6) (38) (14) 
11 (26 19) (38) (17) (39 1) (41) (48) (21) (37) (49 12) (18) (36) (16) (24) (7) (34) (3 27) (32 30) (4) (8) (43) (44) (45) (20) (25) (50 6) (29) (42) (31) (9) (35) (5) (47 28) (46) (11) (10) (22) (40) (2) (23) (33 14) (15) (13) 
12 (30) (9) (42) (38) (4) (40) (32) (6 20) (41) (44) (23) (46) (34) (7) (15) (27) (14) (28 12) (25) (18 22) (49) (24) (43) (10) (31) (37) (17) (36) (29) (35) (33) (8) (3 48) (47) (2) (21) (45) (19) 
13 (24) (25) (9 30) (43) (6) (39) (40) (19) (11) (31) (3) (2) (32) (1 27) (48) (33) (20 10) (49) (13) (17) (4) (7) (28) (12) (29) (16) (37) (26) (14) (35) (22) (50) (15) (44) (8) (47) (46) (42) (5) (18) (45) (41) 
14 (19) (5) (14) (47 32) (8) (21) (42) (44) (20) (37 24) (48) (26) (31) (6) (36) (29) (22) (1) (28) (30) (10 3) (9) (23) (17) (33) (13) (39) (34 38) (50) (15) (27) (25) (41) (43) (46) (49) (45) (2) (4) (40 7) (35) 
15 (37) (27) (13) (7) (10) (24) (45) (25) (28) (49) (36) (11) (30) (21) (39) (14) (18) (22) (40) (1) (6) (43) (29 33) (35) (2) (9) (50) (46) (31) (23) (32) (16) (48) (12) (34) (3) (47) (41) (5) (4) (8) (20 42) (15) (19) (17) (38) 
16 (3) (11 12) (44) (24) (38) (40) (35 6) (15) (21) (10) (4) (9 45) (48) (30) (20) (42) (37) (18) (47) (39) (32) (28) (22) (50) (14) (33) (49 7) (31) (46) (25) (8) (27) (5) (41) (43) (13) (26) (34) (16) 
17 (28) (35 20) (14) (5) (24) (38) (27) (42 31 25) (8) (47) (46) (32) (13) (16) (36) (50) (17 33) (45) (9) (10) (2) (41) (29) (1) (49) (26) (39) (22) (15) (3 37) (11 4) (18) (43) (48) (44) (6 21) (19) (23) (34) (12) 
18 (24) (40) (5) (20) (14) (4 50) (26) (22) (6) (29) (32) (25) (30) (44) (13) (18) (8) (42) (27 1 36 10) (45) (47) (9) (21) (3) (46) (23) (17) (7) (39 2) (12) (19) (34) (28) (37) (49) (33) (31) (11) (41) (16) (43 15) 
19 (2) (34) (16) (11) (9) (21) (37) (45 48) (30) (44) (23) (35) (20) (40) (14) (42 15) (1) (24) (6) (26) (10) (47) (36) (4 8) (38) (5) (31) (50) (49) (13) (28) (39) (33 32) (22) (29) (7) (27) (46) (25) (17) (12) 
20 (10) (9) (34) (37) (21) (14) (7 46) (22) (5) (15) (1) (49) (24) (19) (40) (26) (29) (38) (27) (48) (50) (25) (45) (33 17) (23) (6) (18) (28 16) (41) (31) (4) (13) (3) (32) (12) (20) (11) (36) (42 39) (44 35) (8) 
21 (38) (44) (16 7) (13) (41) (35) (46) (8 48) (31) (1) (25) (49) (20) (22) (17) (5) (30) (45) (26) (24 32) (34) (37) (12) (4) (2) (19) (42) (33) (21) (47) (28) (50) (14) (15 39 23) (43) (9) (3) (27) 
22 (5) (45) (4) (31) (1) (8 44) (37) (24) (17) (12) (39) (9) (14) (3) (42) (26) (40) (47 13) (25) (23) (49) (46) (27) (6) (36) (16) (29) (38) (35 33) (48) (30) (32) (18) (19) (22) (2) (11) (41) (10) (28 43) (50) (34) 
23 (30) (24) (41) (15 26) (6) (25) (36) (47 1) (32) (49) (39) (12) (48) (4) (23 8) (38) (29 43) (22) (34) (5) (46) (33) (13) (16) (3) (44) (28) (35) (2) (40) (14) (18) (45) (37) (42) (19) (31) (50) (21) (17) (20 7) (10) 
24 (28) (7) (23 34) (33) (37) (27) (42) (49) (18) (5) (14) (16 39) (8) (17) (46) (24) (44) (41) (21) (35) (36) (26) (32) (3) (47) (30) (31) (9) (11) (10 48) (15) (4) (12 1) (6) (29 50) (25) (20) (2) (45) (19) (40) (22) (38) 
25 (18) (45) (3) (2) (30) (14) (46) (39) (29) (35) (50) (28) (6) (10 36) (8) (27) (31) (23) (13) (16) (26) (1) (24) (11) (22) (5) (34) (37) (33) (44) (7) (40) (42) (43 32) (12) (9) (4 17) (38) (47) (19) (20) (15 49) 
26 (35) (17) (16) (39) (9) (25) (4) (42) (20) (5) (12) (30) (10) (22) (36 26) (18) (6) (37) (8) (34) (47) (43) (33) (31) (27 48) (45) (28) (29) (32) (13) (21) (7) (3) (11 44) (49) (38) (23) (41 2) (1) (46) (14) (24) (15) (19) 
27 (45) (33) (11 10) (34) (9 12) (14) (38) (31 50 24) (30) (46) (28) (42) (22) (37) (41) (39) (19 49) (16 6) (23) (29) (35) (15 36) (25 21) (2) (40) (1) (32 18) (13) (8) (4) (44) (26) (43) (47) (3) (27) (7) 
28 (45) (26) (14) (19) (47) (38) (3) (9) (8) (15) (41) (44) (32) (31 25) (20) (16) (7) (40) (29) (28) (21) (34) (35) (27) (6) (10) (1) (43) (37) (17) (50 22) (18) (48) (5) (33) (49) (30 46 36) (12) (39) 
29 (14) (27) (21) (37 36) (22) (35) (17 1) (25) (26) (11) (39) (30) (28) (42) (49) (19) (18) (43) (34) (31) (8) (23 29) (40) (20 48) (6) (32) (44) (15) (47) (5) (38) (33) (3) (9) (12 46) (10) (45) (16) (41) (13) (7) 
30 (21) (3 30) (41) (4) (42) (18) (34) (39) (43) (2) (1) (17) (40) (14) (45) (23) (24) (15) (46) (49) (7) (47) (28) (25) (20) (44) (6) (26) (35) (8) (13) (32) (22) (19) (36) (12) (16) (31 29) (11 38) (27) (10) 
31 (15) (3) (34) (47) (50) (2) (17) (49) (36) (12) (23) (20) (13) (18) (27) (29) (6) (48) (24) (37) (44) (11) (25) (33) (22) (45) (16) (31) (10) (1) (26) (38 21) (39) (28) (40) (5) (43 46) (9) (14) (42) (30 32) (35) (7) (8) 
32 (49) (6) (1) (38) (36) (30) (43) (20) (44) (15) (19) (37) (24) (39) (16) (8) (40) (5) (11) (42) (33) (47 31) (28) (35) (12) (14) (34) (26) (3) (13) (27) (22) (4) (50) (48) (17) (21) (23) (18) (7) (29) (32) (46) (10) 
33 (2) (46) (27) (44) (26 28) (33) (23) (24 32) (41) (22) (6) (21 25) (49) (18) (42) (35) (3 13 50) (15) (29) (38) (8) (30) (1 40) (5) (14) (10) (4) (34 43) (12) (11) (45) (17) (31) (16) (20) (48) 
34 (27) (22) (44) (40) (25) (26) (14) (11) (42) (37) (28) (31) (48) (15) (8) (33 6 20) (35) (2) (10 47 1) (7) (12) (21) (43 4) (24) (30) (18) (36) (3) (13) (16 46) (39) (17) (50) (38) (5) (29) (41) (45 9 32) 
35 (2) (11) (23) (42) (30) (29) (13) (1) (7) (35) (17) (40) (41) (16) (5) (21) (24) (4) (22) (49) (10) (3) (28) (26) (47) (50) (6 18) (19) (27) (8) (32) (34) (14 36) (48) (33) (38) (46 9) (44) (20) (43 39) (25) (31) 
36 (50 15) (3) (42) (19) (45) (18) (1) (23) (4) (36) (49) (22) (40 2) (7 41) (25) (38) (37) (20) (44) (33) (17) (21) (26) (16) (31) (32) (5 11 27) (48) (29) (30) (46) (34 24) (28) (8 10 47) (35 6) (43) (13) (14) 
37 (20) (40) (2) (33) (14) (27) (39) (45) (11) (12) (21) (13) (6) (3) (19) (5) (49) (30) (44 25) (42 31) (9) (8 17) (29) (18) (22) (36) (10) (37) (47) (15) (35) (32) (23) (38) (28) (16) (26) (7) (50) 
38 (29) (7) (24) (1) (17) (10) (28) (9) (43) (45) (5) (3 32) (30) (25) (11 46) (48) (26) (39) (34) (47) (14) (38) (41) (37) (50) (49) (13) (2) (21) (22) (23) (44) (27) (6) (20) (15) (8) (40) (36) (31) (4) (33) (35) (16) (12) 
39 (22) (47) (3) (9) (8) (26) (50) (25 10) (38) (2) (20) (23) (37) (7) (27 11 33) (14) (48) (28) (42) (46) (16) (6 24) (4) (18 30) (39) (41) (1) (13) (44 5) (31) (49) (15) (40) (19) (12 32) (34) (43) (17) (45) (29) (36) 
40 (20) (1) (2) (31) (25) (14) (35) (44) (3) (21) (8) (48) (38 42) (46) (4 28) (39) (37) (9) (5 12) (16) (18 33) (23) (41 34) (49) (32) (13) (29) (15) (6) (27) (45) (50) (40) (43) (22 36) (19) (26) 
41 (5) (40 28) (49) (8) (23) (12 18) (21) (48) (37) (27) (7 29 9) (3) (4) (38 43) (6) (2) (50) (36) (10) (44) (34) (1) (31) (19) (30) (22) (33) (39) (24) (46) (47) (32) (13) (45) (26) (35) (11) (16) (20) (25) 
42 (36) (32) (27) (26) (41) (43) (24) (37) (47) (35) (12) (11) (6) (31) (39) (49) (5) (17 44) (10) (3) (48 21) (19) (42) (34) (18) (45 22) (4) (40) (20) (7) (46) (13) (38) (33) (30) (8) (9) (28 1) (15 2) (16) (29) 
43 (47) (17) (49 8) (12) (24) (29) (5) (7) (22 27) (4) (2) (1) (10) (16) (36) (32) (19) (6 31) (46) (41 11) (15) (38) (13) (23) (48) (9) (18) (33) (35) (45) (25) (43) (39) (3) (20) (44) 
44 (3) (13) (27) (31) (39) (2) (4) (30 33) (32) (18 7) (17) (48) (43) (50) (28) (19) (26) (5) (23) (15 1) (40) (29) (6) (16) (11) (20) (45) (24) (22) (42) (14) (12) (8) (46) (34) (36) (35) (25) 
45 (19 22) (37) (10) (6) (35 21) (33) (5) (3) (12 25) (28) (38) (32) (43) (18) (11) (15) (24) (14) (46 41) (16) (49) (30) (2) (39) (31) (36) (9) (27) (42 44) (13) (7) (50) (8) (1) (34) (48) 
46 (50) (5) (20) (40) (37) (2) (17) (4) (32 39) (3) (45) (36) (23) (6) (48) (9) (14) (31) (34) (33) (1 13) (28) (16) (21) (15) (41) (8) (10) (18) (11) (30) (35 26) (43) (42) (44) (24) (49) (19) (38) (22) (27 12) (29) (47) (46) 
47 (17) (33) (46) (1) (24) (27) (21) (47) (16) (44) (28) (15) (50 49) (11) (34) (25) (45) (7) (6) (4) (8) (32) (12) (10) (36) (39) (19) (5) (38) (31) (22) (20) (42) (48) (2) (18) (30) (35) (29) (26) (43) (14) (40) (23) 
48 (36 23) (27) (7) (49) (18) (24) (6) (41) (38) (31) (50) (40) (1) (47) (44) (11 8) (3) (30) (39) (42 12) (32) (25) (34) (35) (26) (22) (17) (2) (33) (5) (16) (45) (13) (28) (20) (37) (21) (4) (29) 
49 (24) (13) (38) (15) (7) (48) (27) (8) (10) (34) (43) (1) (18) (36 9) (37 20) (4) (31) (28) (5) (21) (47) (42) (41) (45 39) (23) (3) (16) (12) (22) (14) (32) (30 26) (2) (40) (11 46) (19 35) (44) (17) (33) (49) (29) 
50 (34 39) (1) (28) (33) (20) (37) (49) (41) (27) (22) (32) (13) (46) (4) (48) (30) (11) (26) (42) (35) (18) (24) (29) (38) (17) (14) (3) (40) (36) (9) (21) (15) (19) (16) (45) (2) (6 44) (31) (5 7) (43) (12) (10) (8) (50) 
1 (9) (32) (24) (28) (1) (36) (40) (2) (21) (26) (6) (46) (25) (42) (30) (31) (35) (38) (33) (39) (5) (43) (20) (7) (34) (13) (11) (47) (22) (49) (3) (29) (23) (8) (19) (4) (44) (50) (10) (17) (41) (18) (15) (48) (27 45) (14) 
2 (31) (47) (1) (40) (24) (48) (27) (36) (33) (50) (34) (35) (45) (7) (14) (42) (10) (26) (5) (21) (39) (49) (37) (41) (19) (25) (23) (4) (46) (43) (44) (2) (38) (8) (17) (6) (11) (15) (3) (9) (13) (12) (30) (18) (22) 
3 (18) (43) (44) (12) (27) (28) (1) (9) (42) (8) (14) (40) (41) (32) (21) (36) (29) (20) (31) (46) (48) (7) (24) (45) (17) (35) (22) (5) (49) (50) (23) (15) (37) (26) (2) (34) (39) (13) (11) (16) (38) (33) (3) (25) (30) 
4 (26) (10) (9) (43) (34) (14) (32) (35) (20) (6) (44) (41) (30) (21) (33) (15) (11) (12) (8) (40) (42) (19) (49) (27) (1) (38) (39) (13) (18) (46) (36) (17) (24) (50) (48) (3) (16) (25) (2) (22) (4) (47) (7) (23) 
5 (44) (7) (32) (38) (21) (25) (10) (8) (11) (19) (47) (48) (45) (39) (13) (18) (17) (22) (34) (23) (14) (24) (2) (33) (37) (50) (46) (41) (49) (15) (4) (35) (3) (36) (42) (20) (29) (31) (40) (43) (26) (5) (16) (28) 
6 (28) (41) (19) (33) (26) (27) (16) (14) (9) (6) (42) (38) (11) (39) (22) (18) (50) (43) (24) (4) (20) (44) (10) (23) (13) (1) (36) (40) (12) (48) (5) (34) (45) (31) (46) (37) (15) (29) (3) (8) (47) (2) (30) (32) (17) (25 35) 
7 (41) (27) (5) (29) (2) (11) (45) (49) (4) (47) (24) (28) (37) (48) (36) (30) (6) (25) (16) (18) (23) (35) (9) (20) (42) (13) (26) (14) (43) (50) (15) (12) (19) (38) (44) (39) (10) (32) (3) (21) (31) (8) (1) (7) (34) 
8 (35) (23) (47) (6) (9) (46) (2) (5) (43) (34) (39) (11) (12) (20) (7) (1) (41) (30) (8) (37) (48) (15) (25) (31) (49) (19) (21) (24) (29) (10) (38) (17) (14) (22) (18) (45) (32) (13) (28) (4) (16) (26) (36) (33) (44) (27) (3) (50) (40 42) 
9 (24) (10) (50) (9) (19) (37) (22) (27) (46) (29) (7) (39) (25) (16) (49) (35) (5) (3) (8) (43) (1) (42) (34) (45) (13) (14) (6) (15) (18) (11) (26) (20) (41) (28) (21) (38) (40) (31) (17) (4) (12) 
10 (46) (37) (42) (35) (22) (3) (31) (36) (2) (38) (45) (14) (17) (11) (18) (41) (49) (33) (25) (26) (43) (4) (16) (32) (23) (13) (1) (24) (9) (30) (29) (19) (20) (50) (10) (12) (28) (47) (39) (7) (27) (15) (34) 
11 (38) (1) (20) (6) (7) (19) (42) (46) (43) (29) (45) (31) (13) (9) (32) (5) (37) (33) (34) (3) (4) (41) (44) (50) (15) (35) (48) (18) (36) (2) (25) (10) (39) (8) (30) (26) (24) (49) (16) (22) (11) (47) (17) (27) 
12 (29) (42) (20) (32) (4) (7) (17) (47) (28) (38) (2) (9) (21) (44) (37) (3) (49) (50) (6) (22) (25) (34) (23) (41) (19) (13) (12) (45) (15) (8) (18) (40) (33) (31) (26) (27) (30) (10) (46) (39) (1) (16) (48) (24) (11) (43) 
13 (11) (15) (7) (42) (1) (43) (39) (10) (6) (21) (14) (44) (27) (2) (20) (48) (9) (29) (16) (30) (18) (35) (5) (19) (38) (36) (40) (49) (46) (13) (17) (26) (50) (8) (22) (33) (34) (45) (23) (25) (4) (41) (3) (37) (32) (31) 
14 (38) (14) (24) (50) (28) (13) (30) (25) (22) (34) (26) (4) (47) (1) (18) (2) (31) (46) (49) (10) (6) (3) (32) (35) (36) (17) (33) (12) (8) (20) (39) (5) (19) (15) (45) (11) (44) (27) (16) (40) (7) (23) (21) (37) (29) 
15 (36) (33) (25) (50) (30) (13) (34) (24) (37) (17) (15) (2) (11) (20) (19) (38) (1) (39) (21) (47) (23) (6) (32) (5) (3) (49) (42) (43) (14) (29) (28) (46) (27) (26) (31) (45) (7) (40) (10) (12) (18) (8) (16) (44) (9) 
16 (27) (10) (48) (15) (18) (41) (3) (13) (9) (5) (19) (11) (32) (7) (24) (42) (8) (34) (39) (20) (17) (16) (37) (21) (22) (36) (31) (29) (25) (6) (26) (2) (35) (46) (1) (38) (50) (23) (28) (40) (45) (33) (43) (47) (44) (30) (49) 
17 (48) (49) (5) (18) (8) (38) (13) (15) (14) (30) (32) (44) (24) (34) (50) (33) (25) (17) (19) (22) (20) (36) (39) (43) (35) (31) (6) (29) (9) (10) (2) (46) (28) (23) (21) (37) (11) (42) (47) (7) (12) (26) (3) (1) 
18 (49) (2) (23) (32) (31) (6) (13) (29) (40) (20) (10) (11) (25) (17) (26) (12) (30) (48) (15) (8) (35) (16) (18) (3) (27) (5) (39) (41) (45) (46) (34) (28) (4) (33) (36) (44) (22) (9) (37) (50) (47) (43) (1) (42) (24) 
19 (10) (45) (41) (22) (23) (30) (20) (4) (46) (25) (49) (17) (26) (32) (35) (43) (6) (29) (47) (28) (7) (5) (15) (9) (39) (21) (18) (44) (11) (36) (24) (3) (2) (13) (50) (12) (1) (27) (37) (42) (14) (40) 
20 (18) (8) (12) (24) (7) (46) (43) (37) (44) (23) (35) (26) (5) (14) (41) (36) (4) (15) (3) (50) (39) (19) (42) (11) (38) (21) (49) (29) (30) (6) (33) (34) (32) (28) (20) (13) (31) (40) (17) (16) (48) (1) (9) (25) (47) 
21 (38) (20) (32) (30) (45) (50) (26) (41) (9) (12) (42) (35) (47) (46) (14) (2) (40) (37) (28) (24) (16) (49) (3) (4) (27) (48) (11) (18) (6) (8) (10) (21) (33) (34) (31) (29) (1) (19) (17) (23) (15) (7) (5) (36) 
22 (13) (42) (30) (15) (27) (14) (24) (28) (33) (17) (50) (12) (45) (4) (6) (5) (26) (49) (39) (34) (48) (23) (2) (10) (3) (44) (20) (16) (36) (21) (29) (38) (40) (46) (35) (8) (9) (47) (43) (32) (19) (11) (25) (41) (7) (31) (18) (22) (1) (37) 
23 (48) (23) (25) (10) (44) (22) (35) (7) (29) (9) (43) (20) (4) (40) (47) (37) (32) (21) (30) (49) (33) (31) (19) (36) (14) (17) (38) (1) (3) (8) (27) (6) (15) (24) (26) (11) (46) (39) (2) (12) (18) (41) 
24 (44) (50) (33) (16) (15) (2) (11) (46) (30) (1) (38) (14) (25) (26) (31) (18) (20) (45) (13) (36) (27) (17) (12) (19) (32) (48) (3) (9) (22) (35) (23) (34) (7) (21) (49) (39) (43) (8) (4) (24) (47) (41) (42) (5) 
25 (8) (15) (23) (48) (5) (17) (35) (39) (43) (7) (2) (34) (4) (13) (28) (31) (29) (45) (11) (36) (16) (14) (33) (19) (1) (10) (20) (40) (41) (47) (12) (3) (37) (27) (18) (30) (21) (44) (38) (6) (22) (26) (24) 
26 (41) (26) (1) (8) (11) (9) (13) (19) (39) (10) (30) (27) (48) (18) (7) (47) (49) (46) (37) (42) (6) (35) (5) (21) (22) (44) (17) (33) (29) (14) (50) (38) (34) (24) (40) (31) (20) (4) (28) (32) (36) (23) (16) (25) (3) 
27 (48) (26) (49) (1) (30) (6) (39) (38) (8) (50) (7) (47) (37) (3) (45) (15) (2) (10) (33) (20) (16) (9) (13) (27) (29) (25) (4) (31) (44) (11) (14) (42) (22) (43) (34) (32) (35) (46) (28) (41) (24) (21) (17) (5) (40) (12) (36) (19) (18) 
28 (8) (19) (30) (26) (18) (48) (32) (5) (35) (9) (49) (2) (29) (50) (31) (40) (6) (37) (12) (44) (38) (46) (47) (23) (41) (14) (42) (33) (13) (34) (39) (21) (28) (16) (1) (36) (22) (15) (4) (27) (25) (45) (24) (20) (10) (7) (17) (11) 
29 (12) (11) (49) (25) (41) (38) (39) (13) (46) (9) (37) (6) (50) (14) (43) (7) (26) (33) (18) (15) (19) (22) (44) (17) (3) (28) (42) (32) (5) (40) (30) (10) (31) (48) (8) (1) (27) (34) (35) (2) (29) (36) (24) (20) (47) (4) (23) 
30 (37) (2) (10) (7) (34) (33) (18) (9) (30) (41) (22) (21) (48) (26) (11) (25) (12) (23) (4) (32) (28) (27) (29) (24) (14) (49) (45) (3) (50) (13) (15) (6) (39) (47) (31) (35) (38) (8) (19) (46) (16) (44) (1) (36) (5) (42) 
31 (34) (30) (10) (9) (5) (11) (49) (1) (3) (19) (40) (28) (31) (13) (46) (8) (36) (48) (15) (42) (45) (32) (12) (47) (27) (37) (33) (20) (24) (43) (6) (38) (29) (14) (23) (26) (17) (50) (25) (2) (39) (22) (21) (41) (16) (35) (18) (7) (4) (44) 
32 (6) (17) (19) (5) (29) (1) (33) (24) (21) (46) (11) (48) (37) (40) (9) (26) (28) (31) (15) (39) (50) (47) (41) (23) (38) (7) (13) (27) (10) (36) (35) (22) (42) (25) (18) (16) (20) (49) (43) (44) (12) (14) (45) (32) (2) (30) (34) (3) 
33 (16) (50) (3) (11) (19) (31) (45) (32) (10) (46) (44) (49) (2) (41) (7) (17) (8) (24) (40) (47) (22) (5) (48) (21) (4) (35) (23) (27) (34) (39) (14) (38) (29) (12) (15) (33) (13) (25) (36) (42) (26) (20) (18) (43) (6) (37) (28) (1) 
34 (22) (42) (1) (31) (28) (18) (7) (40) (27) (38) (11) (23) (50) (47) (6) (33) (36) (10) (30) (3) (39) (8) (29) (48) (4) (5) (14) (49) (15) (12) (41) (46) (24) (9) (26) (25) (2) (16) (17) (35) (45) (20) (21) (32) (19) (44) 
35 (30) (7) (48) (27) (11) (49) (4) (37) (29) (6) (25) (9) (5) (1) (36) (41) (26) (12) (38) (21) (15) (46) (17) (13) (19) (50) (3) (42) (14) (16) (22) (23) (32) (28) (35) (10) (31) (45) (47) (33) (34) (44) (40) (43) (24) (20) (8) (2) 
36 (36) (28) (26) (43) (12) (42) (49) (7) (31) (37) (23) (34) (20) (46) (45) (15) (2) (25) (5) (3) (44) (14) (4) (50) (47) (1) (8) (38) (17) (29) (18) (32) (39) (11) (6) (22) (19) (9) (48) (40) (30) (24) (41) (10) (35) (27) 
37 (26) (15) (24) (20) (45) (31) (36) (41) (42) (40) (2) (3) (25) (50) (32) (11) (8) (13) (48) (49) (10) (23) (1) (21) (17) (12) (37) (39) (29) (27) (28) (9) (16) (6) (38) (14) (7) (19) (46) (4) (18) (34) (22) 
38 (19) (23) (47) (35) (46) (36) (41) (15) (31) (4) (34) (43) (25) (32) (28) (49) (45) (27) (10) (20) (9) (37) (7) (22) (21) (16) (39) (24) (48) (14) (3) (6) (1) (42) (40) (8) (11) (50) (17) (12) (5) (29) (2) (33) (30) (38) (26) 
39 (4) (28) (48) (24) (9) (17) (29) (32) (40) (43) (38) (11) (39) (14) (47) (1) (16) (44) (45) (15) (49) (20) (8) (46) (2) (26) (6) (5) (30) (19) (35) (13) (41) (34) (3) (27) (42) (7) (21) (31) (25) (22) (18) (23) (50) (10) (37) 
40 (3) (9) (40) (24) (34) (2) (14) (19) (33) (5) (4) (23) (18) (27) (31) (42) (10) (16) (38) (28) (47) (7) (13) (11) (49) (46) (15) (12) (20) (6) (36) (44) (32) (41) (29) (22) (8) (35) (48) (37) (50) (39) (30) (25) 
41 (50) (24) (42) (46) (22) (14) (27) (7) (20) (21) (3) (48) (16) (8) (15) (39) (5) (12) (43) (30) (26) (2) (17) (35) (9) (49) (1) (4) (18) (6) (11) (29) (23) (40) (33) (34) (38) (13) (36) (45) (28) (10) 
42 (11) (25) (15) (5) (3) (29) (42) (17) (40) (22) (26) (24) (6) (30) (35) (37) (33) (13) (16) (23) (50) (36) (20) (27) (34) (7) (39) (14) (18) (8) (31) (10) (1) (19) (2) (46) (32) (44) (48) (49) (45) (47) (21) (12) 
43 (3) (22) (49) (35) (47) (6) (43) (32) (17) (31) (4) (25) (39) (50) (40) (36) (45) (14) (42) (33) (30) (2) (8) (27) (26) (5) (15) (1) (11) (9) (34) (16) (41) (44) (21) (28) (29) (13) (12) (46) (23) (18) (38) 
44 (39) (33) (4) (14) (2) (50) (24) (45) (41) (17) (16) (3) (23) (11) (42) (19) (18) (20) (25) (28) (13) (7) (21) (26) (10) (35) (29) (31) (8) (40) (48) (30) (12) (37) (36) (6) (32) (43) (22) (47) (38) (34) (49) (27) (46) (9) (5) 
45 (31) (49) (11) (19) (43) (47) (23) (17) (14) (8) (42) (39) (15) (33) (40) (41) (48) (3) (29) (7) (21) (38) (18) (24) (34) (26) (46) (36) (4) (20) (9) (6) (12) (37) (22) (25) (13) (44) (28) (27) (16) (30) (50) 
46 (6) (36) (35) (42) (50) (46) (3) (1) (8) (41) (18) (33) (17) (47) (24) (30) (43) (44) (32) (11) (5) (27) (23) (34) (25) (14) (7) (28) (40) (29) (19) (45) (31) (49) (12) (26) (20) (39) (21) (22) (9) (13) (15) (16) (4) (38) 
47 (43) (5) (12) (10) (11) (27) (6) (41) (14) (9) (4) (39) (24) (36) (1) (29) (49) (13) (2) (31) (22) (18) (38) (15) (25) (26) (46) (35) (30) (17) (48) (16) (34) (7) (37) (42) (23) (47) (21) (32) (28) (19) 
48 (13) (6) (36) (31) (47) (33) (12) (14) (40) (4) (38) (44) (16) (45) (32) (43) (46) (39) (17) (15) (26) (9) (8) (3) (50) (2) (28) (19) (29) (24) (41) (11) (23) (10) (20) (35) (34) (1) (49) (7) (22) (21) (42) 
49 (36) (14) (9) (35) (24) (46) (38) (12) (22) (31) (41) (8) (32) (3) (33) (1) (45) (27) (40) (13) (42) (39) (18) (21) (47) (43) (26) (48) (23) (11) (37) (20) (10) (17) (19) (30) (15) (50) (29) (49) (25) (28) (16) 
50 (34) (20) (16) (17) (11) (3) (36) (9) (10) (39) (41) (28) (32) (24) (48) (18) (19) (35) (6) (23) (38) (14) (25) (5) (15) (44) (22) (47) (33) (4) (46) (31) (2) (40) (45) (13) (27) (37) (21) (1) (50) 
