0
50
50
1 (34) (35) (28 49) (2 13) (31) (17) (19) (6) (23) (20 36 43) (10) (46) (25) (4) (47) (11) (29) (33) (3) (8) (45 5) (18) (41 48) (22 21) (7) 
2 (19) (8) (43) (34) (36) (29 23 33 47) (37) (17) (32) (30 18) (21) (1 26) (20) (46) (27) (5 13) (2) (16) (24) (9) (22 6) 
3 (44 18) (39) (37) (11) (40) (13) (15) (48) (30 7) (6) (14) (34) (25) (10 22 41 31) (28) (50 32) 
4 (44) (27) (20) (28) (13 18) (2 4) (29 48) (11) (43) (33) (40) (39) (35) (23) (34) (26) (12) (42) (47) (32) (14) (17 10) 
5 (49 44) (4 24 43) (39) (31) (32) (36) (28) (27) (35) (15 10) (22) (30) (33) (17) (46 2) (8) (21) (42) (48) (11) (45) (41 3) (18) (25) (50) (16) 
6 (29) (36) (34) (27 39) (35) (23) (37) (48 42) (45) (38) (33) (15) (26) (19 9) (14) (22) (46) (40) (28 18) (24) (2) (25 31) (6) (5) 
7 (11) (18) (4) (26) (34 49) (22) (28) (41) (44) (17) (33) (12) (24) (9) (2) (31) (13) (1) (40) (10) (29) (32) (20) (45) (16) (38) (25) (3) (15) (48) (23) (42) 
8 (49 7) (35 19 40 5 47) (33) (1) (27) (24) (50) (13) (2) (48) (28) (26) (18) (44) (34) (15) (39) (32) (4) (3) (37) 
9 (41) (28 7) (18) (31) (32) (29) (2) (27 39) (46) (38 19) (48) (17) (20) (9) (8) (5) (23) (36 14) (16 11) (21 3) (4) (10) (40) (49 22) (37) (34) (12) (6) (1) (33) 
10 (16) (38) (17) (11) (39) (13) (26) (3) (31 30) (29) (4) (44) (6) (33 46) (8) (5) (18) (28 45) (12) (37) (43) (14) (1) (40) (32) 
11 (35 8) (47) (40) (10) (28) (29) (20) (9) (48) (37 18) (13) (25 31) (3) (15 26) (41) (4) (24 17) (43) (50) (19) (11) (45) (34 6) (46) (44) (30) (27) 
12 (7) (8) (18 23) (21 12 5) (34) (35) (46) (24 3) (6) (50 36) (31) (20 4) (26) (29) (10) (45) (43) 
13 (42) (5) (37) (45) (47) (21) (48) (11) (40) (25 36) (33) (28) (13) (41) (4) (34) (12) (32) (22) (46) (8) (27) (18) (50) (7 20) (39) (17) (16) (43) 
14 (37) (40 32) (26) (11) (20) (7 28) (47) (19) (17) (39) (49) (9) (24) (41) (16) (2) (44 15 18) (25) (23) (42) (38) (12 4) 
15 (35) (18) (5) (36) (12 50) (24) (32) (39) (42) (10) (25 6) (41) (48) (22) (16) (47 3) (27 49) (19) (31) (4) (40) (23) (2) 
16 (20) (28 43) (41) (5) (37) (24) (12) (9) (49) (13) (18 36) (11) (32) (19) (33) (27 23 29) 
17 (7) (33) (3 21 34 13 5 26 9) (17) (39) (27 50) (10 1) (2 12) (15) (35) (24) (49) (18) (32) (42) (48 41) (8) 
18 (48) (1) (31) (39 42 50) (17) (44 45) (38) (15) (2) (36) (9) (19) (4) (18) (28) (40) (20) (29 37) (41) (7) (47) (16) (24) (22) (10) (32) (21) (49 3) 
19 (7) (16 30) (50) (47) (18 35 49 1 29) (31) (38 6) (44) (14 24) (45) (2 25) (33) (28) (48) (36) (23) (32) (21) (4) 
20 (19 27) (11) (50) (32) (49) (29) (46) (25) (39 14) (6) (40) (45) (1) (4) (23) (8) (7) (13) (9) (10) (47) (5) (38) (35) (28) (42) (31) (36) (26) (33) (3) 
21 (24) (35) (2) (14) (37) (15 18) (11 1) (10) (34) (26) (49) (29) (32 3) (38) (4) (9) (27) (17) (31 5) (6) (46) (7) (20 22) (41 50 42) 
22 (36) (16 15) (24 34) (43 26 44) (19) (28) (29) (10) (3 2 12 11 32) (40) (38) (1) (4) (39) (35) (8) (41) (31) (9) (21) (23) (47) (42) (50) (5 48) (17 37 13) (20 45) 
23 (28) (21) (23) (47) (19) (36) (7) (50 24) (4) (17) (34) (20) (3) (46) (26 35) (30) (48 9) (43 32) 
24 (16) (36) (31) (44 22) (30 42) (10) (11 18) (2) (5) (46) (43 47) (45) (50) (8 24) (23 14) (32) (4) (41) (19) (27) (12) (13) (9) 
25 (7 19) (42) (35) (31) (5) (9) (20 32) (3) (8) (27) (21 18) (13) (40 25) (12) (16 33) (37) (39) (34) (1) (28 2) (50 29 45) (22) (6) (43) 
26 (50 28 8 37) (32) (26) (39) (33 43) (20) (38) (11) (19 30) (22) (42 6) (23) (3) (29) (15 36) (27) (1) (31 18) 
27 (20) (24) (37) (7) (21) (34) (8 6) (33) (12) (4 27) (3 25) (1) (22 45) (32) (26 30) (43) (18) (44) (47) (50 42 13) (10) (17) (2) (41) (29) (40) 
28 (31) (39) (40 30) (16) (14) (21) (50) (9) (33) (37 36) (48 18) (2) (41) (25) (22) (15 42) (32) (34 47) (1) (23) (11) (35) (19) (38) 
29 (40) (27) (34) (44 41) (47) (25) (45) (31) (35) (50) (10) (29) (4) (6) (23 26) (36) (28) (19) (16) (39) (1) (3) (42) (48) (20) (11) (32) 
30 (5) (28) (46) (22) (29) (31) (14) (19) (35) (32) (3) (13) (21) (25) (39) (45) (17) (2 27) (7) (48) (18) (26) (34) 
31 (49) (12) (29 2) (33) (5) (31) (15) (43) (9) (45 35) (46) (19) (36 23 42) (25) (24 27 40) (20 10) (21 44 17) (22) (1 48 11) (3) (8) 
32 (24) (25 10) (8) (22) (44) (3) (40) (11) (33) (41) (36) (15) (23) (13) (45) (6) (29) (18) (49) (5) (9) (46) (43) (35) (47) (17) (14) (34) 
33 (41) (2) (11) (38) (44) (43) (12) (24) (47 40 19) (29) (33) (15) (5) (21) (13) (45) (16) (1) (10 35) (37) (39) (26) (30) (23) (22) 
34 (43) (19) (33) (35) (17) (4 39 13) (10 38 46 29) (47) (44 5) (14) (40) (25 34 30) (45 11) (36) (37) (7 32) (20) (9) 
35 (26) (3) (29) (32) (24) (20) (43) (19 40) (48) (18) (39) (2) (47) (16) (49) (15) (33) (21) (44) (17 14) (22) (13) (6) (45) (35 11) (9) (5) (25) (34) 
36 (16 28) (36 46) (18) (32) (39) (2) (20) (29) (49 6) (48) (17) (10) (12) (8) (15) (1) (4) (40) (50) (22) (41) (25) (19) (45) (34 31) (5 42) 
37 (8) (44) (2) (23) (37) (25) (42) (33) (28) (22) (45) (31) (1) (46 38) (43) (3) (4) (48) (21 15) (13) (11) (41) (14) (39) (50) (10) (30) (26) (7) (24) (29) 
38 (16) (41) (8 38 21) (32) (13) (4) (50 26) (20) (18) (44 7) (12) (35 15) (40) (6) (43) (42 19 49) (31) (29) (48) (25) (39) 
39 (35) (40) (16) (20 2) (13) (3) (42 4) (6 22) (25) (46) (19 47 50) (11) (31) (34) (24) (5) (45) (49) (14) (10) (44) (9) (18) 
40 (28) (37) (18 48 21) (40) (35) (17) (39) (36) (42) (20) (10) (14) (9) (16 45) (31) (25) (19) (5) (38) (47) (32) (15) (46) (41) (23) (29 50) (22) (6) (33) 
41 (11 17 46 27) (21) (42) (24) (25) (38) (2) (32) (18) (7) (45 13 22) (3) (9 47) (26) (36 8) (15) (28 44) (43 49) (12) (35) (20) 
42 (12) (32 5) (20) (29 22) (30) (14) (41 1) (28) (17) (27) (21) (19) (39) (10) (2 35) (8) (38 44) (33) (37) (31) (4) (46) (25) (34) (48) (6) (50) (3) 
43 (44) (18) (25) (23) (14) (47 43) (17) (28) (21 33 38) (11) (41 39) (12) (16) (42) (3 37) (27) (24) (26) (50) (35) (30) (34) (20 46) (10) 
44 (13) (43) (39) (40) (10) (15) (7) (18) (5) (22) (28) (16) (2) (26) (25) (19) (12) (35) (44 17) (11 50) (8 32) (30) (14) (46) (23 48 29) (38 49) (34) 
45 (6) (37) (20) (4) (23) (10) (43 38) (50) (15) (8) (17) (29 25) (49) (21) (9 45 34) (2) (27 3) (36 11) (31) (46) (7 18) 
46 (9) (12) (1) (39 20) (23) (30) (5) (19) (10 32) (29) (22) (25) (13) (40 33) (6 31 14) (45) (34) (35 36) (18) (43) (4) (42) (37 15) 
47 (20 6) (48 21) (34) (14) (26) (5) (3 13) (23 17 37) (22) (38) (45) (11) (39) (2) (35) (30) (27 28) (40) (19) (1) (43) (36) (50) (15) (25) (10) (18) (9) 
48 (39) (23 10 8) (22) (12) (1) (24) (40) (43) (28 25) (16) (47) (11) (2) (14) (30 7 18) (48) (42) (44) (21) (36) (46) (9) (13) (50) 
49 (22) (1) (32) (34) (7) (9) (33) (14) (3) (2) (24 10) (16 25) (39) (15) (48) (13 35 11) (46) (36) (29) (47) (30) (31) (18) (23) (45) (38) (12) 
50 (30) (23) (43 33) (8) (31 3) (1) (21) (5 20) (37) (18) (26) (25) (42) (34) (9) (35) (48) (15) (12) (17) (28) (40) (44) (2) (19) 
1 (8) (2) (46) (10) (42) (28) (50) (22) (9) (20) (36) (26) (7) (29) (48) (47) (19) (49) (31) (21) (18) (37) (17) (33) (25) (27) 
2 (44) (18) (47) (19) (15) (33) (41) (39) (30) (27) (2) (8) (5) (22) (35) (45) (42) (21) (50) (6) (28) (7) (4) (24) (25) (37) (1) (14) (36) (31 49) (17 9) (48) 
3 (29) (9) (8) (41) (45) (47) (31) (27) (7) (35) (10) (15) (49) (21) (50) (22) (25) (18) (30) (42) (12) (37) (20) (39) (32) (23) (1) (11) (5) (17) (43) (26) 
4 (14) (38) (4) (46) (27) (23) (19) (12) (11) (42) (21) (9) (29) (39) (8) (34) (37) (13) (24) (45) (20) (5) (7) (18) (1) (36) (22) (10) (15) 
5 (36) (34) (22) (6) (30) (15) (20) (12) (8) (13) (21) (9) (42) (39) (16) (35) (31) (44) (25) (40) (32) (33) (50) (24) (2) (17) (46) (47) (10) (1) 
6 (47) (3) (39) (11) (26) (45) (46) (32) (15) (36) (10) (9) (25) (42) (12) (19) (21) (35) (27) (20) (2) (29) (40) (38) (6) (1) 
7 (41) (12) (13) (27) (48) (19) (18) (1) (3) (8) (17) (9) (30) (14) (23) (49) (38) (21) (34) (44) (37) (45) (20) (25) 
8 (31) (48) (36) (32) (24) (38) (37) (5) (45) (10) (26) (1) (22) (41) (2) (27) (17) (50) (9) (12) (42) (44) (11) (20) (13) (25) 
9 (22) (35) (50) (39) (11) (40) (14) (45) (31) (47) (41) (21) (9) (18) (24) (32) (23) (48) (49) (34) (25) (20) (2) (7) (46) (6) (28) (16) (17) 
10 (39) (34) (15) (42) (4) (9) (3) (5) (47) (18) (46) (45) (12) (29) (22) (7) (17) (1) (11) (24) (44) (20) (36) (21) (40) (49) (48) (27) (37) (43) (33) (32 31) 
11 (13) (41) (7) (28) (37) (49) (4) (9) (29) (48) (33) (22) (31) (5) (43) (35) (3) (14) (26) (32) (16) (24) (39) (34) (20) (21) (44) (10) (1) (11) (45) (47) 
12 (38) (17) (24) (36) (44) (7) (14) (13) (31) (12) (43) (10) (46) (50) (49) (33) (15) (25) (9) (42) (16) (27) (22) (48) (4) (41) 
13 (41) (25) (37) (16) (20) (47) (35) (46) (49) (10) (27) (1) (32) (33) (24) (30) (11) (13) (38) (22) (7) (44) (39) (3) (8) (17) (4) (34) (48) (2) 
14 (6) (24) (19) (46) (43) (35) (39) (4) (30) (32) (47) (9) (40) (49) (20) (28) (42) (21) (37) (48) (44) (3) (10) (34) 
15 (36) (49) (45) (37) (26) (3) (17) (7) (50) (40) (32) (14) (31) (8) (18) (21) (33) (44) (11) (6) (5) (41) (38) (28) (35) (46) (22) (47) 
16 (38) (14) (28) (19) (25) (43) (10) (9) (40) (22) (15) (49) (36) (39) (24) (5) (18) (7) (33) (35) (2) (48) (13) (29) (44) 
17 (34) (44) (30) (9) (36) (41) (13) (11) (45) (35) (40) (14) (42) (5) (23) (18) (47) (2) (27) (7) (21) (31) (22) (4) (1) (43) (10) (32) (50) (17) 
18 (38) (47) (24) (2) (13) (11) (30) (21) (28) (10) (27) (43) (8) (18) (15) (7) (35) (12) (44) (19) (6) (9) (48) (36) (16) (49) (1) (45) (25) (5) (26) (40) (17) (32) (46 50) (3) (4) (41) (39 14) 
19 (23) (1) (39) (31) (46) (38) (35) (36) (24) (34) (28) (25) (50) (42) (16) (14) (8) (30) (6) (2) (11) (47) (33) (26) (22) (9) (40) (29) (18) (44) (20) (15) 
20 (35) (36) (31) (22) (21) (25) (18) (27) (50) (38) (9) (29) (13) (40) (46) (42) (2) (39) (41) (23) (47) (11) (1) (14) (43) (4) (16) (12) (34) (26) (45) (7) 
21 (23) (40) (13) (25) (28) (47) (41) (35) (17) (33) (31) (27) (5) (1) (2) (45) (43) (38) (42) (12) (48) (30) (22) (9) (50) (18) (19) (37) 
22 (26) (44) (37) (5) (9) (18) (6) (47) (24) (15) (32) (42) (1) (21) (3) (31) (13) (35) (49) (7) (33) (25) (27) (30) (39) (28) (41) (36) (40) (48) (2) (46) 
23 (44) (40) (29) (6) (47) (37) (26) (12) (43) (14) (28) (7) (16) (1) (45) (22) (33) (31) (23) (2) (48) (24) (49) (46) (50) (4) (19) (32) (9) (20) (15) 
24 (23) (41) (19) (18) (16) (43) (37) (32) (2) (6) (7) (49) (5) (21) (14) (31) (15) (24) (48) (33) (22) (11) (8) (17) (35) (12) (39) (27) 
25 (19) (41) (46) (32) (3) (11) (37) (6) (29) (30) (36) (34) (20) (50) (13) (47) (40) (31) (35) (45) (39) (42) (7) (43) (38) (48) (25) (27) (1) (44) (28) (5) (15) (14) (49) 
26 (50) (4) (17) (11) (27) (8) (2) (37) (35) (22) (47) (41) (29) (12) (21) (33) (38) (10) (23) (30) (14) (20) (44) (26) (7) (6) (43) 
27 (26) (15) (16) (30) (9) (5) (45) (20) (47) (43) (29) (21) (24) (8) (2) (42) (31) (11) (17) (13) (25) (4) (6) (27) (41) 
28 (6) (44) (23) (8) (4) (14) (10) (25) (43) (41) (18) (13) (48) (36) (9) (40) (47) (5) (3) (50) (30) (7) (1) (20) (11) (26) (19) (22) (42) (29) (37) (16) 
29 (4) (42) (35) (1) (26) (38) (36) (20) (44) (25) (2) (29) (11) (40) (49) (45) (27) (22) (34) (21) (32) (6) (16) (46) (30) (18) (19) (33) (7) (31) (37) (10) (9) (12) 
30 (11) (44) (28) (46) (42) (48) (50) (47) (2) (26) (49) (34) (19) (5) (23) (24) (43) (33) (10) (3) (27) (37) 
31 (28) (19) (30) (7) (18) (49) (45) (24) (9) (11) (5) (21) (50) (39) (40) (25) (15) (26) (46) (22) (36) (1) (10) (29) (37) (42) (12) (3) (31) (38) (20) (6) 
32 (23) (9) (38) (26) (5) (15) (46) (21) (40) (3) (22) (14) (25) (20) (17) (8) (4) (30) (42) (19) (29) (36) (16) (27) (24) (49) (44) (13) (41) (18) (34) (2) (35) (28) (7) (10) 
33 (9) (8) (6) (4) (27) (32) (5) (26) (13) (43) (1) (25) (7) (35) (46) (19) (42) (34) (31) (37) (33) (16) (28) (49) (2) (17) (20) (50) (40) (10) 
34 (32) (27) (36) (29) (50) (47) (11) (1) (44) (17) (6) (12) (9) (43) (25) (34) (35) (42) (22) (45) (3) (49) (28) (39) (30) (23) (7) (46) (13) (21) (8) (2) (4) 
35 (32) (35) (20) (15) (50) (28) (5) (42) (31) (12) (1) (23) (39) (49) (22) (29) (33) (44) (47) (30) (46) (17) (41) (4) (8) (40) (25) (11) (21) (34) (43) (6) (38) (19) 
36 (6) (2) (32) (40) (16) (49) (31) (48) (45) (36) (18) (13) (47) (29) (23) (46) (41) (28) (9) (12) (22) (1) (26) (19) (24) (34) (5) (15) (20) 
37 (50) (28) (9) (3) (27) (2) (45) (18) (33) (37) (25) (42) (13) (21) (22) (6) (11) (46) (8) (47) (40) (10) (16) (34) (26) (14) (43) 
38 (18) (42) (7) (26) (34) (20) (6) (22) (19) (28) (43) (14) (49) (38) (21) (40) (10) (37) (44) (45) (47) (9) (33) (41) 
39 (36) (43) (10) (47) (9) (17) (8) (20) (14) (25) (34) (13) (6) (35) (5) (40) (48) (18) (44) (28) (37) (22) (29) (15) (3) (4) (42) (38) (26) (49) (30) (46) (33) 
40 (25) (39) (13) (36) (20) (8) (6) (4) (38) (14) (40) (47) (28) (32) (48) (10) (9) (29) (11) (46) (31) (44) (3) (50) (7) (27) (35) (22) (34) (15) (18) (33) 
41 (22) (33) (21) (3) (1) (5) (32) (11) (37) (17) (24) (16) (7) (40) (15) (14) (28) (29) (9) (42) (43) (36) (27) (38) (13) (18) 
42 (40) (43) (20) (36) (31) (5) (38) (50) (39) (18) (22) (37) (7) (15) (46) (24) (28) (14) (13) (6) (41) (27) (48) (21) (26) (25) (4) (29) (17) 
43 (32) (48) (26) (13) (1) (25) (2) (12) (22) (11) (46) (34) (45) (47) (35) (37) (41) (23) (43) (33) (24) (10) (50) (27) (16) (4) (44) (5) (38) (31) 
44 (43) (38) (37) (18) (8) (48) (39) (24) (33) (41) (44) (3) (34) (32) (11) (50) (27) (19) (14) (31) (42) (7) (35) (22) (29) (4) (10) (5) 
45 (1) (40) (47) (30) (25) (39) (41) (22) (18) (19) (12) (35) (7) (6) (45) (10) (11) (27) (36) (37) (49) (29) (13) (34) (46) (31) (32) (24) (20) (5) (33) 
46 (48) (12) (23) (21) (44) (13) (34) (10) (2) (30) (5) (45) (11) (42) (43) (20) (36) (49) (9) (31) (24) (39) (37) (6) (1) (32) (41) (40) 
47 (41) (19) (24) (34) (11) (1) (20) (40) (22) (33) (43) (29) (2) (13) (8) (27) (15) (28) (14) (35) (32) (18) (4) (48) (49) (39) (23) 
48 (9) (29) (3) (50) (40) (11) (28) (44) (30) (37) (15) (35) (22) (47) (1) (6) (5) (48) (17) (8) (13) (36) (4) (18) (31) (38) (7) (42) (49) (19) (23) 
49 (35) (41) (32) (31) (8) (14) (45) (1) (5) (17) (18) (36) (9) (44) (16) (19) (7) (15) (21) (20) (39) (38) 
50 (43) (17) (42) (8) (44) (40) (18) (22) (5) (27) (37) (24) (23) (47) (36) (15) (38) (25) (11) (21) (28) (3) (26) (20) (19) (39) (13) (45) (12) (29) (48) 
