0
50
50
1 (17) (33 44) (40) (14 39) 
2 (14) (24 20) (29) (9 46 34) 
3 (42) (40 29) (35) (13) (16) (8) (22) (23 45) (4) (15) (20) (32 25 11) 
4 (17 44) (7 29) (14) (31) (9 34) (24 25) 
5 (42 27) (15) (31 9) (35 23) (11 29) (32) 
6 (4) (44 21 1) (12 9) 
7 (7 40) (47 19 17 23 5) (13) (42) (1) 
8 (32) (42) (35) 
9 (9 12) (1 28) (34) (25) (7 38 45) (44) (5 33) 
10 (33 37 24) (10 8 7) (43) (1) (23) (5 41 34 4) (46) 
11 (34 41 12) (24) (33) (30) (27) (36 32) 
12 (25 18) (36 48) (43) (11) (27) (10 3) (14 39) (34 23) (35) 
13 (14) (35) (43 9 37) (4) (18 38) (7 25) (36 5) (22) 
14 (4 1 26) (35 17) (19) (6) 
15 (1 5) (33) (50 15) (13 35) (38 6) (4) (14) (9 19) (49 2 8) 
16 (38 14) (48) (7) (2 29) (10) (20) (11) (8) (30) (18) 
17 (44 4) (15) (7 12 29 5) (17 30 43) (35 6) 
18 (22 8 24 2 12 6 28) 
19 (17 15) (4) (40) (18 7 14) (1) (41) (16 10) 
20 (29 42) (16) (47 11) (19) (3 43) (39 35 13) 
21 (36) (27) (12 20 41) (43) (35) 
22 (3 17 45 5 28) (24) (27) 
23 (48 14) (31 36) (28) (33) (9) (3) 
24 (14) (49 43) (7) (34) (36) (19) (12) (6) 
25 (12) (25) (45) (4) (30 34 15 18) (39 21) 
26 (26) (32 37 7) (3) (43 29 36) (15) (19 38) (31) 
27 (7 9) (40 16) (8 39) (30) (13) (32) (43) (12 22) 
28 (39) (24 50 43) (34) (18 25 14) (1) (29) 
29 (48 27) (17) (47) (18) (13 34) (23 6) (19) 
30 (25 47) (30 35) 
31 (44 24) (32 22 29 28) (27 38 1) (39 23 7) (47 45 31) (25 14) (16) (49) 
32 (9) (3) (23 16 46 24) (41 26) 
33 (7 20) (40 18) (4) (15) (33) (48) 
34 (20 5) (23) (11 39) (13 34 33 24) (50) 
35 (3) (11) (21 29) (31 6) 
36 (18 28) (6) (8 20) (45 13) (48) (16) (7) 
37 (28) (42) (25) (41 21) (29) 
38 (34 3) (16) (10) (28) (35) (27 11) (41 20 14 36) 
39 (8 20 40) (26 5) (9) (13) 
40 (29 48) (35) (31 42) (28) (16) (47) (37) (23) (21) (43) (30 32) (49 7) (46) 
41 (38) (49 41) (40) (47 7 9 27 8 39) 
42 (34) (50 39) (8 10) (20) (12 31) 
43 (28) (8) (40 3 12) (10) 
44 (22) (18) (10 8) (50 34) (6) (12) (33) 
45 (40 6) (47 46) (11 2) (17) (12) (29) (44) (14) (25) 
46 (45) (23 46) (14 47) (6) (40) (44 13) 
47 (11) (9) (26) (50) (45 31 13 24 3) (4) (46) (42 49) 
48 (2 1) (30) (12) (15 6) (26) (21 19) 
49 (41) (31) (47) (42) (25 5 44 32) 
50 (1 49) (21) (18 45) (26 20) (29) (14 8) 
1 (14) (31) (19) (7) (28) (9) (50) (48) (10 15 6) 
2 (48) (16) (15) (18) (45) 
3 (12) (47) (32) (35) (23) (22) (26) (43) (38) (20) 
4 (3) (15) (6) (17) (13) (19) (10) (25) (33) (47 14) 
5 (15) (17) (39) (9) (34) (10) (22) (49) (13) (7) 
6 (18) (15) (29) (24) (45) (46) (35) (36) (14) (48) (17) (44) 
7 (40) (41) (36) (33) (16) (17) (7) (24) (19) (9) (10) (27) (26 31 4 13) 
8 (15) (10) (36) (16) (42) (18) (41) (3) (44) (50) (27) (43) (39) 
9 (47) (23) (9) (2) (13) (27) (6) (39) (15) (32) (4) (5) (41) 
10 (43) (42) (44) (38) (19) (12) (16) (10) 
11 (16) (3) (38) (45) (20) (35) (12) (34) (5) (47) 
12 (11) (24) (25) (17) (44) (27) (45) (18) (9) (6) (21) (42) (43 48) 
13 (46) (3) (34) (39) (7) (47) (29) (15) (20) (36) (27) 
14 (23) (12) (24) (45) (28) (31) (15) (50) (1) (4) (2) (13) (16) (46) (19 38) 
15 (26) (3) (33) (5) (25) (17) (19) (15) (48) 
16 (3) (32) (31) (40) (19) (38) (36) (20) (27) 
17 (7) (17) (22) (19) (1) (29) (14) (4) (45) 
18 (25) (28) (36) (50) (13) (33) (16) (44) (12) (19) (29) 
19 (14) (26) (24) (15) (20) (29) (48) (7) 
20 (50) (16) (33) (21) (34) (38) (36) (39) (3) (2) (42) 
21 (6) (50) (37) (25) (35) (40) (48) 
22 (31) (13) (18) (27) (44) (3) 
23 (12) (7) (10) (31) (29) (34) (40) (5) (32) (3) (46) 
24 (47) (18) (34) (22) (4) (28) (10) (32) (31) (11) (2) 
25 (9) (3) (28) (4) (12) (49) (30) (13) (45) (25) (31) (37) 
26 (50) (47) (48) (26) (14) (32) (39) 
27 (38) (22) (12) (31) (29) (11) (21) (41) (5) 
28 (38) (23) (9) (40) (18) (36) (22) (37) (43) (31) 
29 (2) (5) (17) (50) (26) (35) (4) (16) (3) (40) (37) (20) (45) (28) (31) 
30 (16) (17) (30) (27) (25) (48) (11) (40) 
31 (23) (47) (31) (4) (42) (5) (35) (26) (40) (49) 
32 (26) (31) (8) (27) (11) (5) (49) (40) (3) 
33 (15) (34) (11) (9) (1) (33) (23) (44) (10) 
34 (24) (10) (25) (11) (12) (34) (42) (2) (4) (44) (28) (9) (29) (38) 
35 (38) (13) (21) (3) (17) (30) (5) (14) (20) (8) (12) (40) (15) 
36 (11) (38) (12) (21) (24) (13) (23) (26) 
37 (26) (40) (10) (13) 
38 (26) (13) (31) (16) (15) (9) (41) 
39 (27) (34) (42) (20) (12) (25) (31) (28) (41) (1) 
40 (39) (27) (3) (1) (43) (19) (46) (7) (45) (41) (33) 
41 (19) (21) (10) (11) (38) (32) (37) (49) (41) 
42 (5) (49) (20) (8) (40) (3) (7) (37) (47) 
43 (40) (17) (28) (21) (20) (26) (13) (12) (10) (24) (27) 
44 (4) (17) (1) (31) (6) (46) (9) (45) (49) 
45 (46) (22) (9) (50) (25) (3) (47) (36) (31) 
46 (47) (45) (32) (10) (46) (40) (2) 
47 (20) (7) (30) (40) (49) (46) (29) (45) (41) (31) 
48 (29) (40) (12) (36) (16) (23) (33) 
49 (50) (31) (40) (41) (24) (15) (47) 
50 (42) (47) (15) (44) (28) (34) 
