0
50
50
1 (48) (16) (47) (39) (21) (18 43) (11) (2 34) (42) (8 7) (29 28) (19) (20) (26 17) (38) (31 45 5) (15 35) (30) (1) (22) (37) (33 32 25) (9) (36) (44) (4 41 23 49 50) (3) (24 12) 
2 (43) (6 1) (49 9 41) (31) (29 25) (20) (5 23 7) (22) (12) (40) (3) (2) (18) (39 13) (32 15) (26) (42) (34) (28 16 47) (30) (8) (46 10 38) (37 35 17 44 14) (50) (19 4) (11) (24) (45 27 36) (48) 
3 (39) (10) (33 12) (50) (34 49) (23) (3) (42 14) (45 38) (25) (35 30) (11 46) (5) (4) (13) (29) (31 20 40) (19) (16) (7 28) (37 22) (6 43) (1) (17) (21 2) (8 15) (41 24) (48 32) (44) 
4 (38 15 45) (6) (30) (22) (9) (40) (31 24 12) (46 25) (5 36 16 37) (23 4) (39) (35) (1) (41 49) (47 17) (26 42 34 11) (28 10 33 3 14) (43 20) (29) (21 32) (8) (13) (48) (18) (50 19) 
5 (24) (40) (33) (39) (48) (12) (14) (43) (22) (7) (30) (18 28) (15 23 45 47) (10) (46 27) (35 5) (31) (36 17 37) (4 44) (25 20) (11 8 3) (50) (9 42 34) (41) (32) (16 2) (13 6) 
6 (12 17 15 49) (28) (21 35) (14 37) (2) (47 18) (9 34) (43) (42) (41) (39 6 31 38) (22 16) (10) (50) (1 7) (11) (40) (5) (33 8) (27) (23 24) (19) (13) (26 32 45) (30) (44 48) 
7 (14 16 43 2) (39) (15) (35) (50) (9 20) (4) (17) (36) (47) (46) (18) (48 32) (33 24 45 11) (42) (49) (41 38) (44 8) (3) (30) (27) (13) (23 22 25) (34) (12 10) (29 1) (7) (19 26 28) (37 5) 
8 (31 10) (45) (11 12 2) (7) (46 36) (39) (32) (25) (38 24 37) (19) (4) (23) (33) (27) (40) (1 5 35) (16) (8) (43) (50 47 21) (14) (20) (49) (41) (17) (29) (3) (34 18) (44) (9 48 30) (22) (26) 
9 (12) (25) (45 40) (14 48) (44 30) (36) (15 22) (43) (29) (11 7 34) (17) (5 37 19) (6 18) (41) (46 23) (1 50 8 4 49 35 47) (27 13 26 24 21) (10) (3) (20) (32 33) (38) (42 16) 
10 (32) (1) (37 27 25 12) (16) (49 4 39) (38 48) (13) (34 47 40) (31 26 42 7) (17) (43) (6) (3) (41) (29) (44) (14) (35 30) (28) (24 10) (22 36) (18) (5) (20 46) (23 45 2 11 50 19) (9 21) 
11 (49) (5) (40) (26) (14) (44) (50 1) (45) (36) (13) (6) (16 20 42 25 11 19) (12 23) (9 7 37) (31) (32) (27 8) (39) (30) (10) (47 41 43) (33) (2 18 38 24) (29 15 34 17) (28) (48) 
12 (14) (39) (1 34) (17) (12) (27) (35) (19) (24 2) (33) (16 44) (6) (7) (31) (41 30) (29 10) (42 22) (18) (48) (11) (23 28) (50 21 20) (49 45) (3) (47 5) (26) (9) (38) (4) (37) (43) 
13 (23 16 11 4 45) (24) (40 7) (5) (38 10 32) (31) (41 1) (36) (46) (37) (3 12 35 30) (27) (48) (14) (49 25 39) (34) (9 13) (17 15 18 26 6) (42 47 22) (44 33) (21) (20) (19) (43 50) 
14 (36) (14 24) (49) (43) (23) (41) (8) (29 38) (2) (40 5) (32) (27 50) (11) (37 7 9) (3) (31 19) (15 48 47) (22 34 26 13) (6) (1) (17) (39 30) (44) (33 16 18 25) (35 21 42) (45) (10 46) (4) 
15 (1 13) (31 42) (27 48) (47) (21) (19) (11) (8 30) (39) (14) (41) (46 28 20) (7) (25) (5) (17) (36 45 33 44) (9 24) (50) (38) (22) (6) (23 37) (34) (4) (40 16 18) (32 10 43) (15) (49 3) (2 12) 
16 (4 20) (35) (33) (26) (38) (3) (28 39 23) (41) (36 19) (22) (50) (16) (15 13) (44 14 40) (29 8) (24 17) (32) (7 45) (42) (11) (12) (2 43 5 46) (21) (27 34) (37 6) (30 10 49) (25 9) (1) 
17 (50) (21 24) (19) (41 48) (43) (26 4) (6) (33 44 9 3 1) (37 36) (27) (38 29) (10) (28 16) (2 22) (31) (34) (30) (14) (35 25) (45) (42) (13) (8) (46) (40) (11) (15 49) (5) (18) (39 32 17 12 47) 
18 (5) (16) (4 13 29 10 17) (44 39 33) (50) (1 31 28) (30) (40) (6 7 49) (43) (8 42 11 38) (3) (37 26) (27) (2) (32) (15 22 24 12 48 18) (41) (9) (21) (14) (35) (47) (46 25) 
19 (1 19 11 18 39 21) (45 16) (3) (4) (9) (8) (40 14 22) (42) (46) (10) (38) (7) (2) (20) (6) (24 34 37) (12 17) (32 29 49) (33 5 30 44) (41) (15 23) (36 31) (48 27) (28 50) (47) 
20 (41) (44 39) (46) (42) (33 5) (45 27) (34 31 48) (28) (17 15) (13) (50) (22) (29) (2 20 18) (7) (12) (4 14 21) (25) (23) (38) (47 36) (37 40) (26 35) (6) (16) (30) (43 24) (10) (32) (9) 
21 (22 39) (37) (17 9) (21 29) (44) (43) (7) (34 30) (47 31) (50 35 14) (16) (49) (4) (10 11 25) (28) (38 33 19) (13) (32) (24) (1 48 46) (23 26) (2) (3 5 6 45 40) (20) (41 8 18) 
22 (37) (31) (21 23) (10) (24) (5) (7 50 2) (14) (16) (26 29 6) (13) (49) (42) (36 41 1 17 30 8) (46) (3 39) (12 19) (28) (43) (27 25) (35) (45 34) (44) (20) (22) (18) (47) (48) (32) (38 40 9) (33) 
23 (47) (27 43) (18 20 4) (46 10) (48) (40) (23) (22 32 1 31 24) (50) (34) (9 8) (21) (7) (45) (38 19) (16 30) (28) (44) (17 13) (14 11) (39 25 29) (6 15) (26) (42 2 33) 
24 (45) (19 48) (17) (50 2) (23) (3 21) (29 12) (28) (42 20) (31) (35) (25 7 27 30) (5 6) (38) (1 44 36) (14) (49) (40 15) (4) (24) (8) (18 9) (43) (22 46 41) (16) (13) (32) (37) 
25 (46) (25) (19) (1 9) (21) (40) (30 20) (10 26) (31) (22) (39) (50) (24) (38 42) (35) (34) (15 5) (6 48 49) (12 23) (37) (17 7) (16 8 36) (4) (27 33) (3) (47 41) (43) (11 44) (13) (45) 
26 (31 21) (22) (6 19 4) (9) (3 11 16 44) (25 43) (46 50 32) (30 28 29) (42 38) (27) (1) (15) (40) (49 37 36) (48 17) (18) (39) (5) (12) (41) (45) (13 2) (26 34) (47 7) (8) (35 14 10) 
27 (11 45) (16) (34 13) (24) (15) (29 18 37) (30 43) (22) (2 42) (44 28) (23 20) (47 48 49) (17 25) (9) (33) (5) (8) (36 1 14) (32 40 6) (19) (21 46) (27) (26) (7 31) (3) (35 10) 
28 (43) (5) (36) (21) (3) (50) (16) (19) (7) (35 10) (17 12) (13) (38) (26) (20) (42) (40) (27 1) (39 48) (25 22) (30) (11 46 34) (29) (33 37 49 14 24) (23) (4) (41) (2 32 18) (8 47) (45) (31 9) (15 6) 
29 (26 43) (40) (21) (12) (46 33 44 36 4) (15) (47 27 32 49) (30) (37) (5) (18) (45) (17 22) (24 1 19 8) (28) (34) (6) (41) (31) (13) (11) (10) (3 20) (50 2) (29 25) (14) (42) (23 39) (16 9) 
30 (3) (2) (22) (11 27) (12 28) (18 1) (40 44 42) (48 23) (13) (49 26) (21 6 25 17 20) (38) (24) (47 33 5 39) (34 29) (8) (10) (9) (15) (14) (4) (45) (16 30 43) (32) (46 37 36 7) (35) (50) 
31 (12 2) (4 48) (33) (32) (19) (43 37 47 17 18) (45) (7 44) (25 38) (5) (22) (30) (34 41) (42) (10) (50 27 36 21) (15) (3) (28) (31 1) (11 40 39 49 26 46) (23 29 13) (6) (8 16 35) (9) 
32 (37) (32 18 20 21) (15 33 13 6 14) (9 1 27) (8 4) (17 11) (22 49) (12) (26) (43) (7) (42) (46 31 34) (30) (44 47) (50) (16 40) (3) (24) (35 2) (38 48) (5) (28) (10) 
33 (23) (6 35) (3) (1 21) (32 45) (30) (36) (37 15 26) (18) (46) (48) (4) (50) (24) (5) (33 22) (20) (27 40 28 16 9) (2 11) (13 12) (19 25) (47) (31) (49 41) (39) (34) (14 10) (43 8) (7) 
34 (41 16) (21) (23 31 30 36) (34 43 39) (48) (40) (27) (50) (44 8) (6 22 33 26 35 4) (1) (14) (45 37) (9 47) (42 11) (2) (7 13 10 3) (32 5) (19 17 24) (28) (46) (12) 
35 (1 13) (2 18) (14) (42) (5) (22 6) (12) (49) (4) (39 23) (17) (3) (19 8 9) (21 15) (48) (38 34) (20) (25) (11) (50 7) (31 16) (46) (27) (41) (35 30) (47) (26 43 32 45 44) (33) (40) 
36 (13) (22 46) (14) (26) (21 7) (34) (24 18 32) (17 50 2 20 1 9 49 47) (19 5 39) (29) (38 11) (6 3) (28) (45) (37) (40 8 42) (44) (31 12 35) (43 30 15) (25) (27) (33) (41) (4) 
37 (19) (50) (32 11) (16 42) (37) (28 48 14) (38 3) (30) (24) (1) (34 20) (36) (6 21) (13) (10) (2) (49) (25 9) (39) (45 23 12) (40) (27) (35) (43) (29 31 33) (22) (44 17 5 26 4 18 7) (46) (47) 
38 (41 38 9) (3) (11) (6 25 21) (15) (47) (22 7 39 46 18) (19 17) (28) (1) (2) (5) (36) (26 27) (31 45) (35 23) (10) (13) (16) (14) (50) (37) (49) (4) (42 24 8) (48) (20) (30) (33) (12) (43 32 34) 
39 (32 13) (43) (37) (41 27 29) (45) (44 16 31) (47) (34 19 18) (48 23 20) (24 36) (38 21) (50) (3) (46) (15) (35) (30) (5 1) (42) (17) (25 40 7) (28) (26) (22 33 12) (9) (6) (2 49) (11 10) (14) (4) 
40 (46 8) (14 44) (5) (9) (36) (37) (2 42 26 31) (41) (48 21) (17) (4) (33 10 13 12) (47 6) (34) (38 24) (27) (3) (50 39) (32 11) (35 23) (22 19) (40) (18) (30) (20) (15) (1) (29 28) (25) (7) (16) 
41 (12) (24 45) (20 3) (43 34) (35) (42) (4) (17 38) (13) (2) (39 18 21) (11) (25) (1) (48 30) (19) (14) (22 44 41) (16) (10 49 50) (23) (33 32) (15) (9) (27) (29) (7 46) (37) (8) (26) (36 40 6) 
42 (18) (37 43) (35) (26) (5 29) (27) (12 4 48) (17) (31) (25) (9) (14) (36) (39) (30 23) (19) (41) (8) (1 28 47) (10 32) (20 33) (15 21 46 13 16 11) (50) (38) (44) (34 7 42 2 45) (49 22) 
43 (1 17) (40) (47) (30 44 33) (3) (24 21) (46 32) (23 41) (36) (2) (28 5 34) (48) (39) (35) (11 50 29 27) (10 38 37 15 43) (20 31) (49) (6) (19) (16) (26) (18) (4) (8) (13 9) (25) (42 45) (22) (14) 
44 (16) (14 44 42) (33 29) (40) (35) (7) (38) (48) (2) (8) (41 4 11) (34) (43 10 49) (13 36) (37) (18) (20 47 25 6 45 26) (5) (15 1) (31) (19 21) (23) (17) (30 46) (27 12 28 50) (39) 
45 (1 33 6) (30 44 13 43) (42) (39) (46) (32 8) (22 36 27 34) (48) (45 20) (15) (11) (10 26) (29 19) (40 2 23 37 5) (31) (9) (4) (35) (12) (17) (16 41 14) (38) (28) (21) (3 49) 
46 (8) (12 14) (40 48) (31) (10) (23 42 34 19 4 17) (37) (13 1) (38) (35) (27) (30 7) (6) (28) (45 2) (49 24) (15 39) (11 9 44) (3) (22 36 21) (43) (29) (32) (47) (18 41 20) (50) 
47 (45) (49) (21) (44) (30) (22) (29) (37 11) (28 31) (38) (5) (2 24 25) (3 13) (4 20) (32) (33) (26) (35 40) (15) (27 46) (19 18) (9) (34) (48) (12 43) (42) (36) (23 7 8 10 16 1 39 6) (41) 
48 (24) (2 20) (8) (28) (47 3 23) (49 44) (15) (10) (25 13) (7) (48) (46) (14 45 5) (41 22 17) (26 4 32 35) (37) (40) (43) (50 29 36) (30) (34) (19) (38) (1 12 39) 
49 (7 19 38 32) (34 24 2) (42 16) (43 30) (41) (23 8) (9) (29 46 50) (25 13) (26 36 45) (44) (49) (12 14 47 21) (22) (39) (27) (6) (17 18) (35 3 37) (40) (31 20) (1 28 11) (33 48) 
50 (33) (30 10) (3) (4 47 2) (50) (48) (22 38) (18 5) (41 40) (8) (31) (27 42 43 7 37) (34 26) (17) (12) (32 29) (6 15 44 36) (23) (1 35 9 20) (14) (13 39 16) (11) 
1 (11) (14) (4) (31) (9) (41) (27) (15) (43) (19) (17) (10) (42) (30) (39) (13) (33) (47) (46) (6) (37) (18 12 1 2) (45 25 16 40 23 8) (48) (26) (38 24 35) (50) (3) (34 28) (44 21) (7) (32) (49) (22 29 36) 
2 (44) (2) (23) (12) (50) (43) (11) (37) (40) (31) (29) (33) (36) (48) (10) (5) (7) (3) (14) (35) (47) (45) (17) (24) (19) (16) (30) (8) (32) (6) (49) (18) (1) (26) (42) (21) (38 15 27) (28 34) (41 39 46 22) (20) 
3 (4) (46) (38) (17) (7) (40) (12) (33) (10) (50) (18) (47) (32) (27) (15) (28) (5) (19) (1) (31) (9) (16) (29) (37) (49) (8) (22) (41) (35) (48) (2) (39) (36) (3) (24) (25) (45) (30) (34) (14) (21 26 43) (13) 
4 (17) (8) (5) (20) (42) (23) (35) (31) (1) (29) (2) (32) (21) (45) (50) (44) (24) (14) (4) (3) (18) (40) (30) (38) (33) (28) (15) (37) (36) (43) (19) (47) (34) (26) (13) (10) (12) (46) (48) (39) (41) (25) (9 7) (16) 
5 (39) (31) (25) (4) (26) (18) (34) (50) (35) (2) (45) (15) (9) (16) (21) (13) (14) (10) (1) (38) (19) (36) (7) (28) (47) (32) (20) (5) (29) (22) (42) (17) (3) (44) (48) (27) (43) (24) (8) (6) (40) (11) (12) (30) (33) (37) 
6 (19) (46) (21) (10) (29) (47) (25) (14) (37) (45) (39) (49) (23) (12) (44) (34) (11) (41) (20) (24) (2) (43) (16) (17) (40) (36) (22) (28) (5) (13) (4) (50) (18) (26) (31) (27) (6) (30) (35) (32) (38) (9) (33) (3) (15) 
7 (5) (36) (26) (21) (2) (46) (25) (50) (16) (6) (40) (18) (9) (33) (20) (14) (49) (44) (1) (10) (34) (8) (41) (35) (23) (28) (37) (7) (47) (22) (12) (27) (3) (32) (13) (30) (48) (38) (15) (11) (39) (31) (24) (19) (42) 
8 (28) (31) (29) (33) (4) (40) (6) (41) (24) (25) (42) (47) (7) (22) (50) (9) (21) (26) (34) (8) (30) (3) (49) (45) (43) (48) (23) (32) (2) (19) (36) (44) (15) (27) (11) (16) (17) (18) (14) (5) (46) (38) (1) (35) 
9 (23) (27) (17) (13) (11) (7) (24) (49) (21) (25) (45) (33) (41) (36) (1) (5) (4) (37) (26) (14) (40) (47) (46) (43) (34) (39) (38) (15) (28) (10) (19) (12) (32) (50) (2) (8) (31) (20) (35) (42) (29) (30) (6) (18) (16) (22) 
10 (22) (6) (11) (39) (12) (26) (28) (47) (44) (45) (10) (27) (29) (31) (34) (46) (20) (5) (17) (4) (2) (16) (23) (42) (13) (32) (43) (18) (40) (25) (48) (41) (19) (30) (8) (14) (50) (3) (37) (21) (33) (15) (9) (38) (7) 
11 (36) (10) (29) (9) (5) (33) (12) (27) (7) (31) (23) (38) (46) (50) (40) (39) (2) (34) (18) (21) (43) (28) (25) (47) (42) (15) (1) (30) (8) (3) (49) (32) (41) (13) (4) (14) (11) (45) (17) (26) (16) (35) (6) (37) (44) (19) 
12 (17) (5) (49) (1) (37) (44) (20) (45) (10) (19) (8) (29) (30) (50) (15) (34) (46) (39) (11) (41) (9) (32) (35) (12) (6) (22) (16) (18) (40) (48) (36) (4) (2) (42) (24) (38) (28) (25) (47) (26) (13) (31) (7) (3) (33) 
13 (50) (7) (25) (22) (28) (16) (40) (35) (4) (13) (26) (39) (2) (30) (24) (36) (49) (21) (47) (37) (31) (34) (33) (15) (23) (27) (29) (43) (38) (18) (45) (11) (9) (44) (32) (48) (10) (6) (42) (20) (17) (46) (41) (5) (14) (3) 
14 (5) (50) (49) (43) (27) (8) (29) (9) (41) (37) (34) (19) (40) (14) (7) (30) (11) (4) (21) (39) (10) (45) (23) (24) (2) (36) (6) (20) (28) (16) (15) (32) (26) (3) (12) (13) (35) (42) (17) (22) (44) (38) (46) (33) (48) (18) 
15 (4) (43) (24) (47) (17) (6) (28) (29) (19) (42) (36) (14) (13) (30) (11) (20) (1) (39) (15) (7) (5) (44) (32) (45) (31) (46) (9) (35) (3) (18) (41) (23) (25) (48) (38) (50) (26) (16) (33) (27) (40) (2) 
16 (13) (28) (33) (23) (25) (21) (47) (6) (24) (27) (19) (2) (11) (9) (1) (43) (38) (31) (40) (10) (18) (34) (29) (22) (42) (30) (16) (14) (3) (37) (50) (41) (32) (15) (12) (7) (45) (5) (35) (4) (26) (8) (20) (39) (17) (44) (49) 
17 (28) (30) (1) (12) (2) (32) (29) (10) (35) (8) (46) (18) (4) (39) (3) (27) (25) (22) (50) (17) (16) (13) (36) (24) (42) (21) (31) (41) (34) (20) (44) (19) (48) (5) (45) (49) (40) (6) (7) (11) (43) (37) (15) (9) (26) (14) (23) (38) 
18 (24) (37) (33) (40) (19) (8) (27) (13) (9) (38) (23) (14) (20) (5) (36) (6) (26) (47) (4) (2) (46) (15) (43) (28) (50) (41) (44) (49) (30) (32) (17) (29) (7) (12) (1) (11) (35) (22) (31) (21) (10) (18) (39) (42) 
19 (10) (33) (36) (14) (35) (44) (8) (1) (2) (15) (31) (34) (24) (41) (6) (39) (49) (40) (45) (16) (4) (43) (27) (48) (19) (13) (46) (29) (22) (23) (26) (21) (28) (12) (3) (11) (47) (38) (25) (17) (9) (7) (37) (42) 
20 (38) (30) (39) (3) (42) (5) (4) (16) (2) (1) (21) (9) (10) (49) (45) (41) (25) (48) (33) (12) (44) (23) (29) (11) (7) (36) (32) (43) (8) (13) (22) (50) (37) (28) (40) (15) (47) (19) (35) (27) (20) (24) (46) 
21 (17) (15) (13) (35) (14) (47) (49) (19) (38) (41) (25) (1) (26) (32) (10) (34) (16) (3) (18) (12) (43) (24) (31) (28) (27) (42) (8) (39) (29) (22) (36) (46) (6) (44) (30) (9) (20) (4) (40) (37) (33) (23) (21) (45) 
22 (18) (46) (2) (15) (39) (8) (38) (41) (19) (30) (24) (37) (40) (1) (32) (43) (10) (21) (33) (16) (14) (22) (4) (5) (34) (50) (23) (36) (20) (29) (9) (17) (25) (48) (27) (26) (31) (3) (12) (13) (42) (47) (45) (7) (6) (28) (49) (35) 
23 (42) (48) (33) (43) (3) (20) (13) (5) (28) (34) (38) (14) (37) (2) (35) (25) (6) (11) (22) (41) (12) (10) (40) (23) (9) (4) (21) (1) (39) (19) (15) (45) (49) (29) (27) (44) (8) (47) (30) (46) (31) (24) (7) (50) (16) 
24 (11) (7) (38) (24) (27) (37) (10) (32) (14) (41) (25) (28) (16) (20) (2) (21) (4) (19) (47) (17) (8) (18) (46) (5) (33) (39) (3) (34) (48) (30) (43) (49) (12) (6) (1) (29) (36) (15) (40) (9) (22) (13) (23) 
25 (17) (37) (20) (1) (3) (4) (27) (42) (21) (39) (36) (16) (25) (10) (23) (9) (38) (2) (31) (28) (44) (33) (47) (35) (30) (24) (5) (26) (29) (8) (43) (22) (14) (49) (41) (11) (48) (13) (15) (40) (7) (18) 
26 (16) (30) (6) (39) (22) (32) (28) (45) (42) (18) (49) (8) (14) (26) (21) (20) (11) (4) (48) (35) (13) (50) (38) (40) (44) (47) (41) (31) (33) (29) (12) (37) (1) (17) (23) (10) (9) (2) (43) (7) (34) (27) (25) (36) 
27 (14) (40) (47) (36) (7) (44) (38) (2) (6) (39) (17) (5) (34) (50) (35) (42) (37) (27) (20) (28) (46) (25) (22) (24) (31) (23) (29) (45) (19) (49) (18) (30) (41) (33) (16) (15) (13) (10) (12) (43) (9) (8) (26) (11) (32) 
28 (38) (15) (46) (4) (21) (2) (20) (22) (30) (7) (24) (32) (19) (3) (11) (26) (18) (43) (27) (6) (16) (29) (47) (44) (37) (48) (5) (36) (31) (39) (49) (1) (34) (23) (42) (33) (40) (10) (17) (12) (45) 
29 (22) (29) (4) (48) (14) (21) (1) (12) (16) (37) (9) (30) (36) (46) (3) (47) (40) (50) (17) (45) (39) (2) (19) (20) (10) (31) (8) (28) (26) (44) (24) (43) (11) (23) (18) (42) (7) (49) (27) (41) 
30 (22) (34) (35) (45) (49) (41) (15) (27) (9) (11) (4) (46) (17) (28) (29) (23) (8) (33) (5) (44) (50) (14) (26) (37) (32) (16) (19) (21) (43) (24) (18) (39) (42) (10) (25) (48) (40) (31) (47) (1) (3) (20) (6) (7) (2) (13) (30) (38) (12 36) 
31 (1) (28) (49) (29) (27) (20) (37) (33) (18) (3) (14) (39) (22) (13) (36) (34) (8) (23) (47) (24) (25) (43) (21) (38) (35) (44) (2) (6) (10) (31) (46) (12) (42) (15) (50) (5) (40) (45) (4) (11) (17) (19) (32) (26) 
32 (22) (40) (47) (46) (7) (13) (11) (3) (37) (17) (6) (31) (18) (43) (48) (36) (26) (10) (20) (33) (15) (2) (34) (16) (28) (32) (19) (45) (29) (35) (24) (49) (27) (4) (23) (30) (38) (41) (42) (9) (50) (1) (39) (5) (21) (14) (8) 
33 (22) (31) (23) (29) (14) (25) (43) (20) (35) (37) (36) (5) (11) (40) (28) (17) (3) (39) (7) (13) (32) (12) (19) (18) (34) (33) (44) (38) (47) (4) (15) (42) (8) (30) (41) (21) (9) (50) (1) (16) (6) (27) (49) (45) 
34 (20) (31) (45) (14) (9) (10) (38) (39) (36) (1) (25) (5) (47) (22) (12) (4) (40) (33) (26) (44) (49) (30) (42) (19) (35) (11) (15) (3) (21) (16) (46) (17) (6) (2) (13) (7) (28) (37) (43) (41) (50) (8) (27) (23) (29) (48) (34) (32) 
35 (42) (50) (47) (28) (10) (26) (18) (13) (36) (5) (4) (16) (41) (48) (7) (12) (27) (44) (22) (21) (46) (37) (45) (2) (25) (31) (33) (43) (9) (34) (38) (20) (40) (14) (35) (39) (1) (49) (30) (24) (8) (6) (3) (32) (17) 
36 (25) (5) (22) (41) (11) (40) (26) (10) (34) (46) (29) (19) (13) (9) (48) (47) (44) (42) (43) (33) (4) (20) (49) (27) (8) (37) (39) (16) (2) (15) (31) (24) (50) (7) (14) (38) (1) (30) (28) (45) (17) 
37 (13) (42) (22) (21) (38) (46) (43) (34) (9) (37) (4) (33) (2) (11) (14) (8) (50) (10) (1) (19) (27) (39) (36) (30) (25) (29) (17) (3) (48) (26) (12) (20) (28) (47) (31) (32) (45) (16) (44) (24) (7) (6) (15) (40) (49) (41) (18) (5) 
38 (31) (47) (20) (42) (6) (49) (30) (13) (50) (44) (8) (21) (43) (40) (25) (4) (37) (18) (24) (19) (22) (2) (26) (10) (45) (15) (14) (41) (23) (48) (7) (28) (17) (16) (12) (32) (36) (11) (9) (3) (1) (35) (38) (46) (39) 
39 (7) (49) (48) (4) (37) (18) (22) (35) (47) (19) (1) (16) (23) (3) (2) (36) (20) (40) (31) (13) (12) (26) (29) (21) (25) (28) (11) (5) (46) (17) (10) (42) (34) (45) (14) (8) (6) (41) (30) (43) (15) (38) (44) (50) (33) 
40 (50) (23) (8) (16) (29) (22) (3) (11) (19) (33) (2) (17) (35) (43) (32) (28) (13) (25) (14) (48) (10) (36) (41) (6) (5) (27) (4) (26) (39) (15) (31) (46) (20) (49) (18) (30) (44) (24) (40) (37) (34) (45) (21) (47) (9) 
41 (24) (26) (44) (47) (43) (17) (49) (11) (20) (14) (29) (5) (2) (3) (39) (1) (21) (40) (8) (48) (41) (9) (19) (50) (12) (22) (45) (18) (13) (31) (15) (10) (33) (36) (38) (46) (25) (42) (6) (35) (16) (28) (7) (4) (34) 
42 (9) (28) (10) (17) (12) (43) (14) (44) (6) (39) (25) (24) (40) (37) (23) (26) (32) (3) (11) (19) (15) (31) (5) (30) (22) (4) (7) (47) (35) (29) (34) (49) (27) (2) (42) (16) (1) (13) (20) (45) (41) (36) (38) (18) (50) (46) 
43 (30) (33) (1) (6) (14) (39) (24) (26) (49) (21) (20) (36) (48) (5) (11) (23) (25) (41) (38) (12) (31) (34) (8) (2) (16) (18) (17) (47) (44) (45) (43) (46) (37) (13) (29) (7) (15) (32) (3) (10) (50) (27) (22) (28) (35) (42) (9) (4) 
44 (34) (10) (32) (5) (50) (25) (12) (37) (7) (3) (42) (14) (13) (20) (41) (23) (21) (16) (22) (15) (17) (44) (19) (29) (35) (48) (11) (31) (18) (36) (27) (43) (1) (2) (45) (8) (24) (26) (9) (39) (49) (40) (6) (47) (46) (30) 
45 (24) (34) (42) (22) (47) (7) (39) (1) (12) (27) (6) (43) (49) (44) (31) (28) (38) (37) (26) (9) (4) (48) (21) (46) (20) (30) (41) (33) (35) (29) (2) (3) (10) (25) (17) (5) (36) (15) (45) (23) (14) (16) (19) (8) (13) (11) 
46 (32) (14) (28) (2) (49) (17) (40) (44) (30) (34) (21) (39) (48) (37) (42) (24) (9) (5) (22) (36) (31) (38) (20) (29) (15) (4) (16) (7) (23) (41) (35) (33) (25) (3) (43) (19) (26) (8) (18) (13) (47) (10) (27) (45) 
47 (31) (17) (35) (12) (4) (25) (10) (39) (15) (14) (26) (37) (33) (7) (30) (9) (34) (43) (36) (21) (8) (6) (1) (23) (38) (29) (5) (27) (22) (18) (46) (2) (32) (13) (20) (50) (11) (40) (28) (49) (19) (42) (48) (44) 
48 (4) (23) (15) (27) (18) (22) (39) (20) (8) (26) (41) (32) (21) (35) (48) (43) (37) (24) (46) (30) (10) (6) (19) (7) (42) (11) (12) (33) (31) (25) (17) (34) (2) (45) (28) (49) (14) (40) (38) (44) (50) (9) (47) (3) (1) (5) (13) 
49 (49) (28) (38) (18) (13) (9) (7) (19) (25) (22) (44) (17) (27) (11) (8) (15) (47) (14) (2) (3) (1) (43) (35) (31) (4) (48) (12) (33) (21) (41) (32) (42) (6) (46) (29) (26) (36) (10) (39) (37) (24) (30) (16) (45) 
50 (6) (23) (36) (10) (37) (22) (19) (21) (50) (15) (8) (7) (42) (11) (28) (12) (43) (35) (4) (9) (33) (2) (1) (5) (44) (16) (34) (38) (49) (41) (13) (31) (17) (20) (26) (32) (25) (24) (30) (48) (39) (18) (14) (3) (29) (46) (40) 
