0
50
50
1 (11 24) (22 9 26 37) (38 14 4) (27 44 16 45 2) (13 23) (48 41 12) (5 39) (6 43 35 36 17) (47) (8 42 1) (46) (40 3 10) (19 15 50) (20) (30) (18) (34 31 33 49) (21) 
2 (8 5 4 6) (48 19 47 27 24) (32) (30 20 34 38 14) (25 50 42) (3) (41 45 33 2 11) (1 21) (16 46) (26 29 12 10) (7 28 22 43) (23 40 37) (13) (36 15 31 39) (44) 
3 (18 5) (1 41 40) (22) (12 46 48 38 10) (30 6 21 45 11) (8) (7 20) (9 15 42 4) (2 39 47 14) (19 26 16 32) (35 24 29 31) (44) (36 27) (13) (25 33) 
4 (6 45 5 28) (25 18 38) (1 16 17 8 29) (20 30) (34) (15) (10) (31 3) (41 21 43 19 47) (22 14) (50 13 24 42 36) (27) (49 39 7) (26 40 2 46 12) (23 32 11 35) 
5 (26 49 3) (36) (20) (46 7 14) (45 47 31 12 29 24 28 2 43 44 30 17 22 38) (40 11 19 42 35 27 8 21 6) (37 23 10) (41 9 50 18 34 15) (16 13 48 33 32 1) 
6 (38 50) (36) (31 5) (34) (19 30) (1 23 29) (37 6) (46) (27 18 15 39 21 47 35) (2 9) (11) (24 41 16 3 44 14) (25 13 22 28) (40 43) (49) (48) (45) (10) (42) 
7 (18 24 16 31 27) (38 50) (29 46 43 42 45 28 34) (36 35) (33 9 3 37 20 40 15) (41 7) (13 6 14 30 26 5 32 39) (17 22 21) (44) (49 48 4 23 19 1 8) (25 47) 
8 (8 10 32) (1 44 36) (2) (4 35 37 40) (19 28) (15 7) (16 38 42) (29) (41 47) (21 14 31 49) (22 11 17 20 13 43 23) (39) (33 48 25 9 34 46) (30 50 6) (27 12 3) 
9 (40 18 26 36) (19 15 28 50 42 47 39 6 44 33) (17 43) (38 10 34 20) (29) (22 49 41) (23) (46 7 21 37) (9 32 24) (30) (31 11 16 27 12 48 45 8 4) (3) 
10 (30) (18 48 17 15) (31 27) (29) (32 1 12 19 6) (39 44 49 35 33 34 9 20 14 43 28 40 22 42 2 21) (11 13 50 36) (5) (7 8 24 37 16 10) (4 41 46) (38 23 45 3) (47 26) 
11 (10 33) (32) (23 35 6) (7 27 11 20 28) (2 4 44 29) (43) (38 42 19 1 5 31 16 18) (50 40 21 48) (14 15) (17) (45 37 25) (36 47 26) (34 24 12 22 8 30 3 9) (49) 
12 (45 40 48 50 16) (34) (15) (27 32 10 25 42 30) (17) (6) (46 3) (8) (14 12 37 21 41 36) (49) (43 2) (18 35) (13 26 38) (44) (1 24 19 4 28 5 47) (29 9 20 11) (7 33) 
13 (49) (44) (47 18 32 31) (28) (39 26 2 34 27) (43 48 9 3) (29) (10 15) (36 25 30 5 19) (38) (41 4) (13 17) (46 20 8) (42 12 21 11 6 22 7 50 23) (14 16) (35 37) (45 33) 
14 (38 24 12) (13 29 23 2 4) (30 39) (41 34 26) (45) (48 20 8 40) (18 17) (33) (42 10) (21) (35 44) (5 32 25) (9 49 27 50 22) (7 1) (43) (3 15) (28) (11 14) (37) 
15 (48 2 42) (31 36) (44 43 30 4 13 40 39 29 10 6 3) (18) (35) (8) (33) (7 27 28 16 9 19) (37 14 25 45) (38) (21 26) (23 47) (11 50 49 12 15 41 1) (24) (34 46 17 22 20) 
16 (11 31) (48 49 20 16 47 21) (22 45 8 39 2) (17 4 41 37 27) (33 44 19 34 28 32 5) (1) (46 6 29 36) (50 15 25 35 10 7 26 18 13 9 38 42) 
17 (10 3) (38 17 8 2 49 15 40 32 27 47 19 33 43) (14) (7 23 34 4 29 6 44) (5 20 46 22) (11 25 50 12) (45 36 13 30 26 37 9) (41 35) (18) (21) (24 42 48 16) 
18 (12) (23 35 27) (47) (37 45 44 29) (2) (10 16 22) (32) (25) (5 50 11 30 15) (7) (40 41 24 38 48 4 36 49) (19 21 42 43 18) (46 31) (14) (39 8) (26 6 34) (20 9 13 1 17) 
19 (9) (16 13 25 12 38) (24 43) (45 48) (6 42) (35 34 11 18 21) (29 19 37 30 41) (20 49) (36 22 1 3) (47 10 23 26) (44 8) (31 4 40 15 28 5) (17 14) (33) 
20 (41 2 38) (47 16) (7 42 34) (27) (32) (39 26) (25 35) (8 40 9 48) (43 11 30 37 5) (12 45 19 31) (6 46 1) (4 29 13) (49 24 50 28) (22) (44) (33 18 36) 
21 (45 28 17 43) (8 39) (47 37 20) (26) (13 44 40 35) (24 31 10) (27 1) (16 11 42 30) (3 14) (18 34) (38) (6) (15 25 33 23) (9) (46 21 7 2 29 41) (36 48) (12) (50 19) 
22 (25 21 48 15 44 12 3 39 13 43) (14 32 29) (19 26) (41) (16 46 7) (4 20 40 22) (18) (33 30 9 47 10) (28) (5) (17) (1 49) (11 24 36) (31 50 45) (8 37 35) (38 27) (6) (42 34) 
23 (48) (12 46 15 16 1 2) (17 25 36 50 37 24 45) (18) (32) (43 29 49 7 20 26 19 14 23 9) (5 47 41 42 13 33 31) (28) (27 3) (40 4 34 6 11 22) (30 10) (8) 
24 (11 3 46 6 2 34 47 24 4 5) (30 36 43 8) (33 25 16) (42 12 39 7) (45) (18 28) (31 37 23 19 21 27 15 44 17 38 22 10 13 26 49 40) (9) (50 1 20 48) (14) (35) 
25 (3) (29 26 22) (9 1 2) (41) (42 19 13 7) (35 33 30) (34 20 11 4 40 16 37 21) (48 47) (27 24) (44 25) (50 49) (36) (31 38) (32 18 8 17) (10 15 45) 
26 (16 30 12 42 41) (18 23 37 39) (44 26 2 29 21) (38 13 33 14) (46) (5 45 20 7 8 28) (48) (10 24) (22 35) (27) (36 9 25) (49 31) (17 4 11 43) (47 50) (32 34 15) 
27 (46 30) (36 49 7 47 41 35 18 5 44) (24) (25 37) (32 43 4) (22) (2 6 11 27) (45) (50 28 38) (12 34 21) (19 15) (3) (8 16) (33) (26 10 20) (17 31 23 39 42) (14) (40) (29) (9) 
28 (39 22 18) (16) (49) (13 41) (26 44 11 20 10 38 23 27) (9 29) (42) (15) (48 21 17 5 36 43) (30) (24) (28 37) (3 2 32) (47) (8 4 31) (19) (35 7 25 46 33 1 12 34 40) 
29 (23 49) (36) (18 48 7 15 41 37) (4 17) (45 50) (30 47 10) (29 3) (8 42) (1 34 20 26 44 21) (16) (38 24 6 13 9 39 2 11 22) (35 33) (46 12 40 25 27 43) 
30 (28) (47 15 25 31 32 20 48 34 30 43) (50 11 3 24 14) (1 10 42 46 23 8) (29 19 41 16 9) (4) (45 27) (26 49 39) (7 22) (17 40 33 36) (13 38 44 37 18 2) 
31 (24 5 1 14 4) (33 41 25 27) (40) (9 39 43 7 47) (20 17 19 29) (18 46 15 8 32) (10 42 3 12) (13) (23 28 35) (11 2 16) (44 50 37) (6 30 36 45) (22 34 48) 
32 (1) (47 5 2 9 39 37) (12 48) (7 17 36 3 33 27) (31 22 19) (38 26 30) (18) (43) (14 15) (35) (34 24 6 32 46) (42) (40) (11 44 28) (25 20 21 16) (50) (45 10) (41 13 29 23) 
33 (13) (33 23 29 1 45 15) (30 21 49 35 40 3) (7) (32 39 50) (5) (28) (16 20 34 19 43 8) (31 2 11 10 27 48) (25 17) (9 44 36 6) (26 42) (37 14) (4 18 46 38 47) 
34 (31 3 24 2 41 8 6 49 36 33) (19 5 7 1) (14) (46 23 39 4 12 29 15 16 18 40 34) (42 38 17) (30 13 44 35 10) (26 25 20 28 32 27 21) (22) (43 50 45 48) 
35 (18) (6 42 41) (13 50 22) (33) (27) (34 43 15 1 48) (12 49 8 17) (16 37 10) (38 31 9 3) (45) (28 47 24 26 21 7 32 40 46 39) (25 5 4 11 14 35 23) (2) 
36 (40) (11 47 38 50) (26 48) (32) (39) (35 33 8 6 42) (37 5 1 46) (19 41 27) (20 10 9 22 23) (16) (34 49 29 2 18 45 36 14) (12 44 13 25 28 21 15 30) (31 3) 
37 (6) (4 47 5 31 10 13) (23) (14 30 48 32 1) (19 15) (22 26) (36 29 44 9) (45 17 18) (49 37 43 50) (42 35 8 34 46 21 41 24) (20) (38 27 39 3) (2) 
38 (41) (49 23) (25 45 9 4 22) (32 7) (31 46 42 24 13) (1 48 29 18 38 19 14 27) (33 3 40 34 35 15 11 20 47) (30 16 36 12 26 37 6 21 50 39 10) (5 17 2) (28) 
39 (38) (36) (22 11) (8) (46 4 42) (44 1 49 39 32 35) (29 41 2) (15 14) (12 21 30 28 19 5 40 33 31 18) (27 50 6 45 10) (34) (26) (25) (13) (48 23 16) (17 7) (20 37 43 24) (3) 
40 (2) (39 45 19 25 33 30 6 46 40 32) (35 16 41 43 7 9 11 21 49 12 8 26 3) (17) (38 14) (27 42) (5 44 1 37) (36) (50 48 24 47 22 13) (10) 
41 (12 1 19) (36 24 4 16) (18 20 43) (22) (23 21 5) (9 33 38 27 28 37 11 35 41 49 39 46 30 50 40 31) (2 6) (10 8) (48 14 3 32) (47 7 29) (26 42) (34 25) (17 15 44) 
42 (26) (44) (36 18 49 48) (32) (38) (8) (2) (3) (43 11) (39 4 40 42) (20 41 21 15 7) (23 13) (50 35 12 17 37) (30 22 19 5 10 29 33 1 6 28 27 24 45) (14 47) 
43 (28 49 44 4 21 23 39 22 32 19 27 24 6 46 34 50 29) (45 36 12 11) (26 7 13 10) (40 42 15 43 16 2) (9 30 17) (35 3 25 47) (8) (38 41 20) (37 1) (5) 
44 (9) (47 42) (24 39 48 3 46 15 33) (23 10 16 25 8 34 5 17 12 21 2) (30 43 38 31 40 18 41) (26) (7) (36) (1) (50) (11 6 49 45 28 22 13 27 19) (32) 
45 (26 7 41 45 11 43 13 9 33 42 39) (47 36) (4 44 49 32 6) (27 17 46 21 48 1 50 12 34) (30) (23 15 5 31) (14 20) (35 3 18 25 29) (37 2 16 10 40) 
46 (7 33) (30) (12 31 22) (20 41) (23 3) (21) (10 32) (35 15) (4) (47 24 50 19 44 48) (36 6 34) (25 46) (38 49 28 11) (18 37) (40) (9 17 2 29 39 13) (1 26 14 43 42) 
47 (19 42 41 50 38 24 36) (33 2 23) (25) (13) (1) (4 16 35 48) (15 44 3) (45 40) (49 7) (28) (20 21) (14 43 5 37 47 26 32 34 29 22 31 46 8 39) (30 12 18) (6 17) (27 11 9) 
48 (34) (42 45 3 19 6 40 20) (15 35 46) (4) (12 27) (16 44) (36 8) (24 30 9 32 22 17 43 38 49 5 21) (10) (23) (18 14 13) (7 2 48) (25 39 31 50) (29) (33 28) (11 1) 
49 (45 14 50 7) (31 3) (24 1 49) (33) (19 30 39 18) (37 43 42 25) (28 44 27) (29) (11 35 48 32 22 20) (9 2 5 6) (15) (13) (40) (17) (23 8 38) (26 36 10 4 46) (34 12) (16) 
50 (8 13 44 2) (5) (24 37 18 1 3) (41 20) (19 15 32) (35 45) (22) (50 27 31 23) (33 46 34 7 21) (28 48) (14 12 16) (39) (38) (30 43) (26 40 11 10 4 9 17) 
1 (37) (2) (4) (7) (25) (45) (46) (34) (32) (10) (48) (42) (20) (23) (5 44) (39) (29) (19 14 6 15 49 41 31 22 43 18 38 1 47 40) (36 50) (28 3) (30 24 33 8 12 21 16) (35) (11) 
2 (37) (20) (13) (47) (8) (12) (6) (33) (3) (17) (23) (26) (14) (50) (42) (25) (30) (40) (10) (15) (49) (34) (39) (2 11 46 43) (38 45 36) (32) (5 16) (1 35 44) (48 24) (29 27 21 4) (28) (18 31) (41) 
3 (33) (22) (30) (25) (14) (50) (36) (31) (23) (28) (42) (27) (38) (29) (12) (1) (8) (2) (24) (34) (10) (45) (41) (43) (19) (13) (9) (44) (35) (21) (5) (7) (37) (49 6 47 4 48) (11) (17 39 40 46 32 15) 
4 (48) (1) (14) (42) (15) (45) (28) (31) (25) (46) (24) (47) (10) (2) (37) (49) (19) (39) (26) (3) (35) (17) (41) (13) (18) (27) (30) (23) (34) (8) (22) (38) (9) (7) (11) (43 29 12 20 33 16 50) 
5 (13) (27) (44) (37) (42) (41) (19) (3) (7) (24) (35) (23) (31) (16) (14) (12) (38) (47) (18) (20) (45) (43) (33) (1) (32) (10) (28) (17) (49) (50) (34) (4) (48) (36) (39) (26 22) (11 2 6 40) 
6 (46) (13) (8) (31) (7) (6) (2) (32) (23) (4) (5) (41) (1) (36) (47) (15) (20) (3) (19) (48) (11) (12) (34) (22) (38) (16) (43) (9) (18) (17) (40) (21) (39) (42) (10) (33) (35 44 45 49 29 37 27) (24) 
7 (21) (9) (8) (13) (42) (20) (17) (34) (16) (14) (40) (5) (43) (47) (2) (10) (18) (24) (12) (31) (23) (33) (35) (7) (26) (39) (44) (30) (32) (50) (45) (25) (22) (4) (11) (29) (49) (48) (38 41 15) (28) (3 27 46) 
8 (49) (26) (24) (35) (47) (12) (10) (23) (43) (28) (4) (33) (30) (1) (41) (31) (25) (42) (27) (36) (44) (18) (22) (34) (20) (17) (7) (19) (2) (50) (29) (21) (15) (13) (11) (39) (8) (5) (9) (16) (14 40 48) (3 37) 
9 (47) (41) (37) (30) (35) (12) (7) (45) (31) (49) (3) (46) (24) (9) (38) (26) (29) (27) (48) (19) (1) (32) (25) (44) (6) (17) (16) (10) (11) (14) (50) (15) (18) (36) (33) (43) (23) (13) (20) (40) (8) (28 21 5 22) 
10 (34) (11) (40) (44) (23) (19) (10) (8) (24) (42) (48) (5) (9) (38) (1) (3) (41) (29) (12) (33) (36) (31) (32) (4) (21) (30) (17) (50) (15) (35) (39) (18) (16) (2) (46) (25) (37) (13) (28) (45) (26) (14 6 43) (49) (27) (22) 
11 (19) (39) (47) (45) (1) (40) (46) (8) (50) (10) (22) (17) (27) (25) (48) (30) (6) (11) (44) (29) (26) (32) (2) (43) (33) (13) (9) (36) (12) (16) (4) (42) (21) (24) (20) (31) (49) (18) (41) (28) (14) (35) (5) (3) (38 23 15) 
12 (1) (35) (42) (5) (47) (3) (50) (29) (44) (39) (41) (46) (9) (38) (28) (22) (15) (17) (21) (18) (8) (19) (32) (36) (24) (2) (27) (13) (20) (23) (45) (48) (43) (12) (40) (11) (31) (14) (10) (49) (34) (4) (26) 
13 (43) (33) (39) (42) (25) (7) (44) (36) (6) (10) (18) (22) (19) (20) (26) (37) (23) (49) (24) (32) (30) (8) (40) (1) (48) (13) (3) (35) (47) (46) (45) (50) (17) (12) (15) (14) (28) (2) (5) (29) (4) (38) (34) (21) (31) (16) 
14 (32) (47) (38) (5) (39) (22) (23) (40) (1) (15) (30) (35) (2) (17) (41) (13) (6) (10) (18) (26) (33) (4) (12) (11) (8) (21) (45) (31) (14) (49) (3) (7) (19) (27) (50) (48) (42) (46) (34) (24) (37) (36) 
15 (28) (36) (25) (50) (48) (37) (16) (44) (31) (42) (47) (7) (12) (3) (21) (8) (38) (5) (9) (24) (23) (32) (6) (39) (1) (22) (27) (4) (33) (10) (17) (34) (26) (41) (13) (15) (45) (35) (18) (43) (2) (46) (14) (29) (49) (11) (30 19) 
16 (49) (19) (21) (28) (10) (44) (17) (29) (36) (15) (32) (9) (6) (2) (12) (48) (50) (25) (20) (1) (38) (8) (7) (18) (22) (5) (41) (24) (45) (30) (3) (39) (16) (26) (43) (47) (23) (4) (31) (13) (11) (40) (35) (33) (27) (34) 
17 (4) (21) (5) (10) (48) (24) (7) (17) (26) (35) (13) (30) (9) (43) (22) (39) (25) (14) (8) (44) (32) (29) (18) (19) (27) (50) (38) (40) (1) (49) (15) (16) (46) (37) (41) (11) (23) (12) (34) (31) (42) (45) (28) (33) (47) 
18 (33) (20) (17) (15) (49) (32) (21) (26) (50) (31) (16) (34) (5) (48) (47) (30) (6) (23) (1) (10) (25) (37) (42) (44) (35) (19) (28) (27) (39) (46) (4) (7) (24) (9) (3) (45) (11) (12) (18) (29) (13) (41) (36) (38) (22) (14) 
19 (36) (10) (18) (42) (40) (9) (12) (27) (41) (1) (16) (11) (4) (30) (39) (44) (20) (28) (43) (17) (48) (38) (37) (21) (3) (22) (2) (13) (8) (32) (6) (33) (46) (49) (34) (5) (24) (7) (19) (47) (31) (25) (23) (50) (15) 
20 (43) (36) (34) (37) (12) (21) (47) (11) (18) (19) (38) (42) (5) (23) (1) (48) (32) (27) (15) (17) (28) (3) (22) (25) (49) (24) (39) (30) (45) (31) (4) (16) (2) (13) (14) (10) (7) (50) (33) (9) (46) (26) (29) (8) (41) 
21 (12) (11) (9) (35) (14) (7) (27) (37) (34) (19) (26) (50) (42) (41) (10) (40) (21) (18) (28) (39) (17) (22) (15) (1) (13) (45) (16) (33) (44) (6) (38) (2) (8) (47) (43) (4) (25) (32) (3) (29) (36) (48) (46) (24) (5) 
22 (30) (26) (23) (8) (14) (39) (10) (3) (7) (29) (16) (5) (15) (13) (38) (24) (37) (18) (47) (17) (28) (1) (49) (40) (11) (32) (42) (35) (4) (9) (2) (22) (44) (34) (25) (41) (6) (36) (43) (48) (50) (19) (27) (20) (46) (31) 
23 (38) (30) (24) (2) (9) (10) (50) (1) (45) (47) (31) (28) (34) (41) (5) (46) (6) (13) (39) (44) (49) (26) (7) (33) (36) (32) (18) (8) (29) (14) (43) (42) (21) (37) (35) (4) (19) (48) (27) (15) (17) (23) (11) 
24 (43) (11) (24) (28) (46) (6) (15) (3) (29) (26) (35) (9) (48) (34) (17) (27) (22) (14) (40) (1) (20) (37) (2) (7) (44) (38) (49) (30) (31) (12) (32) (21) (42) (50) (10) (19) (39) (18) (4) (5) (25) (41) (23) (47) 
25 (47) (15) (29) (21) (40) (14) (22) (31) (49) (32) (33) (34) (19) (16) (6) (35) (12) (46) (23) (3) (45) (41) (30) (13) (24) (7) (28) (20) (48) (11) (18) (17) (2) (38) (36) (8) (43) (27) (39) (25) (26) (44) (4) 
26 (27) (25) (2) (10) (19) (29) (22) (24) (18) (28) (41) (15) (39) (11) (42) (38) (9) (12) (26) (40) (7) (33) (23) (3) (37) (46) (5) (14) (50) (35) (4) (45) (47) (32) (43) (49) (36) (16) (21) (20) (30) (13) (17) (44) (34) (1) 
27 (49) (14) (37) (11) (29) (26) (36) (7) (27) (48) (13) (24) (30) (18) (10) (16) (42) (35) (43) (41) (4) (20) (45) (39) (47) (9) (5) (32) (8) (31) (23) (12) (6) (22) (1) (2) (28) (33) (38) (21) (15) (17) (40) (34) (44) (50) (25) (3) 
28 (6) (28) (2) (21) (36) (9) (33) (7) (20) (42) (48) (16) (14) (39) (50) (11) (38) (5) (22) (30) (41) (15) (4) (47) (10) (23) (34) (27) (49) (31) (44) (24) (19) (8) (13) (32) (12) (35) (43) (26) (46) 
29 (36) (9) (10) (32) (22) (33) (31) (7) (2) (12) (19) (4) (6) (16) (3) (45) (13) (18) (20) (41) (38) (46) (37) (21) (39) (25) (15) (30) (43) (8) (48) (17) (42) (26) (47) (5) (27) (11) (14) (49) (23) (34) (28) (29) 
30 (14) (12) (49) (39) (25) (23) (45) (33) (32) (11) (1) (10) (19) (8) (30) (6) (15) (40) (29) (9) (20) (3) (2) (43) (47) (46) (21) (36) (7) (22) (5) (27) (34) (38) (17) (13) (24) (18) (41) (48) (42) (26) (31) (50) (4) (28) (37) (44) 
31 (22) (16) (32) (8) (34) (27) (13) (36) (9) (3) (46) (2) (25) (24) (7) (6) (38) (44) (49) (5) (35) (30) (50) (48) (11) (21) (10) (33) (39) (15) (20) (1) (41) (23) (47) (26) (18) (45) (19) (4) (28) (37) 
32 (39) (46) (30) (2) (16) (45) (43) (40) (37) (11) (26) (28) (36) (9) (25) (8) (17) (4) (3) (50) (7) (10) (38) (33) (23) (44) (22) (18) (41) (13) (32) (12) (49) (47) (48) (42) (34) (14) (31) (5) (35) (20) (27) 
33 (12) (17) (26) (10) (42) (5) (24) (44) (28) (3) (46) (1) (13) (45) (9) (8) (41) (30) (34) (31) (32) (35) (29) (21) (27) (47) (48) (22) (14) (11) (25) (7) (50) (2) (33) (23) (49) (40) (15) (20) (36) (16) (38) (39) (19) 
34 (39) (22) (24) (5) (38) (30) (49) (20) (12) (23) (6) (45) (10) (37) (14) (17) (31) (16) (36) (4) (13) (28) (19) (43) (18) (21) (32) (48) (27) (41) (50) (2) (7) (35) (46) (25) (15) (34) (11) (47) (1) (29) (8) (33) (26) (9) (44) 
35 (31) (15) (25) (1) (40) (32) (28) (20) (21) (29) (7) (47) (43) (33) (6) (36) (49) (48) (22) (19) (26) (3) (37) (50) (39) (46) (11) (16) (18) (10) (27) (24) (41) (8) (38) (45) (14) (17) (13) (5) (12) (34) (4) (42) (35) 
36 (9) (28) (43) (36) (3) (41) (8) (11) (17) (5) (26) (49) (10) (27) (4) (13) (21) (31) (20) (45) (16) (15) (12) (47) (34) (48) (46) (33) (32) (44) (38) (37) (30) (7) (1) (42) (2) (39) (19) (23) (22) (18) (25) (6) (40) (24) (29) 
37 (27) (13) (21) (6) (43) (40) (47) (19) (42) (26) (11) (16) (35) (49) (31) (23) (50) (24) (14) (45) (18) (29) (8) (33) (39) (5) (22) (9) (25) (15) (10) (12) (36) (20) (28) (46) (17) (38) (1) (2) (30) (41) (37) (7) (32) 
38 (28) (16) (44) (48) (20) (39) (25) (11) (26) (10) (36) (3) (42) (4) (37) (40) (17) (47) (22) (1) (33) (12) (34) (5) (30) (38) (46) (6) (9) (35) (24) (15) (41) (13) (32) (18) (19) (27) (49) (50) (2) (43) (8) (14) (29) (21) (7) 
39 (33) (16) (49) (9) (50) (35) (2) (48) (41) (36) (43) (30) (18) (26) (39) (47) (40) (31) (24) (29) (37) (10) (42) (46) (7) (1) (13) (4) (3) (34) (20) (44) (28) (14) (8) (6) (22) (21) (15) (38) (32) (45) (27) 
40 (11) (25) (15) (23) (14) (42) (47) (1) (46) (28) (31) (8) (32) (20) (50) (44) (49) (29) (2) (18) (6) (12) (36) (45) (35) (38) (27) (43) (24) (3) (17) (40) (4) (33) (41) (10) (30) (34) (48) (21) (5) (39) (22) (19) (9) (7) 
41 (41) (45) (9) (39) (28) (42) (12) (4) (23) (5) (6) (15) (1) (30) (27) (44) (40) (7) (32) (46) (50) (22) (19) (13) (31) (35) (25) (43) (36) (16) (29) (20) (10) (14) (3) (18) (8) (47) (2) (37) (34) (21) (17) (26) (38) 
42 (9) (49) (41) (23) (36) (28) (32) (22) (16) (19) (39) (34) (11) (42) (5) (48) (33) (45) (1) (43) (25) (47) (29) (20) (27) (37) (12) (40) (21) (14) (31) (26) (10) (35) (24) (13) (17) (4) (15) (38) (18) (6) (2) (44) (30) (7) (8) (46 3) 
43 (7) (35) (29) (39) (47) (15) (49) (31) (43) (5) (20) (37) (28) (11) (32) (34) (12) (42) (26) (4) (19) (46) (6) (18) (48) (50) (13) (44) (30) (27) (23) (14) (8) (2) (1) (10) (21) (22) (9) (40) (17) (45) (33) (24) (41) 
44 (48) (28) (39) (20) (15) (40) (49) (37) (7) (30) (9) (34) (10) (32) (14) (24) (2) (11) (3) (31) (33) (46) (29) (50) (13) (16) (27) (18) (1) (22) (21) (45) (8) (36) (41) (47) (43) (42) (12) (19) (17) (26) (25) (6) (5) 
45 (42) (32) (33) (48) (11) (44) (24) (4) (6) (47) (27) (49) (16) (35) (34) (21) (7) (45) (29) (3) (18) (37) (43) (10) (36) (30) (9) (25) (2) (5) (50) (22) (23) (39) (20) (14) (13) (15) (1) (31) (40) (12) (19) (26) (17) (38) 
46 (15) (38) (44) (1) (24) (36) (2) (6) (49) (23) (37) (4) (43) (35) (17) (45) (8) (39) (32) (31) (7) (5) (9) (21) (41) (10) (22) (30) (27) (50) (33) (29) (48) (34) (46) (40) (18) (26) (3) (28) (16) (12) (20) (47) (13) 
47 (28) (15) (33) (29) (12) (36) (24) (37) (6) (32) (17) (22) (20) (18) (27) (40) (3) (5) (1) (2) (21) (8) (23) (31) (26) (11) (25) (35) (9) (7) (43) (45) (30) (42) (38) (19) (4) (46) (47) (13) (44) (16) (41) (10) 
48 (48) (1) (30) (22) (3) (15) (46) (12) (16) (34) (39) (33) (6) (2) (29) (14) (23) (26) (21) (19) (5) (36) (25) (32) (41) (49) (7) (35) (10) (45) (9) (40) (42) (17) (31) (50) (8) (20) (24) (13) (37) (18) (44) (47) (38) (28) (11) 
49 (34) (28) (39) (47) (41) (22) (27) (38) (45) (8) (46) (5) (48) (20) (4) (30) (6) (40) (9) (44) (17) (13) (24) (43) (37) (19) (16) (7) (33) (35) (18) (12) (14) (49) (11) (36) (29) (10) (1) (42) (25) (26) (23) (15) 
50 (30) (34) (48) (22) (24) (6) (20) (38) (11) (9) (47) (12) (35) (31) (8) (39) (33) (21) (5) (15) (40) (26) (43) (2) (32) (18) (16) (46) (41) (44) (23) (14) (17) (49) (50) (45) (27) (7) (10) (13) (29) (37) (1) (25) (36) (4) (42) 
