0
50
50
1 (36 12) (3) (4) (44) (7 22) (10) (29) (48) (42) (16) (8) (15) (45) (18) (23) (37) (49) (25) (24) (40) (35) (20) (5) (38) (27) (13) (50) (14) (6) (26) (46) 
2 (44) (29) (20) (3) (35) (38) (50) (22) (15) (5) (43) (13) (23) (30) (26) (33) (46) (32) (19) (42) (34) (4) (12) (37) (31) (24) (36) (2) (41) (14) (7 18 45) (17) (9) (39) (28) (1) 
3 (11) (22) (17) (50 36) (34) (32) (39) (28) (20) (18) (15) (46) (41) (13) (21 38) (2) (26) (43) (33) (30) (16) (31) (27) (29 47) (19) (44) (6) (23) (25) (12) (8) (3 48) 
4 (31) (40) (37) (27) (7 48 15) (3) (14) (20) (17) (2) (24) (39 10 1 33) (8 41) (36) (22 46) (13) (32) (43) (16) (35) (50) (47) (11) (21) 
5 (17) (5 35) (38) (22) (27) (21) (19) (33) (34) (44) (9) (18) (7) (12) (15 47 10) (29) (43) (14) (24) (45) (48) (4) (20) (28) (23 42 16) (50) (30) (1) (36) 
6 (6) (25) (43) (33) (5) (14) (17) (12) (11) (27 40) (41) (1) (49) (19) (15) (20) (35) (8) (24) (36) (42) (18) (44) (7) (21) (13) (32) (34) (4) (3) (9) (37) (28) (16) (50) (48) (47) (22 30) (45) 
7 (29) (41) (8) (36) (4) (5) (46) (38) (23 28) (13) (48) (2) (40) (22) (43) (17) (30) (37) (27) (35) (3) (47) (32 1) (11) (49) (25 50) (6) (12) (31) (19) (20) (24) (44) (26) (42) (9) 
8 (49) (29) (34) (24 50) (5) (14) (39) (20 25) (12) (10) (44) (35) (6) (7) (38) (45) (40) (36) (33 3) (9) (48) (23) (37) (2) (13) (11) (4) (19) (41) (46) 
9 (49) (17) (20) (4) (39) (1) (32 47) (31) (34) (13) (35) (48 12) (29) (46) (43) (33) (24) (14) (36) (37) (6) (42) (40) (15) (41) (7) (22) (5) (30) (25) (45) 
10 (46) (19) (27) (21) (25) (38) (11) (50 18) (45) (44) (2) (9) (29) (17) (24) (36) (34) (23 37) (5) (20) (26) (43) (12) (3) (14) (30) (22) 
11 (46) (33) (30 18) (36) (22) (17) (38) (26) (35) (14) (40) (11) (24) (50) (45) (25) (3) (42) (27) (15) (47) (49) (34 7) (41) (20) (44) (8) (39) (4) (9) (29) (2) (5) 
12 (6 49) (50) (23) (27) (17) (2 40) (41) (29) (4 38) (7) (15) (44 11) (36) (39) (32) (34) (31) (19) (28) (12) (47) (45) (5) (1) (14) (21) (3) (24 35) (18 42) 
13 (25) (44) (37) (21) (32 1 16) (15) (36) (24) (43) (34) (48 35 22) (33) (30) (9) (14 29) (20) (10) (38) (47) (40) (6 19) (27) (3) (17) (42) (11) (28) (26) (18) (39) (50) (46) (13) (41) (49) 
14 (11) (40) (13) (2) (28) (30) (18) (26) (6) (49) (23) (16) (43) (44) (5) (42) (3) (31 46) (38) (34) (27) (20) (50) (47) (24 1) (36) (10) (48 29) 
15 (44) (31) (30) (24) (23) (38 39) (40) (49) (13) (16) (11) (2) (18) (42) (20) (46) (3) (15 36) (27) (37 47) (28 50) (12) (35 19) (9) (33) (43 1) (14) (32) (5) (8) 
16 (35) (1) (19) (24) (22) (34) (12) (38) (15) (30) (43) (9 10) (44) (8) (18) (2) (5) (23) (49) (13) (21) (17 14) (20) (3) (47) (42) (25 31) (11) (32) (16) (4) (28 6) (37) (39) 
17 (42) (40) (38) (43) (39) (33) (35) (26) (17) (23) (22) (36) (18) (11) (4) (27) (49) (13) (34) (24) (5 9) (8) (37) (41) (28) (46) (50) (14) (10) (15) (19) (6) (21) (20) (1) (44) 
18 (10) (48) (44) (39) (14) (41) (28) (23) (33) (50 19) (47) (46) (12) (15 7) (9) (13) (31) (5) (43) (24) (4) (38) (35 42 32) (6) (30) (22) (20) (11 2) (36) (3) (34) 
19 (22) (15) (27) (17) (46 8) (28) (10) (43) (37) (29) (44) (31) (47) (36) (19) (26) (24 33) (50) (12) (3) (32) (1) (49) (25 11) (30) (20) (4) (34) (13) (39) (14 9) (16 21) (5) 
20 (6) (18 42) (43) (2) (37) (14) (40) (12) (30) (28) (25) (47) (26) (10) (46) (11) (1) (19) (20) (45) (44) (23) (5) (17 49) (24) (9) (36) (50) (31) (39) (8) 
21 (17 4) (45) (49) (39) (22 2) (29) (15) (40) (37) (48) (3) (23 1) (12) (38 43) (25) (44) (47) (16) (27 28) (24) (6) (33) (18) (19) (7) (20) (35) (9) (30) (10) (11) (34) 
22 (26) (4) (9) (15) (43) (11) (32) (6) (18) (50) (46) (5) (17) (33) (19) (25) (22 28) (3) (31) (20) (42) (37) (1) (7) (16) (10) (30) (29) (45 47) (44) (14) 
23 (36 46 3) (21) (14) (45) (16) (26) (44) (37) (35) (48) (6 32) (25) (17) (7) (8 18) (38 24 34) (5) (4) (22) (15) (2) (49) (27 20 1) (42) (19) 
24 (13) (19) (9) (26) (6) (37) (17 8) (10) (49) (32) (44) (3) (48) (2) (24) (27) (12) (1) (34) (46) (21) (50) (14) (43) (15) (47) (39) (35) (7) (28) (18) 
25 (29) (18) (16) (10) (14) (8) (3) (36) (22) (48) (23 5) (49 7) (20) (6) (27) (31) (32) (11) (44) (2 12) (15) (35 19) (39) (41 17) (46) (42) (30 43) 
26 (15) (5 45) (34) (16) (18) (9) (21) (20) (3) (41) (24) (49) (35) (33) (30) (12) (14) (48) (28 37) (23) (11) (26) (40 4) (31) (38) (47) (36) (42 25) (10) (32) (7) 
27 (48) (32) (7) (31) (24) (30 47) (6 20) (43) (22) (36) (25) (3) (21) (38) (34) (28 41) (23 37) (9) (27) (39) (50) (46) (2) (14) (18 5) 
28 (22) (9) (3) (39) (8) (1) (38) (43) (23) (44) (46) (2) (6) (42) (50) (29) (25) (31) (15) (30) (28) (7) (19) (16) (34) (41) (24) (48) (4) (26) (47) (20) (33) (13) (12) 
29 (39) (29) (49) (34) (33) (30) (40) (19) (50) (46) (2) (8) (48 28) (11 31) (17) (23) (20 7) (21) (26) (1) (14) (35) (15) (22) (9) (6) (27) (44) (24) (18) (16) (45) (43) (37) (12 5) (32) (42) 
30 (27) (12) (44) (16) (29) (15) (49) (7) (45) (47) (37) (43) (33) (20) (19) (17 14) (31) (5) (48) (8) (10) (3) (32) (40) (9) (23) (28) (35) (50) (25) (22) (30) (4) (21) (42 2) (11 39) 
31 (26 16) (9) (7) (6) (10) (31 43) (22) (15) (19) (48) (5 27) (11) (2) (17) (1) (18 50) (44) (37) (42) (13) (40) (38) (21) (46) (33) (49) (41) (47) (34 3) (8) (35) 
32 (6) (42) (30 37) (35) (15) (9) (48) (4 25) (1) (47) (2) (41) (31) (23) (19) (5) (10) (18) (44) (17) (3) (12) (45) (8) (27) (14) (13) (36) (38) (20) (40) (50) 
33 (11) (14) (33) (36) (47) (44) (42) (12) (26) (18 1) (41) (7) (19) (35) (9) (16) (32 30) (49) (25 34) (20) (15) (24) (3) (45) (23) (37) (50) (39) (10) (48) (28) (4) (6) 
34 (19 6) (23) (39 30) (11) (16) (34 31) (48) (41 36) (32) (38) (15) (46) (40) (28) (10) (22) (43) (24) (9) (26) (33) (14) (50) (29) (12) (17) (25) (49) (21) (18) (2) (3) 
35 (35) (39) (9) (11) (33) (23) (46) (10) (41) (42) (18) (29) (6) (21) (45) (27) (5) (12) (43) (31) (3) (37) (1) (17) (14) (36) (13) (19) (47) (48) 
36 (38) (11) (7) (17) (18) (9) (41) (25) (21 35) (14) (29) (26) (39) (49) (44) (8) (40 23) (5) (47) (37) (48) (10) (50) (31) (32) (36) (27) (34) (6) (42) (24) (30) (4) (1) (28) (33) 
37 (25) (47) (33) (40) (50) (42) (23) (26) (35) (31) (39) (24) (6) (48) (19) (15) (45) (34) (30) (14) (9 22) (17) (11) (5) (27) (41) (2) (37) (20) (1) (21) (12) (32) (13) (29) (46) (16) (18) (8) 
38 (10) (42) (13) (34) (40) (29) (33) (24) (3) (50) (8) (41) (35) (7) (43) (25) (12) (44) (5) (20 49) (4) (47) (11) (37) (15) (31) (26 18) (23) (2) (21) (17) 
39 (29) (1 42) (39) (20) (35 44) (16) (36) (49) (14) (26) (4) (37) (21) (34 7) (28) (17) (12) (30) (6) (10) (3) (41) (40) (47) (18) (11) (8 25) (9) (50) (13) (19) (24) 
40 (12) (21) (10) (7) (1) (25) (11) (15) (43) (49) (32) (35) (9) (23) (37) (41 27) (50) (3) (48) (4) (31) (13) (33) (19) (26) (28) (40) (16) (44) (17) (22) (34) (42 14) (29) (39) (6) (45) (46) 
41 (2) (20) (42) (24) (49) (26) (19) (45) (5) (33) (34 50) (32 8) (18) (27 14) (6) (17) (46) (28) (39) (41) (31) (43) (25 7) (21) (4) (16) (38) (13) (1 35) (37) (3) (22) (10) (36) 
42 (39) (13) (38) (14 42) (9) (11) (1) (22 33 31) (43) (10) (40) (28) (15) (29) (25) (34) (26) (27) (20) (17) (18) (3) (36) (21) (41) (37) (16) (48) (50) (7) (35) 
43 (13) (49) (50) (11 19) (35) (16) (7) (34) (33) (28) (17 5 48) (18) (46) (8) (6) (9) (41) (39) (47 29) (22) (12) (15) (10) (45) (26) (24 14) (23) (3) (25) (1) (27) (20) (32) 
44 (7) (31) (46) (30) (48) (38) (41) (19) (45) (11) (13) (44) (16) (15 25) (12) (2) (34) (3) (18) (35) (32) (21) (26) (1 20) (10) (37) (8) (27) (42) (49) (36) (22) (40) (17) (43) (5) (4) 
45 (29) (1) (45) (38) (34) (17) (14) (8) (50) (22) (30) (11) (46) (7) (13) (10) (31) (44) (24) (15) (25) (28) (23) (21) (26) (6) (47 16) (12) (48 43) (41) (35) (4) (9) (19 3) 
46 (26) (14) (4) (35) (6) (16) (45) (15) (21) (20) (22) (13) (42) (33) (28) (39) (23) (29) (2) (5) (50) (31) (43) (40) (12) (49) (30 47) (9) (38) (25) (48) 
47 (30) (41 14) (33) (24) (32) (19) (27) (46) (47) (49) (39) (45) (26) (48) (34) (9) (1) (25) (20) (10) (13) (17) (29) (18) (16) (22) (4) (37) (2) (44 11 6) (21) 
48 (47) (17) (10) (15) (7) (25) (40) (1 21) (26) (4) (13 8) (36) (45) (14) (9) (38) (27) (32) (42) (5) (24 34) (3 33) (18) (50) (46) (44 41) (19) (35) (49) 
49 (9) (47) (39) (42) (6) (36) (11) (49) (29) (43) (21) (7) (38) (5) (24) (20) (35) (4) (48) (3) (17 13) (32) (41) (31) (10) (30) (44) (22) (2) (15) (14) (19) (37) (12) (34) (28) 
50 (2) (42) (3) (17) (41) (40) (28) (48) (25) (10) (14) (20) (22) (39) (24) (18) (47) (33 13) (12) (29) (7) (19) (8) (35) (6) (50) (36) (49) (23) 
1 (41) (16) (21) (14) (7) (22) (33) (44) (37) (23) (32) (9) (36) (42) (2) (39) (4) (24) (45) (6) (17) (28) (13) (43) (15) (20) (48) (31) (40) (19) (47) (5) (35) (12) (29) 
2 (47) (28) (29) (2) (20) (31) (34) (15) (38) (27) (3) (4) (46) (44) (32) (25) (18) (16) (41) (7) (23) (8) (10) (30) (11) (37) (12) (14) (49) (50) (21) (24) 
3 (19) (38) (18) (11) (24) (30) (50) (8) (21) (44) (13) (12) (14) (31) (4) (15) (23) (25) (26) (43) (7) (42) (2) (16) (6) (39) (28) (3) (48) (45) (40) (22) (10) (1) (33) (32) (35) (34) (49) (41) (27) 
4 (19) (12) (44) (40) (23) (17) (49) (22) (11) (38) (47) (26) (45) (6) (32) (7) (9) (41) (30) (48) (16) (21) (33) (46) (5) (39) (1) (36) (18) (8) (28) (2) 
5 (1) (49) (37) (17) (10) (6) (29) (46) (31) (2) (26) (22) (16) (9) (38) (36) (7) (35) (23) (41) (12) (20) (5) (8) (44) (11) (43) (27) (15) (30) (14) (18) (48) (32) (25) (19) 
6 (28) (13) (3) (50) (47) (21) (27) (46) (22) (31) (36) (29) (12) (7) (33) (37) (43) (9) (49) (32) (1) (41) (35) (20) (16) (24) (25) (45) (17) (8) (6) (39) (34) (14) (23) (40) (18) 
7 (41) (9) (26) (49) (1) (4) (21) (38) (27) (30) (28) (39) (40) (23) (6) (11) (33) (36) (22) (50) (12) (18) (48) (24) (44) (42) (43) (29) (8) (45) (31) (5) (2) (25) 
8 (39) (17) (4) (29) (1) (7) (25) (31) (16) (48) (20) (38) (6) (11) (15) (32) (50) (30) (24) (37) (36) (43) (44) (45) (23) (41) (19) (3) (28) 
9 (36) (11) (15) (18) (39) (19) (35) (49) (21) (17) (31) (6) (22) (43) (8) (28) (24) (13) (48) (37) (5) (26) (16) (33) (29) (20) (27) (34) (40) (2) (7) (10) (32) (47) (46) (45) (42) (30) 
10 (41) (24) (39) (16) (31) (36) (14) (19) (8) (35) (43) (50) (34) (42) (49) (22) (20) (26) (18) (25) (17) (5) (13) (30) (45) (47) (21) (33) (40) (1) (48) (38) (44) (32) (4) 
11 (31) (21) (7) (13) (38) (16) (49) (36) (22) (18) (14) (45) (43) (17) (25) (34) (26) (8) (35) (3) (37) (15) (39) (29) (11) (10) (20) (19) (42) (44) (6) (40) (4) (30) (33) (47) (12) 
12 (15) (49) (38) (50) (7) (6) (3) (8) (37) (46) (12) (35) (2) (30) (32) (21) (26) (29) (44) (10) (19) (18) (40) (5) (25) (39) (9) (20) (34) (28) (45) (24) (43) (16) (33) (1) 
13 (8) (42) (3) (41) (48) (40) (38) (14) (15) (24) (18) (47) (13) (2) (7) (31) (9) (50) (35) (37) (17) (45) (19) (16) (43) (49) (4) (6) (39) (28) (44) (1) (32) (46) 
14 (26) (24) (16) (36) (39) (10) (41) (8) (29) (46) (37) (47) (17) (13) (50) (34) (2) (43) (6) (33) (27) (9) (42) (5) (15) (45) (49) (23) (20) (30) (1) (18) (11) (35) (12) (48) (40) (22) (32) (25) (4) (19) 
15 (18) (28) (25) (31) (11) (3) (44) (37) (5) (17) (45) (38) (48) (46) (30) (34) (43) (19) (40) (9) (49) (4) (12) (13) (29) (21) (42) (16) (32) (23) (22) (1) (2) (6) (26) (33) (24) (15) 
16 (16) (25) (4) (33) (15) (47) (43) (1) (34) (31) (37) (3) (44) (14) (22) (46) (39) (23) (29) (40) (6) (41) (13) (21) (19) (28) (45) (5) (30) (26) (42) 
17 (9) (29) (49) (23) (43) (13) (50) (48) (5) (25) (34) (42) (20) (38) (4) (12) (37) (10) (22) (45) (2) (6) (36) (32) (24) (3) (7) (35) (39) (21) (17) (11) (44) (19) (30) (40) (31) (41) (16) (47) 
18 (17) (1) (27) (25) (14) (38) (11) (22) (3) (48) (34) (5) (50) (10) (24) (31) (16) (15) (43) (41) (26) (12) (42) (37) (47) (36) (39) (6) (44) (2) (23) (35) (13) (21) (32) (33) (29) (20) 
19 (28) (2) (41) (10) (25) (20) (29) (18) (45) (23) (22) (39) (19) (5) (3) (12) (34) (44) (16) (32) (48) (37) (7) (13) (17) (24) (47) (6) (35) (30) (8) (33) (49) (50) (31) (15) (21) (43) (40) 
20 (44) (49) (28) (11) (30) (23) (18) (3) (38) (8) (33) (15) (39) (1) (16) (37) (27) (6) (20) (13) (41) (21) (4) (32) (19) (10) (29) (43) (7) (46) (14) (2) (42) (50) (5) (9) (25) (22) (47) (17) (26) 
21 (46) (31) (38) (26) (13) (6) (23) (34) (41) (37) (48) (3) (40) (49) (45) (27) (5) (42) (29) (4) (36) (19) (47) (39) (30) (35) (12) (44) (17) (10) (16) (24) 
22 (5) (44) (29) (45) (16) (41) (21) (6) (17) (19) (9) (42) (7) (23) (10) (25) (31) (13) (28) (2) (47) (34) (3) (4) (22) (1) (50) (40) (11) (37) (30) (49) (18) (46) (27) (43) 
23 (29) (30) (2) (43) (46) (7) (5) (14) (25) (8) (50) (3) (1) (26) (34) (10) (27) (15) (36) (16) (17) (40) (37) (45) (38) (35) (20) (18) (21) (28) (33) (12) (32) 
24 (18) (29) (10) (41) (39) (8) (34) (19) (28) (37) (43) (1) (11) (49) (26) (16) (27) (12) (36) (50) (23) (9) (20) (5) (14) (4) (15) (45) (7) (38) (6) (47) (2) (17) (21) (24) (48) (13) (33) 
25 (19) (45) (38) (13) (21) (32) (9) (16) (36) (22) (47) (11) (8) (39) (6) (50) (41) (30) (26) (20) (42) (3) (7) (44) (37) (33) (27) (34) (10) (28) (40) (48) (43) (23) (1) (46) 
26 (36) (39) (41) (40) (14) (3) (13) (2) (46) (19) (29) (48) (11) (23) (45) (33) (22) (26) (38) (42) (31) (1) (7) (24) (37) (34) (43) (10) (44) (20) (28) (47) (17) 
27 (13) (24) (40) (41) (5) (31) (44) (6) (47) (23) (15) (10) (35) (43) (7) (32) (4) (3) (1) (29) (36) (19) (48) (30) (42) (25) (27) (17) (14) (12) (37) (21) (11) 
28 (29) (28) (13) (22) (2) (12) (27) (40) (20) (3) (42) (50) (41) (43) (33) (17) (14) (46) (34) (36) (6) (18) (7) (15) (5) (16) (19) (21) (30) (49) (24) (26) (39) (45) 
29 (42) (21) (47) (34) (43) (29) (49) (14) (38) (25) (13) (3) (10) (12) (9) (46) (22) (11) (2) (50) (45) (19) (7) (30) (5) (1) (8) (39) (37) (35) (36) (28) (40) 
30 (14) (33) (11) (16) (3) (7) (46) (21) (44) (27) (9) (49) (18) (30) (28) (29) (2) (36) (19) (13) (39) (15) (37) (47) (25) (26) (6) (22) (10) (5) (32) (45) (34) (20) 
31 (40) (2) (41) (30) (19) (49) (46) (31) (37) (35) (4) (20) (3) (44) (22) (25) (14) (36) (12) (9) (15) (16) (38) (28) (27) (32) (42) (29) (26) (7) (18) (34) (45) 
32 (47) (16) (44) (18) (3) (36) (2) (7) (22) (41) (43) (13) (24) (40) (48) (25) (37) (4) (23) (27) (15) (49) (6) (30) (19) (12) (33) (34) (26) (9) (29) 
33 (34) (9) (15) (19) (17) (6) (50) (38) (4) (47) (18) (37) (28) (5) (13) (30) (35) (21) (22) (42) (29) (33) (48) (3) (36) (11) (40) (46) (31) (2) (26) (41) (8) (43) 
34 (10) (21) (16) (36) (43) (26) (5) (24) (8) (34) (3) (38) (31) (11) (44) (2) (27) (12) (39) (48) (28) (42) (18) (17) (23) (41) (6) (40) (29) (37) (14) (33) (9) (47) (49) (45) (19) (13) 
35 (16) (45) (29) (24) (31) (46) (13) (37) (9) (2) (17) (8) (4) (7) (36) (23) (42) (21) (49) (35) (1) (44) (12) (50) (41) (33) (30) (26) (43) (5) (39) (48) (38) (6) (40) (18) (25) (15) (32) (11) 
36 (18) (20) (3) (7) (2) (23) (12) (34) (26) (41) (44) (48) (11) (8) (5) (27) (14) (36) (50) (13) (1) (15) (9) (19) (4) (32) (6) (49) (39) (35) (33) (10) (42) (17) (25) 
37 (31) (13) (2) (37) (8) (22) (40) (38) (30) (39) (41) (49) (6) (26) (24) (19) (15) (20) (9) (36) (1) (35) (17) (4) (42) (47) (33) (7) (32) (23) (29) (16) (10) (21) (27) (44) 
38 (1) (8) (45) (42) (32) (11) (13) (2) (27) (12) (31) (48) (14) (44) (3) (5) (18) (7) (36) (17) (26) (15) (23) (49) (21) (28) (41) (16) (10) (34) (46) 
39 (42) (3) (40) (12) (29) (50) (27) (4) (19) (18) (34) (43) (11) (16) (30) (47) (21) (24) (37) (20) (15) (36) (46) (49) (28) (8) (9) (25) (17) (41) (35) (13) (2) (39) (33) 
40 (12) (44) (7) (40) (31) (26) (37) (8) (46) (15) (36) (13) (20) (48) (34) (14) (4) (50) (17) (11) (9) (21) (39) (30) (38) (32) (29) (1) (6) (42) 
41 (41) (3) (13) (27) (2) (35) (4) (32) (47) (8) (45) (37) (12) (42) (18) (31) (6) (38) (39) (9) (36) (34) (7) (44) (43) (26) (50) (49) (28) (48) (17) (25) (40) (33) (11) 
42 (35) (7) (29) (17) (44) (36) (14) (6) (18) (22) (9) (11) (37) (48) (40) (41) (15) (1) (38) (31) (30) (2) (5) (49) (16) (32) (50) (39) (23) (46) (33) (13) (26) (12) (28) (25) (42) (20) 
43 (7) (29) (41) (10) (25) (28) (9) (46) (35) (21) (16) (2) (18) (22) (34) (49) (44) (45) (40) (24) (27) (4) (15) (20) (31) (13) (6) (19) (42) (17) (14) (5) (30) (3) (38) 
44 (5) (19) (39) (7) (12) (20) (44) (17) (18) (2) (28) (6) (36) (23) (15) (29) (40) (11) (48) (21) (13) (33) (25) (16) (10) (1) (30) (8) (38) (32) (24) (49) (45) (22) (14) (3) (47) (31) 
45 (40) (8) (2) (35) (45) (43) (22) (11) (21) (6) (41) (29) (12) (46) (26) (44) (23) (47) (33) (20) (9) (1) (30) (37) (5) (32) (10) (48) 
46 (22) (41) (1) (34) (28) (3) (45) (11) (8) (43) (48) (9) (24) (29) (25) (20) (7) (35) (15) (2) (18) (40) (31) (4) (17) (14) (27) (47) (10) (37) (44) (23) (13) (19) 
47 (48) (22) (12) (32) (15) (16) (18) (19) (33) (28) (49) (9) (27) (38) (14) (13) (6) (7) (37) (20) (3) (43) (45) (39) (21) (47) (50) (35) (11) (24) (31) (30) (26) (4) (46) (5) (36) 
48 (50) (36) (13) (26) (18) (31) (25) (44) (37) (42) (24) (43) (34) (40) (49) (23) (21) (8) (47) (14) (27) (35) (28) (33) (1) (30) (29) (45) (32) (6) (5) (3) (46) (4) (9) (7) 
49 (16) (9) (38) (33) (19) (30) (26) (11) (7) (20) (48) (34) (44) (15) (36) (40) (23) (21) (41) (49) (46) (6) (25) (31) (29) (13) (24) (12) (17) (14) (39) (50) (43) (1) (47) (8) 
50 (11) (30) (28) (27) (17) (6) (19) (7) (38) (24) (18) (14) (29) (31) (48) (13) (43) (10) (41) (5) (33) (2) (46) (22) (12) (20) (40) (42) (15) (4) (39) (32) (3) (45) (1) (36) (8) (34) (37) (50) 
