0
50
50
1 (26 9 35) (14 46) (13 19 24 39) 
2 (10 6 22 11 18 39 43 47) (31) 
3 (13 16 30 25 45 38 12 32 36 2) (27 4) 
4 (46 3 44 15) (41) 
5 (37 42 19 7 29) (46 21 48) (20 40) 
6 (33 48 3 24 22) (42 20 18 27 7 39 40 41 11) (45 10 44) (34 29) 
7 (18 35 34) (49 25 1 22) (42 43) 
8 (41) (39 6) (22 29 48) (15) (23 12) 
9 (8 17 13) (20 27 34 19 42 11 32) (18 21 2) 
10 (50 8 36 18 19 33) (5 23 34 6 13 24) 
11 (46 49) (42 25 18 7 11 28 2) 
12 (17) (14 15 7) (20 31 11 46 12 19 18 25 23) 
13 (48 12 10 7 22 33 6 38) (47 32 44 24 27) 
14 (21) (30 50 6 16 41 37 15 20 23) 
15 (42 43) (2 23 25 16 41 12) 
16 (33 25 14 11 49 32) (46) (19 1 47) (23 12) 
17 (38 10 8 43 33 34) (16 2) (42 32 20) (26) 
18 (17) (29 19 20 32 7) (34 25) 
19 (44 10) (36) (21 9) (45) (16 41 32 24 46 30) 
20 (14 43 17 41 5 45 8 11 13 39) (28) (50 32) 
21 (25 30 11 26 50 17) 
22 (41 29 1 34 22 10 48 50 6 13) (32 2 36) 
23 (35 28 1 33 16 50 29 2) 
24 (47 21 16 27 1 40 17) (44 25 18) (22 9) (34 45) 
25 (39 30) (43 33 5 41 25) (31) 
26 (3 40 50 32 45) (7 25) (43) 
27 (15 4 27) (28) (12 38 21 41 40 2 20) 
28 (9 18 50 41 48 21 3) (38 22 5 6 13 23) 
29 (4 49 11 35 27 29 50 7) (39) 
30 (35 43) (36) (17) (23 49 16 13 44 48) 
31 (43 42 18 27 28 9 11 15 10 48) 
32 (40 10 42 39 30) (16) 
33 (4 39 37 47 2) (11 25 26 8) (20) (32) 
34 (23 29 35) (19 20) (4 31 49 9 41 33) 
35 (33 42 15) (8 12 40 19 27) (45 13 46) (4 5 29) 
36 (5) (25 27 10 16) (40) 
37 (23 50 32 16 12 38 7 6) (30 26 8) 
38 (46 3 35 20 13 28 36 4 8 34 21) 
39 (29 3 20 8 49) 
40 (29 16 50 5 42 18) (9 10 24 47 34) 
41 (24 47 39) (15 20 3 29 37) (5 48 1 9) 
42 (1 8 30 48 19) 
43 (14 40 1) (31 11 24 6 3 18 12 42 50) (5) 
44 (33) (8 16) (19 24) (41 2 7 18 34) 
45 (26) (18 36 11 31 45 6 17 10 50 37) 
46 (35) (20 30 40 1 23 46) (32 5) (24 8) 
47 (29 32 14 3) (19) 
48 (43 10 25 46 5 26 30) 
49 (47 29 13 16 21 40 10 27) (5 34 41 7 39 6) 
50 (48 50) (12 6 39 11 40) (10 15 17) 
1 (42) (46) (16 24 7 22 23 43 41) 
2 (11) (33) (9 3 44 27 15 17) (23) (22) 
3 (38) (43) (28) (47) (26 4 39 6 41) 
4 (3) (34) (29) (38) (33 35) (27) 
5 (20) (48) (36) (40) (43) (10 41) (46 35 25) (49 28) 
6 (43) (8) (45) (22) (37) (28) (50) (13) (10 2) (49 14) 
7 (37) (12) (6) (13) (29) (44) (18) (49) (26) (5 11) 
8 (37) (9) (38) (35) (42) (20) (44) (39) (17) (33 10 46) 
9 (28) (1) (24) (41) (40) (19) (34) (31) 
10 (45) (40) (2) (50) (13) (48) (22) (6) (32) (19 31 49 36 17) 
11 (21) (29) (50) (45) (20) (43) (12) (11) (16) (2) (33 6 9 31) 
12 (27) (43) (8) (13) (15) (50) (12) (35) (16) (37) (3) 
13 (10) (38) (1) (22) (9) (49) (28) (20) (3) (35) (30) 
14 (43) (12) (16) (47) (1) (20) 
15 (14) (31) (8) (35) (50) (41) (12) (27) (4) 
16 (40) (17) (44) (37) (36) (24) (14) (19) (23) (30) (3 15 49 32) 
17 (9) (30) (24) (45) (20) (18) (50) (12) (21) 
18 (40) (6) (2) (10) (45) (12) (43) (24) (11) (9) (7 44 28 31) 
19 (35) (44) (16) (34) (47) (18) (1) (5) (10) (42) (9) (12) 
20 (27) (46) (17) (14) (41) (9) (33) (34) (18) (5) (6) (39 12 38) 
21 (49) (19) (14) (38) (9) (5) (27) (28) (24) 
22 (24) (13) (8) (28) (22) (6) (7) (2) 
23 (28) (46) (14) (34) (37) (10) (12) (8) (30) (16) (15) 
24 (10) (1) (41) (19) (40) (43) (6) (44) (46) (13) 
25 (33) (48) (24) (12) (18) (16) (11) (3) (26) (15) (21) (36 25) (7) 
26 (45) (37) (21) (1) (33) (48) (17) 
27 (36) (49) (27) (29) (24) (13) (3) (9) (31) (35) (6) 
28 (31) (38) (20) (27) (23) (11) 
29 (47) (8) (34) (29) (35) (18) (39) (41) (22) (49) (5) (6) (23 40) 
30 (48) (42) (21) (19) (46) (14) (25) (32) (3) (37) 
31 (12) (34) (43) (45) (2) (25) 
32 (3) (46) (26) (22) (16) (47) (33) (9) (13) (18) (19) (17) (20 37) 
33 (6) (10) (17) (13) (44) (25) (34) (35) (16) (23) 
34 (18) (38) (40) (44) (22) (24) (10) (17) (9) (6) (49) (7) 
35 (23) (34) (30) (7) (29) (38) (46) (1) 
36 (22) (38) (30) (3) (45) (10) (19) 
37 (33) (14) (5) (45) (41) 
38 (28) (13) (27) (3) (37) (17) 
39 (6) (1) (33) (29) (50) (20) (49) (25) (2) (8) (32) (41) 
40 (36) (32) (50) (27) (24) (6) (35) (46) (5) (26) (43) (49) 
41 (6) (8) (27) (4) (28) (19) (15) (34) (49) (44) (25) (22) (14 20) 
42 (7) (9) (32) (40) (35) (31) (11) (6) (17) (15) (5) (43) 
43 (15) (48) (25) (2) (20) (7) (26) (17) (31) (30) 
44 (13) (30) (19) (24) (4) (6) 
45 (6) (3) (45) (19) (24) (35) (26) (20) 
46 (12) (4) (38) (19) (35) (48) (11) (5) (1) (46) (16) 
47 (16) (41) (2) (24) (40) (49) (33) (13) 
48 (41) (8) (28) (6) (50) (31) (5) (30) (22) (13) (42) 
49 (30) (29) (16) (7) (11) (39) (34) 
50 (26) (14) (43) (40) (45) (10) (50) (21) (37) (20) (22) (29) (28 23) 
