0
50
50
1 (16 39 1 40) (50 42 13 3 11 7 12 20 21 44 29) (9 37 22 18 10) (48) (19) (31 45 35 17 8 6 36 2) 
2 (24) (12 20) (29 48 11 39) (41 19 26 38) (25) (17 5) (6 15 34 36 33) (30 42 10) (9) (37 21 45) (4) (49 2) (47) (27 1 32) (13) (31 16) (7 22) 
3 (14 50) (37) (44 21 27) (29 22 23 30 39 9 41) (4 45) (7 17 12 6) (16 33) (1 35 8 47 28 48 24 13) (20) (18) (36 38) 
4 (27 47 23 39 48) (42 34 16 3 46 17 22) (28 12 32) (37) (18 45 38 49) (10 8 26 9 40 25 7) (33 2 24 20 5) (31) 
5 (43 8 9) (24 11 33) (50 21 30 37) (42 4) (28 12 10 44 40) (18) (36) (29 17 23 31 5) (19 13 20) (16 14) 
6 (31 38 37 36 9 23) (39 30 15 27 42) (22 43) (26 40 50) (44) (4 1 28) (46) (19) (21 49 29) (10 13 35 25 5) 
7 (33 23 43 10 50 41 21 31 47 7) (25 20 12) (49 16 40) (14 27 17 45 18 2 9 38 34 3 5 19) 
8 (48) (3 22 21 34) (50) (16 27 32 23 15 49 8) (41) (46 44 29 17 20 5 39 13 18 11) (26) (10) (12) (30 31) 
9 (28 47 6 23 15 26) (8 48 39 10 41) (9) (38) (36 19 25 24 5 43) (2 46 49) (37 32 44) (42) 
10 (28 37) (20) (26 50 31 44 16 4) (17 46 6 11) (49 19) (33) (39) (40 30 8 5 22) (29 48 18 27 41) 
11 (38) (42 27 2) (4 23 14 33) (40 12) (3) (15 50 45) (32 34 48) (49 21 47 30 19 36 20 37 35) 
12 (44 23 32 6 38 17 43 45 50 34 9) (40 41 19 14 29 13 5 26 24 2 31 37) (35) 
13 (6 20 24 7) (48 36 34 25 15 9 30 31) (8 41) (5 14) (16) (23 44) (43 3 17 11) (45) (27 12 37 28) (13 4 26 29 19 38) 
14 (49 5 32 43) (2) (4) (19 15) (13 31 25 16 11 38) (46 14 39) (23 50) (10) (27 34) (17) (40 1 30) (48 36 45 42) 
15 (30 47 37) (29) (5 32 16) (12) (23 50) (15 40 1) (18 19 45 38 3 4) (26 7) (27) (8 25 22 10) (34 46 33 11 17 13 49 36 14) 
16 (23 43 22 9) (3 44) (13 16 40 26 19 12) (33 1 17) (39 31 7 21) (10 8 47 29) (11 36) (48 14 35 6 5 49 20) (30) (24) 
17 (23) (47 34 4 16 29 48) (8 24) (11 1 17 14 35) (9) (27) (32 15 18) (21 37 36 42 30 26 3) (19 43) (25 5 7 40) 
18 (27) (12 48 7) (49) (35 40 1 13 16 10 47 22 26 41 42 30) (45 23 2 29 37 5) (21) (46 11 31 38) (18 14) (20) (50 36) (28) 
19 (23) (2 18 36 17) (8 15 45) (11) (38) (1) (16 20 27 30) (22) (33 4) (41 50 7 26) (9) (21 3 48) (6 19) (14 43) 
20 (21 9 23 1 4 12) (32 26 49 19 31) (35 50 8) (30 48 34) (24) (43) (22) (14) (27) (17 29 25 2) (40 42 20) (44 41) 
21 (30) (15) (29) (48 34 46) (22 24 18) (32) (9 26) (8) (28 10 42 13 25 41 44 40 23 33) (36 11 37 16 7) (21) 
22 (18 29 44) (37 50) (31 19) (6 22) (3) (20 42 9 30 38 13 21) (12 46 41 35 10 49) (47) (27 8 17) (33) (40) 
23 (18 35 5) (45) (9 32) (38 42 25 14) (49 36) (39 43 48 13) (33 31 40) (46) (37) (34 26 16 41 30 10 3) 
24 (3 6 40 31 35) (49 38 8 10 13 4) (44) (9) (23 2 18 24 21) (36) (26 25 14 16 47 39 29 32) (27) (30 33) (28 46 5) 
25 (15) (33 9 7 43 4 50 22 34 47 20 36 40 11 12 21) (28 3 31 18) (5 1 42 6 30) (27) 
26 (32 6) (22 48 37) (25) (40 43 45 33 20) (19 27 8 30) (31 23 18) (38 21 12 28) (29 35) (26 14 9 47) 
27 (42 24 16 36 37 44 25) (6 15 49 9 50) (10 18 34) (35) (47 38) (40 41) (46) (12) (11 33 32 4) (17 1 5 27) 
28 (45 27 11 40 21 29 31 28 33 32 41 38 43 8 16 39) (34 22) (5 7 30 17) (24 46 50 25 37) (9 1 2 23) (48 4) 
29 (6 3) (29 20 32 17 27) (50 21) (28) (33) (40 16 30 2) (14 18 45) (37 24 25 4) (5) (34 36) (19) (38 42 41 23 15 13 35 48) 
30 (34 27 29 39 22 43) (49 4) (19 3 47 7 28 25 2 8 32 42 41 20 36) (15 21 26) (9) (18) (40 5 23 24) 
31 (16 49) (47 17) (2) (20) (27 4 41) (22 34 28) (30 12 10) (23) (36) (19 26 37 14 9 29) (38 18 13) 
32 (33 12 40 28) (47) (24 17 22 48 49 27 14) (15 41) (38 42 26 9) (2 46 20 25 11) (4) (16 30 3 50) (44) (35 43) 
33 (28 43 29 41 46) (15 27) (7 14) (12 20) (22 17 32 30 2) (50 49 48 35 11) (33 1 8 6 4 10) 
34 (20 15 47 19 17 35 37 30 44) (28) (40 6) (49 1 7 34) (4) (33) (3) (48 45 2 27) (46 21 10 26 18 9 29) 
35 (7) (25 28) (48 49) (41) (11 4 40) (1 8 3) (30) (16 13) (47 37) (26 31 9 46 42 21) (6 44 36) (32 14 39 19 15) 
36 (21 35 36) (29 26 11 32) (43 20 2 5 44 10 9 8) (19 31 15 24 47 46 40 1) (42 30) 
37 (21 25) (1 6 14 31 10 47) (43) (46 26 32 33) (40) (8 7 48) (9 41) (2 37 17 22) (42 29 49) (38 34) (45) 
38 (16 9 41 38 34) (47 28 23 36) (10 11 26) (7 22 37 27 13) (32 33) (25) (3 45 18 6 20 5) (2) 
39 (44 28) (1 41 19 33 29 8) (36 12 38 17) (35 40 48 34 26) (9) (7) (23) (15 45 25) (37) (11 27 14) (24 5) 
40 (24) (10) (23 34 40 42 7 38 32) (16 28 41 8 36) (9 29 26 50 45 22 44 46 1 48) (13) (2) (6 30) (39 18 49 20 31) 
41 (41 20 31 7 36 15 2) (44 47 32 23 30) (35 43) (34 11 37 29) (10) (21) (6 42 38) (24) (48 12 1 45 8 25) 
42 (22 35 2 18 6 38 16) (41) (17 11 42 47) (43 12 8 40 3 31 39 44 30 46) (48 7) 
43 (7) (16 18 37 43 41 48 1 25 13 49) (29 44 17 30 35) (40 11 10 14 34) (24 5) (46) (21) (42 26 12 3) 
44 (30 36) (28) (29) (22 5 15 1 47) (41) (8) (34) (14 33 38 4 12) (9) (48 43 10 6) (20 11 7 25 45 37) 
45 (32 21 22 20 33 27) (23 4 14 37 29 10 16 9) (47 15 36) (24 49) (44 35) (6) (38 18 43 19) 
46 (15 21 22 30) (19 2 3 31 1 40) (46) (14 45 25 33) (4 12) (24 16 48 7 29 10 37 44 9 6 41) (43) 
47 (13 27 23 25) (17 36 43 39) (21 44) (19) (33) (35 32 11) (45 12 37 30) (10) (22 6 50) (8 28) (5) (49 26) (46 14) 
48 (11 42 36 13 43 18 46) (10 50 21 16 39 27 2 28 12 29 6 40 23 5 7 20) (34) (14 19 22 26 45 3) 
49 (45 39 22) (8) (10 34) (17 36) (42 23) (20 27) (14) (32) (35 50) (7) (28 46) (2) (37 18) (30 33 41) 
50 (15 2) (32) (3) (38 16 49 9) (17 50) (4) (20 39) (26) (24 14) (40 21 28) (6 23 12 10) (30) (13) (8 34) (19) 
1 (43) (17) (2) (20) (6) (27) (1) (15) (25) (41) (40) (18) (35) (16) (37 34 3 33 19 39 46 44 36 28 14) 
2 (38) (36) (14) (48) (49) (11) (37) (19) (50) (34) (24) (4) (9) (18) (1 42 32 2) (41 40 31) (30) (46) (33) (28 7 29 12) (20) 
3 (11) (30) (32) (38) (50) (22) (16) (35) (17) (34) (13) (43) (24) (15) (46) (4) (48) (8) (1) (7) (29 25 42) (23 19) 
4 (35) (34) (14) (30) (17) (5) (3) (44) (50) (10) (32) (24) (33) (45) (29) (6) (31) (13) (11) (27) (46) (2) (15 28 19 25) (20) 
5 (12) (14) (44) (48) (18) (47) (15) (30) (16) (27) (6) (38) (24) (29) (7) (9) (43) (8) (36) (13) (25) (17) (2) (23 28 10 5) (4 39) 
6 (42) (46) (3) (26) (19) (1) (50) (12) (27) (38) (24) (16) (33) (29) (40) (22) (34) (41) (48) (2) (35) (44) (47) (13) (10 25) (37 45 9) 
7 (37) (43) (49) (34) (3) (46) (25) (7) (16) (40) (39) (28) (41) (44) (2) (48) (30) (13) (19) (17) (33) (35) (21) (15) (18) (42) (4 38 1) 
8 (35) (3) (36) (47) (15) (44) (39) (37) (26) (50) (22) (20) (4) (19) (24) (8) (40) (13) (9) (1) (17) (28) (33) (42) (30) (5) (16 41 49 10 21) 
9 (24) (16) (27) (32) (25) (5) (20) (45) (31) (9) (44) (26) (30) (39) (28) (35) (19) (23) (36) (46) (21) (6) (40) (34) (3) (37) (17 4 12 22) (7) (13 2 1) (38 50) 
10 (14) (48) (34) (41) (2) (36) (37) (47) (15) (33) (5) (8) (22) (49) (43) (21) (7) (6) (45) (16) (18) (44) (23) (46) (4) (40) (31) (9) (50) (27 1 38) (24) 
11 (28) (47) (10) (36) (13) (14) (5) (43) (18) (19) (1) (32) (35) (42) (33) (38) (17) (44) (2) (48) (27) (41) (39) (16) (8) (25) (21) (15) 
12 (3) (8) (31) (15) (26) (43) (5) (46) (20) (1) (2) (11) (13) (7) (39) (47) (42) (27) (50) (33) (4) (48) (44) (41) (18) (25) (32) (16) (22) 
13 (47) (21) (22) (29) (40) (48) (15) (24) (31) (8) (38) (16) (23) (12) (50) (3) (1) (5) (43) (18) (6) (35) (2) (13) (14) 
14 (49) (19) (3) (45) (17) (35) (46) (16) (31) (26) (14) (50) (37) (7) (47) (44) (43) (5) (24) (33) (48) (20) (23) (11) (12) (29) (32) (13) (15) (18) (39) 
15 (44) (21) (15) (32) (17) (33) (39) (35) (6) (11) (50) (34) (8) (13) (41) (25) (29) (19) (27) (46) (45) (2) (36) (14) (9) (30) 
16 (14) (16) (18) (43) (46) (15) (48) (21) (29) (10) (8) (42) (23) (4) (1) (31) (38) (7) (45) (35) (5) (40) (50) (3) (24) (32) (28) (19) (17) (2) (27 13) 
17 (15) (50) (42) (19) (20) (16) (5) (13) (39) (17) (2) (32) (22) (34) (37) (1) (33) (27) (47) (4) (3) (10) (28) (14) (7) (31) (8) (43) (29) (49) (12) 
18 (17) (5) (15) (31) (21) (43) (7) (45) (42) (22) (48) (29) (30) (4) (40) (8) (25) (18) (49) (26) (1) (27) (38) (19) (34) (10) (24) (3) (23) 
19 (12) (36) (20) (34) (48) (15) (29) (6) (9) (13) (1) (30) (14) (35) (16) (7) (26) (11) (46) (22) (47) (50) (5) (19) (10) (45) (39) (17) (31) (2) 
20 (30) (44) (41) (49) (50) (7) (8) (38) (16) (3) (1) (11) (4) (13) (33) (40) (22) (45) (34) (29) (20) (10) (25) (32) (18) (2) (26) (19) (5) (48) (31 36) 
21 (19) (8) (50) (37) (36) (45) (22) (46) (26) (20) (7) (5) (34) (43) (35) (21) (18) (2) (1) (25) (41) (30) (24) (3) (16) (6) (17) (29) (47) (48) (11 28) 
22 (15) (47) (16) (45) (25) (18) (4) (30) (44) (21) (46) (48) (32) (31) (3) (2) (22) (40) (19) (10) (33) (28) (20) (38) (49) (37) (42) (26) (1) (8) (6) 
23 (45) (12) (9) (49) (29) (24) (47) (3) (30) (50) (21) (13) (31) (17) (7) (38) (15) (11) (4) (8) (16) (20) (26) (40) (48) (14) (28) (18) (19) (41) (39 5 6) 
24 (45) (36) (4) (16) (21) (17) (12) (30) (40) (2) (13) (32) (28) (27) (3) (50) (39) (29) (41) (43) (20) (5) (24) (9) (46) 
25 (9) (15) (20) (30) (2) (14) (37) (4) (17) (7) (43) (24) (6) (21) (44) (46) (32) (39) (29) (23) (27) (38) (41) (35) (47) (26) (28) (13) 
26 (2) (39) (8) (43) (32) (6) (16) (48) (40) (4) (36) (12) (47) (24) (37) (34) (17) (13) (9) (30) (38) (20) (35) (23) (31) (50) (19) (10) (21) (15) (26) (18) 
27 (29) (26) (27) (13) (25) (17) (14) (7) (8) (20) (4) (39) (48) (24) (49) (10) (32) (30) (22) (15) (11) (47) (33) (28) (3) (19) (45) (2) (38) (34) (18) (6) (31) 
28 (31) (35) (38) (3) (40) (30) (5) (44) (48) (4) (18) (6) (21) (26) (25) (34) (24) (28) (10) (9) (49) (47) (33) (29) (13) (32) (39) (50) 
29 (18) (29) (34) (17) (40) (28) (5) (15) (8) (3) (30) (26) (46) (16) (10) (31) (20) (48) (1) (44) (24) (21) (22) (45) (43) (36) (6) (33) (39) (2) (13) (37) (12 41) 
30 (8) (18) (15) (36) (41) (11) (20) (32) (22) (23) (40) (26) (25) (42) (21) (19) (14) (47) (13) (5) (17) (3) (6) (43) (46) (28) (34) (33) (44) (50) (24) (2) (10 29 31 16 35 49) 
31 (36) (10) (8) (22) (12) (13) (37) (28) (18) (24) (46) (2) (26) (16) (7) (14) (20) (5) (6) (1) (35) (25) (40) (41) (42) (23) (4) 
32 (27) (47) (23) (50) (8) (4) (26) (14) (40) (9) (35) (41) (29) (49) (33) (11) (38) (28) (12) (37) (36) (45) (20) (24) (21) (2) (15) (17) (30) 
33 (37) (44) (28) (21) (45) (33) (10) (3) (15) (5) (4) (39) (32) (19) (38) (34) (25) (23) (24) (27) (29) (47) (26) (16) (2) (49) (7) (11) (46) (22) 
34 (44) (13) (29) (37) (14) (11) (38) (34) (30) (49) (39) (8) (48) (12) (4) (25) (31) (21) (20) (43) (23) (27) (15) (50) (28) (40) (17) (7) (41) (2) 
35 (27) (41) (6) (45) (49) (29) (24) (23) (32) (12) (17) (36) (3) (26) (34) (47) (1) (11) (43) (18) (16) (20) (22) (42) (33) (39) 
36 (29) (9) (48) (11) (6) (21) (31) (2) (17) (3) (5) (1) (27) (36) (38) (41) (18) (19) (24) (40) (25) (15) (13) (16) (14) (23) (47) (35) (49) (30) (39) (45) (44) 
37 (2) (10) (43) (44) (47) (39) (4) (1) (13) (38) (35) (22) (5) (27) (45) (37) (6) (41) (29) (15) (21) (9) (11) (31) (28) (34) (26) (17) (46) (18) (49) (12) (3) (23) 
38 (27) (9) (31) (19) (26) (11) (6) (3) (32) (39) (45) (38) (4) (23) (44) (18) (14) (2) (42) (7) (37) (40) (28) (41) (22) (15) (50) (13) (24) (29) (12) 
39 (28) (30) (50) (16) (4) (1) (9) (48) (10) (6) (23) (3) (24) (49) (35) (8) (2) (47) (40) (42) (14) 
40 (15) (24) (20) (27) (37) (28) (30) (4) (7) (36) (35) (11) (43) (48) (26) (5) (12) (10) (21) (23) (1) (29) (22) (34) (42) (6) (40) (32) (16) (14) (17) (39) (18) (50 25) (46) 
41 (23) (27) (21) (44) (39) (43) (37) (19) (28) (35) (33) (38) (20) (12) (7) (2) (31) (18) (22) (13) (46) (41) (29) (8) (30) (10) (32) (40) (9) (49) (3) (42) 
42 (21) (23) (27) (43) (37) (22) (17) (20) (6) (40) (5) (18) (30) (42) (41) (35) (14) (2) (25) (1) (4) (29) (11) (48) (9) (49) (36) (32) 
43 (17) (46) (12) (23) (9) (42) (16) (48) (37) (33) (7) (30) (44) (5) (47) (25) (6) (41) (26) (45) (36) (32) (13) (20) (14) (43) (28) (19) 
44 (34) (46) (40) (12) (20) (41) (42) (10) (32) (6) (5) (35) (21) (36) (43) (45) (16) (9) (1) (24) (27) (3) (47) (13) (8) (22) (39) 
45 (48) (38) (4) (19) (3) (26) (7) (14) (34) (41) (15) (40) (2) (11) (29) (18) (49) (37) (39) (1) (47) (28) (13) (44) (46) (23) (12) 
46 (22) (48) (24) (21) (49) (34) (47) (4) (9) (40) (36) (6) (15) (33) (23) (46) (28) (10) (27) (42) (43) (14) (37) (8) (18) (35) (32) 
47 (16) (17) (41) (27) (45) (9) (7) (4) (34) (38) (18) (31) (42) (36) (26) (22) (25) (30) (44) (2) (3) (35) (24) (32) (15) (11) (37) 
48 (3) (8) (41) (4) (17) (21) (20) (39) (46) (33) (40) (16) (13) (35) (28) (9) (1) (32) (23) (29) (10) (43) (26) (19) (2) (18) (37) (14) (44) (42) (11) (34) 
49 (37) (16) (11) (40) (35) (31) (6) (15) (47) (10) (45) (23) (32) (43) (30) (14) (34) (4) (9) (22) (18) (2) (20) (8) (7) (33) (50) (24) (27) 
50 (22) (5) (25) (14) (50) (20) (48) (47) (49) (28) (18) (3) (11) (27) (1) (7) (40) (6) (12) (32) (15) (33) (10) (29) (19) (8) 
