0
50
50
1 (11) (6 5) (35 14 19 29) (50 4) (41 32 2 24) (39) (8) (33 3 34 43 38) (30) (7 48 12 45 37 40) (44 36) (16) (21) (22) (20 23) (17 13 25 1) (28 46) (10 15 42) 
2 (15 26) (22) (18 45 14 7) (30) (49 36) (11 12 37) (5 23 48) (13) (2 32 42 44 43 38) (4 3 27 25 33) (1 16 35 10 20 21 41 34) (9) (31 28 40) (46 39) (29 47 17 6) 
3 (6) (49 26 35 36 43) (19 44) (3) (12 50) (46) (22 15) (23 18 2 41 45 39) (42 4 30) (24 9 25) (37) (14 48 11) (13 16 21) (38) (29 31) (10 8) (33 34 40 7 32 1) 
4 (27 30 13) (47 44) (2) (39 23 11 19 22 14 21) (49 43 15 48 7) (25 50) (34) (3 37 9 31 5 29 36) (26 20) (17 33 4) (32) (35 46) (24 8 12) (18 38) (45) (16 10 1 41 6) 
5 (40) (45) (44) (50) (26 35 8) (32 1 25 19 20 38 42 24 30) (36) (37) (4) (2 46) (6 18 15) (22) (14 23 21 9 5 48 29 27) (49 39 16 17) (28 13 12 41 34 11 31 3) 
6 (32 11) (21 27 43 49 13) (7 42) (45 3 20) (2 17) (44 40 6) (9 34 25) (46 1 14) (48 8 24) (12) (35) (41) (22 37 47 33) (15 19 16) (10) (29) (36 31) 
7 (38) (4) (24 36 49 46 14 34 5 23) (26) (3) (15 9 21) (27 25 18 39) (32 19) (6) (8 44) (1) (2 11) (29 37 17 28) (20 45 31 50) (41) (13 43) (10 33 40 22 12) (48) 
8 (10 30) (6 39) (9 17) (48) (20) (27 29 3 36) (13 40 11 22) (23 8) (4 28 26 41 50 15 32) (46 25 38) (42) (5 34 7) (33 44 16 31 24) (2 45 37 49 18) 
9 (16 20 1 41 29) (10) (25 14 17 15) (38 6 26 47 28) (27 3 34 46) (37) (36) (4 45) (24) (31) (32 33 22 49 43) (7 44 40 42) (19) (18) (5 39 12 9 8 21 48) 
10 (2) (16 30) (6) (22 35 8) (37) (3 12 15 47 32 46) (26 7 23) (24 49) (19) (11) (50 20 5 40) (45) (43 42 25 41) (27) (1) (28 33 21 9) (39 36 14 44 13) (48 34 17) 
11 (12 2 32 8) (42) (20 23 25) (18 33 43 45 39 6) (49) (50 10 29) (31) (27 15) (17) (37) (7) (34 36 22 13 47) (30) (24) (14 46 5 4 11 35 40 28 48) (19 26 41 44 38 21 3) 
12 (40 42) (47 8 25 5 49 17) (34 43 14 26 13 3 6 37) (29 24 38 27) (12 23) (35) (36 20) (22 19 11) (41) (16 21) (10 9 18 32 39 2 15 44 1 28 4) 
13 (30 4 40 12) (19) (11) (5) (48 2 49 1 43 35 26 21 13) (10) (37) (36 39) (33 18) (34) (7 17 28 45 27) (3) (42 38 24) (6 9 50) (8 32) (31 20) (47 15) (16 46 41 22 25) 
14 (12) (18) (15) (39 24 23 35) (11) (2 42 48 14 43 29 31 34 13) (44) (22 33) (38 25 26 19) (7) (5 32) (8 37 28 30 41) (4 49) (20) (45 16 6 46 27 50) 
15 (25 50 22) (39) (14 33 1) (46 31 41 38 3 36 35 43 44 10 30 2 8 27 24 12 45 17 26 29 37 18) (13) (34 16) (15 5 32 47 40) (20) (23 11 19) (4 42 28) (9 49 6) 
16 (32 4 10) (2 15) (49 3) (30 5) (19 47 29 43) (42 28 33 38 23) (22 25 21 9 46 34 48) (11) (14 26 50 39 27 36) (6 1) (13 41) (37 8 12) (31 40 16) (45 35 20) (7 18) 
17 (30) (50 16 26 4 19 45) (46 10) (12 18 25) (38 23 2) (11) (17 41 15 47) (14 33 42 20 35 3 5 34 43 49 36) (7 24 6 22 37 44) (40 9 28 29 31) (32) (39) 
18 (39) (48 3) (15) (30 8 10 28 46 7 40 42 25 23) (20) (11 2) (16 34) (1 26) (43 32 31 29 45 13 24 14 38 19) (41 5 18 22 49 6 44 37) (4) (17 21 12 33 35 27 47) (9) 
19 (19 50) (12) (15) (13 33 22 26 38 32) (5 4) (21 8 25 48) (39 45 16 36 27 2 11 6) (37) (23) (28) (17 1 44) (3 18) (49) (34 7 47 42 31 9 46) (14) (30 41 10) (29) (43) (35) 
20 (5) (37) (13 10 2 8) (24 32 12 41 30) (6 25 45 4 23) (43 50 44 7 9) (31 11 21 34 29 15 20 3 26 49 1) (17) (22 19) (28 18) (40 39 42 47 33) (48 35) (36) 
21 (45 20 43 28 17) (30) (6 9 33 27 16 24 48 14 32 46) (5) (8 36 1 23 44 35) (31 3 37 21 18) (38 39 22 7 12) (13 11 4 26) (29 10 50 41 42 15 19 2 40) 
22 (8 23) (18) (11) (39 34 13 30) (33) (24 31 44) (15 7) (37 28) (40) (20 35) (3) (47 2 49 16) (48) (5 10) (9) (1 4 21 17 27 38) (41 26 22 29 50) (45 46 14 25) (6 36 42 12) 
23 (13 18 23 21 39) (31 29 24 5) (22 34 40 45) (3 20 19 8 12) (28 41) (9 37 30 47 7 17) (33) (6) (15 49 32 26 10) (35) (27) (25 42 16) (46 14 4) (48) (43 44 38) 
24 (21 11 42 15 2 32 31 10) (4 5) (50 30 8 23) (20 26) (41) (35) (16 18) (28 22 49) (47 29 44 27 34 6 45 13 43 33) (17) (9 37 1 46 19) (7 48 24 12) 
25 (16 10) (11) (31) (36 38 28 13 19 14 3) (6) (23 5 18) (20 35) (42 26 12 47 45 4 43 2 24) (34) (49) (48 22 15 30 50 46) (29) (40 7 25 9) (8) (33 1) (27 17 32 21) 
26 (41 2 15) (4 38 31) (42 22 9 6 16 46 10 44 29 1 23 14) (26 3) (28 24) (32 40 49) (18 20) (45 27 47) (34) (12 39) (5) (25 37 36) (30 17 35 48 11 43) (8) 
27 (21 31 2) (38 50 29 41 40 43 17) (5 32) (9 42 30 4) (33 12 37 14 44) (39 26 36 15 48) (22 47 8 23 46 11) (34 45 16) (18 28 1 24 35 3) 
28 (30 10 9 8 19 5) (15 21) (22) (33 44 31) (36 45 37) (47 23) (7 27) (24 17 40) (13) (25) (32 43 14 49 12 29) (4 2 11 39) (46 41 16 3) (1 50) (48 42 35 20 28) 
29 (43 20) (13 40 29 10 32) (37 12) (9 8 23) (16 6 49) (36) (7 50) (19) (30) (41 15) (21 1) (42 18 17 39) (5 47) (4 24 22) (2 26 3 46) (48 44) (14 31 35 38) (27 25) 
30 (48 20 7 10 44 33) (11 34) (23 5) (39 19) (45 18 17) (15 22) (31) (14) (40 1 30 37 9 8 35) (16 26 25) (4 13 12 28) (42 6) (46 27 41) (24 32 2) (3 38 36 47 21) 
31 (31 12) (3 27) (25) (47 49) (9) (43) (40 46 32) (22) (30) (16 33) (44 4 17) (45) (14 10 41 13) (42 39 20) (37) (23) (38 48 15 35 29 50 24 28 18 26) (19 6 2) (7 5 36) 
32 (19 10 48 29 5 42 6 28) (41) (33) (20 32 47 15 12 21 49 40) (50 3 30 23 2 46 13) (8) (44 16 22 1 24) (38 9 18) (45 7 34) (11 37 36 4 35 39 27) 
33 (37 34 21) (9) (1 36 31 3) (6 17) (10) (24 25 40 44 20 35) (8 26 22 32 23 15) (50) (48 30) (43 11 47) (42) (4 19 28) (33) (39 2 46 49 13 29 45) (12) 
34 (34) (29 48) (31 27 46) (36 44 41 40) (18 6 28) (42 24 2 5 12 8) (45 16) (4 7 30 23) (13 21) (9 38 25 43 39 32 49) (22 15) (50 33 20 1) (37) (3 26 10 17) 
35 (38) (29) (37) (44 49 48 50 23 4) (32 33) (40 18) (5 16) (10) (41 15) (22) (9) (11 12 24 46 36) (2) (35 14 6) (1 45) (27 20) (31) (34) (3 25 42 19) (17 26) 
36 (2 26 1 39 43 23 14) (15 21 11) (4 20 42) (27 36) (3 17 12 34 40 45 9 38 44 24 19 30 13 7 33 37 32 16) (31 25) (49 18) (29) (46 6) (48 41) (5) (22) (28 35 50 47) 
37 (37 49 3 13) (15 2) (41) (1 22) (48 4 30 24 33 46 5) (35 44 27 39 43 29) (45) (34 7 42 6 36 14 20 23 32) (10) (17 31 47 16 40 8 18 38 50 21 19 9) 
38 (41) (50 24 18 1 39 13 11 20 4 42 49 31 40 30 32 19 36 21 27 38 10 25 45 35 34 3 8 37 9) (46 44) (2) (12) (15 23 43 7 16 17 47) (5 6 33) (48 28 29) 
39 (11 45 50 1 35 12) (6) (14 39) (40) (29 47 19 27 13 46 7 26 41) (23 42 5 34 32 18 24) (48 3 28) (9 16) (22) (8 36) (38 44 21) (2) (17 10) (43 25 15 33) 
40 (28 43 29) (14 25 20 13 34 27 50 47) (37 7 8) (49) (9) (40) (6) (16 30) (36 38 23) (12 2) (31 26 46) (21) (19 10 32 4) (48 24 33 39 42 17 22) (15 3 44 18 35) (5) 
41 (1 22 13 10 27 44 24) (17 50) (35 41 4 25 30 15 23 47 49 3) (37) (20) (31 11 21 16) (42 33 8) (46 14 7) (48 9 36 34 19 18 12 28 32 45 26) 
42 (29 8) (14) (15 45) (11 2 17) (18) (19) (12) (43 21 9 40 50 6 5 47 24 37 20) (36 28 30) (4 38 25 31 1 27 33 22 23) (48) (39 3) (34 26) (46 41 44) (32 42) (49) (13 35) (7 16) 
43 (9) (26 43 18) (36 22 28 8) (32 19 14 49 50) (10) (25 16) (30 21 39 38 5) (4) (1 20) (3 6 34 37) (31 42) (48 35) (47) (27) (33) (24) (11 15) (13) (2 17 12) 
44 (6 12 3 24 35 5 36 37 15 25 23) (19) (28 30 18 26 45) (33 14) (9 50) (27 21 48 46 32 49 31 1 41 40 43 38 44 10) (17) (39 2 42) (11) (16 4 13 22 34 20) 
45 (10 1 19 3 33 25 43 37 30 20 46 39 50 17 32 28 36 6 15 26) (29) (24 7 11 14 9 21 5 44 13) (18 23) (27 4 12 31) (42 48) (34 8) (49) (35 38 2 40) 
46 (1 17) (26 42 5 48 33) (37) (23 36) (22) (24 2 16 21 29 20) (18 46 35) (31) (12 19) (40 3 47 44) (41) (43) (15) (10) (32 27 28 45 50 39 49 13 14) (6) (4 25 8) (11 7 30) 
47 (38 46) (39 50 35 40 16 34 47 49 24 2 43 23 4 1) (26 17) (48 14) (27 8 18 11) (30) (15 41) (20) (42 45) (31 37 3 29 7 9) (6) (25 10 21 44) 
48 (27) (25 12) (36) (33 26 43 9 24 34 32 38 17 31 10 45 11 13 28) (14) (48 20 46 39 35 30 15) (42) (18 2) (50) (29 22) (40) (19 23) (21 37) (7) (1 3) 
49 (7 10 31) (37 43 42 24 8 47 14 34 46 48) (16 5 28 36 3) (23 11) (12 21 18 30 20 44) (9) (4 41 29 50) (33 26) (17) (39 15 40 1 22 45 32) (2 25 13) (38 19 27) 
50 (17 33 3 32 23) (50 11 31 22 47) (15 9 12 34 20 45 16 25 19) (18) (48 39) (21 4 10 2 14 8 41) (7) (42 38 43 13 26 49 27 40) (36 46 29 30 35) (28 5 6) 
1 (7) (35) (2) (36) (6) (27) (38) (16) (47) (21 5 32 12 26 10 1 34 13 33 3 46 37 9 24) (43 39 15) (48 22 20 49) (44 30 45 29 25) (42) (41 28 18 19) (4) 
2 (25) (48) (17) (13) (2) (50) (6) (15) (1) (8) (31) (24) (29) (39) (19) (26) (44 37 14) (16 49) (40 45) (33 11 28 43 42) (5 30 3 32) (27 18 46 7) (35) (20) (38 47 21 36 22 10 4 12 34) 
3 (48) (31) (43) (26) (1) (36) (9) (6) (32) (8) (41) (29) (10) (46) (7) (33) (4) (12) (34) (44) (11) (47) (20) (19) (16 13 17 50 18) (5 30) (40 35 39 37 27) (21 42 38) (2) (45 3 28) (23 49 25 22) (15) 
4 (15) (35) (26) (25) (43) (37) (44) (3) (34) (31) (32) (11) (28) (16) (22) (20) (27) (30) (33) (17) (18) (19) (9) (47) (36) (45) (46) (7) (8) (38) (50) (2) (49) (1 12 21 4) (41) (40 42) (24 13) (5) (29 23 14) 
5 (37) (19) (34) (5) (2) (22) (32) (42) (9) (17) (43) (28) (21) (45) (1) (44) (39) (29) (27) (40) (20) (12) (10) (4) (14) (25) (24) (23) (36) (49) (50) (38) (15) (18) (13) (35) (11) (7) (30) (8 26) (16 31 46) 
6 (1) (30) (2) (21) (33) (45) (8) (40) (31) (24) (7) (34) (25) (23) (35) (22) (38) (43) (42) (15) (37) (32) (39) (26) (13) (4) (17) (47) (10) (11) (29) (5) (18) (44) (9) (50) (14) (3) (19) (36) (16 46 12 20 6) 
7 (25) (1) (18) (38) (42) (50) (39) (14) (34) (23) (10) (4) (29) (31) (6) (19) (24) (16) (46) (22) (40) (41) (28) (36) (20) (49) (3) (8) (9) (32) (45) (30) (21) (37) (11) (13) (48) (17) (2) (47) 
8 (37) (47) (39) (49) (43) (42) (40) (34) (46) (25) (21) (29) (10) (18) (33) (12) (20) (8) (28) (7) (50) (3) (30) (9) (32) (41) (13) (6) (16) (26) (11) (22) (23) (15) (14) (45) (4) (27) (1) (5) (38 19 24) 
9 (31) (20) (15) (36) (10) (40) (30) (27) (43) (37) (41) (49) (2) (33) (42) (35) (47) (50) (6) (25) (34) (39) (3) (24) (21) (26) (22) (12) (48) (5) (13) (23) (44) (4) (9) (19) (8) (45) (16) (17) (28 18) (29 7 38 32) 
10 (7) (21) (22) (40) (1) (47) (39) (49) (20) (8) (15) (32) (44) (28) (6) (13) (24) (17) (33) (12) (9) (26) (29) (11) (25) (23) (46) (18) (19) (41) (3) (50) (4) (35) (30) (2) (48) (31) (34) (45) (38) (37) (16 43) 
11 (44) (46) (45) (3) (48) (4) (32) (41) (5) (8) (12) (6) (14) (26) (17) (28) (11) (36) (33) (20) (21) (7) (47) (16) (13) (15) (24) (39) (27) (18) (2) (1) (22) (38) (42) (50) (49) (30) (35) (19) (10) (43) (25) 
12 (35) (22) (23) (19) (26) (46) (38) (33) (39) (31) (21) (7) (9) (48) (40) (16) (34) (17) (42) (4) (50) (5) (45) (49) (1) (30) (15) (10) (18) (13) (43) (24) (28) (36) (25) (2) (29) (20) (41) (32) (11) (3) (14 6) (27) (12 44) 
13 (6) (44) (3) (25) (2) (41) (18) (32) (37) (19) (10) (5) (50) (34) (14) (38) (24) (15) (30) (46) (23) (36) (43) (28) (49) (13) (11) (48) (12) (7) (4) (1) (45) (22) (42) (8) (20) (31) (29) (39) (21) (33) (40) (16) 
14 (30) (6) (45) (11) (4) (25) (47) (26) (35) (42) (27) (31) (12) (44) (22) (16) (48) (37) (23) (28) (29) (43) (50) (7) (41) (3) (49) (36) (18) (46) (21) (39) (17) (5) (19) (40) (1) (15) (2) (9) (10) (14) 
15 (12) (11) (27) (15) (25) (28) (26) (34) (19) (9) (36) (2) (17) (6) (33) (39) (44) (20) (40) (38) (13) (23) (1) (29) (8) (22) (50) (10) (43) (4) (5) (3) (41) (31) (37) (21) (32) (14) (49) (45) (30) (24) (16) (7) (47) (48 18 46 35 42) 
16 (44) (34) (41) (50) (17) (46) (22) (21) (24) (37) (2) (42) (14) (32) (39) (15) (6) (9) (35) (12) (5) (1) (27) (3) (16) (43) (30) (25) (18) (19) (36) (38) (47) (49) (29) (40) (8) (31) (13) (26) (4) (10) (28) (23) 
17 (24) (13) (47) (36) (33) (31) (15) (7) (39) (23) (1) (12) (26) (34) (6) (29) (30) (42) (21) (43) (37) (9) (45) (17) (5) (46) (19) (11) (35) (48) (25) (4) (49) (18) (8) (50) (41) (27) (22) (40) (28) (44) (2) (10) (20) (38) 
18 (5) (37) (17) (44) (27) (40) (9) (48) (39) (29) (36) (45) (46) (34) (14) (8) (49) (41) (43) (32) (31) (24) (15) (22) (7) (42) (3) (18) (38) (23) (16) (50) (20) (4) (47) (30) (35) (25) (2) (21) (11) (26) (12) (13) (19) 
19 (31) (49) (48) (50) (12) (35) (38) (43) (6) (40) (18) (14) (46) (37) (24) (11) (28) (32) (39) (5) (33) (45) (4) (20) (17) (16) (36) (1) (29) (44) (9) (13) (19) (42) (15) (3) (23) (25) (21) (30) (41) (10) (7) 
20 (49) (29) (10) (31) (34) (8) (22) (40) (38) (28) (1) (20) (4) (35) (18) (16) (12) (25) (21) (46) (14) (37) (11) (42) (44) (41) (26) (32) (24) (45) (30) (9) (50) (2) (23) (5) (48) (33) (6) (7) (47) (43) (15) (13) (17) (36) 
21 (24) (13) (34) (41) (1) (44) (50) (32) (22) (40) (47) (19) (28) (37) (38) (20) (5) (39) (25) (11) (27) (4) (21) (48) (6) (36) (33) (7) (29) (43) (30) (49) (12) (46) (10) (2) (9) (23) (42) (18) (16) (45) (3) 
22 (28) (5) (29) (37) (43) (24) (18) (26) (17) (9) (34) (36) (6) (32) (44) (42) (27) (12) (11) (30) (7) (21) (15) (4) (25) (14) (19) (39) (10) (31) (46) (16) (23) (40) (8) (2) (33) (1) (48) (41) (50) (22) (49) (13) (20) (35 3) 
23 (23) (27) (32) (25) (31) (38) (36) (49) (24) (15) (18) (28) (22) (48) (12) (50) (1) (29) (47) (33) (11) (40) (8) (20) (45) (21) (30) (46) (4) (34) (16) (26) (19) (3) (10) (42) (2) (39) (35) (5) (37) (44) (41) (14) (7) (17) 
24 (26) (44) (27) (10) (22) (41) (5) (46) (43) (37) (21) (31) (11) (24) (8) (34) (4) (25) (23) (42) (12) (14) (15) (20) (29) (39) (28) (38) (30) (40) (9) (1) (35) (36) (13) (47) (45) (3) (7) (32) (33) (6) (17) (48) (49) (18) 
25 (14) (28) (4) (42) (9) (43) (11) (20) (36) (1) (19) (29) (49) (41) (5) (30) (48) (31) (26) (7) (15) (33) (18) (13) (40) (16) (38) (46) (8) (45) (39) (10) (35) (23) (12) (34) (50) (17) (47) (6) (22) (3) (2) (25) (44) 
26 (15) (12) (17) (31) (22) (21) (2) (47) (3) (24) (42) (25) (4) (30) (40) (9) (46) (45) (19) (48) (41) (23) (11) (5) (10) (8) (20) (43) (36) (34) (7) (50) (39) (18) (14) (29) (35) (44) (13) (49) (26) (27) (16) (33) 
27 (14) (8) (16) (21) (18) (36) (4) (11) (48) (40) (38) (2) (22) (30) (42) (41) (35) (15) (10) (28) (44) (5) (29) (25) (49) (6) (12) (37) (9) (47) (26) (13) (50) (34) (19) (31) (24) (45) (39) (32) (7) (43) (23) (46) 
28 (31) (32) (34) (27) (11) (45) (17) (49) (48) (25) (46) (28) (19) (42) (36) (13) (44) (50) (12) (39) (26) (2) (14) (33) (21) (23) (10) (22) (18) (20) (38) (41) (8) (15) (24) (30) (9) (43) (16) (40) (1) (7) (5) 
29 (9) (47) (8) (48) (18) (26) (22) (45) (15) (6) (20) (17) (40) (3) (23) (31) (46) (16) (7) (4) (1) (33) (2) (14) (42) (25) (34) (37) (36) (27) (50) (29) (38) (32) (39) (12) (11) (49) (21) (28) (35) (5) (19) (24) 
30 (43) (24) (26) (15) (20) (41) (36) (45) (8) (30) (3) (11) (48) (47) (13) (23) (21) (37) (29) (4) (5) (46) (32) (31) (34) (22) (2) (25) (49) (50) (17) (1) (38) (27) (40) (10) (14) (18) (16) (28) (19) (42) (44) (33) 
31 (2) (19) (26) (45) (42) (29) (31) (35) (5) (3) (49) (23) (37) (24) (41) (6) (22) (13) (33) (20) (27) (46) (50) (36) (44) (25) (17) (9) (16) (30) (38) (48) (47) (4) (11) (14) (40) (18) (43) (34) (7) (15) (8) (28) (21) 
32 (30) (10) (18) (20) (38) (9) (45) (26) (48) (1) (33) (37) (2) (34) (19) (17) (35) (21) (4) (14) (43) (44) (6) (11) (50) (41) (13) (46) (12) (16) (8) (31) (36) (5) (28) (29) (3) (32) (39) (25) (49) (27) (40) (42) (24) (7 15 23) 
33 (13) (27) (42) (31) (34) (25) (41) (15) (2) (14) (3) (40) (1) (4) (33) (6) (28) (35) (50) (45) (21) (16) (30) (38) (10) (22) (8) (49) (39) (43) (32) (37) (44) (17) (36) (24) (20) (23) (19) (18) (11) (9) (48) (7) (46) 
34 (7) (25) (47) (18) (26) (9) (16) (15) (35) (32) (30) (27) (33) (22) (5) (14) (12) (38) (8) (45) (48) (20) (11) (50) (13) (34) (24) (19) (17) (10) (37) (36) (3) (39) (1) (49) (44) (6) (42) (43) (40) (4) (23) (2) (41) 
35 (1) (41) (12) (21) (11) (29) (25) (40) (39) (44) (36) (5) (18) (13) (16) (20) (32) (3) (26) (50) (10) (30) (14) (38) (42) (19) (23) (47) (43) (2) (17) (6) (31) (15) (46) (24) (35) (37) (33) (28) (22) (45) (27) (4) (48) 
36 (27) (4) (3) (10) (12) (15) (49) (17) (16) (31) (32) (25) (7) (13) (34) (20) (41) (22) (35) (5) (38) (42) (33) (28) (30) (37) (40) (1) (6) (11) (8) (44) (9) (29) (43) (48) (39) (19) (2) (36) (21) (26) (45) (46) (50) 
37 (34) (24) (48) (32) (9) (15) (37) (12) (10) (42) (35) (38) (13) (17) (49) (33) (27) (2) (36) (43) (19) (5) (45) (18) (8) (22) (30) (47) (23) (4) (1) (26) (44) (40) (28) (29) (6) (14) (3) (11) (21) (31) (41) (46) (20) (7 16) 
38 (36) (27) (50) (39) (48) (7) (2) (30) (34) (45) (11) (25) (22) (38) (1) (35) (49) (9) (8) (23) (32) (21) (31) (17) (18) (37) (40) (47) (14) (4) (19) (44) (3) (12) (5) (43) (42) (15) (16) (26) (29) (13) 
39 (2) (30) (17) (4) (34) (50) (26) (12) (45) (20) (48) (19) (10) (3) (15) (31) (9) (8) (43) (21) (46) (40) (13) (23) (39) (33) (29) (5) (49) (42) (27) (11) (36) (14) (18) (28) (16) (47) (7) (44) (1) (38) (37) (22) (32) 
40 (47) (5) (27) (16) (7) (11) (42) (34) (48) (28) (50) (40) (26) (31) (6) (13) (2) (39) (30) (29) (23) (10) (37) (38) (45) (20) (9) (1) (49) (3) (33) (32) (22) (36) (25) (18) (15) (35) (44) (21) (46) (12) (8) (17) 
41 (9) (41) (46) (5) (2) (47) (30) (21) (11) (49) (14) (22) (1) (39) (15) (36) (13) (29) (6) (7) (12) (23) (44) (10) (32) (4) (26) (42) (16) (3) (20) (50) (31) (38) (24) (8) (34) (18) (37) (27) (35) (19) (28) (17) 
42 (43) (13) (2) (6) (12) (41) (22) (31) (8) (37) (1) (50) (23) (20) (38) (45) (29) (17) (42) (44) (46) (11) (3) (15) (48) (9) (39) (28) (32) (14) (40) (5) (10) (47) (35) (26) (18) (33) (36) (49) (19) (27) (16) (34) (25) (30 21 24) 
43 (33) (43) (46) (16) (2) (6) (45) (39) (24) (50) (37) (7) (48) (38) (36) (29) (11) (1) (9) (34) (23) (4) (20) (13) (27) (49) (3) (10) (21) (12) (31) (17) (18) (14) (26) (44) (19) (47) (28) (15) (25) (42) (40) 
44 (37) (45) (11) (39) (47) (22) (36) (19) (46) (44) (10) (3) (31) (6) (26) (20) (14) (7) (8) (1) (2) (35) (32) (40) (21) (34) (27) (9) (24) (17) (12) (42) (23) (28) (4) (38) (5) (29) (15) (30) (49) (41) (18) (33) 
45 (48) (42) (37) (18) (23) (2) (31) (28) (21) (27) (8) (6) (32) (13) (7) (41) (24) (19) (46) (47) (16) (4) (30) (34) (15) (3) (33) (10) (14) (26) (36) (5) (50) (17) (1) (49) (22) (44) (25) (35) (39) (9) (38) (20) (11) 
46 (14) (13) (8) (6) (29) (10) (25) (18) (41) (16) (26) (33) (47) (32) (45) (46) (4) (39) (44) (15) (2) (21) (34) (28) (30) (48) (17) (35) (27) (19) (3) (31) (37) (50) (22) (24) (5) (23) (40) (11) (7) (36) (38) (42) (1) (9 49) 
47 (33) (22) (4) (15) (13) (42) (16) (31) (41) (9) (28) (32) (38) (24) (27) (18) (50) (37) (6) (26) (12) (19) (11) (39) (36) (2) (25) (46) (29) (30) (23) (47) (49) (10) (20) (17) (40) (43) 
48 (22) (23) (11) (7) (18) (4) (46) (42) (27) (13) (50) (26) (32) (8) (6) (3) (30) (43) (49) (2) (16) (45) (14) (20) (47) (44) (10) (34) (1) (39) (31) (5) (21) (33) (36) (35) (25) (28) (9) (38) (37) (41) (24) (19) (29) (40 48) 
49 (33) (34) (36) (15) (35) (9) (8) (17) (11) (44) (3) (6) (14) (29) (31) (45) (18) (50) (26) (32) (19) (7) (13) (40) (12) (38) (43) (20) (24) (41) (25) (23) (2) (28) (46) (37) (47) (42) (4) (22) (16) (5) (10) 
50 (13) (44) (15) (4) (48) (20) (29) (22) (17) (14) (49) (50) (34) (24) (19) (41) (16) (39) (25) (27) (21) (8) (10) (35) (42) (47) (3) (5) (31) (40) (32) (43) (28) (36) (11) (7) (33) (1) (37) (46) (38) (45) 
