0
50
50
1 (31 11) (28 43) (25) (39) (19) (21) (40) (14) (17) (8) (13 12 18) (48) (5 34) (27) (6) (44 50) (16) 
2 (48) (18) (19 20) (11) (47) (24 44 21 16 3) (7) (25) (40 23) (28) (42) 
3 (12 18) (31) (8 1 4 26) (46) (14) (44) (13) (39) (9) (17) (45 28 16) (38 6) 
4 (6) (10) (41) (14) (46) (25 49) (50 20) (23) (18) (33 9 38 7 45) (42 22) (31) (24) (3) 
5 (6 44) (18) (20) (31) (5) (38) (46) (29) (19 50) (47) (8 14 37 32 23) (15) (1) (49) (35) (24) (12) (21) (45) 
6 (2) (43) (35) (50) (32 40) (45) (9) (36) (19) (22) (37) (39) (44) (26) (15) (27) (21) (33) (46) (47) (13 23) (29) (8) (14) 
7 (6 45) (49) (9) (18 12 11) (47 1) (28 41 7) (42 22) (21 29) (46 30) (2) (39) (23) 
8 (34) (23 30) (42) (47 44 8) (10 32) (21) (14) (20) (50) (22) (36) (25) (27) (4) (26) (40) (38) (9) (46) 
9 (35) (36 34 37 29) (1 6) (5) (3) (46) (14 15 30) (40) (24) (4 22 48) (41 43) (17) (20) (11) (31) (50 23) 
10 (36 30) (27) (4) (26 24) (47 25) (22) (40 39) (20) (48) (31) (11 28 49) (21) (44) (41) (45) (33) 
11 (20) (13) (16) (4 11) (40) (8) (49) (38) (5) (22) (12 41) (14) (23 6 47) (26 27) (21 3 39) (50) (30) (24) 
12 (8) (27 48 36) (42) (22) (18) (37) (35) (41) (4 1) (13) (3 31) (44) (19) (23) 
13 (49) (42 19) (48) (16) (12) (24 29) (25) (47) (18) (3) (30) (4) (41) (50) (35 40) (37) 
14 (46) (45) (43) (40) (48 13) (29 22) (37) (12 10) (44) (18 41) (27 15) (19) (8) (28) (3) (17) 
15 (20) (49) (21) (25 30) (48 2) (42 40 50 23) (10) (19) (6) (28) (38 33) (3 16) (18) 
16 (49) (17) (30) (13 21) (32) (39) (7) (40) (44) (4) (48 37) (47) (22) (3 16) 
17 (33) (20 35) (10) (18) (1) (8) (12 15 42) (39 41 31) (43) (30) (4) (32) (16) (22) 
18 (35 5) (32) (47) (17 9) (8) (42) (34 19 45) (46) (40) (33) (29) (20) (14) (48) 
19 (13) (29) (15) (35) (25 17) (20 1) (26) (8 2 10) (49 34) (43) (22) (6) (38 30 11 9) 
20 (34) (19) (49 16) (3 7) (38) (20) (44) (8 4) (22) (25) (28) (12) (30) (40 43 35 26) (18) (50 11) 
21 (47 19) (33) (36 3) (30 39) (45 1) (38) (15) (23) (22) (17) (26 40) 
22 (41) (35) (24) (12 45 34) (17) (23) (1) (44 22) (10 29) (27) 
23 (31) (34) (35 21) (44) (38) (32) (15) (7) (43) (46 18 5) (37 40) (27) (41) (1) 
24 (41) (2) (20) (32) (44) (46) (40) (49) (7) (30 6) (38) (5 16) (22) (36) (24 29) (48) (35) (11) (19) (9) (33) (4) 
25 (46) (40) (22) (34 6) (32) (2 20) (13 1) (47) (10) (49) (5 28) (36) (42) (44 39) (48) (24 41) (23) (33 16) (50) (31) 
26 (11) (48 15) (21 13) (3) (12) (17 18 38 10 28) (36 40) (22) (27) (45 26) 
27 (8) (32) (26) (12) (28) (34) (9 15) (39) (33) (16) (27) (44) (23 24) 
28 (26) (27 40) (41) (46) (2 33) (20 3) (14) (24 47) (35) (43 21 7) (31) (29 25) (49) (15) (9 39) (50) (36) 
29 (22) (11) (37 41 15) (40 47) (27 36) (13 7) (18) (10) (32 29) (6 5) (38 45) (4) (21) (44) (25) (42) 
30 (11) (18) (5) (6) (45) (14 41) (39) (7) (9 21) (48) (2) (49 47) (15) (37) (24) (29) (35) (25) 
31 (44 21) (35 17) (6) (50 31) (36 10 39) (40 32) (48) (18) (20 30) (46) (29 8) (25) 
32 (30) (21) (29 36) (13 38 39 18 10) (28) (24) (25 4) (5) (14) (20) (16 34) (32 40) (17 1 42) (12 11 31) 
33 (18) (20 15) (2) (1 47 10 9) (19 29) (30) (39) (35) (17) (16 14) (44) (28) (6 21) 
34 (7 26) (24 5 47) (46) (29 38) (14) (17 21) (39) (41) (43) (3) 
35 (4) (36) (30) (5) (39 20 22) (14 11) (2) (19) (40) (35 18 17) 
36 (26 4) (22) (31) (16) (36 44) (19) (49) (20) (39) (41) (2) (14) (13) (29) (50) (34) (11) 
37 (7) (35) (33) (29) (23) (47 17) (15) (32) (40 30 12) (16) (48 27 50) (13 36 18) (26) (11 46) (14) (25 31) (44) (34) 
38 (30) (5 15 31) (29) (4) (21) (11) (33) (1) (32) (3 47) (40) (8 34) (2) (38) 
39 (28) (13 50) (22 21 16 5) (40 47 36) (46 26 32) (37) (19) (11 33) (10) (29) (27) (25) (31) (8) (20) (4) (2) 
40 (46) (50 29) (27) (28) (47) (7 41) (23 12) (21) (33 10) (4 22 31 43) (35) (6) 
41 (41) (14) (30) (33) (10 25 17 20) (6) (47 22) (16 48) (35) (5) (18) (40 39 34) 
42 (10) (27) (43 1) (45) (22 31) (16) (29) (28) (18) (9) (36 32 37) (30 4) 
43 (1) (29) (3 47) (37) (38 50) (11) (2) (23) (7) (28) (9) (18) (46) (39 26) (30 19) (4) (45) (41) 
44 (18) (2) (26) (36) (29) (37 23) (35) (34) (17) (44) (49) (27) (30) (3) (1 12 6 25 28 21) (10) 
45 (18 4) (43) (42) (35) (17) (29) (49) (21) (1 38) (36 11) (13) (37) (28 39) 
46 (37 12) (27) (14) (18) (43) (8) (4) (19) (46) (32) (9 17 35 16 28) (10) 
47 (33) (34) (13 30) (5 35) (7 17) (43 3 48 19) (25) (40 21 11 50) 
48 (34) (48) (4 49 46) (6) (44) (36) (33) (35) (29) (17) (8) (19) (40) (21) (18) (14 50) 
49 (23) (39) (16) (48) (28) (45) (3) (14) (13) (8 34) (20) (46) (9 41) (25) (37) (4) (40) (32 5 21) (6) (17) 
50 (44) (47) (1) (48 35) (24) (29) (6 36) (32) (5) (12 19) (21) (9) 
1 (25) (38) (22) (50) (7) (12) (19) (43) (32) (23) (45) (44 42) (33) (9) (3 17) (21) (5) 
2 (24) (38) (33) (44) (35) (43) (6) (19) (36) (30) (39) (25) (15) (7) (28) 
3 (20) (15) (34) (14) (9) (11) (47) (26) (12) (16) (43) (13) (28) (21) (44) (2) (4) (38) (49) 
4 (3) (36) (46) (29) (42) (20) (43) (9) (11) (32) (24) (40) (48) (45) (49) (12) (17) (10) (8 13) (39 16) (38 35) 
5 (39) (35) (5) (25) (50) (29) (41) (9) (30) (47) (38) (24) (32) (18) (1) (49) (34) (11) (23) 
6 (49) (40) (41) (3) (29) (48) (1) (11) (15) (24) (33) (5) (19) (9) (7) (25) (44) (50) (31) (4) (30) 
7 (47) (23) (24) (30) (28) (34) (7) (2) (37) (40) (43) (16) (20) (4) (29) 
8 (12) (1) (6) (20) (8) (27) (5) (3) (38) (18) (19) (39) (17) (49) (46) (11) (48) (31) (14) 
9 (4) (7) (33) (46) (27) (8) (30) (3) (24) (28) (18) (49) (42) (19) (6) (43) (50) 
10 (19) (46) (33) (42) (22) (31) (44) (4) (29) (15) (26) (17) (8) (14) (32) (25) (39) (40) (41) 
11 (2) (43) (45) (11) (36) (37) (29) (32) (1) (26) (47) (9) (24) (30) (38) (10) (20) (39) (19) (7) (35) 
12 (50) (13) (44) (46) (26) (32) (17) (37) (5) (14) (22) (40) (3) (11) (1) (7) (20) (27) 
13 (37) (12) (45) (32) (16) (25) (1) (14) (49) (6) (11) (26) (29) (47) (3) (19) (36) (39) 
14 (5) (37) (48) (9) (35) (28) (34) (46) (6) (11) (33) (4) (8) (32) (41) (3) (18) (36) (1) (49) (30) 
15 (17) (28) (26) (9) (6) (21) (23) (19) (37) (5) (29) (27) (33) (14) (38) (30) 
16 (36) (24) (33) (46) (3) (1) (17) (49) (11) (37) (32) (27) (16) (20) (41) (42) (15) (2) (13) (39) (25) 
17 (49) (1) (37) (9) (19) (18) (21) (48) (45) (31) (46) (32) (44) (14) (16) (3) (22) (41) (35) (34) (33) (26 47) 
18 (23) (7) (15) (3) (44) (42) (29) (43) (46) (26) (31) (5) (48) (12) (35) (32) (41) (33) (37) (30) (45) (13) (17) (14 20 2 4) (1) 
19 (12) (48) (46) (18) (24) (15) (2) (35) (50) (20) (6) (14) (43) (5) (21) (33) (1) (47) (13) (36) (39) 
20 (18) (41) (11) (36) (25) (19) (20) (10) (49) (24) (32) (5) (35) (8) (31) (33) (28) (17) (9) (4) (15) (39) (2) 
21 (16) (29) (6) (1) (33) (30) (40) (45) (11) (49) (39) (47) (50) (28) (32) (48) (31) (34) (38) (5) (10) (15) (44) (2) (8) (7) (23) (26) 
22 (19) (26) (7) (41) (29) (12) (16) (10) (11) (25) (35) (40) (6) (4) (14) (8) (9) (42) (36) (20) (17) (39) (21) (22) (24) 
23 (37) (44) (2) (6) (27) (5) (4) (11) (43) (40) (9) (21) (49) (15) (8) (12) (7) (25) (22) 
24 (13) (50) (25) (2) (28) (4) (27) (30) (34) (9) (24) (10) (11) (5) (22) (32) 
25 (31) (20) (47) (30) (1) (41) (49) (37) (32) (4) (39) (15) (19) (13) (10) (28) (2) (29) (44) (8) 
26 (6) (21) (26) (19) (20) (34) (36) (39) (44) (37) (11) (28) (8) (10) (27) (3) (43) 
27 (11) (29) (26) (12) (1) (37) (6) (14) (8) (46) (28) (40) (27) (44) (42) (39) (23) (22) (10) 
28 (42) (40) (39) (1) (25) (32) (45) (43) (20) (26) (33) (49) (3) (27) (2) (46) (7) (10) (14) (44) (15) 
29 (22) (18) (44) (36) (45) (34) (9) (40) (31) (29) (7) (14) (24) (39) (32) (43) (37) (28) (33) (30) (5) (6) (42) (38) (19) (48) (50) (13) 
30 (13) (10) (11) (42) (32) (47) (35) (24) (7) (44) (37) (43) (41) (16) (19) (15) (20) (21) (9) (38) (17) (8) (31) (33) 
31 (38) (5) (25) (3) (40) (10) (39) (31) (32) (23) (4) (9) (37) (12) (28) (36) (17) (1) (42) 
32 (31) (42) (49) (39) (38) (5) (32) (6) (27) (24) (23) (37) (29) (50) (8) (18) (25) (46) (17) (16) 
33 (39) (47) (15) (48) (27) (24) (41) (6) (40) (28) (4) (17) (18) (38) (37) (10) (21) (25) 
34 (38) (41) (18) (25) (27) (8) (1) (48) (9) (36) (47) (44) (32) (37) (49) (20) (22) (19) (23) 
35 (44) (23) (40) (24) (28) (35) (37) (19) (12) (48) (31) (17) (20) (30) (33) (22) (50) (18) (45) (46) (41) (9) (47) (6) (13) (5) 
36 (6) (31) (12) (28) (42) (8) (35) (10) (32) (44) (25) (45) (36) (48) (37) (21) (29) (9) (39) (50) (26) (24) 
37 (42) (6) (14) (43) (12) (45) (49) (29) (16) (46) (9) (39) (30) (13) (23) (5) (44) 
38 (29) (38) (20) (19) (24) (11) (15) (8) (21) (5) (4) (23) (34) (32) (43) (3) (45) (26) 
39 (31) (49) (33) (36) (1) (27) (10) (11) (34) (43) (28) (6) (45) (25) (30) (41) (3) (21) (32) (17) (16) (35) (7) 
40 (25) (37) (38) (20) (15) (32) (2) (31) (29) (24) (49) (16) (14) (35) (28) (11) (8) (41) (39) (21) (9) (48) (6) (10) (13) (23) (18) (1) (47) (26) 
41 (30) (36) (41) (9) (29) (49) (25) (12) (7) (17) (28) (23) (11) (14) (24) (40) (4) (22) (43) (10) (34) (13) 
42 (12) (7) (25) (15) (2) (13) (32) (29) (45) (18) (4) (17) (8) 
43 (19) (1) (46) (9) (42) (14) (17) (47) (20) (34) (28) (45) (23) (6) (40) 
44 (23) (12) (8) (48) (29) (24) (14) (5) (22) (27) (50) (33) (10) (6) (1) (44) (36) (16) (20) (31) (37) (25) (2) (3) 
45 (43) (3) (29) (4) (42) (26) (49) (5) (6) (30) (22) (18) (14) (10) (21) (7) 
46 (46) (3) (49) (31) (9) (6) (34) (23) (37) (39) (5) (24) (25) (40) (14) (7) (4) (18) (8) (48) (43) (28) 
47 (39) (30) (34) (37) (18) (21) (50) (28) (40) (11) (16) (38) (29) (41) (6) (13) (5) (25) (33) (8) (43) (7) (2) (10) 
48 (2) (48) (12) (49) (10) (9) (47) (26) (25) (30) (31) (16) (37) (18) (41) (13) (1) (24) (50) (15) (14) 
49 (30) (28) (20) (4) (5) (45) (25) (44) (24) (13) (16) (10) (48) (15) (36) (7) (19) (11) 
50 (20) (1) (11) (37) (47) (36) (28) (8) (43) (9) (13) (5) (6) (48) (31) (25) (39) (40) (4) (15) 
