0
50
50
1 (7) (43) (13 42) (20) (33) (8) (24) (44) (40) (17) (36 22) (28) (10 31) (5) (23) (50) (41) 
2 (41) (26 49) (48) (2) (47) (17) (13) (4) (45 50) (28 38 31 20) (16) (8) (12) (37) (27) (11) 
3 (12) (9) (44 8) (18) (16) (49) (29) (34) (2) (19) (5) (6) (10) (17) (3) 
4 (16) (44) (29) (17) (37) (19) (7) (3) (39) (20) (11) (31) (12) (9) (21 41) (32) (33) (50) (42) (22) (2) (40) 
5 (14) (34) (30) (2) (10) (24) (49) (6) (46) (35) (32) (4) (9) (25) (18) (23) (36 11) (17) (39) 
6 (29) (41) (2) (24) (32 14) (26) (12) (35) (23) (46) (45) (38) (22) (30) (10) (3) (17) 
7 (31) (44 8) (42) (34) (24) (41) (7) (14) (16) (30) (33 15) (23 21) (9) (1) (35) (40) (32) (4) (19) (29) 
8 (34) (44) (14) (13 46) (29) (38) (33 28) (47) (12) (50) (39) (20) (3) (15) (2) (48) (6) (40) (5) 
9 (26) (15) (13) (25 31 39 47) (5) (10) (11) (46) (1) 
10 (26 17) (16) (11) (46) (45) (35) (6) (34) (18) (32) (36) (37) (25 4) (10) (9) 
11 (19) (14) (47) (17) (9) (3) (28 21) (26 23) (16) (44) (25) (4) (41) (42 8 30) 
12 (49 30) (25) (33) (28) (3) (38) (46) (29) (17) (9 26) (24) (35) (41) (19) (21) (42) (37) 
13 (31) (35) (38) (30) (21) (10) (18) (40) (8) (48) (33) (45) (11) (49) (25) (28) (43) (50) (17) 
14 (35) (32) (7 44) (14) (46) (4) (17) (24) (31) (19 33 49) (21) (42) (50) (45) 
15 (9) (8) (49) (3) (44) (39) (42) (2) (13) (47) (21) (40) (11) (4) (10) (35) (36 22 31) (6) (46) (30) 
16 (30) (4) (11) (12) (28) (9) (50) (41) (42 18) (27) (47) (3) (10) (5) (48) (37) (7) (1) (2) (16) 
17 (14) (38) (3) (22) (23) (17) (4 35) (45) (36) (37) (18) (16) (5) (47) (12) (27) (29) (8) (39) (41) (10) (6) (24) (25 31) (26 20 46) (7) (9) 
18 (19) (8) (3) (16) (2) (4) (27) (25) (38) (23) (11) (44) (36) (35) (5) (26 50) (24) (37) (45) 
19 (19) (25) (18) (35) (28) (36) (10) (34 39) (48) (7) (14) (13 22) (23) (49) (20) (46) (12) (40) (9 2) (26) (41) (1) 
20 (35 3) (31) (1) (5) (28) (6) (10) (27) (25 23) (30) (9) (50) (17) (21) (12) (37) (38) (2) (20) (47) (48) (13 34) 
21 (49) (21) (12) (43) (25) (7) (2) (10) (28) (36) (18) (35) (8) (37) (50) (38) (17) (40) 
22 (46) (10) (49) (27) (14) (3) (4) (36) (39) (37) (50) (11) (33) (1) (13) (38) (48) (24) (43 22 35) (7) (12) (41) (28) (25 32) 
23 (17) (40) (41) (3) (7) (19) (9) (36) (48) (10) (14) (44) (11) (15) (22) (37) (27) (46) (31) (35) 
24 (1) (29) (24) (10) (49) (48) (39 30) (19) (9) (8) (13) (7) (27) (47 3) (21) (2) (41) 
25 (28) (38) (17) (40) (23) (50) (22) (18) (15) (12) (37) (14) (46) (3) (31) (9) (27) (2) (13) (7) 
26 (40) (17) (21) (50) (30) (38 15) (42 26) (4) (47) (28) (12) (39) (37) 
27 (2) (19) (10) (46) (9) (43) (27) (37) (48) (18) (49) (3) (16) (25) (30) (50) (38) (14) (12) 
28 (30) (5) (20) (40) (39) (46) (15) (47) (42) (50) (19) (18) (1) (27) (13) (38) (33) (14) 
29 (40) (17 14) (37) (39) (15) (22) (28) (24) (10) (34) (33) (25) (50) (35) (9) (7) 
30 (1 50) (15) (20 19) (33 48) (9) (44) (34 22) (32) (24 26) (18) (43) (46) 
31 (4) (35) (13) (26) (21) (6) (17) (30) (7) (14) (33) (3) (49) (11) (37) (38) (29) (9) (36) (40) 
32 (35) (38) (33) (44) (2) (9) (6) (15) (18) (24) (10) (46) (36) (50) (45) (3 7) (14 17) (28) 
33 (10) (22) (11) (33) (32) (39) (1) (21) (30) (27) (38) (42) 
34 (19) (2) (13) (20) (48) (37) (23) (44) (32 43) (14) (17) (15) (36) (22) (35) (24) (11) (21) (18) 
35 (42) (35) (10) (11) (16) (3) (13) (29) (44) (48) (14) (7) (37) (19 5) (21) 
36 (11 43) (6) (15) (7) (3) (39) (4) (8) (27) (37) (32) (46) (20) (34 16) (17) (9) (5) (29) (10) 
37 (40) (23) (2) (27 33) (38) (11 44) (31) (28) (21) (35) (17) (13) (34) (18) (36) (39) 
38 (35) (48) (28) (47) (19) (14) (22) (8) (44 32) (26) (38 27) (24) (31) (2) (40 50) (34) (30) (4) (37) (9) 
39 (28) (45) (26) (4) (20) (6) (48) (15) (37) (38) (23) (35) (33) (22) (29) (16) (21) (13) (42) (41) 
40 (10) (24) (35) (32) (47) (7) (9) (42) (12) (19) (48) (20) (6) (27 4) 
41 (30) (6) (35) (47 45) (31 8) (44) (37) (7) (32) (38) (18 14) (23) (43) (40) (24) (26) (21) (17) (46) (33) 
42 (45) (26) (23) (16) (49) (41 25) (12) (44) (33) (13) (11) (8) (28) (17) (6) (38) (50) (20) (37) 
43 (4) (29) (27) (16) (24) (8 5) (31 41) (23) (43) (10) (48) (44) (47) (25) (36) (42) (20) 
44 (23) (12) (35) (29) (2) (8) (42) (7) (26) (46) (25) (11) (31) (33) (28) (30) (24) (21) (41) (6) (1) (32) (14) (5) 
45 (22) (40) (17) (45) (7) (24) (41 6) (19) (44) (8 32) (31) (30) (38) (16) (9) (5) 
46 (42) (14) (22) (31 27) (48) (40) (43) (2) (16) (5) (11) (44) (9) (33) (12) (19) (25) (18) (32) (20) (34) (38) 
47 (18) (25) (40) (36 2) (14) (39) (21 43) (33) (31) (30) (42) (47) (8) (48 26) (1) (44) (6) (35) (37) (16) 
48 (12) (26) (46) (25) (23) (40) (27) (1) (35) (22) (36) (48) (7) (5) (8) (32) (20) (31 19) 
49 (9) (20 6) (36 37) (38) (27) (13) (10) (50) (15) (18) (2) (49) (12) (28) (46) (34) (30) (11) (33) (17) 
50 (12) (26) (43) (49) (15) (4) (1) (47) (44) (11) (16) (32) (13 31 30) (40) (48) (2) 
1 (50) (47) (9) (30) (33) (19) (22) (24) (48) (44) (7) (16) (20) (28) 
2 (16) (20) (18) (5) (50) (25) (4) (27) (21) (3) (44) (19) (47) (37) (49) (38) (46) (34) (15) (24) (32) (8) (6) (2) 
3 (20) (12) (22) (23) (3) (35) (16) (25) (32) (6) (31) (4) (17) (18) (27) (8) (24) (15) (11) (36) 
4 (18) (50) (2) (15) (17) (43) (16) (36) (11) (40) (14) (7) (26) (39) (31) (38) (10) (22) (5) 
5 (16) (1) (45) (46) (9) (48) (35) (17) (36) (18) (44) (43) (8) (28) (3) (20) 
6 (40) (42) (36) (10) (8) (47) (32) (45) (5) (49) (3) (41) (20) (31) (17) (15) (44) (39) 
7 (35) (36) (25) (40) (41) (21) (24) (45) (44) (19) (22) (31) (17) (48) (1) (23) (4) (32) (14) (16) (7) (29) 
8 (13) (44) (17) (43) (2) (24) (38) (18) (7) (1) (36) (48) (41) (11) (21) (15) (47) (45) (42) (3) 
9 (3) (27) (11) (36) (40) (49) (15) (12) (17) (20) (23) (31) (46) (32) (30) (24) (16) (29) (19) (45) (25) (5) (4) (10) (38) (7) 
10 (10) (19) (27) (21) (16) (29) (40) (32) (22) (3) (43) (17) (15) (23) (36) (49) (20) (9) (33) (35) (24) (6) (5) (13) (1) 
11 (49) (31) (36) (4) (46) (34) (18) (22) (10) (15) (2) (13) (37) (50) (5) (42) (35) (16) (44) (23) (33) (9) 
12 (44) (27) (46) (42) (6) (16) (21) (26) (2) (20) (40) (22) (19) (17) (48) (25) (50) (4) (3) (49) (8) 
13 (24) (31) (1) (15) (2) (19) (35) (50) (22) (8) (25) (42) (9) (39) (49) (28) (20) (34) (37) 
14 (47) (25) (17) (35) (22) (7) (23) (6) (28) (46) (5) (8) (41) (14) (11) (29) (34) (32) (44) (27) (19) (38) (31) 
15 (36) (23) (49) (25) (50) (28) (29) (7) (8) (26) (39) (34) (30) (32) (9) 
16 (18) (16) (11) (39) (43) (10) (7) (45) (17) (3) (42) (47) (35) (27) (36) (4) (50) (46) (2) 
17 (36) (4) (31) (13) (2) (34) (42) (32) (37) (21) (29) (11) (20) (10) (41) (3) (14) (5) (49) (45) (17) (6) (23) (26) (25) (12) (1) 
18 (32) (47) (49) (13) (37) (28) (19) (30) (34) (17) (21) (10) (5) (3) (27) (16) (46) (25) (41) 
19 (30) (18) (34) (11) (23) (14) (27) (7) (45) (4) (35) (38) (28) (24) (19) (46) (12) (3) (48) (40) 
20 (43) (46) (39) (2) (48) (36) (20) (28) (8) (40) (34) (42) (49) (17) (19) (4) (30) (1) 
21 (24) (47) (11) (35) (4) (34) (37) (41) (20) (26) (12) (15) (14) (13) (31) (44) (33) (7) (39) (21) 
22 (15) (38) (30) (4) (46) (6) (39) (1) (45) (34) (48) (33) (23) (29) (19) (17) (25) (22) 
23 (18) (20) (1) (7) (11) (19) (44) (5) (25) (41) (42) (37) (17) (43) (48) (39) (6) (34) 
24 (45) (12) (5) (17) (14) (1) (44) (18) (34) (22) (32) (38) (6) (30) (41) (43) (40) (29) (7) (24) 
25 (11) (46) (22) (18) (13) (43) (27) (42) (9) (10) (12) (21) (48) (20) (29) (47) (17) (5) (19) (44) 
26 (50) (11) (17) (41) (26) (12) (2) (10) (19) (9) (48) (42) (47) (38) (44) (6) (39) (30) (18) (31) 
27 (23) (46) (40) (37) (18) (20) (25) (33) (43) (49) (2) (17) (27) (48) (22) (38) (16) (36) (28) (24) 
28 (42) (20) (8) (37) (13) (49) (29) (1) (22) (21) (38) (32) (19) (12) (44) (26) (39) (25) (16) (2) (11) 
29 (31) (36) (12) (8) (39) (35) (7) (6) (17) (43) (24) (44) (4) (3) 
30 (33) (12) (28) (16) (15) (6) (49) (7) (11) (24) (31) (44) (47) (13) (45) (5) (20) (27) (50) (41) (38) (26) 
31 (15) (50) (46) (37) (48) (17) (4) (20) (23) (1) (47) (25) (43) (45) (38) (14) (9) (44) (13) (7) (2) (41) 
32 (41) (45) (46) (6) (38) (5) (4) (50) (44) (14) (7) (30) (48) (33) (36) (10) (40) (34) (22) 
33 (30) (41) (22) (14) (32) (12) (31) (44) (49) (46) (29) (1) (47) (33) (39) (4) (37) (42) (8) (13) (7) (28) 
34 (5) (38) (46) (8) (7) (10) (37) (20) (3) (29) (36) (49) (30) (19) 
35 (40) (29) (10) (32) (18) (14) (13) (41) (17) (35) (44) (38) (47) (23) (31) (6) (20) (7) (12) (22) (19) (48) (21) (37) (34) (39) (15) (5) 
36 (48) (43) (37) (15) (19) (17) (34) (31) (10) (22) (23) (47) (1) (21) (5) (49) (18) (32) 
37 (16) (12) (49) (31) (41) (17) (18) (2) (36) (22) (25) (10) (20) (21) (26) (35) (27) (38) (39) (23) (29) (47) (4) (42) (34) 
38 (33) (42) (27) (12) (39) (31) (46) (2) (6) (28) (22) (21) (17) (45) (38) (13) (41) (20) (49) (8) (18) (26) (32) (25) (37) 
39 (5) (4) (28) (15) (19) (47) (37) (36) (17) (33) (8) (26) (9) (24) (29) (22) 
40 (25) (28) (50) (29) (41) (19) (7) (8) (38) (48) (37) (15) (47) (1) (23) (46) (45) (31) (21) (4) (26) (13) 
41 (24) (1) (12) (4) (2) (45) (7) (17) (11) (42) (43) (44) (39) (23) (6) (16) (22) (19) 
42 (43) (39) (4) (11) (16) (12) (33) (46) (15) (1) (40) (14) (35) (47) (7) (44) (26) (28) 
43 (47) (22) (27) (1) (46) (36) (41) (13) (34) (43) (50) (30) (21) 
44 (7) (43) (45) (8) (14) (46) (1) (15) (50) (37) (47) (18) (35) (3) (4) (38) (30) (11) (32) (41) (42) (23) (34) 
45 (13) (2) (41) (6) (42) (10) (14) (39) (32) (18) (17) (45) 
46 (19) (25) (49) (14) (41) (9) (12) (36) (30) (5) (17) (32) (27) (28) (10) (23) (48) (22) (15) (6) (44) (8) 
47 (38) (26) (16) (50) (41) (20) (8) (11) (40) (28) (9) (47) (2) (17) (43) (15) (24) 
48 (43) (48) (27) (35) (38) (19) (20) (39) (46) (34) (50) (13) (24) (16) (47) (22) (2) (23) (8) (30) (40) 
49 (19) (22) (12) (27) (21) (50) (3) (49) (14) (42) (31) (24) (15) (2) (5) (13) 
50 (22) (18) (38) (1) (25) (30) (13) (29) (2) (49) (32) (21) (42) (27) (28) (16) (26) (8) (14) (20) (4) 
