0
50
50
1 (34) (40) (49 45) (19) (1) (18) (15) (25) (39) (47) (23) (41) (37) (38) (6) (33) (13) (8 10) (11) 
2 (4) (9) (48) (24) (6) (7) (5) (35) (18 16) (41) (29) (34) (37) (1) (44) (13) (2) (46) (45) (17) (40) (25) (12) 
3 (33 10 17) (14) (44) (23) (29 26) (3) (12) (41) (24) (19) (22) (25) 
4 (11 17) (40) (32) (26 6) (27) (25 9) (10) (33) (34) (24) (2) (14) (30) (13) (50) (42) (49 43) (23) (1) (47) (3) 
5 (45) (17 23) (44) (2 38) (8) (20 32) (26) (40) (14) (18 42) (37 11 15) (9 27) (24) (33) (6) (41) (30) (10) 
6 (9) (13) (14) (45) (29 38 42) (35 15 36) (25) (10) (28) (11) (40) (30) (6) (39 49) (17) (33) (23 1) (46) (41) (26) (34) 
7 (35 8) (16) (23) (45 50) (38) (1) (36) (2) (4 49) (43) (44) (24) (10) (25) (14) (20 15 28) (3 40) (37) (7) (27 46 9) (39) 
8 (9) (41) (19) (29) (34) (38 45 42) (25) (13) (6 12 4) (3) (40 27) (24) (21) (31) (10) 
9 (33 20) (37) (4 41 23) (12) (7) (15) (45) (29 9) (21) (3) (31) (27) (40) (13) (28) (39) (18) (25) 
10 (20) (19) (36) (38) (32) (14 31 49) (43) (47) (3) (34) (15) (41) (42) (18 21) (39) (35) (27) (45) (16) (4) (1) (40) (7) 
11 (15) (1 17) (45) (42) (21) (34) (3 23) (31 9) (36) (46) (48) (25) (39 4) (35 16) (14) (8) (27 50 43) (28) (41) (26) (12) (44) 
12 (8 19) (11) (2) (5) (4) (16) (35) (10) (27) (30) (47 23) (40) (13) (41) (46) (31 33 44) (50) (18) (29) (34) (14) (22) (7) (32 36) 
13 (26 11) (2) (15) (42) (1) (29 20) (31) (37) (36) (3 38) (34) (24) (19) (8 21) (13 33 30 16) (5) (39) (7) 
14 (26 23) (7) (37) (40) (34 38 3) (12) (21) (36) (22) (15) (48) (44) (47) (5) (17) (30 41 49) (19) (14 27) 
15 (20) (24) (12 19) (13 44) (9) (11) (48 21) (41) (26) (49) (23 2) (4) (16) (42) (1) (46) (36) (28) (43) (17) (33) (40) (37) (14) (47) (31) (35) 
16 (24) (20) (34) (10 46 3) (49) (27 32) (40) (6) (42 9) (14) (4 5 15) (7) (28) (43) (23) (38 8) (45) (18) (26) (50) 
17 (35) (42 7) (5) (19) (21) (13) (48) (25) (20) (10) (17 37) (22) (49) (33) (34) (18) (41 47) (40) (1) (30) 
18 (8) (35 25) (29) (5) (2) (46) (28) (14) (48 22 32 27) (31) (26) (9 39 24) (36) (33) (30 10) (18) (34) 
19 (36) (30) (33) (2) (29 9) (18) (20) (48) (22) (25) (15) (39) (14) (44) (8) (23) (35 42) (27) (21) (31 49 32) (12) (7) (50) 
20 (45) (11) (36) (8 1) (47) (29 7) (9 33) (15) (30) (31 6 43 23) (5) (34) (49 19) (26) (10 41) 
21 (1) (33 13) (31) (6 7) (34) (30) (23) (21) (29) (42) (44 14 32 22 24) (9) (25) (8) (20 47) 
22 (34) (43) (35) (36) (13 6) (37) (50 40) (39) (21) (3) (7) (17) (8) (42) (10) (14) (41) (18) (45) (1) (33) 
23 (40) (18) (2) (21) (49) (39) (34) (32 15) (36) (46) (7) (25) (38 41 33 8) (48) (43 22 27) (12) 
24 (24) (12) (33) (34) (23) (4 44) (11) (20) (41 27) (10 8 39) (47) (19 46) (29) (13) (42) (31 14) (50) (37 35) 
25 (24) (36) (34) (37) (11) (9 45) (25) (49) (12) (14) (28) (39) (40) (46) (16) (42) (44) (17 48) 
26 (7) (34) (18) (27) (19 24) (38) (37) (5) (49) (46) (32) (3 2 4) (16) (10) (48) (22) (25) (23) (47) (40) 
27 (37) (32 9) (20 30) (44) (12) (43) (23) (8) (39 27 24) (28 47 46) (41) (33) (13) (34) (16 5) (3 19 40) 
28 (49) (43) (19 39 9) (4 16) (18) (14) (42) (22) (27) (46) (47 29 41) (38) (10) (1) (24) (11) 
29 (27) (2) (20) (48) (37) (43 47) (7) (13) (34) (36) (31) (4) (26) (3) (40) (19) (39) (17) (10) (11) (49) (42) 
30 (24 12) (21) (2) (30) (49) (44 23) (31) (14 19 17 20 18 28) (41) (34 5) (26) (47) (38) (33) (10) (25) (29) 
31 (43) (4 17) (26) (31) (45) (11) (46 7) (15) (35) (50) (38) (5 19) (32 42) (36 3) (9) (40) (41) (12) (23 30) 
32 (43) (30 47) (14 29) (46) (24 26) (32) (4 18 20 10) (39) (25) (45) (21) (6) (34 7) (1) (41 22) 
33 (26) (45 11) (17) (8) (6) (50) (27) (10) (15) (3 12) (36) (32) (24 37 19 35 42) (47) (25) (33) (2) (38) (23) 
34 (26 9 3) (44) (30) (25 6) (11) (39) (42 21) (28) (8) (17) (32) (48) (15) (5) (40) (10) (27 7) (49 47) (23) (31) (24) 
35 (3 42) (12) (49) (26) (50) (30) (35 31) (9) (34 10) (36) (20) (6 46) (21) (17) (38) (19 33) 
36 (48) (3) (21) (31 7) (30) (42) (25) (6) (4) (47 43) (45) (38) (29) (2) (34) (39) (9) (41) (14 5) (35) (36) (18 26) (8) (49) (40) (32) (15) 
37 (34) (41) (18) (13 36) (14) (27) (7) (17) (10) (8) (29) (22) (33) (50 21) (25) (39) (12) (31) (46) 
38 (30) (9) (14) (19) (40) (49) (45) (20) (4) (7) (12) (23 47) (13) (27) (46) (25) (15) 
39 (42) (38) (22) (14) (29) (11) (12) (41) (26 18) (46) (32 2 44) (28) (21) (39 10) (13) (24) (45) 
40 (5) (34) (26) (30) (16) (50) (42) (10 39) (1) (27) (45) (44) (9) (19) (3) (8) (4) (41) (38) (29) (12) (20) 
41 (47) (36) (21) (25) (48) (35 23) (14) (39) (2) (15) (22 31 38) (29) (20) (16 12) (30) (6) (19) (24) (28) 
42 (30) (34 26) (38) (46) (44) (49) (41) (28) (15) (9) (13) (50) (36 32) (12) (18) (8) (33 21 17) (42) (37 2) (7) 
43 (31) (29) (10) (2 34 40) (5 46 23) (25) (12 35) (19) (48) (4) (14) (28) (39 33) (47) (6) (21) (1) (43) 
44 (12) (39) (2) (27) (21) (26) (5 42) (8) (24) (20) (46) (38) (22) (47) (30 33) (6) (35 41 14) (49) 
45 (5 16) (44) (41) (8 18) (22) (32) (11) (43) (15) (2) (49) (31) (9) (33) (17) (30) (4) (46) (40) (50) (38) (7) (42) (39) 
46 (40) (46) (18) (38) (20) (37) (43) (2) (32) (4) (14) (23) (19) (50 15 48 49 35 8) (41 31) (16) (22) (25) (28) (39) (7) 
47 (27) (24) (48 7) (19 38 23) (26) (8) (17) (9 2) (4) (20) (30) (14) (6) 
48 (9) (47) (44) (33) (35 3 36) (19) (24) (41) (11 22) (5) (7) (12) (1) (17) (32) (29) (6) (4) (38 37) (48) (31) (23) (21) (2) (13) (49) 
49 (32) (21) (11) (40) (45) (37) (43) (18) (34 14 13 42) (24) (30) (46) (3) (39 7) (9) (5) (27) (47) (33) (50) (28) (19) 
50 (35) (23 40) (46 38) (21) (7) (10) (5) (15) (22) (3 48) (16) (39) (36) (28) (26) (25) (30) (14) 
1 (28) (13) (32) (15) (43) (10) (7) (20) (4) (2) (1) (17) (48) (6) (40) (22) (11) (21) 
2 (2) (33) (29) (46) (41) (44) (23) (19) (39) (5) (36) (18) (12) (43) (7) (30) (13) (47) (45) (4 48) (26 42) (15) 
3 (10) (27) (48) (14) (49) (22) (8) (29) (40) (35) (31) (16) (13) (3) (7) (4) (26) (36) (11) (34) (9) (33) (50) 
4 (7) (26) (15) (32) (11) (46) (40) (12) (31) (43) (8) (16) (10) (45) (28) (9) (36) (2) (24) (47) (48) (38) (29) 
5 (16) (20) (13) (45) (2) (50) (34) (48) (36) (30) (18) (31) (27) (12) (40) (44) (26) (43) (49) (17) (14) 
6 (22) (1) (34) (43) (16) (4) (32) (6) (35) (44) (5) (8) (48) (33) (2) (41) (36) (20) (47) (21) 
7 (13) (38) (36) (46) (10) (29) (20) (50) (17) (14) (45) (34) (32) (49) (22) (12) (48) (31) (2) (42) (47) (7) (23 16) (21) (26) (9 37) (19) 
8 (46) (44) (47) (19) (5) (24) (1) (21) (20) (42) (27) (7) (37) (45) (16) (40) (36) (34) (12) (23) (18) (13) (33) (22) (11) 
9 (4) (20) (45) (15) (11) (36) (5) (7) (19) (8) (47) (28) (49) (42) (25) (38) (9) (16) (48) (21) (18) (31) (35) (27) (40) (6) (34 2) 
10 (28) (6) (24) (34) (37) (43) (22) (12) (29) (5) (3) (1) (30) (16) (39) (20) (18) (35) (50) (17) (33) (7) (26) (40) (4) (32) (8) 
11 (15) (29) (1) (24) (45) (34) (49) (28) (33) (31) (20) (48) (12) (5) (25) (6) (4) (39) (13) 
12 (27) (11) (24) (15) (40) (33) (14) (8) (44) (9) (2) (42) (19) (39) (3) (38) (23) (37) (31) (25) (43) (48) (30) (41) (35) 
13 (4) (2) (6) (24) (13) (21) (1) (9) (29) (22) (27) (37) (48) (8) (39) (49) (42) (38) (12) (17) (15) 
14 (18) (14) (10) (21) (12) (19) (15) (22) (30) (50) (5) (11) (44) (38) (47) (43) (25) (6) (28) (49) (46) (41) (7) (32) (4) (16) (24 37) (36) (39 3) 
15 (34) (13) (9) (19) (50) (23) (46) (45) (38) (36) (14) (11) (1) (20) (33) (31) (41) (5) (6) (16) (7) (10) (42) 
16 (15) (27) (45) (50) (13) (2) (46) (11) (40) (12) (7) (28) (26) (41) (10) (25) 
17 (47) (35) (3) (34) (45) (30) (42) (17) (25) (31) (37) (22) (14) (15) (48) (4) (2) (11) (33) (6) (29) (5) 
18 (37) (5) (39) (32) (12) (22) (26) (28) (10) (9) (49) (30) (45) (2) (36) (23) (1) (19) (17) (16) (18) (42) (46) 
19 (31) (1) (12) (3) (49) (10) (24) (46) (35) (47) (41) (20) (17) (28) (26) (38) (13) (8) (48) (27) (43) (30) (33) (29) (40) (14) (15) 
20 (9) (41) (46) (13) (30) (40) (7) (38) (16) (15) (19) (10) (47) (27) (21) (32) (17) (35) (24) (29) (5) (44) 
21 (13) (48) (22) (32) (30) (50) (43) (34) (39) (8) (21) (37) (17) (44) (14) (23) (49) (9) (36) (35) (19) (15) (10) (42) (11) (41) 
22 (18) (28) (48) (12) (50) (3) (21) (19) (17) (44) (46) (39) (45) (23) (32) (14) (37) (26) (41) 
23 (43) (14) (38) (4) (12) (21) (1) (7) (16) (6) (46) (48) (9) (26) (5) (27) (20) (34) (41) (11) (31) (19) (15) (33) (24) (30) (47) (3) (50) 
24 (48) (16) (3) (24) (18) (13) (34) (30) (21) (8) (32) (49) (5) (15) (28) (26) (4) (44) (25) (47) (41) (33) (7) (27) (39) (2) 
25 (38) (34) (3) (36) (4) (43) (9) (46) (6) (33) (23) (32) (17) (50) (11) (37) (2) (41) (26) (18) (30) (8) (21) (7) (25) (19) (1) 
26 (32) (42) (31) (50) (30) (20) (36) (44) (47) (13) (16) (14) (5) (35) (11) (39) (18) (40) (34) (6) (15) (3) (33) (4) (29) 
27 (23) (49) (38) (16) (18) (9) (11) (5) (8) (7) (40) (12) (47) (27) (26) (33) (44) (14) (19) (28) (34) (24) (29) (10) (4) (37) 
28 (30) (25) (34) (43) (7) (50) (46) (16) (42) (6) (18) (15) (39) (41) (49) (9) (27) (11) 
29 (21) (43) (39) (37) (30) (18) (12) (41) (8) (24) (20) (6) (13) (40) (32) (3) (9) (48) (28) (19) (36) (2) 
30 (49) (27) (44) (34) (13) (4) (40) (36) (20) (6) (18) (30) (21) (47) (38) (45) (5) (35) (19) (42) (31) (41) (32) (12) (50) (17) (14) 
31 (36) (30) (41) (9) (20) (13) (8) (45) (34) (29) (48) (35) (21) (43) (37) (10) (12) (18) (31) (11) (19) (46) (24) (15) 
32 (5) (4) (27) (45) (16) (18) (10) (26) (31) (33) (39) (42) (19) (12) (46) (32) (36) (23) (21) (48) (34) (49) 
33 (12) (24) (18) (9) (44) (37) (30) (23) (4) (42) (33) (49) (19) (21) (45) (17) (6) (13) (48) (35) (15) (5) (1) (3) (22) (20) (43) (27) 
34 (18) (12) (30) (49) (22) (40) (23) (6) (32) (10) (42) (25) (11) (13) (20) (21) (17) (4) (35) (43) (26) (24) (1) (8) (16) (14) (37) (29) (36 27 2) 
35 (50) (15) (6) (46) (24) (36) (10) (2) (33) (17) (11) (44) (19) (12) (18) (22) (43) (31) (7) (41) (48) (35) 
36 (37) (19) (50) (23) (33) (6) (18) (20) (22) (41) (14) (11) (35) (15) (29) (42) (13) (48) (7) (12) (25) (31) (36) (10) 
37 (49) (5) (25) (17) (29) (48) (46) (24) (2) (26) (9) (15) (42) (7) (22) (33) (27) (13) (1) (14) 
38 (23) (13) (46) (50) (8) (35) (33) (45) (48) (47) (10) (39) (6) (36) (16) (5) (42) (30) (26) (31) (44) (28) (1) (41) (7) (14) (40) 
39 (40) (9) (27) (39) (7) (10) (44) (50) (23) (19) (18) (43) (32) (25) (45) (34) (37) (22) (41) (6) (11) (1) (46) (24) (13) (28) (29) (36) (49) 
40 (14) (34) (50) (38) (9) (1) (27) (25) (6) (5) (31) (15) (36) (10) (4) (45) (29) (49) (26) (16) (22) (8) (17) (46) (12) (23) (43) (7) (2) 
41 (46) (11) (12) (39) (5) (17) (2) (42) (22) (31) (36) (40) (10) (6) (23) (27) (8) (3) (32) (48) (28) (45) (1) (30) (15) (44) (9) (37) (14 24) (20) 
42 (49) (45) (13) (6) (24) (36) (19) (29) (17) (40) (25) (8) (10) (4) (35) (15) (44) (34) (33) (21) (39) (22) (31) (5) (11) (28) (42) (16) 
43 (15) (43) (31) (11) (46) (23) (32) (7) (27) (10) (29) (16) (4) (20) (36) (22) (49) (28) (45) 
44 (11) (42) (40) (19) (2) (3) (30) (14) (39) (25) (45) (24) (48) (34) (12) (5) (21) (7) (27) (15) 
45 (25) (10) (40) (32) (20) (8) (11) (7) (9) (6) (39) (16) (38) (5) (2) (33) (31) (22) (1) (36) (49) 
46 (46) (25) (26) (6) (45) (37) (49) (43) (7) (12) (31) (18) (44) (50) (42) (11) (38) (16) (28) (15) (27) (2) (32) (23) (24) (39) (35) 
47 (26) (43) (21) (4) (17) (20) (1) (34) (44) (10) (30) (27) (41) (12) (33) (49) (14) (15) (24) (48) (36) (32) (38) (29) (28) 
48 (36) (50) (26) (41) (48) (15) (29) (2) (19) (23) (25) (14) (11) (46) (34) (47) (18) (17) (43) 
49 (26) (44) (1) (46) (29) (28) (48) (36) (30) (20) (15) (25) (7) (45) (42) (19) (38) (10) (16) (34) (35) (4) (17) (14) (23) (6) 
50 (4) (7) (24) (33) (40) (22) (46) (19) (31) (11) (49) (16) (12) (37) (42) (35) (45) 
