0
50
50
1 (38) (23 32) (48) (37) (35) (11) (49) 
2 (18) (47) (43) (28 49) (44 32 21) 
3 (50) (44 24) (46) (10) (27) (39) (2) (49) (31) 
4 (18) (19) (37) (32) (3) (15) (33) (7) (16) (46) (40) (50) (45) 
5 (22) (42 24) (14) (32) (19) (29 21) (36) (27) (17) (31) (23) (49) 
6 (26) (42) (7) (21) (33) (15) (9) (41) (32) (16) (31) 
7 (41) (49) (38) (25) (47) (17) (26) (1 10) (36) (4) (3) (48) (29 6) (2) (13) 
8 (13) (20) (33) (11 37) (32) (3) (26) 
9 (38) (9) (5 4) (49) (22) 
10 (13) (33) (9) (14) (24) (8) (34) 
11 (11) (8) (46) (28 30 7) 
12 (44 3 25) (39) (49 28) (24) 
13 (32) (20) (18 33) (47 8) (48 19) 
14 (46) (11) (37 2) 
15 (14) (48 50 41) (27) (49) (6) (16) (11) (3) 
16 (11) (44) (36 9) (20) (19) (10) (5) (3) (45 34 22) (29) (43 31) 
17 (49) (1) (18) (30) (2 38) (20 40) (19 15 5) (17) (12) 
18 (26) (6) (15) (23) (31) (48) 
19 (46) (20) (18) (19) (40 11) (4) (10) 
20 (21) (39) (48) (20) (3 37) (28) (15 18 14) (44) (5) (45) 
21 (19) (14) (28) (47 32) (39) 
22 (10) (3) (37) (29) (34) (28) (47) (5 2) (8 30) (50) (35) (31 9) (41) 
23 (40 4) (32) (33) (2 29) (3) (8) (20) (37 27) (6) 
24 (6 18) (28) (25) (23) (44) (45) (19) (20) (17) (32) (2 36) 
25 (21) (39) (11) (6 28) (22 17) (20) (33 16) (12) (35) 
26 (20) (50 15) (36) (8) (9) (43 22) (24 27) (29) 
27 (8 18) (47) (45 49) (31) (30) 
28 (19) (29) (15 44 20 42) (39) (14 28) (3) (35) 
29 (42) (4) (44) (22) (3) (1) (20) (45) (18) (43) 
30 (15 11 23) (50 42 25) (6) (7) 
31 (25) (13 41 48) (47) (14 32) (27) 
32 (8) (29) (44) (27) (15) 
33 (22) (24) (32 23 50 47) (31) (27 44 41) (21) (18) (38 46) 
34 (44) (46) (6) (42) (18 32) (27) (41) (36) (28 31 22) (14) 
35 (39 19) (13) (20) (48) (49) (38) (16) (23) (46) (7) 
36 (17) (31) (48) (28) (10 14) (8) (6) (50 41 35) (12) 
37 (42) (33) (44) (43) (49) (39 41) (34) (5) 
38 (10) (46) (7) (33 4) (20) 
39 (29) (42 13) (8) (48) (12) (25) (40) (50) (23) (30) (6) (4) 
40 (39) (9) (25) (20) (32 13) (18) (41) (15) 
41 (44) (8) (39 5) (45 27 50 40 22) 
42 (27) (35) (19) (3) (40) (13) (48) (43 29) (5) (2) (15) (50) (24) 
43 (19 20) (1 12) (9) (30) (26) (34) (49) 
44 (17) (27) (18) (2) (30) (8) (11) (9 4) (39) (14) (36) (31) 
45 (4 14) (12) (28) (17) (7) (44) (29) (1) 
46 (7) (28) (32) (25) (23 49) (6 8) (16) (21) (15) (17 30) 
47 (43) (23) (32) (24) (21) (48) (33) (3 18 9) (20 41) 
48 (21 1) (23) (35) (44) (49) (5) (25) 
49 (10 40) (7) (45) (16) (29) 
50 (41 48) (23) (47) (44) (22) (6) (29) (35) (45 2) 
1 (29) (48) (7) (45) (43) (17) 
2 (3) (42) (22) (44) (17) (14) (7) (50) (24 23) 
3 (7) (42) (12) (22) (4) (28) (16) (20) (23) (29 8) (15) (47) 
4 (7) (23) (44) (29) (19) (38) (39) (45) (9) 
5 (20) (16) (9) (41) (37) (17) (22) (48) (42) 
6 (36) (15) (18) (39) (46) (50) (24) (7) (30) (23) (25) (34) 
7 (38) (30) (35) (6) (45) (46) (11) (49) (4) 
8 (46) (44) (36) (26) (23) (41) (39) (11) (22) (10) (27) (13) (32) 
9 (47) (10) (9) (43) (40) (16) (26) (22) (44) (6) 
10 (38) (7) (19) (36) (22) (49) (3) (16) 
11 (14) (30) (15) (44) (16) (19) (1) (25) (8) (11) 
12 (17) (36) (39) (45) (43) (25) 
13 (31) (35) (7) (40) (10) (39) (8) (42) 
14 (45) (44) (20) (36) (10) (28) (31) (34) (5) (15) (21) 
15 (28) (30) (26) (40) (17) (4) (18) (32) (20) (46) (6) (42) 
16 (6) (25) (49) (15) (4) (35) (46) 
17 (17) (44) (45) (7) (5) (24) (36) (46) (25) 
18 (19) (44) (24) (20) (2) (13) (17) (47) (29) (33) (34) (27) (40) (4) 
19 (5) (21) (17) (43) (19) (4) (28) (16) (24) (13) (35) (42) 
20 (38) (13) (35) (17) (29) (43) (47) (40) (16) (8) (26) (20) (24) (25) (28 19) (23) 
21 (33) (20) (47) (46) (48) (6) (5) (25) (2) 
22 (9) (26) (29) (34) (25) (41) (50) (33) (16) (5) 
23 (33) (50) (48) (5) (18) (1) (30) (35) (47) (24) (39) (46) 
24 (47) (12) (33) (5) (10) (42) (26) (3) 
25 (40) (30) (31) (46) (12) (24) (39) (48) (7) 
26 (43) (8) (6) (18) (7) 
27 (5) (15) (26) (33) (3) (42) (23) (44) (34) (32) (41) (31) 
28 (12) (28) (34) (25) (46) (22) (45) (21) (20) (11) (2) (24) (36) 
29 (49) (22) (23) (42) (16) (32) (45) (7) (50) (39) (26) (5) (28) 
30 (11) (22) (43) (44) (46) (17) (27) (39) 
31 (44) (34) (16) (3) (33) (5) (27) (36) (6) (22) (18) 
32 (8) (13) (31) (1) (21) (46) (40) (4) (23) (33) (47) (34) (5) (24) (6) (2) 
33 (10) (47) (25) (8) (4) (37) (6) (38) (23) (13) 
34 (10) (16) (37) (43) (22) 
35 (48) (36) (50) (42) (25) (1) (28) (22) 
36 (7) (16) (44) (26) (5) (24) (34) 
37 (8) (23) (4) (20) (1) (14) (22) 
38 (9) (33) (35) (7) (17) (1) 
39 (3) (12) (40) (37) (44) (28) (21) (20) (35) (25) (41) 
40 (19) (17) (4) (42) (41) (23) (49) (39) 
41 (6) (34) (36) (40) (31) (37) (22) (47) (33) (7) (50) (15) 
42 (34) (29) (6) (37) (28) (5) (39) (30) 
43 (47) (16) (42) (26) (2) (29) (37) 
44 (48) (16) (20) (45) (28) (41) (37) (3) (33) (12) (29) (32) (34) (24) (2) (50) 
45 (29) (49) (4) (41) (27) (50) (20) (24) (16) 
46 (3) (33) (34) (14) (19) (35) (11) (38) (4) 
47 (7) (13) (21) (50) (31) (22) (2) (33) (27) 
48 (1) (15) (13) (18) (35) (47) (20) (42) (39) (36) (7) (31) (50) 
49 (43) (17) (48) (27) (1) (15) (35) (5) (3) (12) (2) (37) (7) (46) (9) 
50 (42) (15) (36) (33) (4) (41) (26) (22) (30) (3) (39) 
