0
50
50
1 (41) (11) (6) (22) (15) (1) (19) (35) (7) (39) (29) (20) (46) (32) (50 13) (45) (8) (36) (28 30) 
2 (29) (39) (4) (36) (50) (21) (28) (38) (24 8) 
3 (8) (1) (23) (20) (4 42 7) (38) (19) (14) (24) (11) (43) (5) (48 44) (31) 
4 (35) (19) (50) (7) (5) (45) (2) (44) (23) (42 1) (4 20) (6) 
5 (9 42) (41) (40) (6) (38) (13) (16) (25 4 48) (30) (23 15) (31) (3) (27) (39) (36) (18) (24) (34) 
6 (42) (6) (41) (28) (8) (17) (43) (39) (19) (50) (13) (14 40) (26) (34) 
7 (12) (26) (15) (27) (5) (2) (29 7) (6) (41) (42) (11) (35) (10) (37) (43) (34) (45) 
8 (10) (15) (38) (44) (12) (39 16) (9) (6) (4) (32) (23) (46) (47) (11 14) (36) (34) (2 8) (29) 
9 (33) (32) (41) (20) (30) (18) (46 8) (9) (42) 
10 (28) (24) (15) (26) (36) (29) (39) (37) (44) (23) (19) (47) (38) (43) (45) 
11 (1) (12) (45) (50) (46) (48) (19) (17) (43) (13) (21) (38 27) (29) (24) 
12 (25) (42) (11) (23) (14) (21 10) (13) (39) (48 18) (3) (41 36) (8) 
13 (43) (25) (40) (7) (29) (50) (47) (4) (34) (15) (10) (17) (8) (35 41) (49) (18 12) (9) (6) (37) 
14 (5) (25) (1 20) (34) (30) (22 19) (47) (41) (33) (7) (21) (18) (49) (8) (38) 
15 (48) (39) (6) (7) (30) (12 31) (10) (41) (4) (38) (23) (8) (43) (45) (42) (36) (44) 
16 (2) (1 38) (5) (42) (25) (4) (44) (43) (6) (45) (46) (41) (40) (12) (3) (32) 
17 (24) (9) (18) (4) (41) (48) (7) (37) (25) (19) (2) (35) 
18 (1 11) (2) (36) (45) (38) (23) (19) (3) (22 18) (6) (20) (44) (26) (37) (16) (35) 
19 (4) (17) (42) (18) (15) (12) (26) (45 3) (28) (30) (43) (11 29) 
20 (20 24) (35) (22) (29) (28) (44) (7) (12) (4) (48 41) (5) (10) 
21 (33) (7) (4) (39) (38) (18) (45 14) (22 15) (50) (48) (23) (43) (42) (5) 
22 (3) (4) (39) (32) (5) (34) (25) (47) (44) (11) 
23 (6) (16) (4) (44) (24) (45) (8) (35) (1) (2) (22) (14) (47) (27) (36) 
24 (29) (33) (31) (6) (9) (28) (34) (5) (16) (2) (39 14) (15) (38) 
25 (26) (36) (7) (45) (48) (12) (32) (4) (22) (16) (15) (20) (42) (50) (29) (33) 
26 (31) (14) (5) (38) (21) (36) (16) (32) (37) (45 6) (11) (17) (10) (26) (22) (4) 
27 (44) (27 23) (3) (17) (35) (2) (28) (12) (48 19) (37) (6) 
28 (1) (11 31) (22) (8) (5) (32) (41) (38) (49) (20) (46) (37) (6) (27) (40) (28) (3) (14) (39 12) 
29 (39) (28) (3) (12) (4) (42) (18) (2) (5) (43) (41) (20) (13) (35) (50) (24) (21) (25) 
30 (2) (31) (39) (19) (50) (24) (12) (17) (5) (33) (10) (27) (9) (16) (22) (20 8) 
31 (18) (32) (26) (4) (11) (2 47 21) (37) (40) (36) (31) (19) (48 49) 
32 (45) (25) (17) (41) (4 42) (10) (8) (30) (1) (22) (31) (38) (34) (28) (24 15) (36) (29) (32) 
33 (42) (48) (32 19) (21) (8) (28) (2) (6) (26) (40) (36) (17) (1) (50) (31) (45) 
34 (32 50 38) (11) (34) (49) (40 47) (24) (37) (5) (1) (41) (46) (6) (14) (44) (35) 
35 (49) (38) (28) (27) (43 3) (2) (19) (10) (13) (15 37) (50) (22) (14 11) (31) (23) 
36 (37) (8) (14) (11 44) (18) (12) (9) (6 34) (20) (38) (26) (19) (47) (21) (40) (28) 
37 (25) (28) (14) (30) (43) (8) (32) (1 33) (3) (4) (42) (2) (21) (26) (46) (10) 
38 (5) (26) (46) (15) (18) (6) (7 27) (11) (29) 
39 (41) (18) (42 5) (46) (43) (22) (48) (45) (2) (1) 
40 (29) (15) (1) (43) (20) (40) (47) (19 12) (45) (18) (10) (25) (7) (14) (30) 
41 (34) (16) (31) (10) (37) (14) (41) (25) (7) (33) (26) (36 5) (39) (1) 
42 (43 3) (31) (17 20) (6 42) (22 26) (16) (5 4) (15 30) (27) 
43 (9) (2) (35) (29 28) (27) (1) (39) (6) (26) (19) (40) (13) 
44 (39) (20) (13) (41) (47 14) (3) (33) (27) (24) (19) (12) (50) (16) 
45 (30) (36) (35) (11) (19) (22) (10 3) (39) (27) (15 2 38) (45 13) 
46 (34 43) (20) (48) (15) (42) (8) (13) (1) (2) (44) 
47 (34) (17) (9) (26) (21) (14) (18) (36) (19) (20) (50) (23) (47) 
48 (42) (44) (10) (31) (23) (34) (17) (47) (26) (40) (50) (28) (11) (35) (43) (39) (36) 
49 (39) (5) (47) (23) (45) (26) (33) (21) (38) (46) (40 3) (32) (49) (6) (15) (43) 
50 (20) (37 32) (24) (17 39) (16 26) (40) (4) (49) (33 23) 
1 (34) (3) (43) (40) (11) (23) (32) (1) (4) (46) (18) (16) (39) (28) (14) (33) (37) (41) 
2 (46) (23) (16) (17) (31) (29) (33) (39) (8) (4) (45) (43) (35) (24) (30) (18) (7) (37 27) 
3 (42) (18) (45) (19) (35) (28) (27) (5) (29) (16) (12) (44) (37) (22) (49) 
4 (8) (19) (5) (32) (22) (15) (37) (25) (20) (42) (31) (29) (23) (16) (3) (17) (50) (13) (26) (2) (21) (4) 
5 (20) (16) (42) (14) (38) (28) (41) (7) (30) (22) (24) (3) (34) (29) (39) (26) (4) (21) (49) 
6 (38) (5) (42) (24) (6) (1) (26) (27) (4) (16) (23) (15) (18) (7) (34) (28) (36) (8) (49) (13) (43) (33) 
7 (17) (38) (41) (3) (14) (1) (4) (7) (25) (21) (20) (40) (13) (15) 
8 (32) (28) (1) (36) (30) (14) (23) (3) (2) (12) (9) (46) (33) (13) (37) (8) (15) (6) 
9 (43) (30) (24) (8) (9) (5) (47) (13) (17) (36) 
10 (45) (15) (7) (37) (26) (41) (13) (32) (20) (12) (48) (30) (40) (8) (35) 
11 (12) (18) (7) (31) (19) (48) (1) (8) (36) (34) (3) (35) (28) (45) (26) (22) (38) 
12 (16) (28) (27) (13) (36) (11) (7) (20) (29) (44) (30) (25) (19) (15) (40) (8) 
13 (5) (12) (45) (11) (44) (1) (6) (46) (35) (29) (43) 
14 (37) (28) (3) (12) (44) (34) (41) (35) (24) (6) (21) (8) (23) (26) (36) (40) (47) 
15 (19) (42) (7) (40) (35) (13) (21) (8) (1) (45) (5) (38) (32) (25) (49) (24) (10) (46) 
16 (5) (24) (50) (41) (25) (44) (8) (23) (42) (18) (26) (30) 
17 (47) (32) (48) (11) (42) (19) (26) (27) (33) (30) (50) (6) (13) 
18 (17) (5) (14) (39) (21) (40) (47) (18) (38) (36) (29) (9) (19) (13) (31) (12) 
19 (17) (36) (44) (1) (30) (6) (3) (35) (18) (11) (40) (31) (33) (14) (27) (43) (47) (45) (10) (4) 
20 (46) (29) (28) (4) (1) (20) (50) (44) (18) (25) (36) (47) (9) (40) (42) (14) (30) (3) 
21 (47) (12) (37) (29) (33) (11) (31) (2) (26) (36) (49) (14) 
22 (42) (32) (45) (25) (21) (20) (35) (39) (14) (30) (23) (1) (26) (28) (18) 
23 (15) (3) (49) (18) (21) (48) (8) (4) (5) (10) (35) (50) (47) (27) (12) 
24 (23) (10) (11) (34) (5) (30) (3) (20) (50) (2) (44) (32) (29) (17) 
25 (29) (32) (14) (40) (37) (5) (17) (12) (13) (22) (16) (41) 
26 (6) (36) (50) (43) (25) (7) (26) (18) (10) (42) (33) (19) (31) (37) (49) (47) (48) (41) (38) 
27 (27) (7) (30) (35) (45) (44) (11) (5) (42) (38) (43) (28) (23) 
28 (2) (19) (6) (24) (36) (48) (10) (20) (29) (32) (35) (28) (37) (27) (1) (33) (43) 
29 (32) (19) (43) (24) (13) (25) (40) (8) (2) (11) (10) (38) (1) (20) (7) 
30 (37) (32) (42) (15) (40) (5) (9) (1) (19) (14) (45) 
31 (3) (41) (33) (5) (28) (48) (26) (42) (35) (24) (15) (31) (30) (32) 
32 (26) (1) (49) (25) (31) (16) (8) (28) (33) (32) (22) (34) (50) (9) (37) 
33 (14) (25) (21) (50) (41) (49) (30) (44) (9) (24) (37) 
34 (8) (41) (46) (14) (47) (34) (48) (13) (22) (32) (5) (7) (6) (36) (24) 
35 (29) (1) (18) (17) (7) (13) (4) (34) (45) (48) (20) (27) (23) (43) 
36 (31) (8) (33) (1) (32) (26) (45) (10) (41) (23) (18) (48) (2) (15) (25) (47) (12) (5) 
37 (31) (10) (26) (13) (17) (28) (27) (35) (34) (18) (41) (50) (36) (7) 
38 (21) (45) (16) (34) (14) (32) (49) (8) (11) (2) (15) (26) (28) (35) (18) (36) (5) (10) (3) (24) 
39 (5) (28) (2) (24) (29) (49) (22) (6) (1) (30) (15) (50) (12) (10) (43) (8) (45) (21) (41) (48) (44) 
40 (43) (28) (16) (6) (50) (33) (36) (34) (13) (49) (31) (40) (5) (48) 
41 (6) (17) (7) (12) (5) (29) (39) (28) (20) (16) (13) (1) (41) (9) (14) (44) (15) (32) (34) 
42 (48) (39) (42) (9) (21) (29) (32) (15) (19) (37) (46) (16) (25) (6) (5) (12) (33) (4) (7) (3) 
43 (3) (11) (42) (46) (6) (49) (19) (21) (39) (13) (37) (10) (35) (40) (7) (48) (16) (29) (15) 
44 (34) (15) (10) (8) (4) (48) (23) (46) (20) (22) (3) (16) (18) (36) (27) 
45 (23) (11) (40) (33) (49) (10) (1) (45) (25) (7) (15) (21) (39) (32) (26) (19) (16) (4) (18) 
46 (34) (16) (38) (37) (1) (9) (28) (8) (49) (39) (11) 
47 (48) (23) (10) (44) (36) (22) (31) (14) (34) (49) (13) (40) (8) (47) 
48 (21) (25) (20) (11) (33) (46) (31) (3) (17) (39) (12) (15) (27) (5) 
49 (49) (28) (14) (31) (50) (34) (13) (35) 
50 (30) (4) (21) (1) (13) (48) (34) (35) (29) (6) (33) (11) (47) (2) (25) (44) 
