0
50
50
1 (19) (48 4) (29) (14) (2 26 50) (24) (39) 
2 (14) (15 38) (12) (16 49) (44 32 11 25) (26) 
3 (23 11 3) (25 8) (27) (37 12) 
4 (39 44 37 4) (5) (33 42) (47) (27) (29) (16 15) (50) 
5 (25) (49) (28) (35) 
6 (17) (42) (2) (12) (9 44 4 37) (8) (49) 
7 (36) (7 50) (4) (17 5) (49) (2 45) 
8 (50) (10 29) (23) (25) (22 4 1) (11) (5) (30) (26) 
9 (15 19 21 36) (38 27) (41 20) (1) (42) (35 11) (26 2 7) 
10 (33 2) (5 17 49 50) 
11 (24 1 46 13 5 31) (29 9) (44) (42) 
12 (13) (38) (41) (34) (31) (8) (12) (29) (21 36 2) (44 22) 
13 (45) (9) (38) (34) (1) (46) (22) (33 29 11 32) (27) (26) (36) 
14 (18 7) (33 1) (45 29 49) 
15 (1) (8 28) (42 49) (17) (41) (3) 
16 (24) (32) (7 29 5 18) (6) (48) 
17 (9 42) (34) (10) (45 40 25) 
18 (5 36) (14) (17) (31) (20 48) (21 47 23 38) (11) (4 42) (43) 
19 (25) (3) (26) (19) (13) (35) (45) 
20 (47) (18) (46) (9 44) 
21 (11) (48) (19) (29 30) (24 32 49 33) (44) (45) 
22 (34) (12) (32 15) (37) 
23 (8) (25) (49 16 9 10 41) (29) 
24 (19 42 5 31 15 12) (36) (26) (20) 
25 (4) (17 23) (31) (22) (14 36) (48) (2) (46) (24 12 25 41) (9) 
26 (49) (27) (41 34) (29 47 18) (9 6 19) (45) 
27 (2 22) (36) (50) (40 43) (7 13) 
28 (35) (15 27 30) (26 37 1) (9 43) (45 34) (48) 
29 (7) (49 13 21) (38) (50) (17 32) 
30 (38) (2) (24) (37 47) (4) (10) (43) (36) (45) (11) (19 35 25) 
31 (36 15) (41) (46) (17) (31) (21 38) 
32 (41) (42) (9) (30) (38) (14) (46) (29) (37) (15) (45) (2 25) (11) (27) 
33 (1 48) (50 20 31) (10) (11 47) (7 19 23) (18) 
34 (43 49 42) (23 16) (15 18) (17) 
35 (42 2) (50) (37 8) (20) (21) (19 28 4) (13 1) (16) (9 24) 
36 (34) (30) (17 20) (11 39) (6) (40) (50) (3) 
37 (46) (21) (42) (24 6) (49) (23) (39) (22) 
38 (31) (43 21) (7 33) (50) (46) (29) (22) (28) 
39 (41) (3) (17) (30) (15) 
40 (7 8) (27) (15) (43) (5) (47) (33) (35) (36) (16) (11) (40) (3 34) (10) (49) 
41 (25) (6) (41) (35) (28) (10 47) 
42 (10 3 39) (26) (37) (17) (36) (38) (28) (43) (45 2) (40) (7) (20 33) (42 27) 
43 (24 15 31) (26) (7 38) (5 21) 
44 (22) (18) (45) (20 29) (12 33 10 9) (32 36) 
45 (29 17 26) (16 19 49) (11) (20) (12) (21) 
46 (50) (9) (37) (24 19 23) (42) (17 49) 
47 (17 27 12) (31) (23) (21 43) (25 26) (36) 
48 (33) (29) (41) (7 22 46 38) (31) (10 30 23) 
49 (23) (24 17) (1 13) (44) (22 36) (3) (20) (14) (32) (7) 
50 (1) (23) (32) (30) (22) (45) (28 9) (4) 
1 (33) (8) (15) (9) (35) (11) (13) (49) (28 50 14) 
2 (12) (27) (7) (25) (32) (1) (10) (42) (30) (35 9) (6) 
3 (49) (15) (19) (3) (40) (36) (42) (39) 
4 (8) (18) (30) (1) (35) (50) (6) (4) (25) (7) 
5 (18) (40) (43) (11) (16) (24) (8) (7) (4) (10) 
6 (36) (16) (26) (37) (41) 
7 (42) (27) (29) (9) (40) (48) (16) (33) (38) (14) (43 49) (7) 
8 (3) (6) (12) (35) (15) (23) (40) 
9 (26) (20) (32) (11) (23) (13) (35) (17) (25) (50) (46) (6 44) (28) 
10 (42) (48) (30) (44) (17) (41) (8) (33) (23) (40) 
11 (3) (8) (2) (21) (36) (40) (33) (45) (13) (32) (30) (9) (18) 
12 (45) (3) (22) (2) (6) (25) (47) (24) (12) (44) 
13 (27) (11) (35) (49) (29) (12) (19) 
14 (1) (18) (49) (2) (32) (25) 
15 (31) (32) (34) (40) (28) (9) (4) (22) (24) (39) (43) (2) 
16 (4) (34) (2) (40) (35) (45) (23) 
17 (47) (45) (46) (25) (6) (10) (7) (15) (34) (42) (31) (18) (36 29) (49) (39) 
18 (34) (44) (20) (26) (33) (14) (16) 
19 (24) (45) (21) (26) (9) (19) (33) (46) (30) (35) (1) 
20 (36) (35) (45) (18) (33) (49) (44) (9) (24) (42) 
21 (29) (43) (35) (9) (31) (18) (47) (12) (38) (45) (37) 
22 (25) (13) (48) (44) (8) (49) (37) (12) (27) (50) (38) 
23 (48) (50) (25) (37) (46) (47) (3) (18) (34) (8) (33) (49) 
24 (25) (46) (11) (30) (16) (43) (37) (35) (21) (49) (1) 
25 (41) (2) (23) (17) (47) (8) (3) (30) (32) (25) (19) (5) 
26 (1) (45) (9) (2) (47) (24) (43) (13) (19) (8) (42) (28) 
27 (3) (40) (32) (42) (28) (47) (26) (13) (9) (4) 
28 (15) (41) (50) (5) (42) (35) (38) 
29 (21) (45) (4) (44) (23) (48) (14) (38) (32) (26) (16) (12) (1) (13) (8 11) 
30 (8) (36) (32) (39) (50) (48) (28) (21) 
31 (12) (11) (25) (38) (18) (48) (33) (31) (43) (24) (47) 
32 (16) (49) (22) (13) (2) (29) (21) (50) (44) 
33 (38) (44) (48) (42) (21) (4) (13) (40) (10) (14) 
34 (12) (17) (40) (13) (22) (26) (28) (36) 
35 (19) (40) (30) (5) (28) (9) (41) 
36 (31) (24) (7) (44) (25) (49) (42) (27) (12) (9) (40) (30) (47) (18) (13) 
37 (3) (22) (46) (28) (4) (42) (30) (6) (35) (32) 
38 (30) (13) (9) (31) (48) (32) (12) (42) (29) (43) (18) (2) 
39 (4) (42) (36) (1) (37) 
40 (40) (17) (42) (36) (27) 
41 (26) (25) (32) (48) (41) (23) (12) (39) (9) (31) (15) 
42 (46) (34) (6) (11) (35) (32) (42) (17) (24) (4) (18) (37) (9) (15) 
43 (40) (38) (30) (27) (47) (28) (34) (42) (18) 
44 (2) (20) (49) (4) (11) (6) (21) (12) 
45 (14) (13) (19) (44) (7) (30) (32) (28) (21) (26) (42) (50) (17) 
46 (20) (25) (48) (38) (31) (32) (11) (13) (37) 
47 (40) (30) (4) (33) (41) (20) (18) (26) 
48 (1) (21) (25) (16) (33) (28) (18) 
49 (5) (37) (10) (15) (34) (7) (29) (45) (40) (23) (2) (26) (14) (21) (6 46) 
50 (36) (1) (27) (4) (46) (10) (7) (33) (38) (29) (35) (8) 
