0
50
50
1 (31 36) (28) (46 30 1) (13 15 23 25 26 35 49 7) (6) (50 27 32) (29 33) (17 18 4 11 5 45 34 12) (39) 
2 (32 49) (46 29 26) (8) (14 45 38) (15 7 10 5) (50) (9 39) (30) (18 11 17 22) (36) (3) (2) (31 24) (41) (42 43 16 40) (37 28) 
3 (19 40 16 2 12 24 29) (26) (38 1 49) (27 25) (50 7 48) (35 9 10) (36 20 28) (47 22 17) (8) (41 5 42 13 30 46 34 33 31) 
4 (25) (7 13 17 49 8 42 46) (26) (48 3 1) (16) (47 29) (40) (19 37 44 31) (15 20 50) (28 18) (43 27) (9) (35 6 21 34 30 12) (22) (38) (11) 
5 (24 23 41 43 9) (37 3 18 12) (36 50) (48 14) (6 26 11 27 34 32 38) (20) (15) (49) (47) (19 4 30 44 5) (22) (33) (42) (16) (45) (10) 
6 (6 17) (24) (35 41 9) (39 4 46) (20) (21) (31 40 29) (38 19 16) (14 25) (42) (12 5 32 49 48) (26) (50 10 47 18) (43 45 28 3 37) (23 36 27 7) 
7 (12 36) (30) (39 16) (29) (38) (8 3) (6 17 32) (49) (19 33 48) (18) (5 42) (44) (41 31 14) (7 21 28 43 15 34 11) (35) 
8 (7 44 12 46) (5 22) (50) (29) (25 45 26 18 23 14 41) (3 42 30 24 33 13) (2) (1) (8) (11 10 6 43) (4 39 31 40 34 17) (36) (21) (35) (37) 
9 (3) (42) (38) (28 26) (4) (39) (41 21 36) (31) (1 27 2) (32 30) (8) (43) (33 6 16) (12 19 44 45 47) (17 23 25) (29 37 9 7) 
10 (31 15 48) (19 29 40) (6 17 8) (34 21 22 13 10 37 25 16) (44 35 12) (7 38) (41 49 9 33 26 50 43 42 36) (3 11 4) (5 32 1) (45) (14) 
11 (39) (12) (25) (3) (38 48) (16) (37 31 20) (26 44 30 17) (8) (50 2 36) (35 47 11 49 43 28) (41) (40 9) (24 29 6 1) 
12 (41) (42 27 29 11 14 38 36 18 39) (48 46 5 24 26 7 37 16) (1 44 8 3) (45 33 9) (22 4 40 50 28) (13) (10 25) (43) 
13 (18 26 2 39 23 5 9 37 15 3 35) (16 48 14 30 38) (29) (21) (12) (8 44) (22) (47 41 33 49) (6 17) (45 36 20) (10 11) 
14 (46 25) (30) (10 17) (45 19) (21 37 20 9) (32 48 34 14 8) (35 18) (7 1 40 11 12) (4) (39 26 15 3 22 6) (13 42) (43) (23) 
15 (6 8) (33 7) (15) (38) (43 18) (42) (50) (48) (27 49) (9 30 37 23 46 34) (16) (39 45 4 28 47 14 20) (17 41 22) (44 21) (10 31 25) 
16 (13 4) (23) (39 5) (31 18 40) (7 14 28 29 16 17 48 20 21 49 8) (12 33) (47 2) (45) (6 10 1 37 46 19 42) (50) (34 30) (15 41) (36) (3) (26 44 35 9) 
17 (29) (31) (4 2) (40 3) (43 1 8 38) (15) (39 17) (46 20) (22 21 37) (11) (49 13) (25) (32) (5) (28) (47) (35 16) (50) (34) (24 45) (30 7) 
18 (43) (15 19) (22) (8) (13) (9 24) (31) (36) (3 50) (1 41 5 44 40) (42 32) (26 35 7) (47 17 4) (12 49 28 18 48 21 16) (29) (45 25 2) (37 14 46) 
19 (22 6) (48) (32 44 3) (34 16 13 9 29 19 25 42 47) (27 17) (21 40 31 11 18 43 28) (4 8) (20 50 7 12) (26 35 14) 
20 (37 18) (1 5 13 30) (43 3) (42 22) (41 33 39) (24 45 31) (34 26) (49 14) (28 9 38 10) (15) (8 44 4 35) (50 17 6 20 29 40) (48) 
21 (7) (3) (11) (8 33 42) (48 41 20) (30) (14) (5) (13 1) (17 47 37 12) (50) (34 22) (40 29 9) (32) (45 44) (18 27) (10 23 49 35) (39) 
22 (18 37) (22 38 3 17 1) (48 14 30 35 7) (43 47) (5 42 23 26) (32 39) (9) (10 16) (2 11) (24 21 25 41) (12) (34) (40 8) (6 49 15 28 13) 
23 (24 41) (20 11) (44 17) (42 45 15 5) (18 48 21 4 34 28 14) (32) (40 27) (33) (47) (31 12 19) (25) (22) (23) (43 7 2) (39) (16 50 26) (36) 
24 (37 24) (33) (6) (36 20 4) (29 17 38) (8 30 13 19) (44 32) (40 11) (28) (23) (27) (16 7 42 10 21 25) (26 50) (2 1 39 48 18 22) (12) (9 41) (3 35) 
25 (12) (39 41) (28 20) (8 17) (48 14 45 1 35) (25 27 31 44 19 33) (24 18 40) (49) (16 9 29 47) (21 15 7 43 36) 
26 (19 42) (34 37) (45 38 25) (32) (10 24 14 41 22 11 29 39 36) (5 23) (20 18) (33 1) (49) (3) (35 50) (13) (4 48 26 2 30 31 28 7 47) (16) 
27 (35 39) (12) (7) (33 2 23) (13) (38 18) (8) (16) (40) (36 21) (46) (45 48 4) (42 3 5 34 11) (44 37) (27) (15) (31) (6 14) (43) 
28 (37) (24 22 4 33 32 3) (26 13 14 11) (29 18 17) (1) (15) (10 21 20) (46 41) (45 50) (47) (35) (9) (34) (25) (36) (48 16) (12) (31 8) (39 49 6) (5) 
29 (32) (33 2 44) (34 6 16 18 9 11) (26 29) (41 36 15 31 42) (50) (38) (28) (39) (24) (27 35 4 5 43 25 49) (17) (7 47 3 8) (23 22) (48 19) (1) (14 37) 
30 (23 20 4) (6) (10 30 17 35) (18) (9) (26 42 28) (31 1) (32 45 41 43) (8 39 5 34 47 25) (15) (13 36) (2 33 21) (48 12 38 19 3 14 11) (27) (46) (7) (37) 
31 (3 36 5) (15 26 43) (25 32 35) (9 24 42) (16 40 45 12 17) (14) (20) (29 1) (37 27 31) (44) (23) (48) (47 11) (18 28) (49) (38 33) (7 46 41 39 21 50) 
32 (28 15 30) (18) (43 16 38 2) (12 34) (42) (7 11 23 29) (14 32 9 17) (50) (33 24) (3 25) (6 10 40 4 27) (5 26 22) (19) (1 8) (47 35 20) 
33 (46) (17 31 45) (22) (2) (7 39 43) (32 28 23) (34 44) (25 1 21 13 49) (24 9 26) (19 50 35 40 29) (12 41 14) (27 4) (37 38) (47 6 18 36 16) 
34 (43 13 14) (36 34 21) (44) (12 42 46 27 32 24 18) (33) (7) (37 17 26 2 23) (41 31 28) (16 8 25) (19) (4) (22 50 3 29 9 1) 
35 (36) (50 13) (28) (18 1) (16 24 37) (9 2) (47) (38 10 34) (48 32) (12) (23 44) (11) (4 40 45 6 30) (35) (19 46 49 31) (39) (17 33) 
36 (3) (14) (7 15) (11 6) (46 32) (48) (20) (24 19) (42 16 4 18 49) (5) (30 26 9) (33 27) (8) (38 36 28 29) (12) 
37 (36) (43 13) (4) (29) (23) (17) (20) (12 10 9 30 48 28 1) (15 50 49) (33 37 8) (35 11 31) (42 39 7 25 47) (45 46) (3 38 14 27 24) 
38 (45 42) (10 19 28 27) (1) (5 22 4 29 47 16 33) (2 24) (26) (49 38 8 50 41) (31 6) (25) (30 46 3) (14) (21) (39 7) (20) (9) (40 43) (36) (35) (37 11) 
39 (32) (31) (36 9 44 23) (7) (41 42 14 3) (33 38 25 35 29 46) (48 40) (11) (2 37 12 10 28 19 15 5 43 27 18) 
40 (42 7 14) (34) (18 15) (38 33 23) (11 3 20 47) (19) (28) (40 44 48) (12 25 13) (21 17) (6 49 35 41 36 50 29) (32 43) (5) 
41 (32 25) (26) (29) (39) (38 27 22 12) (4) (20 44 3 11 43) (28 36) (13 23) (7 30 15) (35 24 18 21) (10 6 1 5 9) (49) 
42 (24 44 38) (12 1 46 11 35 17 20 40 16 19 39 29 34) (33 5 15 6) (7 8 2) (50) (10) (43) (27) (13) (28) (18 26) (47) (22 3 30 42 45) (36) 
43 (20 36 23 15) (37) (28) (44) (47 4 48 21 45) (22 39) (8) (1 12 43) (10 19) (31) (14) (34 9 24) (3 30) (32 27 11) (40 29 42) (33) (38) 
44 (23 47 5) (9) (10 28) (42) (26) (21) (14) (6 34) (16) (15 13 40 2) (18) (17 46 38 8) (7) (32 27 25 49) (12 19 24) (22) (48 3) (39 33) (50) 
45 (50 18 20 5 19 46 34) (12 7) (2 47 30) (29) (31 36) (11 48 22 8 35) (26) (37 39) (45 6 1) (43) (15 28 44) (32 9 38 42 10 17) (21) 
46 (13 5) (29 37 24 49 42 14 33) (44) (3 20 46 30) (27 8) (22 35) (50 31 7 32 48) (43 2) (18 41 15) (11 1 21 28 9) 
47 (17 34 43 18) (9 27) (29 40 45) (24 48 10 41) (44) (49) (4) (47 42 31) (22) (21) (30 50 12 5 37) (19 13 1 20 39 7 15 6) (28) (11 32 35) 
48 (15) (2 39) (6 38) (33 20) (30) (37) (26 4 19 12) (46 23 17 22 7 44 29 35 43 48) (24 49) (42 47 25 18) (40 34 50 9 45 14 21 1 5 11 31) (3) (28) (27) 
49 (39 37) (33 3) (11) (9 32 22 6 36 28) (50) (45 41 13 7) (23 20 17 46) (15) (26) (2 43 8 18) (38 31) (27) (49 34 4 47 14 35 1) (5) (24 10 30) 
50 (35 19) (26 18 17 8) (41 28 44) (14 20) (15) (31 9) (27 49) (1 21) (50 33 29) (48) (37 7 38 40 12 42 39) (11 36) (16 43) (25) 
1 (18) (33) (42) (11) (47) (28) (35) (26) (8) (45) (3) (38) (50) (34 21) (30 10 24 37) (1 41 43) (12 22) (9 20) (49) (48 29 4) (25) (32 46) (16) (14) (17 31) 
2 (49) (44) (30) (13) (22) (11) (39) (33) (8) (24) (48) (35) (9) (18) (3) (23) (2) (38) (29) (17) (27) (45) (16) (42) (34 46 32 26) 
3 (20) (16) (6) (39) (24) (29) (37) (9) (18) (46) (10) (30) (31) (41) (2) (13) (4) (14) (34) (21) (26) (7) (43) (12) (22 5) (8) (19) (28 38) (42 48 40 49 17 36 27) (44 32 11) 
4 (15) (33) (28) (18) (47) (26) (35) (1) (17) (24) (19) (9) (38) (32) (23) (27) (8) (14) (48) (41) (12) (43) (30) (49) (36) (6) (20) (5) (37) (29 10 16 34) 
5 (28) (16) (12) (6) (2) (29) (40) (5) (48) (44) (36) (10) (7) (20) (47) (39) (18) (26) (1) (45) (46) (3) (49) (27) (8) (22) (21) (42) (31) (13 32 38) (23 30) (17 41) 
6 (14) (49) (1) (48) (8) (15) (5) (44) (40) (27) (33) (16) (6) (28) (47) (13) (30) (45) (32) (7) (20) (29) (10) (22) (41) (24) (42) (9) (35) (36) (38) (4 11 19) 
7 (36) (39) (34) (18) (24) (16) (46) (12) (7) (27) (3) (1) (23) (50) (30) (9) (10) (4) (14) (47) (42) (2) (25) (38) (45) (32) (21) (49) (37) (29) (6) (33) (17) (48) (31) (15) (40) (41) (44 26 22) (8 19) 
8 (43) (16) (2) (12) (28) (34) (20) (27) (25) (8) (19) (22) (9) (11) (7) (13) (21) (10) (14) (4) (37) (38) (15) (44) (45) (46) (17) (3) (42) (50) (30) (24) (36) (32) (18) (29) (49) 
9 (18) (37) (2) (21) (13) (19) (33) (16) (6) (3) (28) (11) (29) (25) (48) (49) (39) (4) (43) (12) (5) (31) (15) (10) (30) (36) (14) (38) (47) (46) (20) (24) (45) (32) (44) (35) (9) (34) (22) (41) (50) 
10 (37) (41) (6) (22) (39) (49) (2) (16) (14) (10) (5) (44) (42) (15) (28) (13) (38) (32) (30) (24) (26) (43) (21) (47) (35) (20) (45) (8) (3) (12) 
11 (22) (7) (49) (27) (35) (38) (45) (48) (41) (50) (17) (32) (5) (31) (39) (28) (21) (8) (14) (46) (12) (36) (11) (37) (19) (4) (10) (26) (24) (30) (23) (2) (40) (1) (43) (13) (42) (29) (47) 
12 (42) (1) (47) (27) (41) (50) (9) (4) (11) (35) (30) (36) (3) (32) (16) (6) (28) (37) (21) (34) (43) (7) (14) (5) (33) (39) (18) (10) (40) (48) (45) (23) (19) (13) (22) (8) (25) (24) (31) (44) 
13 (44) (26) (30) (22) (28) (16) (8) (35) (4) (27) (40) (17) (10) (12) (49) (18) (46) (20) (41) (37) (3) (1) (42) (21) (33) (24) (34) (14) (47) (19) 
14 (5) (7) (50) (23) (40) (34) (10) (43) (26) (13) (18) (38) (8) (15) (6) (37) (49) (29) (32) (16) (14) (22) (21) (36) (48) (20) (19) (33) (27) (12) (28) (44) (46) (39) (25) (30) (2) (31) 
15 (40) (7) (44) (36) (43) (5) (30) (18) (16) (48) (32) (20) (37) (17) (10) (14) (2) (47) (15) (29) (1) (27) (49) (39) (25) (22) (13) (42) (46) (23) (41) (45) (31) (28) (50) (4) 
16 (33) (13) (10) (17) (16) (26) (27) (44) (23) (2) (35) (18) (42) (4) (38) (9) (28) (22) (31) (32) (24) (12) (5) (34) (25) (6) (50) (3) (7) (29) (19) (36) (11) (15) 
17 (8) (49) (2) (15) (21) (31) (42) (20) (13) (25) (24) (23) (4) (16) (29) (9) (33) (50) (6) (7) (44) (30) (14) (45) (48) (22) (37) (11) (10) (19) (18) (34) (35) (32) (40) (17) (1) (47) (3) (28) 
18 (5) (21) (18) (30) (48) (1) (41) (6) (34) (19) (16) (12) (15) (36) (4) (42) (28) (23) (45) (20) (2) (44) (47) (25) (14) (29) (39) (46) (8) (27) (32) (35) (49) (50) (31) (26) (13) (33) (22) (24) (7 40) 
19 (7) (29) (44) (45) (14) (33) (42) (16) (9) (50) (5) (40) (30) (24) (25) (32) (36) (3) (19) (48) (26) (38) (18) (6) (10) (23) (39) (4) (47) (34) (35) (43) 
20 (47) (32) (28) (5) (24) (23) (25) (49) (20) (40) (48) (45) (4) (15) (37) (3) (46) (19) (38) (14) (6) (36) (21) (30) (16) (17) (41) (43) (26) (50) (42) (31) (11) (13) 
21 (25) (45) (47) (50) (16) (19) (24) (15) (9) (22) (7) (14) (4) (31) (10) (43) (28) (48) (46) (33) (41) (17) (44) (30) (18) (38) (27) (8) (40) (13) (34) (23) (6) 
22 (20) (19) (21) (15) (4) (29) (3) (13) (32) (24) (2) (33) (26) (8) (10) (45) (48) (44) (38) (42) (5) (12) (14) (47) (49) (23) (22) (28) (46) (18) (41) (17) (43) (34) 
23 (24) (31) (30) (9) (16) (13) (22) (27) (37) (34) (48) (26) (33) (1) (21) (41) (6) (29) (49) (40) (35) (43) (32) (5) (15) (23) (8) (44) (39) (14) 
24 (32) (25) (26) (43) (2) (5) (23) (33) (49) (38) (46) (31) (44) (37) (36) (17) (18) (8) (29) (41) (48) (24) (34) (47) (22) (3) (35) (11) (12) (6) (28) (20) (42) 
25 (29) (14) (48) (25) (30) (1) (10) (12) (32) (24) (15) (18) (33) (44) (31) (37) (17) (26) (22) (3) (23) (41) (19) (34) (4) (39) (28) (50) (8) (40) (11) (6) (38) (9) 
26 (23) (5) (6) (42) (49) (31) (13) (44) (30) (34) (1) (10) (19) (29) (12) (32) (16) (11) (14) (3) (33) (2) (9) (50) (38) (41) (22) (28) (4) (8) (45) (26) (18) (48) (36) (20) (24) 
27 (24) (42) (39) (27) (1) (21) (31) (33) (29) (3) (4) (49) (9) (38) (25) (50) (36) (44) (48) (43) (34) (23) (41) (12) (15) (30) (32) (37) (6) (46) (19) (5) (47) 
28 (32) (25) (22) (16) (15) (31) (42) (11) (48) (36) (30) (7) (37) (3) (29) (19) (9) (2) (6) (18) (33) (40) (50) (20) (24) (46) (39) (44) (1) (38) (43) (12) (34) (4) (45) (26) (17) (35) (23) (41) (49) (47) 
29 (37) (20) (1) (28) (46) (45) (10) (33) (17) (32) (34) (7) (4) (16) (42) (31) (2) (24) (43) (36) (26) (50) (41) (29) (6) (39) (18) (25) (48) (9) (11) (19) (12) (47) (8) (40) (3) (21) (38) (13) 
30 (49) (20) (36) (45) (26) (41) (30) (1) (16) (14) (17) (38) (32) (11) (13) (37) (48) (2) (4) (9) (3) (24) (7) (47) (21) (5) (42) (43) (22) (46) (8) (35) (15) 
31 (33) (45) (26) (46) (37) (50) (10) (1) (2) (8) (9) (16) (35) (38) (17) (15) (27) (18) (34) (23) (7) (49) (20) (39) (19) (28) (30) (6) (43) (4) (48) (47) (25) (3) (29) (31) (11) 
32 (31) (40) (49) (45) (26) (39) (10) (19) (14) (35) (33) (23) (24) (1) (43) (2) (17) (9) (41) (5) (34) (36) (22) (47) (44) (46) (6) (30) (7) (32) (21) (29) (18) (28) 
33 (30) (38) (42) (44) (9) (13) (28) (50) (20) (37) (3) (23) (1) (34) (24) (39) (5) (16) (36) (27) (12) (40) (25) (32) (15) (26) (21) (10) (46) (7) (29) (48) (8) (43) (31) (49) (35) 
34 (1) (42) (47) (8) (29) (49) (40) (17) (10) (27) (21) (20) (4) (23) (34) (26) (33) (7) (15) (5) (19) (43) (16) (22) (35) (14) (3) (44) (45) (32) (48) (30) (28) 
35 (39) (3) (42) (37) (14) (4) (30) (16) (31) (46) (26) (32) (22) (28) (7) (25) (10) (13) (48) (11) (19) (18) (17) (6) (49) (38) (41) (21) (35) (50) (29) (47) (40) (45) (33) (24) (20) (8) (1) (27) 
36 (29) (7) (25) (5) (2) (35) (24) (6) (11) (13) (10) (26) (40) (39) (8) (9) (34) (3) (1) (27) (43) (12) (23) (31) (42) (38) (36) (50) (18) (33) (16) (30) (41) (28) (45) (37) (49) 
37 (17) (16) (24) (45) (37) (12) (50) (26) (49) (6) (2) (38) (48) (27) (4) (8) (15) (33) (5) (21) (34) (14) (18) (13) (43) (30) (9) (22) (29) (46) (20) (10) (39) (31) (11) (35) (28) (47) 
38 (27) (45) (30) (31) (7) (50) (38) (22) (41) (40) (49) (13) (36) (42) (15) (11) (29) (9) (37) (17) (24) (2) (10) (12) (32) (33) (5) (35) (43) (4) (39) (48) (20) (3) (6) (44) (26) 
39 (1) (42) (7) (37) (45) (47) (11) (15) (6) (23) (30) (49) (14) (20) (12) (33) (17) (28) (9) (41) (44) (48) (2) (21) (27) (26) (22) (25) (31) (24) (13) (43) (38) (50) (16) (8) (35) (29) 
40 (20) (10) (2) (39) (12) (31) (47) (21) (38) (33) (32) (4) (44) (24) (19) (11) (23) (22) (16) (8) (43) (14) (3) (48) (40) (6) (25) (50) (18) (42) (35) (27) (17) 
41 (7) (2) (3) (16) (13) (30) (40) (10) (11) (8) (49) (20) (50) (47) (22) (28) (24) (5) (21) (12) (31) (29) (6) (38) (23) (39) (15) (26) (25) (33) (46) (9) (18) (34) 
42 (5) (12) (30) (10) (3) (48) (4) (24) (50) (8) (32) (19) (27) (37) (47) (6) (31) (40) (36) (38) (15) (23) (43) (22) (20) (44) (14) (39) (34) (26) (7) (18) (29) (21) (16) (46) (42) (45) (2) (9) 
43 (10) (30) (40) (22) (46) (34) (33) (9) (17) (49) (2) (19) (7) (43) (18) (11) (27) (39) (6) (45) (14) (25) (5) (50) (32) (12) (20) (29) (15) (41) (47) (4) (37) (38) (48) (23) (8) (31) (42) 
44 (33) (5) (47) (4) (20) (35) (27) (10) (24) (39) (9) (43) (29) (18) (19) (7) (15) (50) (25) (46) (40) (13) (34) (42) (31) (21) (23) (16) (11) (12) (45) (48) (8) (41) 
45 (8) (23) (47) (45) (42) (5) (43) (26) (21) (9) (16) (20) (2) (33) (35) (1) (15) (10) (37) (27) (17) (13) (49) (30) (31) (38) (48) (12) (28) (14) (25) (6) (18) 
46 (14) (36) (31) (49) (48) (42) (12) (33) (27) (35) (3) (4) (45) (28) (17) (44) (18) (16) (30) (46) (2) (38) (39) (6) (1) (34) (15) (8) (37) 
47 (11) (26) (38) (40) (23) (15) (30) (37) (17) (22) (33) (42) (32) (47) (35) (13) (21) (18) (5) (49) (6) (29) (31) (43) (28) (44) (19) (45) (3) (9) (4) (48) (25) (16) 
48 (13) (4) (29) (26) (7) (30) (44) (39) (47) (20) (50) (28) (40) (11) (43) (10) (36) (5) (48) (37) (15) (31) (46) (16) (35) (3) (14) (45) (19) (22) (23) (6) (21) (27) (24) (12) (18) (25) 
49 (29) (47) (50) (40) (17) (3) (28) (38) (10) (11) (41) (21) (7) (18) (22) (35) (48) (25) (37) (20) (2) (49) (33) (16) (26) (6) (5) (1) (46) (4) (13) (44) (15) (36) (31) 
50 (21) (4) (6) (26) (48) (23) (15) (49) (5) (16) (2) (1) (34) (50) (18) (12) (20) (29) (45) (28) (38) (37) (24) (11) (17) (42) (3) (47) (10) (32) (44) (40) (8) (46) (19) (33) (31) (35) 
