0
50
50
1 (12) (41 1) (6 40 34) (44 24) (11 31 5 39 3) (14 49 8 36 33 22) 
2 (37 46 36 41) (13 23 42 25) (18) (12) (24) (28 48) (29 26) (27 16 21) (7 17 10 50) (45 35) (6) (22 47) (11 49) 
3 (32 47 49 15 41) (18 48 46 20 50) (21) (14) (35) (31 22 17) (42 30) 
4 (1 30) (24 43 26 25 33) (48 27 31) (21) (13 45 49 40) (44) (17 29) (6) (35 14 47) (20) 
5 (1 38) (34 36 9) (5 11) (14) (50) (41 18 40 16) (27 47 48) (21) (26 7 2) (31) (24) (30 35) 
6 (13 41 29 26 37 4 33 5) (43) (31 25 21) (36 23 8 11 32) (18) (46) (30 42 19 48 9) (16) 
7 (11) (45) (9 20 37 40 17 14) (26) (5 36) (33 16) (2 50 21 7) (22 34) (35 46 25) (10) 
8 (12 8 21 25 11) (10 30 44 18) (16 5 14 26) (3) (42) (47) (39) (17 13) (29 20 34) (43 15 37 31) (2 6 38) 
9 (39 46) (8 38 20) (49) (15 19) (27 17) (44 36 7 48) (11) (22 1) (2 28) (41 34) (3 23) (37 45) (30 14) (42) (35 12) 
10 (22 21) (30 17) (29 33 42) (2 14) (47) (32) (49) (37 23 34) (5 3 40) (31 13) (11 50 36) 
11 (13) (49 4 35) (10) (29 28 46 50) (36) (22) (44) (33 5) (16) (23 47 34) (20) (12) (24 18 43) (25) (26) 
12 (28) (48) (7) (41 13) (47) (2) (50 31) (39 19 3 27 21 43 22 6) (18) (16) (11 17 20 37) 
13 (45 38) (29 19 27 37) (16 42 2) (32 7) (13 26 36 46) (11) (33 24) (39 9) (34 6) (18 40) (4 35 5) (15) (10) (44) (43) 
14 (31) (41 19 24 34) (16 49) (30) (21) (7 44 23) (22 28 11) (17 48 43 26) (4 3) (6) (27 42 15 18 1 5 36) 
15 (13 32) (33) (28 18) (31 4) (43) (6) (24) (38 19) (11) (2 3 46) (49 36 8 17) (29) (9 34 22) (30 45) 
16 (43) (27) (21) (50) (23 15 10) (24) (5 4 26) (6 39 25 18 30 48 31) (42) (45) (29 38 32 46 20 9) 
17 (50 30 2 40 47) (29) (34 46) (8) (17 22 45) (24 48 19) (28 25 13 1 12) (32 37 11) (3) (4) 
18 (18 26) (30 44 9) (28) (48 43) (27) (32 17 5) (1 36 23 39 34) (42 6 29) (12) (15) 
19 (34 12 33) (26 11 5) (13) (7) (17) (10) (1 31 49) (29 46 9 40) (6) (36 47 21 32) (43 14) 
20 (33) (3 42 16) (28) (18 21 14 6 36 43 29) (31 46) (22 38) (41 47) (50 11) (5 35 12 4) (30) (7) (13) 
21 (47) (48 5 22 3 34 10 27 46 13 43 31) (37 39) (7 28) (17) (8) (1 38 45 41 18) (6) (16 20) 
22 (32 15 49 44 39) (16) (42 8) (10 26) (17) (50 22) (36) (33) (27 46 13 38 7 37 34) (11) (21 24 5) 
23 (33 49) (12 24 40 41 13 15 10) (43) (4) (14) (25 1 45 37 19) (46 44 8) (27 48) (3 39) 
24 (23 38) (21 46 11 44 29) (17 24 35 37) (13 47 48 14 25) (45 20 6 4 34 43 32 31 12) 
25 (12) (50 19) (8) (21) (37 41 36) (26 30) (11) (3) (4 1 46 35) (27) (14 10 38 31) (9 25) (5 6 20) (28 32 29) 
26 (6 4 12 43 14 10) (21) (30) (1) (40) (33) (20) (24 15 36) (25 28) (13 42 16) 
27 (45 19) (44 40 26) (28) (4) (7 43 41 27) (50) (22) (20 24 31 46 16 34 17) (12 33) 
28 (41 16 31 38) (7) (10 19) (30 50) (46 40 27 22) (34) (45 17 5) (42) (3 2) (24 33) 
29 (49 46 42 50 31) (19) (45 12 5) (43) (13 21) (4 7 6 3 29) (41 44) (26) 
30 (12 20 34) (25 5 3 47) (29 35 4) (49 32 8 2) (16) (42 23) (48 44 50 22 46) (10) 
31 (27 43) (33) (26 3 47 2 17 6) (1) (35 34 50 30 12) (19) (7) (25) (36) (18 45 29 9 38 44 15 40) (10 39 21 13 48 16) 
32 (27) (19) (32 15 14 9) (50) (23 35 24 48) (39 28 46 34) (21) (8) (44 43 6 18 49) (33) (20) 
33 (26 50 27 21) (25) (9) (16) (34 39 19 10 5 12 37 47 11 3 1 45 7) (29) (22) (17 15) (48) (20 8 32 6 31) 
34 (24 39 2) (34 17 28 30 49) (43) (29 13) (27) (31 46 6 22 7 15 32 35) (4 19 5 45) (11) 
35 (9) (50) (44 28 16 49 6) (33 7) (20 18) (48 30) (14) (11 17 41) (25) (1 4 12 24) (21) (38) (32 8 46 34) (26) 
36 (10 34) (12 43 5) (37) (23 39 7 44 42) (4) (24) (19) (32) (50 15) (26 2) (38 41 16 20) (13) 
37 (34) (46 5 36) (9 30) (17 32 16) (21) (19) (15 49 6) (44 12 28 24 27 37) (13 29) (14) (45 3 39) 
38 (36) (20) (15) (18 26 21 31 38 4 8) (13 7) (48 40 24) (19 1 6 25 12 22 2) (47) (33) 
39 (43) (19 36 10) (20 34 37 39 38 30 17 28) (27 2) (5 41 23 14 13) 
40 (16 9) (42 6) (38 34 18) (46) (7) (41 26 35) (13 22 5 1 49 12) (30 40 20) 
41 (39 34 37) (45) (24) (43) (14) (46 27) (12) (32 50) (23 15 42 17 16 26 21) (6) (11 29) (13 36 8) (33) 
42 (36) (2) (31) (21 5) (11 17 46 39) (49) (25 1 16 29) (26 4) (32 9 10 33) (41) (13) (45) (44) (7) (18) 
43 (36 42) (17 19 41) (33) (22 40 11 6) (3) (14 4) (46 29 15 35) (1 45 16 32) (24) (12 20 31) 
44 (4 12) (34 6 5 13) (17 8 7) (37 36) (14 39) (1) (15) (38 40 2 22 43 24) (20) (45) (35 9) (32) 
45 (14) (5 23) (31) (3) (21) (6 47) (11 36 17 32 46 19 24) (40 50 48) (2 1) (9) (49 4 39) (12) 
46 (45 10) (18 43) (23 6) (20) (47) (25) (2 29) (27 46 28 19 14) (40) (22) (11 17) (31 1) 
47 (4) (49) (8 29) (5) (14) (28 22 18 31 32) (6 42) (40 3 41 43 46 48) (12 26) (50) (34 20 10) (33 7 24 13) (39) (16 2 9) 
48 (50) (22 24) (9) (37) (19 17) (26 2 10) (27 46) (33 16 20 28) (31 38) (1 15) (29 7 45) (25 43) (41 30) (5) 
49 (2) (41) (5 50) (28 44 37 9 29) (30 25) (10 40) (33 43) (31) (12) (21) (1) (7 42 3 15) (27 24 34 11) 
50 (5) (16 2 35 13) (12 3 26 43) (45 37 44 22 6 23 17) (48 41) 
1 (1) (25) (23) (14) (18) (31 49 43 21) (40 48 45) (46 42 19 17) (33 4 35 38 5 44 9 26) 
2 (5) (36) (47) (10) (34) (17) (7) (46) (49 12 38 45) (42 44 31 9) (8 13) (30 50 39) (28 48) (15) 
3 (43) (49) (37) (23) (28) (33) (12) (45) (14) (15) (50) (10) (25) (30) (8 29 9 17) (20) (47 21 31) (1) 
4 (24) (26) (47) (17) (23) (29) (34) (36) (15) (16) (43) (14) (38) (42) (44) (35) (11) (30) (13) (27) (20 6 45) (25) 
5 (29) (44) (37) (10) (22) (5) (14) (13) (48) (45) (39) (42) (6) (47) (8) (18) (49) (36) (34) (21) (11) (19 33) (20 30) (7) (16 50) (40 1) (25) (28) 
6 (1) (31) (35) (12) (33) (18) (4) (32) (14) (20) (44) (40) (25) (21) (2) (34) (26) (47) (45) (8) (43) (46) (41) (24) (50) (19) (38) (37 15) (13) (29 16) 
7 (33) (42) (49) (31) (22) (13) (48) (12) (2) (20) (27) (44) (9) (19) (38) (40) (21) (35) (14) (28) (36) (47) (29) (5) (7) (34) 
8 (32) (44) (25) (8) (35) (47) (6) (9) (1) (38) (33) (41) (30) (21) (15) (22) (23) (17) 
9 (16) (5) (42) (45) (40) (18) (48) (15) (6) (44) (47) (25) (49) (37) (7) (31) (13) (33) (19) (32) (35) 
10 (22) (16) (46) (19) (7) (42) (26) (23) (39) (11) (47) (13) (2) (49) (48) (31) (33) (8) (28) (36) (21) (25) (30) 
11 (42) (35) (22) (6) (17) (24) (34) (20) (14) (45) (43) (15) (41) (25) (7) (12) (46) (33) (19) (9) (10) (2) (1) (49) (8) (13) (5) 
12 (2) (23) (36) (25) (35) (11) (33) (45) (20) (8) (50) (44) (47) (9) (31) (43) (1) (19) (40) (29) (18) (49) (41) (24) (38) (17) (30) (27) (37) (26) 
13 (21) (11) (44) (24) (17) (23) (4) (6) (37) (41) (38) (47) (42) (2) (22) (36) (29) (12) (19) (34) (39) (10) (50) (8) (20) (31) (40) (15) (26) (13) 
14 (45) (44) (26) (23) (19) (43) (35) (5) (4) (10) (47) (8) (46) (20) (41) (1) (24) (32) (3) (39) (9) (7) (37) (25) 
15 (38) (37) (18) (14) (3) (41) (49) (34) (13) (32) (33) (48) (26) (9) (22) (44) (31) (16) (23) (43) (36) (8) 
16 (47) (37) (27) (48) (33) (42) (28) (43) (14) (26) (36) (41) (2) (12) (7) (40) (22) (31) (35) (8) (21) (13) (5) (20) (30) (6) (11) (50) 
17 (31) (9) (41) (24) (7) (12) (35) (22) (19) (27) (2) (33) (37) (18) (15) (44) (34) (14) (48) (28) (17) (43) (4) (8) (10) (45) (3) (39) (21) (46) (50) (42) 
18 (47) (3) (21) (35) (6) (12) (16) (18) (42) (2) (40) (5) (14) (15) (46) (20) (31) (32) (13) (11) (38) (8) 
19 (13) (23) (6) (45) (15) (25) (31) (32) (29) (38) (43) (9) (27) (14) (28) (17) (34) (12) (33) (36) (37) (48) (46) (39) 
20 (12) (40) (32) (7) (46) (44) (33) (3) (36) (21) (47) (35) (30) (16) (24) (48) (26) (38) (43) (27) (9) (11) (39) (8) (4) (25) 
21 (33) (14) (6) (42) (26) (45) (12) (24) (49) (20) (8) (31) (19) (2) (22) (3) (10) (25) (5) (7) (41) (35) (38) (32) (16) (29) (4) (37) 
22 (50) (46) (38) (7) (30) (48) (15) (28) (27) (2) (17) (14) (3) (47) (21) (34) (22) (12) (33) (20) (11) (10) (9) (43) (44) (1) (40) 
23 (14) (10) (24) (46) (36) (30) (16) (18) (9) (32) (41) (11) (39) (45) (6) (50) (2) 
24 (37) (41) (44) (15) (1) (27) (45) (5) (32) (23) (14) (2) (48) (11) (34) (16) (49) (35) (26) (28) (43) (22) (24) (13) (17) (36) (4) (38) (47) 
25 (33) (4) (16) (30) (7) (8) (23) (6) (11) (31) (25) (17) (49) (46) (26) (35) (48) (24) (2) (38) (42) 
26 (41) (6) (50) (29) (8) (22) (27) (2) (19) (11) (13) (16) (4) (40) (31) (48) (5) (36) (18) (7) (33) (47) (42) (35) (14) (25) (38) 
27 (28) (18) (4) (14) (22) (31) (41) (21) (12) (37) (23) (25) (34) (27) (32) (5) (39) (13) (48) (33) (46) (49) (16) (9) (2) 
28 (37) (2) (15) (9) (20) (26) (35) (34) (21) (18) (11) (49) (17) (48) (12) (39) (14) (46) (27) (25) (47) (32) 
29 (6) (13) (2) (42) (11) (33) (20) (18) (37) (10) (49) (31) (47) (16) (30) (17) (19) (24) (4) (34) (8) (41) (43) (15) (25) (46) (48) (29) 
30 (6) (49) (16) (40) (34) (35) (25) (5) (26) (14) (39) (3) (17) (28) (4) (48) (10) (37) (31) (20) (18) (9) (8) (15) 
31 (49) (20) (16) (38) (48) (10) (42) (28) (33) (21) (47) (4) (5) (1) (25) (34) (19) (29) (8) (27) (3) (24) (46) (43) (6) (14) (12) (45) (15) 
32 (24) (30) (36) (34) (15) (47) (19) (3) (16) (6) (33) (22) (10) (41) (17) (44) (35) (13) (42) (43) (45) (25) (37) (32) (18) 
33 (26) (19) (38) (47) (23) (35) (41) (48) (15) (49) (1) (28) (10) (42) (20) (11) (31) (4) (27) (13) (7) (43) (6) (22) (32) 
34 (11) (35) (19) (31) (44) (49) (37) (24) (18) (9) (10) (40) (7) (14) (5) (32) (8) (17) (33) (27) (47) (34) (30) (21) (36) (22) (13) (1) (39) (41) (28) (15) 
35 (3) (5) (2) (7) (25) (32) (31) (44) (13) (34) (20) (50) (40) (30) (43) (9) (24) (11) (4) 
36 (41) (43) (26) (1) (18) (39) (22) (37) (7) (15) (38) (13) (20) (45) (9) (6) (2) (11) (44) (19) (14) (42) (25) (5) (10) (31) 
37 (7) (12) (24) (37) (2) (25) (13) (23) (44) (39) (22) (17) (48) (49) (10) (9) (36) (33) (8) (50) (21) (41) (6) 
38 (38) (5) (31) (13) (20) (39) (40) (35) (8) (24) (48) (16) (25) (28) (15) (44) (36) (9) (21) (22) 
39 (31) (8) (16) (37) (22) (47) (13) (45) (12) (18) (36) (23) (1) (39) (34) (42) (9) (33) (32) (21) (41) (44) 
40 (17) (49) (1) (44) (40) (27) (23) (43) (26) (19) (46) (7) (13) (5) (4) (10) (28) (45) (31) (47) (38) 
41 (47) (20) (25) (27) (28) (5) (3) (50) (6) (39) (42) (23) (14) (29) (21) (49) (9) (12) (48) (2) (36) (1) (35) (40) (43) 
42 (43) (9) (22) (26) (36) (2) (10) (13) (41) (40) (14) (28) (8) (16) (3) (18) (6) (20) (30) (49) (29) (47) 
43 (13) (14) (47) (36) (4) (48) (20) (32) (18) (26) (24) (49) (34) (8) (46) (41) (11) (16) (23) (29) (27) (6) (12) (39) (21) (15) (31) (44) (50) (19) 
44 (35) (4) (32) (24) (27) (1) (23) (14) (42) (36) (49) (18) (37) (29) (11) (13) (9) (50) (31) (22) (30) (8) 
45 (7) (34) (16) (43) (2) (41) (4) (21) (48) (33) (23) (24) (31) (44) (15) (29) (50) (27) (42) (46) (17) (37) (28) (13) (9) 
46 (46) (17) (6) (22) (48) (9) (3) (28) (30) (20) (47) (40) (42) (11) (37) (16) (34) (32) (45) (43) (23) (15) (19) (27) (13) (29) (7) (21) (24) (35) (2) (25) (41) 
47 (3) (4) (19) (30) (33) (24) (31) (8) (5) (46) (11) (38) (12) (20) (2) (45) (17) (21) (10) 
48 (17) (5) (9) (6) (3) (33) (31) (18) (12) (23) (50) (16) (24) (35) (21) (47) (2) (14) (30) (32) (45) (4) (38) 
49 (19) (2) (32) (40) (14) (15) (42) (10) (4) (34) (29) (3) (23) (11) (35) (47) (1) (37) (22) (9) (30) (45) 
50 (20) (49) (5) (35) (11) (17) (47) (7) (16) (30) (45) (10) (3) (27) (12) (33) (2) (28) (25) (29) (32) (36) (31) (41) (48) (22) 
