0
50
50
1 (33) (19) (42) (23 25) (17 1) (45) (8) (36) (41 3) (46) (50) (13 30 9) (6) (37) (2) (32 34) (40 31) (26) (14) (10) (49) (24 7) (27) (29) (16) (44 20) (5) (4) 
2 (23) (19) (29) (26) (42) (6 8) (3) (1) (32) (37) (2) (21) (22) (43) (25 40) (48) (11) (15) (50) (39) (34 44) (20) (4 13) (33) (38 27) (12 18) (9) (47) (46) (14) (7 31) 
3 (32) (46) (44) (8) (17) (31) (37) (11 41 25 42) (24 35 48) (2) (43) (6) (4) (20) (1) (45) (49) (16 38 33) (22 47) (3) (28) (7) (13 21) (50) 
4 (25) (8) (13 27 20) (45) (35) (47) (1) (37) (16 30) (12) (23) (34) (2) (48) (33) (14) (39) (18) (46 15 9) (41 24) (19) (4) (38) (50) (26) (22) (10 5 17 32) (49) 
5 (28 40) (5 26) (2) (24) (4) (20 41 17) (1 27) (37) (34 13) (9 29 49) (16) (31) (50 7) (42) (25) (35) (23) (43) (38 21) (39) (46) 
6 (46) (24) (8) (5) (43 25 21) (1) (44) (14 23 47) (39) (18) (45) (10) (17 2) (38 31) (32) (40) (16) (27 48) (12) (9) (28 36) (35 11) (3 34) (4) (15) (26) (30) 
7 (40) (25) (5 42 48 41 12 29) (38) (10) (23 2) (20 18 21 36) (33 9 44) (50) (4) (43) (19 34) (31) (28 35) (47 24) (8) (49) (27 26 14) (30 46) (37 11) 
8 (39) (11) (23 9) (43) (2 18) (17) (34 6 1) (29) (20) (38) (15) (24) (30 3 47) (8) (50 46) (36) (16) (4) (27) (45 31) (37 10) (22) 
9 (42) (6 32) (11 15 37) (26) (4) (25) (45 41) (23 21 50) (20) (34) (16) (8 17) (29) (43 3 46) (2) (1) (49 44) 
10 (28) (3) (10) (14) (47) (32) (41 6 30) (17 31) (48) (33 40) (37 7) (45) (26) (4) (16) (43) (19 27 42) (2 11) (29 13) (22) (20 24) (23 38 21) 
11 (22) (23) (24) (43) (46) (32) (48) (34) (19 11) (33 28) (27) (13) (20 38) (15) (4) (3 7 50) (26) (37) (47) (8 10 2 31) (42 21 12) (9 30) 
12 (24) (23) (39 40) (26) (6) (20) (50 34) (36 35 42) (11 43 48 47) (10) (12) (5) (33) (3) (7) (29) (16 8) (1) (2) (44) (13) (17 4) 
13 (3) (30) (16) (24 38 5) (39 49) (36 46) (44) (40) (42 50 14) (10 2) (32 4) (27) (20) (41) (12) (35 1 7) (9) (48) (34) (13) (43) 
14 (36 7) (49) (43) (21) (34) (31) (32) (13) (19 50) (35 5) (33 3 17 18 26) (11 48) (1 6) (9 46) (45) (20 14) (27) (25) (15) (8) (16) (28) (42 2 37) (29) 
15 (9) (46 4) (39) (25) (43) (18 21) (33 10) (29) (23) (20) (14 6) (19 32) (42 30) (45) (27) (48 7 17) (3 36 34) (44) (2) (47) (35 49) (26 8) (37) (5) 
16 (40 29) (3) (41) (22 23) (49 13) (21) (4) (31) (38 45) (50) (47 9) (17) (46) (36) (25) (24) (16) (10) (7 35 20) (30 5) (27) (28) (44) (12) (14) 
17 (35) (27) (39 44) (47 42 25) (3) (19) (36) (8 9) (5 38) (11) (28) (23) (6) (20) (10) (46) (30) (48) (41) (43) (2) (17) (12 33) 
18 (42) (25) (35) (23 49) (27 43 38 46) (21 14) (11 20) (39) (40 15) (47) (24) (41) (32) (7) (34) (17 50) (13 19 29 18) (1) (37) (26) (48) (44) (16 33) 
19 (50) (29) (19) (4 41 40) (12) (42) (2) (24) (44) (1) (18) (28) (37) (11) (7 31 38) (9 49) (46) (47) (45) (3) (27) (20) (26) (6 21 25) (16) (36) 
20 (32 9) (29) (20) (23 45 24) (34 5) (6 43 42) (50 14) (44) (48) (7) (22 15) (33) (41) (38 18) (8 35) (27) (46) (16) (40) (37) (4 21 11) (26) (13) (12) (28) (19) (10) (25) 
21 (22 42) (35) (18 47) (34) (21) (14 17) (13) (48 9) (12) (44) (15 43) (2) (37) (3) (20) (49) (32) (7) (30 33 16) (29) (31) (1 25) (19) (41) (27) (5 26) (8) (40) (11) 
22 (9) (25) (17) (37 3) (40 44) (49 19) (39 2) (29) (11 30 1) (42) (47) (31) (5) (35 26) (16 33 50 38) (41 36 46 27 34) (15) (21) (32 43 48) (6) 
23 (15 1) (11) (34) (21 19) (22) (14) (20) (35) (32) (28 7) (8) (13) (12 48) (26) (39) (16) (38 42) (2 31) (36) (23) (4) (3) (27) (40) (10) (33) 
24 (23) (31) (10) (46) (6 3) (25 2) (42) (13) (40) (39) (22) (43) (24) (7) (36) (17 8) (38) (27) (30 49) (9 47) (18 11) (16) (14 37 15) (21 5) (48) (29) (1) (50 34 12) 
25 (44) (22) (1) (12) (16) (38) (24) (42) (39) (10) (37) (40) (15) (3 23) (34 25) (48) (18 2) (11) (31) (33 5) (4 9) (50) (43) (29 46 36) 
26 (33 40) (38) (20) (2 26) (42) (16 12) (37) (1 30) (34 45) (50) (10) (23 8 21 14 5) (19 41) (28) (31) (15 35) (7) (13) (32) (3) (29) (25) (24 39) (43) (49) (47) 
27 (24) (4) (26) (46) (3) (42) (29) (39) (35) (23 17) (48) (15) (37) (50) (22) (21 18) (47) (16) (1) (11 31) (8) (38 7 40) (27) (9) (10 33) (19) (20) (32) 
28 (6) (10) (8) (39) (22) (45) (46) (21) (14) (31) (16 11 18) (4) (23 26) (35) (47) (9) (34) (38 40 42) (19) (48 37 36) (50 13) (17 43) (3) (25) (15) (12 27) 
29 (18 25 13 12 39) (3 8) (15 5) (45) (4) (24) (20) (7) (50) (16) (1 43) (17) (2) (37 9) (31 6) (27) (46) (44 36 40 29) (35 48) (49 30) 
30 (43 30) (15 13) (38) (17 25) (20) (19) (31) (24) (29) (1) (42 6) (22 28) (44) (34) (12) (27) (45) (26) (41) (40) (8 9 39 14) (47 36 21) (7 18) (10) (50 23) 
31 (17 12 25) (45 35) (15 43) (22) (3) (44 10) (31) (36) (39) (38) (16 32) (5 14 6) (30) (33) (21) (47) (27) (13) (9) (49) (26 20) (23) (46 19) (4) (29 11) 
32 (6 38) (48 28) (49) (22) (2 32 11) (15) (46 3) (47 29 31) (23) (10) (41) (34) (16) (35) (24) (5 14) (20) (42 13) (45) (50) (9) (36) (25 19) (27) (40) 
33 (24 6) (42) (50) (8) (49) (48) (1) (4 35) (41) (32) (17) (30) (16 14) (44 38) (2) (12) (39) (25) (7) (20 34) (43) (37) (9 22) 
34 (16) (32 50) (47) (14) (43) (30 23) (46) (11) (12) (36) (5) (9) (44) (6 42) (28) (17 40) (18) (39) (2) (10) (38 24) (41) (27) (49) (7) (34 33 29 35) (25 22 1 31) 
35 (2 23) (47) (1 27 50 5) (6) (39) (19) (17) (30 37 41 49) (26) (16) (4 18 35 34) (9) (10) (21) (24 22) (42) (40) (15) (8 11) (20) (43) (48 36) (44) (31) 
36 (43 46) (21 3) (26 9) (29) (35 28) (4 33) (5) (15) (34 14 45) (32) (18 11) (8) (10) (27 23 19) (41) (39 42) (22 17) (50) (49) (2) (20) (24) (37) (6) (30) 
37 (9) (2 28) (42) (12) (33 6) (47 43 50) (24) (41) (20) (18) (38) (37 45) (26) (10) (49) (48) (8 23) (40 46 27) (13) (31) (4) (16) (39) (19) (22) (29) (17) (36 14) (32 5) 
38 (34) (23) (50) (42 35) (29) (18) (3 11) (6) (39 33) (40) (44 12) (17) (2) (22) (47) (27) (37) (25 16 43) (7) (21) (45) (28 1) (41) (14 26) (13) 
39 (9) (1) (15) (49 20 8) (18) (40 12) (22 33) (34) (42 14 13) (31) (17) (43) (10) (38 25 7) (11) (47) 
40 (48 49) (13) (8 15) (42 7 10) (1) (39 32) (41) (17 4) (36) (18 22) (29) (34) (9 40) (2) (44) (14) (35 23) (3) (12) (24) (46 11 33) (28 30 26) 
41 (29) (38 3) (25) (6) (37) (21 46 1 23) (40) (39) (28) (49) (44) (24 18 5 45) (33) (9) (11 32) (34) (13) (36) (26 22) (43) (47) (7) (27) (31 20) (8) 
42 (20 18) (2) (37) (50) (17) (8 26 3 30 7) (46) (5 43) (13) (11) (36) (35) (40) (10) (21 38 45 12) (4) (14 1 6) (31) (24) (42) (44) (9) (49) (28 15 34 32) (22 47) (19) 
43 (46) (50) (44) (32) (16) (3) (35 2) (9) (28) (45) (7) (15 41) (22) (39) (36) (40) (20) (19) (5 49) (33) (6) (42) (31 30) (18 1 48) (37) (14) (25 34 13 38) (27) 
44 (23) (26) (47) (15) (25) (1) (32) (30) (41) (19) (37) (27) (12) (9) (43) (35 13) (5) (24 17) (45 29 4) (28) (33) (44) (20 34) (46) (7) (42 18) (22 14 2) 
45 (7 31) (37) (8 24 25 47 39) (33 13 43) (35) (44 50 17) (16 38 32 26 21 30) (5 18 28) (34) (22) (40) (27) (19) (49) (48) (29) 
46 (6 41) (37) (36) (49) (45) (26) (18 21 11) (34 13) (1 32) (38) (17) (22 9) (3) (29) (48) (10) (14 33) (30) (40 27 28 8) (23) (42) 
47 (35 10) (13) (1) (44) (45) (28 30) (34) (48) (25 29) (19) (38) (14) (37) (18 36 6) (4) (20 41) (21) (50) (22 5) (17 12) (33 15) (3) (16) (11) (40) (31 43) 
48 (49 24) (26) (4) (40) (38) (18) (2) (13) (20 21 10) (36) (48) (14 29) (46) (1) (6) (47 50) (28 45) (35 37 7) (12 31) (16) (9 30 5) (27) (39) (41) (11) 
49 (46) (22) (50) (16 3) (13) (8) (42) (10) (39) (20) (21 2) (40) (9 48) (47) (4) (49) (41) (38) (12) (45 1) (6 7) (35 27 34) (18) (23 25) (15) (17) 
50 (21 44) (17 25 2 9 1) (8) (38) (48) (43 30) (4 49 11 50) (12 23 6 15 29) (37) (19) (35 36) (46) (42) (13) (47) (45) (10) (22 33) 
1 (35) (23) (4) (14) (13) (29) (9) (3) (46) (27) (19) (49) (8) (26) (40) (38) (43) (50) (2) (5) (6) (39) (41) (18) (1) (33) (42 34) (24) (48 30) (47 25 21 12 22) (44) 
2 (2) (5) (33) (49) (15) (26) (35) (1) (44) (3) (42) (23) (34) (25) (24) (11) (38) (13) (29) (22) (50) (12) (43) (21) (36) (32) (37) (10) (8) (17) (4 9) (48 19 40) (14) (7) (6) 
3 (17) (10) (24) (46) (22) (21) (32) (38) (19) (8) (28) (9) (15) (23) (6) (42) (41) (12) (27) (16) (3) (29) (11) (43) (26) (2) (40) (25) (13) (31) (1) (47) (36) (49) (14) 
4 (29) (19) (40) (15) (36) (11) (42) (35) (6) (49) (16) (10) (2) (28) (27) (23) (3) (4) (8) (44) (1) (48) (9) (50) (12) (37) (33) (25) (31) (7) (47) (20) (5) (13) 
5 (26) (47) (21) (25) (35) (24) (37) (41) (32) (31) (1) (7) (44) (20) (15) (12) (36) (16) (45) (6) (43) (48) (34) (13) (17) (14) (42) (29) (5) (22) (4) 
6 (48) (32) (20) (33) (15) (31) (14) (2) (28) (22) (1) (38) (12) (35) (9) (34) (24) (37) (8) (30) (43) (19) (29) (42) (46) (50) (10) (36) (17) (41) (49) (47) (3) 
7 (44) (34) (45) (41) (16) (5) (29) (20) (39) (27) (11) (33) (30) (48) (19) (15) (43) (26) (13) (18) (1) (12) (14) (3) (38) (23) (40) (24) (2) (49) (42) (10) (21) 
8 (8) (12) (36) (15) (9) (20) (3) (11) (50) (23) (29) (37) (21) (17) (46) (39) (30) (33) (28) (7) (2) (27) (42) (14) (4) (1) (35) (6) (26) (49) (40) (24) (45) (41) 
9 (27) (28) (15) (6) (34) (25) (4) (22) (32) (1) (16) (37) (31) (49) (30) (33) (46) (20) (7) (14) (11) (5) (44) (50) (42) (40) (41) (24) (21) (35) (2) (17) (39) (13) (36) (29) (8 43) (19) (48) 
10 (47) (40) (13) (8) (50) (48) (34) (15) (39) (32) (37) (12) (26) (11) (30) (35) (23) (6) (24) (36) (7) (27) (4) (31) (25) (49) (28) (42) (1) (17) (20) (46) (16) (10) 
11 (24) (8) (36) (32) (39) (17) (21) (34) (11) (6) (28) (47) (22) (48) (40) (46) (38) (12) (27) (14) (31) (50) (19) (42) (20) (10) (9) (35) (3) (25) (41) (18) (2) (7) (23) 
12 (30) (34) (48) (23) (20) (37) (38) (47) (42) (25) (28) (21) (49) (16) (2) (17) (40) (24) (6) (39) (31) (12) (26) (19) (29) (50) (7) (11) (4) (33) (13) (44) 
13 (10) (5) (39) (50) (3) (30) (47) (43) (18) (28) (12) (20) (26) (45) (40) (21) (48) (23) (1) (16) (44) (41) (4) (11) (13) (42) (14) (29) (46) (2) (49) (31) (32) (37) (38) (24) 
14 (28) (10) (34) (26) (14) (2) (15) (7) (21) (30) (40) (18) (46) (39) (33) (43) (24) (36) (32) (20) (42) (16) (48) (13) (23) (6) (47) (4) (31) (44) (37) (38) (1) 
15 (43) (44) (42) (2) (35) (28) (20) (18) (26) (4) (47) (14) (29) (32) (50) (39) (23) (30) (11) (8) (49) (27) (31) (25) (36) (24) (40) (6) (9) (22) (21) 
16 (35) (38) (25) (6) (45) (27) (8) (31) (20) (43) (28) (23) (47) (18) (37) (1) (9) (16) (24) (14) (13) (4) (19) (3) (21) (32) (10) (5) (34) (12) (26) (33) (22) (29) (49) (48) 
17 (36) (45) (9) (5) (46) (42) (49) (37) (16) (39) (4) (17) (40) (44) (6) (8) (34) (31) (21) (35) (10) (47) (18) (22) (29) (3) (28) (30) (1) (24) (15) (33) (14) (12) (50) (38) (27) 
18 (37) (27) (46) (7) (44) (39) (34) (19) (15) (45) (8) (36) (25) (20) (43) (6) (29) (38) (14) (28) (49) (47) (4) (35) (24) (41) (18) (48) (40) (21) (30) (2) (42) 
19 (14) (45) (22) (28) (23) (44) (17) (11) (47) (31) (43) (18) (30) (50) (37) (4) (42) (10) (1) (36) (26) (15) (32) (20) (19) (27) (35) (2) (21) (7) 
20 (35) (39) (16) (2) (7) (8) (48) (23) (11) (21) (41) (5) (42) (26) (1) (29) (15) (30) (36) (49) (9) (43) (33) (10) (12) (4) (17) (31) (19) (14) (20) (32) (37) (13) (3) (18) (47) (44) (27) 
21 (38) (20) (30) (31) (28) (24) (48) (9) (36) (2) (50) (49) (22) (23) (46) (41) (6) (21) (11) (42) (5) (7) (16) (15) (14) (10) (27) (35) (19) (18) (47) (3) (26) (45) 
22 (39) (10) (44) (20) (41) (28) (37) (50) (21) (11) (38) (35) (43) (30) (49) (33) (27) (4) (3) (23) (8) (34) (40) (24) (42) (25) (16) (2) (47) (31) (36) (46) (45) (32) 
23 (37) (15) (23) (20) (18) (38) (40) (17) (7) (8) (11) (35) (34) (16) (1) (24) (50) (10) (27) (41) (31) (2) (5) (49) (12) (4) (28) (32) (6) (36) (30) (46) (44) (9) (25) (26) 
24 (7) (19) (1) (34) (44) (3) (5) (25) (35) (48) (16) (11) (26) (32) (6) (40) (18) (36) (13) (37) (20) (27) (33) (42) (29) (10) (30) (24) (4) (12) (41) (45) (8) 
25 (2) (15) (21) (47) (9) (19) (24) (26) (5) (30) (18) (50) (20) (39) (32) (34) (6) (43) (22) (44) (4) (49) (29) (28) (3) (1) (33) (41) (16) (14) (31) (17) (7) (45) (25) (38) 
26 (5) (19) (6) (26) (30) (12) (38) (1) (2) (42) (44) (41) (28) (22) (9) (11) (36) (35) (10) (14) (7) (40) (20) (48) (21) (45) (37) (4) (31) (27) (18) (23) (46) (15) 
27 (15) (13) (20) (34) (2) (18) (4) (32) (35) (28) (38) (24) (22) (21) (37) (29) (48) (45) (43) (17) (8) (11) (14) (6) (41) (36) (19) (1) (31) (23) (5) (7) (27) (44) (46) (49) (10) (30) (16) 
28 (46) (34) (19) (20) (41) (6) (23) (5) (38) (42) (7) (16) (30) (36) (44) (43) (11) (14) (48) (40) (47) (17) (32) (3) (10) (26) (45) (37) 
29 (16) (22) (40) (24) (38) (29) (37) (32) (1) (25) (36) (19) (15) (7) (12) (14) (9) (50) (10) (41) (48) (2) (47) (8) (18) (26) (21) (5) (31) (44) (30) (46) (34) (45) (20) (27) 
30 (43) (21) (45) (6) (31) (17) (29) (34) (35) (24) (26) (15) (50) (22) (42) (1) (11) (30) (46) (44) (47) (36) (48) (13) (10) (16) (33) (8) (7) (40) (4) 
31 (37) (24) (32) (28) (41) (10) (25) (21) (14) (47) (6) (48) (43) (27) (16) (42) (1) (5) (45) (39) (2) (19) (8) (23) (35) (3) (26) (29) (11) (7) (30) (34) (31) (22) 
32 (40) (9) (46) (27) (37) (36) (33) (3) (6) (18) (45) (1) (20) (14) (15) (21) (43) (44) (13) (26) (22) (42) (31) (41) (32) (34) (2) (11) (4) (23) (10) 
33 (36) (4) (27) (7) (2) (47) (31) (18) (38) (21) (46) (11) (17) (14) (44) (10) (20) (23) (37) (25) (34) (43) (39) (3) (1) (45) (50) (12) (40) (15) (22) (26) (41) 
34 (23) (12) (24) (14) (49) (20) (2) (47) (11) (5) (36) (42) (44) (34) (33) (8) (15) (21) (22) (39) (25) (26) (6) (13) (45) (28) (32) (7) (38) (43) (4) (30) (40) (18) (1) (9) (35) (41) (46) 
35 (21) (42) (36) (4) (15) (14) (45) (40) (3) (20) (38) (48) (35) (6) (33) (43) (7) (12) (50) (23) (47) (22) (49) (5) (31) (26) (34) (44) (27) (29) (16) (18) (13) (32) (17) (28) 
36 (19) (35) (7) (13) (34) (16) (15) (31) (48) (37) (24) (47) (17) (23) (1) (50) (40) (29) (46) (41) (6) (22) (32) (25) (12) (14) (8) (30) (43) (42) (28) 
37 (48) (5) (20) (1) (14) (25) (46) (38) (33) (2) (7) (50) (18) (41) (29) (42) (28) (3) (19) (8) (36) (24) (11) (45) (22) (4) (44) (35) (26) (10) (37) (47) (43) (15) (27) (9) (21) 
38 (32) (49) (27) (39) (4) (34) (46) (22) (2) (6) (8) (50) (33) (45) (18) (13) (48) (10) (5) (23) (7) (24) (11) (26) (42) (28) (43) (19) (17) (20) (30) (31) (47) (3) (16) (41) (25) (37) 
39 (28) (34) (38) (29) (41) (12) (22) (33) (6) (2) (27) (43) (18) (45) (4) (31) (13) (26) (35) (15) (49) (36) (17) (37) (40) (24) (25) (48) (8) (30) (23) (5) 
40 (34) (19) (12) (26) (6) (46) (45) (22) (13) (16) (21) (38) (43) (7) (24) (27) (32) (39) (41) (20) (25) (48) (5) (47) (40) (10) (18) (35) (42) (30) (1) (2) (37) (49) (28) (23) (29) 
41 (33) (10) (32) (48) (26) (1) (37) (38) (34) (17) (7) (49) (40) (4) (43) (30) (9) (20) (36) (46) (16) (5) (19) (3) (44) (22) (35) (13) (21) (47) (18) 
42 (25) (22) (36) (21) (37) (26) (39) (44) (18) (30) (42) (3) (50) (33) (20) (2) (9) (28) (23) (24) (49) (13) (32) (17) (11) (10) (5) (12) (19) (40) (35) (14) (15) (43) (38) (27) (1) (34) (7) (46) 
43 (14) (35) (34) (21) (37) (42) (31) (28) (26) (47) (9) (45) (18) (10) (22) (50) (36) (41) (29) (2) (3) (6) (17) (30) (20) (7) (5) (38) (15) (33) (11) (12) (44) (39) (13) (24) (8) (25) 
44 (20) (34) (35) (15) (30) (9) (41) (1) (3) (25) (18) (31) (40) (47) (13) (43) (6) (45) (21) (33) (38) (22) (16) (12) (50) (44) (2) (7) (42) (29) (19) (17) 
45 (47) (4) (31) (43) (49) (37) (3) (42) (48) (6) (30) (10) (15) (14) (16) (32) (1) (29) (26) (38) (36) (9) (28) (46) (19) (41) (8) (44) (20) (50) 
46 (17) (6) (24) (3) (42) (48) (29) (16) (18) (4) (25) (50) (2) (15) (28) (34) (19) (22) (20) (13) (37) (7) (11) (44) (5) (14) (40) (1) (36) (31) (43) (49) (41) (8) (27) (9) (32) 
47 (48) (39) (45) (4) (50) (49) (17) (24) (2) (16) (28) (15) (44) (37) (42) (11) (6) (12) (27) (19) (3) (31) (7) (32) (8) (10) (21) (35) (18) (26) (41) (30) (38) (34) (22) 
48 (4) (15) (23) (7) (46) (40) (18) (3) (20) (22) (35) (10) (17) (13) (14) (27) (47) (49) (6) (25) (50) (29) (33) (37) (24) (28) (2) (21) (45) (48) (43) (12) (11) (32) 
49 (42) (40) (3) (35) (46) (29) (43) (33) (31) (36) (7) (39) (18) (19) (37) (15) (4) (5) (14) (32) (45) (22) (50) (34) (49) (24) (41) (1) (48) (9) (13) (16) (26) (21) 
50 (28) (47) (34) (19) (49) (22) (9) (37) (14) (8) (12) (24) (26) (45) (18) (11) (27) (42) (35) (50) (30) (20) (16) (33) (2) (3) (5) (36) (4) (13) (1) (38) (32) (43) (25) (7) (29) (48) 
