0
50
50
1 (43) (47 44 30) (18 2 13 38 32 19 16 29) (3 11 50 28) (23 33) (12 42) (35 48 36 49 34 5 1 41 40 27 46 39 37 22 20 10 45 15 4 8 25 9 14 21 6) (7 24 26) 
2 (49 25 28) (14 17 8 33 24 21 5) (2 18 6) (46) (50 13 10 40 43) (26 16 35 39 48 36) (27 31 23 42 30 41 34 3 4) (32 12 7 44 15 45 20 22 29 47 1) 
3 (28 17 48) (31 47 39) (22 45 7) (26 11) (21 29 42 44 24) (4 12 37) (34 6 27 33 30 10) (43 50 8 9) (3 13 5 49 23 32 40 36 46 1) (35 16 25 19 14) (20) (18) 
4 (19 3 34 35 7 10 42) (31) (44 15 18 49 8 14 48 32 9 21 1 46 5 47 13 11) (45 50 4 26 38 24 43 17 22 39) (37 16) (23 36 41 30) (20 2 25 40 29 27) 
5 (17 27 45 48 38 20) (24) (32 30 46 35 14 34 40) (11) (26) (39 3 44 31 19) (42 6) (23 28 43) (41 47) (9 18 21) (4 29 22 25) (12 7 10 16) (37) (13 36) 
6 (25 45 49) (48 50) (28 4 5 13 6) (47 33 32 27 38 22 31 30 10 29 14 2 8 19 36 24) (39) (37) (20) (1 11 26) (16) (3 15 18 44 40 9 41 46 42 21 23) (12 17 34) 
7 (19) (26 44) (23) (11) (22 28 13 5) (45) (16 35 36) (33) (48 43 3 42 38 24 12 20 37 25 1 17 41 6 14 46 49) (30) (34 31 7 27) (21 39 2 10 29 15 4 47 32) 
8 (13 12 14 38 31 27 50 35 44 5 40 20 18 10) (30 2 8 6 36 49 16 47 19 1 45 46) (15 22) (28 34 17 4 42 25 24 32 9 29 11 43) (48 26 41) (7) 
9 (2 49) (34 28) (41 25) (46 19 47 32 18 23 22 17 6 4 36 50 8 48) (1 16 14 42 15 27) (43 35 30) (26 21 10 24 38) (3 12) (37 45) (31 39 44) (20 7 40 11) (13) 
10 (50 3 42) (34 11) (48 32 27 16 22) (5 44 14 7 41 20 17 9 18 4 26 12 8 30 19) (6 39 29 10 33) (43) (31 46) (21) (25) (13 36 49 40 45) (47 1 38 35) 
11 (28) (24) (47 13 14 32 7 49 42 43) (10) (12 9 33 20) (5) (39 27 44 41 21 40 38 23) (35 19 37 45 16 26 1 6 36 15 17) (8 25) (4) (50 30 11 2) (31 46 3 22) 
12 (44) (22 42 28 36 40 37 21 13 2 3 16 19) (23 1 9 38 7 25 8 46 45 29 35 26 11) (17 31 4 43 24 33 12 47 50 20) (30) (18 5) (34 39 48 14 27 10 49 15) 
13 (14 30 18 32 47) (7 40 16 41 19 44 43 42 36 20) (28 4 45 1 21 33 15) (17 23) (35 10 22 38) (49 13 48 46 11 50 8 39) (5 26 25 29 24 12) 
14 (21) (30 10 28 33 4 27 9 3 35 46 11) (2) (44 37 36 42 22 13 23 1) (19 32) (26 39 49 40 41) (15) (29 47 14 25 8 48 31) (20 12 38 5 34) (50) (43) 
15 (14 40 4) (3 12) (24 1 9 49) (18 29 44) (28 32 20 46 23 13 17) (37 21 38 39) (43 15 2 50 22 35 10 41 5 16) (11 45) (30 31 36) (8 34) (25) 
16 (20 21 6 24 3 28 25) (47) (38 36 15 22 37) (12 11 39 8 23 31 46 17 41) (34) (42 40 14 45 19 16 5 27 7 13 29 10) (35 49 50 32 2) (43 9 30 44 33 48 26) 
17 (25) (38 20 46) (29 1 7 4 43) (40 23) (21 39 27 35 11 48 31) (34 36 50) (24) (44 5 28 30 33 8 9 32 10 45 16 19 41) (13 6) (2 12 18) (17 3) (14 15 49 22) (42) 
18 (46 15 6) (49) (48 18) (16 13 20 21 8 5 26 19 17) (37 30) (24 44) (1 45 31 10 35 27 29 34 2 40 32) (4 36 25 41 38 7) (39) (12 47) (3 50) (11 9 22 23 43) 
19 (31 21 43 26 29 35) (3 50 36 28 39 48 11 38 20 22 18) (49 24 34 2 30 27 32 46 25 7 13 10 19 16 41 5 15 8 14 4 9 12 6 37 40 23) (44 42 33 1) (17) 
20 (31 5 35 22) (7 32) (28 26 18) (20) (15 9 21 37 49) (39 27 42 45 34 36 16 12 11 30 2 3) (40 6 47) (25 48 10 50) (44 4 43 38 46 19 24 1 29 23) 
21 (11 8) (36 24 19 15 18 37 39 47 48 1 14 27) (26) (35 33 34 28) (32 9 6) (20 2) (5 43 49) (22) (45 7 13 50) (44 3 31 12) (46 25 29 30 16 38 40 17 4 41 10 23) 
22 (1) (24) (36) (46 37 14 16) (15 32 22 20) (34 31 38) (18) (47 39 23 25 11) (21 35 30 45 43 42 9 7 19 8 27) (40 48 26 33 49 17) (4) (50) (6 3) (41) (44) 
23 (35 7 48 37) (23 9) (47 12 26 16) (3) (8 2 15 31 50 6 32 43 39 29 14) (41 10 44 17 5 21 28) (42 34 30 18 49 22 13) (20 27 40 19 1 38 11) (45) (4 25 46 33) (24) 
24 (25) (41 3 16) (36 38) (37 7 49 32 23 44) (8 34 22 29 13) (10 27 24 30 15 11 39 12 28) (20 48) (2 6 45 47) (40 4 46 31 21 35 17 14 9 43 18 19 26 1) 
25 (37 16 41 33 3 39 43 38 8 42 17 40) (27 11) (48) (23 12 35 2 34 14 6 15 31) (28 19) (25 30 21 32 45) (26) (10 22 7 46 50 5 1 36 20 9) (44) (47) 
26 (41 49) (5 38 10 19 36 20) (9 21 1 8 28) (11 47 18 14 32 15 42) (37 45 22 44 30) (27) (46 25 35 13 34 17 50 31 3 26 7) (2 6 48) 
27 (12 4 44 27 19 24 45 50) (38) (47 11 2 10 8) (31) (18 39 46 35) (14 16) (32 21 33 5 49 25) (22 1 13) (37 42 28 36 40 29 3 48 20 17 15 23 7) 
28 (47 4) (17) (16 41 40 20 5 2 32) (39 8 33) (28 50 36 6 10 3) (22 11 25 30) (19 12 35) (18 44 26 38 24 42 43) (13 34 21 27 37) (23 46) (45) (7 48 9 49 15) 
29 (14 2 16 12 18 43 6 3 23 42 11 21) (31 24 46 10 48 9) (20 36) (47 7 50 22 13 44) (49) (33) (5) (37 40) (8 15 17) (29) (41 19 39 45 35 27) (38 1 4 30) 
30 (40 14 11 7 30 39 15 45 41 18) (43 9) (10 46 28 8 42) (48 19 20 23) (5) (47 31 29 24) (1 3 13 21 27 35 12 6 17 33 50 22 16) (37 36 38 25 49 26 44 2) 
31 (18 26 36 25 34 19 24 42) (3 16 45 46 28 7 17 39 41 49) (2 21 20 32 48 33) (30 29 38) (31 15 40 23 9 13 11) (14 4) (12) (37 35 43) (27 44) (22 1 47) 
32 (39 5 36 12 40 25 27 14 42 11) (46) (15 49 35) (23 34) (18 3 32 50 22 47) (48 4) (13) (6 37 19) (33 26 41 9 24 16) (43 1 28 31 10 21) (38) (7 2) (17) 
33 (48) (14 47 19 43) (12 22 2 6 16 13) (49 20 34 25 39 10 32 30 1) (8 26 27 31 46 21 44 23 11) (50 15 18 4 24 17 33 42 40 41 5 45 38 36 29 28 7) 
34 (44) (29 35) (2 4 40 28) (24) (27 13) (49 48 21 17 42 31 11 38 12 10 26) (9 18 37 25 7 5) (39 46) (32 47 20 34 45) (6 41) (22) (36 19 33 50 8 1 15 3 30) 
35 (14 26 2 24) (5) (48) (33 42) (12) (10 50 6 36 49 44 34 27 17 20 25 32 8 40 11 3 45 29 31 43) (39) (19) (41 7 1 28 13) (9 4) (16 23 37 21 18 47) 
36 (10 6 21 1) (27 17 37) (18 43 22 29 11 20 42 38 24 36 33 46 9 48 7 14 32 39 34 50) (23 16) (49 45) (3 44 41 35 31 12 25 26) (8 30 13 5) 
37 (1 10 25 15 50 31 8 38 43 3 14 4) (24 29) (44) (7 21 5 41 39) (49 27 37 47 20 45 34 22) (35 12 23 26 2 32 40 11 42 19 36) (18 33 30 46 6) 
38 (7 30 9 46 14 35 45 10 41 27 8 3 34 17) (15) (18 36 43 6 16 25 2 48 49 31 39) (24) (28 32 23 50) (42 21) (38 33 5 13 12) (20 47 11 29 4 44 37 22) 
39 (49 44 38 24 22 8 7 29) (34 12 16 46 10 32 36 15) (17 23 48) (35 45 6) (41 3) (39 2) (37 14 42) (26 31 40 13) (27 50 21 9) (47 43) (19 5 33) (25 28) 
40 (35 34 30) (40 10) (27 9) (44 24 48 31 49 32 38) (16) (25 4 46 36) (21 28 6 45 15 11 41 23 37 3 5 1 14 2 33 43 29) (47 7 8 22 19 17 13 39 26) 
41 (47 29 6 38 4 28 40 11 21 25 10 27 9 39 17) (34 1 16 43 23) (18 31 19 3 30 14) (15 37) (50 35 20 12) (45 46 22 33 8 32 41 7) (24 49 42 13 36) (48) 
42 (45) (36 27 11 17) (28 38 2 8 41 35) (48 29 6 30) (24 42 19) (3 34 23 7 44 9 16 49 14 46) (25 13 33) (5 1 26 40 39 31) (12) (10) (21 47 22) 
43 (17) (36 33 41 7 27 24) (5 38) (49 30) (39 48) (15 14 40 23 1 34) (47 16 26 37 35 12 10 42 18 43 8 29 19 3 44 6) (50 46 45) (2 11 13 21 31 28 9) 
44 (15 7 43 11 47 3 16 50 23 49 22 27 36 20 28) (6) (17 9 41) (26) (25 5 4 8 29 19 34) (21 44 14 39) (33 30) (12 2 37 24 40 38 32 42 1) 
45 (30 22 21 24) (12) (34) (43 11 15 47 16 23 41 10) (27 18) (38 40) (17 45 2 35 32 36 7 20 29) (33 1 42 28 31 3) (4 8 46 48) (13 9 26 50 6 39 14) 
46 (10 24 28 6 18 50 35 40 21 42 30 16 22 17 5 8 9 1 3 49) (46 34 33 23 2 44 45 36 47 26 15) (37 31 14 39 4) (43 41) (25) (7 48 20 11 19) 
47 (35 42 44 46 7) (49 48 12 47 22 19 14 2) (50 8 5) (45 40) (20) (23 1) (26) (38 13 41 28 30 15 27 25 43 29 6) (34 31 16 9 39 21 37 4 32 11 10 36 24) 
48 (14 6) (29 44 5 42 37 38) (3) (39 9 10 21 49 17) (18 48 12 40 35) (24 8 46 36 41 11 30 27 34 23 20) (31 25 19 47 7 15 28 33 50 4 16 45 22 43 26 13) 
49 (7 46) (15) (34 45 10) (25) (23 32 48 12) (1 31 24 13 9 5 35 19 8 47 27 28 11) (21 39 40 22 44 30 14 41 26) (33 50 49 17) (2 43 37) (36 20 18) (42) (3 16) (38) (6) (29) 
50 (11 7 43) (32) (37 13 50 24 3 27 15 22 41 12 17 38 29 31 42 49) (28 45 5 4 16 6 46 23 44 2 14 40 36 18 20 10 1 30 9) (39) (19) (47 26 8 35 34) 
1 (15) (35) (22) (50) (9) (23) (12 29) (40) (44 32 20 43 4 42 3 10 8) (25 31 45 30 41 49 2 26 14 21 34 33 7 1 11) (24 13 6 37 36 17 18) (47) (27 19 46) 
2 (35) (40) (34) (27) (28) (31) (7) (37) (26) (45) (21) (4) (6 15 29 30 24 17 50 16 38) (32 47 43) (8 39 42 49 11) (14 2 9 25 1) (20 46 12) (33 19 23 44 18) 
3 (18) (35) (46) (48) (26) (22) (14) (17) (34) (3) (36) (28) (42) (15) (40) (44) (27) (16 24 37 30 6 12 1 11 19 32) (20 9) (31) (41 25 50) (23 38) (5 45 4 7 49 43) (2 39) (29 10 21) 
4 (4) (19) (3) (24) (41) (20) (15) (13) (44) (18) (47) (31) (9) (17) (11) (32) (38) (5) (8) (12) (27) (23) (21) (7) (28 46 48 34) (14 2 50 33 35 1 45 29 10 37 6) (22 40) 
5 (49) (46) (35) (2) (39) (18) (36) (32) (8) (37) (11) (4) (10) (44) (12) (34) (38) (33) (42) (50) (7) (20) (29) (3) (21) (19) (48 25 13 1) (43 14 6 47) (27 30 26 23) (16) (15 17) (40) (28) 
6 (43) (23) (10) (48) (37) (16) (3) (26) (40) (29) (38) (44) (11) (33) (21) (6) (17) (28) (2) (5) (20) (1) (32) (24) (35) (34) (19) (9) (41) (25) (47) (49) (18 30 36 39) (7 46) (42) (45 8 50) (22) 
7 (18) (46) (40) (35) (36) (4) (8) (50) (25) (44) (43) (37) (38) (20) (13) (31) (41) (27) (39) (7) (29) (21) (24) (49) (2) (42) (11) (28) (10) (3) (22) (17) (16) (26) (34) (19) (45 48) (23 47 30 32) (33 5 9 1 12) 
8 (48) (6) (25) (27) (34) (14) (35) (12) (47) (40) (28) (36) (24) (43) (21) (22) (8) (19) (4) (9) (3) (50) (37) (2) (23) (1) (45) (30) (38) (44) (15) (17) (46) (11) (29) (33) (18) (42) (10 16) (39 49 13) (26 41) 
9 (12) (50) (38) (14) (28) (21) (44) (16) (39) (47) (46) (31) (20) (17) (10) (45) (11) (19) (36) (24) (49) (29) (1) (30) (4) (40) (22) (5) (23) (26) (41) (43) (25) (3) (32) (6) (15) (35) (42) (8) (18 34 48) 
10 (24) (1) (6) (39) (10) (15) (19) (41) (48) (3) (47) (11) (23) (43) (21) (28) (35) (37) (50) (17) (29) (46) (14) (27) (45) (49) (18) (13) (40) (16) (12) (25) (26) (36) (9) (34) (4) (38) (7) (33) (20 2 8 30) (32 5 42) 
11 (11) (12) (43) (26) (15) (40) (19) (14) (46) (35) (16) (36) (41) (45) (23) (18) (30) (20) (47) (4) (34) (38) (27) (49) (8) (50) (31) (7) (3) (22) (25) (1) (37) (6) (24) (33) (13) (10) (21) (42) (48) (29 32 5 17 28 9 44) 
12 (49) (12) (36) (43) (34) (32) (42) (17) (37) (50) (44) (7) (47) (1) (10) (2) (6) (30) (24) (33) (21) (11) (39) (27) (41) (3) (9) (16) (5) (31) (19) (48) (14) (38) (13) (15) (18) (8) (20) (28) (35) (25 29 23 45) 
13 (43) (50) (30) (13) (42) (32) (36) (9) (7) (19) (47) (21) (49) (11) (45) (18) (33) (24) (10) (8) (41) (28) (39) (14) (35) (48) (26) (6) (31) (5) (3) (12) (38) (15) (23) (1) (40) (17) (34) (29) (4) (2 27) (16) 
14 (27) (32) (37) (47) (43) (6) (29) (1) (45) (25) (19) (15) (17) (3) (26) (16) (46) (23) (7) (8) (24) (13) (50) (44) (35) (33) (41) (10) (49) (14) (9) (21) (12) (48) (39) (11) (30) (31) (2) (22) (38) (42) (5 40 4) (36) 
15 (9) (38) (29) (1) (41) (13) (46) (20) (31) (50) (2) (40) (28) (24) (15) (16) (17) (47) (25) (7) (33) (6) (26) (18) (12) (34) (39) (49) (27) (32) (22) (43) (23) (44) (30) (11) (21) (48) (45) (37) (8) (19) (4) (14) 
16 (6) (21) (41) (20) (36) (42) (40) (10) (4) (24) (47) (16) (33) (28) (45) (18) (27) (3) (44) (43) (19) (2) (39) (23) (32) (17) (5) (7) (15) (13) (30) (38) (8) (1) (35) (50) (46) (25) (9) (29) (12) (49) (11) (48 31) (22) 
17 (23) (42) (4) (19) (22) (12) (15) (28) (24) (34) (48) (44) (41) (31) (43) (26) (13) (21) (3) (39) (29) (18) (27) (10) (2) (46) (6) (38) (7) (36) (17) (25) (9) (35) (45) (50) (8) (40) (16) (11) (33) (5) (32) (30) (49) 
18 (2) (33) (50) (43) (32) (3) (21) (4) (10) (36) (20) (38) (34) (18) (22) (1) (6) (12) (27) (15) (45) (29) (49) (8) (28) (35) (24) (48) (41) (37) (5) (19) (13) (17) (30) (31) (46) (26) (9) (23) 
19 (37) (26) (9) (42) (23) (28) (13) (44) (22) (5) (34) (19) (24) (25) (21) (18) (20) (6) (43) (33) (32) (47) (40) (30) (11) (48) (3) (8) (16) (7) (12) (17) (31) (4) (35) (1) (46) (41) (50) (29) (14) (49) (39) (27) (10) 
20 (1) (49) (36) (48) (37) (7) (6) (19) (35) (15) (20) (47) (34) (16) (26) (45) (24) (8) (3) (4) (11) (21) (50) (17) (5) (2) (12) (22) (28) (38) (23) (33) (13) (25) (14) (41) (10) (18) (44) (31) (9) (30) (29) (46) (27) 
21 (1) (33) (26) (46) (27) (3) (36) (24) (15) (16) (35) (11) (47) (39) (18) (14) (34) (10) (42) (6) (4) (23) (44) (45) (30) (38) (25) (17) (28) (7) (29) (49) (32) (9) (41) (19) (20) (48) (5) (13) (22) (31) (40) (12) (43 2 37) 
22 (31) (17) (11) (41) (28) (30) (7) (32) (1) (8) (2) (24) (25) (49) (27) (29) (6) (46) (23) (12) (18) (14) (33) (26) (40) (37) (15) (42) (20) (45) (39) (21) (50) (48) (10) (13) (16) (3) (22) (5) (34) (9) (19) (44) (36 38) (4) (47) 
23 (7) (27) (3) (48) (1) (43) (5) (4) (37) (18) (2) (12) (14) (39) (22) (33) (15) (16) (35) (23) (40) (47) (6) (19) (29) (32) (38) (9) (42) (45) (24) (28) (41) (49) (50) (13) (46) (44) (17) (11) (25) (20) (30) (21) (36) (31) 
24 (35) (44) (8) (31) (16) (40) (33) (30) (11) (20) (17) (2) (21) (27) (24) (7) (5) (6) (22) (46) (43) (38) (29) (49) (28) (13) (3) (39) (50) (32) (34) (47) (12) (4) (23) (15) (37) (19) (1) (36) (18) (45) (41) (9) (48) (42) 
25 (15) (34) (33) (17) (24) (46) (36) (23) (35) (30) (31) (32) (27) (6) (13) (49) (25) (16) (19) (11) (9) (12) (41) (5) (21) (4) (7) (38) (18) (8) (47) (2) (39) (10) (14) (22) (1) (48) (26) (28) (20) (37) (3) (40) (44) (42) 
26 (28) (31) (16) (49) (8) (7) (21) (6) (47) (13) (25) (43) (33) (46) (14) (10) (9) (44) (48) (32) (19) (36) (3) (40) (35) (12) (26) (11) (45) (20) (30) (22) (1) (42) (37) (23) (4) (24) (34) (50) (2) (39) (18) (5) 
27 (24) (25) (22) (34) (19) (10) (33) (26) (20) (18) (37) (32) (31) (9) (49) (44) (50) (2) (38) (6) (3) (27) (17) (39) (47) (8) (11) (48) (4) (36) (23) (40) (7) (16) (41) (43) (35) (45) (42) (1) (29) (30) (21) (12) (5) (14) (28) 
28 (40) (8) (23) (44) (48) (35) (42) (6) (1) (38) (41) (50) (49) (47) (33) (45) (14) (28) (25) (7) (13) (2) (26) (27) (24) (34) (43) (20) (15) (46) (3) (32) (17) (12) (9) (21) (5) (39) (30) (31) (19) (11) (16) 
29 (33) (10) (24) (8) (40) (34) (6) (35) (48) (29) (31) (1) (43) (27) (45) (20) (14) (17) (41) (19) (37) (3) (7) (49) (5) (38) (2) (15) (21) (18) (13) (42) (23) (12) (36) (39) (30) (50) (4) (16) (44) (47) 
30 (22) (43) (12) (1) (11) (17) (34) (5) (20) (42) (37) (49) (2) (26) (9) (19) (47) (40) (33) (8) (45) (6) (25) (50) (30) (21) (24) (41) (23) (15) (29) (36) (4) (13) (28) (38) (18) (14) (48) (46) (31) (3) (16) (44) (10) (7) 
31 (43) (46) (11) (26) (6) (19) (50) (40) (31) (41) (9) (2) (10) (48) (7) (20) (27) (34) (21) (37) (39) (14) (4) (35) (36) (8) (33) (49) (3) (32) (22) (38) (30) (24) (47) (17) (15) (16) (45) (18) (25) (23) (29) (5) (42) (12) 
32 (28) (37) (16) (31) (5) (4) (20) (18) (1) (22) (7) (19) (32) (38) (2) (10) (15) (47) (14) (40) (36) (11) (35) (33) (21) (8) (26) (44) (23) (13) (9) (24) (41) (3) (17) (25) (39) (50) (6) (49) (45) (27) (34) 
33 (25) (37) (46) (45) (3) (34) (44) (31) (13) (16) (12) (39) (17) (27) (40) (7) (30) (36) (32) (23) (43) (22) (29) (41) (19) (11) (2) (49) (10) (48) (28) (1) (38) (42) (6) (33) (14) (21) (35) 
34 (31) (40) (21) (38) (16) (45) (19) (34) (26) (44) (33) (41) (48) (24) (37) (7) (12) (5) (46) (6) (47) (8) (25) (14) (35) (50) (39) (23) (17) (15) (49) (18) (36) (22) (20) (4) (2) (43) (9) (42) (10) (1) (28) (3) (32) 
35 (49) (15) (11) (18) (41) (9) (19) (31) (36) (26) (37) (22) (13) (16) (45) (39) (25) (29) (2) (50) (40) (8) (12) (32) (46) (5) (30) (4) (1) (21) (10) (34) (38) (47) (48) (42) (7) (27) (24) (20) (14) (23) (17) (3) (28) (43) 
36 (17) (1) (35) (42) (44) (43) (8) (13) (22) (38) (5) (47) (7) (16) (31) (27) (33) (26) (15) (18) (21) (11) (2) (10) (9) (36) (34) (45) (20) (4) (3) (32) (25) (39) (50) (48) (30) (46) (14) (24) (12) (19) (41) (37) (28) (40) (29) (49 6) 
37 (12) (43) (49) (46) (25) (37) (15) (7) (26) (38) (1) (18) (41) (35) (27) (14) (48) (6) (3) (5) (32) (40) (30) (19) (44) (11) (36) (20) (9) (24) (16) (39) (47) (28) (50) (22) (31) (23) (21) (29) (4) (34) 
38 (38) (18) (6) (12) (20) (7) (37) (40) (1) (5) (42) (34) (43) (28) (15) (4) (16) (14) (41) (24) (32) (9) (31) (19) (25) (27) (44) (36) (26) (8) (47) (13) (23) (50) (29) (22) (10) (48) (39) (21) (30) (33) (45) (11) (17) (49) 
39 (30) (44) (5) (22) (29) (39) (49) (33) (17) (7) (10) (36) (41) (37) (24) (2) (15) (11) (4) (50) (1) (43) (21) (31) (25) (14) (34) (23) (38) (9) (27) (28) (47) (6) (42) (46) (48) (19) (40) (45) (18) (3) (12) (35) (13) (20) (32) (16) 
40 (27) (11) (12) (46) (49) (20) (42) (24) (15) (50) (19) (33) (21) (40) (16) (29) (48) (5) (10) (23) (31) (13) (22) (39) (17) (6) (28) (8) (3) (43) (14) (47) (34) (18) (32) (4) (2) (44) (1) (41) (45) (30) (25) (35) (37) (9) 
41 (50) (33) (49) (21) (31) (6) (15) (22) (40) (16) (44) (5) (29) (7) (18) (2) (34) (28) (43) (24) (47) (36) (17) (25) (23) (45) (39) (42) (37) (10) (48) (46) (38) (19) (9) (30) (13) (32) (1) (11) (26) (35) (8) (14) (41) (4) 
42 (5) (36) (29) (6) (38) (19) (22) (31) (30) (25) (9) (45) (3) (8) (37) (46) (28) (17) (35) (33) (39) (23) (7) (42) (32) (43) (44) (16) (13) (12) (2) (50) (34) (11) (4) (26) (48) (49) (27) (47) (41) (14) (20) (10) (1) 
43 (37) (22) (19) (12) (4) (8) (41) (15) (25) (11) (7) (47) (40) (16) (23) (35) (3) (33) (5) (2) (18) (21) (32) (10) (20) (28) (44) (50) (45) (39) (43) (9) (1) (30) (29) (46) (31) (14) (36) (49) (13) (24) (38) (17) (48) 
44 (7) (17) (1) (13) (43) (24) (21) (47) (20) (9) (33) (31) (34) (15) (18) (46) (12) (27) (42) (37) (14) (26) (35) (4) (30) (8) (25) (50) (48) (10) (22) (3) (36) (2) (49) (23) (44) (40) (39) (5) (11) (28) (16) (19) (38) (6) (29) 
45 (33) (4) (3) (45) (18) (25) (34) (12) (36) (2) (15) (8) (50) (30) (46) (20) (5) (23) (37) (16) (39) (47) (1) (26) (31) (40) (6) (11) (48) (42) (35) (38) (27) (24) (28) (49) (7) (43) (10) (21) (29) (17) (41) (22) (9) (13) 
46 (42) (2) (5) (17) (6) (11) (46) (8) (9) (24) (40) (12) (15) (28) (47) (27) (16) (22) (13) (3) (37) (23) (30) (7) (29) (36) (14) (31) (34) (49) (26) (32) (43) (50) (41) (4) (48) (19) (21) (33) (1) (10) (38) (39) (45) (20) (18) (25) 
47 (20) (12) (43) (2) (21) (9) (50) (31) (3) (16) (48) (44) (42) (4) (5) (47) (27) (46) (7) (10) (32) (14) (38) (39) (23) (45) (22) (11) (34) (40) (25) (26) (1) (18) (49) (33) (13) (29) (41) (6) (28) (35) (30) (24) (37) (8) 
48 (19) (6) (43) (9) (18) (46) (22) (13) (30) (47) (38) (12) (40) (21) (28) (49) (42) (48) (32) (10) (3) (5) (31) (33) (25) (24) (35) (7) (27) (45) (4) (16) (26) (17) (14) (23) (29) (39) (41) (20) (8) (34) (1) (36) (2) 
49 (46) (30) (37) (47) (50) (19) (23) (1) (21) (24) (20) (49) (12) (32) (36) (48) (3) (43) (18) (39) (26) (34) (33) (17) (15) (35) (2) (4) (42) (13) (10) (22) (41) (31) (9) (16) (28) (29) (8) (11) (38) (6) (40) (7) (44) (27) (14) 
50 (19) (46) (9) (22) (4) (36) (25) (37) (11) (30) (35) (41) (2) (47) (43) (14) (45) (3) (21) (29) (13) (16) (17) (12) (32) (18) (34) (8) (6) (49) (50) (26) (48) (23) (20) (33) (27) (44) (38) (10) (28) (39) (1) (15) 
