0
50
50
1 (42) (22) (1) (40) (16) (10) (37) (9) (43) (20) (14) (39) (7 24) (38 36) (17) (48) (8 25) (29) (49) (44) (41) (23) (19 4) (46) (26) (30) (50) (13) (12) (5) (31) (2) (35) (21) 
2 (32) (47 29) (1) (37) (39) (31) (21) (38) (13) (7) (36) (6) (16) (40) (19 48) (15 45) (27 3) (46 44) (2) (25) (24) (49) (35) (8) (11) (4) (5) (30) (14) (33 42 34) (23) (28) (20) (9) (26) 
3 (48 10) (16 27) (17) (42) (50) (25) (13) (8 40 39) (15) (36) (18) (24 9) (6) (35) (7) (14) (45) (2) (32) (38 46) (33 12) (29) (41) (47) (43) (21 19) (31) (20) (28) (23) 
4 (35) (14 37) (50) (27) (28) (8) (42) (2) (18) (43 39) (10) (44) (26) (31) (34) (1) (29) (5) (32) (21) (11) (17) (46) (41) (45) (38) (6) (9) (12) (48) (49) (23) (16 40) (24) (30) (47 25) 
5 (30) (24) (5 50) (21) (35) (19) (7) (43) (49) (17) (36 11) (41 32) (40 3) (13) (38) (25) (34) (45) (37) (6) (26) (33) (4) (47) (27 46) (1) (42 15) (14) (20) (2) (39) (28) 
6 (10) (1) (30) (43) (47) (12) (31) (33) (49) (23) (27) (24) (39) (13) (15) (5) (36) (14) (3) (32) (40) (41) (42 44) (48) (26) (4) (45) (6 22) (38) (37) (21) (8) (46) (19) (50) (9) (18) (34) 
7 (25) (15) (23) (45) (7) (32) (40) (6) (16) (49) (37) (22) (13) (24) (44) (34) (18) (29) (9) (5) (2) (4) (38) (30) (43 28) (46 14) (26) (36) (41) (11) (12) (27 50) (48) (3) (10) (42) (8) 
8 (1) (22) (15) (16) (7) (24) (18) (45) (12) (2) (44) (47) (4) (29) (30) (35) (39) (19) (14) (48) (31 46) (50) (28) (21) (40) (38) (11) (32) (8 6) (49 27) (13) (42 25 33) (3) (43) (37) 
9 (18) (22) (38) (48) (16 9) (31) (39) (21) (46) (33) (34) (40) (24) (4) (10) (47) (8) (42) (49) (23) (13) (50) (7 25) (45) (41) (20) (35) (3) (37) (2) (44) (32) (1 6) (43) (19) (17) (27) (5) (12) (29) (26) 
10 (34) (10) (1) (15) (18) (3) (37 47) (41) (40) (49) (24) (22) (28) (4) (48) (44) (29) (13) (12) (46) (27 16) (23) (19) (35) (5) (17) (6) (36) (2) (33) (38) (21) (9) (30) (50) (25) (43) (11) (26) 
11 (23) (7) (29) (27) (18) (11) (28) (34) (17) (15 31 2) (4) (45) (22) (43) (46) (9) (49) (6) (44) (37) (19) (36) (21) (14) (10) (48) (38) (32) (20) (1) (50) (12) (5) (47) (42) (39) (13) 
12 (21) (36) (30) (44) (38) (48) (14) (19) (49) (15) (41) (42) (3 26) (25) (35) (22) (5) (46) (17) (33) (28 24) (20 39) (6) (4) (2) (40) (32 7) (47) (23) (16) (9) (50) (18) (27) 
13 (18) (37) (20) (35) (46) (29) (12 28) (45) (25) (42) (9) (48) (26) (11) (39 6) (50) (14) (17) (7) (34) (30) (22) (2) (13) (49) (4) (47) (21) (38) (1) (5) (41) (27) (40) (23) (15) 
14 (5) (43) (17) (12) (48) (3) (29) (2) (38) (26) (50) (11) (23) (21) (39) (25 20) (49) (35) (13) (41) (27) (44) (9) (47) (31) (19) (10) (22) (46 32) (30) (18) (1) (4) (34) (6) (28) (7) 
15 (20) (39) (25) (26 30) (15) (33 21) (12) (23) (17) (3) (6) (1) (40) (8 9) (43) (45) (7 32) (35) (44) (28) (14) (22) (31) (38) (2) (34) (18 19) (37) (11) (42) (49) (47) (41) (13) (50) (46) (36 5) 
16 (17) (32) (42) (3) (7) (33) (47) (30 38) (15) (43 28) (34) (5) (39) (29) (45) (41) (20) (26) (40) (6) (37) (19) (27) (36) (12) (2) (31) (14) (13) (11) (16) (22) (18) (35) 
17 (1) (11) (33) (49) (14) (47) (48) (38) (44) (26) (35) (25) (2) (37) (9) (43) (28) (4) (36 39) (12) (20) (40) (6) (45) (19) (5) (13) (30) (29) (46) (10) (42) (41) (15) (3) (34) (7) 
18 (45 25) (36 5) (6) (16) (14) (11) (28) (12 41) (3) (19) (31) (37) (4) (24) (18) (47) (21) (8) (49) (17 38) (44) (39) (15) (13) (50) (27) (29) (30) (9) (34) (10) (32) (35) 
19 (45) (8) (14) (1) (40) (27) (18) (10) (34) (4) (26) (46) (35) (50) (24) (19) (6) (44) (23) (20) (17) (36) (33) (15) (13 7) (38) (37) (16) (42) (22) (9) (30) (43) (25) 
20 (31) (46) (32) (45) (42) (4) (27) (23) (40) (15) (39) (10) (12) (14) (2) (16) (1 17) (43) (30) (38) (28) (13) (47) (11) (19) (6) (22) (48) (29) (35) (18) (9) (37 44) (36) (33) (7 50) (34) (21) 
21 (45) (40) (15) (26) (49 25) (9) (23) (37) (2) (8) (50) (39) (7) (20) (14) (38) (47) (13) (16 35) (6) (30) (31) (4) (33) (12) (43) (5 3 1) (46) (41) (29) (21) (28) (10) (27) (11) (22) (18) (44) (19) (32) 
22 (26) (40) (16) (21) (39) (1) (20) (44) (18) (47) (10) (48) (38) (7) (34) (43) (29) (32) (30) (15) (41 25) (12 36) (6 8) (28) (49 2) (45) (37) (9) (17) (13) (3) (31 4) (11) (23) 
23 (17) (5) (3) (29) (36) (19) (45) (46) (43) (11) (37 9) (24) (42) (8) (32) (1) (41) (6) (22) (23) (47 34) (30) (15) (26) (33) (7) (21) (25) (13) (35) (10) (40) (2) (28) (38) (18) 
24 (17) (25) (26) (20) (14 32) (49) (9 7) (46) (29) (24) (37 3) (21) (28) (2) (5) (33) (43) (19) (12) (8) (13) (31) (30) (15) (23) (44) (50) (35) (36) (6) (48) (22) (34) 
25 (2) (40 14) (25) (12) (46) (44) (11) (18) (16) (43) (31) (10) (38) (19) (3) (26) (28) (1) (47) (24) (13) (35) (4) (6) (17) (5) (22) (15) (49) (20) (42) (39) (8) (45) (41) (32 9) (30) (50) 
26 (42) (16) (1) (5 40) (36) (23) (45) (10) (44) (8 28) (37) (15 2) (31) (13 14) (38) (34) (4) (43) (11) (6) (46) (19 47) (41) (39) (33) (3) (30 21) (25) (48) (26) (9) 
27 (50) (11) (38 12) (15) (36) (16) (33) (7) (29) (25) (4) (17) (44) (24) (19) (45) (22) (49) (8 6) (40) (37) (1) (23) (3) (35) (47) (9) (27 48) (34) (46) (13) (10) (21) 
28 (38) (45) (1) (25) (33) (28) (34) (13 9) (17) (37) (5 42) (19) (46) (47 27) (41) (50) (12 7) (40) (31) (20) (43) (22) (16) (6 21) (49) (26) (2) (35) (44) (32) (36 29) (15) (4) (23) (30) (39) 
29 (19) (5) (25) (32) (38) (3) (39) (45) (23) (15) (36) (1) (33) (31) (29) (2) (11) (26) (28) (6) (12) (44) (46 4) (30) (48 24) (21 40) (43) (13) (22) (20) (27) (49) (7) (10) (17 34) (9) (37) 
30 (18) (38) (34) (41 14) (50) (15) (39) (19) (42) (6) (26) (32) (3) (47 13) (17) (21) (37) (2) (49) (48) (11) (4) (12) (10) (46) (16) (20) (31 8) (25) (28) (1) (5) (44) (40) (45) (23) 
31 (1) (21) (30) (36 45) (25 2) (34) (17) (31) (50) (18 15) (9) (22) (44) (23) (11) (41) (48) (40) (43) (42) (19) (7) (20) (16) (6) (10) (46 3) (32) (39) (12) (5) (4) (35) 
32 (27) (42 23) (18) (9) (47) (28) (32) (29) (4) (5 34) (50) (10) (37) (25) (2) (21) (11) (43) (39) (13) (1) (17) (44) (14) (46) (3 33 48) (12) (24) (7) (45) (30) (49) 
33 (38) (31) (11) (23 39) (10) (3) (26) (49) (37) (20) (25) (46) (24) (1) (50) (18) (36) (33 48) (40 43) (6) (14 5) (19) (42) (30 8) (27 16) (4) (22) (45) (12) (47) (34) (41) (2) (44) (32) (13) (29) 
34 (26) (37) (27) (42) (43) (50) (33) (20) (12) (32 40) (35) (31) (39) (8) (19) (22) (7) (46) (9) (45) (41) (2) (44) (30) (16) (5) (14) (21) (48) (1) (6) (18) (49) (28) (24) (3) (17) (47) (13 38) 
35 (8) (27) (10) (46) (19) (15) (47) (28) (43) (26) (42 23) (16) (14) (45) (25) (20 6 2) (50) (29 21) (9) (31) (35) (12) (33) (34) (4) (1) (17) (11) (13) (5) (38) (41 40) (24) (49) 
36 (11) (3) (47) (12) (27) (26) (23) (41) (4) (36) (32) (8) (38) (14) (43) (21) (6) (30 20) (44 48) (19) (25) (50) (22) (31 45) (15) (16) (49) (39) (13) (24) (40) (35) (34) (28) 
37 (46) (21) (10) (25 30) (13) (34) (7) (31) (38) (40) (36) (18) (12) (16) (9) (4) (32) (1) (11) (22) (6) (43) (14) (20) (23) (49) (3) (37) (35) (2) (27) (17) (44) (8) (29) (33) (41) (15) (5) (50 42) 
38 (43) (27) (46) (23) (47) (22) (36) (37) (8) (34) (19) (35) (39 20) (24) (44) (41) (5) (18) (14) (28) (6) (48) (11) (33) (50) (26) (3) (30) (2) (15) (10) (1) (32) (4) (42) (12) (31) (9) 
39 (11) (13) (7) (35) (41) (22) (26) (6) (15) (49) (33 29) (14) (44) (46) (36) (23) (45) (20) (10) (18) (4 32) (19) (24) (8) (21 38) (40) (47) (17) (27) (25) (2) (37 42) (43) (34) (1) (39) 
40 (13) (41) (33) (17 27) (14) (19) (43 11) (3) (2) (6) (8) (38) (16 50) (23) (35) (49 42) (45 24) (18) (46) (9) (39) (28) (1) (7) (40) (44) (30) (21) (32) (47) (26) (20) (15) 
41 (44) (17) (31) (8) (23) (5) (19) (50) (24) (18) (3) (34) (11) (45) (41) (48) (49 42) (27) (25) (29) (21) (33) (35) (15) (2) (38) (13) (1 37) (32) (12) (14) (28) (20) (47) (10) (9) (46) (6 43) 
42 (31) (32) (4) (17 37) (10) (40 23) (18) (27) (48 16) (45) (20) (36) (12) (8) (19 47) (28) (2) (33) (38) (15) (3) (30) (46) (21 6) (5) (41) (42) (34) (7) (13 11) (9) (24) (22) (14) (39) (25) 
43 (21) (10) (35) (44) (45) (29 42) (6) (39) (1) (2) (15) (23) (33 37) (30) (43) (13) (9) (28) (36) (8) (31) (12) (49 41) (24) (40) (46) (38 47) (11) (32 4) (18) (26) (7) 
44 (20) (47) (34) (39) (30) (11) (1) (15) (43) (31) (12 24) (2) (4) (28) (10) (26) (44) (23) (38) (7) (17) (25) (50) (5) (16) (21 3) (6) (32) (8) (37) (13) (36) (22) (18 29) (14) 
45 (5) (21) (48) (36) (50) (25) (16) (24 12) (3) (11) (40) (4 42) (32) (2) (20) (41) (22) (35) (10 17 49) (47) (7) (39) (37) (14) (18) (45) (28) (34) (27) (15) (29) (19) (43) (30) (26) (44) (6) (33) (8) (1) 
46 (42) (50) (31) (40) (49 23) (35) (33) (16) (6) (44) (47) (22) (19) (37) (9) (11) (45) (26) (7) (32) (17) (18) (29) (27) (10) (41) (15) (2) (4 13) (24) (34) (25) (3) (30) (1 28) (20) (38 8) 
47 (14) (17 16) (6) (41) (5) (26) (31) (39) (29) (47) (37) (27) (7) (15) (23) (35) (50) (19) (33) (36) (45) (2) (18) (21) (49) (10) (43) (4) (34) (48) (8) (12) (42 13) (1) (20) (11) 
48 (23 45) (49) (1) (28) (44 47) (18 38) (8) (16) (5) (46) (15) (32) (9) (37) (12 33) (24) (22) (40) (48) (31) (43) (27) (50) (4) (34) (2) (14) (42) (36) (41) (39) 
49 (11) (16) (44) (38) (9) (21) (46) (2) (22) (31) (27 3) (14) (47) (41) (25) (40) (30) (35) (5) (18 6) (15) (19) (43) (12) (23) (20 45 29) (28) (10) (26) (34 36) (48) (4) (39) (33) (8) (13) (24) (49) 
50 (10) (41) (5) (27) (50) (35) (47) (43) (45) (24) (32) (38) (33) (16 48) (37) (29) (42) (8 13) (1) (18) (31 20) (25) (11) (17) (30) (12) (19 4) (34) (15 22) (49) (26) 
1 (25) (13) (17) (37) (21) (47) (50) (19) (29) (22) (30) (28) (32) (8) (38) (4) (14) (34) (11) (46) (45) (10) (31) (5) (20) (43) (35) (44) (1) (48) (27) (26) (39) (40) (9) (33) (2) (6) (15) (41) (23) 
2 (4) (34) (39) (42) (38) (30) (2) (9) (45) (8) (35) (47) (23) (3) (17) (16) (33) (31) (10) (5) (26) (40) (44) (49) (32) (20) (37) (15) (41) (29) (11) (22) (25) (21) (48) (13) (43) (1) (46) (12) (7) (24) (28) (14) 
3 (21) (6) (34) (24) (26) (33) (27) (18) (30) (15) (44) (36) (29) (9) (46) (23) (37) (8) (16) (12) (10) (41) (40) (7) (49) (32) (42) (45) (22) (2) (25) (17) (14) (5) (31) (38) 
4 (37) (42) (5) (45) (32) (2) (35) (29) (8) (22) (13) (20) (9) (27) (33) (19) (44) (39) (14) (12) (7) (46) (31) (48) (36) (11) (26) (10) (49) (1) (18) (28) (38) (47) (50) (30) (43) (17) (21) (25) (6) 
5 (15) (50) (6) (9) (18) (13) (49) (33) (34) (30) (37) (2) (45) (23) (11) (42) (35) (4) (5) (25) (14) (41) (48) (10) (12) (44) (7) (47) (1) (17) (24) (21) (16) (38) (28) (31) (32) (26) (29) 
6 (6) (38) (13) (45) (37) (46) (39) (31) (34) (21) (9) (7) (41) (30) (44) (12) (42) (28) (23) (4) (2) (25) (3) (47) (17) (49) (10) (26) (5) (16) (20) (15) (8) (14) (43) (40) (33) (18) (11) (22) (29) (24) (36) (27) (35) (19) 
7 (11) (20) (9) (29) (37) (1) (2) (42) (39) (22) (19) (21) (31) (8) (23) (40) (34) (47) (32) (44) (13) (17) (15) (5) (43) (46) (27) (7) (24) (12) (28) (45) (16) (3) (14) 
8 (15) (43) (19) (30) (36) (22) (27) (25) (7) (24) (47) (3) (21) (26) (42) (35) (23) (1) (33) (46) (40) (18) (45) (9) (44) (34) (8) (37) (38) (4) (2) (39) (41) (50) (49) (48) (6) 
9 (34) (18) (22) (27) (42) (35) (12) (23) (6) (49) (41) (24) (10) (26) (32) (21) (29) (25) (2) (15) (11) (46) (19) (38) (28) (43) (1) (4) (9) (48) (3) (17) (7) (37) (31) (13) (20) (14) (40) 
10 (46) (10) (25) (39) (23) (26) (27) (18) (45) (21) (9) (22) (31) (33) (20) (50) (19) (4) (1) (30) (37) (38) (3) (29) (44) (17) (42) (47) (6) (32) (7) (35) (43) (49) (11) (41) (14) 
11 (31) (20) (5) (16) (36) (26) (33) (8) (44) (14) (7) (42) (4) (21) (43) (15) (50) (11) (40) (46) (39) (30) (10) (25) (32) (41) (49) (38) (17) (27) (29) (37) (22) (47) (23) (45) (2) (13) (35) (18) 
12 (42) (34) (9) (48) (20) (29) (7) (41) (10) (13) (37) (18) (45) (35) (14) (3) (30) (8) (1) (21) (31) (6) (43) (50) (49) (16) (38) (4) (44) (22) (47) (25) (28) (17) (33) (11) (27) (15) (36) (24) (32) 
13 (49) (46) (44) (25) (41) (43) (3) (21) (26) (40) (6) (5) (14) (37) (27) (34) (32) (42) (22) (10) (1) (7) (20) (8) (16) (39) (19) (29) (35) (47) (28) (2) (50) (24) (30) (11) (36) (23) (9) (13) (17) (18) (33) (15) 
14 (49) (39) (12) (5) (30) (44) (4) (26) (45) (38) (2) (47) (36) (42) (25) (18) (20) (33) (15) (7) (24) (17) (35) (41) (37) (32) (13) (3) (48) (8) (40) (11) (19) (21) (34) (1) (6) (16) 
15 (38) (49) (24) (7) (26) (30) (15) (36) (22) (40) (8) (50) (2) (45) (18) (41) (47) (29) (19) (16) (44) (10) (17) (20) (6) (12) (37) (43) (42) (46) (27) (11) (21) (5) (39) (48) (28) (31) (23) (3) (13) (25) (35) 
16 (44) (3) (31) (20) (25) (28) (42) (27) (16) (4) (49) (34) (7) (22) (48) (12) (37) (33) (18) (26) (40) (8) (10) (2) (46) (9) (30) (19) (45) (50) (35) (47) (1) (36) (21) 
17 (29) (1) (46) (25) (13) (5) (45) (3) (16) (44) (41) (42) (18) (39) (12) (40) (37) (22) (50) (32) (27) (31) (30) (47) (10) (14) (4) (28) (11) (15) (34) (35) (9) (23) (20) (19) (24) 
18 (38) (20) (11) (21) (25) (7) (30) (46) (19) (10) (15) (47) (12) (34) (49) (16) (9) (4) (50) (23) (45) (43) (44) (33) (14) (40) (31) (42) (41) (18) (13) (22) (3) (8) (48) (37) (6) (39) (32) 
19 (23) (21) (39) (50) (42) (47) (29) (14) (24) (30) (46) (41) (6) (26) (8) (20) (33) (10) (3) (25) (38) (5) (16) (18) (34) (36) (40) (17) (49) (28) (45) (27) (15) (31) (11) (35) (1) (19) (12) (2) (9) 
20 (13) (12) (29) (16) (41) (2) (21) (14) (44) (47) (42) (17) (31) (11) (33) (39) (30) (40) (3) (25) (19) (24) (50) (5) (22) (38) (49) (35) (9) (1) (46) (15) (36) (45) (28) (37) (34) 
21 (14) (27) (40) (8) (13) (42) (29) (47) (23) (11) (10) (18) (6) (32) (36) (1) (12) (28) (31) (24) (30) (39) (44) (3) (5) (37) (22) (43) (20) (2) (4) (9) (45) (26) (49) (21) (34) (41) (35) (15) 
22 (16) (48) (13) (9) (24) (1) (34) (23) (28) (42) (21) (6) (20) (11) (50) (12) (49) (33) (10) (7) (25) (29) (45) (27) (39) (37) (38) (8) (36) (14) (44) (46) (15) (19) (31) 
23 (11) (36) (40) (48) (43) (39) (1) (14) (32) (4) (46) (12) (6) (35) (37) (29) (7) (38) (15) (23) (2) (22) (49) (10) (41) (9) (20) (47) (26) (42) (13) (33) (44) (21) (27) (3) (31) (19) (28) (24) (30) 
24 (44) (33) (48) (9) (41) (27) (5) (36) (43) (50) (32) (39) (4) (34) (2) (3) (12) (45) (19) (25) (1) (8) (40) (49) (24) (23) (6) (38) (35) (42) (10) (18) (46) (7) (29) 
25 (37) (29) (24) (3) (30) (50) (4) (36) (26) (5) (22) (12) (23) (17) (46) (28) (45) (35) (8) (33) (44) (13) (9) (31) (19) (49) (21) (32) (42) (14) (25) (39) (27) (1) (15) (10) (18) (2) (7) (41) 
26 (23) (47) (50) (25) (13) (39) (26) (38) (49) (40) (2) (35) (15) (30) (28) (46) (29) (21) (19) (9) (12) (5) (6) (24) (33) (1) (34) (16) (43) (45) (44) (17) (4) (10) (36) (7) (14) (22) 
27 (37) (10) (5) (50) (47) (21) (49) (18) (35) (45) (13) (40) (12) (27) (38) (19) (7) (14) (6) (36) (4) (2) (9) (48) (28) (16) (11) (3) (20) (34) (33) (29) (32) (41) (8) (46) (42) (39) 
28 (22) (28) (10) (24) (42) (4) (46) (43) (5) (12) (16) (8) (30) (40) (17) (41) (15) (44) (21) (38) (49) (11) (48) (18) (26) (25) (29) (34) (35) (23) (13) (2) (36) (7) (20) (14) (32) (3) (45) 
29 (33) (41) (7) (28) (44) (21) (8) (45) (23) (27) (49) (1) (18) (32) (46) (22) (17) (13) (47) (14) (29) (3) (11) (43) (39) (20) (37) (2) (10) (9) (24) (16) (50) (35) (4) 
30 (2) (12) (25) (36) (49) (50) (26) (34) (45) (32) (17) (1) (7) (18) (16) (4) (5) (19) (15) (6) (14) (42) (31) (44) (28) (21) (29) (33) (40) (24) (37) (46) (8) (20) (43) (22) (23) (13) (10) (38) 
31 (28) (33) (16) (46) (20) (15) (2) (24) (48) (18) (22) (26) (50) (6) (21) (36) (4) (38) (30) (11) (35) (49) (43) (8) (41) (14) (37) (25) (44) (9) (42) (47) (31) (34) (1) (3) (29) 
32 (29) (32) (38) (50) (21) (28) (12) (33) (22) (5) (9) (3) (2) (37) (42) (46) (39) (20) (8) (4) (48) (25) (45) (43) (44) (30) (36) (40) (31) (7) (41) (16) (15) (18) (14) (6) (11) (34) (23) (24) 
33 (42) (46) (34) (29) (43) (19) (27) (16) (47) (5) (33) (50) (49) (41) (21) (28) (39) (32) (15) (23) (17) (12) (8) (38) (24) (45) (3) (35) (26) (2) (9) (6) (20) (10) (40) (48) (37) 
34 (16) (10) (36) (45) (33) (26) (32) (18) (46) (49) (42) (47) (41) (37) (11) (5) (17) (48) (2) (22) (9) (30) (4) (50) (38) (28) (29) (31) (14) (7) (35) (20) (6) (24) (15) (23) (13) (39) (19) (27) (44) 
35 (21) (17) (27) (25) (13) (24) (50) (1) (31) (38) (2) (12) (19) (49) (45) (15) (28) (9) (39) (37) (47) (34) (43) (14) (3) (4) (5) (41) (16) (23) (46) (20) (8) (35) (40) (36) (18) (10) 
36 (7) (19) (15) (23) (22) (26) (18) (43) (16) (49) (29) (45) (11) (20) (12) (37) (28) (27) (42) (3) (38) (1) (33) (2) (36) (47) (10) (17) (24) (48) (44) (39) (31) (5) (6) 
37 (33) (39) (38) (10) (32) (9) (37) (20) (50) (21) (43) (29) (13) (19) (44) (47) (42) (6) (5) (11) (46) (8) (26) (22) (45) (15) (41) (28) (4) (24) (30) (48) (1) (18) (16) (17) (23) (34) (7) (2) (27) 
38 (16) (23) (11) (22) (7) (33) (8) (40) (27) (14) (39) (29) (15) (3) (37) (13) (12) (6) (9) (30) (19) (5) (20) (4) (46) (35) (17) (2) (36) (43) (44) (28) (41) (18) (10) (34) (26) (42) (25) (49) (48) (50) (1) (21) 
39 (39) (16) (49) (31) (13) (33) (4) (5) (25) (32) (15) (22) (1) (43) (29) (8) (36) (3) (48) (14) (44) (18) (42) (20) (21) (28) (26) (11) (30) (38) (47) (9) (12) (2) (17) (34) (6) (45) (40) 
40 (19) (36) (35) (12) (21) (5) (7) (20) (13) (2) (3) (29) (48) (26) (17) (45) (34) (28) (39) (9) (23) (49) (15) (6) (10) (30) (22) (8) (27) (43) (25) (37) (31) (42) (4) (33) (1) (16) (40) (46) 
41 (4) (18) (36) (26) (22) (1) (33) (28) (15) (41) (47) (40) (37) (39) (21) (16) (43) (5) (38) (35) (49) (10) (3) (12) (6) (46) (17) (48) (42) (50) (23) (30) (34) (9) (7) (25) (13) (31) (14) (45) 
42 (30) (11) (3) (31) (37) (26) (35) (8) (5) (7) (25) (6) (38) (32) (43) (19) (9) (45) (40) (34) (20) (46) (50) (15) (42) (1) (28) (16) (33) (13) (48) (39) (41) (4) (2) (23) (12) (17) (47) 
43 (11) (3) (25) (28) (24) (1) (36) (47) (37) (41) (40) (38) (48) (22) (26) (33) (15) (45) (19) (49) (32) (20) (43) (8) (21) (5) (23) (35) (31) (17) (39) (44) (29) (50) (10) (7) (14) (34) (4) (9) (16) (6) 
44 (39) (11) (2) (4) (22) (6) (19) (38) (24) (28) (12) (25) (40) (17) (37) (9) (41) (44) (8) (26) (7) (43) (18) (33) (48) (27) (1) (49) (46) (45) (15) (30) (20) (34) (21) (10) (32) (31) (36) (14) (29) 
45 (28) (18) (35) (43) (39) (36) (32) (42) (9) (16) (15) (20) (30) (25) (31) (48) (40) (45) (33) (21) (27) (26) (19) (29) (11) (17) (4) (2) (23) (5) (8) (3) (50) (47) (34) (7) (41) (49) (6) (22) (13) (46) 
46 (23) (49) (24) (14) (25) (29) (32) (4) (21) (19) (42) (17) (43) (30) (13) (48) (26) (2) (27) (15) (1) (7) (38) (39) (34) (41) (35) (20) (10) (8) (40) (31) (37) (3) (33) (6) (5) (9) (12) (28) (11) 
47 (47) (30) (16) (41) (32) (26) (27) (17) (2) (13) (46) (49) (38) (6) (40) (11) (28) (48) (21) (5) (33) (22) (14) (12) (34) (8) (43) (4) (35) (3) (39) (36) (42) (44) (9) (25) (15) (45) (18) (23) (50) (10) (20) 
48 (48) (7) (3) (9) (12) (42) (11) (34) (10) (14) (13) (31) (49) (22) (2) (41) (47) (20) (45) (38) (8) (26) (33) (27) (36) (24) (30) (32) (50) (29) (1) (17) (6) (4) 
49 (9) (50) (8) (33) (25) (28) (21) (7) (47) (45) (39) (6) (1) (13) (46) (17) (36) (40) (10) (29) (12) (32) (43) (14) (11) (34) (22) (30) (35) (48) (4) (2) (41) (27) (18) (5) (49) (15) (37) (24) 
50 (27) (48) (35) (3) (8) (40) (4) (28) (41) (38) (6) (24) (12) (18) (36) (33) (47) (50) (44) (25) (31) (46) (30) (5) (10) (9) (13) (21) (15) (45) (37) (20) (1) (14) (34) (19) (11) (32) (7) 
