0
50
50
1 (43) (47) (26) (48) (3) (13) (31) (4) (14) (45) (44) (7) (36) (40) (1) (35 12) (16) (22) (10) (49) (21) (11) (23) (28) (27) (17) (41) (9 15) (20) (32) (42) (46) (5) (33) (6) 
2 (37) (31) (32) (48) (22) (18) (17) (42) (25) (39) (12) (38) (6 43) (30) (26 16) (11) (5) (7) (19) (21) (1) (10) (20 27) (4) (2) (46) (45) (49) (14) (29) (15) (28) (44) 
3 (40) (38) (12) (11) (35 28) (42) (41) (1) (49) (6) (29) (39) (19) (15) (2) (44) (20) (3) (27) (46) (25) (7) (48) (21) (43) (33) (22) (26) (24) (30) (10) (14 23) (9) (18) 
4 (50 18) (14) (43) (16) (26) (34) (42) (30) (32) (40 31 20) (13) (1) (47) (2) (33) (23) (25) (4) (27) (21 15) (17) (12) (44) (46 24 49) (48) (5) (11) (37) (22) (29) (6) (10) (7) (35) 
5 (29) (16) (30) (49) (3 50) (10 33) (45) (32) (38) (35 42) (28) (31) (47) (8) (37) (44) (18) (5) (11) (14) (20) (34) (17) (9) (24 27) (19) (13) (15 26) (22) (39) 
6 (38 32) (29) (31) (45) (1) (39) (28) (36) (27) (25) (15) (9) (41) (6) (48) (16) (26) (10) (23) (18) (42) (8) (19 47) (44) (43) (5) (11) (13) (40) (49) (3) (46) (24) (20) (12) (30) (34) (22) 
7 (25) (29) (37) (3) (28 27) (10) (45) (12) (32) (13) (36) (22 33) (39) (47) (11) (26) (18) (44) (17) (31) (7) (49) (42) (34 5) (15) (14) (48) (40) (19) (50) 
8 (3) (18) (8) (36) (33) (5) (19 15) (42) (48) (39) (35) (6) (21) (43) (23) (20) (29 22) (25 4) (10) (32) (38) (28) (40) (47) (12) (7) (37) (13) (41) (14) (1) (46) (9) (45) (17 31) 
9 (9 37) (50 27) (6) (1) (11) (16) (13) (17) (3) (25) (42) (2) (18) (49) (40) (34) (32) (26) (19) (21) (29) (10) (24) (8) (12) (14) (45) (23) (46) (30) (4) (28) (31) (5) (39) (7) (38) 
10 (36) (8) (22) (15) (21) (24) (19) (31) (7) (34) (28) (25) (30) (3) (23) (50) (26) (14) (17) (39) (10) (33) (32) (20) (11 9) (38) (1 16 43) (44) (27) (48) (18) (41) 
11 (8) (50) (30) (45) (15) (48) (47) (29 18) (7) (19) (4) (26) (49) (44) (14) (37) (9) (31) (36) (3) (33) (10) (16) (27) (17) (11) (13) (25) (38) (28 20) (2) (41) (34) 
12 (29 31) (34) (49) (50) (20) (46) (13) (45) (2) (16) (22) (14 23) (1 8) (39) (9) (44) (5) (41 6) (37) (30 7) (47) (19) (21) (25) (38) (15) (35 36) (3) (32) 
13 (7 48) (22) (28) (13) (36) (26 41) (42) (27) (16) (30) (33) (47) (31) (43) (3) (20) (39) (12) (46) (5) (19) (44) (2) (1) (45) (32) (37) (14) (6) (15) (34) (18) (21) 
14 (28) (29) (12) (18) (6) (30) (22) (44) (8) (5) (11) (23) (26) (14) (13 33) (36) (7) (37) (24) (39) (15) (17 9) (27) (43) (42) (45) (35) (40) (19) (41) (16) 
15 (42) (16) (27) (24) (10 49) (13) (46 1) (12) (48) (6) (5) (14) (32) (33) (41) (8) (4) (30 21) (39) (9) (28) (18) (31) (43) (15) (44) (25) (29) (20) (17) (38) (11) (3) (7) (45) (47) (34) 
16 (35) (28 3) (6 37) (33) (32) (47) (42 8 7) (17) (12) (24) (11) (39) (22) (14) (45) (5) (1) (13) (25 20) (46 50) (49 41) (18) (36) (4) (29) (23) (27) (26) (38) (48) (10) (21) (40) 
17 (18) (41) (36) (9) (31) (32) (12) (25) (28) (49) (11) (2) (43) (7) (35) (34) (14) (38) (23) (20) (15) (1) (27) (29) (24) (50) (8) (16) (21) (42) (4) (47) 
18 (50) (48) (41) (10) (40) (27) (46) (21) (8) (1) (23 42) (13) (25) (47) (34) (36) (26) (5) (45) (31) (12 33) (7) (3) (39) (24) (38) (19) (29) (16) (49) (9) (43) 
19 (6) (34) (7) (36) (48) (22) (47) (5) (43 8 13) (33) (40) (46) (14) (45 19 27) (32) (4) (12) (16) (42) (49) (44) (9) (50) (39) (30) (23) (18) (24) (3) (2) (41) (15) (26) (37) 
20 (19) (7) (9) (28) (32) (16) (31) (11 22) (29) (20) (5) (3) (4) (46) (15) (43) (40) (14 45) (44) (6 47) (18) (27) (2) (17) (1) (25) (30) (49 23 33) (12) (21) (38) (8) 
21 (39) (34) (16) (36) (38) (47) (13) (17) (49) (27) (12) (22 26) (41) (37) (45) (21) (33 15) (40) (7) (32) (3 30) (42) (11 43 25) (14) (50) (46) (29) (28) 
22 (39) (42 19) (25) (32) (43 41) (10) (21 37) (5 46) (23) (50) (31) (38) (36) (49) (27) (22) (17) (6) (29) (7) (18) (26) (47) (3) (44) (9) (14) (24) 
23 (18) (33 45) (8) (20) (22) (50) (11) (10) (28) (24 25) (29) (48 13 31) (17) (38) (35) (21) (42) (1) (32) (23) (40) (47) (37) (41) (19) (43) (27) (16) (5) (2) (3) (30) (9) (12) (6) (34) (7) 
24 (25) (33) (20) (50) (40) (34 30) (41) (2) (44) (12 36) (6) (42) (29) (26) (31) (1) (49) (16) (3) (7) (23) (35) (46) (15) (21) (9) (43) (17) (10) (28) (47) (45) (18) (8) (11) 
25 (34) (15) (35) (44 25) (3) (30) (43) (37) (50) (16 49) (24) (17) (40) (9) (21) (20) (19 18) (31) (26) (22) (29) (2) (45) (10) (5) (13) (46 11) (14) (12) (8) (33) (23 7) 
26 (41) (32) (1) (47) (14) (39) (33) (22) (12) (13) (28 10) (5) (24) (36) (20) (37) (6) (42) (23) (4) (38) (43 21) (29) (8) (16) (2) (50 18) (7) (11) (45) (27) (25) (26) (31) 
27 (36) (37) (8) (18) (42) (24) (28 3) (23) (10 40) (39) (47) (27) (45) (6) (19) (50) (11) (5) (48) (34) (15) (4) (22) (20) (35 2) (49) (32) (44) (38) (17) (29) 
28 (39) (1) (27) (34) (22) (12) (3) (30) (38) (29) (44) (16) (49) (43) (32) (36) (25) (19) (4) (46) (15 21) (48 42) (40) (28) (2) (35) (24) (37) (18) (17) (5) (14) (23 7) (31) (50) (9) (41) (26) 
29 (37) (42) (19) (6 9) (46) (43) (23 22) (40 21) (38) (45) (11) (36) (30) (29) (41) (28) (12) (34) (39 15) (10) (8) (47 31) (17) (32) (13) (35) (4) (1) (24) (49) (7) (18) (33) 
30 (28) (21) (31) (49) (13) (33) (37) (11) (1 5) (29) (16) (32) (19) (26) (38) (7) (23 36) (34 3) (24) (8) (2) (50) (9) (39) (20) (4) (25) (17) (10) (27 35) 
31 (31) (9) (27) (50 34) (23) (39) (15) (48) (29) (2) (41) (10) (18) (30) (49) (8) (40) (13) (12) (7) (36 28) (25) (35) (47) (11 45) (37 46) (3) (1) (4) (42) 
32 (46) (31) (28) (42) (23) (7) (37 49) (22) (41) (33) (35) (1) (19 44) (5) (10) (4) (21) (15 32) (36) (34) (47) (13) (40) (29) (18) (43) (27) (48) 
33 (28 11) (17) (39) (14) (9) (43) (26) (16) (36) (1) (10 44) (46 47) (33) (22) (35) (27) (21) (25) (19 24) (8) (18) (15 42) (12) (20) (2) (31) (29) 
34 (34) (2) (1) (27) (17) (12) (38) (21) (32) (29) (40 5) (45) (36 6) (35) (46) (30) (20) (39) (16) (11 28) (24) (25) (48) (49) (10) (50) (18 14) (23) (42) (33) (8) (41) (15) (37) (7) 
35 (24) (14) (29) (32) (31) (15) (50) (6) (25) (5) (17) (37) (7) (43) (40) (19) (13) (42 27) (41) (47) (26) (45) (46) (18) (12) (10) (49) (38 36) (33) (9) (28) (34) (2 1) (48) 
36 (4) (28) (9) (6) (18) (25) (50) (24) (42) (41) (40) (15) (7 43) (12) (22) (46) (1) (39) (36) (8) (47) (3) (49) (34) (20) (14) (5) (19) (10) (26) (11 38) (17) 
37 (27) (32) (44) (30) (31) (6) (1) (50) (37) (26) (21) (2) (14) (41 11) (17) (10) (13) (49) (40) (43) (42) (4) (16) (33) (20) (7) (8 35) (45) (12) (28) (15) (38) (39) (5) (47) 
38 (17 31) (13) (22) (35) (34) (4) (41) (23) (2) (8 44 45 47) (46) (12) (39) (16) (25) (27) (24) (19) (10) (5) (30 3 26) (18) (6) (43) (49) (1) (21) (42) 
39 (40) (32) (6) (49 9) (13) (24) (21 29) (10) (3) (8) (4) (2) (15) (44) (36) (31) (19) (16) (14 25) (1) (33) (38) (27) (26 37) (39) (22) (46) 
40 (40 20) (48) (8) (29) (47) (7) (24) (19) (27) (2) (22) (25) (28) (36) (21) (11 38) (39) (42) (30 43) (49 32) (3) (10 14) (18) (9) (5) (50) (45) (15) (37 1) (33) 
41 (17 18) (7) (37) (50) (39) (2 4) (1) (31) (47) (8) (27) (25) (24) (45) (32) (11) (30) (43 5) (42) (29) (21) (3) (15) (6) (41) (10) (9) (35) (22) (14) (36) (16) (20) (38) (34) (19) (26) (12) (28) 
42 (39) (18) (1) (50 5) (10) (40) (34) (3) (20) (9) (25) (12) (2) (30) (29) (48) (46) (31) (7) (32) (38 15) (49) (19) (26) (42) (11) (45) (4) (23) (13) (14) 
43 (16) (3) (26) (22) (18) (1) (46) (28) (30) (11 36) (19) (8 29) (40) (24) (32) (21) (43 27) (25 48) (7) (45) (37) (42 31) (12) (2) (49) (23) (9) (15) (39) (6) (5) (4) 
44 (36) (7) (26) (15) (35) (16) (10) (41) (9) (20) (34) (44) (45) (2) (29) (1) (49) (19) (42) (25) (22) (11) (12) (43) (48) (50) (28) (23) (14) (13) (5) (38 39) (27) (46) (40) (30) (24 32) 
45 (31) (11) (48) (24) (14) (32) (30) (15) (16 6) (3) (37 49) (45) (40) (1) (47) (5) (38) (27) (12) (7) (2) (26) (22) (33) (9) (41) (35) (18) (50) (13) (23) (34) (21) (46 39) 
46 (36) (32) (11) (1) (22) (14) (18) (37) (6) (10) (21) (5) (47) (34) (3) (13) (8) (29) (41) (39) (31) (38) (16) (25) (45) (26) (24) (12) (49) (33) (17) (23) (19) (7) (2) (15) (4) (42 20) 
47 (11) (33) (35) (20) (45) (26) (50) (19) (49) (31) (47) (5) (27) (38) (1) (13) (48) (46) (15) (12 28) (14) (21) (32) (30) (41) (2) (9 16) (18 25) (17) (3) (34) (10) (24) (36) (39) 
48 (25) (31) (45) (5) (44) (37) (22) (15) (36) (29) (43) (1) (18) (41) (12) (3) (38) (19) (20 6) (48) (13) (33) (7) (9) (16) (21) (27) (46) (34) (2) (35) (10) (28) (23) (4 32) (42) 
49 (15 32) (36) (19) (9) (43) (50) (3 10) (46) (1) (27) (35) (44 30) (23) (34) (20) (45) (12 6) (48) (28) (38 26) (17) (40) (39) (5) (8) (13) (49) (21) (4) (41) (33) 
50 (25) (15) (12) (36) (31) (49) (11) (1) (42 27) (19) (43) (23 37) (34) (8) (2) (24) (33) (3) (10) (38 16) (32) (13) (18) (47) (35) (26) (22) (9 7) (5) 
1 (32) (48) (29) (36) (46) (9) (33) (10) (31) (20) (30) (8) (18) (13) (39) (34) (45) (37) (4) (43) (12) (41) (1) (6) (47) (15) (16) (2) (3) (40) (50) (26 42) (23) (17) (35) (49) (28) (38) (44) (24) 
2 (23) (46) (33) (2) (47) (24) (30) (3) (40) (45) (34) (17) (20) (31) (37) (35) (41) (19) (4) (43) (50) (26) (27) (28) (39) (9) (13) (38) (25) (11) (48) (12) (44) (42) 
3 (9) (21) (31) (5) (25) (49) (11) (24) (18) (47) (7) (45) (6) (39) (46) (20) (48) (19) (28) (36) (27) (23) (1) (42) (22) (8) (13) (3) (43) (30) (12) (16) (38) (50) (15) (41) (10) (40) 
4 (4) (19) (31) (15) (42) (38) (27) (26) (29) (9) (1) (39) (11) (41) (43) (49) (30) (37) (48) (16) (2) (20) (8) (17) (28) (32) (36) (46) 
5 (35) (34) (15) (30) (26) (18) (28) (12) (16) (22) (47) (23) (6) (38) (49) (32) (19) (48) (37) (50) (36) (42) (44) (40) (41) (8) (4) (25) (1) (43) (46) (7) (45) (20) (13) (2) (5) (27) (14) (9) 
6 (38) (9) (41) (8) (39) (24) (37) (34) (14) (23) (22) (4) (45) (16) (13) (36) (2) (12) (3) (48) (29) (20) (6) (1) (19) (49) (43) (26) (27) (46) (35) (15) 
7 (14) (37) (1) (2) (7) (45) (29) (19) (46) (18) (16) (15) (35) (12) (36) (30) (17) (4) (11) (24) (10) (32) (3) (8) (25) (20) (13) (42) (48) (43) (9) (23) (41) (31) (40) (22) (28) (34) (26) (50) (21) (44) 
8 (34) (19) (43) (17) (49) (25) (27) (41) (9) (23) (10) (40) (26) (29) (20) (16) (31) (8) (50) (11) (33) (24) (6) (12) (18) (37) (5) (30) (15) (38) (14) (39) (46) (36) 
9 (17) (31) (30) (44) (28) (5) (41) (20) (49) (22) (12) (42) (43) (40) (1) (33) (19) (9) (6) (47) (23) (35) (48) (10) (39) (15) (14) (24) (45) (50) (3) (36) (25) (29) (8) (11) (18) 
10 (31) (4) (10) (6) (18) (15) (49) (3) (29) (24) (41) (5) (37) (38) (32) (1) (42) (30) (25) (46) (16) (23) (44) (26) (7) (39) (2) (8) (47) (48) (36) (40) (27) (50) (35) (22) (9) (33) (11) (34) 
11 (14) (3) (10) (47) (21) (31) (42) (45) (6) (1) (30) (15) (36) (41) (9) (44) (33) (40) (46) (27) (29) (11) (26) (7) (16) (50) (24) (17) (23) (2) (37) (4) (34) (43) (20) (25) (5) 
12 (17) (48) (43) (49) (21) (3) (36) (50) (1) (13) (8) (41) (28) (46) (29) (33) (6) (31) (35) (26) (4) (18) (19) (42) (45) (34) (14) (25) (9) (47) (20) (16) (23) (38) (44) (24) (15) (7) (37) (2) 
13 (38) (30) (14) (26) (16) (39) (1) (46) (6) (42) (50) (25) (44) (48) (31) (13) (12) (32) (7) (4) (49) (18) (47) (45) (8) (37) (29) (9) (21) (23) (35) (15) (19) (11) (5) 
14 (35) (26) (25) (33) (19) (5) (47) (36) (37) (11) (1) (41) (14) (12) (4) (8) (42) (22) (9) (2) (46) (28) (44) (39) (40) (17) (13) (3) (10) (7) (16) (15) (20) (34) (21) (45) 
15 (7) (27) (21) (17) (1) (42) (46) (37) (49) (12) (2) (10) (28) (47) (44) (34) (5) (4) (31) (6) (24) (3) (11) (13) (29) (14) (15) (20) (33) (32) (48) (40) (50) (43) (36) (8) (45) (25) (41) (19) (35) (39) 
16 (48) (30) (13) (44) (19) (45) (20) (2) (47) (28) (38) (34) (18) (23) (4) (5) (6) (11) (15) (39) (12) (43) (21) (10) (9) (50) (41) (14) (37) (1) (33) (26) (25) (17) (46) (24) 
17 (36) (2) (22) (23) (30) (4) (46) (27) (47) (21) (10) (25) (16) (15) (37) (28) (24) (41) (34) (20) (35) (29) (33) (1) (9) (7) (14) (8) (11) (5) (38) (49) 
18 (17) (4) (8) (10) (5) (14) (45) (48) (6) (27) (20) (13) (31) (9) (19) (23) (22) (50) (34) (41) (7) (28) (16) (24) (46) (42) (38) (47) (32) (25) (2) (43) (26) (29) (33) (36) (35) (40) (15) (11) (3) 
19 (48) (20) (40) (3) (5) (39) (38) (33) (11) (7) (28) (9) (50) (35) (12) (14) (42) (27) (36) (6) (46) (25) (19) (22) (44) (18) (43) (23) (41) (29) (47) (2) (49) (8) (30) (32) (10) (13) 
20 (1) (2) (44) (6) (12) (48) (17) (41) (11) (15) (16) (8) (25) (20) (13) (46) (27) (36) (4) (5) (42) (49) (23) (34) (40) (47) (30) (33) (26) (24) (37) (10) (3) 
21 (23) (38) (49) (46) (37) (21) (29) (8) (39) (26) (1) (32) (45) (20) (30) (2) (3) (34) (47) (4) (17) (48) (22) (25) (33) (10) (24) (40) (28) (12) (16) (41) (18) (13) (15) (43) (9) 
22 (23) (22) (39) (2) (36) (1) (38) (32) (43) (26) (33) (8) (14) (29) (21) (7) (4) (3) (50) (27) (16) (10) (40) (20) (48) (12) (46) (13) (25) (28) (6) (19) (44) (5) (45) (41) 
23 (3) (6) (1) (22) (12) (31) (4) (49) (18) (42) (50) (26) (46) (14) (43) (34) (45) (9) (28) (17) (10) (29) (19) (27) (30) (44) (24) (16) (20) (25) (38) (32) (8) (48) (23) 
24 (28) (19) (3) (26) (34) (18) (15) (39) (30) (9) (14) (36) (16) (40) (43) (41) (46) (29) (23) (44) (38) (22) (35) (45) (17) (5) (4) (6) (47) (10) (25) (50) (33) (27) 
25 (22) (50) (25) (40) (34) (3) (15) (9) (11) (4) (6) (23) (43) (17) (24) (31) (41) (48) (39) (8) (42) (33) (28) (12) (2) (26) (18) (36) (10) (16) (38) (44) (30) (20) (47) (35) (46) (21) (7) 
26 (33) (21) (22) (42) (43) (46) (9) (49) (45) (19) (26) (14) (36) (50) (6) (37) (1) (11) (3) (2) (4) (38) (5) (25) (7) (13) (39) (16) (30) (18) (24) (41) (28) (47) (35) (44) (10) 
27 (9) (14) (19) (45) (3) (48) (22) (26) (38) (50) (6) (2) (20) (30) (37) (43) (16) (21) (27) (10) (1) (18) (39) (49) (5) (35) (32) (28) (31) (34) (4) (40) (7) (17) (11) (33) (15) (13) (23) (47) (41) (44) 
28 (32) (8) (37) (41) (36) (2) (34) (26) (16) (14) (13) (28) (33) (31) (30) (7) (23) (6) (17) (20) (5) (10) (48) (27) (43) (35) (29) (11) (21) (1) (40) (47) (15) (49) (44) (3) (24) (9) 
29 (32) (23) (15) (35) (21) (24) (31) (44) (33) (42) (39) (25) (5) (46) (14) (29) (18) (34) (3) (22) (26) (16) (40) (48) (17) (20) (6) (9) (4) (28) (30) (27) (7) (8) (41) (2) (11) (12) (43) 
30 (21) (28) (4) (31) (34) (29) (24) (11) (15) (44) (20) (10) (45) (42) (40) (23) (5) (12) (43) (38) (2) (14) (41) (6) (37) (19) (3) (47) (49) (25) (13) (9) 
31 (32) (23) (24) (33) (17) (39) (45) (4) (38) (31) (15) (13) (46) (29) (30) (7) (5) (43) (47) (50) (18) (37) (9) (6) (35) (25) (20) (8) (28) (26) (42) (10) (1) (12) (22) (11) (48) (2) (41) 
32 (35) (26) (17) (47) (10) (40) (37) (32) (12) (9) (48) (45) (8) (16) (49) (29) (41) (30) (39) (46) (5) (27) (19) (4) (50) (42) (6) (43) (44) (13) (28) (20) (21) (2) (34) (22) (7) (23) (15) (1) 
33 (4) (21) (18) (49) (19) (5) (16) (3) (34) (13) (24) (7) (50) (15) (32) (10) (40) (20) (11) (26) (1) (45) (14) (37) (25) (29) (48) (8) (35) (33) (23) (39) (30) (47) (46) 
34 (12) (15) (7) (29) (45) (44) (31) (32) (25) (48) (34) (23) (5) (19) (27) (49) (50) (41) (36) (35) (6) (10) (13) (46) (11) (38) (42) (28) (24) (4) (17) (9) (47) (30) (21) (18) 
35 (23) (5) (24) (33) (37) (16) (12) (49) (48) (34) (41) (47) (25) (27) (38) (29) (32) (3) (50) (17) (4) (1) (30) (28) (44) (14) (8) (31) (45) 
36 (13) (48) (30) (32) (39) (8) (28) (31) (41) (36) (29) (44) (40) (16) (47) (14) (17) (24) (46) (1) (6) (12) (33) (43) (26) (18) (21) (22) (35) (49) (11) (19) (7) (27) (34) (10) (50) 
37 (21) (12) (22) (50) (23) (11) (28) (2) (25) (27) (16) (26) (31) (8) (4) (30) (29) (32) (7) (9) (40) (45) (5) (43) (41) (13) (35) (48) (39) (46) (34) (14) (37) (19) 
38 (10) (37) (29) (41) (16) (40) (30) (42) (47) (45) (3) (48) (27) (8) (6) (9) (49) (50) (34) (12) (23) (28) (46) (36) (35) (18) (26) (5) (22) (20) (11) (2) (21) (44) (17) (39) (15) 
39 (33) (21) (12) (31) (46) (42) (16) (14) (7) (2) (15) (19) (27) (22) (49) (10) (43) (8) (13) (18) (39) (30) (26) (28) (37) (3) (44) (38) (45) (29) (47) (34) (36) (5) (6) (9) (40) (41) 
40 (9) (44) (3) (19) (27) (39) (24) (6) (18) (49) (42) (25) (34) (35) (29) (37) (28) (23) (31) (4) (1) (7) (8) (32) (21) (20) (43) (36) (45) (16) (14) (40) 
41 (26) (41) (32) (16) (3) (17) (12) (22) (10) (1) (35) (34) (38) (14) (24) (36) (37) (19) (44) (11) (45) (29) (18) (8) (49) (6) (21) (28) (47) (31) (48) (23) (15) (46) (13) 
42 (19) (28) (41) (24) (23) (1) (8) (15) (32) (42) (44) (33) (21) (35) (22) (40) (37) (31) (18) (46) (4) (48) (9) (36) (17) (2) (6) (29) (34) (50) (3) (7) (13) (43) (5) (26) (38) (27) (14) (16) 
43 (22) (3) (29) (15) (40) (33) (38) (14) (1) (35) (8) (18) (32) (43) (6) (37) (26) (24) (25) (49) (13) (23) (50) (41) (21) (4) (36) (10) (48) (44) (28) (2) (19) (20) (17) 
44 (49) (13) (14) (1) (11) (37) (28) (44) (7) (5) (6) (2) (10) (15) (20) (12) (33) (38) (27) (4) (24) (32) (19) (22) (48) (25) (39) (3) 
45 (7) (47) (21) (18) (20) (9) (23) (5) (14) (6) (16) (24) (15) (37) (27) (48) (11) (40) (31) (49) (8) (45) (29) (35) (44) (19) (34) (12) (13) (1) (25) (2) (38) (41) (26) (42) (43) (46) 
46 (39) (49) (15) (44) (28) (25) (38) (9) (43) (47) (2) (31) (48) (20) (32) (13) (19) (1) (4) (34) (42) (21) (36) (45) (6) (12) (16) (18) (22) (33) (35) (24) (3) (29) (8) 
47 (23) (46) (45) (16) (47) (29) (26) (31) (35) (20) (21) (19) (4) (24) (50) (37) (8) (27) (38) (22) (1) (15) (7) (18) (41) (40) (11) (6) (12) (32) (36) (33) (17) (13) (5) 
48 (10) (7) (6) (34) (15) (27) (4) (18) (45) (3) (44) (47) (23) (35) (28) (32) (40) (42) (16) (13) (1) (11) (19) (43) (31) (8) (2) (49) (48) 
49 (9) (20) (6) (5) (35) (27) (21) (47) (4) (11) (1) (28) (29) (49) (15) (44) (36) (17) (22) (18) (25) (37) (42) (3) (24) (43) (32) (12) (2) (46) (38) (39) (31) (30) (50) (16) (7) (40) (19) (34) (45) 
50 (30) (9) (23) (37) (36) (28) (11) (41) (4) (10) (40) (42) (44) (16) (25) (17) (45) (21) (7) (19) (26) (49) (5) (18) (47) (31) (22) (27) (12) (35) (24) (34) 
