0
50
50
1 (24) (19) (11 40) (47) (10) (15) (27 46) (38 2) (26 30 50 35) (31) (7) (49) (33) (18) (25 28) (16 43 48) (39) (29 42) (22) (41) (23) (4) 
2 (18) (46) (23) (5 15) (11 27 22 28) (41 26 13) (2) (29 31) (17) (30) (39) (37) (19) (20 9) (49 25) (12) (7) (38) (32) (4) (16 47 6) (8) (10) 
3 (20) (13) (2) (15) (47) (18) (23) (3) (31 34 26 7) (30) (11) (24) (10) (32) (48) (22) (45 44) (5) 
4 (46) (47 23) (2) (50 40 31) (21 27) (5 36) (32) (18) (45) (43) (15) (33) (35) (6 24 13) (26) (28) (1) (42 4) (44 39) (7) (19) (9 14 38) 
5 (20) (29) (41) (49) (17) (3) (37) (44 7 13) (9) (46) (11) (12) (24 38) (40) (4) (32) (2 35) (28 14) (21) (1 23) (10 43) (30) (39) (25 50 27) 
6 (14 50) (41) (1 27) (23) (34) (16) (3) (29) (20) (49 46 8) (11) (39) (36) (28) (2) (44) (37) (33) (31 10) (17) (4 5 32) 
7 (15) (8) (37) (43) (32 47) (49) (1) (3) (42) (2) (7 39) (9) (36) (17) (24 4 13 34) (29) (40 28) (5 23 45) (22) (30) (48) (46) (26) (20) 
8 (49) (2) (28) (6) (9 39) (12) (32 7) (26) (45) (29) (31) (3) (5 44) (15) (10 22 47) (8) (23) (20 19 4) (18 36 46) 
9 (5 7 2 17) (8) (48) (22) (20) (47 11) (33) (39) (23) (49) (50) (30) (42) (25) (4) (44) (46) (32) (12) (1) (40) (31) (38 9 27) (24) (26) (34) (10) 
10 (5) (36) (9) (38 34) (33) (29) (24) (1 41) (32) (23) (49) (26) (15) (11) (8) (22) (7) (35) (37) (19) (30) (3) (14) (46) 
11 (27) (9 41) (23 8) (3) (7 12) (35) (48) (14 49) (37) (21) (2) (30) (26 5) (45 36) (39) (32) (33 28 50 22) (6) (38) (34) (1) (43) 
12 (30 1 49 6) (32) (23) (38 2) (13 21 4) (33) (36) (29 16 42) (40 17) (45) (8) (48) (7) (25) (27) (11 5 14) (41 43) (44) (28) 
13 (28) (29 26) (31) (10) (27 3) (17 30 8) (36) (50) (5) (18 15) (23) (16) (42) (38 45) (20) (35) (37 32) (7) (6) (49) (48) (24) 
14 (38) (36) (44) (33) (16) (9) (31) (3 23) (39 27) (45) (14) (40 41) (24 5) (6) (21) (17 48) (11 19) (26) (12) (1 43 49) (34) 
15 (6) (19 33) (14) (21) (45 16) (2) (40) (30) (4) (23) (20 36 47 5) (10) (35 3) (15) (29) (27) (28) (9 7) (48) (24) (13) (32) (18) (11) (50) 
16 (25) (45) (43) (28 48 11) (41) (24) (32 10) (30 2) (16) (26) (49) (42) (40) (5) (18) (47 36) (6) (21 50) (37) (23) (4 34) (1 9) 
17 (6 19) (16) (28 29) (3) (49 30 34) (33) (11) (4 20) (39) (25 44 21) (10 8) (27) (13) (1) 
18 (50) (15) (4) (40) (8) (39 10) (21) (35) (44 30) (9) (43) (7) (12 18) (25) (46) (48) (13) (47 20) (3 24) (36 32) (28) (22) (42) (17 23) (16 49) (5) 
19 (10 34 25) (48) (13 43) (49 14) (6) (38) (5) (16) (22) (12) (32) (3) (21) (28) (2) (33) (31 29 50) (4) (11) (23) 
20 (43) (41) (21 34) (45) (19) (32) (3) (8) (7 5) (22 39) (16 10) (50 28) (6) (26 13) (24) (4) (30) (38) (48) (14) 
21 (1) (20 4) (14) (46 39 23) (10 29) (35) (26) (11 13) (28) (49) (2) (8) (5 21 47) (6) (15) (9) (30) (42) (34 33) (50) (44 18) (3) (36) (48) (32) (41 7) (43) 
22 (37) (1) (16 34) (15 41) (45) (17) (50 24) (3) (38) (2) (27) (12 35) (5) (43) (21) (19) (48) (46 14) (36) 
23 (41) (17) (16) (7 48) (1) (32) (10 30) (31) (24) (35 40) (5) (2) (23) (29) (39) (11) (28) (47) (12) (25) (3) (18) (49) (45) 
24 (24) (15) (47) (2) (1 27) (35) (36) (13 45) (22) (9) (16) (8) (19) (41) (10 38) (21) (12) (30) (26) (42) (25) (20 23) (44) (39) 
25 (10) (27) (2 26 18 30 44 35) (14 11) (19) (17) (46) (5 22) (15) (40) (31) (43 7) (45) (21) (6) (28) (38 16) (48 39 4 24) (20) (34) (33 49) 
26 (47) (14 7 11) (8) (17) (26) (15) (10) (27) (28 44) (5) (2) (16 31 24) (41 23) (48 18) (42) (35 12) 
27 (14 13 1) (7 41 9) (22 5 27) (2 4 29) (34) (38) (43 26) (12) (3) (35) (28) (16) (8 47) (23) (24) (6 40 30) 
28 (24) (14) (13) (1) (41) (46) (20) (47) (6) (11) (27 25) (39) (23) (32) (48) (45) (28) (37) (26) (33 19 40 21) (49) (9) (30) (5) 
29 (1) (49) (24) (9 30) (6 11 8) (28) (19 34) (46 7) (40 43) (37 23 31 20) (41) (26) (33) (22) (35 47) (17) (45) (2) (29) (25 4) (44) (48) (14) 
30 (19) (30 48) (6) (4) (7) (46) (38 22) (50 23 8) (42 49 47 41) (25) (17 28 13) (1 36) (20) (43) 
31 (11) (31) (9) (3) (1) (27 38) (44 40) (12) (23) (34) (25) (49) (21 32) (18) (17) (2) (41) (50 22) (39) (47) (7) (46) (24) (28) (48) (6 30 14) (13) 
32 (41) (20) (15) (8) (44) (12 19) (7 34) (22) (21 38) (2) (28) (3) (26) (33 48) (23 10 45) (40) (11) (18 49) (25 39) (13) (6 5 42 14) 
33 (46) (3) (35 20) (21) (50) (5) (19) (22) (33) (24 42) (4) (43) (41) (23 48 15) (34) (27) (14) (31) (13) (37) (25) (9 47) (6 38 44) (45 1) (29 36 11) (49) 
34 (47) (2 6 38) (33) (13) (19) (41) (39) (14 36 26) (11) (48) (46) (20) (24) (3) (5) (17 23) (1 34 45) (10) (35 15) 
35 (23 38) (4) (41) (5 40) (16) (11) (35) (28) (13) (46 21) (27 26) (30 19) (42) (45) (43) (6) (34) (1) (36 12) (50) (31) (39) 
36 (46) (1) (35) (31) (3 13) (43) (23) (2) (16) (24) (39) (12) (11) (25) (6) (18) (34 14) (38) (10) (49) 
37 (20) (30) (26 45 38) (35) (50) (32 9) (4) (16) (43 39 24) (47) (18) (48 44) (12) (46 27) (19 17) (1) (28) (11) (40) 
38 (9) (8) (50) (6 45) (34 42) (4) (20) (43 13) (35 11) (18) (2 22 49) (14 7 40 36) (12 37) (24) (39) (41) (46) (29 10) (3) (21) 
39 (10) (17 35 9 50) (6 46) (3 32) (1) (19) (45 31) (25) (22) (12 34) (24 18) (33 49) (2) (38) (16 4 26 29) (27) (5) 
40 (48) (34 44) (12 28) (17 40 37) (27) (22 16 38) (45) (25) (7) (35) (39) (14) (41) (42) (47 31) (23) (24) (10) (1) (15) (3) (43) 
41 (50 22) (1) (14) (33) (43 36) (4) (5) (25) (34) (44) (30) (17 6) (8) (40 41) (47) (45) (46) (26) (13 32) (48) (12 16) (11 31) (23) 
42 (15 35) (29) (42) (43) (12 37) (20) (27) (1) (17 50) (41) (16 11) (30) (19) (45) (33 26) (21) (34) (49 23 44) (40) (18) (8) (48) (10) (13) 
43 (5) (24) (11) (3) (33 46) (43) (16) (13) (7) (1 30) (2) (32 4) (10) (19) (17) (25) (35) (9) (34) (42) (20) (18) (8) (29) (39 37) 
44 (37) (42) (49) (9) (13) (18) (17 43) (50) (30) (45) (16 32) (12) (14) (24) (6) (8) (15) (36 4 34 22) (20) (46 25) (35) (33) (11 48) (10) 
45 (14) (8) (18 24) (6) (39) (42) (2) (11) (31) (41) (40) (48 38) (7) (23 20 46) (1 28) (47 32 22) (30) (27) (26) (36 44) (4) (17) (16) (5) 
46 (2 39 37) (31) (45) (9 47) (50 11) (22) (46) (17 21) (16) (34) (44) (5) (25) (41) (12 30 8) (19 24) (26 14) (20) 
47 (43) (2 31 6) (30) (21) (9) (48) (11 49) (47 5 46) (4) (17 32) (35 41) (44) (23) (26) (12 38) (7 37 36) (29 13) (24) (1) (34) 
48 (49) (35) (39) (32 30) (6) (27) (20) (23 38) (26) (9 3) (21) (11 5) (12) (14) (17) (16) (25 10) (45) (37) (34) (1 48 15) 
49 (18) (7) (40 39 24 19 9) (26) (27 38 1 47) (15) (44 33 6) (35) (25) (46 41) (50) (17) (16 45 8) 
50 (28 50) (2) (16 39 19) (7) (14) (48 32) (20) (1) (24 36) (9) (22) (10 27 26) (13) (31 8) (17) (6) (49) (43) (45) (30) (23) (47 18) (34) (33) 
1 (21) (6) (22) (17) (23) (34) (5) (14) (12) (40) (9) (10) (36) (41) (30) (37) (27) (11) (39) (43) (35) (31) (48) (47 49) (50 16) (45 7) (29) (4) (28) (33) (42) (24) 
2 (23) (9) (11) (12) (34) (1) (46) (45) (7) (50) (24) (15) (36) (6) (16) (19) (39) (8) (4) (43) (38) (25) (47) (27) (22) (3) (21) (29) (31) (26) (2) (32) (5) 
3 (38) (15) (6) (21) (19) (8) (31) (32) (23) (11) (39) (14) (3) (43) (7) (20) (10) (17) (48) (34) (27) (40) (22) (33) (36) (13) (18) (5) 
4 (8) (17) (2) (19) (27) (44) (20) (16) (29) (4) (6) (25) (12) (5) (30) (39) (1) (47) (41) (45) (18) (15) (21) (37) (38) (35) (43) (7) (33) (9) 
5 (28) (41) (25) (39) (14) (47) (19) (34) (43) (23) (9) (6) (4) (22) (27) (15) (20) (2) (48) (12) (45) (33) (7) (35) (11) (26) (18) (10) (3) (8) (46) (13) (16) (21) (32) 
6 (50) (4) (35) (36) (32) (8) (39) (20) (34) (14) (31) (29) (17) (25) (41) (49) (48) (11) (47) (13) (38) (45) (21) (12) (28) (30) (2) (16) (33) (15) (44) (27) (19) 
7 (10) (27) (20) (21) (23) (47) (30) (40) (3) (26) (29) (11) (18) (12) (15) (7) (9) (50) (5) (31) (43) (45) (1) (38) (4) (49) (13) (25) (32) (2) (8) 
8 (7) (38) (24) (18) (49) (30) (11) (21) (27) (45) (43) (41) (2) (20) (42) (8) (26) (32) (46) (44) (50) (13) (17) (10) (9) (6) (29) (12) 
9 (2) (38) (39) (24) (7) (31) (4) (9) (15) (33) (10) (48) (29) (11) (8) (49) (43) (50) (14) (5) (27) (46) (44) (21) (18) (37) (16) (47) (28) 
10 (25) (44) (6) (3) (1) (43) (13) (19) (21) (16) (24) (20) (23) (34) (17) (32) (48) (5) (26) (9) (8) (36) (42) (15) (18) (39) (38) (40) (2) (50) 
11 (42) (47) (1) (6) (9) (32) (2) (38) (29) (36) (15) (34) (26) (10) (23) (17) (44) (16) (43) (25) (45) (41) (35) (33) (31) (37) (21) (14) (48) (5) (28) (12) (19) (46) (3) 
12 (9) (22) (2) (31) (32) (19) (41) (35) (36) (47) (44) (8) (46) (27) (38) (37) (40) (39) (48) (5) (23) (42) (24) (26) (11) (14) (18) 
13 (15) (43) (7) (24) (20) (17) (18) (2) (47) (19) (41) (21) (5) (34) (44) (50) (32) (4) (12) (36) (35) (33) (30) (31) (3) (27) (38) (28) (42) 
14 (14) (34) (19) (46) (11) (41) (20) (12) (33) (22) (21) (10) (26) (38) (36) (32) (28) (44) (48) (50) (25) (27) (5) (40) (6) (15) (29) (31) (4) (45) 
15 (44) (2) (34) (22) (48) (3) (25) (32) (33) (15) (18) (49) (1) (26) (24) (21) (4) (8) (40) (7) (42) (10) (13) 
16 (24) (22) (12) (48) (18) (43) (45) (40) (42) (37) (39) (26) (49) (25) (15) (6) (19) (1) (35) (23) (14) (50) (46) (41) (17) (44) (36) (27) (13) (20) (2) (16) 
17 (39) (47) (46) (37) (12) (50) (49) (45) (23) (18) (5) (41) (26) (34) (9) (30) (6) (13) (43) (31) (40) (48) (44) (42) (2) (7) (25) (22) (14) (29) 
18 (38) (2) (4) (49) (26) (15) (50) (32) (25) (16) (1) (44) (43) (21) (45) (13) (31) (3) (36) (42) (37) (39) (23) (8) (18) 
19 (28) (22) (17) (10) (30) (2) (35) (50) (1) (43) (20) (8) (24) (37) (33) (29) (4) (14) (34) (39) (42) (32) (46) (25) (15) (49) 
20 (38) (34) (48) (44) (3) (32) (13) (30) (25) (28) (15) (2) (18) (46) (37) (5) (50) (29) (8) (33) (24) (17) (7) (21) (45) (6) (9) (43) (42) 
21 (25) (5) (11) (33) (21) (46) (12) (22) (31) (47) (38) (42) (4) (17) (20) (24) (19) (16) (35) (32) (14) (15) (18) (48) (28) 
22 (8) (29) (32) (2) (39) (11) (20) (24) (1) (27) (7) (45) (44) (33) (46) (30) (3) (19) (31) (50) (41) (10) (18) (40) (9) (38) (25) 
23 (41) (14) (3) (10) (40) (15) (5) (8) (6) (29) (32) (21) (11) (23) (42) (18) (34) (4) (13) (47) (16) (28) (7) (26) (9) (31) (30) (1) (12) (33) (27) (48) (19) (36) (24 45) (50 2) (35) 
24 (20) (26) (9) (33) (47) (10) (4) (45) (18) (7) (25) (15) (1) (28) (37) (40) (27) (36) (14) (39) (23) (44) (38) (50) (31) (43) (3) (24) (46) (5) (49) (16) (29) (13) (34) (22) 
25 (19) (41) (12) (39) (1) (49) (17) (46) (48) (31) (23) (16) (18) (44) (9) (36) (32) (24) (28) (5) (40) (2) (43) (30) (33) (29) 
26 (7) (32) (13) (21) (37) (16) (41) (20) (46) (34) (8) (29) (2) (48) (28) (45) (47) (49) (9) (25) (42) (39) (3) (1) (27) (14) (26) (24) (35) (4) (50) (11) (10) 
27 (9) (6) (5) (45) (40) (24) (27) (28) (13) (31) (25) (49) (2) (37) (12) (35) (42) (22) (1) (15) (39) (48) (17) (14) (26) (33) (50) (4) (11) 
28 (4) (18) (2) (29) (13) (45) (40) (6) (8) (27) (50) (17) (19) (26) (7) (5) (16) (12) (28) (30) (37) (1) (11) (20) (21) (35) (23) (15) (32) (31) (25) 
29 (1) (13) (39) (23) (33) (2) (8) (21) (47) (19) (5) (38) (12) (7) (27) (15) (43) (6) (42) (10) (17) (29) 
30 (9) (15) (29) (1) (41) (25) (16) (7) (23) (24) (47) (46) (43) (28) (44) (11) (20) (31) (30) (10) (48) (18) (35) (17) (50) (21) (27) (12) (45) (5) (42) (2) (37) (3) (13) 
31 (3) (40) (29) (39) (19) (9) (31) (26) (6) (4) (41) (8) (25) (46) (45) (47) (35) (50) (36) (2) (23) (33) (14) (1) (13) 
32 (3) (37) (31) (20) (18) (9) (23) (10) (12) (41) (7) (5) (11) (8) (13) (45) (50) (21) (48) (47) (44) (19) (2) (15) (39) (43) (28) (6) (4) (16) 
33 (17) (41) (6) (29) (42) (1) (39) (43) (34) (9) (21) (49) (28) (19) (11) (12) (50) (4) (33) (10) (15) (44) (14) (32) (25) 
34 (29) (44) (41) (6) (35) (42) (31) (20) (11) (25) (48) (17) (16) (7) (27) (19) (32) (46) (14) (38) (50) (22) (34) (33) (10) (40) (21) (36) (9) (43) (39) (47) (3) 
35 (1) (35) (39) (27) (48) (43) (40) (21) (26) (47) (4) (33) (49) (25) (29) (15) (10) (22) (18) (44) (11) (37) (23) (13) (5) (36) (42) (24) (38) (34) 
36 (34) (30) (41) (22) (11) (50) (14) (13) (44) (10) (47) (6) (4) (24) (12) (38) (8) (33) (7) (35) (21) (45) (15) (18) (16) 
37 (46) (2) (33) (10) (47) (44) (40) (13) (16) (29) (22) (28) (43) (6) (48) (7) (42) (5) (11) (38) 
38 (49) (5) (36) (20) (25) (31) (48) (11) (37) (34) (13) (30) (12) (47) (22) (10) (39) (2) (45) (32) (35) (27) (9) (1) (19) (40) (4) (24) (14) (33) 
39 (43) (32) (40) (37) (34) (18) (8) (6) (5) (48) (4) (2) (11) (21) (9) (31) (7) (1) (38) (45) (20) (28) (14) (23) (46) (17) (25) (35) (50) (49) (24) (36) 
40 (14) (15) (38) (7) (1) (42) (12) (28) (16) (9) (4) (18) (32) (40) (45) (29) (31) (5) (23) (25) (27) (49) (35) (37) (41) 
41 (32) (21) (24) (11) (35) (47) (10) (45) (23) (12) (5) (30) (26) (28) (41) (6) (27) (14) (29) (31) (33) (34) (42) (38) (16) (46) (49) (1) (2) (20) (22) (40) 
42 (1) (26) (7) (12) (45) (13) (35) (42) (33) (32) (43) (44) (38) (18) (16) (30) (24) (4) (9) (21) (40) 
43 (19) (27) (43) (50) (5) (12) (44) (21) (22) (37) (25) (20) (47) (41) (35) (1) (14) (38) (42) (16) (36) (7) (40) (18) (29) (11) (33) (4) (30) 
44 (26) (17) (24) (18) (8) (21) (37) (49) (47) (14) (6) (9) (32) (45) (46) (29) (41) (25) (4) (31) (3) (40) (42) (33) (12) (5) 
45 (8) (41) (33) (23) (12) (11) (32) (22) (44) (34) (29) (14) (15) (16) (28) (35) (4) (7) (38) (25) (42) (3) (50) (13) (48) (46) (49) (40) (37) (39) (20) (24) 
46 (36) (38) (41) (2) (18) (34) (4) (29) (31) (43) (1) (8) (5) (45) (10) (33) (21) (46) (28) (47) (30) (39) (25) (49) (9) (44) (6) (22) (7) (37) (35) 
47 (45) (24) (9) (2) (4) (1) (40) (46) (37) (18) (7) (49) (21) (23) (8) (26) (33) (41) (15) (16) (29) (3) (34) (47) (50) (31) (30) (28) (27) 
48 (50) (40) (25) (23) (13) (31) (18) (47) (7) (9) (41) (21) (28) (29) (3) (37) (16) (19) (48) (14) (34) (26) (33) (44) (45) (15) (11) (42) (12) (20) (30) (1) (32) (22) 
49 (11) (13) (21) (17) (38) (5) (39) (1) (8) (18) (10) (19) (25) (28) (32) (14) (9) (33) (42) (36) (50) (7) (23) (48) (12) (6) (2) (31) (47) (29) (30) (16) (44) 
50 (37) (13) (15) (18) (11) (22) (21) (33) (50) (30) (46) (4) (20) (5) (1) (6) (41) (39) (42) (19) (9) (44) (16) (31) (38) (49) (35) 
