0
50
50
1 (40 30 32 18 29 31) (1 9 13 6 12 49 26 48 28) (35 33) (5 41) (27) 
2 (44 27 19 22 42 13 50 8 31 48 20) (5) (18) (2 49 43 30) 
3 (32) (3 38 12) (1 6 33 8 34 48 45) (27 23 50 17) 
4 (20 43 48 9 50 33 18 2 45 11 39 1) (32) (42 49 14 30) 
5 (26 18 31 38 39) (17 9 5 6 20 10 13) 
6 (13 49 39 29 44) (37 26) (5 48 18 23 19) 
7 (49 22 21 17 43) (14) (5) (16 10 30 23 47 37) 
8 (2 6) (37 45) (18 19 43 36) (30 20 28 22 33) (25) 
9 (21) (1 5 2) (47 16 46) (6 27) (7 17 18) (15) 
10 (33) (7 48 27) (32 29 18) (14 45 42 9) (34 19 10 36) (50) (35) (3) 
11 (6) (4 17 40) (49 34 3 15) (35) (14 12 45 44 5 30 47) (2 36 41 16 9 1 25) 
12 (29 14 41 5) (2 35 37) (20 31 32) (4) 
13 (1 27 33 18) (19 23 32 30) (31) (17 2 25 26 21 47 38 43) 
14 (50) (39 48 16 8 10 37 44 30 43 49 35 34 23 28) (11 42) 
15 (29 12) (34) (40 37 3 22) (20) (11) (35 17 16 32 41) 
16 (15 49 8 24 3) (38) (44 32 26 46 20 1 37 34) 
17 (38) (27 37 26 17 15) (48 34 21 22 10 36 2) 
18 (22 45 16 30 6) (29 46 32 14) (34 9 37 3 44 31 26) 
19 (21 19 12) (38 47 45 29 4 44 28 20 32 26 11 3 22) 
20 (28 6 13 35 20 25 12) (30) (27) (18 26 31) (33 32) 
21 (42 50 3 40 21) (11 22 20 12) 
22 (8 17) (5 2) (31 23 30) (48 41 21 42 47 46 33) (11 4) 
23 (30 47 42 38 31 37 1 46) (26) (27 49 12) 
24 (29 12 21 6 27 33 13 7 28 30 10 48 47 46 19 2 41) 
25 (27 14 29 33 45 21 30 31 10 20 41 36) (4) (49 42) 
26 (28 5 4 42) (35 31 45 33) (30 37 18) (44 19 36) 
27 (13 24 27) (47) (46) (3) (38 1 6) (49) (35) 
28 (8 34) (31 13 1 47 16 48 32 27 18) (33) (21 36 26) (22 43) 
29 (2) (32) (29) (42 44 5 31 6 26) (41) (35 11) (38 39 12 37) 
30 (11 34) (3 7 20) (15 12 19 17 27 49 38 6 22 28) (31) (46) 
31 (7) (6) (12) (45 24 20 25 36 37 18 39) (9 33 19) 
32 (47) (50 48 31) (45 15 33 8) (26 20 41 14 36 35 22 1 32 37) 
33 (21 44 16 1 32) (31) (40 9 4 41 15 6 39 7 50 11) 
34 (24) (25 36 11 18) (22 27 35 46) (16 10) (23) 
35 (45 33) (11 7 14 50) (3) (4 38 40 13) 
36 (15 49 44 31 18 27) (34 40 8 19 12 14 24 21) 
37 (34) (21 11) (46) (38 15 37 5 19 16 18) 
38 (10) (3 18 50 33) (34 39 14 47 20 11 24) (45 27) (1 21 43 38) 
39 (48 32 13 15 10 46 14 35) (6 31) (21 39 25 5 20 37 42 28) 
40 (18 38 34 21 2 42 28 10 22 15 13 20 32 12) 
41 (8 16 10 14 17) (32 12 50) (27 1) (3) (7) 
42 (17 39 5) (18 43 10 20 36 12 19) (26 11 15 3 40 38) (24) (1 9) (42) 
43 (16 29 19 23 11 32 47 5 22 1) (12 3) 
44 (30 31 27 20 6 11 34 22 41 17) (25 50 15) (23) 
45 (20 23 49) (19 50 41 27 11 26 10 48 43 38 13 42) (25 36 4 6) (17 30) 
46 (13 39 4 42 26 38 19 33) (24 25 22) (8 34 37 1 27 45 30) 
47 (25 4 46 18 2 45 32 5 11 40 3 49 1) (20) 
48 (3) (8) (32 7 4 27 38 44) (21 40 9) (19 46 43 50) 
49 (3 20 37 5 15 39) (6 46 14 2 19 34 1) (28 41) 
50 (32 25) (3 6 43) (42 2 40) (4 20 17) (46) (29 44) (5 26) 
1 (3) (47) (13) (16) (49) (46) (42 1 4 23 11) (43) (33 27) (41 32) (38 9 28) 
2 (12) (22) (13) (24) (4) (11) (40) (9) (29) (47) (2 49 17 50 8) 
3 (21) (18) (35) (49) (41) (3) (47) (10) (19) (42) (50 16) (15 48 30) (11 38 27) (43) 
4 (35) (45) (11) (25) (12) (47) (48) (26) (50) (46) (33) (19) (22) 
5 (6) (43) (26) (7) (2) (29) (1) (47) (11) (42) (12) (37) (39) (22) (9 50 5 49) 
6 (1) (8) (49) (20) (33) (39) (45) (44) (31) (3) (27) (24) (5) (29) (18 9 11 30 50) 
7 (30) (24) (10) (48) (31) (9) (33) (41) (35) 
8 (2) (3) (14) (16) (36) (22) (32) (48) (28) (41) (46) 
9 (18) (31) (42) (4) (1) (48) (33) (11) (10) (5) 
10 (10) (25) (41) (38) (34) (24) (17) (42) (39) (45) (5) (7) (40) (14) 
11 (22) (19) (43) (35) (34) (47) (38) (33) (15) (30) (37) (4) (14) (45) (44 21 29 42) 
12 (43) (41) (40) (20) (36) (19) (23) (21) (3) (42) (15) (24) (31) (11) (30 29 1) 
13 (45) (46) (28) (2) (40) (5) (1) (39) (20) (27) (6) (35) (24) 
14 (18) (4) (49) (25) (38) (32) (36) (35) (12) (41) (7) (39) (10) (11) 
15 (39) (17) (9) (30) (42) (40) (16) (33) (37) (11) (32) (49) (44) (36) 
16 (28) (34) (9) (11) (18) (15) (37) (43) (41) (14) (7) (33) 
17 (44) (45) (9) (42) (50) (30) (11) (5) (3) (7) (13) (22) (15) (17) (41) 
18 (26) (10) (1) (36) (4) (28) (38) (34) (13) (47) (8) (42) (5) (6) (31 2 37) (9 20 40) 
19 (49) (45) (42) (48) (13) (24) (30) (43) (46) (37) (31) (8) (36) (2) (6) (26 10 19) 
20 (45) (39) (32) (40) (25) (12) (44) (21) (19) (5) (8) (30) (4) (2) (50) (31 42 15) (49 20 16) (38 47) 
21 (48) (25) (24) (9) (21) (40) (37) (7) (33) (36) (22) (17) (19) (38) (13) (28) (39) 
22 (21) (18) (34) (19) (17) (32) (43) (30) (15) (8) (40) (7) (28) (44) (46) (2) 
23 (45) (44) (6) (3) (43) (22) (14) (13) (7) (34) 
24 (27) (42) (46) (38) (34) (16) (36) (31) 
25 (20) (46) (50) (8) (11) (47) (34) (39) (13) (45) (44) (31) 
26 (17) (32) (45) (18) (1) (19) (42) (13) (5) (28) (29) (20) (16) (23) (50) (46) (6) 
27 (20) (3) (17) (1) (13) (45) (30) (27) (46) (23) (28) (9) (36) (24) (10) (38) (48) (25 2 41 44) (34) 
28 (40) (19) (26) (24) (1) (30) (20) (8) (49) (39) (14) 
29 (18) (6) (43) (19) (50) (25) (10) (12) (15) (24) (29) (1) 
30 (13) (2) (25) (14) (1) (18) (44) (11) (23) (22) (26) (20) (8) (46) (45) (7) (4) (24) 
31 (18) (12) (32) (26) (30) (44) (1) (13) (20) (28) (23) (39) (22) (25) (2) (36) (5) (29) (33) 
32 (16) (41) (15) (43) (19) (47) (39) (32) (20) (29) (1) (13) (50) (18) (12) (3) (40) (48) (4 33 10 28) 
33 (32) (26) (22) (31) (8) (38) (13) (24) (46) (20) (10) (1) (4) (3) (25) (35) (28) 
34 (16) (46) (36) (15) (30) (17) (49) (10) (28) (11) (14) (40) (3) (18) (44) (37) (38) 
35 (34) (20) (39) (32) (26) (15) (10) (14) (27) (11) (1) (12) (29) 
36 (32) (31) (42) (28) (8) (26) (10) (11) (17) (34) (25) (45) 
37 (29) (37) (26) (31) (39) (18) (17) (46) (8) (6) (32) (15) (23) (12) (7) (49) (16) (14) 
38 (19) (17) (38) (37) (29) (45) (42) (23) (48) (40) (16) (3) (27) (30) (46) (35) (13) (5) 
39 (42) (5) (33) (49) (29) (31) (38) (39) (46) (4) (14) (6) 
40 (33) (50) (11) (21) (48) (42) (1) (15) (36) (47) (35) 
41 (11) (1) (29) (33) (49) (44) (22) (32) (45) (24) (12) (25) (15) 
42 (10) (23) (22) (2) (4) (26) (25) (46) (39) (42) (14) (29) (40) (50) (45) (21) 
43 (13) (50) (2) (14) (42) (7) (38) (48) (8) (45) (4) (28) 
44 (6) (36) (16) (33) (2) (48) (26) (18) (14) (19) (11) (50) (29) 
45 (38) (26) (46) (25) (4) (3) (47) (32) (18) (35) (31) (19) (8) (10) (11) 
46 (50) (48) (47) (34) (27) (16) (49) (30) (22) (37) (18) (24) (23) (9) (39) 
47 (24) (28) (23) (27) (7) (38) (43) (32) (9) (13) (19) (11) (22) 
48 (10) (32) (22) (45) (2) (4) (3) (6) (39) (17) (28) (1) (24) (14) 
49 (16) (27) (7) (2) (45) (4) (23) (1) (14) (6) (25) (30) (11) (47) (36) 
50 (4) (38) (33) (44) (10) (14) (32) (45) (21) (41) (3) (2) (35) (48) 
