0
50
50
1 (15) (4 8 31 32 2 1 36 5 43 22 17 7 12 37 27 38 34 25 29 20 14 48 40 18 3 46) (9 10) (35 44) (19 45 11) 
2 (9 4 33) (21 28 15 36 19 20 6 26) (5 14 22 30 25 8 37 45 38 47 35 44 24 34 41 49 42 39 18 27 10 43 50) 
3 (25) (4) (13 20 34 32 23 17 22 24 15 41 40 2 7) (42 39 47 49 16 50 26 28 10 5 46) (31 43 3 33 29 30 45 6 18 35 1) (21) 
4 (2 41) (16 38 46 50 23 22 35 18 7 27) (14 47 33 20 24 10 34 25 6 19) (37 28 48 44 26 31) (39 5 1 12 36 29 42 40 43) 
5 (35 32 48 10 11 34 26 41) (42 16 50 45 46 9 6 49 19 31 25 36 37) (22 28) (13 17 40 33 15 23 18 39 3 4 44 8 7 1 47) 
6 (17) (37 3 7 34 43 46 22 49 8 16 31 23 38 9 44 39 29 1 13 19 47 20 50) (26 30 14 41 15 11 32 10 24 42 36 12) (5 35) 
7 (19 20 13 29 12 34 23 49 9 6 45 1 14) (24 36 10 39 4 26 32 16 15 46 17 42 18 2 8 35 40 5 22 47 50) (44 7) 
8 (15 5 38 32 24 28 25) (46 14 27 29 43 2 13 47 50 49 4 11 8 44 36 17 18 31 41 22) (3 26 16 39) (20) 
9 (19 18 23 50 4 9 10) (8) (1 16 45 40 24) (22 21 48 29 5 42 39 13 7 43 34 30 28 49 2 27 15 36) 
10 (6 38 46 20 3 26 49 43 19 30) (21 13 47 4 22 7 17 16 11) (23 10 1 40 24 39 48 29 14 31 35 28 8) 
11 (26 35 20 48 1 11 25 40 47 46 38 6 9 4 43 5 41 3 16 45 23 21 17 30 42 27 37 29) (18) (7 19 14) (50 15 31 39 22 10 12) 
12 (19 11 42 3 39 33 38 4 45 32 2) (20 35 47 5 16 6 49 46 31 44 10 18 50 17 48 36 15) (40 41 29) 
13 (37 27 49 22 6 24 35 13 30 19 9 11 3 48 50 18 41) (17 25 26 32 14 45 33 21) (39 12 4 1 36 34 31 20 46 40 28) 
14 (14 10 42 32 46 35 16 24 1 36 26 38 29 2 13 31 4 22 47) (43 17 49 28 20 3 27 15 48 6 5) (40 18 37 45 33 12 11 41) 
15 (19 12) (11 26 40 22 15 36 24 46 4 20 42 13 23 21 43 18 7 35 48 8) (34 27 1 17 6 14) (44 31 41) (16) (38) 
16 (15 9 45 1 13 20 21 26 42) (32 43 10 12 44 5 11 3) (31 38 23 27) (39 14 29 19 48 7 22 6 24 4) (41 33 30 25) 
17 (21 29 41 39) (3 40) (8 14 49 2 5 24 12 23) (19 42 22 10 32 26 48 13 35 46) (1 43 50 34 44 17 30 6 7 9 16 18) (20 37 28) (27) 
18 (10) (20 37 50 13 29 19 47 6 15 3 14) (27 17 2 26 31 36 4 16 39 43 24 33 1 40 41 38 8 12 22 45 48 5 18 42) 
19 (26 1 43 18 37 45 9 47 6 49 31) (12 42 29 34 23) (40 15 33 13 14 10 22 7 32 19 20 35 38 5 48 36 39 41 27) 
20 (39 45 7 41 10 37 32 43) (47 21 26 13 1 35 17 15) (19 50 5 40 9 2 36 23 3 44) (6 48 4 14 49 30 34 33 31) (12 18) (8 20 29 42) 
21 (32 27 24) (44 16 19 36 15) (47 12 10 37 42 11 30 8 13 25 40 7 18 48 41 22) (46 33 38 35 39 20 45 1 14 6 28) (31 49 50 17) (9) (29) 
22 (50 6 19 32 12) (43 38 23 17) (31 3 46 16 22 13 8 18 4 37 42 9 10 7) (5 14 2 26 20 30) (11) (34 35) (25 40 27 24 49 1 45 15 33) 
23 (34 21 28 29 46 27 41 44 9 2 32 10 45 39 3 36 35 5 7 30 11) (15 31 43 25 47) (18 16) (20 38 48 8 23 12 6 1 50) 
24 (38 49 13 40 19 29) (14) (18 33 21 2 36 32) (45 15 34 7 25 10 47 6 12 42 26 50 9 3 20 39 44 8) (35 41) 
25 (20 17 50 2 38 4 19 25 27 39 37) (23 42 21 5 3 43 7 14 6 41) (30 47) (32 31 48 33 1 18 10 36 34 12 22) 
26 (30 17 31 22 13) (48 44 35 50 37 9 21 46 14 42 2) (19 25 38 41 45 20 5 15 32 26 43 6 8 23 24 36 27 7 1 4 49) 
27 (36 12) (19 10 33 37 28 46 1) (26 6 34 14 5) (41) (40 38 7 9 17) (45 43 48 2 25 50 30 20 44 16 31 13 27 47 32 24) 
28 (13) (48 37 23 47 41 14) (32 24 50 26 12 5 8) (42 15 28 21 7 39) (11 36 22 17 31 2 35 1 44 33 43 3 16 25 18 27 29 9) (30) 
29 (33 38 5 1 19 43 26) (39 50 13) (48 14 40 29 32 27 3 22) (12 25 45 30 41 28 9 37 6 17 2) 
30 (48 22 5 41 12 19 33 39 34 20 15 37 2 8 47) (24 44 4 29 14 46 23) (11 32 27 45 43 13 25 28 18 36 21 38 30 50) 
31 (23 47 48) (9 32 27 4 25 35 6 24 42 43 2 49 40 41 28) (5 10 13 20 36 33 14 44 18 16 34 31 45 50) 
32 (31 27) (8) (22 10 32) (5 19 2 49 23 40 47 39 35 20 3) (28) (42 9 37 17 29 48) (16 11 21 33 46 41 45 34 6 15) 
33 (49 18 8 50 12 6 48 37 34 11 19) (43 29) (24 44 28 40 10 13 42 41 23) (1 35 15 38 3 39 5 9 47 26 31) (22) 
34 (23 37 26 16) (49 42 15 25 32 21 19 14 13 6 46 18 29 24 5 17 7 38 34 20 41 9 12) (3 35) 
35 (45 26 42 13 15 43 22 11 8 3 30 34 18 20 36 33 21 9 7 48) (32 25 29 28 44 19 17 12 2 1 31 27) 
36 (38 4 40 43 14 22 32 18) (12) (34 46 6 10 23 5 1 13 26 42 3 20 21 7 2 29 27) (39) (50 44 48 36 16 24) 
37 (23 4 5 40 13 11 46 17) (48 26 12) (50 6 28 20 29 35 15 34 39 45 14) (36 43 1 10 24 31 33 19 49) (41) (16 7 9) 
38 (18 40 46 7 39 25 26 4 41 36 50 37 3 30 47 29 10 20 14 27) (22 13 32 12 44 5 42 8 6 21 11 35 19 38 2 16 48) 
39 (16 50 41 15 11 38 8 9 43 4) (48 30 32 7 49 5 2 20) (35 24 44 23 18 21 3 19 25 26 6 40 46 42 12) (13) 
40 (50 24) (40 15 22 26 30 19 41 18 36) (14 8 4 12 21) (20 16 25 39 9 11 17 49) (23 35 33 27 46 38 3 10 48 29) 
41 (21 7 23 39 24 44 13 36 16 11) (4 42 2 9 45 25 33 28 22 12 19) (47 3 27) (29 10) (35) (38 1 18 17 32 40) 
42 (18 12 45 6 1 2) (27) (14 24 34 36 3 29 30 7 21 9 13 28 26 37) (20 25 10 40 38 4 5 33 11 49 48 17 23) (31 44 35) 
43 (13) (20 15) (2 32 16 36) (42 9 46) (28) (24 37 41 43 3 19 10 22 4 34 49 30) (7 47 45 39 8) (40 27 21 31) (23 14 50 35 6 17 38 11 26) 
44 (19) (1 50 2 32 35 6 18 31 9 16) (39) (23 13 25 4 37 17 38 29 3 26 14 28 11 30) (7 10 46 22 36 33 27) (15 49 5 45) (43 44) 
45 (11 39 14) (40) (37 32 16 7) (48 36 34 31 21 19 46 33) (29 44 38 5 9 2 3 23 35 25 13 43 17 42 49 20 8) (30 28) (10) 
46 (7 20 13 1 37 35 2 6 18) (42 17 48 9 44 10 28 43 27 11 24 38 12) (34 23 41 19 22 25 49 16 5 45 4 3 36 26) 
47 (35 28 2 26) (46 30 37 13) (49 4 7 15 3) (27 22 41 10 45 1 29 47 12) (14 31 25 8 38 40) (36 19 50 5) 
48 (48 33 42 50 31 34 13) (12 29 5 2 43 41 14 3 19 40 46 30 49) (45) (8 9 15 6 17 21 23 22 4 32) 
49 (19) (13 45 9 48 20 12 49 28 32 40 38 22 10 3 1) (35 17 4) (16 41) (43 18 37 27 11 23 21 34 15 47) (46 44 7 31 2 8) 
50 (8 3 17 42 39 33 41 31 47) (7 35 27) (14 9 5) (50 45 46 18 21 30 37 23 40) (38 34 15 43 1 29 6 10 24 48 19 11 4) 
1 (20) (49) (42) (11) (26 28 44) (6 37 14 47 15 13 25 1) (3 4 10 33) (17 21 19 23 50 41 27) (9 46 18 7 16 35) (5 36 29 22) 
2 (48) (1) (30) (38) (9) (26) (27) (24) (47) (20 12 42 44 22 36 14) (29 49 4 7 25 43 35 32 45 3 41 31 17 28 39 46 8 23 18) 
3 (32) (10) (41) (13) (35) (39) (18) (23) (44) (48) (8 28) (40 34 17 47 24 29 43 49 1 22 33 50 3 20 5 11 12 36 38 46 14 42 6 45 16) (25) 
4 (26) (42) (46) (7) (22) (20) (14) (2) (44) (41) (5) (49) (10 11 12) (36 25 9 16 37 38 1 40 50 48 31 13 43 47 8 18) (30 3) (15 39) 
5 (33) (39) (36) (50) (38) (28) (18) (30) (1) (12) (47) (22) (9) (46) (4) (42) (45 23 34 25 48 11) (32) (2 29 3) (20 17 7 26 37 6 16 8 19 31 27 14 44) 
6 (22) (15) (21) (32) (36) (24) (16) (10) (26) (43) (14) (44) (5) (20) (3) (13) (48) (39) (19) (2 23 17 33 42) (12 50 29) (11 4 31 27 34) (25 38 37 7) (46 18) 
7 (20) (16) (23) (42) (22) (36) (1) (7) (17) (37) (46) (6) (44) (34) (26) (5) (15) (38) (10) (43) (41) (21) (25) (35 27 3 45 4) (9 19 11 39 47 28 50 49 24) 
8 (30) (26) (17) (50) (20) (10) (49) (18) (45) (28) (2) (8) (1) (5) (43) (32) (40) (24) (23) (7) (39) (21) (9) (33) (35 48 38 15 6 22) (47) 
9 (26) (9) (24) (23) (27) (21) (5) (6) (46) (16) (39) (13) (28) (22) (2) (37) (41) (45) (7) (43) (32) (20) (31) (34) (44) (11 50) (17 19 35 49) (42) (1 33 40) (29 48) 
10 (14) (9) (20) (40) (17) (37) (47) (4) (38) (31) (44) (5) (22) (16) (42) (11) (23) (2) (45) (32) (33) (50) (25) (46) (24) (49) (1) (18) (41) (21 27 43 19 6 10 36 7 12 3) 
11 (41) (14) (42) (16) (5) (40) (1) (28) (43) (22) (35) (10) (12) (38) (6) (33) (49) (21) (8) (32) (44) (39) (37) (15) (30) (46) (23) (50) (11) (45 13) 
12 (6) (7) (16) (46) (1) (27) (17) (13) (42) (24) (18) (39) (28) (33) (30) (47) (14) (11) (21) (38) (23) (35) (4) (29) (22) (34) (49) (40) (37) (48 36 20 19 41 15 25) 
13 (47) (46) (49) (42) (26) (21) (43) (8) (37) (10) (18) (6) (14) (24) (36) (48) (19) (16) (29) (39) (34) (7) (31) (33) (30) (41) (15) (22) (35) (45) (3 9 13 20 38 27 17 28 44 5) 
14 (45) (13) (31) (17) (20) (4) (29) (11) (44) (7) (10) (6) (43) (19) (18) (21) (37) (42) (25) (24) (27) (36) (30) (48) (34) (2) (15) (47) (22) (8) (26 40 14 1) (28 50 38 16) 
15 (1) (6) (3) (35) (43) (21) (47) (50) (18) (15) (2) (44) (16) (11) (34) (19) (30) (37) (32) (5) (20) (14) (22) (40) (33) (48) (12) (9) (8) (7) (28) (23 49) (26 39 24) 
16 (17) (14) (15) (27) (31) (22) (12) (49) (7) (46) (5) (21) (9) (18) (44) (28) (23) (6) (41) (43) (34) (11) (8) (10) (36) (4) (40) (39) (45) (32) (37) (38) (3) 
17 (37) (25) (45) (18) (10) (44) (17) (26) (12) (50) (42) (43) (11) (41) (22) (46) (1) (8) (15) (5) (48) (35) (34) (21) (3) (40) (7) (27) (13) (28) (32) (29) (49 14 20 6) 
18 (28) (13) (21) (41) (3) (14) (46) (24) (20) (30) (33) (1) (39) (17) (2) (49) (44) (38) (4) (15) (9) (18) (31) (8) (12) (50) (36) (23) (19) (34) (35) (7) (25 5 11 22 42 40) 
19 (41) (7) (30) (29) (4) (1) (43) (18) (44) (34) (45) (33) (35) (19) (12) (15) (40) (16) (13) (24) (48) (22) (49) (9) (47) (39) (50) (17) (6) (25) (2) (11) (20 10 21 27 46 5) (37) (32 26 38) 
20 (20) (13) (39) (19) (17) (45) (40) (38) (43) (42) (12) (25) (23) (35) (27) (3) (36) (26) (8) (14) (31) (21) (46) (30) (18) (37) (2) (1) (24) (7) (34) (10) (16) (4) (11 22 49 32 6) (15) 
21 (16) (38) (45) (28) (39) (34) (11) (10) (17) (2) (48) (23) (13) (26) (30) (25) (24) (3) (41) (50) (43) (9) (35) (15) (36) (32) (40) (20) (49) (42) 
22 (18) (46) (44) (36) (6) (19) (49) (17) (3) (16) (14) (22) (11) (47) (25) (5) (35) (7) (8) (9) (15) (38) (32) (41) (21) (2) (4) (29) (33) (28) (26) (48) (43) (40) (1) (30 13 10) 
23 (34) (36) (22) (25) (23) (3) (50) (32) (33) (39) (41) (30) (5) (19) (26) (17) (9) (28) (16) (45) (15) (43) (31) (6) (10) (40) (49) (44) (48) (4) (46) (7) (20) (37) (42) (11) 
24 (40) (7) (28) (46) (36) (4) (2) (18) (50) (17) (22) (33) (34) (31) (10) (9) (14) (8) (39) (41) (13) (37) (15) (16) (6) (21) (26) (30) (27) (42) (43) (3) 
25 (28) (22) (35) (13) (16) (41) (25) (44) (4) (1) (5) (42) (23) (8) (3) (30) (11) (26) (34) (24) (29) (40) (2) (21) (39) (31) (27) (47) (46) (45) (38) 
26 (27) (38) (37) (8) (24) (46) (13) (18) (4) (44) (20) (6) (33) (7) (36) (3) (15) (2) (43) (10) (34) (29) (39) (47) (26) (11) (16) (28) (42) (22) (14) (19) (17) (40) (35) (5) 
27 (14) (1) (46) (47) (44) (13) (50) (16) (28) (41) (31) (22) (49) (21) (18) (11) (36) (2) (32) (4) (29) (38) (17) (42) (35) (8) (9) (43) (23) (27) (25) (30) (26) (40) (15) (19) 
28 (37) (41) (45) (3) (5) (8) (27) (30) (32) (47) (23) (14) (28) (2) (33) (42) (43) (17) (9) (46) (29) (13) (35) (44) (10) (21) (4) (49) (31) 
29 (40) (24) (50) (3) (28) (17) (44) (32) (16) (35) (36) (4) (33) (23) (20) (11) (8) (21) (9) (47) (38) (29) (45) (41) (34) (7) (37) (18) (19) (14) (12) (48) (10) (1) (42) (6 30) 
30 (26) (16) (27) (48) (22) (47) (44) (28) (42) (43) (9) (11) (20) (39) (35) (21) (38) (30) (50) (23) (45) (6) (29) (17) (40) (3) (2) (10) (13) (25) 
31 (44) (25) (47) (19) (13) (20) (33) (11) (22) (26) (18) (16) (48) (50) (6) (10) (14) (4) (37) (12) (45) (5) (8) (42) (15) (28) (1) (21) (32) (23) (35) (3) (43) (49) (27) (31) 
32 (5) (23) (38) (36) (19) (49) (32) (13) (1) (27) (30) (17) (21) (39) (31) (25) (6) (7) (3) (14) (20) (22) (45) (44) (43) (12) (34) (16) (41) (35) (26) (28) (48) (29) (8) (24) 
33 (24) (28) (31) (20) (21) (3) (29) (48) (25) (50) (44) (41) (16) (12) (35) (42) (22) (30) (45) (32) (4) (13) (5) (14) (18) (27) (40) (37) (19) (2) 
34 (42) (20) (13) (30) (31) (23) (5) (43) (24) (4) (33) (48) (45) (1) (9) (36) (15) (19) (34) (25) (3) (50) (22) (7) (32) (17) (2) (49) (37) (46) (35) (27) (6) 
35 (6) (22) (12) (44) (33) (46) (34) (28) (7) (23) (2) (13) (31) (50) (47) (17) (4) (20) (41) (26) (10) (14) (15) (49) (45) (42) (1) (40) (19) (38) (39) (5) (11) (37) (32) (21) (3 24 43) 
36 (38) (23) (36) (37) (20) (26) (46) (4) (28) (27) (12) (41) (14) (2) (19) (21) (7) (47) (5) (31) (44) (1) (18) (35) (9) (15) (45) (42) (6) (43) (40) (24) (13) (8) (30) (25) 
37 (50) (6) (17) (1) (32) (34) (28) (13) (2) (11) (38) (29) (33) (22) (49) (21) (20) (26) (14) (19) (42) (18) (25) (30) (45) (5) (27) (4) (44) (43) (46) (47) 
38 (15) (26) (19) (41) (42) (22) (43) (36) (23) (27) (47) (46) (8) (39) (34) (4) (49) (33) (38) (2) (24) (14) (44) (6) (18) (11) (40) (50) (16) (1) (12) (10) (29) (45) (30) (25) (21) 
39 (30) (45) (6) (3) (2) (24) (50) (36) (13) (44) (17) (7) (38) (29) (40) (20) (43) (32) (12) (16) (28) (18) (25) (37) (4) (21) (33) (23) (41) (8) (19) (11) (10) (5) (9) 
40 (32) (47) (10) (40) (20) (45) (39) (12) (37) (22) (24) (18) (19) (11) (29) (1) (42) (33) (31) (43) (13) (17) (7) (9) (38) (50) (21) (14) (41) (4) (49) (48) (3) (15) (27) (5) (36) 
41 (20) (13) (39) (49) (15) (40) (18) (26) (47) (38) (14) (48) (30) (34) (3) (27) (11) (8) (25) (43) (16) (24) (6) (23) (33) (50) (37) (2) (12) (21) (4) (17) (46) (32) (31) (29) (19 5 28) 
42 (21) (24) (19) (7) (12) (14) (46) (4) (17) (38) (32) (41) (48) (18) (9) (45) (28) (2) (6) (15) (33) (22) (39) (25) (50) (20) (34) (31) (5) (36) (43) (26) (35) (11) (16) (3) 
43 (19) (46) (28) (29) (10) (23) (49) (36) (16) (31) (30) (2) (15) (3) (18) (45) (39) (1) (4) (22) (25) (6) (43) (48) (14) (27) (17) (35) (44) (50) (33) (9) (11) (26) (8) (20) (37) 
44 (1) (6) (17) (26) (49) (27) (20) (36) (15) (31) (21) (46) (30) (23) (24) (35) (16) (28) (8) (5) (4) (42) (2) (39) (33) (41) (7) (38) (44) (12) (45) 
45 (49) (22) (7) (26) (48) (43) (14) (30) (11) (50) (32) (9) (20) (19) (47) (46) (24) (42) (1) (44) (5) (18) (3) (29) (27) (13) (35) (23) (2) (21) (41) (16) (31) (12) (37) 
46 (49) (47) (15) (6) (5) (17) (45) (39) (36) (23) (3) (12) (10) (7) (32) (14) (21) (27) (40) (43) (22) (34) (11) (8) (38) (30) (26) (4) (48) (13) (44) (1) (37) (50) 
47 (23) (50) (8) (19) (11) (24) (30) (20) (18) (25) (49) (2) (10) (27) (7) (43) (14) (21) (4) (5) (6) (31) (33) (47) (38) (12) (3) (28) (41) (32) 
48 (36) (4) (11) (15) (19) (30) (26) (49) (37) (16) (23) (46) (42) (21) (45) (14) (33) (48) (20) (39) (10) (50) (27) (17) (29) (1) (35) (9) (28) (40) (5) (31) (12) (13) (38) (18) (32 25) 
49 (3) (19) (8) (2) (39) (46) (32) (12) (5) (7) (47) (40) (44) (24) (20) (14) (13) (31) (21) (6) (17) (10) (37) (48) (33) (9) (42) (49) (34) (45) (26) (22) (43) 
50 (38) (9) (6) (33) (5) (37) (23) (2) (20) (22) (29) (18) (44) (13) (3) (8) (21) (11) (47) (12) (7) (27) (36) (43) (30) (24) (48) (4) (17) (25) (31) (39) (26) (50) (28) (40) 
