0
50
50
1 (25) (15) (22 46) (12 49) (14 4) (39) (23 20) (33) (41 31) (24) (45) (8 11) (38) (40) (29 2) (3) (43) 
2 (45) (27) (47) (29 40) (6) (38) (43) (34 19) (31 16) (25) (49) (3 30) (11) (10) (42) (12) (7) (22) (24) (46) (4) 
3 (27) (13) (8) (9 40) (23) (18) (46) (4) (28 31) (30 17 11 3) (25) (2) (26) (48) (47) 
4 (33) (21 1) (44) (50) (13) (46 16 8 28 7) (37) (39) (12) (26) (6) (23) (43) (45 17) (9 19) (11) (27) 
5 (28) (34) (20 50) (41) (31) (25) (10 33) (49) (7) (11 3) (30) (14) (35) (19 15) (18) (6) (16) (26) 
6 (35) (31) (32) (19 4) (49) (3 43) (41) (12) (28) (20) (34) (10 9 2) (29 42) (11) 
7 (42) (2) (16 11 25 32 49) (47) (37) (36) (15) (7) (21) (34) (23 8 18) 
8 (15 23 40) (13) (33 25 47 36) (8 2 21) (19) (37 4) (7 16) (3 14) (43) 
9 (47) (30) (11) (39) (28 46 12) (9 42) (36) (35) (10) (21 2) (43) (41 29) 
10 (2) (22) (49 29) (50) (43 40 17) (42) (33) (15) (12) (21) (10 32) (38 37 8) (23 47) 
11 (17) (43) (6) (32) (35 9 37 4) (41) (18) (39 23 27 25 44) 
12 (44) (7) (3) (34) (25) (20) (26) (49) (29) (41) (24) (27 19 45) (38) (43 23) (11) 
13 (9) (39) (21) (5 16) (10) (8) (17 19) (15) (28) (24) (29 14 42) (18) (49) (26) 
14 (2 19 4) (46 26) (9 16) (39) (42 15 6) (10) (12) (13) (1) 
15 (32) (27 15 28 13) (22) (46 44) (1) (4) (16) (24 33) (8) (23) (10 34) (41) (38) 
16 (24 7) (3) (34) (31 2 42) (43) (27 37 22) (21) (18) (46 32) (50) (40) (30) (11) 
17 (40) (22) (24) (7 11 47 35) (3) (1) (28) (21) (14) (4) (5 20) (31) (19) (13 50) (41) (10 32) (36 34 9) (8) (49 29) (15) (42) 
18 (40) (34) (2) (15 21 46) (3 8) (48 38) (43 14) (31 42 16) (33 18) (12) (20) (47) 
19 (17 43) (4) (40) (50) (11 46) (32 1 25) (47) (48) (12) (6 44) (18) (34) (29) (3 19) (30) (35) (5) (22 42) 
20 (14 25) (15) (11) (22 7 24) (3) (41) (6) (40) (12 47) (4) (37 21 32) (39 2 27) (9 26 13) 
21 (45 49 40) (47) (22) (2) (16) (29) (37) (24 20 32) (15) (19) (8) (17) (44) 
22 (42 31) (12) (37) (15) (17 44) (49) (9) (6) (34) (33) (32 46) (20) (24 30) (38 10) 
23 (47) (15 37) (1 25) (48) (11) (45) (29) (43) (7) (32 50 30) (9) (16) (42 3) (8) (36) (40) 
24 (15) (4) (14) (23) (1) (29) (8 11) (5) (39) (16 47) (33) (49) (36) (25 20 45 17) (46 2) (30) (32) 
25 (38) (18) (23) (46) (47) (7) (15 8 34 28) (19) (44) (50) (12) (10 17 13) (2) (11) 
26 (32) (11) (1) (6) (44) (39 41) (49 19) (3) (5) (46 48) (28 13 12) (15) (35) (17) (14) 
27 (36 48) (26) (41) (42) (50) (25) (5 17) (33 39) (18 47 19) (15) (16 11 12 13) (31) (3) 
28 (49) (34) (32) (30) (10) (28 35) (36 15) (26) (43) (31) (44 3) (42 29) (41) (14) (46) (22) (11) 
29 (9) (27 6) (50) (35) (21) (47) (38) (7) (15) (14) (46) (30 45) (37) (43) (40) (18) 
30 (15 33) (46 32 27) (25) (22 4 18) (40 23) (35) (5) (49 47) (34) (19 42) (20 2) (38 6) 
31 (28 19) (22 31) (50 36 15) (5) (6) (2 37 26) (16) (4) (8 44) (14) (18 34) (40) (12) (17) (3 45) 
32 (7 1) (39) (37) (28 48) (23) (3) (44) (45) (12 13) (40) (42) (9) (35) (15) (16) (33) (30 19) (5) (34 43) (8) (20) 
33 (25) (50) (29) (46 42) (49) (3) (9) (44 17) (27 47 11) (30) (5 26) (12 39) 
34 (46 36) (50) (42) (32) (30) (25 12) (20) (35) (44) (6) (13) (7) (29 28) (31 27 37 19) 
35 (13 4) (3 36 22) (7 23 10) (32 35) (15) (9) (8 18) (26 40) (25 48) 
36 (21 17) (41) (15) (50) (42) (46 4) (36) (29 48) (47 19 10) (49) (22 27) (14) (18) (7) (30 39) (24) (33) 
37 (45) (21 48 44 24 43) (7) (23) (34) (28) (4 5) (36 49) (27 41) 
38 (3 28 21) (13 39) (9 31) (2) (4) (17) (41 11 32 43 20) (33) (29) (47) (50) (35 34) 
39 (7 29 14) (6) (21) (39) (44) (33) (15) (8) (50 43) (49) (31 19) (34) (48 26) (40 35) (5) (46 30) (32) (36) 
40 (42 22) (33) (48) (46) (43 32 8 6) (36) (15 30) (16) (28 40) (39) (50 4) 
41 (12) (11) (26) (1) (2) (29 15) (28) (42) (18 44 4 47) (25) (37 10) (16 34) 
42 (14) (13) (3 47 38) (41) (10) (26) (31) (23 21) (37 15) (29) (46 42) (20 45) (12) (36) 
43 (43 47) (16 38) (30) (17) (19) (1) (11) (24) (40) (42) (9) (34) (18) (8 6 49) (41) 
44 (30) (19 34) (16) (31) (8) (3) (24 41) (27 5) (47) (12) (43) (26) (9) (20) (42) 
45 (35 13) (9) (6) (12) (29 45) (31) (2) (26) (34) (18) (16) (1) (28) (20) (32) (25) (50 40 49) (38) 
46 (30 1 32 12) (29) (18) (13) (15) (14 26 48 17 16) (45) (37) (6 2) (38 35) (44 11) 
47 (41) (16 8 25 26 4 35 37 17 42 46) (50 23) (29 5 3) (32) (15) (43 24) (9) (19) (49 47) (27) (38) 
48 (15) (23) (5 50) (3) (12) (34 24) (13 38 43 10) (14) (49 6) (1) (11) (37) (42) (21 26 7 35 2) 
49 (50 5) (38) (10 28) (49) (3 20) (45 47) (29) (19) (7) (12 25) (39) 
50 (40 42) (24 14 22 44) (19 31) (21) (46 35) (30) (49 9) (18) (47 34 11) (7 2) (45 15) 
1 (48) (24) (41) (15) (4) (46) (32) (26) (43) (45) (14) (23) (17) (19) 
2 (45) (48) (1) (31) (18) (10) (46) (6) (8) (14) (7) (16) (24) (3) (41) (21) (30) (38 20) (9 50 25) 
3 (44) (20) (8) (17) (31) (23) (6) (27) (38) (1) (26) (33) (32) (12) (5) (42) (35) (19) (2 28) (16) (18) (47 48) (49) (3) 
4 (11) (6) (2) (20) (40) (15) (1) (17) (41) (36) (3) (38) (37) (19) (30) (14) (31) (24) (35) (8) (47) 
5 (49) (47) (39) (13) (26) (32) (44) (48) (33) (30) (24) (17) (19) (37) (31) (27) 
6 (11) (31) (45) (40) (39) (30) (22) (26) (19) (14) (48) (34) (20) (43) (4) (5) (2) (29) (46) 
7 (50) (35) (48) (36) (16) (23) (20) (49) (5) (34) (29) (39) (2) (4) (8) (7) (25) (12) (17) (32) (37) 
8 (21) (18) (4) (8) (40) (1) (7) (13) (44) (3) (15) (25) (43) (24) (35) (17) (32) (10) (47) (31) (23) (39) 
9 (6) (17) (47) (38) (4) (45) (43) (22) (32) (9) (11) (14) (44) (33) (20) (3) (29) (13) (50) (35) (23) 
10 (49) (6) (9) (25) (13) (17) (36) (41) (2) (10) (15) (28) (35) (14) (22) (42) (5) (48) 
11 (3) (46) (28) (17) (16) (23) (20) (43) (5) (38) (26) (33) (25) (19) (50) (48) (7) (41) (24) (2) (6) (12) (4) (9 1) (27) 
12 (31) (44) (2) (27) (41) (10) (14) (45) (19) (4) (25) (48) (34) (20) (22) (9) (18) (32) (6) (46) (26) (1) (42) (33) (49) 
13 (15) (26) (3) (17) (32) (38) (42) (27) (20) (35) (4) (25) (48) (14) (45) (34) (8) (46) 
14 (39) (28) (42) (17) (20) (26) (50) (5) (29) (18) (24) (48) (13) (1) (36) (8) (46) (31) 
15 (31) (18) (22) (24) (1) (15) (14) (27) (42) (47) (50) (30) (41) (13) (28) (32) (25) (39) (17) (8) (10) (35) (21) (5) (29) (46) (23) (7) (36) (26) (48) (40) (20) 
16 (18) (46) (13) (21) (40) (14) (23) (5) (27) (2) (7) (43) (15) (4) (31) (45) (44) (47) (32) (41) (8) (24) 
17 (47) (26) (33) (36) (3) (13) (21) (25) (22) (43) (19) (27) (31) (11) (10) (24) (38) (46) (4) 
18 (7) (16) (31) (45) (11) (43) (18) (46) (25) (5) (50) (13) (30) (3) (29) (35) (41) (27) (36) (19) 
19 (5) (47) (2) (17) (44) (32) (26) (6) (21) (13) (34) (14) (8) (27) (43) (39) (19) (50) (36) (25) (30) (31) (49) (12) (4) 
20 (5) (38) (17) (32) (42) (6) (44) (12) (21) (18) (22) (45) (49) (1) (24) (30) (34) 
21 (36) (50) (17) (39) (8) (38) (29) (16) (48) (18) (4) (9) (7) (10) (42) (13) (37) (20) 
22 (17) (10) (36) (2) (1) (19) (40) (15) (50) (30) (28) (20) (16) (35) (31) (21) 
23 (10) (42) (48) (8) (24) (37) (30) (1) (11) (15) (35) (12) (3) (4) (47) (32) (7) (25) 
24 (12) (16) (44) (21) (37) (15) (36) (43) (50) (22) (20) (13) (47) (48) (1) (17) (2) 
25 (1) (45) (34) (41) (24) (27) (33) (47) (12) (20) (19) (5) (30) (2) (3) (23) (11) (49) (8) (7) (35) 
26 (48) (46) (28) (12) (4) (31) (3) (42) (14) (45) (5) (39) (41) (33) (27) (47) (13) (44) (20) (35) 
27 (33) (29) (20) (2) (16) (37) (12) (47) (44) (30) (3) (4) (11) (34) (15) (36) 
28 (4) (32) (15) (6) (45) (9) (13) (5) (41) (37) (25) (34) (26) (38) (40) (28) (3) (17) (49) (31) 
29 (28) (10) (42) (21) (2) (39) (17) (41) (38) (19) (34) (24) (13) (36) (47) (49) (23) (9) (33) (1) (45) (46) (12) (6) 
30 (43) (29) (22) (50) (16) (5) (33) (23) (9) (3) (34) (36) (28) (32) (2) (46) (39) (40) (24) (44) (19) 
31 (27) (28) (38) (5) (45) (2) (1) (3) (34) (39) (6) (18) (42) (31) (16) (50) (17) (44) (22) 
32 (39) (28) (23) (6) (46) (10) (15) (21) (11) (16) (19) (45) (47) (30) (17) (40) (22) (24) (34) (20) (26) (7) (35) (38) 
33 (18) (38) (27) (39) (5) (40) (4) (24) (22) (1) (36) (32) (10) (8) (30) (15) 
34 (31) (25) (5) (19) (7) (15) (48) (41) (38) (22) (30) (17) (2) (37) (44) (43) (50) (16) (6) (39) (28) (12) (45) (18) (32) 
35 (17) (46) (32) (28) (29) (9) (38) (50) (19) (45) (30) (48) (35) (11) (39) (5) (34) (47) (6) (26) 
36 (34) (28) (42) (17) (7) (27) (8) (24) (23) (40) (39) (37) (31) (36) (35) (9) 
37 (22) (29) (31) (20) (48) (32) (34) (4) (16) (42) (7) (23) (47) (11) (10) (41) (21) (8) (46) 
38 (46) (45) (12) (10) (48) (22) (49) (47) (1) (25) (15) (43) (18) (29) (42) (2) (30) 
39 (4) (14) (24) (33) (38) (49) (26) (20) (40) (36) (32) (39) (27) (13) (11) (1) (9) 
40 (20) (39) (43) (31) (3) (32) (10) (2) (21) (17) (8) (23) (35) (18) (30) (19) (40) (29) (50) (16) (45) (1) 
41 (27) (47) (6) (15) (38) (20) (9) (11) (5) (26) (36) (1) (17) (44) (12) (43) (37) (42) (28) 
42 (40) (14) (13) (17) (32) (42) (28) (34) (48) (23) (16) (36) (6) (2) (33) (7) (47) (30) (9) (41) (27) (22) (18) (50) (10) (43) (19) (44) 
43 (39) (10) (23) (4) (48) (28) (37) (9) (16) (2) (8) (44) (6) (47) (38) (11) (12) (29) (40) (1) (18) (43) (19) (32) 
44 (33) (15) (31) (50) (46) (26) (34) (21) (19) (12) (41) (4) (28) (39) (11) (37) (32) (22) (25) 
45 (37) (1) (31) (4) (46) (49) (2) (32) (29) (24) (50) (42) (12) (23) (21) (45) 
46 (36) (4) (14) (33) (40) (30) (25) (50) (29) (34) (3) (18) (26) (42) (47) (9) (15) (2) (28) (24) (16) (1) (19) (22) (39) 
47 (30) (38) (24) (20) (50) (33) (29) (36) (41) (7) (49) (21) (44) (9) (19) (27) (8) (42) (23) (43) (17) (3) (2) (10) (25) (47) (18) 
48 (39) (40) (19) (23) (27) (3) (46) (36) (35) (26) (18) (32) (37) 
49 (7) (47) (2) (22) (37) (50) (13) (30) (49) (48) (21) (28) (5) (26) (36) (12) (24) (39) (43) (33) (17) (10) (45) (1) (6) 
50 (31) (5) (45) (16) (29) (47) (39) (33) (10) (4) (25) (27) (38) (19) (17) (23) (49) (36) (34) (48) (40) 
