0
50
50
1 (45) (37) (1 7) (12) (24 6) (13 18) (11) (9) (42) (33 44 23) 
2 (28) (6) (2 26 5 24 35) (9) (21 18) (40) (41) (20 7 30) 
3 (29 3) (36) (10 11 44 33) (5 45) (31) (38 42 12) (14) 
4 (33) (27 19) (40 38) (35) (10 26) (13 41) (21) (1) (9 5) (48) (17) (3 4) (29) (30) 
5 (42 44 8 27 24) (2 43) (38 6 10 14) (28 4) 
6 (15 34) (29 39 8 16) (35 10) (50) (1) (33) (27 14) (36 19) (32) 
7 (10 37) (3 25 19) (15 24) (49) (29 11 38 30) (41 26 48 22) (14) (18 23) 
8 (29) (14) (3 30) (5) (7) (22) (36 47) (10 8) 
9 (4 11) (12) (16 25) (48) (30) (3) (26) (27) (42) (37) (10) (49) 
10 (42 38 27 9 7 43) (44) (8) (14) (46) (13 31) (23) (32) (20) (28) 
11 (18) (38) (22 35 48) (44 46) (37) (10) (50) (34 24) (33) (6) (32) (25) (17 27) 
12 (5) (25) (11) (4) (1) (35) (21 10) (16 37) (47) (45 9 33) 
13 (17 20 12) (31) (6) (41) (32) (21) (48 39) (15 30 14) 
14 (23 3) (42 45 25 24 14 34) (36) (47 9 1) (28) 
15 (42 44) (13 31) (47) (9 33 45 14) (15 17) (18) (19 35) (11) (20 21) 
16 (14) (31) (44 36 1 13 32 29) (15) 
17 (42) (2) (31) (10) (25) (34 43) (5 40) (47) (46) (7) 
18 (27) (32 44 28) (35 34) (41) (33) (20 21) (16) (43) (40) (10) (48 26) 
19 (28) (47) (19) (38 13) (24 45) (32) (46) (49) (25) (3) (5) (6) (12 31) (48 23) (35 11) (16 21) (29) (14) 
20 (35) (8) (4 46) (41) (1) (30 17) (15) (22) (13 21) (3 37) (50) (25) 
21 (34) (26) (43) (28) (6 13 32 11 48) (30 18 31) (14) (3 45 37) 
22 (4) (40 45) (23 50) (46) (14) (1 42) (7 33) (30) (12 21) (22) 
23 (48 12) (23) (15 44) (1) (6) (38) (40 37) (13) (17 2) 
24 (19) (50 47 23) (16) (13 28 38 46 20 34 15 4) 
25 (20) (14 37) (6) (42) (36) (41) (23 4 44) (26) (10) (48 8) 
26 (12) (35) (27) (23) (30 4 11 21 41 32) (39) (20 44) (46 5) 
27 (12) (45 26) (17) (27 9 36 48) (44 39) (43) (31 32 22) 
28 (16) (7) (48) (19) (5) (47) (4 20 10 1 6) (34) (26 18) 
29 (11 4) (10) (19) (6) (18) (25) (31 33 1) (15) (7) 
30 (27) (25) (31) (37 22 40 18) (44) (33) (17) (32) (28) (3 29 49) 
31 (44 46) (33 14 48) (20 45) (27 26 43) (16) (24) (17) (49 37) (6) (23) 
32 (5) (2) (48) (17) (15) (28) (50 27) (39 29 43 46 26 4) (37) 
33 (26 12 9 18 28) (10) (38) (7 37) (5 41) (31 2) (11) 
34 (5) (28 18 27) (33 41 39 36) (21 29 2 6) (22) (15 37) 
35 (29) (16) (10) (4) (37 28) (36 11 5 32) 
36 (1) (13) (39) (41) (2) (23) (11 24 31) (38) (42) (29 27) 
37 (10) (1 44 6 41) (39) (35 16) (24) 
38 (12) (19) (14) (1) 
39 (21 46) (18 45) (27 44) (26) (34 15) (42) (2 48) 
40 (45) (44 37) (14 42 48) (8 27 11) (2) (38 35) (31 39 15) 
41 (30 11) (28) (39) (23 1) (14 10 31) (27) (41) (13) (4) (49 6) (5) (46) (19) (12) 
42 (17) (11 1) (6) (30) (2) (42) (21 26) 
43 (29 35) (22 6) (24 21 9) (40) (17) (8) (7) (20) (28) (10) (31) (47) 
44 (15) (35 39 14 48 30) (1) (41) (22) (43) (17 44) 
45 (40 21 25) (32) (43) (28 1) (39 35 22) (17) (19) 
46 (36 11) (47) (1) (4) (27) (15) (22) (28 39) (45 42) (35) (19) (23 33 12) 
47 (12 20) (18) (31 43 9 16 35) (44 45) (5) (42) 
48 (43) (28) (42) (16) (45 15) (40 17) (5) (32 3) (39 33 31 47) (24 50) 
49 (35) (18 33 37) (46 24 39 11 22) (6 15) (45) (50) (1) (3 13) (8 19) (43) (34) 
50 (12) (20) (39 11 10) (2) (28) (42) (17 9) (1) (41) (5) (40) (29) (18) 
1 (22) (16) (46) (42) (14) (41) (44) (28) (45) (4) (23) (50) (49) (20) (6) (29 12) (38) (1) (36) (37) 
2 (32) (17) (33) (36) (23) (5) (40) (39) (50) (2) (42) (34) 
3 (19) (8) (49) (9) (3) (4) (7) (20) (30) (14) (21) (48) 
4 (20) (12) (28) (25) (32) (41) (35) (4) (26) (24) (29) (22) (46) (5) (9) 
5 (4) (2) (17) (41) (34) (33) (3) (50) (47) (12) (32) (26) (35) (28) (19) (48) (8) 
6 (43) (25) (5) (23) (2) (37) (49) (42) (1) (41) (21) (34) (28) (19) (31) (13) (29) (11) 
7 (28) (17) (10) (29) (22) (2) (33) (1) (43) (8) 
8 (8) (6) (5) (10) (20) (43) (49) (25) (40) 
9 (14) (10) (33) (27) (50) (43) (4) (47) (2) (1) (12) (15) 
10 (3) (41) (33) (11) (4) (18) (29) (6) (8) (50) (17) (43) (25) (37) (9) (7) (5) (35) (28) (12) 
11 (46) (42) (1) (50) (9) (12) (26) (29) (36) (41) (21) (49) (3) (19) (7) (35) (33) (40) (15) 
12 (23) (33) (46) (22) (9) (27) (1) (50) (19) (41) (38) (47) (26) (13) (3) 
13 (1) (4) (20) (15) (36) (23) (16) (49) (19) (10) (41) (24) (21) 
14 (38) (7) (31) (40) (22) (5) (44) (10) (41) (25) (3) (16) (6) (14) (8) (21) (15) (13) (19) 
15 (16) (7) (40) (29) (44) (32) (24) (6) (46) (39) (48) (13) (15) (20) (34) (49) (23) 
16 (31) (24) (35) (28) (18) (6) (48) (37) (47) (9) (19) (12) 
17 (43) (31) (30) (4) (20) (48) (11) (42) (27) (13) (15) (50) (32) (23) (44) (45) 
18 (50) (1) (2) (21) (33) (29) (7) (34) (39) (47) (30) (11) (49) (28) (15) 
19 (15) (28) (24) (6) (49) (29) (4) (38) (41) (19) (7) (46) (45) 
20 (13) (15) (18) (28) (24) (43) (50) (31) (25) (47) (10) (26) (2) 
21 (43) (4) (26) (42) (19) (45) (34) (20) (22) (15) (2) (39) (13) (18) (12) 
22 (20) (22) (34) (43) (8) (45) (11) (7) (44) (49) (30) (27) (46) 
23 (14) (24) (7) (19) (22) (31) (36) (46) (1) (41) (23) (25) (10) (26) 
24 (48) (36) (37) (11) (14) (43) (49) (2) (19) (31) (1) (7) (5) 
25 (11) (45) (20) (19) (29) (14) (17) (9) (12) (7) (30) 
26 (31) (4) (7) (28) (9) (21) (32) (18) (39) (33) (42) (25) (27) (2) 
27 (46) (32) (5) (30) (11) (6) (18) (40) (10) (9) (27) (36) (34) (39) (41) (26) (31) (4) 
28 (33) (45) (35) (2) (21) (46) (30) (34) (24) (32) (19) (43) (41) (10) (50) (14) (48) (18) (5) 
29 (34) (35) (50) (30) (32) (16) (6) (7) (8) (43) (4) (36) (3) (19) 
30 (22) (2) (21) (26) (9) (42) (7) (13) (41) (8) (44) (20) (4) 
31 (10) (17) (40) (27) (16) (21) (36) (33) (13) (48) (41) (15) (3) (29) (19) (47) (30) (43) 
32 (19) (10) (45) (30) (13) (16) (6) (21) (26) (11) (27) (48) (35) (18) 
33 (31) (34) (11) (12) (4) (48) (46) (22) (1) (15) (49) (3) (6) (30) (18) (29) 
34 (21) (11) (49) (17) (18) (28) (39) (6) (14) (24) 
35 (37) (12) (11) (19) (46) (2) (15) (26) (44) (43) (4) (20) (40) (49) (18) (6) (45) (47) 
36 (14) (8) (35) (46) (27) (3) (16) (34) (6) (25) 
37 (21) (20) (33) (25) (7) (9) (23) (32) (1) (31) (49) (12) (35) (34) (30) (40) (11) 
38 (19) (5) (4) (10) (24) (11) (33) (3) (40) (36) (7) (23) 
39 (48) (32) (45) (50) (44) (36) (41) (46) (37) (13) (6) (26) (49) (40) (34) (27) 
40 (18) (4) (17) (22) (2) (45) (30) (43) (50) (48) (23) 
41 (4) (37) (36) (25) (13) (18) (26) (44) (33) (2) (20) (7) (41) (34) (50) 
42 (3) (39) (9) (25) (22) (5) (17) (14) (50) (47) (10) (40) (1) (15) (42) (48) (46) (36) 
43 (32) (31) (49) (27) (48) (17) (5) (44) (21) (18) (45) (47) (10) 
44 (30) (10) (23) (31) (27) (5) (1) (26) (15) (39) (11) (44) (25) (18) (3) (16) (47) (40) (37) 
45 (40) (47) (27) (21) (1) (39) (48) (14) (31) (12) (22) (46) (15) (3) (19) (49) 
46 (32) (24) (19) (49) (31) (41) (11) (22) (10) (26) (17) (39) (20) 
47 (17) (24) (43) (14) (19) (12) (15) (8) (28) (48) (46) 
48 (39) (21) (28) (44) (40) (31) (11) (25) (13) (4) (32) (23) (27) (9) (18) (19) (7) 
49 (9) (30) (31) (7) (19) (41) 
50 (32) (22) (48) (49) (11) (6) (20) (24) 
