0
50
50
1 (21 14 35) (15 5 38 48 16 19 41 44 8 20 40 23) (13 43 33 1 17 24 9 32) (30) (10 37 42) (27 6) (49 28 18 4 22 46 25) 
2 (16 34 20 19) (42 45) (40 47) (32 30 46 29 26) (17 7 24 49 38 9 15 28 33 31 1) (50 10 37 11 36 21) 
3 (22 32 9 49 48 24 26 23 4 35 12) (21) (11 36) (16 25 27 1 14 10 50 47 39 31 7) (15 20 45 6 33) (44 46 43) (3 34 38 28 2) (42 17 41) 
4 (3 12 16 13 21 32 36 20 38 42 17 48 39 35) (7) (11 9 40 10 5 46 41 30) (24 37 14 33 31 2) (49 23 25 19 6 29) (4 18) (50) (27 45 8 34) 
5 (40 19 17) (24 46 39) (50 22 30) (36 33 11 41 13 3 15 28 26 1 21) (12) (38 5 49 14) (48 18) (16 42 7) (45) 
6 (3 7 39 50 1 25) (18 6 14) (41 27 24 26 34 31) (44 5) (16 40 2) (15) (4 21) (17 42) (12 33 43 20 10 29) 
7 (29) (25 1) (47 3 48 33 13 27 9 26 11 19) (49 44 50 38 4 23) (15 16 17) (28 12 36 46 21 43 34 42 6 14 35) (40) (5 20) 
8 (35) (3 43 48 22 39 25 23 14 30 44 31 20 11 42 45 9 1 46 24 13 37 16 27 33 7 28) (8 47 15 50) 
9 (36 50 6 40) (17 5 28 24) (42 46 13) (33 12 8 15 43) (9) (14 48 37 45 20) (19 22 3 47 23 30 35) (49 34 38 39 31 10 18) 
10 (42 21) (25 47) (38 8 14) (34 19 5 48 4 43 26 9 27 16 44 24 30 18) (28 49 32) (33 15) (17 10 36 45 37 22 35 31 23) 
11 (39 44 50 11 1 19) (5 35 32 34 6 18) (47 17 30 4 21) (40 10 13 2 46 49 37 25 3 8) (42 29) (16 27 22) 
12 (38 25 13 40 48) (24 19 35 46 14 49) (23 18) (20 6 17) (39 1) (3 28 5 31 33 34 47 50) (11 32) (7 22 29 36 42 41) 
13 (9 43 32 45) (23 42 48 38 50 37 21 17 27 29 40 34 12) (30 1 13) (46 26) (44 18) (24 5 20 4 15 6 35) (25 11 7 49 31 8 36 41) 
14 (8 46 15 48 12 17) (37 28 11) (25 4 20 34 41 5 31 13) (1 40 27 42 7 24 49 3 10 9) (6) (50) (39 2 26 30 35) 
15 (4 3) (27 47) (41 20 17 42 1 23 12 22 32) (43 29) (8 14 16 49 33 34 45 44 35 18 5) (26 46 37) (36 31 28 50) (9 2 30) 
16 (22 33 45 11 40 21 5) (47 43 25) (34 29 44 37 24) (18 28 17 49 19 2) (41 46) (23) (1 20 4 42 7 13 27) 
17 (2 50 20) (23 30 48 6 34 19) (43 15 3) (40 42 36 38 39 47 8 21 24) (33 27 37 41 49 10 12) (22) (18 5 7 31) (25) (35 17 11) (45) 
18 (45 38 15 31 21 33 43) (11 36 29) (28 49 7 26 25 12 41 50 24 9 40 3 8 27 17 20 6 46 47 1 37 34 10 32) 
19 (31 18 5 9 32 44 13 20 46 40 39 15 35 38 42) (4 16 3) (26 2 1 21 14 37 17 33 11 48 45 19) (27 8 29 30) 
20 (17 26 41 27 39 20 44 35) (49 47) (21 2 23 5 48 32) (38 24 3 4 18 13 34 19 25 29 37 16 50 12 15 33 10 40) (36) (14 6 9) 
21 (22) (50) (36 2 21 1 26) (29) (24 46 25 47 43 37 6 33 19) (7) (15 39 18 17) (30) (16 38 20) (27 40) 
22 (18) (43 29 16) (38 28 9 5 44 3 10 34 7 25 4 41 30) (26) (24 20 32 49 17 47) (22) (37 13 48 27 36 2 31) (39 35 45 12) 
23 (3 33 27 44 26 7 4) (39 24 31 11) (1 6 29 50 14) (13 23 30 46 15) (9 2 43 5 40 34) (17 12 37 41 25 16 45 35) 
24 (13 30 34 17 14 46 9 38 10 12 40 3) (41 47 43 26 39 42 11 24 22 28 50 4 25 6 48 1 21 7) (8 35 37 23 27 18 32) (45) (20 36) 
25 (45 15) (2 19 12 11 8 43 23 29 32 33 3 42) (6 14 36 38) (4 40 35 10) (39 26) (37 7 16 9 21 44 27) (5) 
26 (26 49 47 3 21 28) (35 9 37 48 38) (11 32 50) (12 43) (22) (29 7 8 36 2 42 5) (17 23 14) (27 4 15 16 6 45 20 44) (30 46) 
27 (35 49 6 8 18) (2 34 29 15 44 17) (16 13 32 20 46 50 38 21 11 33 10) (3) (36) (26 39 25 31 30 14 41 47 1) (37 22) (45) 
28 (42 10 6 29 35 34 50) (49 17) (31) (27 43 11) (16 48 23 41 25 38 18) (7) (36 21 8 1 20 13 12 37 32) 
29 (8 37) (21 41) (43 40 14 46) (3) (50 27 30 26 48) (31 25 18 29 17 38 45 4 32) (12 49 22 23 34) (42 44 20 6) (2) 
30 (40 41 14) (6 12 48) (31 37) (28 27 1 35 29 26 17) (36 3 4 20 21 15 23 34 11 50) (39) (46 49) (30 45 32 7 38) 
31 (9 49 6 36) (42 7 18 29 43 4) (12 34 21 23) (13) (32 48 2 15) (11) (47 35 10 25 37 46 31 28 14 5 41) (27) (38 26 40 30 17) 
32 (31) (25 28) (45 39 42 50) (47 33 9 17 2 1) (21 6 20 4 14 8 40) (5 30 44) (11 7 29 32 41) (22 24) (3 16) 
33 (12 14 50 41 35 42 5 47 43 7) (33 28 30 32) (39) (24 31 1 48) (25) (20 46 19 26 45 18 21 22 34 29 40 6) 
34 (10) (42 9) (26) (38 39 19) (25) (7 29 32) (24 41 27 5 40 16 43 44 31 2 11 45) (20 48) (1) (3) (47 34) (6 12 46 33 8) 
35 (13 12 3 40 25 17 41) (29) (5 34 7 45 23) (21 47) (26 46) (19) (43 35 24 33) (6 9 32 31 36 1 14 28 8 49 44 50) (16 15 10 38 11 37 18) 
36 (19 17) (31 29 34) (39 43 3 27 30) (12 48 38) (9 2 15) (44 1 10 33 37 36 40 49 8 26 32 45) (50 6) (28 24) (20 4 13 25 18 22) 
37 (2 47) (8) (39 16 9 41) (34 30 43 25 29 15 26 27) (21) (42 49 20 13 22 17 50 5 32 35 4 19 38) (33 1) (24 11 28 37) (36 40) 
38 (16) (43 27 45 47 21 42 7 48 26 34 38 25 31 6 41 19 44 11 2 49 5 33 4 35) (28 40 46 3 14) 
39 (38 7 11) (43) (34 33 20 37 35 24 19 32 46 2 8) (17 5) (23 29) (9 41 12 47 42 48 27 30) (49 45 44 16 31) 
40 (17) (16 36 9 38 4 44 40 21 48 35 25 23 18 47) (15 39 20 24 6) (42 7 37 41 31 34) (46) (30 50 3 12 8) (13 29 45 22 32 2 10) 
41 (13 38 36 2 20) (3 39) (44 41 37 46 28 8 5 1 34 24 45 31 7 23 6) (30) (33) (18 42 9) (26 19) (11 14 27) 
42 (18 38) (20 25 37) (7 43 33) (41 6 35) (5 27 21) (1 32 10 36 22 26 42 15 24 46) 
43 (45 23 41) (32 47 35 12 14) (21 1 20 10 31) (17 30 15 46 40 33) (3 29 50 34 26 7 42 19 48 9) (27 11 6 22) (49 37 13 25) 
44 (37 17 7 20 16 50 27 26 29 49 36 12 32 25) (2 35 45 10 34) (39 42) (28 13 15 41 1 31 40) (14 18 21 30 43 6) 
45 (24 3 18 19 38 34 10) (17 50 4 28 49 36) (11 35 6 7) (40 47 14 1 32 41 21 22 26 30 31 8 43) (29) 
46 (43) (28) (31) (41) (48 42 18 20 35 10) (14) (1 12 39 7 4) (24 6 29 45 49 34 37 19) (46 36 8 3) (16 17 44) (25) 
47 (26) (45 4 40 38) (28) (46 47 41) (48 19 10 9 17 23 43) (15 2 44 24) (6 7 20 30) (14) (5 11 12) (16) (50) 
48 (30 31 46 9 39 37) (45) (14 18) (11 2) (25 36 22 34) (29 43 8 24 38 32 41 16 15 35 13) (48 50 10) 
49 (28 12 25 34 1 2 50 37 13 20 11 8 39 43 4 17 44 40 30) (22) (33) (38) (16) (46 18 36 27 45 14 7 9 23 31) (47 3 15) 
50 (20 16) (40 14) (32 13 23 1 17 19 29 24 12) (30) (37 48 5 3 27 47) (33) (4 42 45 46 34 35 15 10 11 22) (18 6 36 25 39 44 28) 
1 (16) (3) (28) (12) (15) (36) (7) (44 14 46 19 1) (11 43 13 24) (50 8) (32) (41) (21 27 5 6 35 42 33 45 49 34) (18 37 30 2 23) 
2 (41) (3) (6) (21) (11) (27) (15) (49) (36) (48) (19) (23) (37) (39 17) (34 40 4) (25) (16) (38 29 44) (22 14 32 26) (31 20 47) 
3 (30) (6) (45) (8) (19) (23) (34) (46) (35) (12) (11) (14) (25) (26) (49) (18) (3) (38) (50) (5 4 17 32 40 15 20 9) (7 22 27 24 36 29 41 43) 
4 (16) (49) (32) (29) (46) (10) (37) (24) (22) (23) (1) (26) (15) (47) (14) (38) (30) (13) (6) (3) (11 4 36 50) (25 45 31 19 40 7) (20) 
5 (7) (34) (25) (6) (31) (19) (14) (11) (37) (33) (38) (4) (47) (13) (12) (9) (42) (35) (15) (26) (50) (23) (39 16 41 20 32) (5 17 22 10 1) 
6 (23) (44) (3) (27) (13) (1) (31) (32) (20) (26) (41) (47) (21) (18) (28) (9) (29) (38) (50) (40) (36) (35) (6) (24 17) (43 46 14 11 34 42 25) (45 33) (12 4 30 7) 
7 (31) (21) (6) (24) (3) (41) (49) (12) (4) (34) (23) (40) (28) (30) (32) (38) (39) (43) (25) (47) (42) (8) (45) (5) (14) (13) (16 46 17) (35 33) (18 44 2 26 22) 
8 (17) (46) (45) (34) (35) (41) (11) (1) (25) (13) (28) (18) (15) (19) (10) (9) (36) (37) (26) (39) (48) (49) (29) (8) (40) (32) (24) (4) (27 14) 
9 (37) (22) (1) (14) (49) (36) (9) (25) (35) (34) (47) (23) (18) (10) (2) (4) (40) (26) (39) (24) (41) (19) (20) (13) (32) (3) (31) (8) (7) (43 48 15) 
10 (35) (1) (20) (44) (18) (14) (31) (25) (40) (17) (48) (2) (10) (28) (34) (46) (45) (43) (11) (24) (42) (9) (6) (4) (47) (3) (27) (36) (22) (50) 
11 (4) (19) (43) (39) (24) (12) (27) (16) (38) (11) (13) (18) (48) (28) (47) (2) (41) (23) (7) (45) (35) (49) (17) (31) (14) (5) (8) (3) (30) (37) (25 34 26 50 32) 
12 (29) (4) (3) (22) (39) (5) (7) (18) (33) (49) (40) (43) (46) (44) (31) (15) (9) (25) (35) (36) (17) (50) (34) (13) (47) (14) (30) (26) (20) (6) (28 24) (23) 
13 (13) (12) (11) (1) (8) (35) (31) (37) (27) (5) (24) (43) (49) (40) (28) (9) (36) (41) (44) (23) (22) (20) (16) (48) (50) (4) (14) (7) (19) 
14 (10) (31) (19) (20) (49) (26) (6) (24) (38) (7) (25) (35) (27) (43) (4) (33) (30) (9) (41) (12) (15) (44) (3) (45) (50) (48) (23) (46) (1) (29) (5) (8 32) (47) 
15 (5) (35) (25) (3) (2) (20) (6) (42) (36) (21) (44) (43) (13) (8) (18) (14) (7) (48) (27) (10) (40) (31) (30) (17) (49) (47) (26) (1) (23) (19) (50) (9) (37) 
16 (8) (21) (39) (32) (35) (4) (50) (49) (48) (25) (44) (19) (22) (20) (38) (7) (1) (3) (2) (40) (5) (37) (47) (10) (34) (6) (26) (46) (11) (23) (27) (15) (28) 
17 (10) (30) (16) (43) (6) (4) (2) (24) (14) (49) (22) (45) (1) (29) (31) (26) (50) (47) (15) (32) (19) (28) (17) (13) (37) (3) (46) (40) (27) (44) (21) (18) (36) (23 35 12 11 39 9 5) (7 20) 
18 (27) (40) (42) (50) (17) (10) (20) (12) (4) (44) (46) (21) (6) (19) (22) (13) (24) (35) (1) (36) (33) (41) (49) (16) (48) (5) (28) (29) (45) (31) (15) (9) (11) 
19 (37) (10) (19) (20) (50) (1) (16) (38) (39) (12) (35) (9) (36) (47) (34) (17) (43) (4) (11) (46) (33) (21) (41) (45) (7) (5) (2) (25) 
20 (24) (40) (26) (17) (46) (7) (6) (8) (2) (39) (16) (15) (3) (30) (34) (44) (27) (49) (19) (1) (47) (32) (50) (29) (13) (12) (22) (41) (20) (9) (21) (33) (14) (43) (37 42 4) (28 18 36) 
21 (7) (21) (3) (29) (45) (42) (13) (40) (16) (44) (27) (30) (25) (20) (26) (43) (31) (37) (5) (1) (11) (38) (28) (35) (2) (17) (10) (19) (33) (18) (24) (6) (32) (4) 
22 (12) (27) (15) (50) (8) (1) (37) (43) (32) (45) (36) (5) (29) (42) (17) (49) (33) (16) (3) (48) (24) (9) (40) (22) (11) (26) (10) (21) 
23 (20) (10) (43) (7) (9) (16) (1) (26) (50) (41) (47) (15) (8) (17) (28) (3) (25) (4) (23) (39) (49) (24) (31) (35) (12) (13) (30) (40) (29) 
24 (48) (39) (8) (17) (35) (13) (18) (45) (4) (20) (50) (1) (24) (46) (9) (40) (33) (21) (23) (41) (34) (10) (14) (47) (12) (6) (16) (3) (5) (37) (22) (2) (36) (32) (42) 
25 (13) (34) (46) (27) (43) (14) (40) (24) (44) (18) (3) (16) (38) (28) (32) (31) (21) (42) (33) (50) (6) (29) (1) (37) (17) (22) (7) (35) (8) (20) (36) (10) (23) (11) (48) (49) (12 4) 
26 (37) (23) (38) (2) (35) (34) (19) (43) (27) (18) (5) (41) (31) (13) (24) (21) (29) (36) (20) (26) (25) (15) (33) (44) (45) (22) (47) (42) (30) (3) (6) (14) (10) (7) 
27 (14) (43) (21) (13) (22) (15) (16) (41) (37) (4) (26) (1) (6) (29) (30) (7) (19) (24) (11) (25) (38) (17) (34) (42) (36) (31) (18) (3) (49) (20) (10) (8) (44) (23) (50) (28) (39) 
28 (15) (8) (36) (12) (24) (50) (32) (49) (1) (22) (26) (14) (16) (31) (35) (9) (33) (2) (18) (3) (7) (38) (44) (10) (45) (46) (41) (5) (37) (47) (30) 
29 (35) (4) (36) (48) (19) (16) (25) (27) (32) (23) (31) (33) (13) (45) (34) (2) (7) (43) (11) (12) (21) (44) (46) (50) (28) (30) (18) (39) (20) (26) (15) (40) (29) (37) (6) (22) 
30 (8) (32) (1) (4) (27) (30) (39) (26) (23) (37) (49) (17) (47) (33) (44) (19) (13) (24) (22) (9) (11) (41) (2) (43) (21) (40) (50) (45) (29) (31) (5) (36) (15) (10) (14) (48) 
31 (30) (44) (48) (45) (2) (31) (19) (3) (6) (12) (13) (22) (34) (23) (38) (49) (17) (35) (46) (41) (43) (28) (39) (36) (32) (4) (27) (33) (10) (15) (9) (40) (8) (18) (29) (14) 
32 (34) (40) (18) (36) (20) (3) (35) (32) (13) (45) (26) (11) (28) (33) (15) (31) (43) (12) (44) (39) (2) (48) (50) (24) (19) (30) (22) (27) (37) (4) (29) (25) (10) (42) (1) 
33 (21) (34) (10) (42) (36) (17) (16) (1) (9) (37) (15) (49) (18) (43) (33) (23) (3) (7) (12) (32) (35) (8) (6) (50) (2) (4) (19) (27) (25) (5) (20) (39) (41) (38) 
34 (13) (33) (14) (7) (39) (2) (49) (37) (30) (38) (18) (45) (10) (27) (44) (28) (35) (11) (16) (24) (20) (31) (46) (48) (3) (6) (36) (4) (43) (15) (34) (23) (41) (50) (40) (22) (17) (29 9) (12) 
35 (14) (27) (48) (28) (22) (8) (31) (50) (43) (33) (1) (39) (42) (45) (35) (46) (17) (40) (13) (26) (25) (15) (3) (19) (11) (37) (20) (12) (10) (7) (24) (9) (38) (23) (44) (4) (30) 
36 (20) (36) (5) (7) (41) (15) (49) (44) (27) (48) (10) (9) (18) (40) (45) (4) (30) (26) (46) (17) (3) (31) (24) (22) (12) (35) (13) (50) (28) (2) (37) (21) (42) (25) 
37 (29) (40) (44) (50) (46) (36) (26) (21) (2) (20) (30) (42) (14) (22) (8) (19) (10) (4) (13) (41) (9) (27) (23) (49) (43) (28) (35) (15) (11) (31) (16) (48) (18) (25) (1) (37) (39) (17) (24) 
38 (49) (1) (35) (39) (31) (5) (9) (37) (26) (18) (40) (48) (22) (36) (41) (42) (20) (7) (25) (17) (34) (13) (4) (27) (21) (38) (30) (19) (45) (2) (12) (24) (10) (47) (29) (28) (3) 
39 (33) (36) (34) (27) (30) (12) (19) (20) (3) (21) (41) (9) (22) (44) (5) (32) (25) (40) (37) (48) (46) (14) (49) (17) (23) (6) (24) (11) (50) (4) (8) 
40 (34) (43) (13) (2) (31) (1) (12) (21) (7) (32) (18) (37) (35) (16) (19) (40) (47) (38) (36) (17) (4) (6) (45) (30) (20) (9) (5) (23) (44) (14) (11) (29) (25) (24) (50) (49) (33) 
41 (41) (28) (45) (42) (48) (1) (23) (32) (3) (12) (38) (40) (34) (6) (5) (37) (47) (43) (20) (27) (16) (35) (29) (30) (24) (4) (31) (14) (22) (46) (13) (39) (44) (33) (17) (18) (15) 
42 (2) (11) (13) (26) (4) (10) (32) (39) (16) (29) (38) (12) (43) (5) (44) (25) (42) (46) (3) (34) (6) (19) (17) (28) (1) (9) (24) (14) (50) (41) (37) (31) (7) (8) (33) (40) (15) 
43 (8) (1) (9) (42) (31) (25) (39) (7) (46) (28) (35) (45) (49) (21) (17) (48) (22) (29) (16) (44) (6) (13) (3) (33) (26) (24) (47) (23) (18) (34) (36) (10) (15) (37) (38) 
44 (47) (26) (35) (10) (23) (13) (6) (50) (41) (7) (38) (36) (34) (46) (22) (40) (39) (16) (25) (27) (49) (19) (8) (29) (3) (32) (11) (20) (1) (15) 
45 (47) (2) (3) (29) (35) (32) (33) (49) (19) (9) (26) (24) (34) (22) (27) (46) (39) (36) (13) (8) (23) (15) (4) (50) (18) (38) (43) (48) (40) (16) (5) (30) (17) (10) (44) (25) (41) 
46 (23) (4) (1) (47) (21) (3) (8) (18) (24) (48) (15) (2) (9) (12) (30) (27) (7) (26) (49) (16) (50) (38) (31) (34) (39) (42) (14) (29) (40) (5) (46) (35) (41) (13) (11) (19) (43) (33) 
47 (31) (2) (7) (26) (37) (50) (8) (12) (21) (20) (16) (9) (45) (34) (15) (40) (38) (22) (43) (17) (33) (11) (27) (32) (35) (47) (3) (18) (49) (10) (39) (24) 
48 (40) (17) (33) (43) (36) (4) (13) (24) (46) (10) (29) (30) (34) (28) (38) (7) (14) (47) (19) (31) (39) (12) (26) (20) (8) (9) (50) (22) (1) (3) (48) (5) 
49 (36) (35) (4) (29) (11) (17) (43) (26) (46) (20) (37) (15) (2) (14) (9) (44) (22) (18) (31) (39) (1) (38) (3) (7) (5) (30) (13) (12) (27) (10) (28) (16) (45) 
50 (32) (24) (49) (30) (13) (12) (17) (3) (2) (28) (29) (35) (43) (11) (6) (27) (20) (48) (40) (33) (7) (4) (26) (21) (44) (15) (9) (5) (18) (14) (36) (23) (37) (8) (47) (45) 
