0
50
50
1 (5 42) (45 43 40 48) (25) (46 10 22 34) (36 9) (38) (4 6) 
2 (34) (10 13) (1) (8 17 7 26 43 42 39 48) (33 27) 
3 (27) (9) (37 39 25) (1 31) (36) (15 34) (17 16 19) (35) (48 3) (13 23 7) 
4 (7 40 38 41 9 28 18) (10 49 50) (16 25 48 26 11 20) (43) (35 30) (42) 
5 (6 12) (44 30 32 16 23) (29) (3 19) (46) (41) (8 49) (43) 
6 (28 19 18 15) (24) (49 6 50 29 40 7) (3) (46 41) (47) (1) 
7 (3) (33 31) (4 8 16 45 38 9) (47) (39) (18 21 14 44 25) (7) (2 37) (43) 
8 (12 24) (46 17 19) (10) (47) (48 6) (26) (4) (33) (40 38) (28 31) (36) 
9 (15 18) (40 17 9) (2 12 22) (21 35 20 7 45) (34) (16 10) (46) (31) (3) 
10 (47 2) (7 26) (14 32) (17 18) (43 49 24) (29 25 22) (11 36 4) 
11 (10) (7 44) (2 32) (35) (9 45 21) (31 11 49) (42 46) 
12 (45) (14 34) (5) (16 47 48 31 4) (10) (24 7) 
13 (33 39 30 15) (34) (19) (50 45 11 22 28) (49 21) (24) 
14 (32 41) (43 14 21) (31 4 6) (37) (13 19 33) (18) (38) (27) (34) 
15 (36 10) (6 1 24) (48 26) (7) (16 39 8) (21) (38 11) (19 18 37) (13 43 29 5) 
16 (19 15) (4) (39 23 27 33 8 35 32) (30) (20) (25) (1) 
17 (11 21 4 15) (17) (19 27) (28) (14) (41 10 38 43) (25 42 39) 
18 (5) (35 38 10 16) (37) (42 19 24) (9) (49 6 41) (20) (25) 
19 (13 21) (40 18) (45) (32) (3 10 1 48) (33 47) (6 26) (41) 
20 (46 38 48) (29 42) (6 45 39 27) (7 5 26 21) (20 10) (12) 
21 (35 1 23 22) (6 19 50 27 14 24 12) (21 47) 
22 (50 44) (28) (27) (17 42 7) (33) (29) (19 36 40) (35) 
23 (19 1 4 18 42) (43 44 7) (32 47 13 8 37 33) (35 6 12 15 16) (41) (10) (36) 
24 (31 37 33 41 15) (36 21) (25 44 5) (48) (47 32 18 49) (27 23) 
25 (14 7 13 18) (2 35 28 1 33 49) 
26 (22 31 11) (4 38 6 26 36 28 40 15 44) (9 18 47 34) 
27 (39 45 34 2 14) (47 44) (35 37) (32) (38 33) (18 7) (26) 
28 (32) (13 33 19) (38 36) (5 48 24) (3 28) (31 39 21 12) (49) 
29 (16 21 4 41) (2 44 28 12) (38) (43 13) (1 30) (25 33) (7) 
30 (33) (40) (48 43 13) (10 8 22) (24 35) (26) 
31 (26 4 17) (6) (1 41) (10 32 11 30) (50) (34 43) (8) (14 22) 
32 (13) (40 42 43 15) (21 32 12) (26 49 16) (7 27 3) 
33 (20 42 18 35 2) (1 43 38) (11) (10 8) (9 32) (46 17 16) 
34 (36) (37 26 7 43 21 8) (2 35 3) (33) 
35 (23) (36) (35) (1) (21 28) (22 2) (40) (29) (27) (45 17) 
36 (8) (3 9) (10) (50 22) (6 27) (31) (33 4 38 14) (16 1) (25) (17) 
37 (46 19) (21) (3 32) (43) (12 16 27) (1 13) (4) 
38 (19) (9 4 35 39 24) (16 18 36 8) (7) (33) (34 10) 
39 (9 8 19 7) (30 27) (16 48) (2) (32) (26 23) (21 45) 
40 (47) (16) (15) (32 24) (7 35 25) (41) 
41 (31) (47 13) (48 25) (29) (35) (42) (20 15 32 37 28) 
42 (34 17 18 5) (35 7) (32 24 36 13) (12 10 14 21) (43 49) (40) 
43 (15 37) (6) (40 36 8) (43) (17 32 42) (38) (1 3 23 28 19) (25) (22 31) 
44 (18 19 39 26 14) (38 50) (28 30) (40 11) (24) (16) (46) 
45 (36) (42) (34 2 25 14) (24 15 41 30 49) (27 37 9 46) (16) 
46 (45) (1) (47 22 11) (50) (27 29 4 35 23 21) (30 8) (14 38) 
47 (43 11 28 22) (7 13) (12 8) (29 31) (47) (10 40) (30) 
48 (48 49 14) (1 46 10) (4 35 2) (29 5) (28) (26) (17) 
49 (33 44 8) (11) (37 17 29) (24 26) (43) (47) (9 45) (46) (21) (30) 
50 (5 27 30 40 43 8 33) (49) (20) (44) 
1 (36) (46) (19) (37 16) (25) (2) (35 29 48) (33) (21 3 15 6 31) (43 23) 
2 (33) (45) (29) (34) (39) (25) (11) (35) (7) (27) (10) (9 48) 
3 (6) (9) (32) (36) (28) (43) (7) (37) (34) (3) (5) (19) 
4 (26) (16) (23) (8) (10) (36) (48) (1) (37) (38) (12) (31 14) (29 17 7 46) 
5 (24) (28) (42) (18) (1) (15) (12) (50) (48) (20) 
6 (20) (31) (15) (23) (8) (5) (1) (14) (21) (18) (43) (19) (6) (36 26) 
7 (11) (15) (6) (10) (27) (4) (29) (32) (39) (38) (9) (22) (25) (2) (12) (42) (40 20) (7) (3 23) (47) (34) 
8 (31) (5) (33) (46) (47) (49) (38) (43) (34) (15) (16) (50) (23) (39) (30) (36) (2) (7) 
9 (4) (36) (33) (1) (18) (39) (38) (49) (9) (7) (26) (3) (11) (45) 
10 (18) (17) (42) (9) (20) (11) (48) (1) (47) (31) (12) (38) (19) (30) (36) (33) (23) (15) (2) (4) (8) 
11 (13) (31) (46) (10) (4) (26) (47) (49) (15) (11) (44) (17) (33) 
12 (29) (8) (37) (23) (20) (5) (9) (32) (47) (21) (28) (42) 
13 (23) (47) (14) (32) (30) (37) (41) (42) (19) (2) (15) (3) (29) (28) (25) 
14 (25) (46) (31) (12) (10) (45) (7) (44) (14) (17) (42) (21) (48) (27) (36) 
15 (32) (43) (40) (6) (16) (3) (23) (13) (17) (9) (24) (41) (45) (26) 
16 (12) (29) (39) (33) (4) (9) (40) (32) (18) (7) (45) (37) (5) (38) (3) (23) (15) (36) (44) 
17 (31) (42) (48) (17) (36) (10) (35) (33) (2) (43) (9) (8) (3) (22) (49) 
18 (15) (24) (27) (4) (9) (26) (44) (25) (14) (23) (42) (7) (38) (33) (19) (10) (6) 
19 (8) (13) (22) (38) (5) (28) (18) (37) (6) (15) (39) (16) (3) (23) (21) (14) (17) (44) (43) 
20 (4) (20) (16) (9) (18) (50) (33) (41) 
21 (35) (28) (42) (32) (20) (9) (37) (29) (13) (46) (49) (24) (7) (39) (34) (11) (15) (19) (21) (17) (14) 
22 (26) (31) (21) (36) (35) (43) (10) (1) (13) (9) (30) (46) (47) 
23 (5) (3) (21) (35) (16) (39) (46) (24) (43) 
24 (8) (21) (28) (38) (44) (49) (40) (15) (10) (45) (30) (42) (13) (12) (18) (6) 
25 (40) (10) (1) (7) (17) (41) (24) (3) (16) (18) (29) (36) (45) (43) (4) 
26 (30) (31) (4) (2) (8) (20) (48) (44) (32) (15) (19) (34) (10) (49) (39) (26) (27) 
27 (14) (21) (32) (46) (22) (2) (17) (24) (3) (35) (50) (36) (20) (16) (45) (39) (37) 
28 (43) (47) (22) (4) (35) (17) (13) (44) (25) (29) (41) (8) (28) (6) (26) (48) 
29 (47) (10) (22) (49) (48) (15) (46) (41) (20) (5) (35) (6) 
30 (44) (50) (47) (46) (4) (49) (31) (29) (13) (5) (16) (45) (39) 
31 (47) (14) (41) (9) (3) (28) (43) (26) (11) (36) (7) (8) (12) (24) 
32 (42) (39) (40) (28) (10) (16) (19) (31) (43) (24) (37) (11) (33) (14) (23) (5) (41) (27) (32) 
33 (27) (29) (2) (19) (14) (7) (49) (24) (22) (28) (25) (38) (13) (30) (8) (36) (34) (50) (23) (16) 
34 (26) (14) (2) (12) (38) (1) (27) (45) (42) (31) (13) (9) (3) 
35 (41) (40) (4) (9) (30) (33) (11) (22) (34) (35) (16) (3) (18) (23) (46) (48) (27) (42) (21) (25) (38) 
36 (22) (1) (34) (45) (8) (15) (10) (42) (28) (35) (43) (38) (3) (23) (24) (26) 
37 (43) (49) (45) (3) (14) (34) (24) (15) (7) (27) (18) (23) (41) 
38 (29) (27) (8) (36) (43) (17) (4) (20) (33) (15) (18) (26) (28) (44) (46) (7) (14) (1) 
39 (7) (2) (44) (16) (17) (15) (3) (28) (20) (13) (38) (27) 
40 (26) (9) (6) (47) (4) (8) (44) (30) (43) (32) (35) (42) (50) (19) (1) (22) 
41 (14) (45) (6) (19) (29) (24) (31) (23) (17) (18) (40) (5) (4) 
42 (23) (1) (17) (4) (22) (11) (41) (20) (45) (33) (32) (18) (43) (2) 
43 (7) (32) (17) (23) (42) (33) (29) (1) (4) (5) (37) (50) (30) (14) (43) (49) (15) (10) (34) (2) (31) (47) 
44 (23) (49) (22) (29) (7) (5) (11) (24) (26) (50) (27) 
45 (11) (27) (7) (46) (35) (9) (49) (13) (19) (1) (20) (39) (12) 
46 (37) (20) (11) (8) (49) (33) (44) (48) (45) (5) (1) (6) (9) 
47 (19) (24) (6) (47) (7) (12) (41) (23) (21) (40) (46) (27) (8) (49) (26) (10) 
48 (15) (4) (20) (19) (24) (12) (41) (2) (3) (28) (39) (1) (30) (48) (8) 
49 (4) (50) (6) (42) (5) (32) (45) (10) (11) (25) (24) (18) (28) (13) (48) 
50 (21) (36) (4) (44) (31) (46) (22) (6) (13) 
