0
50
50
1 (24 25) (34 14) (38 17 7) (16 50) (18 35 44 6) 
2 (41 23) (48 14) (2) (35 50 42 10) (5) (34) (3) (19 27 16 22) (12) (40 44 46 36 49 38) (26) 
3 (12 30 4 20 16) (48) (22) (35) (38) (17) (3 7) (21) (40) 
4 (48 11) (39) (34 19) (13) (23) (36) (38) (22) (8) (43) (27) (3 28) (4 24 7) 
5 (33) (44 7) (27 40 47 37 1 20) (26) (42) (24) 
6 (5) (50) (14 19) (45 8 33 23 46) (1 10) (40) (4) (9) 
7 (30) (11) (5) (29 15 27 23) (46) (7 28) (19 12) 
8 (4) (8) (35) (18) (19) (13) (16 49 31) (5) (36) (47) (46) (3 34) 
9 (3) (25) (38) (33) (10 48 32) (9) (41) (24) (36) (31) (15 44) 
10 (9) (4 45) (25 8) (21 28) (35) (23) (11) (12) (15) (41) (3) 
11 (34) (41) (20) (8 50) (16) (38) (28 10) (36 33) (23 31) (7 13 24) 
12 (39) (34 24) (3) (46) (25) (38) (19 15) (4 40) (14 28) (27) 
13 (11 41 50 10) (13) (21) (28) (16 43) (26) (33 24) (30) (29 23) (6) (45 42 37 49) (39) 
14 (46) (6) (34 45 27) (28 21) (38 20 24 17 25) (7) (50) (15 22) 
15 (45 13) (47 29) (4 36 18) (6 22) 
16 (47) (7) (30 21 40) (49) (42) (1) (24) (25) (16 33) (50 6) (37 29 13) 
17 (39) (5 26) (20 7) (12 45) (22) (41) (9) 
18 (13) (30 6 44 5) (46 31 17 3 1 29) (4) (12) (39) (49) (32 43) (21 22) 
19 (45) (38) (21 36) (19 2) (5) (31) (11 20 6) (50) (32) (14) 
20 (48 1) (6 12) (43) (46) (21) (15 2) (23 24) (3) (27) (5) 
21 (38) (50 12) (45) (13 17) (42 49) (40 9 41) (15 35 4) (8) (27 25) (32) 
22 (5 10 17 26 39) (42) (29) (38) (6) (1 24 4 18 36) (31) (9) (11) (8) 
23 (43) (8 23) (29 14) (41 28) (25) (18 38 31) (5) 
24 (41) (17) (25) (6 23) (5) (50 32) (12) (31) (10) (11) (37 49 20 1) (33) 
25 (42) (25) (23) (9 37) (41 24 2) (7) (12 15 46) (18 48 39) (49) 
26 (39) (36 11 37) (1) (15) (3) (21) (46 10) (32 29) 
27 (14) (50 33 29 30) (22) (37) (35 40 8) (21 2) (1 15) 
28 (10) (44 42) (39) (16 6) (22 2) (49 17) (45 27 12 20 33) 
29 (29 47) (34 14) (44 20 41 19) (27 45) (4) (9) (15 38) (22) 
30 (46 43 23) (36 42 27) (26 14) (38) (50) (18) (3) (21) (34 35) 
31 (34) (43) (32 30) (12) (3) (37 49 40) (31) 
32 (6 27) (1 33) (22) (32) (26 30 15) (24) (5) (50) 
33 (47 13 1) (36) (21) (22) (26 32) (3) (24) (15 11) (43) 
34 (3) (10) (40) (29 38) (50) (47) (18) (23) (45 42) (27 28 33 19 7 20 17) (16 34) (21) (32) (44) 
35 (30 23 15 29) (19) (27) (21) (18) (16 12) (37) 
36 (44) (35) (22) (39) (26 7 16) (30 48) (1) (50 34) (21 36) (23 25) (19 24) (10 17) 
37 (15) (33 14) (4 42) (47 3 41 50) (37) (27 18) (12 8) 
38 (17) (12 11) (31) (47) (21 50) (4 18 26) (20) (15) (30) (48 2) (7) 
39 (9) (39) (11 16) (8 48) (46 18 3) (36) (32 1) (12) (7) (26) (47 17 20) 
40 (6 31) (13 18) (26 17 30) (36) (44) (22) (23) (43) (45 27) (48 16) (24) 
41 (48) (12 38) (1 8 25) (29 47 45 2) (31) (9) (21) 
42 (4) (47) (24) (9) (15 30 10 46) (21 26 35 34) (40 8) (13) 
43 (22) (33 16) (34 31 37 32 19) (46) (9 21) 
44 (35 1) (47 42 4) (31) (44) (3) (26 27) (9) (28 36) (10 18) 
45 (46) (43) (32) (5 25) (40) (50) (37) (11) (9 45) (29) (4 10) (7) 
46 (32 47) (8) (14) (42) (45) (38 7) (12) 
47 (4 22 1) (35 18 50) (40 20 23 13) (17) (21) (5) 
48 (19) (13) (36) (9) (23) (32 2 28 14 33 21 34 41) (40) (10 35) 
49 (50 44) (41 13 26 22 38 18 33) (42) (36) (9) (6) 
50 (19 7 30) (22) (38) (1 24) (40 23) (6 10) (31) (16) (13 26) 
1 (50) (41) (26) (39) (47) (27) (20) (6) (18 22 36 5) (44) (32) (24 33 16) 
2 (19) (2) (41) (28) (20) (27) (25) (48) (38) 
3 (37) (2) (34) (18) (9) (26) (44) (31) (4) (8) (30) (12 20 3) (39) (33) (10) 
4 (18) (8) (12) (29) (21) (47) (4) (37) (45) (3) (22) (10) (42) (44) (6) (15) (38) 
5 (17) (47) (8) (23) (6) (22) (32) (2) (24) (45) (19) (20) (7) (18) 
6 (49) (19) (40) (24) (20) (14) (15) (22) (18) (13) (28) (50) (1) (16) (32) 
7 (25) (16) (36) (14) (7) (45) (38) (1) (3) (4) (5) (11) (17) (34) (46) (50) (39) 
8 (23) (22) (39) (11) (42) (10) (21) (8) (27) (46) (41) (37) (6) (4) 
9 (42) (44) (49) (39) (6) (21) (22) (48) (29) (43) (17) (41) (25) (9) (45) (10) 
10 (50) (36) (6) (13) (44) (48) (24) (45) (9) (22) (28) (2) (11) (34) (26) (42) 
11 (24) (45) (33) (39) (19) (13) (10) (22) (7) (38) (4) (26) 
12 (17) (39) (46) (31) (2) (10) (18) (21) (25) (28) (20) (7) (3) (24) (38) (35) (41 37) 
13 (11) (4) (42) (13) (16) (33) (47) (15) (18) (21) (8) (49) (40) (50) (48) 
14 (6) (2) (30) (1) (29) (12) (37) (27) (19) (48) (23) (46) 
15 (7) (32) (29) (26) (27) (37) (42) (9) (25) (33) (10) (12) (20) (21) (35) (38) (14) 
16 (50) (36) (39) (13) (3) (1) (40) (11) (8) (34) (28) (43) (16) (35) (2) 
17 (18) (21) (38) (28) (1) (39) (22) (40) (36) (47) (14) (34) (24) (3) 
18 (8) (38) (35) (1) (49) (25) (39) (30) (40) (44) (23) (15) (47) (37) (34) (22) 
19 (2) (35) (12) (43) (4) (6) (48) (34) (50) (8) (19) (7) (29) (36) 
20 (47) (28) (34) (11) (19) (3) (17) (24) (39) (38) (29) (5) (14) 
21 (20) (34) (36) (43) (26) (13) (14) (41) (16) (38) (30) (27) (42) (3) (48) (33) (35 10) (18 19 47) 
22 (40) (17) (2) (15) (43) (33) (14) (47) (50) (28) (29) (36) (18) (4) (3) (27) (49) (32) 
23 (40) (34) (36) (6) (30) (10) (24) (50) (20) (23) (2) (13) (25) (4) (11) (35) (48) (47) (7) 
24 (50) (1) (20) (40) (22) (12) (42) (9) (25) (14) (36) (16) (4) (32) (13) (5) (11) (33) 
25 (41) (21) (9) (36) (25) (24) (45) (23) (14) (10) (16) (12) (1) 
26 (30) (2) (32) (42) (40) (22) (50) (5) (33) (13) (49) (39) (44) (38) (36) (17) 
27 (2) (7) (21) (5) (14) (29) (12) (28) (40) (37) (30) (44) (35) (32) (20) (4) (34) 
28 (7) (11) (14) (23) (34) (13) (4) (48) (44) (10) (12) 
29 (34) (27) (16) (22) (15) (41) (7) (18) (26) (29) (35) (23) (45) (13) 
30 (13) (35) (16) (38) (7) (27) (3) (31) (40) (50) (18) (36) (42) (32) 
31 (8) (19) (11) (22) (50) (24) (31) (41) (23) (18) (38) (43) (40) (9) (44) 
32 (46) (9) (26) (34) (19) (18) (21) (39) (48) (33) (31) (43) (24) (45) (32) 
33 (9) (11) (5) (48) (6) (49) (24) (27) (43) (34) (37) (28) (13) (16) (32) 
34 (42) (1) (29) (48) (34) (36) (8) (12) (14) (43) (11) (31) (2) (30) (4) 
35 (21) (48) (42) (3) (36) (2) (1) (44) (30) (27) (10) (8) (47) 
36 (15) (44) (2) (11) (8) (26) (30) (9) (36) (4) (49) (33) (48) (39) (22) (19) (40) 
37 (37) (27) (16) (26) (31) (43) (25) (13) (5) (24) (45) (35) 
38 (22) (30) (50) (3) (11) (2) (9) (1) (4) (23) (46) (29) (14) (49) (34) (21) (12) (19) (41) 
39 (26) (18) (12) (28) (13) (36) (17) (22) (4) (39) (25) 
40 (42) (21) (48) (3) (27) (50) (47) (16) (5) (45) (31) (2) (12) (6) (34) 
41 (24) (17) (9) (37) (2) (49) (10) (11) (23) (48) (21) (25) (29) (13) 
42 (22) (44) (28) (13) (2) (46) (16) (34) (5) (37) (30) (49) (25) (21) 
43 (33) (45) (30) (23) (40) (13) (4) (31) (18) (20) 
44 (40) (18) (9) (2) (1) (34) (36) (28) (44) (29) (49) (5) 
45 (15) (34) (46) (13) (14) (45) (19) (21) (17) (28) (10) (29) (41) (6) (40) 
46 (2) (20) (12) (14) (45) (42) (6) (43) (25) (30) (39) (26) (18) (7) (8) 
47 (46) (37) (15) (41) (42) (38) (39) (29) (5) (44) (16) (33) (34) (8) 
48 (40) (2) (20) (4) (3) (38) (41) (36) (9) (39) (25) 
49 (24) (31) (18) (8) (25) (16) (13) (28) (2) (21) 
50 (34) (6) (19) (1) (49) (16) (45) (11) (38) (36) (14) (27) (24) (13) (30) (37) (47) (32) (2 21) 
