0
50
50
1 (12) (19) (49 22) (39) (17) (37 16 43) (3) (20) (29) (46) (42) (27 41) (36) (4) 
2 (49 14 4) (46) (13) (42) (36) (15) (10 47) (3) (20 11) (43) (29) (33) (45) (35) (27) (37 28) 
3 (4) (48) (10) (6 20) (29) (13) (40) (43) (39) (25) (24) (22) (16) 
4 (1 45) (6) (23) (31) (48) (10) (35) (17) (28) (29) (15) (50) (43) (18 40) 
5 (23) (2) (29) (31 18) (3) (46) (4) (9) (32) (24) 
6 (43) (1) (34) (3) (21) (32) (14) (41) (40) (17) (15) (31) (20) (4) (47) (36) (22) (35) (25) (37) 
7 (13) (45) (43 37) (34) (49) (4) (46) (9) (22 27 39) (50) (20) (33) (31 47) (12) 
8 (34) (16 18) (6) (31 29) (17) (10) (8) (7) (41) (2 14) (4) (44) (48) (12 20) (38 26) (35) 
9 (43) (16) (34 22) (8) (48) (21 14) (46) (3) (45) (36) (10 11) (27) (39) (33) (29) (1) (15) (17) (40 9) (19) (31) (23) 
10 (31) (24) (34 8) (14) (11) (9) (20) (33) (3 47) (28) (12) (35) (1) (45) (22) (2) 
11 (46) (16) (29) (23 7 17 31) (20) (15) (43) (25) (5) (48) (2) (18) (9) (39) 
12 (12) (31) (45) (40) (13) (19) (29 49 44 16) (39) (28) (47) (48) (2) (5) (21) (10) (1) (18) (34) (38) (41) (37) (25 15) (20) 
13 (8 22) (26) (5) (43) (41) (25) (12) (6 38) (50) (2 42) (28) (14 19) (3 4) (39) (24) (7) (49) (16) (13) (1) (40) 
14 (15) (45 28) (17) (40) (37) (47) (43 41) (6 26 39) (49) (2) (8) (35) (32 1) (11) (14) (7) (18 3 23) 
15 (21) (5 42) (39) (47 40) (50) (3 8) (26) (34 38) (4) (37) (33) (19) (23) 
16 (40) (50 42) (44 11) (10 28) (15 13) (37) (30) (43) (3) (27) (39) (1) (24) (7) (32) (6) (26) (47) (48) 
17 (21) (41) (20 34) (50) (26) (2 7) (40) (6 9) (47) (49) (23) (19) (25) (43) (35) (17) (13) (22) (27) (10) 
18 (23 36) (11) (28) (19) (15) (26) (43) (46) (10) (14) (50 35 8) (21) (47) (32 41) (42) 
19 (25) (1) (5) (37) (32) (41 26) (27) (19) (10) (17) (30) (29) (14) (28 16) (11) (42) 
20 (8) (37 42) (28) (41 2) (46) (36) (25) (35) (26) (40 17) (3) (5) (20) (29) (34) (11) (43 21) 
21 (20) (6) (40) (17) (9) (14 12) (16 7 43) (46) (49 18) (45) (21 26 11) (13) (31) (44) (36) (19) (35) 
22 (5) (48) (46) (1) (26 38) (36 21 24) (45) (15 13) (23) (33) (11) (42) (32) 
23 (30) (19) (33) (29) (28) (22) (13) (5) (16) (46) (21) (3) (18) (11) (2 37) (24) (42) (50) (45) (44 27) (10) (4) (20) (17) (15 8) 
24 (3) (49) (36) (5) (6) (28) (38) (21 32) (12) (14) (15 46) (40 39 4) (16) (1) (18) (8 10) (37 9) 
25 (24) (14) (27 30) (17) (49) (22) (10 45) (6) (35 33) (13) (9) (28 48) (38 25 46) (47) (3) 
26 (30) (47) (39) (33) (38) (22 6) (12 28) (37) (17) (44 23) (4) (25) (49) (3) (35 27) (50) (15) 
27 (5 13 2) (37 46) (15) (20) (27) (28) (42) (16) (21) (12) (36) 
28 (31) (45) (10) (49) (36 38) (26) (16) (25) (20) (39) (37) (33) (15) (19) (1) (22 35) (28) (18) (14) (23) (8) (6) (13) 
29 (39) (31) (28) (44) (45) (50) (33) (7) (21 1) (23 26) (4) (42) (11) (13) (22) (9) (34) 
30 (6) (10) (18) (20) (26 14) (9) (36) (31) (43) (12) (24) (48 27) (23) (8 35 37) (38 16) (13) 
31 (37) (17) (48) (15 10 23) (19) (45 26) (40) (33) (29) (24) (43) (3) (7) (8 1) (32 21 35) (5) 
32 (28) (30 26) (35) (13 18) (40 42) (24) (2 6) (27 49) (7) (38) (19) (36) (14) 
33 (47) (4) (20) (48) (15) (37) (42) (36) (46) (33 25) (21) (32) (16) (11) (8) (26) (34) (18) (49) 
34 (39) (41) (45 31 40) (4) (1 9 35) (7) (49) (27 26) (36) (28) (25) (20 47) (21 5) 
35 (31) (37) (33 34) (14 45) (4) (3) (50) (12) (18) (6) (15) (23) (40) (36) (39) (11) (22) (24) (13 19) (2) (48) 
36 (11) (27 17) (9) (24) (39) (5) (43 7) (1) (8) (40) (19) (42) (18) (38) 
37 (45) (5) (1) (42 22 26) (13) (20) (37) (24) (41) (31) (28) (7 6) (38) (47) (44 43) 
38 (34) (9) (20 19) (30) (5) (47 23) (17 28) (39) (13 36) (3) (11) (37 2) (8) 
39 (19) (26) (17) (43) (40) (42) (50) (23) (8) (12 45 16 38 27) (5) (39) (18) (49) (6) (9) (30) 
40 (44) (42) (11) (30) (34) (27) (15) (7 26) (45) (43) (48) (22 31) (3) (40 20) (6) (21) (13) (23) 
41 (26 31) (3) (36) (30) (29) (16) (43) (45) (40 48) (8) (20) (2) (27 14) (44) (49) (28) (21) (32) (41) 
42 (11) (38) (25) (23) (50) (24) (43 30) (9) (12) (49 1) (45) (22) (32 20) (46) (34) 
43 (31 45 5) (32) (22) (41) (47) (48 40) (38) (39 9 29) (25) (14) (12) (24 20) (6) 
44 (18 29) (11) (19) (20 47) (7) (10) (40) (32) (41) (39 48 15) (33) (30) (4) (25) (35) (8) (27 14) 
45 (23) (46) (36) (31) (32) (12) (47) (38) (11) (14) (28) (22 50) (41) (19 21 5 34) (37) 
46 (29) (40) (43) (4) (21 13) (25) (23) (2) (32 30) (41) (38 45) (18) (26) (50) (24) (9) (47) (3) (7) (16) (8) 
47 (46) (20) (50) (18) (24) (17) (36) (15) (14) (28) (29) (21) (25) (12) (7) (47) (38) (34 22) (31) (2 40 1 19) (30) (4) 
48 (11) (15 39) (49 7 42) (31 5 22) (28 8) (34) (18 45) (50) (25) (2) (20) (47) 
49 (45) (15) (8 41) (5) (23) (47) (7) (36) (19) (13) (49 40) (9) (46) (14) (20) (10) (30 6) 
50 (12) (35 18) (48) (13) (20) (45 32) (8 47) (26) (25) (22) (33) (37) 
1 (9) (13) (31) (19) (22) (47) (29) (28) (12) (14) (36) (6 24) (16) (4) (42 10) (37) (34) 
2 (5) (11) (32) (14) (38) (46) (23) (17) (13) (35) (20) (10) (41) (48) (27) (8) (47 12) 
3 (14) (2) (35) (10) (41) (9) (38) (31) (15) (5) (24) (13) (26) (6) (40) (25) (20) (16) (1) (46 23) 
4 (34) (6) (26) (7) (23) (15) (2) (29) (33) (1) (35) (8) (47) (3) (46) (44) (13) (24) (5) 
5 (12) (37) (38) (48) (34) (19) (22) (43) (11) (20) (13) (15) (23) (49) (31) (39) (27) (45) (24) (36) 
6 (26) (8) (3) (32) (30) (25) (35) (13) (17) (14) (40) (16) (21) (49) (39) (37) (4) (24) (43) (28) 
7 (47) (31) (34) (13) (32) (46) (16) (40) (8) (44) (49) (11) (37) (36) (48) (21) (17) (29) (14) 
8 (36) (46) (23) (39) (28) (31) (50) (38) (44) (8) (24) (33) (9) (30) (49) (20) (10) (18) (41) (13) (48) (15) (14) 
9 (24) (5) (29) (49) (25) (30) (10) (7) (36) (17) (34) (21) (46) (43) (11) (38) (39) (9) (42) 
10 (4) (30) (23) (17) (18) (2) (9) (25) (44) (28) (24) (19) (8) (3) (49) (16) (12) (31) 
11 (40) (44) (10) (33) (2) (29) (9) (38) (21) (20) (16) (19) (42) (36) (22) (48) (23) (35) (14) (18) (45) 
12 (42) (39) (21) (7) (10) (12) (50) (26) (13) (35) (30) (47) (1) (45) (43) (27) (24) (8) 
13 (30) (35) (27) (40) (16) (46) (17) (7) (32) (25) (3) (38) (22) (50) (28) (49) (37) (21) (13) (2) (29) (12) (23) 
14 (44) (9) (30) (35) (21) (28) (6) (24) (19) (18) (2) (10) (8) (47) (41) (25) (45) (32) (43) (13) (14) (49) 
15 (24) (2) (48) (9) (35) (16) (14) (44) (40) (12) (49) (31) (4) (23) (27) (18) (11) (33) (26) (6) (47) (22) (28) 
16 (24) (1) (3) (39) (30) (46) (19) (21) (28) (41) (13) (12) (33) (23) (8) (27) (11) (9) 
17 (1) (39) (11) (20) (25) (6) (47) (17) (14) (36) (26) (4) (38) (21) (8) (31) (19) (23) (9) 
18 (14) (35) (4) (23) (30) (28) (33) (12) (36) (5) (24) (47) (48) (21) (32) (46) (8) (50) (11) (39) (44) 
19 (45) (35) (23) (31) (18) (9) (15) (36) (12) (1) (17) (49) (21) (47) (39) (19) (44) (13) (32) (28) (38) 
20 (30) (27) (33) (11) (49) (20) (23) (6) (1) (47) (41) (42) (12) (50) (37) (10) (17) (43) (44) (2) (48) (3) (40) (8) (28 21) (38) (34) (7) 
21 (24) (22) (41) (23) (12) (17) (45) (29) (9) (40) (18) (20) (6) (31) (34) (47) (27) (15) (46) (33) (21) 
22 (42) (1) (45) (7) (48) (50) (6) (43) (3) (35) (17) (26) (37) (13) (23) (47) (10) (29) (9) (28) (25) (40) 
23 (31) (22) (39) (45) (30) (18) (26) (28) (17) (40) (42) (35) (49) (29) (46) (5) (11) (9) (38) (15) (14) (4) 
24 (43) (31) (13) (35) (25) (30) (36) (42) (5) (22) (47) (46) (16) (37) (23) (3) (10) (32) 
25 (6) (28) (44) (34) (12) (19) (47) (50) (20) (46) (42) (26) (17) (13) (48) (25) (3) (43) (33) (11) 
26 (40) (8) (13) (29) (14) (31) (30) (22) (34) (18) (15) (28) (39) (16) (17) (50) (46) (19) (41) (20) (32) (37) (33) (21) 
27 (34) (23) (25) (9) (19) (1) (32) (17) (26) (7) (41) (2) (30) (16) (27) (44) (40) (36) (39) 
28 (34) (28) (47) (18) (45) (37) (13) (32) (24) (10) (25) (4) (19) (48) (29) (14) (12) (38) (2) (41) (20) (26) (16) (27) (23) 
29 (47) (23) (31) (9) (1) (41) (5) (11) (46) (44) (3) (19) (4) (20) (43) (2) (8) (12) 
30 (38) (46) (49) (41) (23) (32) (42) (16) (44) (40) (39) (47) (19) (25) (26) 
31 (45) (35) (34) (43) (29) (47) (6) (48) (41) (28) (12) (37) (11) (30) (7) (8) (9) (4) (5) (21) (40) (10) 
32 (6) (31) (16) (5) (22) (45) (24) (14) (44) (41) (19) (50) (33) (42) (43) (18) (46) 
33 (22) (44) (28) (7) (26) (9) (25) (2) (15) (33) (31) (50) (29) (10) (23) (35) 
34 (8) (40) (33) (29) (38) (17) (35) (7) (20) (6) (12) (9) (45) (47) (15) (42) (48) (10) 
35 (8) (4) (50) (10) (17) (30) (31) (21) (25) (34) (14) (20) (2) (32) (26) (6) (44) (28) (18) 
36 (30) (47) (27) (18) (22) (38) (20) (24) (21) (35) (33) (49) (6) (41) (45) (1) (34) (28) (32) (2) (9) 
37 (26) (33) (38) (28) (45) (14) (12) (1) (20) (31) (27) (16) (50) (15) (35) (30) (19) (24) (23) (6) (2) (37) (7) 
38 (8) (15) (45) (25) (32) (12) (28) (47) (26) (37) (43) (42) (13) (36) (46) (30) (24) (22) (39) 
39 (13) (48) (7) (28) (38) (9) (35) (29) (39) (1) (34) (14) (44) (16) (3) (12) (36) (15) (43) (11) (26) (24) 
40 (3) (31) (36) (47) (12) (41) (6) (39) (13) (43) (21) (14) (40) (17) (46) (34) (4) (44) (24) (20) (15) (16) (9) (49) (32) (35) 
41 (34) (37) (1) (6) (19) (17) (13) (44) (45) (49) (8) (20) (43) (18) (46) (14) (41) (12) 
42 (39) (18) (32) (27) (13) (40) (2) (37) (33) (16) (20) (15) (23) (1) (48) (19) (36) (22) (29) 
43 (41) (37) (14) (9) (30) (46) (39) (31) (20) (3) (42) (17) (7) (16) (40) (4) (21) (11) (2) (36) (13) (1) (18) (6) 
44 (40) (12) (8) (21) (23) (37) (41) (26) (29) (16) 
45 (42) (41) (29) (35) (10) (7) (4) (34) (39) (37) (14) (2) (9) (46) (48) (22) (28) (40) (23) (49) (31) (50) (25) (43) (21) (12) 
46 (2) (5) (25) (24) (42) (11) (20) (1) (45) (47) (33) (18) (23) (21) (7) (9) (49) (22) (27) 
47 (26) (45) (6) (7) (33) (15) (37) (49) (25) (48) (14) (34) (46) (16) (38) (2) (44) (50) (47) (43) (18) (12) (17) (10) 
48 (8) (41) (43) (11) (9) (22) (44) (16) (40) (12) (50) (31) (25) (3) (35) (33) (30) (4) 
49 (28) (25) (14) (13) (32) (26) (39) (7) (17) (33) (41) (49) (34) (42) (21) (12) (48) (2) (1) (24) 
50 (48) (46) (15) (18) (35) (7) (16) (4) (26) (23) (17) (45) (29) (47) (39) (13) (42) 
