0
50
50
1 (5) (33 3 30 23) (11) (7) (48 4) (32) 
2 (12 8) (35) (32) (41 13) (26) (28 31) (9 15) (46) 
3 (34 37) (21 15) (48) (25) (22) 
4 (48) (45) (1) (18) (15) (44 26 17 46) (29) (9) 
5 (32) (20) (19) (15) (17 43) (47) (41) (40) (29 5) (28 26) (13) (35) 
6 (15) (32) (18) (10) (2 20) 
7 (35) (21) (18) (40) (50) (31) (6) (24) 
8 (35) (44) (10) (12 2) (19) (38) 
9 (13) (47) (14 49) (28 35) (19 15) (42 5) 
10 (47 23) (18) (32) (48) (44) (29 3 42) (46) (19) (33) (50) (25) 
11 (21) (11) (26) (31) (48) (35 2 41) (40) (5) 
12 (39) (24 2) (3) (25 37) (16) (47) 
13 (5) (21) (2) (20) (8) (19) (35) (11) (43) (44) (22) 
14 (40) (1 8) (25) (34) (7) (47) 
15 (12 27 21) (35) (19) (23) (31) (41) (40) (45) (4) (47) 
16 (29) (49) (22) (2 21 46) (37 35) 
17 (27) (20 32) (3) (1 48) (17 2) (24) (28) (33) (26) (35) (16) 
18 (35) (16 9) (20) (48) (13) 
19 (28) (18) (1) (13) (38) (8) (37) (45) (3) (20) 
20 (25 14) (11) (48) (19) (28) (38) (7) (12) 
21 (47) (30) (13) (15) (48) (41) (16) (34) (1) (40) (8) (36) (49) 
22 (2 44) (28) (17) (37) (13 23) (49) (14) 
23 (48) (39 10) (7 32) (3) (19) (9) (31) 
24 (34) (16 23) (15) (8) (35) (7) (36) (14) (29) 
25 (16) (21) (49) (6) (27) (10) (11) 
26 (7) (41 38) (30) (45) (49) (17) (35) (11) (47 25) (32) (9 20) 
27 (1) (2) (33) (13) (29 7) (25) (30) (23) (32 44) (47) (17) (36) (22) 
28 (16) (49) (14) (23) (45) (48) 
29 (9) (17 29) (39) (47) (36) (45 38 30) (20) (22) (28) (14 6) (3) 
30 (37) (48) (46 29) (27) (18) (45) (23) 
31 (40) (48) (36) (14) (32) (2) (11) 
32 (40 32) (3 19 31) (42 14 28) (18) (21 45) 
33 (19) (20) (47) (5) (27) (12 34) (36) 
34 (9) (3) (37 6) (33) (21) 
35 (35) (27) (9 49) (38) (45) 
36 (42) (47 44 21) (16) (40 4) (33 13) (36) (1) (32) (43) (8 27) (5) 
37 (2) (33) (50) (30) (42) (40) (29) (17) (14) (24) (48) (5) 
38 (27) (34) (48) (30) (43 11) (46) (9) 
39 (42) (40) (34) (14) (31) (39) (35) (18 1) (47) (6) 
40 (32) (16) (14) (1) (48) (3) (24) (19) (41) (20 12) (50) (29) (23) 
41 (43) (46) (24 25) (42) (19) 
42 (16) (12) (8) (38) (40) (10 6) (28) (42) (11) (3) (17) (46) 
43 (17) (33) (42) (50 48) (4) (13) (12) (19 40 5) (15) (36) (16) (9) 
44 (5) (22 50) (9) (40) (47) (28) 
45 (26 29 44) (18) (9) (32) (42) 
46 (23) (24) (34) (2) (41) (6 16) (5) (47) (48) (28) 
47 (30 12) (43) (2 40) (1 17) (21) (47) 
48 (41) (2) (48 45) (50) (21) (9) (31) (20) (49) (28 22) (11) 
49 (31) (24) (22) (35) (34) (9) (11) (4) 
50 (31 27) (21) (29 30) (28) (25) (11) (32) (46) (13 6) (39) (10) 
1 (21) (47) (40) (27) (36) (39) (4) (19) (14) (17) 
2 (22) (13) (37) (16) (6) (8) (31) (47) (48) (12) (17) (27) (11) (46) 
3 (42) (34) (1) (23) (32) (19) (40) (10) (17) (12) (29) 
4 (1) (36) (49) (43) (15) 
5 (46) (36) (5) (11) (1) (44) (43) (13) (9) (33) (37) 
6 (50) (29) (46) (25) (42) (7) (39) (34) 
7 (23) (27) (14) (20) (1) (26) (24) 
8 (19) (42) (21) (24) (2) (13) (36) (14) 
9 (18) (2) (49) (35) (44) (4) (38) (26) (48) (29) (43) (34) (45) (23) 
10 (50) (8) (42) (25) (23) (6) 
11 (31) (49) (13) (38) (1) (50) (42) (20) (48) (11) (26) (25) 
12 (15) (43) (40) (42) (47) (2) (33) (20) (8) 
13 (27) (9) (2) (19) (18) (22) (36) (5) (50) (21) (43) 
14 (31) (39) (29) (37) (20) (28) (32) (24) (40) (9) (22) 
15 (3) (9) (6) (24) (21) (43) (4) (2) (5) 
16 (21) (43) (24) (25) (12) (46) (40) (42) (18) (17) (28) (36) 
17 (17) (42) (47) (5) (4) (37) (29) (27) (26) (43) (22) 
18 (10) (4) (6) (45) (7) (32) (39) (30) (19) 
19 (33) (15) (9) (10) (32) (43) (5) (13) (40) (8) (41) (23) (20) 
20 (48) (18) (5) (17) (26) (13) (33) (6) (29) (19) (40) 
21 (50) (48) (32) (11) (47) (7) (13) (36) (3) (25) (16) (15) (34) 
22 (48) (16) (3) (29) (13) (44) (49) (27) 
23 (24) (40) (46) (28) (10) (1) (15) (27) (30) (22) 
24 (41) (17) (7) (49) (37) (12) (46) (40) 
25 (12) (27) (50) (3) (20) (10) (14) (41) (26) 
26 (2) (4) (17) (11) (45) (5) 
27 (36) (33) (38) (25) (50) (17) (35) (15) (30) 
28 (42) (9) (50) (46) (2) (29) (22) (20) (44) (48) (32) (5) (17) (19) 
29 (40) (16) (5) (45) (37) (24) (30) (27) (29) (50) (4) (10) 
30 (21) (38) (37) (29) (26) (50) (27) (47) (1) 
31 (49) (2) (48) (7) (23) (32) (11) (39) (15) (50) 
32 (1) (26) (40) (6) (17) (36) (27) (2) (31) (10) (23) (32) (45) (5) (50) 
33 (1) (36) (37) (43) (10) (27) (34) (17) 
34 (38) (14) (49) (3) (21) (33) (46) (39) (24) 
35 (17) (7) (11) (35) (49) (18) (15) (13) (16) (2) (5) (9) (8) (24) (39) (26) 
36 (29) (21) (43) (33) (27) (24) (36) (31) 
37 (3) (22) (30) (12) (19) (34) (16) 
38 (8) (19) (35) (20) (29) (26) (42) 
39 (29) (23) (12) (50) (39) 
40 (11) (7) (21) (44) (32) (47) (31) (39) (14) (5) (15) (37) (36) (43) (42) 
41 (5) (15) (26) (48) (40) (21) (46) (2) (11) 
42 (9) (39) (36) (43) (10) (42) (37) (45) (32) (41) 
43 (5) (38) (36) (47) (13) (41) 
44 (8) (10) (13) (45) (27) (36) (4) (22) 
45 (29) (19) (32) (4) (35) (48) (15) (26) (28) (30) 
46 (4) (10) (2) (16) (30) (42) (50) (38) (41) 
47 (15) (27) (33) (12) (46) (47) (36) (39) (5) (44) (9) (26) (21) (10) (29) (14) 
48 (4) (20) (31) (40) (38) (48) (28) (3) (30) (17) (46) (23) (37) (11) (43) (18 10) (21) (1) 
49 (25) (21) (26) (9) (16) (22) (28) (35) (48) 
50 (44) (40) (48) (37) (10) (7) (43) 
