0
50
50
1 (7) (42) (18) (2 33) (27) (1) (47 21) (50) (31) (49 23) (22 43) (11) (26 36) (40) (48) (19) (29) (37) (5) (17) (9 4) (3 8) (16) (10) (30) (45 46 28 25 32) (38) 
2 (22 19) (6) (13) (9 39 38) (1 3) (36 43) (30) (37) (15) (49) (34 25 28) (48) (7 12) (27) (45) (33) (29) (8 11 2) (46 44) (21) (14) (26) (35 47) (16 18 10) (41) (4) 
3 (17) (24) (39) (23) (22) (47) (26) (37 45) (50 49) (21) (43) (30 8) (42) (27) (33) (41 7) (35) (13) (46) (2) (11) (15) (5) (16 29) (48) (12) (31 36) (34 20) (19) (10) (44 32) (40) 
4 (20 34) (25) (7 33) (24) (37) (49) (26 14 22 16) (50) (4) (48) (9) (12 30) (38) (36) (31) (46) (21) (2) (29) (27) (19 47) (44) (18) (17 45 39 5 13) (42) (11) (15) (8) (35) (41) (28) 
5 (50 48) (43) (2) (25) (40 1) (14) (46) (18) (4) (27) (36 7 28) (20) (12 26 17 15) (29 11) (8) (16) (13) (3) (32) (39 45) (47 33) (5) (31 38) (23 44) (19 34 42) (10) 
6 (23) (21 48) (6) (12 32) (4 41) (10) (28) (14) (50 11) (15 31) (45 27) (44) (29 25 13) (30) (40) (22) (47) (33 9 34 26) (7) (46) (38) (49) (37) (42) (20) (2 16) (18) (24 35 43 36 39) 
7 (38) (1 32) (15) (19) (40) (22) (28 16) (39) (18) (7) (35) (9 43 42 26) (48) (41) (4) (44) (31) (29 12) (8) (3 27) (45 47) (34) (17) (50 37 11) (30) (21) (2) (13 33) (20 25) (46) 
8 (21) (42) (38) (15) (39) (34 37) (32 40 12 22 43 36 26 45) (25 31 41) (14) (17) (6) (13) (46) (2 24 18) (49) (7) (23) (4) (19) (44) (16) (30) (9) (48) (8 33) (27 29) (11) (50) (47) 
9 (35 30) (47) (7) (36 14) (22 18) (10) (49 27) (9) (43 25) (29) (50 4) (40) (15) (39) (12) (19) (20) (6) (33) (41 1 23) (24) (28 21) (32) (17 31) (38) (5 13) (46) (26) 
10 (41) (46) (38 39) (42) (15 18) (9) (35) (10 1) (6) (47) (20) (8) (13) (14) (44) (27) (4) (19) (45) (40 11) (21) (2) (22) (48) (34) (28) (50) (49 24 7) (33 37) (32 29) (5) (31) (16 26) 
11 (48 11) (21) (13) (20) (45) (39 2) (31 24) (38) (14) (4 32 10) (12) (27) (49) (6) (7 40) (34 8) (44) (50) (30) (16 22) (28) (3 26) (23 43) (47 35) 
12 (25) (24 50) (28 36) (4) (2 38) (44) (17) (43 32 1) (26) (46) (20 7) (40) (47) (12) (19) (48) (30) (41) (39) (33) (3) (34) (49) (21) (31) (45) (16) (15) (22) (8) (27) (35) (29) (6) (5) (18) 
13 (7 32) (20) (3) (26) (9) (4) (5) (8) (35) (38) (19) (31) (34) (25) (33 13 41) (46) (40) (47) (10 43 2) (36) (18) (22 42) (44) (16) (29 15 24) (21 27) (30) (14) (45) (11) (48) 
14 (24) (23) (8 45) (4) (39 42) (41) (49 7 12 31) (27) (20) (21) (28) (32) (2 40) (1) (16) (15) (43) (6) (26) (30) (10) (25 37 29) (3) (35 19) (47) (34 36 22) (18 33) (9) (50) (13 44) 
15 (31) (38) (2) (43 41 22) (26 7) (20) (15) (33) (5) (30) (40) (45 21) (9 1 42) (4) (49) (34) (8) (16) (28) (37) (17 36) (47) (23 39 11) (24 12) (14 32 19) (27) (50) (48) (29) 
16 (40 45) (2) (43) (29) (14 35) (41) (3) (20) (8) (12) (27) (36) (34) (5) (31) (25 47 49) (42) (13 10) (28) (26 38) (18 11) (4) (33) (32) (23 50) (9 37) (46) (39) (24 1) (17) 
17 (15 37) (24 6) (36 2) (12 45 44 20) (42) (25) (41) (17) (31) (28) (30) (33 4) (43 48 8) (39) (38) (49) (1) (47 11) (16) (34 13) (23) (40 21) (18) (14) (19) (3) (32) (9 22) (10 7) 
18 (29 31 10) (48) (12 49) (3) (36 47) (50) (18) (22) (1 38) (35 44 41 8) (15) (6) (39) (20) (45) (4 11) (33) (16) (9) (26) (37) (5) (34) (27) (13) (42) (24) (25) 
19 (9) (32) (49) (6) (13 15 1) (44) (4) (12) (21) (11 7 47) (39) (38) (29) (30) (2 28 34 22) (18) (19) (24) (5) (45) (3) (17 50) (37) (16 42) (35) (31 23) (46) (25) (43 41) 
20 (23 30 36 13) (2) (10) (16) (37) (21) (28) (6) (20) (34) (3) (46 45) (11) (15 19) (17) (1) (50) (26) (9 29) (35) (22) (12) (41 7 5) (38) (14) (33) (44) (42) (32 25) (4) 
21 (43 15) (49) (6) (32) (33) (30 22) (23) (1 37) (18) (40 8 16) (28 46) (50 4) (47) (20) (44) (9) (41) (38 35) (5) (25) (21) (27) (11) (24 3 48) (45) (29) (36) (34) (14 31) (12 10) (42) 
22 (31 39) (27) (33) (10 37) (22) (8) (43) (38) (25 4 41) (26) (46 12) (29) (30) (9) (11 3 18) (34) (47) (19) (32) (35) (23 49) (24 42) (5) (48) (36 40 2) (21) (13) (45) 
23 (39) (40) (25 1) (47) (38 37) (8) (2) (36) (30) (27) (4) (44) (18) (3) (42) (43 7 34) (5) (9 35) (49 31) (17) (33) (41) (45) (10) (46) (12) (20) (6) (24) (11 16 48) (15) (29) (50) (22) (14) (21) 
24 (18) (25 36) (49 11 4) (50) (10 23) (32) (26 40) (46) (37) (1) (43) (24 30 27 29) (22 9) (44) (34 5) (15 3) (13) (19) (12) (45) (31) (42) (35) (33 16) (39) (6) (2) (17 47) (14) 
25 (38) (40) (7 15) (36) (27 47) (20) (44) (30 9) (23) (10) (12) (14) (11) (13) (4) (1) (46 25) (2) (17) (21 48) (45) (42) (43) (32) (5 18 8) (34 39) (29) (3 33) 
26 (10) (18) (39) (27) (23) (30 16 15) (47) (12) (48 3 32 43) (38 7) (11) (29) (26) (34) (50) (24) (8 31 21) (17 45) (41) (44) (33) (25 13) (46) (6) (5 37 2) (4) (42) (1) 
27 (16) (38) (24 22) (35 20) (8) (25) (2) (45) (34) (32) (12) (19) (40) (44) (36 30) (47 43) (17) (29 42) (39) (23) (15) (13) (33 6) (11 18) (9) (5) (21) (14) (50) (31) (4 3 46) (49) (7 48) 
28 (15) (17) (41) (12) (30) (46) (26) (47) (33 32) (45) (22) (7 42 18) (38 3) (34 21) (29) (50) (9) (20) (39 23 4 43) (11) (40) (1 19) (28) (6) (27 5) (48) (24) (2) (49) (25) 
29 (40 18) (35) (20) (34) (17 32) (1 26) (43 13 24) (42) (11 23 41) (6) (10 48 4 27) (44) (36 28) (45) (49) (2) (8 46 7) (47) (33) (16 50) (22 31 39) 
30 (43) (6 25) (19) (18) (2 40) (34) (29) (16) (35) (31 3 30 37) (49) (38) (42) (17 15) (4 26) (9) (10 41) (12) (14) (47) (20) (5) (44) (1 50 33) (32) (22) (21) (11) (7) (28) 
31 (30) (23) (1 50) (10) (43) (29) (15) (38) (19) (28 33 20 24) (47) (12 36) (26 8) (22) (32) (46) (13) (45 41 14 7) (3) (39) (42 11 44 25) (9) (4 27 6) 
32 (36) (47) (14 20 44) (18) (4) (33 16) (38) (11) (27) (13 45 34) (26 25) (32 29) (3) (15 46) (43 2) (28) (5 23) (37) (31 1) (19 42) (24) (10) (12) (40 22) (7) (6 35) (39) (21) 
33 (28) (34) (38) (50 12) (37) (33 45) (32) (22) (1) (3 44) (24 8) (47) (25 4) (43) (27) (19 15) (11 18 48) (30) (31 29 23 46) (40) (26) (21 41) (9) (36) (49 20) (6) (17) (16) (35) (39) 
34 (48 43) (3) (50) (29) (34) (45) (44) (1) (4) (14) (42) (23) (26 10) (24 16) (12 36) (38 37) (30) (2) (13) (9) (40) (41) (22) (28) (20) (18) (19) (5 27) (32 6) (7 31 15) (21) (35) (49 8) 
35 (12) (10) (34) (3 41) (37) (23) (40) (15) (1) (30 9) (48) (35) (8) (22 6 26) (19 46) (42) (43 24) (7 4 31) (27 11) (36) (29) (49 38) (14) (32 2 5) (45) 
36 (11 9 17) (5 21 32) (23) (12) (20) (6) (16) (2) (29) (14) (43) (1) (30 47 33) (22) (46) (41) (19) (3) (37) (4) (18) (35) (10) (7) (24) (39 15 28 13) 
37 (41) (12 9 19) (17) (44) (30 22) (46 42 25) (1 24 40 5 32 35) (47) (45 14 20) (28 36 2) (23) (34) (8) (37) (11 10 31 43) (33) (29) (7) (4) (26) (15) 
38 (4) (16 34 36) (18 26) (2 20) (3) (49 39) (29) (19) (30) (6 41) (22 5 10) (24 8) (33) (48) (32) (12 15) (14) (50 23 17 44) (47 42) (27) (28 38) (11) (45) (1) (37) (7) (13) 
39 (37) (32) (31) (24 13) (15) (39 45 40 27) (1 50) (49 25 36) (16 20) (48) (44 7) (21) (23 35) (41) (30 5 10) (4) (9) (12) (46 11) (22) (2) (19) (34) (47 8) (17 6) (26) (42) 
40 (17) (30 49) (3) (31) (46) (36 29) (4 25) (24) (38 26) (2) (28 39 10 47 27 13) (41) (1 20) (45 50) (11) (37) (8) (9) (33 34) (6) (5) (7) (19 23) (42) (15 44) (18) (32) 
41 (10) (16) (9) (18) (29) (45) (4 12) (36 1) (42 33) (23 39) (14 48) (15) (19) (11) (41) (6) (13) (8) (37) (27) (32) (35) (38) (28) (3) (22 43) (20) (46) (7) (34) (31) (40) (5) (44) (26) (21) (30) 
42 (12) (14) (27) (22 8) (33) (4 30 18) (5 45) (47) (39) (13) (48) (37) (50) (43) (40) (28 1 2) (11 7) (46) (24) (29) (15 31) (21 36) (9 6 42 3 17) (19) (23) (32) 
43 (46 23 40 49) (50 36) (29 33) (1) (28) (27) (16) (32 10 25 3 4) (35) (11) (30) (14) (19 15) (13 37 6) (21 38) (48 12) (9 43) (17) (39) (7) (20) (26 34) (18 45 2 5 31) (22) 
44 (32) (50 28 15) (23) (49) (40) (1) (43) (12) (19 13) (5) (29) (26) (11) (41) (3 22) (18) (10) (46 9) (37 6) (24) (45) (31 21) (33) (17) (2 35) (20 44 27) (16) (4) (38) (47) (34 14) 
45 (26) (29) (20 2) (45) (21 22) (18) (5) (1) (32) (24) (49 30) (6) (46 4) (28) (40 42) (16 36) (10) (27) (3) (44) (35) (43) (50 8) (17 14) (37) (11 15) (34) (23 19) (47 7) (31 12) (38) 
46 (34 11) (49 45) (33 9) (37 19 47) (23) (25) (4 41) (18) (31) (5 36) (21 14) (42) (7) (40) (26) (48) (35) (32) (3) (12) (8 50 43) (6) (17) (38 27) (39 29) (16) 
47 (46 3 15 14) (28) (27) (44 13 12 8 5 22) (39 20) (25 7) (10) (31) (48) (16 29 40 32) (43) (30 36) (1) (24) (2) (38) (19 33) (45) (35) (34 18) (42) (23) (47) (21 6 4) 
48 (47 49 50) (12 35) (19 30 21) (28 24) (38) (34) (41) (11 8) (27 43) (6 45 40) (39) (13) (1) (16 22) (17) (37) (36 2) (46) (15 32) (14) (29 26) (23) (44) (5) (10 7) 
49 (17) (40) (39 5) (14) (30) (38) (2) (41) (48) (20) (49 32 24) (11) (43) (50) (46 45 12) (37 44 34) (4) (35) (22) (25) (6) (26) (13) 
50 (2) (37) (25) (47) (31 32 29 40 14) (50) (39) (16) (19 15 36) (5) (10) (42) (9) (21 46) (49) (33 27) (22 44 1 30) (12) (6 26) (43) (28 4 18) (24) (8 17) (48) 
1 (30) (39) (36) (50) (20) (7) (33) (43) (23) (2) (44) (21) (16) (35) (38) (24) (34) (10) (19) (47) (5) (12) (26) (42 48) (37) (1 28) (40 25) (15) (41) (9 29 18) (14) (45) (31 17) (32) 
2 (45) (39) (4) (17) (22) (38) (5) (19) (15) (14) (1) (26) (29) (30) (34) (28) (7) (20) (48) (32) (10) (24) (8) (23) (44) (40) (16) (12) (37) (2) (25) (42) (35) (6) (3 13) (50) (49) (47) (11) (36) (27 43) 
3 (23) (31) (18) (32) (1) (7) (40) (12) (16) (20) (22) (27) (5) (17) (46) (45) (41) (38) (30) (35) (2) (11) (36) (47) (44) (13) (21) (34) (33) (24) (28) (25) (26) (42) (19) (14) (43) 
4 (33) (7) (22) (31) (30) (9) (46) (50) (43) (17) (8) (11) (27) (38) (49) (34) (45) (32) (15) (10) (25) (16) (24) (29) (14) (18) (37) (20) (21) (39) (4) (1) (5) (26) (41) (40) (19) (12) (28) (13) (42 36) (35) (6) (2) (23) (47) (44) 
5 (5) (24) (22) (19) (16) (35) (42) (32) (30) (21) (23) (3) (26) (1) (50) (12) (10) (25) (20) (39) (15) (49) (38) (44) (45) (40) (48) (9) (18) (47) (4) (43) (36) (28) (27) (34) (46) (41) (13) (37) 
6 (45) (40) (18) (9) (12) (6) (24) (11) (14) (41) (29) (34) (17) (8) (26) (10) (21) (33) (46) (44) (27) (23) (42) (48) (43) (47) (31) (2) (50) (19) (20) (28) (39) (38) (30) (49) (32) (35) (36) 
7 (26) (41) (34) (46) (17) (19) (8) (32) (29) (20) (31) (35) (14) (48) (15) (1) (11) (40) (45) (42) (4) (5) (13) (36) (28) (43) (2) (37) (10) (7) (38) (9) (23) (25) (30) (47) (39) (3) (6) (27) (12) 
8 (7) (17) (15) (33) (23) (46) (42) (31) (27) (11) (40) (26) (16) (47) (3) (4) (29) (13) (12) (18) (25) (1) (45) (41) (39) (37) (22) (48) (35) (2) (8) (50) (38) (14) (5) (34) (21) (10) 
9 (30) (28) (4) (2) (33) (7) (16) (46) (35) (1) (24) (27) (39) (41) (44) (13) (40) (43) (17) (50) (21) (15) (25) (19) (37) (9) (23) (34) (8) (6) (18) (36) (31) (20) (22) (14) (10) (42) 
10 (41) (17) (50) (18) (22) (20) (9) (10) (24) (40) (1) (26) (25) (14) (47) (37) (44) (48) (3) (45) (5) (38) (13) (32) (34) (29) (23) (2) (39) (35) (16) (36) (43) (31) (6) (21) (11) (30) 
11 (7) (26) (4) (48) (38) (42) (46) (41) (33) (5) (16) (40) (13) (37) (29) (36) (23) (39) (43) (25) (6) (18) (22) (32) (30) (3) (44) (1) (49) (11) (24) (28) (19) (2) (8) (31) (21) (35) (15) (17) (27) (10) (20) (45) 
12 (5) (20) (21) (43) (22) (34) (9) (39) (49) (8) (33) (45) (3) (2) (47) (31) (26) (11) (38) (12) (44) (46) (16) (42) (4) (7) (19) (50) (30) (35) (18) (37) (14) (41) (32) (24) (36) (17) (23) (28) (6) (27) (48) (25) (15) 
13 (38) (13) (36) (25) (34) (10) (49) (41) (8) (5) (29) (17) (24) (31) (6) (43) (40) (4) (27) (18) (3) (22) (9) (39) (16) (2) (7) (44) (19) (26) (11) (20) (32) (14) (48) (47) (42) 
14 (45) (41) (42) (50) (17) (46) (49) (20) (43) (30) (4) (27) (34) (6) (11) (36) (2) (5) (37) (9) (8) (21) (25) (16) (23) (44) (47) (13) (35) (38) (32) (10) (24) (48) (31) (15) 
15 (36) (19) (38) (14) (2) (34) (8) (24) (42) (6) (9) (37) (17) (3) (10) (23) (43) (26) (18) (20) (5) (25) (27) (31) (28) (13) (12) (30) (7) (41) (40) (33) (21) (47) (4) (39) (50) (45) (15) (48) (44) (32) (35) 
16 (5) (48) (18) (17) (29) (34) (4) (27) (2) (6) (11) (26) (50) (15) (30) (38) (14) (43) (46) (33) (13) (1) (39) (10) (41) (21) (45) (44) (19) (12) (36) (3) (20) (47) (23) (24) (7) (8) (32) 
17 (12) (43) (23) (26) (5) (20) (40) (48) (25) (49) (44) (15) (3) (17) (27) (24) (28) (46) (42) (37) (19) (39) (33) (1) (36) (16) (9) (7) (50) (30) (45) (29) (8) (38) (4) 
18 (2) (22) (23) (46) (25) (41) (47) (34) (14) (16) (44) (33) (24) (1) (9) (45) (17) (36) (13) (27) (12) (42) (38) (4) (50) (8) (26) (40) (32) (7) (5) (10) (21) (43) (6) (29) (18) (30) (28) (19) 
19 (20) (4) (43) (5) (30) (14) (36) (40) (2) (17) (37) (8) (24) (1) (45) (38) (41) (9) (31) (47) (28) (22) (27) (10) (35) (3) (33) (34) (39) (12) (42) (19) (48) (44) (32) (46) (7) (13) (15) (50) 
20 (17) (28) (23) (13) (40) (12) (16) (33) (15) (29) (7) (44) (39) (6) (41) (32) (30) (11) (31) (37) (49) (10) (43) (18) (20) (5) (9) (21) (25) (4) (14) (45) (47) (3) (36) (34) (27) (38) 
21 (46) (45) (48) (33) (26) (34) (42) (32) (17) (43) (19) (15) (39) (10) (2) (3) (21) (25) (22) (9) (7) (23) (50) (13) (14) (47) (6) (12) (28) (44) (20) (30) (11) (8) (27) (36) (41) (4) (1) 
22 (45) (38) (34) (50) (14) (13) (47) (8) (28) (1) (7) (27) (18) (49) (33) (37) (29) (17) (9) (48) (19) (24) (31) (10) (15) (30) (44) (23) (2) (39) (36) (22) (11) (4) (42) (21) (35) (43) (41) (20) (3) (6) (12) (32) 
23 (43) (41) (29) (42) (33) (5) (16) (11) (3) (48) (24) (22) (35) (40) (27) (46) (45) (6) (32) (26) (17) (21) (28) (47) (44) (15) (36) (39) (14) (25) (9) (34) (37) (8) (20) (31) (19) (1) (38) 
24 (48) (29) (12) (22) (17) (15) (44) (28) (4) (10) (13) (21) (11) (34) (47) (39) (18) (33) (6) (23) (50) (16) (38) (37) (24) (35) (40) (27) (8) (31) (3) (19) (42) (26) (9) (45) (32) (14) (36) (49) 
25 (37) (50) (6) (32) (14) (49) (19) (21) (24) (20) (33) (28) (43) (40) (2) (47) (5) (1) (27) (39) (22) (13) (46) (26) (9) (23) (8) (17) (7) (25) (16) (12) (4) (31) (18) (30) 
26 (45) (31) (4) (35) (50) (16) (5) (29) (3) (10) (44) (8) (34) (13) (39) (18) (9) (20) (33) (11) (30) (24) (14) (26) (6) (49) (48) (28) (40) (22) (32) (41) (38) (12) (1) (2) (37) (46) (7) (43) (15) 
27 (28) (40) (50) (31) (18) (1) (45) (22) (46) (35) (9) (21) (32) (15) (11) (44) (6) (48) (13) (14) (41) (33) (24) (16) (47) (23) (7) (42) (25) (8) (3) (26) (12) (2) (10) (29) (43) (38) (39) (34) (5) (4) 
28 (11) (41) (16) (10) (44) (48) (2) (29) (28) (33) (14) (47) (5) (36) (21) (4) (9) (15) (40) (19) (32) (45) (6) (50) (12) (31) (1) (43) (17) (30) (7) (42) (37) (20) (34) (38) 
29 (31) (50) (40) (6) (20) (41) (19) (10) (48) (18) (33) (38) (8) (28) (1) (22) (7) (43) (13) (44) (23) (5) (3) (4) (12) (30) (9) (34) (16) (25) (42) (46) (14) (27) (47) (21) (26) (15) (37) (2) (24) (45) (35) (32) (36) 
30 (27) (36) (12) (26) (6) (33) (3) (8) (23) (42) (30) (45) (15) (43) (38) (34) (9) (37) (20) (49) (4) (21) (2) (1) (19) (24) (11) (7) (35) (13) (39) (40) (22) (25) (17) (28) (31) (47) (48) (14) (50) (41) 
31 (14) (1) (7) (17) (46) (27) (47) (45) (4) (29) (16) (12) (41) (24) (21) (15) (6) (3) (8) (42) (19) (18) (23) (5) (10) (37) (35) (32) (22) (26) (30) (43) (44) (33) (9) (39) (11) (40) (34) (13) (50) 
32 (12) (31) (11) (33) (38) (48) (28) (32) (3) (1) (9) (36) (50) (44) (49) (10) (19) (39) (21) (42) (46) (27) (20) (30) (24) (6) (16) (41) (34) (45) (35) (7) (14) (47) (26) (29) (13) (40) (43) (15) (17) (8) (25) (5) (22) (37) 
33 (3) (46) (23) (17) (8) (31) (33) (2) (28) (47) (9) (15) (37) (18) (43) (25) (30) (4) (22) (24) (21) (27) (44) (20) (38) (40) (1) (50) (5) (36) (29) (41) (12) (42) (10) (14) (7) (13) (16) (26) (32) (6) 
34 (28) (10) (13) (3) (34) (11) (41) (33) (37) (7) (17) (21) (24) (12) (14) (32) (23) (4) (16) (43) (6) (46) (27) (48) (47) (49) (25) (29) (30) (26) (35) (19) (8) (15) (18) (44) (20) (22) (2) (39) (38) (5) (45) (40) 
35 (14) (21) (18) (30) (46) (32) (20) (45) (16) (34) (11) (4) (10) (35) (29) (49) (41) (23) (48) (2) (7) (13) (47) (3) (6) (9) (39) (19) (24) (27) (36) (43) (37) (44) (12) (22) (33) 
36 (9) (1) (37) (17) (50) (46) (48) (47) (25) (38) (18) (8) (2) (13) (32) (14) (16) (31) (23) (45) (43) (40) (21) (20) (15) (12) (33) (4) (24) (29) (35) (42) (5) (34) (41) (6) (27) (3) (22) (39) 
37 (6) (24) (7) (4) (30) (41) (37) (16) (33) (15) (17) (40) (36) (35) (2) (44) (38) (10) (3) (50) (49) (48) (46) (45) (18) (21) (22) (1) (19) (32) (26) (43) (8) (42) (20) (14) (23) (34) (39) 
38 (6) (44) (25) (4) (49) (28) (8) (43) (17) (16) (27) (32) (11) (41) (40) (35) (7) (12) (9) (34) (48) (1) (2) (20) (19) (47) (23) (31) (45) (30) (33) (46) (10) (38) (21) (22) (5) (26) (18) (15) (13) 
39 (25) (46) (41) (27) (14) (16) (17) (26) (38) (23) (15) (31) (40) (19) (10) (36) (50) (8) (33) (22) (6) (11) (32) (39) (7) (43) (2) (49) (42) (5) (9) (3) (24) (12) (29) (47) (18) (4) (28) (48) 
40 (41) (3) (6) (34) (17) (45) (25) (22) (47) (14) (30) (7) (8) (42) (43) (11) (29) (23) (24) (48) (35) (15) (1) (39) (12) (21) (50) (9) (5) (27) (44) (33) (46) (28) (13) (32) (37) (10) (49) (16) 
41 (49) (3) (13) (14) (23) (8) (4) (30) (35) (29) (17) (40) (7) (10) (16) (12) (18) (20) (21) (37) (28) (6) (38) (19) (15) (33) (31) (44) (46) (48) (34) (41) (2) (26) (22) (39) (36) (9) 
42 (25) (21) (8) (39) (26) (14) (19) (6) (3) (18) (37) (5) (20) (42) (16) (41) (23) (10) (1) (30) (45) (50) (17) (32) (7) (38) (27) (22) (29) (31) (13) (47) (24) (4) (34) (46) (35) (40) (28) (15) 
43 (32) (9) (21) (23) (15) (17) (35) (42) (1) (28) (30) (44) (31) (13) (47) (34) (50) (36) (3) (48) (7) (49) (19) (11) (45) (16) (12) (22) (8) (33) (27) (25) (26) (6) (14) (37) (43) (41) (29) (5) (2) (24) (46) 
44 (19) (8) (23) (48) (44) (13) (30) (4) (27) (7) (6) (33) (49) (29) (12) (14) (50) (26) (25) (10) (45) (37) (47) (20) (41) (38) (18) (24) (11) (39) (17) (31) (40) (5) (21) (2) (3) (32) (34) 
45 (28) (31) (6) (1) (25) (18) (11) (10) (42) (27) (26) (35) (40) (48) (33) (20) (34) (43) (21) (5) (19) (13) (4) (39) (45) (16) (47) (7) (14) (22) (44) (37) (2) (8) (15) (49) (24) (17) (29) (12) (41) (46) (38) (3) (23) (32) 
46 (5) (24) (47) (13) (48) (6) (45) (36) (33) (39) (35) (10) (2) (50) (27) (40) (12) (49) (41) (21) (43) (42) (22) (7) (26) (8) (31) (23) (3) (9) (37) (20) (29) (1) (44) (4) (32) (19) (25) (28) (16) 
47 (11) (38) (12) (9) (50) (37) (42) (10) (13) (2) (36) (4) (47) (33) (23) (15) (8) (27) (14) (45) (31) (6) (22) (26) (48) (1) (7) (21) (17) (29) (44) (30) (3) (19) (18) (24) (39) (40) (5) (16) (25) (32) (46) (28) 
48 (7) (46) (18) (28) (12) (25) (4) (11) (22) (47) (3) (5) (1) (26) (38) (27) (10) (41) (35) (39) (23) (42) (50) (13) (17) (2) (15) (8) (33) (6) (34) (43) (21) (49) (29) 
49 (24) (17) (43) (3) (34) (4) (40) (12) (6) (9) (48) (45) (50) (46) (39) (22) (49) (27) (23) (30) (11) (19) (18) (15) (1) (14) (29) (44) (28) (8) (35) (33) (2) (38) (21) (16) (10) 
50 (21) (26) (12) (1) (28) (11) (24) (20) (42) (14) (50) (4) (6) (38) (18) (49) (16) (40) (9) (48) (10) (44) (43) (33) (19) (45) (46) (23) (3) (34) (31) (39) (30) (15) (5) (8) (27) (7) (29) 
