0
50
50
1 (11 7 5 12 17) (3 27) (36 18 34 48 19 16 15 1 14 47) (13 35 43) (23 20 26 38 24 39) (45 33 31 22 6 30 50) (32 2 29 4 49 46 25 8) 
2 (9 39 40 4) (24 29 10 47) (33 6 13) (3 49 34) (26 41 16 46 31) (2 42 35 12 5 44 30 21) (23 50 37 27 8 48) (7) (14 1) (28 20 38 32 18 17 15) 
3 (31 15 26 10 38) (40) (24 3) (25 43) (28) (14 39 17) (41 34 16 2) (13 18 36 32) (29 7 47 30 50 37) (20 11 8) (42 46 49) (23 5) (44 45 19 33) 
4 (50 4 48 47) (37 6 22) (26 45 43 46 12 19 31 17 44 2) (20 32 28 41 14 49) (23 42 1 13 21) (39 3) (15 29 8 40) (7 5 34 11 36) 
5 (31 18 46 19 5 11) (30 39 23) (29 13 28) (14 9) (20 24 6 40) (27 1 42 49) (25 15 17 8 47 22 3 21 32 16 43 2 7 44 26 10) 
6 (1 37 2) (26 31 50 27 25 23 11 35 44 19 30 22) (29 14 15 6 17 33 9 40 3 13 39) (4) (36 8 7 34 45 18 38 20 49 42) (47 28) (10 24 46 41 43) 
7 (37 22 5 32 30 4 18 39 20 49 8 41) (23 42 6 28) (34 2 36 27 50) (14 26 10 25 9 45 24 35) (47 21 46 40 43 48 29 38) 
8 (41 20) (31) (21 4 49 38 28 24 23 45 26 40) (10) (11) (34 30 25 5 2 35 37 3) (29 27) (48 36 6 14 44 15 19 50 39) (42) (7 22 13 46 12) 
9 (40 10 29) (42) (24) (6 15 12 22 1 31) (47) (20 30 32 5) (23 18 46 38 43 27 13 48 14) (3 28) (35) (34 16 44) (8 17 21 2 39 36) (37) 
10 (30 37 38 32 33 3 9 41 50 24 2 7) (26 27 16 45 39) (42) (13 47 31 28) (5 10 35 15 11 48 8) (34 20 17 14 36 46 49 1 6) 
11 (25 40 41 27 7 3 24 48 35 15 9 47 39 19 10 4 38) (29) (31 30 33) (43 2 6 12 20 8 16 37) (5 14 50 46 13 32 36 44 22 11) (34 49 45) 
12 (40 8 47 22 28 38 24) (30 10 12) (34 27 5 46 35 41 14) (45 43) (1 13 9 48 17 33) (4) (21 7 29 42) (19 32 37 18 25) (3) 
13 (1 27 30) (18 8 40 12 9 26 33) (45 19) (28 4) (42 23) (39 37 6 44 21 32 24 2) (14 7 10 31 35 48 46 47 41) (50 15 34 43 49 22 20 16) 
14 (4 45) (8 33) (2 25 24 5 7 30 23 44 21 43 36 15 19 22) (9 50 29) (38 6) (46) (13 17 31 39 28 27 20 32 34 35 49 14 12 10 26) (16 18 40) 
15 (37 44 29) (39 18) (13 15 19 36 20 27 32 34 35 50 12 21 38 30 25 40 2) (10 23 42 28 46) (11 26 45 7) (33 14) (17 47 1 43) (48 16 22) (24) 
16 (10 39) (41) (2 3 46) (23 13 21 1 20 44 33 38 6 47 48 34 24) (15 17) (28 11 50 37) (45 22 14 5) (49 29 9 18) (7 26) (4 12 42) (8) (30 27) 
17 (19 44 49 9 31 14 43 11 22 26 17 32 35 2 3 29 42) (38 1 16 47 13 18 34) (6 39 36 7 24 5 25 21 48) (50 28 37 4 15 10 20 41 46) 
18 (32 38 48 21 41 50 18 5 19 45 46 33 4 43 9 17 25 1 29 26 31 3 16 12 47 42) (14 22) (49) (13 39 6 20) (11 27 10 30 2) (23 36) (35 28 24) 
19 (16 30) (8 41 17 19 36 40 21) (6 38 46) (49) (47 14 22 44 27 45 43 48 35 2 5 26) (4 31) (13 24 50 10 34 28 20) (25 29 7 15) 
20 (13) (36) (9 19 15 38 28 26 32) (21 42 22) (37 27) (20 31 41 10) (23) (46 14 33) (25) (50 16 44 1 48 49 47) (3 4 7 45 40) (6 18) (17 30 5 43) 
21 (32 12 15) (29 18 41 11 20 5) (8 7 45 19 17 25 43 36) (3 46 34 30 6 44) (50 4 49 14 33 39 16 2) (42 13 23 35 31 48) (40 38 27) 
22 (2 43 40 14) (33 19 17 30 36 10 16 13 3 21 27 9) (29 20 45) (26 6) (4) (48 18) (5 34 1) (32 50 7 22 35 23 37 25 8 44) (12 28 42 39) (47 11) (49) (38) 
23 (47 28 6 45 32 46) (31 2 41 12 15 22 34) (43 8 3) (4 21 36) (19) (26) (25) (11 1 9) (38) (40 24 30 14 10 50 18 44) (5 20) (23) (33) (35) 
24 (45 25) (14) (3 35 28 46) (21 32 18 26 49 13 1 39 34 44 42 15 38 23 17 40 29 36 31 33 50) (30 16) (11 19 22 37 8) (6 48 7 27) (2) (9 43) 
25 (16 47 1) (21 3 5 20) (26) (2 46 27) (49 33) (44) (8 39 6 9 38 34 42 41 10 30 29 17 7 13 4 25 36 48 23) (40 14) (15 11) (22 12 32 24) (28 19 43 37) 
26 (23) (2 39 27 5 17 35 33 6) (38) (26 28 34 7 3 37 14 44 19 31) (32) (10) (25 13 42 21 40 11) (12) (29 18 1) (49 50 8) (20 46 36) 
27 (20 22 17 35 8) (29 33 24) (15 11 34 41 30 16 38 40 50 49 18 37) (3 2 45 44) (32) (42) (48 46 6 7 27 36) (21 19 9 26 25) (14 5 47) (13 10 23) 
28 (21 20 30) (31) (40 33 4) (27) (3 28 22) (44 35 8) (50 1) (15 7) (18 45) (43) (23 46 32 48 26 13 34 38 47) (9 17 24 25 14) (39) 
29 (13 30 22 15) (17 38) (48) (35 11) (49 34) (2 12 3 45 36 14 26 33) (7 46) (10 31 29 9) (6 16 25 18 19 42 8 20 37 4 40 21 27 44 39 43 23 47) 
30 (4) (15 6 12 37 14 21 13 22 29 10 48 19 7 50 45) (44) (26) (31 27 2 20 28 17 39 40 36 16 41 25 1 49 47 3 46 18 23 35 33) (42) (34) (30) 
31 (36 14 1 33 42 9 29 49 17 21 12 13) (47 15) (26 16) (23 11 27) (28) (10 19) (34 2 30 37 31) (46 7 40 41 18 50 35 24 43 44 8 32) (3) 
32 (43 31 19 34 25 13 36 4 24 9 12 14 37) (7 1 18 23 41 20 40 32) (49) (16) (11 2 28 29) (45 17 15 35 42 8) (10 33 48 5 22 6 46 50 30) 
33 (34 4 48) (39 32 50 42) (46 36 11) (6 5 21 41 27 38 2) (18 26 35) (7 24 12) (37 29 31 13 43 22 3 25) (19 1 16 10) (47 17 8 33 44 9 15) 
34 (37 33 45 43 35 29 15 10 49 9 4) (18) (31 17 28 26 38 32 42 1 7 34 2 46 22) (23 16) (11 25 48 19 24 20 30 40 8 27) 
35 (33 10) (42 29) (35 44 31 15 48 14 34 19 22 12 9 41) (16) (30) (1 36 18 28 6 38 11) (3 5 40 39 4 46 8 27) (37 50) (45 43 21 20 13 17) (47) 
36 (47 7 45 4 27 2 31 30 50 3 38 39 49 41 6 32 36 10 11 1 15) (9 21 22 48 46 17 16) (28 37 24 26) (23 40 20 42 33) (43) (29) 
37 (24 49 28 44 3 32 50) (31) (25 13) (4 2 8 20 27 16 43 22 6 33 23 19 15 38 11 5 40 36 46 35 41 18 17 14) (1 12) (30 7 42) (21 48 45) 
38 (42 7 48 35) (24 19 50 22) (33) (49 4 8) (43 26 37 1 14 6 40) (31) (36 9 12) (45 18 41 46 38 25 11 30 44) (27 39 13) (10 16) (28) (32) 
39 (33 48) (6 23 8 17 50) (11 15 20 13 22) (21 35 19 30) (12 44 41 34) (18 47 32 43 45 5) (24 9 31 49 7 14 3 29) (39 26 42) 
40 (5 16 13) (14 20 28) (10 8 21) (47 23 33 26 50) (18 46 24) (36) (30 15 38 25 39 1 35 12 40 6 44 3 7 49 4) (48 42 19) (22) 
41 (45 50 38 7 42 41 22 11 46 6 4 28 32 44 43 30 2) (48 34 26 19 47 40 27 12 16 8 29 20 33 24 37 36 39 31 1 15 9 23 21 49 25) (5) 
42 (21 25 28 9 24 44 36 38 18 8 47 10 35 34 2 3 5 26) (15 43 31 32 23 6 14 1 45 49 16 20 42 30 19) (50) (4 13 41 40) (39 17) 
43 (28 22 10 21 41 49 7 35 15 48) (50) (18 19 12 25 38 36 44) (5 45 14 30) (23 9 11) (3) (24 27 20) (31 32 6 1 46) (33 39) (34 37 13 17) 
44 (44 4) (41 33 45 17 21) (27 24 39 32) (36 12 7 42 38 3 6) (40) (25 29 5 15 18 34 23 26) (11 16) (9 19 31 8 2 46 13) (1 22 48 10 35 50) 
45 (14 18 30) (44 39 46 37 34 2) (15 50 4 1) (11 20 8 3 26) (35 33 43) (36 10 25) (49 12 19 21 9 16 48 32 24) (45 40 42 38 7 17 27 41 6 29) 
46 (40 23 48 6 4 21 41 3 39) (42 26 28 35) (13 37 5 17) (8 24 16 34 32 12 36 9 22 46 38 25) (33 31 50 10 29 43) 
47 (32 28) (16 45) (33 36) (14 43 6) (48 26 7 44) (15 29) (25 27) (4 21) (17 19) (11 34) (40 9 31 18 49 46 50 41 12) (39 5 30 2 3 20 37 10) 
48 (40 35 22 13 45 36) (26 3 43 48 12) (34 41) (21 25 50) (37) (2 46 6 47 27) (31) (18 42 19) (28 8 7 39 20 9) 
49 (20 1 3) (18 39) (48 46 43 13 45) (36 31 27 35 15) (23) (4 22 25 5 14 38 34 6 17 7 37 21 30 2 12 32 44 28 16 26 42 11) 
50 (45 50) (28 4 24 13 12 20 14 15) (25 37 31 18) (46) (40 16) (5 48 2) (27 9 30 8 29 32 44) (49 17) (10 33 23 36 35 21 34 19) (39) (43) (1 11 6 41 47) 
1 (36) (4) (30) (2) (23) (26) (20) (6) (42) (12) (24) (22 18 13 49 9 5 40) (45 15 34 17) (16 43 32 38 31) (33 44) (28) (25 50 37 35 1) (41 10) 
2 (44) (6) (26) (27) (25) (11) (7) (19) (23) (22) (8) (47) (3) (17) (41) (42) (15) (31 30 2 5 16 48 33 1 18 21 24 13 10) (4 36 49 14 37) (45 9) (29) (50 32 34) 
3 (37) (45) (23) (39) (47) (4) (44) (6) (42) (20) (30) (27) (18) (49) (9) (33) (2) (1) (3) (48) (31) (40 22) (24 10 36 46) (35 11 25) (28 8 17 26 16 5 21 12 43 29) 
4 (23) (46) (29) (42) (25) (44) (20) (7) (21) (49) (35) (13) (50) (6) (2) (33) (41) (32) (47) (30) (12) (36) (1) (17) (16 37 40 18 34 22 14 38 28 11 8 4 45 19) 
5 (20) (19) (50) (44) (14) (25) (37) (46) (35) (9) (2) (10) (5) (27) (22) (47) (18) (32) (16) (42) (26) (1) (43) (8) (33 12) (7 17 23 40 39 4 41 21 3 49 11) 
6 (23) (30) (5) (40) (32) (44) (39) (25) (4) (2) (47) (8) (1) (20) (48) (33) (22) (21) (35) (46) (43) (41) (9) (29) (14) (24 18 11 13 37 42) (27 38 49) (16 17) (7 26 19 50 45 36 6 10) 
7 (30) (43) (4) (49) (39) (20) (19) (24) (13) (28) (48) (38) (33) (14) (15) (11) (44) (31) (17) (27) (32) (29) (8) (22) (6) (1) (40) (16) (26 34 5 47 41 25) (12 3 2 45 37 21 36 10) 
8 (16) (38) (4) (42) (22) (35) (13) (45) (44) (46) (31) (2) (26) (10) (9) (1) (23) (21) (39) (33) (32) (24) (5) (41) (27) (37) (29) (40) (28) (6 50 7 11 25) (12 19 48 3 34 14) 
9 (45) (48) (5) (33) (23) (35) (47) (11) (29) (41) (7) (10) (17) (6) (12) (18) (39) (22) (2) (28) (46) (43) (24) (13) (34) (16) (50) (25) (31) (20) (44 38 32 27 14 42 36) 
10 (12) (40) (33) (5) (3) (19) (31) (13) (27) (23) (25) (34) (15) (17) (35) (46) (44) (16) (45) (36) (7) (38) (50) (8) (30) (22) (10) (43) (20) (9) (29 14 32 18 11 2) (6 42 26 47) 
11 (17) (38) (47) (23) (27) (39) (1) (24) (35) (44) (31) (43) (25) (33) (5) (22) (26) (45) (49) (4) (16) (41) (32) (18) (29) (6) (15) (11) (34) (21) (37) (3 36 10 8 50) 
12 (43) (48) (8) (16) (29) (50) (35) (45) (41) (12) (11) (39) (2) (38) (49) (30) (13) (25) (9) (31) (40) (46) (23) (4) (33) (26) (37) (47) (44) (22) (1) (14 15 21 18 32) 
13 (27) (8) (28) (5) (22) (32) (15) (6) (17) (33) (38) (11) (30) (1) (40) (2) (3) (49) (16) (44) (48) (42) (14) (46) (4) (37) (24) (39) (10) (25) (26) (19 21 31 43 12 18 35 29 9) (50 20) 
14 (31) (3) (23) (12) (27) (9) (4) (35) (45) (21) (50) (18) (15) (5) (1) (28) (38) (47) (29) (39) (20) (43) (14) (37) (7) (25) (10) (40) (13) (11) (49) (42) (16 2 8 6) (24) (26 19 30 32 22 17) 
15 (8) (9) (43) (15) (49) (25) (11) (44) (40) (5) (28) (29) (42) (16) (27) (30) (17) (2) (19) (14) (39) (35) (50) (6) (33) (23) (13) (20) (45) (37) (4) (10) (34) (41) (32 36) (47 21 24 1) (31 3) 
16 (47) (38) (21) (45) (27) (44) (11) (40) (42) (2) (19) (1) (20) (3) (29) (17) (10) (50) (41) (14) (34) (46) (25) (13) (36) (24) (15) (22) (49) (9) (37) (33) (31) (35) (18) (32) (5 30) 
17 (4) (50) (42) (21) (14) (18) (16) (1) (35) (45) (6) (3) (46) (29) (22) (19) (10) (31) (32) (30) (43) (15) (27) (37) (44) (24) (28) (5) (9) (49) (36) (17) (34) (20) (26) (39) (25 2 33 47 12) 
18 (6) (16) (35) (37) (24) (30) (31) (50) (17) (33) (22) (45) (1) (32) (42) (40) (38) (43) (27) (20) (12) (29) (28) (39) (7) (34) (26) (15) (2) (48) (18) (5) (14) (23) (3) (49) (13) (44 9 21) (47) 
19 (30) (25) (4) (11) (47) (48) (20) (19) (18) (42) (33) (17) (15) (6) (8) (5) (12) (44) (35) (41) (32) (1) (45) (27) (22) (40) (29) (13) (38) (3) (14) (31) (50) (43) (37) (39) (26) (21) (34 24 23) 
20 (10) (50) (7) (47) (40) (21) (11) (27) (16) (41) (49) (34) (19) (23) (32) (3) (30) (37) (48) (6) (29) (17) (28) (42) (14) (35) (45) (18) (26) (2) (25) (43) (36) (20) (8) (4) (15) (1) (5 13 39) (22 9) 
21 (18) (41) (28) (17) (35) (4) (40) (43) (39) (2) (33) (16) (29) (47) (15) (5) (45) (12) (14) (9) (20) (22) (24) (8) (50) (37) (44) (26) (42) (25) (48) (49) (7) (36) (27) (23) (19) (46) (13) (30) (31) 
22 (43) (46) (16) (36) (41) (44) (1) (18) (33) (4) (32) (40) (25) (19) (39) (12) (34) (38) (22) (14) (37) (23) (29) (17) (6) (28) (27) (24) (35) (20) (11) (5) (7) (15) (9) (30) (8) (49) (48) (13) 
23 (43) (41) (40) (4) (24) (42) (1) (22) (20) (18) (15) (26) (29) (37) (34) (23) (39) (28) (32) (31) (44) (49) (50) (6) (13) (21) (46) (2) (27) (16) (5) (25) (3) (8) (30) (14) (7) (9) (36) 
24 (37) (32) (6) (50) (9) (39) (46) (33) (3) (2) (42) (23) (10) (13) (25) (28) (19) (15) (45) (36) (43) (27) (17) (31) (41) (8) (12) (14) (18) (44) (38) (16) (11) (7) (5) (1) (34) (40) 
25 (1) (11) (43) (47) (38) (44) (40) (18) (24) (14) (49) (25) (41) (46) (15) (30) (22) (5) (34) (48) (27) (19) (33) (45) (50) (32) (3) (17) (21) (20) (12) (23) (26) (7) (42) (37) (8) (29) (28) (6) 
26 (38) (39) (48) (26) (45) (16) (10) (19) (33) (40) (47) (8) (13) (31) (14) (7) (4) (3) (22) (2) (41) (42) (46) (25) (36) (20) (5) (17) (23) (44) (29) (6) (30) (24) (18) (27) (28) (1) (49) (34) (15) 
27 (22) (36) (49) (50) (21) (48) (29) (33) (2) (15) (6) (41) (10) (31) (25) (45) (44) (12) (8) (34) (19) (35) (37) (28) (43) (16) (5) (24) (1) (9) (27) (20) (11) (47) (30) (14) (7) (18) (13) (26) (38) 
28 (8) (13) (24) (34) (17) (12) (5) (22) (10) (40) (42) (31) (6) (41) (16) (18) (30) (35) (47) (36) (26) (43) (46) (38) (15) (50) (7) (28) (9) (32) (20) (25) (49) (4) (14) (19) (48) (37) (23) (2) (3) 
29 (3) (17) (12) (15) (29) (34) (44) (1) (11) (35) (8) (25) (7) (16) (31) (26) (18) (41) (9) (14) (47) (46) (45) (5) (21) (6) (4) (30) (32) (27) (50) (36) (2) (22) (39) (24) (33) (19) 
30 (41) (7) (15) (18) (1) (37) (19) (8) (14) (9) (47) (22) (28) (49) (16) (13) (36) (35) (43) (21) (20) (12) (30) (31) (42) (2) (3) (27) (38) (11) (34) (25) (23) (29) (5) (24) (40) (45) (10) (39) (50 32 6) 
31 (6) (28) (24) (26) (42) (41) (29) (8) (3) (34) (32) (39) (19) (35) (18) (13) (44) (33) (30) (17) (37) (9) (1) (2) (14) (23) (46) (4) (50) (11) (48) (20) (49) (47) (10) (5) (36) (21) (31) (43) (38) 
32 (25) (49) (39) (1) (34) (5) (41) (36) (14) (31) (26) (24) (37) (11) (27) (10) (22) (43) (44) (28) (33) (9) (50) (38) (3) (4) (47) (20) (32) (42) (17) (13) (18) (46) (12) (7) (23) (15) (2) (45) (21) 
33 (15) (50) (46) (1) (31) (20) (21) (30) (23) (36) (26) (45) (40) (44) (25) (13) (43) (29) (10) (14) (3) (27) (32) (22) (24) (34) (2) (37) (38) (6) (39) (18) (35) (47) (28) (11) (41) (16) (33) (12) 
34 (30) (50) (16) (6) (3) (10) (29) (7) (9) (8) (42) (34) (4) (27) (46) (31) (48) (19) (43) (14) (44) (21) (33) (13) (25) (41) (32) (2) (35) (17) (28) (49) (1) (39) (15) (47) (22) (23) (26) (45) (12 11 24) 
35 (17) (18) (45) (8) (32) (15) (9) (28) (29) (44) (12) (39) (42) (21) (50) (37) (31) (38) (49) (13) (24) (33) (14) (46) (11) (43) (23) (35) (30) (34) (26) (10) (7) (6) (2) (22) (27) (1) (19) (48) (40) 
36 (17) (37) (48) (35) (15) (21) (11) (3) (14) (10) (7) (30) (40) (42) (6) (20) (1) (25) (32) (27) (43) (41) (45) (44) (8) (46) (24) (49) (33) (50) (26) (23) (22) (9) (29) (19) (47) (31) (18) (36) (4 38) 
37 (24) (36) (30) (26) (43) (17) (9) (31) (15) (25) (22) (41) (13) (46) (48) (27) (49) (33) (45) (50) (12) (34) (32) (38) (20) (4) (10) (6) (47) (2) (3) (11) (7) (8) (29) (16) (35) 
38 (23) (29) (49) (19) (11) (12) (15) (42) (25) (7) (9) (28) (46) (27) (38) (37) (2) (34) (18) (45) (41) (16) (3) (35) (40) (10) (8) (33) (22) (20) (44) (36) (6) (1) (17) (24) (26) (14) (43) (21) 
39 (45) (1) (24) (22) (33) (44) (21) (5) (2) (26) (41) (9) (10) (11) (38) (7) (42) (48) (16) (47) (30) (18) (3) (25) (6) (39) (49) (29) (36) (15) (46) (43) (35) (8) (28) (4) (50) (17) (40) (13) (14) 
40 (41) (21) (6) (11) (25) (24) (30) (15) (26) (2) (45) (14) (23) (44) (13) (3) (22) (38) (4) (48) (28) (47) (37) (34) (31) (40) (9) (8) (32) (5) (29) (36) (7) (35) (12) (19) (46) (42) (50) (27) (20) 
41 (10) (46) (48) (45) (32) (13) (31) (4) (37) (21) (7) (47) (23) (41) (19) (2) (30) (6) (20) (33) (25) (17) (11) (38) (3) (16) (35) (8) (42) (27) (39) (12) (36) (18) (43) (44) (50) 
42 (18) (41) (30) (40) (26) (25) (42) (12) (6) (8) (29) (33) (36) (49) (13) (9) (48) (32) (45) (10) (15) (39) (44) (5) (37) (7) (4) (46) (27) (3) (22) (17) (38) (34) (31) (2) (16) (21) (35) (20) (24) 
43 (4) (23) (38) (17) (18) (37) (3) (39) (35) (28) (19) (14) (46) (9) (47) (48) (32) (5) (49) (20) (29) (6) (41) (22) (50) (15) (21) (11) (13) (12) (31) (33) (24) (36) (34) (42) (45) (1) (7) (25) 
44 (23) (16) (22) (30) (28) (9) (38) (43) (33) (21) (15) (2) (39) (3) (20) (17) (24) (49) (41) (45) (8) (19) (4) (31) (29) (37) (6) (47) (35) (44) (26) (27) (11) (13) (40) (25) (5) (42) (50) (14) 
45 (4) (49) (29) (42) (21) (23) (16) (8) (36) (35) (15) (10) (6) (48) (30) (24) (43) (1) (7) (18) (13) (11) (44) (37) (41) (38) (3) (19) (47) (32) (14) (39) (28) (50) (45) (27) (34) (20) (22) (12) 
46 (41) (24) (12) (23) (36) (38) (4) (44) (13) (28) (30) (11) (26) (50) (49) (21) (14) (33) (20) (27) (16) (45) (29) (3) (18) (10) (17) (7) (34) (31) (37) (19) (47) (6) (46) (15) (25) (1) (40) (48) (8 2 32 9 5 35 43) 
47 (23) (40) (27) (13) (29) (20) (28) (48) (2) (5) (9) (7) (11) (6) (50) (36) (17) (22) (19) (33) (12) (3) (42) (16) (39) (15) (31) (18) (41) (1) (35) (10) (25) (4) (30) 
48 (49) (24) (48) (40) (28) (27) (22) (29) (36) (43) (11) (4) (9) (47) (37) (19) (16) (12) (39) (21) (1) (17) (15) (13) (7) (2) (8) (35) (46) (45) (18) (41) (10) (34) (20) (50) (32) (38) (33) (44) (25 30) 
49 (27) (42) (45) (34) (26) (37) (30) (8) (18) (31) (1) (13) (4) (10) (5) (21) (17) (41) (2) (11) (25) (7) (32) (38) (14) (36) (47) (40) (29) (20) (6) (43) (39) (19) (22) (3) (16) (24) (50) 
50 (15) (23) (30) (7) (19) (48) (44) (14) (50) (6) (1) (36) (22) (46) (39) (32) (17) (8) (47) (18) (3) (38) (20) (31) (26) (40) (41) (45) (37) (21) (27) (43) (11) (35) (33) (28) (2) (24) (13) (16) (4 42 10) 
