0
50
50
1 (49 4) (37) (48) (24 39) (14) 
2 (19) (7 18) (9 20) (10) (1) (38) (35 6) 
3 (44 26 17) (41 49 35 14 38) (46 25 32) (19 43 45 8 18) 
4 (13 36 42) (23 30) (10 39) (1 17 37) 
5 (31 20 6 48 39) (30 33 38) (42) 
6 (37) (50) (7 23) (48 34) 
7 (24) (46 27) (21 36 48) 
8 (43 13 8 47) (20 14 19 36 5 35) 
9 (41) (27 46) (40) (3 37) (44) (10 8) (42) 
10 (5 37) (15 44 21 7 14 33) 
11 (7 21 22 49) (1 28 48) 
12 (24 31) (35) (28 23 19 46 8 30) (26 21) 
13 (42 4 7 13) (25 22 24 2 33) (23) (31) 
14 (24 4) (32 38 17) (49 13 1 10) 
15 (48 16) (12) (8 41 42 14) 
16 (14 39) (18 22) (37 6) (32 42 11 49) (46) 
17 (10) (31) (13) (39 45) (19 50 47 4 37) 
18 (38 31 47 13 16 45) (34 7 8) (27) (33 14) 
19 (44) (30) (19 46) (8 13) (18) 
20 (17 1 7 18 12 11) (27 24 3 42) 
21 (31) (32 11 50) (47 6 15) (12 1 26 40 7) (9) 
22 (2 24 39 50) (12 31 4 26 11 7) 
23 (40) (42 15 20) (49 47 7) (35) 
24 (40) (11 6) (9 19) (18) (35 37 33) 
25 (33 43) (17 30) (25 12 9 45 4 24 5) 
26 (31) (14 12) (30) (13) (50 39 25 49 42 44) (37 35) 
27 (39) (17 6) (24 11) 
28 (20 33 32) (44 27 19) (13) (11 34 26 31 43 7 46 8) 
29 (38 27 8 3) (6) (9) (10) (12 23) 
30 (12) (37 36) (25 42 27 16 10) 
31 (10 36 17 16) (19 20) (34 25) (7 29) 
32 (30) (38 12) (42) (49 45 5) (28) (13) 
33 (49 50) (13 6 9 31) (42 24) (36 45) (33 46 1 44) (39 23) (17) (30) 
34 (23 25 13) (12) (29 46 22 40 45 28 34) 
35 (19 30) (18 4 36 28 8) (14 31 23 7) (22) 
36 (15 12) (23 35) (41 16) (37) (17) 
37 (9 21 42 8) (34 41 22 24) 
38 (31) (10 33 7 20) (22) 
39 (3 10 25 7) (23) (19) (33 46) (47 21) (28 6) 
40 (21 50 47) (6) (5 39) (25 16 46 15) (1) (13) (49) 
41 (45 36 25 48) (46) 
42 (4 13 8 46 49) (3) (45 30 10 17 37) 
43 (33 31 45) (50) (46 17) 
44 (12 24) (38) (42) (7 15 31 16) (49 40) 
45 (42 37 11 32 21) (44 22 47 40 15) 
46 (19 12) (46 10 44) (22 20 49 21 2) (15) 
47 (16 33 48) (8 28 7 5 20 19 43) (49 45 26) 
48 (15 5) (20 23) (1 41 42 11) (22) (29 31 14) 
49 (39) (14 22) (1 24 29) (10) (6) (33) (19) 
50 (4 33 7 46 10 30) (15 34) 
1 (40) (4) (11 20 33 21 14) (49 2) (48) 
2 (46) (13) (22) 
3 (20) (9) (42) (39) (29) 
4 (17) (1) (25) (13) (22 42) (50) (14) (35) 
5 (32) (40) (47) (48) (8) (10) (25) 
6 (16) (5) (29) (40) (24) (2) (21) (33) (39 27 49) 
7 (6) (50) (2) (35) (18) (47) (28) (10) (21) (44 20 39) (13) (31) (11 38) (23) (22) 
8 (19) (18) (29) (9) (8) (28) (37) (42) (47) (35) (3) (15) (12) 
9 (29) (2) (24) (37) (33) (25) (21) 
10 (17) (49) (14) (2) (4) (38) (30) (39) (31) (29) (9) (42) (46) (50) 
11 (20) (16) (24) (45) (28) (27) (48) (22) (21) 
12 (46) (29) (22) (15) (32) (26) (34) (20) (44) (21) (36) (30) (25) 
13 (4) (18) (28) (17) (33) (42) (26) (34) (8) (32) (13) (14) (19) (40) 
14 (15) (49) (1) (35) (3) (10) (26) (16) (8) (18) (48) 
15 (23) (40) (48) (46) (21) (45) (36) (10) (44) (50) 
16 (47) (31) (15) (30) (36) (18) (44) (40) 
17 (31) (33) (36) (20) (43) (27) (42) (14) (4) (25) (3) 
18 (2) (19) (24) (16) (20) (3) (35) 
19 (24) (39) (12) (47) (46) (2) (35) (3) (17) (31) (19) (28) (49) (8) 
20 (5) (46) (2) (28) (23) (38) (8) (31) (48) (47) 
21 (45) (12) (7) (40) (10) (39) (37) (11) (46) 
22 (49) (46) (34) (38) (48) (11) (13) (37) (16) (45) (35) 
23 (12) (34) (48) (33) (6) (13) (35) (29) (39) (36) (4) 
24 (13) (27) (20) (7) (49) (37) (14) (12) (44) (33) (1) (25) (22) 
25 (30) (31) (40) (39) (13) (41) (34) (3) (25) (26) 
26 (47) (3) (22) (21) (12) (28) 
27 (30) (18) (9) (20) (7) (29) (28) 
28 (11) (47) (32) (34) (39) (12) (35) 
29 (34) (31) (48) (49) 
30 (25) (19) (5) (35) (32) (4) (33) (26) (50) (42) (12) 
31 (48) (12) (22) (17) (33) (44) (18) (26) (35) (38) (5) (21) (13) (28) (43) 
32 (16) (3) (21) (28) (14) (45) 
33 (39) (33) (18) (43) (24) (25) (49) (10) (38) (50) (47) (13) (28) (5) 
34 (34) (31) (50) (6) (28) (37) (18) 
35 (26) (23) (3) (24) (2) (8) (36) (12) 
36 (8) (35) (30) (7) (33) (41) (31) (4) 
37 (6) (4) (24) (42) (17) (45) (1) (16) (30) (10) (9) (36) (26) 
38 (32) (2) (5) (14) (3) (29) (44) (18) 
39 (49) (1) (40) (17) (4) (5) (22) (27) (26) (33) (16) 
40 (34) (45) (21) (9) (44) (23) (24) 
41 (15) (3) (9) (36) (48) (37) 
42 (9) (32) (33) (23) (13) (26) (48) (16) (5) (45) (20) (15) (30) (4) (44 37) 
43 (25) (3) (28) (8) (47) 
44 (10) (28) (45) (46) (3) (9) (19) (26) (33) 
45 (32) (3) (18) (42) (33) (17) (41) (47) (34) (25) (43) 
46 (9) (33) (19) (16) (43) (3) (39) (50) (34) (12) (46) (28) (42) (41) (7 40) 
47 (18) (45) (40) (8) (17) (39) (21) (23) 
48 (6) (1) (47) (7) (41) (15) (5) (11) 
49 (44) (42) (46) (47) (33) (26) (32) (1) (40) (16) (14) (11) (3) (23) 
50 (26) (6) (22) (33) (21) (17) (43) (40) 
