0
50
50
1 (48) (35) (20) (38) (22) (33) (28) (45) (27) (19) (9) (8) (34) (42) (50) (47) (29 31) (26) (13) (36) (3) (40 15) (14) (41) 
2 (34) (15) (37) (7) (25 3) (13) (46) (38) (40) (36) (5) (35) (20) (45) (47) (6) (11) (18) (2) (8) (44) (41) (33 16) (27) (30) (19) (17) (31) 
3 (7) (18) (4) (8 20) (49 2) (9) (47) (3) (36) (33) (34) (45) (23) (27) (12 24) (43) (1) (38 22) (32) (25) 
4 (32) (36) (19) (11) (26) (6) (2) (7) (38) (23) (14) (25) (46) (40) (12) (31) (13) (37) (22) (8) (30) (29) (21) (33) (18) (5) 
5 (4 24) (41) (12) (27) (8) (32) (11) (37 18) (33) (30) (5) (19) (47 6 29) (50) (1) (38) (3) (22) (20) (15) (34) (21) (45) 
6 (34) (50) (16) (21 28) (13) (37) (22) (1) (33) (9) (10 18) (3) (8) (5) (47) (46) (24 32 48 45 31) (23) 
7 (5) (32) (36) (27) (11) (41) (49) (48) (46) (42) (3) (45) (25) (47) (26) (29) (7 15) (12) (43) (22) (20) 
8 (30) (35) (41) (13) (10) (12) (20) (40) (32) (9) (36) (15) (17 26) (38) (28) (19) (14) (24) (25) (29) (44) (16) (22) (7) (39) 
9 (3) (20) (37) (17) (14) (24) (16) (15) (30) (42) (34) (46) (2) (35 33) (8) (45) (11 47) (32) (1) (21) (5) (22) (19) 
10 (39 1) (48) (18) (15) (4) (11) (29) (41) (32) (20) (23) (16 13) (47 12) (37) (43 2 10) (45) 
11 (6) (16) (49) (7) (36) (28) (17) (39) (18) (9) (23) (21 13) (31) (5) (11) (8 27 10) (33) (2) (22) (46) (3) (37) 
12 (31) (13) (42) (20) (16) (38) (15) (50) (22) (32) (9) (41) (1) (5) (40) (27) (48) (6) (29) (7) (39) (35) (17 12) (18) 
13 (21) (23 40) (18) (35) (6) (31) (7) (9) (3 33) (48) (1) (41) (17) (34) (32) (25) (27) (39) (42) (10) (38) (47) (28) 
14 (35) (14) (41) (33 32) (23) (43) (4) (42) (24) (29) (15) (2) (38) (20) (22) (5) (49) (8) (39) (25) (9) (44) (3) (27) (40) (18) (46) 
15 (24 25) (41) (43) (19) (10 11) (42) (49) (33) (28) (26) (13) (20) (14) (9) (3) (32) (46) (44) (8) (47) (12) (39) (31) (15) 
16 (20) (26) (27) (28) (45) (9 31 36) (16 17) (5) (21) (37) (4) (22) (33) (8 10 50) (1) 
17 (1) (41) (36 38) (29 17) (44) (42) (46) (24) (32) (22) (16) (12) (37) (31) (9 5) (27) (25) (14) 
18 (27) (40) (42) (50) (33) (29) (38) (6) (19) (24) (25) (28) (9) (45) (11) (34) (5) (21) (37) (43) (12) (41) (23) 
19 (22) (24) (7) (46) (41) (34) (45) (39) (33) (12) (50) (5) (42 36 16) (10) (25) (44) (32) (9) (23) 
20 (3) (11 12) (4) (24) (5) (43) (33) (48) (19) (30) (41) (21) (15) (10) (16) (32 38) (22) (8) (31) (2) (18) (26) (45) (46) (39) (14) (17) 
21 (49 40) (45) (34) (25) (24) (27) (3) (1) (48) (37) (39) (16) (9) (35) (14) (26) (21) (20) (22) (6) 
22 (5) (49) (2) (40) (44) (46) (17 31) (19) (47) (32) (39) (37) (35 23) (41) (3) (27) (43) (8) (12) (11) (38) 
23 (43) (8) (1) (30) (12) (17) (15) (25 38) (11 41) (28) (34) (19) (48) (23) (46) (20) (39) (5) (33) (21) (6) (37) (27) (9) (31) 
24 (12) (1) (4) (6) (47) (29) (42 5) (43) (21) (17) (19 3) (22) (8) (39) (27) (23) (14) (30) (45) (20 49) (46) (2) 
25 (36) (46) (35) (37) (41) (38) (42) (12) (31) (23) (22) (21) (43) (25) (5) (11) (7) (50) (26) (28) (4) (34 18) (27) (1) 
26 (43) (14 27) (15) (11 25) (35) (8) (4 45) (46) (30) (38) (37 50) (9) (49) (28) (13) (47) (34) (23) (1) 
27 (20) (39) (46 14) (26) (8) (36 16) (12) (2) (18) (4) (24) (28) (49) (10) 
28 (8) (29) (27) (12) (49) (37) (40 3 14) (6) (13) (45) (42) (9) (24) (2) (46) (28) (11) (18) (1) (25) 
29 (9) (11) (13) (48) (16) (21) (1) (31) (25) (44) (41) (42) (45) (28) (18) (12) (50) (39) (33) (38) (15) (19) (47) (6) 
30 (16) (10) (38 43) (24) (14) (40) (35) (33) (9) (30) (2) (1) (4) (19) (49) (26) (13) (8) (27) (32) (5) (21 28 3) (6) (23) (34) 
31 (21 6) (17) (3) (19) (23) (27 37) (13) (14) (11 32) (50) (44) (30) (42) (25) (12) (2) (22) (49) (26) (36) (8) (31) (29) 
32 (40) (19) (22) (25) (32 8) (15) (34) (43) (1) (33) (16) (45) (31 13) (37 35) (44 7) (12) (27) (10 41) (26) 
33 (17) (18) (31) (16) (40) (1) (25) (23) (44) (34) (11) (21) (32) (42) (24) (27) (35) (8) (28) (12) (5) (47) (13) (29) (15) (9) (4) (48 3) (10) 
34 (35) (36) (43) (23) (48) (11) (14) (47) (3) (42) (39) (6 13) (17 21) (1) (29 5) (40) (38) (26) (9) (45) (8) 
35 (34) (25) (15) (46) (45) (37) (35) (23) (4) (40) (22) (50) (8) (26) (32) (30) (47) (43) (24) (5) (17) (20) (12) (1) 
36 (4) (31 23) (37) (28) (32) (29) (21) (1 9) (20) (12) (18) (36) (30) (17) (48) (5) (3 49) (8) (42) (15) 
37 (18) (36) (1) (13) (17) (48 50) (35) (42) (11) (32) (33) (10) (37) (46) (12) (47) (28 45) (15) (41) (40) (39) 
38 (31) (17) (26) (10) (7) (42) (13) (33) (39) (20) (47) (21) (45) (9) (48) (15) (19) (49) (29) (38) (11) (28 16) (2) (1) (40) (4) (37) (23) (14) (25) (34) 
39 (11) (16) (42) (9) (34) (38) (24) (10) (35) (31) (23) (32) (33) (40) (37) (46) (21) (20) (27) (18) (45) (5) (4) 
40 (15) (24) (45) (20) (42) (18) (31) (12) (30) (25) (4) (34) (13 33 41) (23 35) (17) (8) (10) (9) (38) (32) (7) (16) (44) (2) (36) 
41 (32) (46 35) (25 7) (8) (40) (43) (10 11) (14) (47) (5) (3) (24 30) (38) (19) (16) (12) (23) (41) (50 31) (37) 
42 (28) (6) (38) (18) (30) (26) (25) (16) (41) (21) (48) (17) (19) (15) (33) (22) (32) (35) (39) (43) (27) (37) (42) (9) (44) (2) (36) (47) 
43 (16 36) (40) (15) (25) (48) (20 22) (6) (18) (11) (27) (46 42) (4) (33) (26) (19) (5) (17) 
44 (28) (14) (46) (42) (45) (8 37) (1) (35) (9) (38) (49) (18) (13) (5) (27) (40) (7 31) (11 30) (6) (2) (24) (44) (23) (21) (43) (17 22) 
45 (39) (11) (6) (23) (7) (12) (15) (36) (5) (30 1) (24) (38 21) (22) (4) (48) (42) (44) (10) (50) (26) (47) (8) 
46 (9) (16) (43) (34) (17) (10) (18) (44) (36) (45) (25) (15) (20) (26) (2) (48) (31) (13) (29) (23) (6) (5) (33) (35) (24 22 11) (50) 
47 (39) (13) (26) (20) (49 15) (37) (28) (8) (42) (50) (25) (27) (32) (34) (23) (1) (43) (30) (19) (7) (16) (14) (41) (21) (4) (9) (24) (6) (45 10 44) 
48 (30) (24) (10) (17) (20) (22) (45) (26) (15) (33) (48) (35) (31) (32) (50) (4 36) (9) (27) (37) (5) (23) (46) (3) (47) (21) (6) (25) (43) 
49 (16) (47 37) (27) (13) (45) (8) (46 50) (48) (38) (12) (31) (41 44) (14) (32) (23) (9) (29) (22) (49) (20) (34) 
50 (42) (22) (7) (5) (37) (15) (23) (43) (18) (36) (17) (25) (4 45) (38) (48) (39) (34 26 16) (3) (27) (29) (40) (13) (35) 
1 (33) (45) (26) (17) (5) (3) (25) (6) (36) (35) (34) (37) (16) (12) (47) (21) (44) (9) (28) (13) (24) (23) (30) (32) (10) (38) (29) 
2 (28) (46) (27) (30) (31) (24) (40) (38) (2) (3) (44) (42) (14) (4) (22) (11) (9) (20) (10) 
3 (24) (30) (31) (21) (20) (6) (5) (9) (36) (7) (11) (50) (14) (34) (1) (13) (22) (15) (3) (2) (28) (41) (33) (48) 
4 (20) (10) (3) (36) (27) (5) (40) (26) (48) (47) (50) (14) (24) (33) (38) (45) (25) (43) (39) (16) (30) (35) 
5 (4) (39) (19) (30) (17) (12) (22) (23) (14) (18) (24) (45) (48) (16) (6) (5) (25) (33) (11) (46) (43) (34) (2) (7) (36) (9) (50) (35) (20) (41) (44) 
6 (23) (48) (24) (43) (5) (2) (11) (21) (13) (31) (29) (12) (45) (46) (18) (34) (47) (42) (4) (30) (28) (44) 
7 (11) (41) (4) (3) (45) (50) (7) (47) (25) (2) (40) (12) (44) (32) (19) (38) (13) (8) 
8 (27) (2) (41) (1) (6) (20) (5) (26) (36) (49) (33) (11) (9) (35) (44) (40) (31) (23) (22) (28) (15) (32) (45) (30) (4) (3) (24) (16) (14) (34) (47) 
9 (18) (14) (30) (13) (17) (46) (34) (28) (3) (26) (6) (39) (48) (19) (40) (16) (23) (12) (21) (1) (47) (36) (11) (15) (29) (38) (33) (8) (42) (44) (49) 
10 (16) (30) (15) (39) (41) (6) (38) (48) (37) (8) (11) (47) (33) (13) (19) (40) (10) (20) (27) (45) (32) (46) 
11 (2) (38) (5) (22) (41) (39) (44) (7) (18) (31) (28) (26) (4) (25) (11) (20) (45) (23) (34) (29) (10) (37) (15) (43) (9) (33) (46) 
12 (32) (35) (5) (33) (41) (18) (17) (49) (27) (31) (40) (25) (15) (36) (28) (10) (45) (8) (20) (29) (23) (19) (22) (37) (3) (12) (24) (4) (7) 
13 (44) (34) (15) (28) (40) (12) (30) (4) (1) (33) (10) (11) (46) (26) (37) (32) (38) (47) (50) (8) (31) (6) (2) (29) (49) 
14 (20) (27) (17) (49) (26) (47) (30) (9) (15) (8) (28) (1) (21) (34) (44) (41) (4) (14) (38) (31) (24) 
15 (1) (36) (45) (14) (47) (23) (37) (8) (7) (43) (15) (26) (46) (12) (5) (38) (35) (48) (10) (40) (29) (32) (50) (2) (42) (9) (20) (33) 
16 (8) (27) (10) (12) (21) (33) (49) (29) (40) (16) (46) (47) (38) (19) (41) (11) (9) (32) (42) (30) (20) (6) (39) (2) (43) (50) (17) 
17 (24) (42) (2) (38) (35) (20) (37) (22) (11) (17) (40) (48) (34) (44) (9) (23) (36) (16) (31) (43) (33) (13) (8) (46) (12) (50) 
18 (28) (29) (46) (25) (2) (4) (14) (37) (33) (10) (36) (20) (13) (43) (42) (6) (5) (44) (11) (3) (27) (12) (40) (50) (39) 
19 (31) (4) (22) (47) (24) (20) (15) (32) (30) (18) (9) (29) (1) (2) (8) (41) (23) (42) (5) (43) (38) 
20 (5) (39) (16) (48) (14) (7) (24) (3) (12) (10) (15) (49) (27) (21) (2) (35) (40) (8) (1) (38) (23) (46) (9) (43) (36) (47) 
21 (21) (45) (9) (24) (25) (13) (44) (11) (39) (48) (5) (33) (20) (31) (6) (34) (42) (16) (4) (47) (29) (18) (30) (38) (36) (23) 
22 (48) (31) (20) (4) (9) (19) (17) (25) (45) (49) (21) (44) (50) (35) (5) (24) (16) (6) (14) (1) (12) (11) (43) (3) (8) (42) (32) (46) (7) 
23 (13) (3) (38) (46) (50) (23) (10) (48) (24) (30) (40) (36) (41) (11) (14) (45) (26) (35) (19) (34) (31) (47) (44) (18) (25) (22) (39) (4) (49) (33) (6) 
24 (47) (44) (9) (40) (30) (14) (6) (39) (33) (18) (17) (19) (27) (8) (5) (41) (20) (3) (28) (45) (48) (21) (15) (35) (46) 
25 (19) (31) (48) (35) (21) (29) (17) (14) (40) (46) (25) (50) (32) (4) (7) (8) (3) (47) (42) (28) (15) (23) (43) (26) (33) (13) (38) (2) (41) (18) 
26 (30) (32) (48) (27) (43) (25) (50) (15) (7) (8) (4) (21) (42) (35) (1) (16) (38) (31) (46) (20) (47) (34) (45) 
27 (1) (25) (5) (24) (47) (43) (50) (2) (42) (17) (14) (32) (44) (12) (18) (30) (22) (13) (49) (31) (48) (28) (11) (23) (16) (21) (33) (7) (39) (3) (26) 
28 (8) (33) (26) (38) (25) (37) (11) (16) (36) (15) (44) (27) (29) (30) (23) (42) (6) (1) (13) (18) (47) (28) 
29 (8) (4) (28) (12) (17) (31) (46) (38) (1) (34) (7) (5) (36) (18) (14) (10) (33) (50) (24) (49) 
30 (5) (36) (8) (24) (35) (48) (26) (20) (47) (44) (4) (45) (9) (31) (41) (40) (23) (42) (30) (2) 
31 (20) (12) (41) (2) (31) (40) (13) (46) (25) (44) (17) (6) (4) (1) (33) (38) (39) (23) (49) (15) (32) (29) (11) (22) (48) (16) (36) 
32 (40) (36) (13) (17) (33) (48) (10) (20) (12) (19) (35) (42) (30) (7) (15) (4) (3) (22) (47) (32) (41) (5) (31) (6) (14) (9) (39) (49) (37) (8) 
33 (30) (29) (15) (2) (16) (6) (43) (48) (23) (42) (13) (18) (37) (20) (5) (32) (14) (11) (3) (39) (9) (19) (40) (38) (46) (4) (1) 
34 (47) (30) (5) (35) (23) (32) (21) (50) (33) (39) (9) (3) (25) (49) (40) (1) (26) (46) (13) (38) (6) (19) (18) (2) 
35 (1) (41) (40) (22) (21) (34) (48) (33) (35) (12) (13) (8) (50) (14) (30) (46) (9) (25) (44) (2) (26) (37) (39) (32) (42) 
36 (43) (8) (4) (17) (34) (45) (2) (42) (40) (31) (11) (7) (27) (16) (19) (48) (50) (46) (37) (1) (36) (25) (3) 
37 (11) (23) (9) (31) (22) (47) (26) (5) (39) (48) (25) (18) (17) (4) (38) (10) (37) (50) (42) (41) (49) (6) (32) (2) (16) (35) (36) (44) (28) (21) 
38 (13) (1) (44) (41) (3) (12) (25) (23) (14) (49) (38) (50) (8) (42) (2) (20) (22) (39) (5) (29) (4) (26) (18) (45) (40) (34) (17) (30) 
39 (38) (12) (27) (11) (23) (37) (47) (24) (50) (45) (34) (21) (29) (20) (22) (10) (15) (8) (42) (14) (19) (13) 
40 (14) (12) (22) (44) (34) (33) (37) (35) (30) (2) (32) (50) (39) (8) (41) (28) (21) (4) (1) (13) (18) (38) (43) 
41 (15) (10) (1) (2) (5) (19) (40) (23) (49) (47) (17) (13) (29) (8) (12) (41) (20) (22) (32) (7) (25) (18) (37) (14) (42) 
42 (14) (34) (31) (50) (45) (33) (40) (9) (19) (43) (36) (24) (47) (7) (44) (29) (17) (13) (12) (28) (42) (38) (18) (1) (39) (37) (15) (25) 
43 (42) (20) (22) (48) (32) (34) (10) (30) (15) (50) (46) (47) (24) (25) (3) (41) (18) (26) (35) (14) (44) (7) (23) 
44 (2) (17) (32) (46) (45) (44) (31) (42) (19) (47) (29) (15) (8) (33) (14) (49) (40) (22) 
45 (40) (37) (9) (32) (10) (18) (48) (21) (3) (46) (44) (19) (50) (35) (2) (47) (5) (28) (24) (7) (39) (1) (49) (6) (26) (29) (20) (16) (34) (38) 
46 (28) (20) (41) (26) (9) (43) (11) (24) (15) (7) (48) (14) (37) (49) (39) (27) (6) (22) (19) (25) (44) (2) (17) (23) (35) (4) 
47 (10) (49) (37) (33) (34) (48) (38) (26) (3) (22) (13) (9) (6) (5) (24) (2) (29) (15) (45) (41) (35) (7) (42) (1) 
48 (48) (20) (46) (43) (29) (49) (12) (21) (6) (38) (7) (45) (42) (34) (23) (36) (10) (50) (33) (1) (37) (13) 
49 (22) (24) (3) (47) (30) (11) (31) (21) (26) (44) (36) (14) (38) (15) (7) (28) (27) (49) 
50 (48) (19) (49) (31) (5) (45) (12) (29) (18) (35) (6) (47) (26) (1) (41) (37) (16) (46) (25) 
