0
50
50
1 (15) (14 41 31 22 48 49 12) 
2 (39) (30) (2 11 29 41 4 14) 
3 (13 39) (48 6 50 37) (32 17 49 18 36) 
4 (39) (33) (28 18 4 23 29) (34 41 26) 
5 (2 43 15 45) (37) (39 20 32 17) (28) 
6 (5) (33) (44) (23 41 6) (25 38) (18) 
7 (41 31 2) (42 5 38 28 47 29) 
8 (14 33) (31) (13 40 2) 
9 (24 16 22 13 35 1 19 11 2) 
10 (45) (47 7 16) (43 42) (3 41) (23 27) (30) 
11 (43 36 48 19 23 16) (18 49) 
12 (5 9) (33) (42 39 44 25 14) (50) 
13 (7 23 15) (47 46 28) (42 38 11) 
14 (43) (17 2 47) (10 7 8) 
15 (41 26 17 27) (48 2) (15) 
16 (21 4 46 36) (6 25 1 31 34 32 26 24) 
17 (47 12 6 9 42 22 15 35 27) (49 5) 
18 (6) (36 41 1 5) 
19 (2) (33 22 35 18) (47 11 37) (13 36 23) 
20 (7 35 32 28 29 39 17 4 34) (49) (46) (36 38 13 31) (48) 
21 (50 9) (40 13) (37) (8) (27 29 41) (23 39 24) 
22 (33) (42 3) (32 25) (47 39 23) (46) 
23 (23 47 40 3) (18 44 9 34 13 26 16) (33) (27) (5) 
24 (18 17 13) (11 34) (38) (10 33 8 43 20 29) 
25 (19 29 21 22 50) (42 49 24) (36 26 17 38 11 43 44) 
26 (3 11 29 40 27) (4) (43) (15 13 42 37) 
27 (14 18 1 3 41) (34 27) 
28 (48 49) (16) (39 33 6 22 2 13 41 45) (23) 
29 (16 14 17) (19 12) (4 26 21) (20 10 22) 
30 (18) (30 19 36 12 38 32 40 45) (47) (44 49 3) 
31 (25 44) (22 12) (14 47 28) (26 29) 
32 (18 25 41 32 37 1 42) (8 35) 
33 (6 12 11 22 18 4 31 33 21 32 40) 
34 (31 37 7 32) (22) (28 40) (14 23 5) 
35 (16 49 18) (48) (5 30 45) 
36 (31 13 25 4 43 27 8) (2 24 14) 
37 (12 35 48 43 37) (29 49) (47 28 5) (7 24) 
38 (3 48 20 22 14 18 16) (47 32 26) (21 29) 
39 (42 14 38) (25 1) (5 36) (22 48 8 32) (19 26 20 31) 
40 (47 48) (24 44 23 1 7 12 46 5 9) 
41 (27) (29) (12) (5) (46) (37 24 44 48 40 22 35 19) (14 43) 
42 (28 23) (5) (40 17) (21) (33 48 9) 
43 (19) (45 42 41 49 13 37 21) 
44 (5 34 50 26) (40) (41) (18 12) (16) (38) 
45 (43 23 21 10 27 25 13 28 49 16 11 39) (4 5) 
46 (25 28) (36 21) (5) (50 33) (34) (37) 
47 (40 17 44 2 29) (39 36) (42) (41 12 32 20 1 33) 
48 (12 5 20 46 15) (43 42 45 30) 
49 (28) (39) (50 12 47) (18 42) 
50 (49) (27 19) (1 7 28 16 5) (33) (50 24 4) 
1 (50) (39) (9) (16) (47 32) (27 40 18) 
2 (15) (47) (5) (9) (36) (8) (28 7 19) (14 2) 
3 (27) (30) (23) (22) (38) (10) (26) 
4 (33) (26) (20) (4) (2) (29) (16) (50 45 36) 
5 (37) (17) (12) (34) (48) (40) (35) (18 44 7 39 50 46 23) (42 6) (41) (45) 
6 (18) (17) (16) (33) (28) (3) (6) 
7 (14) (10) (37) (13) (34) (50) (40) (20) 
8 (21) (39) (32) (24) (36) (14) 
9 (21) (12) (40) (42) (17) (23) 
10 (14) (24) (45) (29) 
11 (33) (26) (13) (19) (45) (2) (24) (9) (25) 
12 (41) (48) (30) (49) (37) (47) (17) (29) (40) (33) (44 31) (1) 
13 (21) (20) (8) (19) (43) (9) (24) (28) (26) (36) (45) (3) (23) 
14 (36) (31) (2) (1) (38) (12) (29) (39) (8) (41) (27) (34) 
15 (15) (1) (17) (48) (5) (13) (26) 
16 (28) (29) (50) (45) (23) (10) (11) (35) (9) (44) (38) 
17 (3) (15) (42) (25) (14) (47) (24) (5) (29) (20) 
18 (11) (33) (23) (44) (32) (35) (4) (49) (30) (19) (6) (38) (27 24 3) 
19 (50) (43) (25) (11) (30) (29) (39) (9) (41) 
20 (48) (38) (29) (47) (39) (5) (24) 
21 (25) (43) (42) (29) (38) (45) (33) (46) (16) 
22 (25) (28) (17) (33) (29) (38) (9) (19) (1) (41) (34) (39) (31) 
23 (19) (11) (42) (6) (40) (34) (21) (10) (4) (23) (45) (13) (22 28) 
24 (9) (16) (37) (50) (41) (36) (40) (21) (25) 
25 (45) (12) (6) (46) (22) (16) (31) (32) (39) (36) 
26 (39) (44) (15) (29) (31) (16) (4) (23) (25) (38) 
27 (27) (23) (26) (36) (10) (41) (50) (17) (45) (15) (21) 
28 (20) (4) (45) (46) (37) (13) (42) (7) (50) (34) (5) (31) (49) 
29 (37) (31) (21) (24) (41) (47) (4) (7) (20) (38) (2) (26) (25) 
30 (48) (10) (30) (35) (2) 
31 (8) (7) (36) (39) (33) (1) (20) (34) (16) 
32 (38) (39) (33) (5) (16) (3) (22) (32) (20) (30) (34) (47) 
33 (24) (12) (8) (28) (33) (6) (47) (42) (4) (50) (22) (19) (46 23) 
34 (16) (23) (46) (20) (44) (24) (4) (27) 
35 (32) (19) (41) (20) (17) (9) (37) 
36 (11) (25) (30) (20) (47) (3) (39) (19) (16) (18) (46) 
37 (5) (43) (32) (21) (37) (3) (41) (19) (26) (34) (46) 
38 (13) (25) (24) (44) (30) (7) (6) (20) (39) 
39 (28) (47) (20) (4) (2) (45) (49) (3) (22) (5) (21) (12) 
40 (30) (47) (26) (42) (23) (33) (41) (8) (44) (21) (34) 
41 (32) (7) (47) (10) (43) (1) (18) (15) (27) (6) (28) (21) (4) (2) (44) 
42 (25) (47) (43) (22) (39) (7) (48) (13) (12) (10) (49) (17) (32) (26) 
43 (36) (48) (10) (25) (26) (41) (45) (11) (37) (24) (5) (14) 
44 (40) (47) (30) (23) (41) (6) (31) (12) (25) 
45 (28) (43) (35) (48) (10) (5) (30) 
46 (48) (20) (41) (40) (16) (13) (22) 
47 (19) (7) (22) (13) (17) (10) (14) (40) (49) (23) (38) (31) (37) (30) 
48 (3) (15) (40) (11) (39) (20) (28) (42) (41) (38) (35) (37) (1) 
49 (1) (17) (30) (25) (45) (20) (35) (43) (37) (3) (28) (11) (50) 
50 (49) (50) (3) (12) (21) (46) (25) (44) 
