0
50
50
1 (44) (24) (3) (16) (49) (21) (46 47) (33 35) (45 34) (23) (5) (2) (6) (32) (31) (17 8) 
2 (23 25) (11) (46) (21) (40) (32) (5) (27) (12) (34) (4) (44) (28) (19 49) (30 36 8 3) (1) (6) (42) (9) (18 14) (35) (24) (10) (43) (33) (7) 
3 (35 31) (10) (39 45) (26) (17) (41) (14) (20) (29) (37) (7) (48 4) (2) (24) (21 6) (18) (1) (22) (34 8) 
4 (28 21) (2) (1) (49 27) (47 5) (24) (44) (11) (18 20) (23 16 38) (43) (32) (48) (40) (39) (19) (6) (35) (41) (30) (50) 
5 (23) (46) (45) (32) (39) (14) (13) (49) (18) (20) (41) (33 31) (2) (24) (40) (16) (1) (11 47) (22) (8) (5) (37) (30) (29) 
6 (36) (14) (50) (48) (20) (10) (6) (17) (33) (8) (12) (35) (46 38) (26) (31) (21) (11) (32) (47 15) (34) (3) (18) (7) (27) (13) (16) (5) (1) (40) 
7 (46) (32) (24) (7) (45) (12) (48) (43) (50) (18) (36) (23) (44) (3) (20) (41) (21) (5) (2) (6) (11) (29) (25) (1) (28 30) 
8 (31) (36 10) (1) (27) (42) (46 48) (44 21) (6) (43) (22) (39) (29) (23) (49 13) (37) (32) (2) (5) (47) (25) (8) 
9 (42) (1) (5) (15) (3) (6) (40) (44) (38) (50) (13) (14) (28) (7) (35 41) (19) (45) (10) (25) (29 18) (9) (4) 
10 (12) (24 14) (21) (49) (45 29) (28) (4) (18) (39) (44) (50) (48) (5 19) (22) (3) (41) (23) (38) (1) (15 20) 
11 (43) (19) (25) (26) (31) (22) (32) (11) (6 13) (8) (37 28) (30) (38) (27 47) (40) (36) (2) (44) (21) 
12 (29 39) (11) (7) (34) (30) (25) (27) (23) (1) (40) (32) (6) (4) (36) (16) (50) (35) (17) (48) 
13 (17) (49) (24) (31) (16 15 40) (43) (13) (36) (32) (3) (39) (30) (7) (4) (11) (5) (14) (20) (10 26) (46) (35) 
14 (34) (39) (21) (32) (44) (8) (6) (22) (2) (27) (28) (45) (46) (37) (12) (7) (1) (11) (16) (25) (13) (24) (47 26) (43) (33 42) (20) 
15 (9 41) (27) (20) (44 37) (36) (3) (7) (33) (16 46) (32) (10) (35) (48) (49) (24) (26) (19) (39) (4) (25) 
16 (7) (24) (47) (20) (50) (40 8) (5) (18 26) (37) (30) (39) (38) (9) (41) (4 28 2) (23) (29) (36) (31) (17) (6) (12) (15) (3) (48 19) 
17 (38) (11) (33) (41) (26) (35) (16) (45) (43) (30) (7) (22) (1) (8) (49) (37) (6) (39) (23) (21) (14) (44) (36) (20) 
18 (21) (17 46) (34) (1) (12) (32) (39 48) (28) (42) (47) (20) (13) (18) (16) (30) (23) (29) (40) (36) (41 19) (11) 
19 (20) (22) (48) (6) (2) (33) (42) (40 15) (50) (29) (23) (44) (17) (19) (31) (16 18) (49 26) (24) (28) (45) (1) (43) (34) (11) 
20 (42) (1) (28) (43) (15) (35) (10) (48) (23) (45) (14) (40) (32) (31) (36) (16) (8) (7) (2) (3) (20) (22) 
21 (23) (20) (37) (39) (12) (1 49) (16) (5 22) (32) (6) (44) (10) (26) (11) (34 45) (28) (25) (38) (29) (40) (14) (18) 
22 (16) (7) (32 5 28) (20) (49) (41) (9 42) (31) (43) (11) (46) (27) (47) (44) (37) (26) (8) (4) (17) (21 14) (23) (48) (6) (30) (15) 
23 (41) (48) (25) (46) (6) (8) (36) (29) (30) (15) (38) (13) (16) (44) (12) (31) (26) (33) (49) (50) 
24 (27) (17) (38) (2 46) (36) (3) (42) (10) (12) (22) (8) (41) (29) (13) (50) (37) (34) (43) (7) (45) (24) (39) (11) (20) (48) (9) (44) (16) (4) 
25 (48) (19) (40 17) (2) (34) (9) (22) (41 30) (45) (29) (6) (31) (27) (44 38) (49) (4 43) (32) (20) (12) (14) (42) (5) (8) 
26 (30) (28) (12) (44) (36) (21) (18) (15) (4) (39) (2) (43) (46) (29) (3) (20) (10) (22) (14) (49) (26) (31) (9) (19) (7) (5) (13) (24) (42) 
27 (17) (1) (21) (16 22) (33) (8) (19) (44 32) (20) (35) (27) (9 26) (48) (2) (11) (46) (12) (29) (14) (15 43 7) 
28 (26) (18) (21) (29) (22) (42) (46 23) (6) (49) (1) (3) (44) (8) (27) (47) (35) (50) (17) (37) (40) (31) (33) (7) (34) (2) 
29 (19) (4) (41) (20) (36) (29) (7) (25) (12) (37) (22) (35) (8) (28) (32) (31) (2) (46) (9) (42) (16) (40) (6) (50) (14) (21) (10) (26) (33) (11) 
30 (5) (9) (22) (39) (10 6) (42) (40) (19 1 25) (38) (16) (12) (32) (31) (23) (2) (30) (13) (18) (36) (48) (46) 
31 (43) (39) (21) (2) (34 30) (27) (32 45) (28) (42 3) (6 47) (26) (8) (37) (10) (36) (29) (41) (7) 
32 (49) (13) (37) (20) (12 48) (21) (4) (27) (7) (26) (16) (1) (45) (31) (19) (3) (40) (33) (15) (11) (8) (34) (28) 
33 (50 8) (9) (4) (3) (46) (44) (23 25) (43) (49) (47) (2) (27) (5) (37) (31) (36) (40) (19 17) (1) (16) (38) (12) 
34 (5) (9) (7) (19) (48) (45) (16 32) (21) (46 24) (11) (38) (26) (6) (36) (14) (28) (13 3) (1) (15) (25) (40) 
35 (6) (37) (13) (39) (18) (29) (15) (31) (32) (11) (30) (28 1) (4) (41) (44) (33) (10) (38 14) (9) (5) 
36 (47) (20) (13) (14) (12) (32) (42) (30) (16) (36) (26 33) (37) (50) (7) (6) (40 3) (46) (21) (39) (29) (43) (27) (5) 
37 (40) (49) (8) (34) (18 44) (10) (9) (50) (32) (30) (31) (13) (21) (2 39) (5) (47) (33) (22) (3) (1) 
38 (14) (12) (31) (2) (41) (49) (27) (8) (43) (11) (45) (34) (5) (32) (13) (1) (23) (33) (26) (25) (40) (35) 
39 (18) (3) (37) (4) (29) (14) (19) (20) (26 23) (41) (47) (34) (30) (10) (11) (42) (25) (27) (44) (6) (17) (48) 
40 (23) (19) (11) (46) (41) (34 10) (5) (30 32) (14) (35 40) (12 49) (28) (38 24) (21) 
41 (41) (21) (27) (35) (3) (50) (5) (47) (30) (10) (32) (6 43) (34) (11) (48) (12) (15 7) (26) (28) 
42 (2) (43) (3) (20) (33) (38) (10) (14) (7) (45) (28 47) (25) (40) (48) (11) (34 23) (46) (12) (4) (5) (21) 
43 (1) (2) (24) (15) (6) (50) (33) (21) (25 49) (47) (23) (3) (20) (46) (11) (17) (8) (5 45) (14) (32 44) (16) 
44 (1) (26) (23) (18) (9) (14 40) (46) (50) (30) (49) (37) (32) (12) (7) (34) (27) (35) (6) (25) 
45 (17 40) (35) (1) (20) (49 13) (3) (28) (44) (6) (33) (36) (7) (29) (15) (5) (22) (19) 
46 (18) (41) (39) (21) (27) (19) (36) (40) (28) (42) (35 4) (24) (49) (8) (45) (30) (13) (48 34) (50) (38) (2) (47) (46) (14) (9) 
47 (29) (43) (34 13) (5) (23 49) (36) (6) (16) (4) (26) (25) (14) (10) (8) (44) (38) (35) (27) (17) (46 9) 
48 (49) (41) (21) (29) (34) (2) (43) (26) (47) (3) (22) (40) (20) (42) (8) (48) (35) (24 23) (1) (45) (5) (19) 
49 (5) (48) (31) (18) (36) (11) (38 6) (23) (25) (34) (8) (33) (19) (40 21) (20) (44) (9) (4) (7) (29) (47) (24) (45) 
50 (28) (41) (24 27) (48) (50) (1) (36) (43) (49) (2) (8 38) (44) (13) (18) (21) (42) (33) (35) 
1 (33) (7) (8) (5) (50) (20) (6) (43) (37) (27) (21) (18) (45) (3) (30) (2) (4) (17) (10) (38) (12) (19 28) (32) (48) (14 35) (9) (44) (34) 
2 (26) (38) (33) (27) (11) (37) (25) (24) (8) (43) (42) (4) (5) (31) (14) (3) (1) (7) (50) (16) (19) (20) (29) (46) (30) (28) (48) 
3 (45) (48) (34) (13) (26) (33) (41) (15) (24) (16) (10) (28) (43) (20) (36) (7) (2) (42) (32) (39) (1) (31) (6) (37) (9) 
4 (10) (12) (49) (22) (2) (46) (32) (3) (13) (26) (47) (29) (42) (24) (25) (9) (33) (16) (39) (35) (15) 
5 (2) (9) (38) (36) (45) (25) (16) (22) (13) (49) (5) (43) (7) (37) (8) (1) (48) (10) (35) (42) (26) (30) (21) (34) (4) (41) (47) (40) (33) (6) 
6 (36) (11) (19) (31) (35) (3) (17) (25) (1) (14) (47) (30) (44) (16) (28) (45) (2) (4) (12) (21) (7) (41) (34) (6) (39) (49) (22) (29) (23) (8) (43) (9) 
7 (49) (14) (36) (27) (29) (22) (13) (41) (17) (20) (28) (26) (12) (15) (2) (34) (42) (6) (3) (9) (32) (44) (7) (31) (16) (45) (24) 
8 (48) (1) (22) (11) (3) (47) (25) (29) (6) (23) (2) (38) (32) (17) (43) (27) (8) (24) (28) (50) (16) (49) (37) (46) (14) (33) (5) (20) (31) 
9 (37) (35) (22) (26) (44) (2) (33) (24) (34) (15) (16) (25) (30) (47) (29) (9) (27) (46) (49) 
10 (47) (6) (40) (31) (35) (42) (24) (39) (13) (41) (9) (30) (15) (8) (29) (20) (26) (2) (37) (21) (3) 
11 (17) (12) (21) (18) (49) (27) (39) (43) (2) (35) (40) (32) (42) (7) (29) (5) (4) (34) (38) (41) (22) (14) (24) (19) (11) (6) (13) 
12 (40) (2) (36) (33) (38) (10) (23) (41) (25) (24) (29) (6) (18) (32) (26) (7) (30) (21) (14) (16) (27) (44) (42) 
13 (6) (14) (50) (47) (37) (45) (11) (38) (46) (26) (9) (24) (30) (36) (32) (34) (13) (18) (35) (5) (23) (8) 
14 (20) (34) (26) (21) (13) (17) (42) (44) (36) (25) (22) (27) (29) (46) (10) (35) (47) (9) (40) (38) (43) (2) (5) (39) (3) (6) 
15 (13) (41) (19) (20) (45) (23) (35) (9) (26) (34) (43) (16) (27) (10) (32) (22) (6) 
16 (17) (22) (6) (1) (13) (47) (20) (18) (33) (15) (23) (14) (36) (4) (29) (24) (43) (5) (34) (12) (19) (21) (32) (30) (27) 
17 (39) (27) (16) (19) (18) (28) (3) (47) (25) (33) (12) (6) (13) (1) (24) (22) (43) (45) 
18 (9) (39) (49) (50) (6) (2) (44) (21) (7) (37) (16) (19) (26) (10) (28) (30) (4) (5) (46) (3) (35) (18) 
19 (39) (26) (46) (19) (34) (29) (30) (16) (18) (40) (15) (48) (33) (32) (27) (11) (9) (10) (2) (4) (25) (49) (45) 
20 (16) (25) (39) (48) (29) (43) (26) (22) (5) (19) (24) (10) (4) (13) (18) (45) (42) (15) (3) (7) (27) (14) (32) (20) (49) (36) (6) (21) (17) 
21 (6) (49) (27) (41) (10) (7) (48) (8) (4) (14) (28) (42) (11) (29) (2) (43) (31) (17) (32) (40) (37) (36) (22) (26) (34) (3) (1) (50) (18) (46) 
22 (45) (27) (19) (3) (30) (10) (14) (8) (48) (29) (21) (11) (37) (25) (5) (26) (28) (24) (20) (17) 
23 (17) (8) (33) (30) (47) (10) (1) (40) (12) (20) (5) (19) (18) (48) (44) (2) (49) (21) (43) (39) (28) (42) (7) (22) (38) (16) (4) 
24 (34) (15) (4) (7) (5) (50) (2) (14) (24) (48) (19) (1) (3) (16) (43) (46) (10) (49) (13) (26) (40) 
25 (14) (12) (38) (42) (34) (33) (49) (7) (29) (11) (23) (2) (44) (15) (21) (8) (43) (47) (9) (30) (39) 
26 (36) (16) (31) (44) (6) (41) (13) (23) (28) (26) (14) (32) (15) (27) (22) (11) (3) (19) (17) (21) (38) (29) (39) (48) (47) (34) 
27 (33) (39) (36) (41) (8) (14) (4) (27) (6) (2) (47) (44) (24) (12) (15) (25) (32) (22) (50) (11) (38) (46) (31) (28) 
28 (34) (20) (32) (42) (26) (10) (46) (14) (35) (7) (22) (18) (40) (16) (19) (11) (29) (2) (45) (50) (31) (21) (9) (41) (4) 
29 (10) (31) (28) (26) (29) (47) (24) (23) (5) (35) (27) (21) (9) (49) (48) (36) (39) (12) (25) (16) (18) (8) (45) (19) (7) (3) 
30 (35) (30) (26) (18) (36) (37) (7) (4) (41) (22) (39) (23) (44) (16) (17) (40) (11) (31) (25) (46) (13) (12) (2) (5) 
31 (8) (1) (25) (19) (32) (20) (35) (28) (13) (11) (33) (16) (49) (26) (37) (5) (3) (30) (23) (22) (38) (6) (29) 
32 (38) (31) (37) (44) (1) (20) (12) (5) (15) (2) (34) (25) (27) (29) (8) (11) (21) (22) (14) (43) (7) (35) (40) (6) (41) (18) (13) (36) (4) (30) 
33 (45) (6) (28) (50) (1) (17) (2) (15) (5) (42) (43) (19) (29) (36) (38) (35) (37) (14) (23) (32) (49) (27) 
34 (48) (25) (28) (1) (31) (19) (24) (2) (39) (41) (6) (21) (44) (46) (42) (32) (49) (47) (40) (37) (12) (38) (18) (14) (3) 
35 (46) (48) (44) (12) (50) (17) (3) (20) (41) (45) (9) (13) (27) (47) (4) (2) (1) (15) (38) (28) (29) (40) (6) 
36 (30) (33) (18) (17) (2) (11) (13) (49) (29) (23) (12) (20) (36) (6) (16) (7) (31) (45) (26) (24) (46) (15) (47) (8) (34) (50) 
37 (24) (32) (22) (8) (35) (17) (36) (11) (14) (21) (31) (33) (3) (28) (44) (16) (29) (39) (15) (5) 
38 (34) (47) (33) (9) (16) (50) (17) (42) (30) (46) (10) (49) (40) (25) (11) (23) (35) (4) (21) (24) (6) 
39 (37) (24) (8) (16) (3) (15) (18) (10) (30) (4) (21) (14) (36) (13) (26) (5) (17) (31) (12) (35) (46) 
40 (13) (20) (6) (45) (18) (28) (4) (33) (9) (2) (21) (19) (30) (16) (42) (37) (48) (44) (46) (12) (25) (5) (11) (32) (38) (36) (49) (40) (29) (34) 
41 (5) (7) (38) (46) (16) (25) (17) (3) (50) (18) (48) (29) (39) (35) (40) (31) (23) (10) (9) (15) (4) (41) (24) (22) 
42 (28) (22) (39) (29) (14) (48) (8) (31) (9) (50) (2) (36) (46) (25) (24) (19) (18) (20) (30) (26) 
43 (24) (25) (41) (7) (11) (38) (22) (26) (2) (36) (31) (13) (8) (33) (48) (14) (20) (19) (27) (4) (47) (50) (17) (42) 
44 (43) (17) (8) (49) (21) (11) (37) (19) (14) (15) (35) (23) (9) (4) (47) (2) (22) (1) (45) (28) (26) (7) (50) (33) (24) (25) (39) (27) (10) 
45 (21) (43) (14) (24) (25) (46) (42) (17) (19) (49) (10) (1) (32) (34) (7) (5) (9) (20) (31) (38) (3) (48) 
46 (5) (23) (1) (34) (27) (40) (30) (7) (15) (33) (46) (44) (22) (47) (6) (2) (14) (43) (8) (18) (28) (24) (26) (36) (13) (29) (42) 
47 (18) (1) (8) (28) (41) (5) (37) (48) (11) (6) (42) (46) (22) (36) (4) (14) (16) (49) (31) (39) (33) (43) 
48 (27) (15) (6) (18) (49) (3) (39) (23) (12) (19) (10) (50) (32) (34) (24) (42) (16) (8) (48) (4) (20) (46) (25) (41) (22) (7) (30) 
49 (22) (37) (21) (1) (26) (38) (4) (10) (47) (5) (44) (15) (13) (43) (8) (23) (2) (32) (17) (28) (46) (50) (45) (33) (40) (48) (25) (19) 
50 (44) (33) (37) (29) (50) (4) (19) (7) (41) (9) (46) (23) (36) (6) (10) (12) (28) (43) (16) (24) 
