0
50
50
1 (34 25 39 27 36 3 20 29 33 47 13 32 4) 
2 (22) (10 14 32 46 35 50 9 40 31) (12 5) (26) 
3 (16 12 24 5 4 21 35 19 14 3) 
4 (3) (34 43 4 18 31 39 16 49 2) 
5 (36 35 45) (26 17) (7 38) 
6 (20 6 28 21 15 44 8 45 33 41) (7 31) (38) 
7 (50 49 41 1 32 3) (12 48 19 6) (11 7) 
8 (38 11 5 19 31 23 49 6 37 4) (41 2 22 20) 
9 (13 30 27 48 24 40) 
10 (20 17) (6 49 21 40 19 3) 
11 (25 36 8 1) (19 23 43) (45 39 42 38 4 50 12 21) (28 44) 
12 (7) (37 36 24 27 34 25 21) (16 14 10 20 31 41 3 26) 
13 (48) (40 10 26 7 47 35 30 9) 
14 (26 10 1 39 6 28 37 9) 
15 (38 41 8 13 50 48 45 21 10) (26 34 46) 
16 (20) (6 19 22 13 29 3) (24 36 44 8 38) 
17 (17 48 45 25 5 40 1 8 23) 
18 (23 20 1 8 36 2 44 29) 
19 (38 14 19 48) (12 39) (47 30 9 20 16) 
20 (4 40) (49 10 30 35 33 21 34) (9 13 44) 
21 (5) (50 12 15) (34 17) (21 39 47 36 49 1) (33) 
22 (1 26 40) (31 23 24 41 10 27) 
23 (30 49 18 13 45 32 1) (46) 
24 (43 15 29 36 1 50 31 20 35 48) (18) 
25 (37 4 38 32 43 8 45 47) (36 5 41) 
26 (21 17 7 8 38 29 20 31 26) 
27 (43) (3 29 15 46 12 38 20) 
28 (16 26 38 31 48) (23 24 10 49 8 43) 
29 (38 50 9 46 6 7 31 36 44) 
30 (5 10 47 20 1 36 42 49 16 30 3) (7 13) (50 19) 
31 (34 3 11 36 30 5 21 50) 
32 (35 29 36 4 27 40) 
33 (34) (5) (23 35) (43 9) 
34 (13) (28 38 47 31 48 42) (6) 
35 (27 14 50) (29 43 7 39 8 48 1) 
36 (10 41 31 47 26 21 18 20 5 29) 
37 (36 38 45 1 50 21 42 33 48 26 30) (24 8) 
38 (13 20 24 30 12 15) (49 29 33 26 1 22 4) 
39 (31 6) (43 32 17 5 15 20 44 42) 
40 (13 17 34 22 24 39 26 47 11 14 28 16 44 36) 
41 (2 10 5 12) 
42 (47 16 29 1 41 27) 
43 (12 6 2 29 47 27 25) (35 14) 
44 (39 6 12) (1 34 35) (5 22) 
45 (7 30) (6 47 44 16 42 50 14) 
46 (44 20 12 49 23 29) (13 14 43 2) 
47 (42 24 40 37 25 26) (45) (20) 
48 (38 31 14 5) (39 22) 
49 (25 33 44 3 2 47 39 4 21) 
50 (19 45 46 7 33 20 39 27 50 36 30 47 48) 
1 (22 42 24 14 37 44 21 38) (18 11) (35 23 17) (30 7) 
2 (8) (41) (4) (43 18 49 46) 
3 (7) (31) (3) (1 16 4 10 49 27 12 30) 
4 (11) (20) (3) (4 32 8 49 25 1 38) 
5 (44) (3) (48) (41 8 25 36 39 33 21 31 2 30 17) 
6 (14) (10) (6) (8 43 16 29 7 39 44 45 34) 
7 (5) (45) (29) (50 26 30 35 7 6 12 13) 
8 (28) (6) (35) (16 15 37 18 26 25 17) (11) 
9 (33) (2) (13) (20) (29 19 14) 
10 (22) (15) (12) (28) (13 41) (36 2 20 30 14) 
11 (7) (40) (8) (31) 
12 (43) (21) (46) (19) (11) (41 3 2 44 27 38 7) 
13 (30) (1) (15) (38) (20) (23 46 9 34 16 40) 
14 (43) (40) (3) (45) (2) (12 35 46 48 19) 
15 (21) (24) (39) (6) (27) (38) 
16 (4) (40) (3) (12) (30) (28 19 42 45) 
17 (40) (39) (26) (21) (17) (5 10) 
18 (36) (24) (23) (4) 
19 (19) (8) (7) (3) (11) (30 50 10 16) 
20 (38) (12) (36) (47) (19) (27 6 46 39 30 16 24 10 26 1 8 50 18) 
21 (49) (20) (15) (10) (12) (31 37 36 26 21 3 6 11) 
22 (44) (2) (16) (48) (40) (8 38) 
23 (11) (17) (8) (22) (18) (46 28 33) 
24 (22) (37) (9) (47) (28) (38 3 12 16 40) 
25 (49) (12) (17) (47) (43) (1 11) 
26 (12) (37) (47) (26) (2) (22 15 38 40 13 5 36 14 28) 
27 (50) (35) (22) (42) (32) (12) (43 9 1) 
28 (11) (6) (40) (34) (14) 
29 (43) (1) (26) (27) (42) (24) (46 18 38 16 32 35 36) 
30 (31) (45) (30) (23) (13) (37) (9 19 20 50) (38) 
31 (39) (29) (28) (6) (22) (36) (12) (2) (26 24 8 34 48 4) 
32 (23) (1) (25) (2) (7) (39) 
33 (20) (49) (37) (50) (38) (1) (21) (6) 
34 (15) (4) (31) (44) (1) (40) (33) (20) (21 12) 
35 (24) (3) (32) (13) (2) (44) (20) (43) (33 5) 
36 (40) (29) (24) (30) (31) (50) (1) (18) (21 16 25 5 37 12 32 11) 
37 (8) (47) (12) (25) (14) 
38 (6) (8) (15) (19) (5) (48) (25) (27) (11 28 34 37 16 29 26) 
39 (44) (19) (48) (4) (11) (49) (14) (35) (50 21) (1 40) 
40 (10) (13) (2) (9) (17) (22) (20) (47) (32) 
41 (42) (25) (8) (12) (36) (7) (22) (6) (15) 
42 (30) (45) (37) (34) (39) (11) (47) 
43 (27) (28) (11) (4) (24) (33) (39) (35) (25) (46) 
44 (46) (29) (6) (18) (39) (20) (49) (16) (45) (11 40) 
45 (25) (15) (11) (6) (50) (47) (23) (17) (37) (5) 
46 (2) (23) (27) (50) (29) (15) 
47 (30) (34) (43) (40) (49) (45) (1) (42) (50) (19 21 13 36 25) 
48 (34) (28) (15) (24) (17) (7) (37) (19) (13) (9 35 50) 
49 (46) (10) (30) (7) (23) (38) (21) (20) (28) (4) (8) 
50 (37) (31) (35) (24) (21) (45) (50) (7) (2) (11) (29 15 30) 
