0
50
50
1 (8 20) (14) (6) (32) (4 5 18 27 46 11) (45) (10) (43 1 25) (12 31) (35) (16) (28 39) (29 40) (50 22) (41 26) (47) (49 3 24) (38) (19 13 17) (44) (33) (9) (34) (37) (30) (2) 
2 (8) (26 11 22 25) (28 14 13) (3) (16 20) (48 4 1) (38) (19) (34) (33 37) (39) (45 6) (12) (30 46) (36 7) (49) (32 18) (27) (31 40 21) (10) (17 50 43) 
3 (29) (43 7) (42) (12) (22) (1) (2 11 5) (28 25) (19) (15 35 26 23) (14) (36) (50 3) (21) (46) (17) (38 6) (24 27) (13 40 44) (41) (49) (8) (9) 
4 (13) (49) (7) (39) (48 42 38) (14) (40) (20) (35) (50 4 46 22) (23) (47) (26) (34 28) (17) (19 10 12 31) (6) (1) (21 37 41) (25) (45) (44) (18) (5) (15) (43 29) 
5 (30 38) (11 27 47) (3 34 14 8 18) (28) (35) (31) (36) (12 44) (50 7) (13 9) (4 23 42) (37) (2) (17) (25) (33 39 26) (15 21) (5 48) (41 49 19) (6) (32) (40) (1 45) (29) (24) 
6 (17 14) (19) (7) (42) (13 48 46) (23) (18) (27 34 32 45 20) (36 4 44) (24) (33) (26 12) (15) (39 30 31) (8) (40) (28) (49 1) (35) (43) (38) (29) (25 22) (2 47 10) (50) (3) 
7 (6) (4) (30) (7) (48 15 44) (34 16 1 19) (8 11 45 46) (36 21) (43) (31) (5) (39 38) (33) (49 25 28 18 20 50) (32 3 12) (35) (47) (23) (2 41) 
8 (30) (42 12) (6) (10) (20) (16 39) (41) (22 43) (36) (13) (14 32 9) (35) (1) (28) (25) (45 26 4 7) (18) (40 15) (49) (38) (31) (44) (21) (46 17) (48) (37) (34) 
9 (44 43 39 42 12) (11) (14) (8 37) (4) (18) (22) (29 17 50) (40) (46 3 16) (35 23 2) (20) (49 38 32) (7 34) (47 1 41) (25) (36) (6) 
10 (12 27 7 45) (1 17) (10) (18) (36) (35) (15 25) (34 30) (41) (24 20 43) (5) (47) (48 19 13 14) (6) (11) (2) (46 38 9 44) (40) (33 49) (39 42 4) (37) 
11 (21 25) (12 23) (31 11) (35) (28) (18) (17) (41) (38 3) (9) (26 30 44 45) (19) (40 47) (22 49 33 14) (48) (8) (7) (16) (5) (24) (6 36 37) (15 34 42) (32) 
12 (9) (15) (50 41 22 42 12) (5) (11) (18) (40 48) (16 3) (37 46) (35 2) (38 29) (17 7 6) (45 8 21 1) (14) (44) (32 39 36) (31) (47) (26) (24 20 30) (13) (23) (27) (25) (4) 
13 (14) (13) (12 3 16 21 24) (30) (32) (22 19) (36) (2 49 40) (5 34 28 25) (9 31) (48) (45) (17 41) (42 35 6) (43) (15 33) (10) (18 26) (1 4 8 39) (44 29) (38) (47) 
14 (25 12) (19) (38) (46) (10 45 47) (33) (40 29 42) (31) (37 24 1) (32) (15) (36 4 39 11 5) (35) (50 9 20 22 14) (6 7 8) (23) (44 34) (13 3 17) (2) (18 26 30) (41 48) (43) 
15 (4) (34) (15) (21 3) (13) (27 30) (28 38) (6) (33 29 47 1 19) (9) (31 14) (43 45 48 41 20) (42) (11) (46) (24 26 10 12 17) (23 2 18) (25) (5 35) 
16 (37) (35) (16) (36 40) (49 44) (2) (23) (46 25) (4 30) (11 6 43) (8 31) (12) (32 17 41) (20 48 27 47) (10 45 1) (13) (33) (9 14 7) (19 29) (50) (24 15) (3) (22) 
17 (49 25 9) (34) (28) (38) (14 17) (10 23 30) (22) (8) (2) (36) (47 35) (48) (44 20 33 40) (4 37) (5 32) (50 27) (16) (26 41) (43) (7) (45) (19 39 6) (3) 
18 (37) (5) (20 25) (35) (40) (29 12 9 17) (24) (21) (11 3 39) (19) (1 15) (18) (10) (49) (31 22 28) (7) (26) (33) (48) (23) (45) (6) (43 4) (14) (13) (47) (34 38) (36) (42) 
19 (37 41) (42) (22) (50) (15) (9) (14) (35) (13) (23) (21) (28) (11) (32) (5) (44 6 31) (43) (12) (49 34) (10 40 38) (46) (27) (8) (7) (45) (4 47 3) (36) (19) (39 48) (16) (1) (33) (26) (25 24) 
20 (44) (41) (47) (42) (5 21) (15) (32) (24) (14 10) (23) (11) (7 16) (39) (45 4) (35) (19) (46 40) (12) (13 38 37 43) (9 48) (34) (31) (20) (50 25) (3 18) (33 30) (1) 
21 (4) (29) (17) (2) (3) (28) (14) (12) (50) (46) (33 37) (21) (13) (27) (39) (31) (15) (1 24 43) (22 23) (36) (11) (30) (34) (44 5 26 48) (19 47) (45) (42 16) 
22 (20) (42 28) (3) (47) (36) (5 50) (21 6) (34) (38) (8) (32) (14) (23) (44) (11) (49) (9 19) (27 33) (13 30 17) (31 12 43) (10) (22) (46) (16 40 45) (26) (7) (35) (39) (48) 
23 (22) (21 20) (38 12) (23 14) (5) (34 9) (6) (41) (43) (49 35 25 16) (7 42 19) (30 15) (46) (11) (31 10) (32) (27) (29) (33) (44 28) (50) (36) (3) 
24 (45 2 39) (21 28) (23) (27) (20) (26) (4 44) (40 12) (16 5) (17) (22) (19) (31 41) (14) (33 36) (48 18) (43 47 7) (37 10) (1) (49 3) (24) (30) (8 13) (6) (46 34) (35 25) 
25 (25) (17 49) (45 30 6 11 38) (10) (2) (19) (22) (41) (47 40) (5) (32) (18) (35) (50) (44 33) (27 37) (34) (28) (16 9) (24 36) (4 14) (20 23 39) (21) (46) (12) (48) (15) (7) (42 43) 
26 (10) (34 22 2 14 46 29) (19) (49) (30 6) (41 43 39 31) (17) (33 36) (8) (40) (50) (21 3) (20) (47) (15 27) (26) (23) (9 5 16 11) (24) (42) 
27 (19) (26) (33) (9 20) (47) (23) (29) (27) (37) (8) (30 35 42) (31) (6) (11 1) (36) (16) (40) (2 13) (10) (38 3 18) (48) (45) (12) (17 14 25) (22) (44) (15 24) 
28 (37) (47) (22) (29) (20 18 9 42) (34 3) (26) (11 35 24) (46) (30 41) (40 28 25 13 23) (39 33 2) (36) (48 12) (8) (6) (50) (27 44) (7 49 16) (10) 
29 (3) (25) (14 22) (27) (38 41 26 15) (42) (5) (4) (1 10 24) (50) (32) (28) (11) (18 43) (8) (47) (9) (48) (2) (13 36) (35) (31 44) (23) (40 29 33 49) (12) (39) (19) 
30 (27) (2 30 18 14) (1) (36 22) (47) (42) (31) (34 35) (45 12 46 16) (50) (32 41) (29) (19) (37 43 15) (40) (38) (5 23 4) (26) (28 44) (11) (9) (33) (7 6 24) (49) (25) (21) 
31 (39) (8) (2) (4) (23 46) (37 26) (19) (42) (50) (15) (13 18 22) (5) (6) (3 12 10) (34) (14) (32) (44) (7) (1) (17 21 43) (31) (11) (29) (30 47) (36) (27 48 20 28) (40 16) (25) (41) 
32 (18 35) (42 3) (32 1) (30) (22) (7) (47) (24) (49) (20 40 21) (28) (46) (11 39) (14 16) (38) (26 15) (37 50) (27) (5) (45 12 33 13 19) (17) (43) (29 31) (2) (36 48) (25 23) (9 44) 
33 (45 31) (30 48) (26) (14 21) (40) (32) (10) (25) (29 19) (15) (16 5) (44 7 24) (41) (22 34 8) (9) (46) (47) (11 4) (35 28) (17) (1) (18) (3) (2) (49 23) (13) (37) 
34 (32 16 14) (28) (5) (38 33) (17) (48) (18 4 49 44 23 34 43) (6 41 42) (15) (36) (20) (10) (3) (9) (46 39) (30) (47) (29 13) (7) (22) (50) (37 24) (19 2) (31 25) (1) (11) (40) 
35 (37) (29 30) (12) (42) (44) (23) (38 5) (20) (22 8) (13 7) (26) (14) (31 50) (2) (41 35) (46) (33) (43) (45) (25) (28) (24) (1 11) (17) (19 15) (10 18) (36) (9 39) (34) (27 16) 
36 (12) (2) (8 7) (33 6 45) (35 40) (9 50 21) (36) (15 44 18 39) (47 26 37) (41) (16 46 25) (28) (22) (11) (20) (5) (19) (31) (1 48) (23 38) (49 34) 
37 (9) (27) (45) (34) (37 6) (20) (40 3 39 31) (50) (32 14) (19) (36 5 43) (49 46) (11 7) (8) (4) (44) (47) (22 21 28 23) (2 10 1 24) (30 41) (18 13) (42 16 33) 
38 (16 1 34 41) (38) (25) (9) (20) (24) (39) (18 35) (4) (30) (48) (47 36) (26) (7) (23) (15) (32 22 45) (40 13) (17 29) (21) (28) (12) (6) (46) (33) (14) (19) (11 27) (49) (5) (50) (8 31 2) 
39 (29 4 27 50 20 13 14) (26) (43 32 12) (33 48 8) (40 36) (35 16) (22) (21) (46 25) (45 28) (30 17 39) (34) (44 3 23 41) (49) (24) (11) (6) (7 5) (31) (42 38) 
40 (20) (45 1) (48 50 31 7 46) (13) (40) (44 38 30) (37) (19) (10) (17) (15) (4) (23 2 29 42 33 34 5) (35 43 11) (8 6) (32) (24) (21 9) (47) 
41 (45) (30 35) (33 47) (28) (25 9 46 4) (16 23) (43) (27 2) (34) (5) (17) (10 6 22) (12) (29) (38) (41) (36) (37 49) (21) (8 3 39) (7) (15) (42) (31 18 40 48) (11) 
42 (48) (31) (23 38) (7) (22) (28) (41 6 26) (19) (11) (18) (24 47 9) (36) (40) (5) (34 37 17) (50 39) (43 30 20 27 4 10) (3) (25) (21) (33) (15) (44) (8) (12) (14 16) (13) 
43 (7 10) (5) (37 14 27 35) (18 44) (6) (20) (11 28) (32) (49) (16 47) (1) (25 43) (40) (29) (34) (46) (41) (15 9 48) (22 33 36) (45 26) (3) (23) (8 2) (17) (42) 
44 (11) (2 39) (25) (49) (37) (41 32) (20 28 23) (31 48) (17) (29) (42 15) (1 33) (46) (18) (3 21) (8 19 30) (40 27) (35) (24) (45 16 43) (38 34) (14) (5 7) (6 13) (36 22) 
45 (10) (37 14) (6 3) (12 7) (25 47) (1) (20 31) (17) (11) (21) (5) (42 40) (16 35 48) (30) (23) (26) (43) (29 9) (19) (36) (34) (28) (46) (24) (4) (50) (38) 
46 (25 29) (46 31 6 34) (10) (27) (13 43 11 17 42 1 37) (21 38) (44 9 28 19) (20) (48) (15) (30 40) (45 4) (26 18) (41) (24 50) (14) (8 32) 
47 (45) (14) (40 16) (24 37) (27 1 2 38) (12) (19) (29 50) (10) (11 34) (7 30 22) (43) (48) (25) (44 42) (9) (13 46 35) (17 21 20 32) (28) (8) (31) (47) (23) (3) 
48 (16) (3) (9) (38 47) (49) (32) (25) (41) (21 46 17) (27) (48) (37 31 8) (10) (39 13 43) (30) (7) (12 23 18) (44) (40) (29) (42) (4 6) (34 20) (15) (11) (45 1) 
49 (21) (32) (29) (23 7) (12 36) (15) (50) (34 43 33 5) (40 11 22 10 13 8 4 18) (49) (42) (37 24 44) (39) (48 27) (30) (20) (19) (17) (38 2) (47) 
50 (18) (32 30 39 3 22 45) (43 11 34 27) (41 7 6 1) (47) (40) (38 15) (33 44) (50) (42) (19) (4 35) (17 25) (36) (5) (28 23 2) (20 9) (49) (31) (29) (26) 
1 (8) (6) (20) (31) (14) (4) (27) (40) (10) (37) (44) (16) (34) (13) (21) (9) (19) (18) (1) (35) (15) (30 2) (43) (24 3 50) (46) (47 7 38) (5 32 12 36) (45 33 48) (29) 
2 (24) (28) (9) (10) (31) (40) (13) (7) (12) (41) (32) (6) (14) (43) (15) (37) (44) (16) (26) (1) (5) (29) (3) (34) (30) (35) (33) (25) (17) (47) (21 27) (49) (36 38) (50) 
3 (43) (23) (13) (19) (22) (42) (41) (9) (18) (12) (44) (39) (11) (7) (31) (26) (29) (2) (17) (16) (6) (5) (37) (21) (1) (14) (15) (24) (28) (27) (34) (33) (50) (48) (3) (20) (47) (32) (45) 
4 (49) (48) (13) (25) (24) (40) (29) (37) (21) (6) (15) (19) (45) (30) (10) (46) (2) (38) (42) (8) (17) (9) (31) (16) (39) (20) (41) (50) (5) (33) (7) (18) (12) (1) (14) (4) (34) 
5 (50) (35) (3) (37) (1) (30) (36) (26) (41) (22) (4) (25) (43) (14) (17) (5) (20) (31) (45) (19) (34) (18) (42) (23) (11) (49) (33) (44) (32) (40) (12) (39) (15) (21) (24) (29) (7) (13) (38) (10) 
6 (43) (9) (7) (25) (10) (3) (45) (40) (34) (8) (19) (44) (1) (24) (22) (26) (27) (12) (30) (42) (14) (36) (39) (41) (16) (15) (37) (17) (4) (50) (28) (46) (11) (48) (31) (2) (13) (23) (5) (18) (38) 
7 (12) (5) (37) (30) (11) (14) (48) (8) (19) (50) (22) (38) (42) (20) (17) (2) (40) (25) (16) (41) (39) (23) (6) (9) (24) (43) (34) (33) (44) (4) (18) (45) (35) (36) (31) (10) (49) (3) (7) (28) (32) (47) 
8 (44) (41) (14) (7) (17) (37) (2) (26) (19) (1) (6) (33) (43) (11) (24) (27) (42) (49) (12) (5) (3) (29) (28) (16) (31) (36) (39) (22) (13) (38) (35) (40) (48) (46) (47) (9) 
9 (43) (10) (22) (47) (14) (34) (17) (36) (27) (40) (20) (37) (11) (45) (19) (8) (33) (5) (41) (30) (48) (42) (50) (32) (29) (26) (15) (16) (13) (38) (28) (3) (23) (35) (18) (25) (46) (1) (12) 
10 (46) (1) (4) (31) (43) (6) (26) (20) (13) (19) (29) (40) (27) (22) (14) (47) (15) (41) (16) (45) (48) (17) (42) (2) (49) (25) (10) (33) (37) (28) (8) (24) (34) (23) (18) (35) 
11 (18) (28) (12) (46) (11) (21) (22) (29) (45) (42) (9) (39) (5) (36) (27) (32) (49) (38) (25) (16) (7) (31) (19) (37) (35) (43) (48) (26) (10) (34) (3) (40) (2) (33) (20) (44) (15) (47) (30) (14) (23) (1) (50) (41) 
12 (2) (15) (19) (22) (16) (1) (28) (49) (29) (48) (47) (20) (35) (31) (24) (4) (18) (25) (36) (5) (12) (45) (23) (9) (27) (3) (13) (39) (10) (6) (30) (41) (8) (21) (32) (38) (14) (11) (42) (7) 
13 (1) (16) (48) (8) (44) (10) (38) (37) (29) (32) (20) (46) (14) (5) (3) (18) (4) (31) (42) (21) (35) (49) (40) (2) (13) (27) (28) (39) (47) (24) (22) (15) (19) (12) (33) (6) (34) 
14 (45) (15) (38) (3) (24) (23) (6) (44) (19) (10) (12) (43) (17) (32) (26) (37) (25) (20) (14) (30) (13) (47) (1) (31) (5) (22) (42) (39) (9) (46) (29) (11) (18) (35) (21) (8) (2) (27) (4) (16) (34) (33) 
15 (38) (43) (35) (14) (7) (19) (8) (13) (29) (6) (42) (34) (23) (40) (15) (41) (12) (21) (16) (18) (26) (30) (32) (49) (33) (31) (4) (5) (10) (11) (25) (46) (48) (50) (3) (27) (44) (20) (36) 
16 (34) (20) (45) (33) (17) (48) (19) (9) (35) (32) (1) (21) (44) (31) (16) (2) (26) (37) (41) (12) (25) (23) (28) (11) (38) (39) (24) (43) (13) (27) (42) (7) (8) (22) (30) (36) (47) 
17 (25) (38) (9) (26) (10) (31) (24) (3) (6) (14) (17) (43) (13) (11) (48) (32) (34) (44) (15) (18) (42) (40) (1) (46) (33) (16) (8) (39) (5) (49) (41) (50) (45) (12) (4) (21) (47) (2) (27) (35) (22) 
18 (28) (5) (1) (18) (33) (27) (29) (34) (12) (8) (42) (15) (37) (14) (6) (36) (24) (44) (48) (2) (31) (7) (35) (4) (13) (9) (20) (38) (11) (25) (46) (30) (10) (43) (41) (32) (50) (49) 
19 (46) (42) (25) (33) (18) (35) (45) (44) (37) (17) (30) (40) (36) (15) (7) (6) (32) (47) (19) (34) (21) (31) (38) (10) (26) (22) (24) (14) (11) (13) (29) (3) (2) (27) (4) (5) (16) (50) (1) (20) (49) (23) 
20 (10) (34) (46) (43) (24) (4) (22) (28) (47) (45) (8) (49) (37) (50) (9) (27) (48) (23) (12) (1) (26) (38) (6) (39) (14) (44) (42) (36) (2) (20) (25) (40) (32) (17) (18) (16) (31) (15) (35) (7) 
21 (21) (24) (13) (32) (41) (48) (44) (5) (36) (3) (26) (47) (49) (25) (4) (45) (18) (11) (7) (12) (37) (30) (19) (40) (20) (22) (38) (46) (15) (33) (42) (2) (8) (31) (23) (39) 
22 (33) (26) (44) (49) (1) (6) (36) (32) (17) (43) (42) (22) (34) (23) (14) (21) (29) (12) (31) (13) (41) (16) (30) (38) (39) (25) (2) (47) (9) (28) (24) (37) (35) (27) (19) (11) (18) (8) (50) (3) (4) 
23 (27) (25) (23) (39) (7) (29) (28) (26) (6) (48) (3) (16) (44) (30) (34) (18) (47) (33) (20) (50) (31) (5) (17) (41) (11) (38) (19) (32) (42) (22) (35) (9) (45) (4) (40) (15) (12) (36) (24) (14) (43) (37) (21) (49) 
24 (13) (24) (46) (21) (6) (18) (30) (25) (28) (16) (39) (34) (27) (32) (3) (37) (35) (38) (19) (44) (26) (45) (42) (1) (47) (5) (49) (40) (12) (29) (15) (20) (10) (14) (11) (33) 
25 (39) (32) (27) (33) (18) (9) (34) (6) (5) (25) (7) (23) (12) (1) (50) (2) (43) (38) (36) (19) (8) (46) (4) (44) (45) (42) (24) (31) (41) (47) (30) (11) (13) (16) (48) (35) (29) (3) (28) (20) (17) (15) (10) (14) 
26 (45) (22) (33) (28) (26) (18) (43) (27) (24) (12) (38) (15) (42) (29) (14) (2) (21) (8) (19) (13) (5) (3) (36) (35) (17) (11) (6) (30) (46) (31) (32) (4) (50) (1) (39) 
27 (30) (48) (22) (50) (23) (29) (2) (5) (6) (35) (15) (37) (46) (47) (10) (42) (26) (31) (39) (16) (1) (19) (28) (12) (32) (21) (17) (49) (3) (44) (25) (43) (24) (27) (38) (41) 
28 (36) (15) (29) (8) (6) (7) (17) (39) (2) (19) (5) (32) (45) (18) (13) (31) (37) (50) (3) (22) (1) (44) (43) (34) (28) (41) (23) (38) (11) (33) (24) (4) (30) (21) (46) (47) (35) (42) (25) 
29 (43) (50) (49) (45) (15) (48) (27) (13) (6) (35) (21) (30) (9) (31) (46) (44) (23) (12) (32) (40) (14) (26) (34) (16) (28) (18) (29) (47) (3) (5) (4) (38) (33) (41) (39) (1) 
30 (48) (35) (47) (41) (39) (33) (1) (30) (16) (27) (40) (44) (31) (15) (14) (12) (25) (10) (42) (49) (24) (13) (17) (28) (38) (6) (45) (32) (34) (46) (7) (5) (8) (26) (22) (50) (21) (11) (2) (37) (20) (23) 
31 (14) (41) (32) (13) (24) (19) (31) (8) (38) (29) (18) (5) (1) (16) (22) (21) (44) (7) (33) (2) (37) (45) (42) (50) (6) (34) (30) (15) (46) (12) (20) (40) (39) (11) (27) (47) (23) (48) (36) (26) (35) (4) 
32 (19) (44) (8) (25) (6) (49) (13) (20) (1) (7) (38) (47) (50) (17) (37) (39) (46) (31) (16) (32) (2) (29) (5) (48) (40) (43) (11) (33) (12) (9) (22) (34) (23) (30) (14) 
33 (27) (50) (18) (49) (17) (39) (1) (15) (22) (5) (10) (37) (21) (25) (2) (19) (14) (30) (26) (6) (36) (32) (28) (23) (44) (20) (7) (41) (42) (11) (16) (43) (40) (38) (13) (24) (34) (29) (35) 
34 (22) (31) (20) (11) (25) (28) (47) (10) (50) (42) (41) (49) (5) (37) (15) (30) (23) (38) (46) (44) (40) (26) (19) (9) (1) (33) (2) (21) (43) (34) (6) (36) (48) (24) (7) (14) (39) (35) (13) (45) (8) (18) (17) (4) 
35 (29) (20) (5) (28) (45) (11) (30) (38) (6) (9) (8) (1) (43) (22) (10) (40) (41) (4) (39) (32) (24) (35) (27) (47) (25) (14) (13) (19) (33) (12) (44) (15) (36) (23) (18) (3) (17) (16) (50) (7) 
36 (22) (38) (2) (3) (23) (41) (28) (21) (16) (36) (45) (43) (31) (35) (17) (24) (37) (8) (27) (26) (49) (6) (50) (5) (7) (32) (13) (25) (30) (34) (44) (9) (19) (42) (11) (10) (29) (39) (18) (12) (14) 
37 (32) (46) (25) (14) (11) (30) (28) (48) (41) (27) (34) (31) (24) (17) (47) (19) (36) (16) (33) (42) (8) (20) (37) (10) (4) (12) (1) (45) (5) (2) (44) (40) (21) (35) (49) (43) (18) (9) 
38 (38) (36) (6) (12) (34) (20) (14) (13) (47) (19) (39) (3) (45) (5) (23) (30) (4) (17) (35) (1) (41) (8) (9) (50) (40) (32) (15) (10) (2) (18) (7) (22) (49) (11) (46) (27) (48) (44) (29) (42) (25) 
39 (24) (36) (5) (17) (13) (32) (26) (7) (29) (9) (34) (4) (10) (18) (35) (19) (20) (28) (42) (25) (1) (14) (44) (38) (6) (48) (49) (22) (37) (21) (41) (50) (12) (8) (39) (2) (31) 
40 (26) (13) (40) (42) (31) (3) (34) (36) (8) (1) (5) (28) (41) (50) (27) (20) (30) (25) (17) (29) (44) (22) (2) (32) (46) (43) (33) (6) (10) (47) (48) (45) (18) (4) (24) (49) (37) (38) (39) (19) (9) (16) (12) (14) (11) 
41 (43) (30) (41) (42) (9) (1) (10) (48) (16) (19) (44) (5) (7) (23) (13) (34) (14) (17) (15) (29) (35) (8) (4) (37) (12) (31) (28) (46) (3) (50) (20) (33) (26) (11) (24) (39) (38) (36) (25) 
42 (43) (20) (5) (45) (50) (10) (30) (49) (23) (34) (47) (25) (35) (3) (44) (18) (31) (14) (46) (48) (28) (9) (22) (26) (4) (37) (11) (19) (8) (32) (39) (21) (27) (6) (15) (13) (41) (40) (12) (29) 
43 (25) (20) (49) (22) (15) (2) (26) (46) (21) (45) (6) (32) (50) (24) (3) (43) (48) (34) (35) (16) (37) (1) (23) (17) (31) (44) (39) (40) (29) (13) (41) (8) (4) (30) (7) (14) (47) (42) (18) (19) (10) (9) 
44 (21) (9) (22) (28) (37) (5) (20) (34) (49) (11) (33) (25) (35) (8) (31) (29) (36) (3) (43) (30) (10) (4) (50) (16) (27) (6) (1) (14) (17) (32) (12) (19) (39) (42) (40) (46) (47) (13) (7) (24) (48) (23) 
45 (46) (48) (21) (41) (2) (39) (13) (35) (17) (36) (15) (22) (32) (40) (50) (25) (47) (16) (6) (33) (37) (5) (1) (4) (18) (14) (27) (8) (20) (7) (11) (10) (30) (24) (19) (44) (43) (38) (12) 
46 (45) (35) (32) (24) (6) (36) (19) (28) (12) (48) (46) (26) (21) (40) (1) (10) (4) (2) (34) (8) (9) (22) (44) (47) (16) (37) (33) (30) (7) (14) (3) (31) (20) (39) (43) (15) (23) (25) (38) (41) 
47 (6) (32) (22) (9) (42) (37) (34) (18) (19) (28) (24) (31) (50) (17) (48) (16) (15) (14) (20) (36) (11) (43) (26) (12) (21) (10) (27) (38) (47) (7) (13) (49) (5) (33) (40) (29) (30) (45) (4) (25) (41) (1) 
48 (21) (7) (41) (17) (20) (34) (29) (32) (46) (47) (39) (38) (49) (42) (48) (36) (13) (24) (12) (40) (43) (22) (6) (33) (11) (16) (2) (28) (45) (8) (15) (14) (31) (19) (18) (4) (44) (5) (25) (10) (27) 
49 (39) (49) (22) (6) (10) (9) (19) (43) (1) (34) (48) (11) (36) (33) (37) (26) (7) (30) (25) (28) (41) (23) (2) (13) (50) (24) (5) (8) (32) (4) (38) (17) (18) (3) (16) (44) (29) 
50 (38) (17) (30) (42) (16) (35) (3) (36) (31) (12) (22) (29) (34) (5) (14) (2) (7) (6) (47) (23) (50) (40) (19) (1) (39) (49) (4) (46) (45) (37) (26) (9) (32) (21) (20) (28) (25) 
