0
50
50
1 (28) (5 3) (45 6 1) 
2 (5) (7 12 37) (11 16) (26 23 42) (24 38) (28) 
3 (21 13) (20 39) (43) (4 46 23 36 40 17) (27) 
4 (11) (32 44 13) (41 9 17 40 15) 
5 (12 20) (18 22) (9) (30) (17 14 21) 
6 (32 25 23 2) (17) (22) 
7 (30) (6 27 17 4) (25 48 47) (18) (5 43) (49) (2 45) 
8 (36) (23 30 24) (31 34 18) 
9 (36) (16 27 24) (7 18 47) (11 35) (33) 
10 (32) (42 41) (20 39) (14) (31) 
11 (48 16 37) (14) (41) (45) (8) 
12 (49) (30 1 4) (25 6) (38 7) (50) (29) 
13 (11) (42 4) (6) (13 40) (9) (7) (44) (41) (16) (15) (29) 
14 (19 50) (30 46 38 4) 
15 (17 5) (45 18) (35) (27) (25 16) (12 38 15 6) (34 33) 
16 (23 1) (16) (27) (34 25) (18) 
17 (37) (24) (44) (43) (34 2 46) (41) (23 38 47) 
18 (10 43) (49 44) (45 26 7) (18 28 32) (42) (39 24) 
19 (2 50 21 7 27) (22 45) (17 5 10 42) (15) 
20 (15) (1) (41 27 33 8 24) (22 4 3) (50 34) (6) 
21 (34) (21 35 30) (25) (17) (40 39 36) (3) (14 26 12) (29 22 2 18) 
22 (40 10) (17 37 13) 
23 (6 47) (48) (32) (49 27 18) 
24 (3 4 12) (48) (25) (38) (2) (26) (36 7) (41) (5 29) 
25 (46) (12) (38) (17) (37 7) (44 15) (18) (27 5 3 35) (16 30) 
26 (45 24 27) (17 15 11 8 32 33 31 36) 
27 (37 20) (27 19 16 3) (44 17) (41) (49 13) 
28 (44 6 46 36 41) (50 47 33 25 39 12 14) 
29 (17) (46) (48) (24) (28) (43) (10 49 37 1) (20) (39 14 21) 
30 (40) (1 32) (48 24 18) (38 41 8) 
31 (19 2 6 33) (37) (5) (50) (13 36) 
32 (8 31 38 30) (40 2) (9) (35) 
33 (19 23) (5 36 18 44 13) (1) (7) (34) 
34 (48) (8) (16) (18) (9) (42 37) 
35 (35) (42 13) (45) (22) (24 36) (15 26) 
36 (44) (46 14 15 30) (24 39 29) (12) 
37 (18 16 20 39) (12) 
38 (45) (7 27) (21 16) (1) (36) (42) (35) (19) (12) 
39 (45) (10 19 31 32 9 23 8) (27) (24) 
40 (43) (50) (25) (26 7) (16) (28 21) (47) 
41 (23) (33) (20) (40) (18) (39) (32) (7 17) (5) 
42 (4) (42) (9) (47 40) 
43 (8 42) (36) (15) (20 11) (1 32 37) 
44 (18) (42 22 41) (50 10) (38 32) 
45 (30 40) (46) (2) (36) (3) 
46 (45) (35 47 31) 
47 (24) (46 10) (8 50 43) (19) (41 23) (27) 
48 (28) (49) (26 19) (44 18 8 37 6) (5 23 41 45 31) 
49 (4 36 39) (20 7) (3 1 26 15 10 11 19) 
50 (5) (27 11 3 36 17) (37) 
1 (20) (29) (38) (16) (49 33 1) (12 43 30) 
2 (19) (45) (21) (7) (6) (31 32) (24) (17) 
3 (50) (49) (25) (20) (21) (1) (27) (45 24) 
4 (42) (3) (24) (12) (14) (7) (20) (49) (13) 
5 (1) (25) (15) (24) (31) (7) (48) (19) (50 41 2 33) 
6 (48) (15) (7) (13) (20) (12) (23) (28) (31 1) 
7 (2) (38) (13) (24) (12) (19) (41) (18) (25) (33) (40 49 9) 
8 (20) (47) (43) (11) (26) (32) (39) (34) (30) (48) 
9 (13) (32) (39) (34) (5) (4) (42) 
10 (47) (39) (49) (19) (44) (22) (29) (18) 
11 (2) (13) (49) (4) (26) (9) (43) (50) 
12 (36) (5) (15) (21) (24) (2) (37) (28) (38) (25) 
13 (4) (13) (22) (35) (31) (3) (33) (27) 
14 (11) (5) (29) (21) (36) (10) (28) 
15 (15) (13) (4) (25) (19) (43) (35) (36) (49) (26) (20) 
16 (37) (25) (2) (40) (34) (27) (9) (16) (13) (11) (15 38) 
17 (3) (41) (22) (26) (50) (29) (19) (27) (4) (15) (6 25) (5) (21) (7) 
18 (5) (30) (23) (34) (7) (15) (33) (18) (16) (41) (8) (37) (9) (21) (44) (48) (25) 
19 (27) (38) (47) (48) (31) (39) (14) (49) (33) 
20 (49) (43) (27) (10) (3) (5) (29) (41) (37) 
21 (21) (3) (38) (19) (29) (40) (5) 
22 (21) (5) (6) (44) (20) (35) (19) 
23 (16) (33) (47) (48) (6) (41) (17) (3) (2) (8) (39) 
24 (29) (18) (8) (30) (36) (26) (2) (17) (47) (35) (20) (9) (39) 
25 (16) (21) (24) (28) (12) (6) (7) (40) (15) 
26 (18) (49) (2) (24) (48) (21) (40) (35) 
27 (47) (26) (9) (15) (50) (3) (39) (38) (16) (27) (23) (7) (25) (20) (19) 
28 (48) (2) (40) (1) (29) (18) 
29 (21) (12) (24) (36) (13) 
30 (32) (8) (21) (7) (5) (36) (14) (12) (25) (45) 
31 (39) (46) (8) (10) (32) (26) (48) 
32 (6) (30) (23) (18) (10) (4) (43) (41) (26) (39) (44) 
33 (26) (9) (31) (41) (15) (28) (20) 
34 (33) (20) (15) (21) (16) (17) (8) 
35 (38) (15) (35) (25) (9) (32) (21) (46) 
36 (3) (24) (50) (49) (31) (21) (33) (9) (35) (38) (8) (45) (26) (28) (43) 
37 (31) (48) (22) (29) (50) (17) (27) (25) (11) (34) (43) (2) 
38 (14) (44) (25) (15) (17) (32) (2) (30) (24) (12) 
39 (21) (36) (28) (49) (29) (18) (41) (3) (37) (10) 
40 (30) (21) (13) (45) (32) (22) (3) (41) (42) (4) 
41 (20) (13) (28) (11) (4) (44) (30) (27) (24) (47) (48) (17) (10) 
42 (34) (2) (18) (13) (38) (19) (43) (10) (35) (42) (44) 
43 (3) (40) (7) (47) (17) (18) (29) 
44 (4) (25) (36) (27) (13) (18) (28) (17) (48) (33) 
45 (39) (35) (46) (7) (38) (26) (19) (11) (15) (48) (18) (1) 
46 (47) (25) (29) (36) (14) (17) (45) (28) (3) 
47 (7) (28) (17) (46) (42) (23) (40) (9) 
48 (34) (11) (7) (23) (29) (30) (24) 
49 (29) (23) (48) (18) (7) (12) (27) 
50 (40) (14) (12) (44) (47) (19) (31) (20) (28) 
