0
50
50
1 (50) (26 41 33) (17) (10 9) (28 34) (14 19 23) (5) (16) (3 37 47) (24 4 6 21) 
2 (39 43 16 26) (17 5) (10 23 41 31 22) (8) (12) (46 25 19 40 18) 
3 (45 10) (44) (42 43 49 9) (38 13 8 4 30 20 36 27) (41) (5) (31) 
4 (19 14 27 49 6 33 9) (39 31 21) (34 28 23 32 29) (44 47 46) 
5 (8 32) (25) (36) (12 40) (50 7) (34 31 14 21 33) (9 3 24) (44) (28 30 27) 
6 (33 37 26 13 2) (38) (35) (24) (15) (9 32) (6 29 30 20 25) (19 36 41 39 34 45 16) 
7 (6 17 37 31) (1 45) (25 42 8) (46) (40 2) (43) (7) (50 13 5 44 47 22) 
8 (37 5 39 49 26 38 34) (22 2) (30 12 43 28 50 29 18) (13 23 10 44 7) (36 41 40) (9 42) 
9 (42) (1 20 14 50 37) (8) (49 25 6 29 2 16) (15 11 46 48) 
10 (38) (47 28) (32 41 29 42 5) (7) (24) (6 10 33 4 27 16 26 22) (3) 
11 (26 6 32 44) (4) (18) (10 13) (9 20 22 16 43 42) (19 27) (14 50 35) (45) (39) 
12 (24 1 12 17) (33 14 42 9 3 21) (43 31 6 16 37 44 27) (49) 
13 (31 15 39 21) (46 4) (47 24 16 41) (14) (27 2 25 37) 
14 (24 10) (19 2) (37 17 1) (47 39 11 33 30 40 8 36) (50) (20 48 21 26 15 23) 
15 (27 42 41 29 33) (15) (46 9) (19 18 50 26) (34) (32 21 35) (40 7 31) (38 39 13) 
16 (14) (6 7 9 1 34 27 38) (40 42 10 23 17 36 32 22 46 21) 
17 (49 41) (11 30) (20 17 13) (39 36) (23) (12 8) (32) (1 25 10 33 19 18 40 16) (37) (29) 
18 (31 16 9 37) (48 34 41 43 19 1) (17) (8 3 7 36 5) (10 20 49) 
19 (25 49) (18 28 9 26) (35) (48 42 36 1) (3) (27 6 12 33 4 45 30) (16 15) (29 10 23) (5 40) (13 43) 
20 (39 45) (47) (13) (19 38 30 37 21 28 6 2) (15 5 4 32) (3 41 27 18 44) 
21 (37 45) (34 18 6) (31) (7 16 43 42) (5 50 47 30 41 14 20 40 27 26 36) (29 49) 
22 (39 38) (15 43) (30 42 28) (8 12 49 48 9) (44 25 4 37) 
23 (19 29 11 5) (36 22 21 25) (47 8 12 9) (2 46) 
24 (41 33 46 24 23 7 3 29) (4 5 39) (19 1) (38) (31 48) (14) 
25 (6) (25 29 24 42) (40) (12 22 49 30) (45 47 48 41 4 33) (9) 
26 (43) (14 45) (39) (36 48 5) (40 44 4 10 24 35 23 17 22) (7 8 2 18) 
27 (46 14 22 16 30 6) (5) (36) (1 24 15 48) (2 17 19) (23 38 27) (28) 
28 (30 35) (13 41) (34 32 10 31 47) (21) (26 9) (39 36 1 18 40) (7 12 43 33) 
29 (3 32) (33) (34 14 7 17 21) (16) (22 44) (19 50 30 48 46 23) (49 9 27) 
30 (11 33 12 30) (44) (15) (32) (34 46 35 22 29 43) (50 18) (17) (31 25 37 45 6 23 16) 
31 (24 35) (45) (14 18 13 2 36 28 10) (22 47) (30) (20 37) (9) (41 50 1) 
32 (42 50) (31) (14) (29 21 37 44 25) (12 24) (15 18 4 17) (41) (36 8) (32 26 28) 
33 (35) (29 34 38 49 50 12 3 37) (10) (23 30 2 39 47 43 36) 
34 (22 35) (32) (31) (2 46 34) (33 27 42) (40) (3 45) (18) (7 23 9 43) 
35 (10 37 40) (18 28 1 16 46 45 36 6) (2) (25 38 22 7) (42 43) (30 12) (15 50 26) (41) (21) 
36 (24 28 42) (17 18 3 40) (25) (46 4 1) (23 36 14 2 39) 
37 (13 22) (42 34 45 16 18 1) (38 35) (6 28 41 23 2 21) (5 40 4) (30 9) (46 19 37) (3 33) 
38 (43 19 1 15 13 31 37 3 30 14) (36) (11 29) (27 21 32 48) (49) 
39 (16 43 31) (25 20 5 39) (17 32) (12 35 30 38) (21) (36 22 6) (46) 
40 (20) (40 21 14) (26 48 23 29 24 13 15 9) (37) (44) (3) 
41 (1) (26 11 43 31 47 29 38 16) (39) (13 9) (42 3 14 10) (20 17) 
42 (5 14) (39 13 35 48 12) (26 21 44) (36 18 29 8) (30 41) (38) (40 46) (22) 
43 (6) (12 23 48) (10 1 26) (41 5 37 7) (49) (39 36) (38 28 8 33 44) (34) 
44 (28) (16 11 5 40) (33 37 38 9 36 8) (42 4 48 7 18 39) (21) 
45 (48 50 2 24 34 21 23 35) (18 46 3 22 25) (38 27 30 7 12 41 8 9) (32 15) 
46 (22) (31 16) (40 50 12 23 10 3) (46 41 26 28 15) (20 24) 
47 (4 33 38 39 16) (36) (29) (40 12 11) (13 32 50 46 7 49) (3 22 42) 
48 (6 28 11 33 16 3 18 25 20) (30 26 40 22 50 42) (47 27) (5 48) 
49 (48) (50 25) (10) (49) (4 14) (45 47) (12 26 19 34 43 7) (2) 
50 (34 20 38 6) (16 42 8) (21) (5 30 27 9 46 26 31) (33) (39) 
1 (31) (43) (14) (24) (37) (16 19 12) (35 27 9 7 41) (38) (17) (18 28) (36) 
2 (45) (8) (35) (23) (20) (6) (34) (9) (14) (27) (13 7) (49) (31 36 33 26 37) 
3 (19) (10) (45) (24) (38) (37) (36) (46) (5) (29) (40) (12) (18) (20 33) (41) (1 34 47 48) 
4 (19) (24) (32) (44) (22) (20) (49) (25) (1) (26) (13) (37) (11) (10) (47) (3) (36) 
5 (1) (43) (44) (10) (24) (19) (3) (26) (8) (7) (37) (50) (18) (42) (48) (20) (27 39 21 23 2) 
6 (37) (27) (16) (50) (35) (21) (39) (25) (11) (9) (48) (4) (30) (20) (1) (6) (19 43 12 7 10) 
7 (34) (8) (28) (43) (45) (7) (47) (5) (29) (35) (26) (15) (10) (16) (24) (21) (44) (18) (49) 
8 (18) (14) (17) (45) (44) (50) (26) (23) (42) (5) (2) (22) (32) (9) (43) (7) (3) 
9 (37) (15) (19) (31) (40) (34) (5) (3) (1) (45) (28) (8) (44) (41) (18) (11) (4) (50) (16 6 22) (29 23 12 25) 
10 (1) (11) (43) (49) (17) (8) (16) (33) (35) (2) (10) (14) (28) (3) (19) (41) (18) (46) (31) (26) 
11 (9) (38) (44) (23) (48) (30) (14) (47) (17) (41) 
12 (30) (49) (42) (17) (32) (46) (12) (47) (25) (23) (28) (2) (45) (8) (35) (33) (5) (39) (43) (22 19) 
13 (3) (28) (40) (7) (31) (6) (37) (11) (41) (42) (8) (38) (15) (17) (20) (19) (47) 
14 (16) (36) (24) (26) (5) (31) (11) (32) (21) (29) (41) (40) (49) (12) (42) (27) (38) (13) (1) (9) (4) 
15 (15) (46) (30) (32) (13) (22) (27) (38) (9) (19) (6) (14) (45) (35) (20) (40) 
16 (50) (39) (10) (35) (17) (1) (21) (19) (13) (2) (37) (29) (48) (30) (41) (27) (46) (18) (47) (11) (44) (9) (12 6) 
17 (16) (27) (29) (30) (18) (36) (1) (14) (41) (17) (26) (7) (32) (39) (2) (12) 
18 (36) (17) (19) (28) (2) (31) (26) (11) (45) (8) (48) (15) (32) (20) (44) (21) (35) (42) (30) (37) (34) 
19 (11) (29) (15) (17) (18) (20) (6) (2) (37) (14) (27) (23) (1) (38) (24) (4) (49) 
20 (40) (3) (46) (17) (11) (41) (9) (39) (18) (31) (14) (21) (48) (6) (50) 
21 (50) (15) (5) (23) (42) (12) (40) (4) (37) (45) (38) (20) (44) (28) (35) (14) (39) (29) (1) (16) (32) (13) 
22 (35) (8) (16) (10) (39) (46) (7) (47) (27) (34) (30) (45) (26) (25) (48) (11) (23) (42) (37) (29) (31) (2) 
23 (29) (1) (40) (34) (46) (14) (45) (24) (33) (17) (27) (2) (19) (8) (30) (16) (36) (43) (26) (37) (4) 
24 (27) (26) (6) (1) (32) (36) (24) (5) (46) (10) (13) (45) (12) (14) (25) (31) (40) 
25 (49) (23) (39) (6) (36) (7) (5) (2) (48) (17) (32) (30) (22) (9) (19) (25) (45) (13) (35) 
26 (11) (32) (2) (19) (14) (35) (43) (21) (48) (40) (10) (49) (28) (1) (46) (8) (42) (41) (6) (50) (15) 
27 (16) (5) (29) (12) (20) (27) (48) (13) (3) (45) (11) (10) (15) (50) (38) (34) (4) (19) (21) 
28 (1) (32) (36) (46) (19) (35) (4) (8) (37) (27) (44) (43) (20) (48) (31) (22) (10) (5) 
29 (41) (4) (42) (10) (19) (25) (24) (17) (32) (15) (40) (30) (8) (33) (47) (21) (9) (6) (38) (23) 
30 (50) (29) (14) (31) (48) (35) (21) (8) (27) (5) (39) (20) (42) (25) (38) (30) (28) (33) (19) (22) (6) (17) (45 37) (3) 
31 (24) (21) (46) (18) (38) (28) (7) (2) (30) (15) (3) (5) (41) (39) (13) (50) (34) (4) (32) (12) 
32 (6) (47) (30) (15) (20) (32) (11) (4) (16) (28) (5) (38) (45) (17) (34) (29) (39) (10) 
33 (5) (44) (12) (19) (17) (47) (37) (25) (34) (30) (10) (43) (24) (50) (29) (48) (4) (28) (14) (1) (15) (6) 
34 (4) (49) (30) (43) (8) (28) (15) (6) (45) (50) (16) (5) (29) (21) (18) (37) (33) (1) (34) 
35 (6) (11) (28) (15) (45) (34) (37) (30) (19) (39) (31) (33) (26) (42) 
36 (17) (23) (27) (36) (21) (38) (8) (5) (14) (43) (26) (31) (39) (6) (33) (3) (32) (44) (47) (42) (18) (19) (35) (16) (28) 
37 (35) (8) (6) (33) (13) (20) (44) (9) (31) (14) (1) (38) (7) (17) (32) (12) (21) (30) (22) (40) (43) (18) (37) 
38 (50) (43) (35) (20) (44) (37) (24) (3) (45) (41) (8) (10) (6) (39) (47) (33) (42) (22) (16) (15) (27) 
39 (11) (4) (2) (13) (14) (44) (8) (39) (41) (17) (43) (50) (42) (36) (15) (20) (28) (47) (6) (24) (26) (22) (33) 
40 (35) (2) (16) (21) (7) (46) (15) (26) (37) (34) (42) (44) (25) (28) (47) (5) (14) (19) (48) (40) (17) (36) (8) 
41 (35) (18) (10) (31) (3) (46) (17) (37) (32) (13) (42) (43) (28) (1) (15) (45) (2) (6) (24) (20) (25) (8) (21) 
42 (36) (41) (15) (3) (11) (32) (19) (35) (21) (34) (9) (12) (48) (16) (22) (47) (50) (37) (8) (25) (44) (10) (7) 
43 (3) (30) (33) (34) (8) (19) (2) (21) (35) (49) (41) (26) (11) (39) (38) (28) (18) (12) (22) (7) 
44 (5) (30) (43) (12) (40) (8) (11) (29) (7) (42) (22) (20) (4) (26) (3) (32) 
45 (21) (7) (26) (3) (49) (34) (20) (37) (31) (11) (35) (6) (25) (30) (19) 
46 (39) (15) (30) (37) (23) (50) (27) (42) (45) (36) (2) (34) (35) (47) (24) (29) (9) (7) (13) (46) (16) (4) 
47 (41) (10) (20) (28) (23) (14) (4) (13) (49) (33) (21) (48) (31) (7) (1) (25) 
48 (19) (48) (25) (40) (9) (26) (14) (29) (49) (42) (38) (44) (18) (27) (43) (24) (45) (22) 
49 (43) (38) (18) (25) (3) (33) (9) (21) (49) (8) (22) (17) (4) (29) (12) (19) (47) 
50 (30) (21) (31) (49) (5) (33) (45) (7) (14) (35) (9) (1) (32) (15) (11) (48) (8) (47) (29) (46) 
