0
50
50
1 (32) (43 8 28 9) (19) (1) (33) (5) (27) (39 36 50) (10) (7 44) (16) (48) (17) (14 38) (37 31) (15) (30) (22) (42) (34) (49) (6) (23) (26) (40) (18 12) (25) (4 46) (47 24 2) (29) (41) (20) (11) (3 13) 
2 (9) (40 36) (25) (43) (26) (38) (2) (50) (49) (17) (42) (30) (33) (32) (45) (8) (13 34 27) (24 35) (18) (6) (41) (15) (19 22 46) (39 28 10 48) (29 4) (5) (3) (23) (47 11) (1) (12) 
3 (6 42) (39 14 45) (13) (31) (16) (50 21) (34) (19) (37) (30) (40) (36) (46) (27) (9) (49 4) (10) (18) (29) (38) (23 25) (35 41) (32 44 11) (43) (28) (48) (5 26) (22 15) (8) (20) (3) 
4 (49) (8) (11) (19) (35 1) (48) (33) (21) (6) (43 39 26 16) (9) (3) (46) (20) (40) (31) (18 5) (50) (4) (12) (22) (25) (36) (13) (45) (38) (14) (37) (24) (7 44) (2 41) (28 17) (29 30) (42 23) (47) (34) (10) (15) 
5 (47) (14) (39) (45) (7) (32) (10) (16) (9) (25) (19) (17) (34) (11 13) (48) (38) (37) (36) (2) (30) (6 26) (28) (31) (24) (21) (49) (27) (8) (5) (23) (43) (33 22 46) (3) (41) (35 15) (40) (29) (12) 
6 (45) (36 38) (8) (39) (16) (37) (3) (19) (17) (25 32) (31) (18) (23) (43) (48) (44) (14) (40) (9) (15) (4) (28) (26) (30) (47) (2) (49 22) (50) (33) (24) (7) (6) (29) (12) (10) (1) (5) (35) (27) (11 41) (42) (20) 
7 (26) (27) (7 21) (3) (44) (34) (6) (47) (4) (37) (42) (16) (35) (45) (18) (28) (50) (25 29) (32) (1) (41) (38) (14) (19 24) (9 39) (11) (10) (40 36) (5) (15 17 30) (43) (23) (49) (2) (46) (12) (8 31 20) 
8 (2) (16) (45) (28) (21) (11) (12) (49 33) (42) (20) (17) (29 39) (4) (35) (18 36 41) (25) (47) (40) (14) (23) (19) (48) (9) (1 3 6) (46) (32) (44 50 37) (43 15) (30) (26) (7) 
9 (35) (25) (44 5 32) (2) (49) (18) (24) (3 45) (31) (1) (12) (21) (11) (39) (22) (41 26) (38 4) (15) (20) (29 48) (13) (7) (36) (30) (17) (33) (43) (10) (34) (9) (23) (40 6) (46) (19) (14) (47) 
10 (15 12 31) (42) (10) (2 25) (28) (4) (45) (13 46) (17) (48) (7) (29) (35 9) (1 3) (8) (37) (47 40 30 11) (34) (33) (23 6) (5) (49) (27) (21) (38 36 16) (22) (20) (18) (43) (50) (19) (39 24) 
11 (34) (20) (12 6) (50) (19) (23) (15) (9) (35) (31 33 46) (24) (45 36 3) (5) (40) (47) (18) (39) (28) (27 38) (7) (17) (8) (22) (4) (30) (2 16) (10) (11) (25) (37) (49) (1) (13) (43) (21) (29 32) (42) (48) (44) (26) 
12 (40 41 28 6) (36) (10) (18) (37) (13) (22) (29) (3) (30) (39) (47) (44) (19) (12) (11 49 1) (24 9) (17) (33) (21) (16 32) (7) (25 23) (4) (45) (46) (31) (26 35) (50 5 8 20) (43) (2) (48) (14) 
13 (2) (16) (33) (4) (34) (8) (24) (50) (38) (40) (14) (41) (42 37) (18) (39 35 23) (26) (36) (12 43) (5) (6) (22) (17) (13 21) (15) (46) (19) (30) (3 45) (32) (44) (1) (48) (47 10) (9) (20) (29) (28) 
14 (24) (34 45) (7) (41) (30) (46) (43) (6) (26) (27) (36) (13) (17) (12) (3) (5) (31 1) (21) (44) (37) (33 40) (14) (11) (50) (19) (20) (38) (35) (18) (48 28) (2) (32) (42) (4 10) (9 15) (39) (49) (8 25) (23) 
15 (50) (44) (16 49 7) (14) (33 20) (39) (36) (15) (40) (37) (41) (8) (35) (22) (18) (13) (30 1) (34) (19) (4 24) (42) (46) (32) (6) (3) (17) (21) (11 28 26) (23) (47) (45 12) (2) (31 38) (48) (27) (29) (10) (25) 
16 (43) (4) (17) (21 25) (11) (45 35) (32) (12) (50) (46) (26) (31) (41) (1 30) (8) (49 33 40) (14) (16) (36) (18 38) (2) (7) (28 22) (9) (5) (27) (19) (37 48) (44) (3) (34) (10) (20 24 39) (47) (13) 
17 (9) (42 31) (21) (30) (29 32) (6) (12) (46) (2) (44 50) (7) (26 38) (37) (27 47) (1 14) (13) (25) (24) (18) (40) (16) (33) (28) (15 17 43 35) (48 36 4) (3) (23) (34) (49) (5) (8) (22) (20) 
18 (6 20 43) (39) (27) (1) (3) (33) (19 46) (50) (30) (40) (48) (37) (4) (17) (10 23) (36) (14) (16) (26) (18) (2) (31) (35) (21) (41 24) (42) (29) (49) (8) (28) (47) (12) (15) (7) (44) (9) (11) (25) (32 13) 
19 (35) (46 4) (26) (1 15) (19) (24) (39) (16) (28) (30) (33) (17) (40) (43) (14 25) (23) (47) (37) (2 41) (12) (3) (11) (10) (9) (44) (42) (27) (18) (22) (29) (49 8) (38) (50 32) (45) (5) (21) (20 36) (31) 
20 (40 27) (17 39) (47) (26) (34) (6) (3) (24) (43 50) (12) (21) (10) (38) (20) (25 41) (28 44 36) (45) (18) (49) (32 8) (48) (23) (7) (37) (9) (29) (30) (16) (46) (31) (42) (5) (22) (15) (4) (19) (1) (33) (11) (35) (14) 
21 (18 12) (9) (27) (38) (8) (11 7) (21) (43) (3) (50) (32 6) (17) (40) (23) (46 10) (33) (41) (19) (34) (35) (44) (39) (5 13) (4) (47 36 14) (2 15 42) (37) (20) (28) (31) (22 26) 
22 (22) (12) (27 17) (32 25) (48) (10) (44) (6) (14) (11) (9) (50) (4 46) (47) (24) (3 1 33 21 29) (30) (15) (26) (37) (34) (28) (2 45 7) (36) (8 19) (41) (13 40) (38) (16) (31) (39) (18) (23) (42) (49) 
23 (34) (47) (5) (33) (6) (46) (2) (20) (28) (8) (21 39) (9) (13 16 43 48) (31) (26) (17) (37) (19) (38) (22 25 45) (40) (50) (1) (30 29) (35 49) (14) (27) (7) (10) (41) (42 24) (4) (32 12) (44) (15 36) 
24 (2) (4) (15) (50) (8) (42) (45 9 22) (20) (47 5) (21 48) (7) (44) (40) (46) (43 17) (32) (11) (18) (29) (28) (1) (19 13) (36) (14) (23) (16) (49) (41) (27) (35) (34) (38) (30 37) (26) (25 3) (24) (33) (39) 
25 (31) (3) (45) (42) (47 8) (17) (36 30) (48 18) (46) (16) (15) (25) (7) (19) (37) (5) (41 26) (44) (13 4) (11) (32 27 43 20) (1) (49 21) (14) (2) (29) (9) (50) (23) (35) (6) (39) (38) (28) (22) (24) (10) (34) (33 40) 
26 (43) (27) (50 22) (44) (18) (40) (32) (28) (21) (11 46) (41) (34) (45) (24 7) (15 25 39) (13 17) (33) (47) (1) (14) (8) (2 42) (26) (35) (10) (6) (20 4) (48 29) (31 36) (49) (9) (19 38 30) (12) 
27 (6) (3) (16) (11) (15 9) (30 42) (44) (35 40) (34 49) (14) (24) (29) (20 22) (28 23) (31) (36) (25 4) (26 33 50 10) (17) (48 7) (38) (1 8) (12) (46) (21) (27) (18) (13 37) (19) (5) (2) 
28 (3) (24) (43) (36) (46) (17) (13 4) (45) (9) (5) (33) (49) (40) (31) (11) (30) (20) (1) (19) (14 38) (26) (12) (18) (22) (50) (32) (23) (34) (27) (8) (28) (48) (44) (7) (21) (6) (15) (16 47) (29) (41) (35) (10) (39) (42 2) 
29 (45) (3) (47 24 4) (42) (26) (44) (8 41) (49) (30) (9) (18 21) (16) (28 12) (37 27) (23) (1) (13) (5) (33) (17 39) (36 34) (38) (46) (35 22) (10) (11) (32) (19) (20) (31) (48) (15) (14 2 50) (25) 
30 (17) (50) (16) (21) (42) (27) (24 40 14) (19) (28) (20) (32) (25) (12) (45) (48) (44 2) (10) (22) (35) (23) (30) (33) (29) (4) (47) (15) (41) (46 1) (26) (39) (11) (31) (49) (8) (6) (13) (7 38 9 43 3) (34) 
31 (16) (5) (39 21) (8) (33) (2 38) (31) (30) (42 6) (40) (14 35) (48) (27) (11) (3 19) (46) (9) (44 17 49) (18) (12) (4) (47) (43) (26) (41) (29) (45) (7) (28 34) (20) (37 36) (10) (24 50) (22) (23) (25) 
32 (7) (21) (22) (6) (24) (20) (45) (4) (12 11) (26) (1 38) (46) (13) (17) (44) (43) (49) (19) (15) (33 25) (8 32) (42) (5) (30) (40) (34) (28) (27) (10) (37) (47) (3) (35) (50) (18) (16) (2 9 48) (29) 
33 (4) (45) (5) (9 14) (19) (18 39) (49) (41) (8) (28) (23) (47) (11) (24) (50) (20) (2) (27) (29) (31) (13) (34 16 46) (48 25) (33) (37) (44 22) (32) (6) (21) (7) (17 43) (38 1) (42) (10) (36) (26) 
34 (25) (20) (30) (17) (37) (16 7) (46) (3) (28) (48) (44 6) (42 34) (41 31) (24 4 14) (47) (12) (11 13) (8) (38) (2) (32) (39 43) (33 5) (21) (19) (1) (23) (36) (26) (35 9) (49) (45) (22) (15) (50) (18) 
35 (34 2 50) (8) (44) (29 49) (31) (24) (25 27) (26 28) (45 41) (47 22) (16) (5 19) (4) (43) (9) (39) (35) (21 10) (40 17 36 42) (33) (11) (37 38) (3) (14) (12 32 18) (20) (30) (46) (23 6) 
36 (31) (40 9) (6) (49) (1) (14) (35 7) (44 48) (33) (25) (17) (10) (3) (29) (24) (11) (19) (50) (18) (45) (42 41) (43) (26 22 38) (8) (39 36) (4) (23) (5) (34 47) (30) (37) (15) (28) (16 27) (13 20) 
37 (44 48) (11 42) (14) (2 22) (25 41) (40) (36 5) (10 28) (29) (50) (24) (12) (38) (33) (17) (6) (1) (32) (23) (26) (49 37 31) (7) (9) (19 21) (4) (3) (47) (15 45 39) (35 16 30) (13) (8) (43) 
38 (8) (14 44) (36) (21 47) (25) (4) (46) (26) (43 38) (6 35) (32) (48) (30) (50) (42) (37 11) (12) (33) (29) (3) (20 34) (18) (28) (27 9 10) (24) (2 23) (31) (15) (7) (13) (49) (5) (40) (19) (22) (1) (16) (45) 
39 (32 17) (10) (3) (30) (24) (19) (15) (26) (28) (48) (18) (49 16 33) (11) (20 8) (5) (36 34) (45) (40) (1) (37) (4) (21) (23) (14) (44 13 12 6) (42 38) (35) (47) (9) (46) (22) (50) (29) (25) (43) (2) 
40 (33) (8) (13) (37 35) (6) (32) (12) (45 31) (21) (38) (48) (1) (16) (43) (44) (20) (47) (28) (14) (19) (4 40) (11) (34) (23) (50) (22) (29 3) (18) (26) (24) (36) (25) (42) (5) (39) (17) (27) (7) (9) (49) 
41 (5) (41) (16 11) (31) (19) (29) (35) (1 18) (10) (38) (33) (14) (6) (12) (36 27) (2 42) (22) (39) (13) (15) (48) (50) (4) (3) (25) (46) (17) (45) (8 34) (37) (32) (26) (43) (23) (40) (47) (20) (24) (28) (21) (49) (9) (7) (44) 
42 (44) (45) (38) (27 21) (46) (7) (20) (18 5) (34 14) (4) (11) (29) (24) (19) (48) (10) (50) (6) (39 30) (37) (2 13) (33) (31) (32) (23) (41) (25 16) (12) (28) (42) (47) (40) (35) (1) (8) (36) (22) (17) (9) 
43 (16) (48) (28) (36) (45) (20) (9) (49) (25) (8) (12) (18) (43) (1) (23 19) (47) (24 42 40) (17) (50 6) (46) (34 32) (11) (3 22) (2) (44) (31 30) (38) (15) (39 10) (33 21) (14) (5) (35) (29) (27 13) (4) (26 41) 
44 (19) (38) (20) (37) (30) (15) (26) (6) (50) (2) (47) (35) (34) (21) (27 1) (5) (18) (25) (9) (14) (39) (23) (36) (41 28) (31) (33 13) (22 8) (4) (12) (49 11 17) (44) (7) (43 48 42) (32) (3) (45) (29) (40) (24) 
45 (40) (45) (43) (33) (10 15) (20) (22) (14) (4) (35) (29) (12) (2) (16) (42) (34) (31) (41) (17) (3) (11) (30) (46) (24 9) (21) (13) (32) (49) (36) (18) (1) (6) (48 50) (19) (44) (5 26) (37) (25) (27 23) (7) (28) 
46 (30) (33) (47) (45) (44) (37) (4) (29) (43) (28) (48) (34) (9) (36) (27 50) (42) (26) (14) (8) (25) (22) (17 46) (40) (3) (12) (16 31 41) (5) (49) (18) (39) (23) (19) (20) (35) (1) (32) (11) (2) (15) (10) (13) (6) 
47 (20) (40) (47) (37 6) (7) (27) (28) (38) (42) (50 5) (4) (49 24 23) (1 44) (46) (9) (21) (31) (17 22) (45) (36) (26) (18) (39 19) (34) (15) (41) (29 14) (12 16 13) (8) (30) (11) (10) (2) (32 3) (25) (48) 
48 (17) (14) (4 3) (39 45) (19) (49) (33 13) (22) (46) (21) (26 36) (27 24) (16) (32 37) (42) (29) (23) (25) (6) (11) (28) (7) (12) (40) (44) (20 43 9) (15) (30) (18) (5) (34) (38) (47) (2 31) (10) (8 1) 
49 (1) (32) (6) (47) (27 33) (18 45) (37) (35 26) (13 49 28) (14) (23) (9) (22) (38) (17) (7) (39) (48) (15) (20) (41 24) (36) (2) (19) (46 4) (29) (10) (42) (50) (16) (25) (8 43) (11) (30) (40) (5) (3) (21) (31) (34) (44) 
50 (23) (30) (38) (17) (50) (15) (31) (2) (34) (4) (13 33) (44) (49) (41) (47) (14) (7) (6) (32) (45) (42) (29) (46) (3) (16 27) (18) (1 37) (43) (8) (19) (21 22) (26) (10) (5) (40) (12) (20) (48) (24) 
1 (33) (38) (37) (43) (18) (48) (41) (12) (22) (14) (23) (29) (49) (26) (44) (19) (7) (27) (39) (24) (20) (30) (45) (25) (8) (42) (32) (10) (11) (17) (13) (46) (1) (2) (16) (47) (50) (36) (4) (40) (28) (6 34) (15 9) 
2 (28) (7) (50) (6) (26) (32) (21) (39) (27) (47) (38) (35) (12) (33) (43) (24) (37) (5) (34) (41) (15) (14) (1) (11) (10) (22) (30) (13) (23) (17) (31) (2) (25) (46) (16) (49) (19) (44) (42) (45) (48) (9) (29) (4) (18) (8) 
3 (25) (2) (40) (16) (46) (15) (5) (10) (50) (4) (38) (28) (13) (47) (22) (7) (19) (49) (31) (6) (34) (37) (45) (29) (30) (36) (43) (9) (48) (39) (1) (3) (21) (35) (20) (44) (24) (14) (18) (12) (32) (27) (11) (17) (8) (41) 
4 (47) (15) (2) (1) (28) (9) (23) (33) (34) (29) (31) (10) (37) (38) (36) (25) (22) (44) (39) (18) (13) (40) (19) (24) (12) (46) (41) (49) (43) (45) (35) (26) (50) (14) (42) (11) (6) (8) (4) (48) (30) (3) (16) (32) (27) (17) (7) (20) (21) 
5 (41) (49) (44) (20) (25) (3) (10) (9) (1) (31) (32) (45) (38) (16) (27) (29) (12) (21) (35) (5) (2) (39) (4) (42) (47) (46) (11) (6) (40) (50) (37) (19) (48) (7) (36) (14) (13) (33) (24) (34) (28) (17) (23) (43) 
6 (31) (7) (12) (5) (15) (43) (8) (41) (22) (25) (36) (11) (47) (13) (4) (45) (44) (46) (38) (3) (20) (23) (50) (33) (42) (32) (1) (26) (9) (2) (30) (18) (6) (34) (37) (28) (48) (17) (39) (40) (10) (21) (27) (35) (49) (14) 
7 (16) (15) (17) (20) (23) (14) (32) (41) (9) (27) (8) (37) (36) (11) (10) (12) (6) (50) (44) (21) (47) (7) (30) (45) (1) (18) (31) (28) (34) (26) (38) (42) (48) (4) (33) (5) (49) (24) (22) (40) (25) 
8 (39) (11) (42) (46) (30) (28) (31) (50) (21) (16) (47) (2) (41) (1) (49) (10) (22) (48) (35) (19) (43) (32) (33) (29) (18) (5) (37) (26) (7) (17) (12) (24) (13) (40) (6) (27) (36) (20) (14) (34) (4) (44) (3) (15) (23) (38) (25) 
9 (5) (32) (8) (37) (35) (7) (29) (25) (40) (46) (34) (27) (13) (21) (23) (44) (30) (1) (39) (12) (4) (26) (3) (45) (2) (19) (47) (20) (48) (38) (11) (36) (42) (10) (43) (14) (22) (17) (28) (31) (49) (6) (18) (16) (9) (33) (41) (24) 
10 (48) (3) (49) (37) (35) (47) (20) (9) (26) (1) (13) (32) (19) (28) (2) (43) (4) (6) (22) (10) (50) (33) (5) (12) (27) (29) (45) (18) (11) (7) (23) (39) (16) (21) (41) (25) (31) (38) (14) (46) (15) (36) (30) (42) 
11 (5) (18) (8) (33) (15) (16) (45) (7) (46) (19) (1) (48) (31) (29) (43) (42) (24) (11) (44) (3) (28) (10) (6) (30) (25) (21) (34) (40) (41) (39) (26) (20) (35) (12) (37) (2) (9) (32) (4) (49) (22) (47) (14) (27) (36) (38) 
12 (35) (9) (47) (50) (27) (6) (37) (19) (39) (42) (32) (18) (12) (26) (17) (8) (23) (30) (4) (31) (10) (7) (16) (1) (45) (14) (43) (28) (48) (44) (2) (15) (5) (20) (13) (21) (34) (22) (11) (29) (38) (40) (46) (41) 
13 (4) (41) (13) (37) (38) (21) (48) (44) (47) (30) (12) (28) (25) (27) (11) (14) (32) (5) (15) (42) (18) (36) (26) (22) (2) (45) (24) (16) (9) (49) (17) (33) (29) (50) (46) (39) (40) (3) (34) (43) (10) (1) (23) 
14 (42) (12) (36) (19) (35) (31) (43) (38) (17) (4) (22) (34) (3) (20) (7) (44) (9) (49) (26) (14) (23) (47) (45) (50) (30) (13) (16) (25) (1) (24) (40) (6) (46) (28) (27) (33) (29) (39) (48) (21) (8) (5) (37) (18) (41) (15) 
15 (30) (10) (19) (36) (23) (13) (3) (26) (27) (8) (14) (28) (25) (1) (46) (5) (2) (15) (29) (34) (17) (43) (38) (48) (9) (18) (49) (44) (21) (11) (4) (32) (22) (45) (47) (24) (7) (6) (20) (37) (41) (39) (50) 
16 (34) (35) (15) (36) (24) (45) (16) (19) (39) (11) (27) (50) (25) (22) (30) (41) (28) (18) (1) (23) (13) (20) (47) (7) (17) (4) (37) (40) (49) (48) (31) (32) (46) (42) (12) (8) (29) (6) (43) (38) (5) (10) (33) (3) 
17 (9) (43) (5) (26) (37) (47) (42) (4) (35) (32) (14) (19) (46) (12) (10) (15) (49) (27) (28) (40) (29) (23) (2) (13) (18) (22) (24) (11) (41) (36) (50) (16) (25) (33) (44) (7) (8) (31) (17) (20) (45) (39) (21) (1) (48) (30) (6) (34) 
18 (48) (1) (42) (6) (16) (45) (50) (4) (29) (18) (3) (2) (26) (10) (12) (13) (17) (11) (9) (14) (28) (35) (34) (43) (25) (40) (21) (46) (19) (41) (49) (7) (33) (27) (31) (32) (8) (22) (15) (36) (20) (24) (39) (44) (47) (38) 
19 (19) (26) (34) (46) (20) (15) (39) (14) (40) (45) (9) (13) (49) (21) (18) (2) (11) (29) (4) (33) (38) (48) (41) (35) (6) (50) (8) (31) (16) (30) (43) (42) (5) (47) (25) (27) (10) (44) (36) (23) (37) (22) (1) (32) (24) (28) (12) (3) (7) 
20 (34) (50) (29) (25) (35) (44) (8) (20) (43) (41) (40) (30) (7) (6) (21) (48) (23) (1) (45) (46) (36) (10) (11) (38) (33) (26) (18) (3) (12) (16) (31) (9) (28) (4) (49) (13) (32) (39) (47) (19) (14) (15) (24) (42) (17) (27) 
21 (3) (18) (22) (9) (24) (47) (25) (44) (29) (16) (38) (45) (12) (11) (4) (48) (21) (20) (5) (40) (32) (30) (17) (34) (50) (15) (37) (28) (26) (43) (49) (42) (13) (39) (33) (8) (35) (23) (27) (10) (41) (14) (31) (7) (19) 
22 (6) (37) (20) (38) (12) (10) (33) (31) (23) (26) (16) (34) (5) (11) (19) (36) (42) (45) (50) (17) (13) (9) (28) (15) (35) (27) (1) (44) (43) (30) (49) (41) (21) (48) (39) (24) (4) (40) (3) (25) (46) (47) (2) (22) (29) (32) 
23 (21) (9) (30) (10) (38) (37) (35) (6) (15) (2) (40) (45) (41) (19) (1) (24) (50) (4) (49) (47) (18) (3) (11) (22) (17) (44) (27) (8) (13) (36) (12) (31) (39) (43) (42) (20) (34) (29) (5) (14) (48) (7) (25) (33) (46) (28) 
24 (47) (20) (36) (24) (13) (50) (30) (39) (26) (38) (44) (33) (29) (43) (17) (28) (7) (35) (42) (19) (5) (15) (16) (10) (45) (31) (14) (48) (40) (18) (25) (11) (6) (27) (2) (49) (32) (1) (9) (4) (41) (22) (12) (23) (37) (34) 
25 (12) (47) (5) (19) (34) (17) (16) (7) (23) (43) (22) (41) (39) (1) (36) (9) (26) (3) (2) (4) (30) (11) (20) (8) (27) (37) (48) (32) (46) (14) (44) (40) (18) (45) (31) (35) (29) (42) (25) (15) (33) (10) (6) (49) (24) (38) 
26 (29) (40) (17) (13) (43) (38) (9) (11) (15) (4) (8) (1) (36) (2) (20) (3) (26) (27) (32) (46) (25) (22) (24) (39) (6) (7) (41) (21) (44) (50) (23) (45) (5) (33) (14) (16) (18) (12) (19) (30) (37) (31) (35) (34) (48) (28) (49) (47) 
27 (6) (35) (50) (3) (29) (47) (19) (1) (42) (18) (17) (15) (27) (7) (30) (23) (44) (49) (11) (2) (26) (16) (28) (46) (45) (20) (38) (32) (31) (10) (25) (24) (33) (14) (22) (36) (40) (21) (41) (48) (43) (5) 
28 (45) (35) (46) (16) (2) (19) (41) (32) (42) (18) (10) (26) (47) (36) (3) (49) (6) (28) (31) (20) (37) (15) (44) (40) (33) (13) (39) (21) (43) (11) (27) (17) (25) (48) (7) (12) (4) (23) (38) (22) (30) (1) (5) (29) (14) (8) (34) (24) 
29 (45) (3) (43) (23) (6) (27) (13) (22) (33) (9) (49) (5) (15) (38) (24) (1) (31) (46) (39) (2) (4) (17) (36) (37) (44) (20) (25) (50) (30) (42) (7) (26) (28) (32) (18) (12) (8) (35) (41) (40) (48) (11) (47) (19) (10) 
30 (29) (14) (50) (34) (47) (9) (13) (26) (49) (46) (27) (32) (7) (20) (38) (31) (35) (15) (8) (37) (22) (23) (19) (42) (28) (18) (24) (16) (3) (39) (5) (36) (25) (12) (44) (45) (30) (2) (17) (10) (1) (11) (4) (6) (43) (48) 
31 (1) (14) (47) (46) (29) (35) (7) (38) (26) (28) (27) (48) (42) (22) (25) (40) (44) (43) (41) (23) (21) (9) (37) (16) (36) (31) (6) (45) (12) (15) (4) (5) (18) (49) (20) (3) (10) (30) (19) (34) (11) (33) (50) (17) 
32 (40) (2) (3) (22) (45) (35) (6) (8) (13) (30) (18) (14) (20) (34) (48) (26) (19) (9) (5) (37) (25) (33) (43) (42) (24) (21) (44) (1) (29) (41) (15) (12) (16) (17) (46) (38) (11) (50) (39) (32) (49) (28) (23) (47) (7) 
33 (32) (9) (27) (6) (21) (11) (33) (17) (14) (19) (5) (46) (15) (42) (10) (41) (23) (8) (36) (13) (29) (30) (20) (1) (28) (44) (37) (40) (4) (16) (18) (12) (45) (39) (24) (50) (22) (43) (34) (2) (35) (48) (38) (31) (49) (26) (25) 
34 (10) (35) (50) (45) (27) (41) (29) (48) (40) (36) (24) (11) (32) (31) (47) (44) (49) (26) (39) (46) (5) (3) (14) (23) (33) (17) (7) (25) (22) (16) (9) (21) (34) (20) (15) (28) (42) (43) (4) (1) (38) (13) (30) (2) 
35 (42) (7) (23) (11) (37) (46) (17) (38) (14) (20) (8) (43) (3) (39) (27) (9) (12) (45) (2) (16) (35) (4) (41) (24) (32) (10) (40) (6) (25) (5) (34) (15) (28) (44) (31) (49) (26) (18) (13) (29) (21) (30) (36) (19) 
36 (48) (22) (18) (41) (45) (23) (16) (28) (33) (36) (19) (10) (27) (6) (15) (42) (11) (21) (25) (14) (35) (20) (47) (43) (17) (1) (29) (4) (31) (46) (24) (34) (12) (49) (39) (2) (38) (40) (8) (37) (5) (9) (13) (26) (7) (3) (44) 
37 (4) (8) (19) (45) (23) (29) (42) (18) (31) (32) (39) (20) (34) (33) (46) (40) (50) (35) (16) (6) (15) (17) (13) (27) (25) (3) (38) (22) (37) (14) (12) (47) (24) (5) (44) (1) (48) (11) (7) (49) (10) (21) (36) (41) 
38 (40) (14) (5) (32) (41) (42) (31) (10) (35) (9) (49) (26) (28) (43) (7) (36) (47) (48) (4) (17) (29) (24) (2) (1) (16) (13) (25) (27) (50) (23) (20) (11) (22) (38) (21) (37) (30) (3) (19) (44) (34) (33) (6) (39) (15) 
39 (31) (3) (33) (30) (11) (48) (15) (25) (35) (22) (12) (29) (34) (20) (16) (5) (10) (26) (24) (41) (7) (2) (1) (8) (28) (47) (21) (18) (14) (49) (42) (23) (4) (13) (6) (36) (40) (43) (37) (46) (9) (19) (44) 
40 (43) (48) (40) (22) (14) (23) (42) (21) (28) (6) (4) (11) (8) (18) (26) (50) (27) (49) (9) (1) (46) (39) (32) (47) (13) (16) (41) (3) (5) (17) (20) (25) (30) (44) (12) (38) (2) (35) (31) (36) (37) (19) (7) (10) (24) (45) (15) 
41 (44) (34) (7) (47) (23) (12) (21) (42) (18) (20) (16) (3) (13) (36) (19) (24) (33) (41) (50) (26) (46) (5) (31) (25) (49) (14) (35) (30) (45) (29) (43) (28) (15) (1) (8) (22) (6) (2) (4) (37) (9) 
42 (6) (25) (33) (35) (46) (3) (29) (42) (39) (47) (44) (22) (45) (2) (7) (4) (40) (38) (20) (41) (48) (15) (30) (50) (49) (1) (24) (43) (19) (31) (23) (34) (18) (28) (8) (26) (14) (27) (32) (37) (21) (10) (11) (17) (36) (13) 
43 (26) (28) (31) (1) (40) (9) (19) (45) (44) (35) (21) (41) (30) (38) (32) (18) (43) (37) (39) (6) (3) (17) (20) (13) (12) (34) (8) (4) (2) (7) (50) (25) (33) (48) (14) (16) (49) (11) (36) (46) (24) (10) (23) (5) 
44 (37) (48) (28) (32) (17) (44) (7) (24) (46) (23) (16) (41) (38) (3) (30) (15) (9) (19) (42) (11) (47) (1) (20) (33) (13) (29) (50) (14) (45) (34) (36) (39) (22) (18) (35) (6) (12) (26) (8) (31) (25) (43) (49) (27) (21) (40) (4) 
45 (33) (40) (34) (32) (35) (46) (29) (48) (5) (13) (12) (8) (26) (37) (19) (9) (3) (28) (6) (38) (25) (16) (45) (30) (2) (7) (4) (44) (43) (36) (14) (10) (20) (42) (24) (47) (41) (50) (23) (22) (39) (31) (11) (15) (49) 
46 (21) (11) (32) (5) (27) (1) (2) (46) (47) (33) (43) (9) (8) (38) (3) (15) (41) (17) (29) (23) (48) (19) (39) (50) (22) (16) (18) (31) (14) (20) (35) (25) (13) (42) (24) (7) (10) (4) (45) (12) (34) (26) (28) (30) (49) 
47 (48) (10) (4) (44) (5) (37) (17) (31) (23) (50) (28) (49) (8) (12) (35) (7) (39) (33) (6) (20) (36) (24) (42) (38) (40) (22) (19) (1) (29) (41) (2) (43) (30) (13) (9) (26) (46) (18) (21) (11) (15) (16) (25) (47) (32) (34) 
48 (12) (45) (22) (29) (40) (41) (11) (27) (24) (50) (38) (2) (5) (44) (31) (10) (34) (47) (33) (25) (8) (13) (15) (9) (43) (3) (46) (18) (30) (28) (4) (39) (42) (36) (17) (1) (26) (20) (16) (49) (14) (23) (37) (6) (32) 
49 (47) (16) (2) (38) (1) (15) (4) (36) (6) (40) (3) (26) (9) (12) (10) (39) (32) (24) (18) (25) (48) (33) (49) (22) (45) (50) (37) (23) (14) (34) (5) (44) (11) (7) (29) (35) (28) (30) (43) (27) (19) (46) (41) (17) (31) (8) (20) 
50 (42) (32) (13) (12) (2) (24) (35) (33) (36) (15) (49) (38) (45) (23) (18) (41) (26) (44) (10) (8) (40) (37) (25) (17) (16) (19) (43) (4) (22) (27) (14) (28) (30) (39) (29) (6) (21) (50) (34) (31) (20) (46) (47) (1) (7) (11) (3) 
