0
50
50
1 (22) (1) (2) (45) (15) (50 46) (37 29) (34) (19) (9 31 8 40 13 4 38 21) (43 48) (23 16) 
2 (27 29 33 38 4 1 10 40) (47 37 21 35 44 12) 
3 (24 38) (28 27) (50) (31) (47 2 42) (39 46) 
4 (16 39) (3) (33) (43 26 23 30 47) (11 28 14) (37 40 29 6 5 38) (10) 
5 (11) (17 9) (30 29) (38) (14 40 46 13 36 22) (35 31 7) (21) (37) (49 12) (23) (33 20) 
6 (45 24 14) (48 4 50 49 7 34) (12 1) (6) (31) (2) (37) (20 8 9) 
7 (47 46 4 15 5 35) (7 9) (34) (40) (48) (39 1 33 49) (27 25) (44 26) (19 10) 
8 (10) (43 30) (2 45 21 19) (41 18 14) (32) (44 47 48) 
9 (38) (7) (3 39 22 13 34 37 6) (8 14 19 45 23 28 33) 
10 (19 16) (10) (20 49 2 22) (26 13 23) (41) (17) 
11 (48 3 40 14) (39) (43 32) (36 23 44) (45) (8) (9) 
12 (4 41 6 29) (34 21 5 23) (24) (46 38) (8) (22 14) 
13 (22 48 20 3 33 29) (44 42 13) (7 9 24 25 28) 
14 (2 6 7 40 3) (24) (32 8 39 25) (42 20) (35) 
15 (2 5 26 25) (38) (36 27 43 30 13 29 46) (6 33 49 37) (17) 
16 (27 23 12) (2 48 24 22) (34) (3 21 16 14 42) 
17 (29 1 28) (30) (18 11 9 48) (5 38) (41 31 19) (35) (39 26 3) (7) (37 46) (32 36 25) 
18 (44 7) (4) (18 13 35) (22 5) (46 8 34 19) (29 39 49) (2) 
19 (30 12) (39 18 17) (22) (29) (41) (7) (4) (38 26) (35) 
20 (37) (47 5) (3 4) (27) (31 42) 
21 (47 27) (2 36) (19 17 40) (43 21) (32) (13) (38) (7 39 10) 
22 (45 40 23 39 1 2) (38) (20 28 29 6 17 47) (27 30) 
23 (3) (6) (2 31 33) (27) (45 47 7 20) (8 10) (14 39) (30) (23) 
24 (5 3) (2 35 44) (12) (10 39 15 34) (6 18) (50 46) (27 8 47) (37 14) 
25 (30 39 14 37 25 1 19) (18 43 22 47) (40) (21) (15) 
26 (45 5 8 39) (20 40) (15) (44 33 1) (30 16) (50 14 35 49 48) 
27 (33 21) (3 7) (48 50) (45) (8 28 12) (39 49 42) (47 1 25) (36) (46 18) (38 13) (41) 
28 (24) (23 26) (50) (46 35) (9) (39 12 4) (14 22) 
29 (6 20) (41) (22 37) (46 50 39 23 3) (28) (12) (17 35) (14) (44) 
30 (41) (16 39 36) (11 3 10 49 23 25) (14) (24 45 29) 
31 (42) (17 26) (3 11 22 48 10) (2) (15 28 1 35) (14 7 6) 
32 (18 26 3) (9) (47 2 49) (6) (14 23) (7) (37 38 35) 
33 (16 30) (44) (27) (46 3 19 28) (50) (48) (20 33 40 41 37) (42) (47) (39) (25) 
34 (24) (2 14) (6 5) (20) (27 45 38 47) (10 23 29 4) (34) (30 36) (16) (26) 
35 (12) (9 35) (20 37) (2) (49) (39) (7) (25 6 43 21) (17 4 40 23 36 42) 
36 (10) (22) (17 9) (35) (42 39 6 48 31) (49) 
37 (37) (33) (42 19) (21 22 28) (32 26) (12) (6 15) (17 23 47 27) (45 38 40 50) 
38 (28 37) (1) (6) (50) (4) (33) (49) (15) (2 9) (42 18 48 23) (3 47) (44 5) 
39 (2) (11 13) (9 43 4) (23 48) (42) (29 40 45 8) (38 37) (14 20) (19) 
40 (18 11) (48 8) (33 39 44 13 22 32) (28 24 45) (49 9 30 7 26) 
41 (14 31) (46 13 44) (7) (24) (28 19 32) (39 2 41) (11 6 22) (29 37) (42) 
42 (49 24 41 43 40) (5 50) (45 2 15) (44) (20) 
43 (23 40) (5 13 30) (32 15 14) (25 20 17) 
44 (5) (12 16 11) (29) (10 44) (41 19 43 28 2 25) 
45 (3 25 8 18) (23 42 27 38 41 10 44 49) (36) (17 15) (35 43 50 22) (19 30) 
46 (49 39) (37 25 32) (50) (10) (16) (20 12 1) (38 41) (46 4) 
47 (40) (45 17 39) (1) (36) (4 3) (23 50 18 27) (2 30 28) (48 37) 
48 (10 37 41 42) (9 46 22 2) (14 35 34) (49) 
49 (33) (20) (25) (11) (22 35) 
50 (24) (22) (11 38 29) (40 17) (39 10 46 7) (5 21 12 27) (49) 
1 (47) (6) (7) (31) (17) (26) (38 27) (1) (46 25) (22) (2) 
2 (39) (16) (35) (44) (42) (38) (3) (23) (18) (15) (47 21 14) (22 1 24) (48 32) (41) (34) (6) (10) (31 8) 
3 (24) (16) (31) (27) (33) (32) (30) (13) (14) (45) (4) (20) (17) (23) (47) (29) (11) (9) (38) 
4 (2) (6) (7) (12) (18) (1) (47) (35) (38) (19) (34) (46) (20) (28) (39) 
5 (26) (43) (12) (20) (7) (18) (42) (34) (15) (4) (24) (50) (17) (38) (44) 
6 (35) (14) (24) (23) (32) (29) (36) (31) (41) (34) (22) (37) (4) (12) (38) (6) (9) (15) 
7 (40) (19) (27) (32) (5) (17) (6) (23) (9) (18) (7) (50) (14) (21) (13) (41) (31) (35) 
8 (40) (27) (12) (26) (39) (45) (23) (18) (11) (1) (24) (6) (14) (9) 
9 (5) (6) (40) (1) (36) (48) (32) (13) (17) (7) (35) (39) (28) (38) (11) 
10 (34) (44) (30) (2) (50) (10) (24) (48) (36) (21) (23) (45) (31) (46) (8) (4) (7) 
11 (31) (50) (30) (5) (40) (39) (17) (49) (4) (41) (44) 
12 (16) (37) (44) (2) (24) (28) (6) (5) (29) (46) (35) (27) (50) (19) 
13 (9) (40) (39) (41) (13) (43) (21) (10) (15) (27) (1) (5) (18) 
14 (6) (8) (41) (16) (29) (43) (12) (5) (25) (28) (34) (9) (11) (26) (4) (30) (24) (23) (39 48) (31 32) 
15 (1) (38) (7) (43) (25) (24) (45) (31) (37) (42) (26) 
16 (1) (44) (16) (34) (33) (4) (10) (46) (26) (30) 
17 (19) (50) (45) (35) (21) (15) (10) (43) (22) (5) (37) (29) (31) (36) (47) 
18 (17) (32) (24) (8) (25) (45) (18) (27) (47) (19) (40) (38) 
19 (39) (45) (33) (44) (18) (7) (10) (8) (9) (41) (1) (25) (37) (17) (21) 
20 (33) (6) (46) (26) (49) (22) (29) (35) (14) (13) (42) (34) (5) (43) (39) (23) (10) 
21 (35) (12) (5) (37) (27) (50) (16) (1) (2) (8) (21) (25) 
22 (37) (45) (31) (5) (28) (19) (29) (25) (48) (10) (12) (50) (41) (36) (9) (18) (40) (49) (13) (1 16) 
23 (1) (10) (43) (9) (37) (23) (34) (22) (39) (30) (38) (47) (32) (5) (29) (16) (4) (45) (35) (11 12 28) 
24 (28) (30) (3) (14) (16) (12) (42) (34) (41) (6) (40) (50) (13) 
25 (25) (17) (33) (15) (45) (27) (30) (44) (43) (7) (14) (13) (46) (49) (35) 
26 (40) (15) (4) (31) (32) (19) (28) (10) (37) (34) (7) (17) 
27 (50) (45) (34) (7) (24) (33) (3) (16) (20) (37) (15) (2) (22) (23) (21) (47) 
28 (40) (9) (31) (29) (41) (37) (22) (47) (4) (3) (44) (38) (17) (13) (33) (27) 
29 (19) (1) (5) (2) (17) (34) (39) (50) (22) (15) (44) (12) (13) (4) (30) (18) (41) 
30 (43) (5) (23) (4) (33) (8) (19) (25) (22) (40) (34) (26) (45) (47) (17) (15) 
31 (36) (5) (20) (6) (1) (3) (41) (17) (23) 
32 (14) (40) (17) (21) (11) (37) (46) (43) (41) (8) 
33 (33) (15) (23) (2) (26) (7) (38) (49) (27) (37) (13) (5) (9) (40) (4) 
34 (16) (34) (24) (48) (18) (12) (6) (7) (1) (9) 
35 (36) (31) (32) (29) (7) (45) (18) (28) (24) (48) (26) (2) (5) (14) (49) (17) (19) (35) 
36 (27) (21) (35) (47) (15) (17) (5) (34) (30) (45) (11) 
37 (48) (9) (32) (33) (35) (37) (46) (29) (24) (47) (6) (41) (17) (15) (38) (20) (5) (25) (1) (39) (4 2) 
38 (34) (32) (46) (12) (2) (3) (27) (22) (17) (5) (15) (9) (1) (19) (21) (45) (37) (50) (4) (39) 
39 (40) (19) (22) (3) (50) (47) (41) (29) (9) (30) (46) (18) (23) (17) (28) (26) (11) (25) (27) (33) (35 4 7 14) (21 24 36) 
40 (2) (26) (22) (35) (5) (25) (1) (33) (21) (47) (4) (39) (43) (37) (11) (50) (14) (7) (42) 
41 (27) (30) (45) (33) (8) (29) (10) (41) (48) (17) (12) (44) (42) (19) (46) 
42 (37) (14) (3) (38) (16) (27) (39) (41) (35) (31) (36) (33) (20) (48) (13) (45) 
43 (4) (25) (8) (39) (21) (11) (42) (35) (1) (45) (15) (44) 
44 (29) (18) (11) (42) (45) (40) (38) (44) (8) (41) (26) (24) (2) (33) (7) (13) 
45 (34) (1) (39) (23) (42) (6) (9) (26) (8) (11) (27) (37) (40) (22) (47) (30) 
46 (28) (46) (41) (29) (18) (17) (48) (24) (33) (1) (50) (27) (12) (15) (3) (5) (7) 
47 (32) (21) (22) (25) (27) (37) (20) (2) (8) (3) (38) (4) (7) (24) (34) (33) (23) 
48 (6) (38) (31) (39) (33) (40) (13) (11) (47) (36) (16) (17) (1) (7) (27) (8) (26) 
49 (32) (45) (6) (50) (30) (27) (38) (46) (36) (18) (40) (15) (48) (10) (5) (26) (42) (7) (35) 
50 (46) (47) (38) (37) (42) (28) (6) (26) (27) (29) (33) (45) (3) (24) (1) 
