0
50
50
1 (27) (24 6) (19) (29) (36) (17) (48) (21 22) (9) (7) (31) (16) (3) (4) (14) (1) (2) (32) (39) (43 41) (42) (35) (44) (28) (23) (46) (50) (33) (25) (26) (30) (10) (11) (47) 
2 (7) (40) (5) (23) (1) (28) (11) (42) (26) (24) (39 6) (33) (49) (16) (9) (34) (45) (27) (14) (36) (13) (32) (15) (19) (17) (37) (29) (22) (31) (25) (30) (44) (35) (20) (48) 
3 (19) (13) (20) (1) (35) (18) (33) (45) (26) (24) (25) (9) (36) (2) (21) (40) (12) (49) (16) (43) (7) (4) (30) (23 31) (47) (38 37) (41 17) (3) (29) (39 44) (34) (11) (22) (48) (6 15) 
4 (21) (48) (25) (22 23) (18) (28) (49) (42) (47) (19) (6) (8) (33) (20) (13 9) (35) (40) (39) (41) (36) (45) (44) (2) (43) (37) (30) (27) 
5 (14) (11) (39) (40) (23) (31) (30) (37) (12 36) (35) (6) (8) (17) (29) (42) (4) (2 33) (46 13) (32) (41) (45) (9) (1) (24) (25) (26) (15) (22) (16) (21) (50) (5) (44) 
6 (38) (19) (20 18 44) (3) (29) (15) (5) (47) (14) (26) (31) (34) (48) (1) (32) (28) (45) (7) (23) (21) (46) (25) (50) (37) (13) (11) (24) (8) (30 27) (41) (9) (40) (42) 
7 (1) (3 20) (22) (19) (15) (23) (41) (27) (38 12) (30) (36) (21 48) (2) (14) (6) (28 31) (45) (47) (35) (29) (34) (5) (49) (50) (8) (17) (32) (11) (10) (33) (37) (13) (9) (4) 
8 (9) (44) (30) (31) (27) (15) (14 8) (29 38) (33) (49) (22) (19 34 1) (28) (23) (17 47) (24) (35) (12) (46) (50 48) (25) (21) (11) (20) (39) (18) (6) (7) (3) (16) (40) 
9 (5) (24) (3) (34) (44) (45) (42) (20) (40) (39) (18) (1) (15) (21) (50) (7) (33) (27) (35) (32) (8) (38) (30) (16) (28 49) (6) (12) (4) (19) (10) (23) (37 9) (2) (36) (17) (48) 
10 (45 15) (41) (26) (6) (14) (46 24) (32) (3) (5) (17) (30) (34) (9) (19) (28) (47) (21) (40) (33) (29) (8) (22) (4) (1 2) (35 39) (48) (38) (43) (25) (7) (11) (20) 
11 (5) (35) (36) (24) (49) (26) (34) (29) (25) (14) (1 21 46) (30) (18) (39) (48) (16) (2) (10) (31) (6 50) (28) (3) (9) (45) (22 42) (11) (38) 
12 (40) (17) (18) (21 38) (13) (45) (31) (20) (33) (6) (48 22) (26) (11) (32 46) (42) (12) (10) (15) (29) (35) (36) (28 9) (39 2) (49) (19) (5) (37) (43) (1) (44) 
13 (8) (6) (35) (18) (39) (44 9) (25) (38) (46) (4) (37) (3) (29) (20) (17) (14 15) (31 28) (22) (5) (36) (40) (11) (27) (7) (49 47) (43) (41) (16 19) (30) 
14 (49) (20) (26) (35) (33) (46) (23) (47) (40) (24) (3) (14) (30) (42 11) (29) (41) (43) (50) (37) (28) (13) (44) (6 8) (22) (9) (12) (1) (25) (5 4) (19) (48) (27) 
15 (17) (9) (18) (46) (6) (1) (4 37 32) (45) (49) (27) (48) (8) (5) (39) (10) (2) (20) (40) (26) (11 36) (34) (42) (19) (22 15) (16) (47) 
16 (8) (40) (7) (49) (33) (10) (19) (30) (31) (29) (46) (3) (45) (38) (12) (25) (5) (22 36) (28) (6) (34) (13) (9) (26) (11) (35) (24 23) (47) (17) (2) (16) (4) (43) (48) 
17 (46) (47 12) (17) (26) (13) (24) (45) (43) (44) (5) (31) (20) (37) (48 29) (50) (49) (9 41) (7) (38) (18) (16 32) (35) (28) (30) (25) (4) (1) (15 33) (27 10 14) (6) 
18 (20) (44) (1 28) (3) (25) (46) (7 16) (29 35) (11) (21 30) (50) (40) (23) (39) (12) (43) (2) (48) (14) (5) (31) (4) (45) (6 24) (13) (37) (10) (27) (18) (49) (42 22) (32) 
19 (13) (21) (1) (49) (11) (35) (47 37) (46) (30) (2 33) (48) (44) (39) (3) (24 15) (45) (38) (6 36) (14) (42) (25) (19) (50) (7) (41 5) (31) (10) (16) (23) (32) (9) (28) (26) 
20 (28) (5 17) (35) (50) (20) (30) (2) (9) (44) (24 32) (22) (4) (48) (34) (42) (37) (19) (36) (1) (43) (3) (46) (31) (11) (12 33) (47) (38) (14) (26 49) (7) (10) (41) (8) 
21 (44) (27 19) (1) (46) (30) (40) (16) (49) (28) (6) (25) (31 26) (41) (17) (35) (12) (34) (43 47) (22) (18) (33) (10) (42) (24) (36) (21) (2) (11) (45) (13) (50) (4) 
22 (27) (43 6) (39) (3) (19) (46) (31) (17) (47) (42) (29) (38) (24) (12) (18) (8) (28) (10 32) (23) (16 9) (40) (25) (41) (20) (44 36 48) (1) (14) (30 11) (49) (4) (45) (22) 
23 (10) (43) (28) (35) (29) (18 5) (11) (2) (15) (8 20) (19) (13) (32) (17) (4) (22) (39) (12) (14 48) (41) (50) (33) (6) (30 42 7) (3) (21) (27) (9) 
24 (11) (25) (15) (16) (39) (13) (8) (41) (18) (22) (48) (37) (24) (12) (4) (17) (23) (3 50) (2) (45) (29) (7) (1) (6) (30) (40) (47) (10 49) (34) (35) (28) (31) (42) (9) (19) (33) (20) 
25 (29) (6) (7) (49) (3) (30) (23 50 9) (35) (27) (41) (40) (10) (18) (31) (32) (46) (13) (44) (26) (28) (38) (36 42) (39) (11) (20 24) (2) (12 48) (4) (33) (37) (1) 
26 (16) (20) (31) (43) (21) (35) (9) (3) (37) (29) (11) (47) (12) (24) (34) (13) (14) (22) (25) (44) (49) (5) (2) (33 50) (23) (7) (41) (6) (27) (15) (46) (48) (36) (19) (38 8) (45) 
27 (14) (43) (27) (38 50) (3) (35) (24) (13) (37) (36) (19) (44) (17) (48) (6) (15) (49 41) (18 22) (32) (39) (46) (12) (5) (28) (30) (2) (8) (29) (45) (47) (11) (34) (25) (16) 
28 (22) (11) (39) (12) (42) (2) (9) (44) (1) (28) (35) (50) (36) (10) (32) (33) (45) (40) (47) (4) (16) (37) (15) (14) (38) (5) (20) (7) (6) (49) (41) (8) (48) 
29 (39) (31) (2) (5) (7) (18) (30) (12) (33) (48) (26) (19) (46) (23) (15) (16) (49) (36) (3) (32) (11) (35) (50 27) (24) (45) (20 8) (42) (25) (37) (10) (4) 
30 (9) (31 10) (38) (15) (41 22) (19) (20) (23) (14) (28) (27) (29) (4) (7) (32) (44) (17) (30) (49) (3) (16) (37) (21) (42) (39) (12) (6 11) (5) (2) (40) (26) (36) 
31 (33 32) (27) (9) (44) (36) (49) (12) (3) (43) (7) (26) (30) (10) (25) (6) (34 28) (40) (42) (4) (17) (46) (20) (16) (18) (21) (24) (48) (37) (41) 
32 (2) (38) (28) (26) (32) (19) (15) (16) (45) (27) (1) (40) (31) (10) (17) (14) (4) (33) (6 48) (43) (20) (35) (9) (11) (5) (44) (7) (49) (36) (25) (47) (8) 
33 (23) (21) (18) (9) (24) (13) (37) (41 38) (15) (49) (48) (14) (16) (36) (29) (6) (47) (40) (42) (32) (17) (30) (11 8) (20) (39) (1) (45) (5) (28) (26 22) (7) 
34 (49) (28) (41) (9) (16) (46) (11) (20 37) (44) (24) (38) (48) (5) (19) (15) (1 21) (18) (23) (12) (8) (43) (3) (25) (42) (10 34) (39) (47) (30 50) (31) (26) (7) (32) 
35 (40 31 48) (7) (49) (13) (22) (17) (33) (50) (35) (12) (26) (14 30 47) (41) (36) (29) (28) (10) (15) (39) (3) (8) (32) (37) (27) (9) (1) (21 4) (16) (5) (18) (42) (44) (19) (43) 
36 (29) (46) (45 43 20) (49) (9) (26) (25) (12) (39) (41) (1) (16) (44 47) (32) (23) (13 36 27) (30) (21) (5) (11) (42) (8) (37) (40) 
37 (35 34) (15) (24) (14) (11) (3) (8 4) (28) (19) (12) (30 25) (37) (9) (18) (36) (39) (6 17) (44) (26) (41 20) (49) (22) (38) (1 5) (21) (10 43) (2) (47) 
38 (7) (3) (46) (18) (19) (8) (15) (47) (26) (36) (30) (9) (43) (31) (25) (12) (20) (22) (27) (41) (5) (44) (14) (40 4) (35) (50) (32) (17) (16 42) (49) (28) (33) (39) (45 11) (1) 
39 (18 28) (44) (2) (15) (4) (8 37) (11) (9) (24) (10) (34) (48) (35) (50) (1) (31 39) (32) (49) (14) (22) (19) (27) (17) (6) 
40 (47 31) (1) (21) (35) (7) (16) (40) (15) (27) (39) (13) (44) (10) (26) (43) (49) (34) (8) (9) (23 38) (22) (18) (28) (46) (30) (20) (2) (12) (24) (14) (50) (45) (48) (17) (42) 
41 (29) (3) (28) (35) (6) (45) (8) (10 13) (33 22) (46) (11) (39) (41) (44) (20) (26) (23) (15 2) (24) (37) (9) (25) (34 40) (14) (17) (21) (43) (31) (18) (32) (5) (7) (50) (4 49) 
42 (16) (6) (43) (7) (27) (30 44) (36) (23) (46) (22) (18) (17) (11) (28 13 4) (47) (35 8) (25) (20) (14) (12 45) (9) (34) (40) (33) (37) (26) (31) (5) (15) 
43 (41) (34) (42 46) (16) (19) (11) (17 45) (4 20) (50) (21) (3) (15) (6) (14) (47) (5) (48) (18) (27) (39) (29) (35) (25) (23) (28) (32) (1) (24) (37) (10) (9 33) (13) 
44 (26) (27) (22 20) (34) (13) (31) (40) (48) (4) (32) (37) (25) (46) (7) (3) (44) (36) (18) (50) (11) (17) (10) (8) (30) (9 47) (24) (14) (28) (39) (15) (12 1) (5) (49 29) (42) (21) 
45 (9) (37) (14) (27) (3) (41) (25 30) (24) (48) (31) (33) (42) (12) (44) (43) (5) (20) (28) (7) (8) (38) (47) (21) (10) (40) (26) 
46 (19) (13) (32) (42) (48) (44) (14) (49) (31) (24) (36) (27) (7) (38 6) (9) (46) (25) (40) (26) (50) (47) (5) (12) (37) (10 43) (2 16) (45) (33) (8) (3) 
47 (46) (11) (18) (3) (8) (39) (20) (26 33) (50) (24) (38) (5) (13 1) (22) (19) (4 21) (17) (12) (15) (48) (37) (42) (9) (10) (2) (36) (34) (49) (30) (16) (27) 
48 (27 43) (9) (18) (3) (47) (5) (23 33 7) (49) (37) (40 39) (12) (44) (25) (29) (15) (14) (46) (11) (34) (35) (16 24) (32) (1) (19) (20 48) 
49 (19) (41) (12 47) (29 17) (38) (31) (33) (27) (21) (15 9) (3 13) (46) (40) (23) (44) (39) (10) (30) (18) (25) (48 26) (6) 
50 (38) (17) (31) (41) (45) (44) (49) (33) (11 37) (35) (3) (12) (23) (7) (14) (40) (19) (10 48) (2) (27) (47) (1) (29) (22) (13) (26) (50) (5) (43) (32) 
1 (28) (1) (18) (11) (39) (17) (44) (34) (36) (5) (32) (25) (43) (15) (50) (33) (12) (19) (38) (24) (35) (22) (40) (3) (6) (2) (7) (14) (8) (37) (21) (48) (9) (10) (20) (47) 
2 (18) (7) (4) (24) (28) (40) (46) (20) (29) (27) (26) (25) (19) (50) (5) (39) (32) (41) (3) (23) (10) (37) (16) (21) (12) (1) (11) (9) (47) (15) (30) 
3 (31) (29) (18) (35) (38) (24) (41) (11) (45) (10) (9) (26) (47) (8) (16) (48) (13) (14) (23) (27) (7) (30) (34) (22) (1) (3) (50) (44) (6) (20) (37) (46) (19) (43) (25) (49) 
4 (14) (21) (5) (38) (39) (29) (25) (28) (23) (41) (44) (43) (13) (7) (30) (32) (22) (35) (42) (15) (1) (3) (9) (31) (37) (47) (17) (10) (16) (24) (20) (18) 
5 (11) (7) (6) (46) (45) (19) (50) (36) (38) (14) (29) (26) (44) (42) (30) (20) (41) (34) (16) (27) (5) (32) (35) (9) (33) (43) (28) (48) (2) (23) (12) (13) (17) (37) (18) (47) (10 15) 
6 (27) (43) (10) (49) (25) (32) (28) (9) (16) (8) (11) (5) (13) (37) (21) (2) (14) (31) (24) (12) (7) (26) (41) (46) (33) (4) (22) (15) (1) (30) (17) (23) (19) (3) (42) (18) (39) 
7 (9) (32) (23) (44) (19) (8) (16) (40) (6) (24) (46) (2) (25) (34) (45) (29) (42) (3) (41) (30) (31) (10) (17) (13) (18) (33) (50) (20) (1) (38) (35) (26) (28) (48) 
8 (34) (47) (32) (13) (29) (46) (24) (33) (42) (41) (26) (20) (23) (45) (38) (5) (10) (6) (4) (8) (15) (22) (37) (27) (35) (39) (9) (36) (16) (28) (7) (44) (14) (40) 
9 (14) (13) (23) (20) (48) (34) (36) (17) (4) (15) (31) (30) (42) (6) (28) (12) (49) (5) (11) (26) (37) (33) (40) (7) (22) (41) (38) (3) (9) (47) (8) (45) (24) (2) (25) (10) (32) (16) (19 46) (35) (44 39) (1) (43) 
10 (11) (47) (18) (44) (19) (40) (45) (23) (12) (46) (41) (31) (9) (20) (37) (49) (22) (7) (16) (39) (21) (35) (32) (43) (24) (15) (50) (1) (34) (30) (17) (25) (28) (29) 
11 (37) (24) (48) (26) (50) (8) (42) (13) (11) (30) (21) (14) (15) (20) (2) (10) (3) (44) (22) (23) (19) (39) (43) (25) (27) (6) (16) (12) (32) (33) (41) (18) (1) (28) (29) (7) (47) (5) (34) (36) (38) 
12 (37) (22) (23) (25) (42) (40) (3) (12) (24) (17) (44) (29) (30) (48) (7) (38) (31) (9) (45) (47) (36) (50) (46) (21) (27) (34) (35) (5) (28) (18) (14) (8) (20) (16) (26) (49) 
13 (3) (7) (4) (41) (12) (46) (6) (50) (36) (23) (19) (25) (47) (2) (42) (44) (27) (14) (18) (35) (21) (16) (26) (40) (24) (49) (17) (5) (43) (33) 
14 (10) (37) (45) (23) (2) (44) (13) (48) (26) (22) (43) (50) (19) (7) (17) (33) (42) (11) (32) (20) (39) (18) (27) (30) (35) (40) (6) (8) (46) (1) (28) (5) (38) (41) (14) 
15 (42) (27) (5) (40) (6) (39) (24) (26) (23) (17) (47) (3) (15) (9) (49) (37) (34) (43) (44) (30) (12) (29) (33) (35) (7) (32) (19) (10) (38) (2) (48) (13) (41) (28) (8) 
16 (8) (21) (42) (13) (46) (33) (38) (40) (32) (5) (22) (34) (28) (9) (35) (2) (36) (18) (16) (15) (24) (47) (27) (43) (29) (30) (11) (31) (3) (26) (17) (19) (1) (48) 
17 (7) (10) (41) (8) (33) (32) (1) (31) (50) (16) (22) (37) (42) (12) (21) (2) (5) (3) (9) (30) (43) (39) (15) (38) (35) (13) (17) (44) (24) (27) (23) (49) (40) (47) (20) 
18 (29) (21) (25) (11) (40) (44) (15) (9) (35) (37) (48) (27) (42) (12) (33) (4) (31) (43) (22) (49) (24) (13) (8) (17) (18) (23) (6) (3) (38) (41) (39) (47) (34) 
19 (46) (26) (3) (7) (23) (4) (1) (2) (24) (48) (21) (32) (30) (14) (38) (10) (22) (37) (27) (34) (15) (8) (20) (16) (50) (39) (9) (47) (19) (35) (13) (6) (49) (29) (43) (12) 
20 (26) (48) (4) (13) (8) (10) (47) (28) (40) (33) (15) (3) (22) (30) (14) (29) (34) (31) (44) (12) (41) (25) (7) (45) (20) (2) (43) (18) (23) (6) (37) (9) (24) (38) (36) (32) (42) (17) 
21 (45) (36) (9) (44) (5) (47) (41) (31) (33) (7) (40) (37) (12) (35) (8) (18) (10) (23) (43) (3) (21) (19) (4) (30) (26) (34) (6) (49) (1) (11) 
22 (35) (5) (28) (24) (22) (3) (12) (13) (1) (20) (15) (16) (27) (8) (4) (30) (38) (7) (11) (39) (41) (23) (40) (37) (14) (42) (18) (44) (10) (26) (33) (47) (2) (50) (21) 
23 (40) (3) (36) (42) (5) (6) (34) (14) (49) (16) (7) (24) (8) (25) (1) (50) (26) (22) (48) (41) (2) (4) (18) (30) (29) (43) (33) (9) (19) 
24 (44) (10) (11) (39) (22) (5) (26) (40) (31) (48) (18) (46) (9) (17) (8) (1) (47) (45) (37) (14) (6) (20) (2) (41) (25) (16) (27) (21) (3) (29) (33) (34) (43) (19) (24) 
25 (10) (5) (4) (27) (26) (21) (44) (38) (41) (32) (3) (14) (34) (42) (2) (31) (46) (48) (45) (24) (22) (16) (8) (13) (17) (6) (37) (43) (18) (36) (29) (19) (11) (1) (49) 
26 (36) (11) (32) (46) (16) (19) (12) (21) (1) (38) (47) (35) (44) (5) (3) (40) (30) (42) (49) (34) (29) (17) (10) (45) (6) (25) (15) (14) (20) (41) (50) (37) (33) (2) (31) 
27 (17) (25) (15) (29) (6) (40) (39) (35) (22) (42) (27) (31) (46) (21) (30) (32) (50) (9) (47) (7) (43) (1) (45) (4) (26) (49) (44) (2) (8) (14) (23) (48) (13) (36) (18) (38) 
28 (41) (23) (44) (14) (30) (40) (2) (21) (28) (6) (31) (37) (45) (24) (1) (34) (35) (25) (18) (39) (33) (20) (22) (17) (4) (11) (10) (27) (13) (8) (38) (12) (16) (43) (19) (42) (32) (7) (9) 
29 (44) (8) (41) (17) (43) (11) (10) (16) (6) (22) (27) (35) (1) (14) (5) (12) (50) (3) (13) (23) (49) (26) (24) (7) (30) (36) (48) (25) (2) (33) (18) 
30 (25) (38) (20) (14) (31) (22) (4) (34) (30) (7) (21) (40) (5) (16) (6) (2) (10) (42) (24) (18) (13) (33) (47) (17) (44) (9) (49) (37) (27) (19) (11) (35) (23) (45) (3) (8) (29) (36) (1) 
31 (21) (20) (11) (44) (6) (26) (38) (32) (49) (18) (12) (41) (22) (46) (17) (45) (7) (19) (39) (34) (5) (25) (16) (24) (40) (50) (1) (29) (2) (8) (35) (3) (30) (42) (13) 
32 (27) (34) (33) (36) (18) (48) (19) (1) (39) (30) (17) (15) (28) (25) (44) (10) (29) (32) (12) (22) (20) (9) (5) (23) (35) (31) (2) (46) (43) (41) (7) (50) (38) (6) 
33 (50) (47) (1) (24) (10) (45) (12) (42) (17) (35) (28) (4) (7) (46) (26) (3) (16) (48) (32) (20) (38) (5) (14) (9) (23) (31) (2) (25) (21) (8) (41) (19) (43) (49) (29) 
34 (21) (10) (44) (41) (31) (6) (37) (40) (27) (8) (24) (42) (34) (7) (3) (43) (16) (39) (47) (2) (15) (9) (48) (20) (11) (26) 
35 (3) (20) (35) (5) (11) (25) (29) (43) (27) (1) (40) (17) (48) (39) (38) (8) (14) (18) (32) (7) (28) (23) (26) (4) (10) (2) (16) (41) (24) (19) (21) (9) (50) (37) (42) (12) (13) 
36 (5) (44) (9) (32) (22) (37) (28) (4) (29) (30) (15) (19) (2) (21) (38) (36) (25) (42) (33) (26) (13) (47) (1) (12) (27) (35) (16) (3) (31) (46) (7) (20) (11) 
37 (18) (20) (44) (24) (9) (7) (4) (17) (45) (33) (12) (28) (34) (42) (41) (46) (30) (50) (27) (29) (6) (26) (3) (25) (37) (31) (47) (48) (13) (43) (35) (15) (39) (19) (5) (2) (14) (36) 
38 (10) (50) (11) (3) (45) (33) (34) (40) (30) (49) (32) (25) (7) (19) (28) (46) (8) (17) (20) (16) (9) (13) (12) (26) (27) (22) (47) (37) (6) 
39 (8) (15) (13) (29) (24) (12) (22) (18) (23) (11) (2) (40) (19) (1) (48) (36) (38) (9) (10) (47) (4) (30) (49) (35) (41) (5) (37) (39) (43) (25) (33) (44) (28) (34) (3) (27) 
40 (14) (35) (25) (32) (18) (12) (50) (46) (42) (38) (33) (22) (44) (21) (9) (45) (41) (4) (48) (31) (16) (28) (49) (30) (40) (8) (13) (15) (36) (24) (3) (6) (10) (5) (2) 
41 (22) (3) (38) (49) (10) (20) (4) (24) (41) (21) (37) (7) (33) (23) (30) (13) (14) (26) (31) (34) (35) (1) (19) (5) (28) (25) (45) (17) (27) (43) (6) (36) (50) 
42 (36) (1) (45) (44) (5) (11) (30) (12) (33) (28) (22) (35) (31) (21) (38) (14) (43) (46) (25) (20) (34) (40) (23) (18) (24) (47) (19) (4) (6) (29) (2) (15) (9) 
43 (3) (38) (13) (21) (31) (50) (41) (16) (40) (34) (4) (45) (26) (14) (23) (35) (42) (32) (36) (22) (1) (48) (10) (18) (20) (37) (27) (12) (46) (17) 
44 (2) (18) (12) (31) (25) (44) (28) (50) (34) (20) (42) (30) (38) (6) (40) (17) (22) (41) (4) (36) (8) (35) (9) (3) (19) (21) (26) (32) (1) (27) (13) (46) (37) (48) (45) (39) (49) (14) (5) 
45 (9) (46) (21) (32) (10) (38) (6) (22) (12) (40) (4) (36) (7) (18) (50) (16) (2) (17) (43) (5) (27) (26) (29) (41) (15) (11) (33) (19) (42) (24) (3) (28) 
46 (13) (19) (47) (41) (21) (43) (27) (14) (44) (49) (16) (46) (26) (34) (22) (29) (17) (6) (40) (11) (25) (20) (36) (31) (1) (18) (48) (8) (42) (10) (5) (12) (38) (15) 
47 (50) (21) (14) (34) (15) (32) (10) (3) (22) (45) (19) (20) (46) (37) (35) (8) (24) (17) (43) (36) (48) (6) (44) (16) (4) (40) (28) (42) (13) (33) (1) (7) (38) (27) (49) (26) 
48 (8) (6) (14) (28) (34) (18) (31) (25) (40) (17) (7) (29) (47) (44) (2) (11) (4) (1) (16) (33) (50) (3) (43) (12) (27) (45) (49) (19) (24) (22) (15) (23) (46) (10) (35) (9) (48) (32) (20) (39) (26) 
49 (34) (36) (22) (40) (31) (26) (37) (18) (11) (20) (39) (38) (47) (4) (2) (12) (8) (13) (46) (9) (33) (15) (7) (17) (25) (41) (27) (24) (14) (48) (28) (44) (30) (35) (19) (50) (32) (29) (3) (21) (16) 
50 (28) (38) (9) (41) (11) (39) (20) (47) (14) (25) (7) (27) (35) (44) (18) (6) (23) (21) (50) (17) (8) (1) (19) (43) (29) (34) (46) (5) (24) (40) (26) 
