0
50
50
1 (27) (24) (8) (22) (10) (44) (29) (49) (36) (3 39 20) (28 33 15) (46 4) (11) (26) (50) 
2 (20) (15 39 45) (10 9) (32) (50) (33) (7) (35) (37) (49) (27 41) (38) (22 13) (14) (43) 
3 (37) (2) (7 22) (44) (34 19) (23 48) (43 39 28) (31) (27) (21) (46 41) (36 50) 
4 (21 18 44) (23) (11 42) (43 20) (45 14 12) (46 36) (33) (8) (26 40) (7 25) (5) (31) (22 37) (49) (35) 
5 (12) (11 36) (4) (43 16) (24) (48 1) (14 10) (33) (40) (49) (39 30 37) 
6 (24 11 1) (26) (12) (13 39) (49) (47) (35 31) (40) (41) (48) (27 4) (18) 
7 (29 11) (42) (12) (8) (41) (40) (48) (15 26) (20 14 4) (5 1) (22) (10) (9 35) (27 30) (23) (39 43) 
8 (35) (32) (3) (39) (42 49) (45 18) (9) (1) (21 7) (24) (23) (47) (31) (38) (36) (14) (27) (48) (41) 
9 (50) (22) (25) (2) (36) (9) (37) (28 17) (7 40) (30 8) (32) (11) (46 39 43) (19) (15) (26) 
10 (50 29 8) (43 6) (32) (48) (21) (27) (12) (22 9) (40 1) (38) (15 45) (18 26) (7 10) (2) 
11 (18) (5) (47) (46) (36 27) (8) (41) (32 11) (19 48 43) (49 25) (38) (40 50 12) (17 13) (34) (22) (3) (23) (10) 
12 (48 46) (24 21) (50) (3) (32) (36) (39) (45) (1 8) (15) (49) 
13 (12) (30 40 50) (21 9) (49 6) (10) (36) (19 28) (43) (20) (23) (24) (48 44 11 46) (31) (22) (16 17) (37 45) (26) (4) 
14 (24) (21) (18) (3) (49) (43) (10) (7 4 5) (32) (1 13) (19) (23) (48) (36) (40 17) 
15 (7) (37) (49 13) (33) (14 10) (39) (32) (36 19 12) (9 23) (20) (8 41 21) (27 31) (4) 
16 (37 34 43) (19) (38 35) (8) (4 30) (39) (1 18) (42) (20) (9) (24) (26 16) (15 5 36) (21) 
17 (20) (24) (1) (3 27 40) (18) (36) (29) (23 9) (46) (13 19) (38) (50) (6) (25) (11) (31) 
18 (26) (43 36 7) (1) (25 12) (50) (45) (33) (44) (16) (6) (5 35 21) (28 38) (46) (42) 
19 (11) (5) (15) (23 10) (28 50 26) (32) (33 6) (45) (12) (34 35) (18) (36 48) (1) (7) (42) (14) (2) 
20 (17 2 36) (48 11 12) (26 9) (25) (13 24 7) (30) (40) (4) (18) (31) (49 6) (43) (28 10) (38) (33 5) (22) 
21 (7) (35) (22) (48) (20) (44) (5) (21) (6) (23) (14) (31) (42) (47 33 25 1) (18) (28) (30) (17 41) 
22 (30) (47) (16 9) (5) (44) (7) (41) (12) (40 26) (8 37) (6 22) (4 10) (11) (43) 
23 (22 8 14) (4 33 50 20) (40) (19) (12) (15) (25 49) (16) (32 36) (31 43) (13) 
24 (24) (22) (45) (40) (34 29 30) (38) (18) (2 11) (1 5) (23) (43) (13) (49) (16) (8) (31 10) 
25 (37 36) (10 9) (22) (31) (20) (47) (4) (1 16) (50) (42) (27) (29) (11) (46) (5) (49) 
26 (38) (14 31) (48 32 16) (30 24 2 28 44) (15) (11) (50) (43) (19 45) 
27 (38 17 28 37) (29) (33) (1) (24) (10) (49) (27) (13 48 47) (34) (15) (8) (3) (7) (14 25 26) (12) 
28 (22) (42) (1) (50 32) (28) (21) (6) (16 23) (41) (20) (24) (13) (27) (46) (18) (45) (44) (33) 
29 (16) (8) (30 7 20) (22 48) (2 10 37) (19 28) (14) (47) (9) (17 29) (12) 
30 (28 16) (45) (41) (18) (36) (17) (23) (7) (35) (39 26) (15 50 5) (44) (19) (33) (24) (12) 
31 (6 15 23) (29) (17) (13) (10) (4) (41) (20) (48 30) (12) (22) (34) (31 21) (50) (46 25 5 39) (44) (35) (32 43) 
32 (46 1 22) (13) (7) (2 11 38) (18) (3) (20) (39 6) (30) (31) (29) (37 15 5) (28) 
33 (19 27) (34) (35) (44) (38) (11 4 28) (49 33 16) (15 9) (43) (22) (26) (12) (37) (6) (32) 
34 (17) (27) (29) (1 20) (9) (40) (34 47) (3) (50) (22) (4) (44 37) (8) (16) (25 36) (15) (2) 
35 (17) (35 6) (50 42) (43 12) (44 16) (36) (38 20) (31 18) (34 7 30 24) (8) 
36 (22 43 49) (14) (33) (44) (45) (10) (7) (26) (17) (20) (12) (21) (46) (16) (41) (9 1 38) 
37 (33) (36 22 18) (40) (39) (23) (6) (19 47) (35) (49) (17 7) (45) 
38 (26) (34) (36 41 38) (20) (47 27) (19 21) (50) (33) (29) (25) (10) (6) (28 48) (42 49) (35 31) (17) (46) 
39 (29) (13 7) (41) (12 3) (28 47 38) (27) (22 26) (17) (30 5) 
40 (24) (48) (15 4) (2) (27) (18) (14) (33 5) (26 40) (43) (41) (1) (23 45) (11 29) (37 38) 
41 (20) (9 43 27 3) (18) (15 24 36 2) (22) (31) (10) (8 21 19) 
42 (22) (28) (15) (50) (23) (12 10) (3) (31) (48) (18) (24) (21) (27) 
43 (45) (28 27) (16) (41) (35) (22 25) (17) (48) (10) (33 23) (24) (42) (29 50) (40) (12) (46 38) 
44 (19 32) (34 26 14 27) (15 11) (6) (22) (20) (21) (39) (33) (50) (40 30) (46) (3) (17) (7) 
45 (9) (49) (48) (39) (17) (28 4) (37 32 22) (31) (43) (10 21) (12 41) (33) (2) (1 25) 
46 (40) (42) (29 11) (16 45) (24) (33) (30 50 14 1) (2 8) (20) (23) (46 21 15 38) (19) (7) (49) (36) 
47 (48 34 32) (2) (45) (38) (19) (5 10) (23) (41) (28) (31) (37) (40) (47 3 44) (42) (4) (16 13) (43) (36) 
48 (31) (26 22) (45) (30) (16) (39 38) (41 46 34 6 25) (11 1) (2 19) (13) (23 21) 
49 (42 10 11) (32 19) (13 14) (44 41) (36) (37 50 15) (6) (9) (45 1) 
50 (40) (7) (1) (3) (26) (6) (20) (5) (16 34) (17) (18) (30) (33) (36 50) (21) (13) (39) 
1 (24) (16) (19) (49) (21) (5) (48) (28) (6) (7) (34) (46) (18) (25) (50) (12) (10 14) (40 36) (8 45) (32 17) (27) 
2 (41) (47) (45) (46) (40) (10) (29) (19) (48) (9) (34) (3) (32) (20) (24) (26) 
3 (32) (11) (17) (47) (44) (27) (1) (50) (42) (39) (8) (14) (34) (12) (41) 
4 (13) (15) (22) (31) (5) (20) (7) (1) (45) (25) (40) (34) (33) (6) (16) (14) (47) (23) 
5 (18) (32) (19) (25) (14) (22) (4) (7) (16) (47) (39) (21) (40) (20) (11) (31) (24) (30) (50) 
6 (21) (50) (10) (20) (32) (37) (35) (18) (38) (19) (48) (28) (13) (49) (31) (44) (33) (17) (22) 
7 (18) (20) (2) (46) (3) (19) (29) (39) (44) (21) (35) (30) (22) (27) (15) (4) (10) (8) (50) (36) (32) (9) (14) (37) 
8 (29) (11) (46) (16) (22) (12) (27) (1) (35) (15) (10) (7) (23) (34) (41) (9) (24) (4) 
9 (9) (13) (36) (33) (29) (25) (45) (17) (8) (41) (15) (10) (2) (22) (16) (20) (7) (34) (49) 
10 (25) (10) (19) (36) (15) (5) (24) (49) (1) (29) (2) (13) (43) (31) (14) (11) (47) (45) (38) (20) (42) (41) (27) (7 22) 
11 (5) (9) (40) (44) (33) (1) (49) (32) (17) (6) (48) (4) (25) (46) (24) (19) (20) (7) (22) (11) (13) (26) 
12 (36) (22) (19) (29) (43) (33) (4) (13) (18) (42) (45) (6) (11) (5) (39) (7) (10) (31) (27) (15) (20) (30) (23) (35) 
13 (14) (39) (11) (15) (2) (17) (50) (6) (48) (28) (32) (31) (24) (27) (23) (47) (20) (49) 
14 (8) (2) (29) (5) (27) (21) (44) (49) (46) (15) (36) (7) (26) (19) (23) (40) (4) 
15 (32) (16) (1) (40) (49) (30) (31) (26) (27) (33) (23) (7) (9) (12) (2) (46) (34) (44) (19) (42) (10) (41) 
16 (30) (29) (36) (18) (34) (33) (47) (26) (22) (28) (48) (25) (43) (35) (24) (16) (23) (13) (5) (46) (50) 
17 (30) (35) (14) (31) (50) (13) (43) (36) (39) (45) (9) (11) (44) (27) (34) (38) (20) (21) (29) (37) 
18 (24) (40) (19) (28) (16) (10) (37) (30) (42) (21) (14) (20) (35) (17) (50) (6) (8) (32) (11) (41) (4) 
19 (17) (33) (49) (37) (38) (30) (11) (16) (41) (46) (23) (14) (44) (15) (3) (29) (9) (13) (48) (47) (26) 
20 (21) (7) (29) (2) (1) (23) (44) (28) (15) (31) (32) (4) (41) (38) (34) (36) (25) (35) (50) (46) (17) (13) (16) 
21 (31) (45) (16) (44) (38) (8) (13) (12) (41) (48) (18) (10) (28) (36) (15) (42) (3) (50) (14) (46) (4) (21) 
22 (1) (48) (29) (22) (28) (25) (43) (41) (39) (44) (24) (13) (10) (2) (23) (34) (42) (31) (9) (4) (21) (20) (3) (7) (32) (37) (45 36) (33) (11) 
23 (3) (13) (11) (7) (14) (48) (28) (24) (40) (42) (37) (4) (21) (31) (43) (46) (17) (47) (8) (15) (30) (19) 
24 (1) (5) (14) (26) (41) (42) (46) (17) (12) (8) (27) (13) (35) (30) (28) (16) (20) (43) (6) (40) (24) 
25 (38) (9) (45) (18) (4) (17) (31) (34) (27) (20) (43) (21) (48) (11) (23) 
26 (22) (20) (33) (50) (18) (19) (6) (1) (10) (40) (4) (39) (30) (48) (27) (9) (36) (13) (16) (38) (7) (44) 
27 (1) (38) (10) (15) (8) (44) (11) (34) (33) (25) (7) (6) (17) (42) (43) (2) (28) (27) (41) (3) (40) (39) 
28 (21) (42) (43) (38) (18) (19) (20) (29) (3) (39) (33) (1) (26) (28) (45) (9) (32) (13) (27) (47) (30) 
29 (32) (34) (7) (1) (24) (39) (17) (31) (38) (25) (43) (27) (40) (29) (10) (46) 
30 (31) (5) (44) (21) (9) (48) (13) (35) (29) (24) (16) (39) (32) (50) (22) (7) (46) (20) (26) 
31 (21) (26) (15) (35) (38) (6) (17) (24) (31) (20) (3) (23) (41) (4) (42) (48) (45) (13) (32) (25) (8) (47) 
32 (28) (49) (12) (11) (33) (15) (23) (2) (31) (9) (8) (14) (47) (45) (10) (26) (44) (19) 
33 (30) (21) (20) (5) (15) (43) (18) (4) (1) (27) (46) (45) (23) (50) (36) (37) (40) (33) (28) (2) (19) (44) (38) 
34 (34) (38) (31) (19) (33) (3) (44) (27) (16) (50) (35) (48) (47) (24) (11) 
35 (31) (38) (43) (18) (8) (21) (30) (35) (6) (4) (37) (16) (19) (7) (33) (2) 
36 (34) (25) (16) (4) (12) (1) (49) (18) (9) (37) (20) (14) (50) (15) (3) (13) (41) (19) (23) (47) (8) (5) (17) (38) (46) (11) (35) (30) 
37 (33) (13) (16) (2) (25) (4) (40) (3) (47) (34) (5) (15) (27) (49) (29) (9) (45) (22) (32) 
38 (11) (26) (40) (10) (8) (48) (2) (35) (20) (32) (46) (43) (17) (27) (18) (47) (36) (39) (33) (16) (24) (38) 
39 (16) (8) (12) (37) (44) (7) (5) (15) (1) (6) (3) (45) (50) (31) (32) (9) (30) (2) (48) 
40 (44) (43) (24) (6) (4) (23) (40) (20) (22) (13) (50) (46) (14) (9) (47) (10) (11) (5) (37) (34) (17) (7) 
41 (28) (30) (22) (3) (47) (2) (6) (40) (36) (21) (48) (43) (8) (38) (11) (49) (15) (45) (31) (39) (7) 
42 (47) (7) (35) (25) (19) (18) (49) (21) (43) (28) (16) (46) (38) (8) (4) 
43 (11) (45) (9) (24) (36) (7) (47) (35) (2) (3) (31) (16) (4) (13) (14) (20) (33) (10) (22) (23) (18) (5) (26) (41) (40) 
44 (21) (22) (30) (31) (33) (35) (49) (13) (47) (34) (1) (18) (28) (4) (36) (26) (3) 
45 (37) (12) (13) (36) (2) (40) (24) (4) (10) (30) (28) (46) (47) (18) (49) (19) (26) (48) (8) (43) 
46 (31) (46) (25) (17) (28) (11) (3) (38) (36) (1) (13) (48) (9) (44) (43) (32) (4) (18) (12) 
47 (25) (11) (27) (34) (39) (6) (21) (29) (22) (38) (8) (37) (47) 
48 (31) (45) (47) (29) (27) (8) (43) (12) (5) (7) (3) (40) (14) (19) (42) (26) (10) (11) (20) (21) (13) (38) (6) 
49 (33) (20) (14) (11) (2) (24) (27) (37) (38) (23) (5) (4) (36) (46) (12) (8) (6) (25) (15) (1) (45) (13) 
50 (35) (26) (13) (42) (46) (10) (9) (18) (17) (2) (19) (3) (34) (49) (23) (12) (30) (1) (25) (43) (44) (11) (28) (38) (31) (50) 
