0
50
50
1 (19) (21) (33 9 18) (20) (3) (50 36) (30) (12 13 34 26 4) 
2 (44) (9) (38 48) (32) (5 13 12) (1) (7) (8 45 17) 
3 (26) (2) (45) (30) (21 10) (8 7 17 36) (48 35 18) (9 6 34) (47) 
4 (15 44) (9 25 38) (30) (22) (18 43 47) (29 21 6) 
5 (36 23) (4 43 38 7 18 46 14 44) (31 27) (26) (2) (13 24) (10) (22 50) 
6 (31 33 24 25 48 10) (37) (42) (16) (7) (12) (9) 
7 (26 10) (14) (21) (45) (29) (41) (30 11 9) 
8 (34 16) (35) (19) (36) (18) (50 6 21) (32 10 42 49) (30 41 17 13) (29) 
9 (14) (50 20) (23 1) (19 45) (32) (43) (35) (31 15) (36 39 40) 
10 (6) (4) (19 1) (32) (11 12 25) (18) (22 42) (43) (35) (20) (17 31) (7) (40) 
11 (22 5) (37 34 50) (15) (13) (40 35 1 7) (14) (12) (48) (19) (45) 
12 (24 16 26 45) (14) (31 43) (5) (34 11) (38 40) (42) (22) 
13 (12 24) (1) (8 22) (42) (40 10 34 6) (39) (45) (30 20) (49) 
14 (50) (13) (43) (37 22) (36) (19 1) (4 14 31) (29) 
15 (48) (23) (43 22) (34) (49 20) (47) (14) (21) (3) (1 35) (46) 
16 (47) (4) (16) (37 5) (40) (18 45 20) 
17 (10) (35 33) (36 24 40 14 28) (50 48) (25 2) (44 23 30 16 8) 
18 (33) (16 42) (5) (8) (26 7 40) (28 37) (35) (6 50 47) (17) (12 13) (45) 
19 (45) (14) (16) (17 40) (46) (27) (1) (37) (33 41) 
20 (17 14) (34 10) (47) (44) (46 7 13) (3) (35 19) (12) (38) (41 28) (43) (1 22) (23) 
21 (23) (14) (16) (12 48) (32 21 40 5 26) (41 46) (13 49) (42) (27 18) (47) (38) (25) 
22 (48 20 39) (43 8) (23 15) (46 33) (13) (34) (19) (18 4 7) 
23 (6 38) (2 45 13) (7 43 4) (40) (30) (5 49) 
24 (1) (4) (38) (31 3) (6 39 28 26) (50) (11 8 21) (24) (43 37) (19 30) (20) (10) 
25 (28) (27 19) (11 29) (20 5) (40) (2 16 7) (34) (31 41) (6) (30) 
26 (47 29 23 34) (33 46) (27) (32) (13 17 7) (37) (20 15) (44) 
27 (43 41 9) (48) (20) (8 35) (19 45 22) (34) (5) (28) 
28 (43) (11) (12 48 31 14 41) (46 47) (40 4) (7) (1) (6) 
29 (31) (2) (16 32 49 45 8 28) (30 19) 
30 (19) (41) (11 9) (43) (12) (8 20 1) (49) (24) (23 40) (15 21) (13) 
31 (9) (30) (45 32 41 13 46 35 19) (10 15) (24) (18) (2 33) 
32 (18 27) (29 39 7) (25 36) (14 33) (1) (17) (2) (3) (47) 
33 (35) (25 5 36) (24) (23 9 27) (29) (11 3 26) 
34 (16 41 50) (46 11) (2) (14) (47) (49 6 22) (31 3 5) (24 20) (7) (4) (25) (43) 
35 (38 6 1) (26 47 12) (46 10) (28 21) (30 9 42 25 5) (3 24) 
36 (35 30 40) (33 16) (24 38) (23 19) (4) (48 44 32 43 20) (26) (37) (22) (27) (39) 
37 (13 45) (43) (8 7 41) (42) (17) (30) (28) (18 50) (10) (4) 
38 (3) (9) (31) (29 7 14) (17 13) (37) (15 20) (39) (26) (18 49 34) 
39 (43) (36) (20) (25 9) (27 37) (19) (26) (8) (30) (38) (28) (31) (11) (46) 
40 (31) (8) (33) (18) (5) (1) (23 37) (36) (28) (49) (19) 
41 (46) (42) (38) (30 11) (23) (27) (33) (1) (22) (5) (17) (14) 
42 (6) (8) (32) (1 44) (30 49 12) (37 38) (42) (2) (47) (48) (45) 
43 (21) (15) (31 10 11 36) (23) (39) (5) (7) (24 45 18) (48 33) (13) (28 42 19 3) 
44 (11) (22) (35 33 7 20 18) (29 19 3 46) (31) (47) (49) (17) (2) (4) 
45 (15 49 29 3) (26 43 17 13) (35 10) (47 2 33 45) (30) (1) (25 23) 
46 (20) (31) (47 38) (37) (43) (50) (11) (17) (30) 
47 (1) (39) (33) (16) (9 50) (14) (31) (15) (20) (4 7) (23) (10) (27 2) (29) (17) 
48 (11 24 1) (30) (23) (45) (12) (47 2 13) (34) (49 38) 
49 (30) (27) (40) (26) (14 45) (25) (39) (5 41) (3) (38 50) (49 20 2) (36 1) 
50 (34) (26) (14 36 24) (4) (21 10 1) (23) (49 29 44 12 19 3) 
1 (28) (50) (45) (49) (20) (9) (11) (2) (48) (42 14 47) (24) (40 30 10) (19) (35) (32) (15) (41) (13) 
2 (31) (3) (25) (29) (5) (32) (17) (45) (23) (44) (42) (49) (48) (34) (47) 
3 (1) (20) (35) (33) (44) (24) (32) (45) (49) (38) (15) (34) (43) (50) 
4 (10) (22) (23) (16) (37) (34) (44) (14) (36) (5) (28) (1) (47) (24) (50) 
5 (43) (25) (40) (12) (33) (21) (27) (11) (34) (49) (18) (41) (2) (16) (35) (23) 
6 (18) (3) (13) (10) (25) (8) (28) (24) (4) (35) (42) (23) (34) 
7 (5) (28) (2) (44) (3) (18) (34) (37) (11) (22) (26) (25) (38) (6) (20) (10) (43) (23) (47 32) 
8 (30) (37) (3) (29) (22) (13) (39) (40) (18) (2) (24) (17) (42) (27) 
9 (27) (38) (7) (2) (6) (1) (35) (3) (39) (47) (33) (31) (30) (4) 
10 (7) (37) (35) (24) (8) (20) (47) (31) (50) (45) (5) (3) (13) (6) (17) (43) 
11 (12) (34) (33) (30) (24) (39) (7) (43) (10) (25) (46) (44) (28) (41) (48) 
12 (1) (18) (6) (50) (10) (30) (2) (42) (21) (11) (20) (48) (13) (35) (28) 
13 (2) (8) (18) (30) (26) (23) (37) (22) (5) (21) (11) (43) (1) (31) (20) (38) (14) (48) (45) 
14 (50) (17) (14) (5) (47) (28) (49) (12) (7) (32) (9) (38) (11) (19) (34) (15) (20) (41) (21) 
15 (11) (43) (31) (30) (38) (26) (9) (45) (22) (4) (47) 
16 (17) (8) (21) (19) (6) (18) (25) (12) (29) (34) (47) (36) (16) 
17 (19) (3) (44) (2) (37) (45) (38) (32) (46) (8) (47) (41) (20) (26) (10) (18) 
18 (8) (37) (22) (1) (38) (40) (10) (44) (43) (21) (16) (3) (32) (31) (4) (5) 
19 (43) (50) (31) (39) (1) (29) (24) (25) (36) (11) (22) (20) (27) (40) (14) (10) (8) (30) (9) (44) 
20 (15) (1) (44) (26) (36) (47) (25) (27) (9) (13) (34) (30) (10) (46) (24) (16) (39) (22) (49) (38) 
21 (35) (50) (43) (24) (8) (7) (3) (21) (1) (4) (15) (30) 
22 (41) (34) (5) (44) (20) (13) (14) (36) (12) (10) (15) (4) (27) (11) 
23 (9) (45) (22) (5) (21) (26) (40) (30) (33) (50) (20) (48) (47) (41) (43) (15) (17) (36) 
24 (43) (30) (24) (33) (34) (6) (12) (48) (13) (17) (31) (50) (35) (36) (5) 
25 (34) (21) (17) (45) (6) (32) (10) (35) (49) (4) (33) (39) 
26 (21) (5) (35) (1) (12) (45) (33) (36) (24) (18) (39) (3) (50) (7) (49) (38) 
27 (25) (39) (47) (5) (49) (32) (36) (26) (19) (33) (21) (41) 
28 (27) (39) (43) (37) (29) (18) (20) (24) (17) (35) (25) (40) 
29 (14) (7) (50) (44) (32) (38) (8) (26) (47) (25) (33) (4) (45) 
30 (31) (45) (17) (25) (36) (41) (3) (46) (42) (8) (13) (49) (48) (39) (7) (29) (35) (37) (24) (4) (1 23) 
31 (6) (44) (40) (38) (34) (14) (9) (39) (29) (28) (12) (24) (47) (5) (43) (25) (46) (10) 
32 (42) (21) (9) (8) (31) (2) (36) (26) (10) (29) 
33 (44) (1) (31) (19) (6) (17) (43) (40) (18) (22) (26) (32) (45) (36) (41) (47) 
34 (25) (26) (3) (1) (38) (27) (15) (13) (11) (12) (20) (22) (8) (50) (48) 
35 (27) (10) (45) (18) (9) (31) (3) (8) (20) (15) (11) (33) (17) (44) (36) 
36 (39) (49) (40) (33) (43) (14) (50) (17) (9) (3) (5) (8) (32) (1) 
37 (6) (36) (42) (11) (16) (18) (39) (46) (26) (38) (14) (19) (40) (24) 
38 (5) (24) (20) (39) (12) (48) (21) (49) (2) (35) (23) (42) (46) (4) (41) (36) 
39 (36) (9) (47) (38) (24) (32) (22) (49) (43) (13) 
40 (9) (17) (16) (49) (18) (11) (30) (10) (28) (12) (25) (23) (19) (21) (36) (13) 
41 (27) (37) (25) (21) (8) (19) (34) (20) (28) (49) (7) (31) (30) 
42 (37) (6) (18) (10) (12) (13) (35) (42) (43) (41) (8) (21) 
43 (20) (15) (28) (23) (5) (34) (45) (30) (14) (39) (9) (27) (10) (36) (22) (4) (24) (12) (46) (37) 
44 (42) (36) (4) (5) (2) (50) (17) (26) (20) 
45 (16) (29) (12) (48) (37) (45) (23) (9) (27) (7) (2) (31) (3) (11) (43) (13) (49) (42) (19) (18) 
46 (26) (34) (21) (15) (28) (44) (31) (39) (35) (5) (20) (22) (19) (41) 
47 (28) (34) (32) (35) (3) (45) (4) (26) (48) (20) (16) (44) (21) (15) (18) (42) (46) 
48 (21) (42) (43) (15) (3) (36) (11) (2) (17) (6) (22) (28) (27) 
49 (50) (15) (48) (44) (38) (29) (8) (40) (49) (30) (23) (42) (21) (13) (45) (34) 
50 (11) (17) (49) (47) (8) (37) (34) (9) (18) (1) (14) (5) (46) (24) 
