0
50
50
1 (21 18) (34 44) (1) (42) (39) (3) (48 31) (5) (8) (36) (33 24) (32 11) (9) (10) (28) (6) (30 17) (15 2) (20) (23) (27 7) (14) (25) (19) (40) (12) (26) (37) (43) (29) (4) 
2 (7) (28) (43 35) (18) (24) (23 25) (3 32) (17) (21) (38) (12) (45) (9) (26) (42) (39 37) (20) (44) (11) (13) (10) (50 31) (47 8 40) (14) (36) (2) (1) (41) (19) (27) 
3 (23 4) (21) (42) (27 9) (11 45 18) (17) (36) (14) (25) (46) (30) (8) (34) (31) (3) (22 39) (7) (37) (41 10) (43) (44) (2) (1) (16) (6 29) (26) (13) (15 12 49) 
4 (31 44) (27) (45) (15 4) (13) (34) (23) (42) (17 19) (5) (39) (3) (26) (16 9) (30) (38 11) (20) (33) (22 10) (43 12) (40 18) (1) (47) (24 48) (41 21) (36 50) (32 8) 
5 (46) (25) (39 2 18) (6 4 23 40) (38) (42 7 24 1) (9) (48) (20) (29 37) (19) (50) (47 13) (32) (21) (5 27 28) (15) (30) (3) (34) (49) 
6 (49) (13 50) (18) (15 2) (45) (27) (28) (40) (25) (14) (33) (32) (26 22) (48 20) (12) (21) (11) (19 44) (39) (36) (30) (37) (4) (31 42) (29) (35) (10) (1 17 41) (43) (5) (23) (47 16) (34) (9) (3) 
7 (1) (48) (9) (6 36) (37) (17) (16) (28 7) (4) (41) (3) (21 31 10 24 18) (14) (12) (38) (2) (43) (33 50) (42) (46 32 23) (26) (29) (35) (47) (30) 
8 (31) (42) (15) (25) (23) (1 29 36 20) (6) (41 43) (33) (14) (48) (11) (4 13 32) (50) (2) (8) (30) (38) (12 19) (24 35) (26) (5) (45) (40) (49) (16) (44) 
9 (28) (7 40) (2) (6) (44) (23 47 9) (18) (4) (34 21) (46) (1) (14) (22) (48 33 35 36 24 39) (5) (43) (30 11 16 45) (26 41 50) (12) (15) (42) (38) (37 17) 
10 (7) (38) (45) (39) (18 31) (25) (30) (2 40 37) (46) (10) (15) (24) (17) (49) (35 22) (50 3) (41) (43 28 33 26 42) (13) (8) (4) (9) (12 21) 
11 (42 15) (14) (8) (48 29) (31) (20) (36) (24) (21) (22) (23) (6 47) (25) (10 26) (46) (16) (32) (3) (41 2) (43) (35) (11 5) (33) (49) (12) (13 18) (28 50) 
12 (5) (9) (22) (40 47) (50 48) (38 21) (10) (49) (3 34) (35) (27) (14 26) (46 16 2 6 45) (31) (15 43) (17) (8) (13) (19) (32) (30 7) (37) (44) (23 12) (28 11) (29) (33) 
13 (22) (5 3) (12) (20) (27) (29) (21) (35) (28) (15) (19) (41) (4) (43) (23 25) (1 44 16) (10) (2) (46) (50) (17) (24) (33 8 32 39) (26) (45) (30) (40) (9 49) (6) (11) (48) 
14 (50) (17 25 13) (28 40) (38) (4) (48) (45) (31) (32) (21 30) (22) (24) (27) (43) (18) (1 41) (10) (2 16) (3 19) (36) (46) (34 44) 
15 (33) (27) (43 6) (9 7) (26 32) (30 3) (14) (34) (1) (35 48 39) (10) (50 17) (15 29) (11) (47 8) (25) (22) (28) (42) (5) (16) (45) (41) (24) (38 23) 
16 (43) (8 22) (13) (39) (21 3 41) (49) (35 48 12) (9) (42 50) (26) (31) (28) (38 40) (32 1) (25) (16) (24) (20) (44) (11) (2) (34) (36) (10) (17 14 46) (30) (7) 
17 (19 11) (41 28) (3 26) (43) (29 21) (46 44) (27) (25) (49) (36 42 33 32) (48 13) (18) (24) (5) (22) (37) (30) (38) (2 7) (10) (14) (12) (45) (1) (50 17) (35) (9) 
18 (34 19 25) (47 33 36) (18 3) (1) (8 30) (50 27) (28) (44) (13) (43) (6) (31) (29) (24 41) (46) (21) (9 7 39) (49) (45 11) (2) (5 38 37) 
19 (48 44) (23 33 50) (38) (22) (29) (35) (31) (2) (25) (9 11 24) (8) (42) (21) (1 37) (36 15 27 26) (17 43) (34) (4) (41) (40) (14 30 32) (7) (45) (12) (20) 
20 (46) (2) (23) (37) (47 35) (7) (17) (5) (49 30 44 40) (25) (24) (21) (34) (18 19) (36) (4 50 29) (22) (11) (16) (8 9) (43 38) (20) (28) (26) (45 31) (1) (15) 
21 (32) (11 47) (6 5) (36) (26) (33) (44 35 34 14) (48 20) (2) (50) (19) (17) (10 49 39) (27 13) (29 12) (30) (42) (22) (15 8) (46 31) (16) (25) (24) 
22 (46) (25) (43) (28) (40 23 45) (18) (21 48 19) (26) (15 32 14) (13 4) (3 37) (7 31 5 8) (17) (44 50) (1) (10) (6 47) (22) 
23 (23 1 48 5 45 4) (41) (3) (22) (15) (25) (26 9) (6) (20 35) (50) (17 29) (21) (8) (31 18) (16) (27 46) (14) (44 2) (10 24) (11 47 43) (38) (30) 
24 (35) (1 39) (19) (22) (14) (46 38) (18) (49) (3 34) (31) (16) (45 13 47) (43) (15) (11) (8) (42) (48 27) (40 5) (7 2) (26) (50 32) (10) 
25 (38) (9) (1) (48) (28 13 46 8) (29) (4) (36) (16) (12) (40) (15) (45) (35 20) (2) (11) (39) (47) (25 49) (22 24) (33) (41 34) (7) (42 6) (18) (19) (31 10) (50) (30 44) 
26 (5) (15 44) (35) (6) (2 3 27) (50 14) (8) (4 31 25) (12) (19) (26) (42) (33 20 32) (24) (48 47) (43) (29 46) (1 10 28) (13 9) (11) (34 37) (38) (23) (16) 
27 (19 30) (47 32) (14) (23) (34) (2) (18 24 1 38) (27) (29) (10 17 9 46) (35) (15) (13) (16 25) (48) (28) (21 43 12 36) (8) (31 5) (41 50) (22) (37) (42) (44) (40) 
28 (10) (11 33) (3) (26) (44) (20) (7 21) (4) (8) (32) (30 35 43) (2) (5 45 42) (28 39) (29) (50 15) (36) (49) (1) (46 47) (22) (37) (38) (17) (9 12) (19) (34) (23) (16) 
29 (21) (37) (3 45) (13) (28) (18 5) (35) (17 23) (1 42) (38) (46) (4) (27) (19) (8) (36) (40) (12 50) (44 16) (43) (30) (47) (15) (7) (2) (49) (11) (25) 
30 (6) (20) (37 23) (27) (10) (11) (18) (36) (28) (47) (16) (50) (9) (26 44 22) (15 41 14) (2) (49) (4 3 8 42) (7) (12 32 48) (5) (38) (21) (24) 
31 (33) (36) (19) (10) (29) (30) (41) (24 37) (8) (14) (31) (45) (16) (6) (39 27) (21 32) (44) (17 34 48) (12 7 20) (4) (18 46) (26) (40) (43 38) (2) (1) (25) (5) 
32 (28) (33) (18) (25 7) (45 32) (21) (48) (47) (24) (11) (34 42 41) (43) (38) (46 35) (40) (49 44) (37) (31 19 10 17) (26) (14) (8) (3 12) (20) (15) (27) (13 50) 
33 (22) (9) (29) (3 35) (12) (41 10) (48) (13) (45) (31) (17) (11) (30) (16) (36 14) (38) (50) (26) (15) (23 47 28) (4) (24) (33) (25 8) (21) (19) (2) (5) (32) (43) (1) (20) (42) 
34 (49 46) (25 37) (22) (50) (4) (18) (40 10) (9) (28) (6) (42) (24) (33) (43) (31) (30) (36) (7 38 14) (44 15 29) (34) (27 2) (19) (48) (1 41) (20) (13) 
35 (37) (39) (9) (23) (38) (2 48) (10) (32) (43 31) (40) (33) (27) (1) (34 11 28) (24) (29) (47) (30) (42) (12) (46 8) (7) (20 3) (17) (16 36 15) 
36 (42) (50) (4) (33) (20) (26 12) (49) (29) (32) (6) (2) (16 8) (46) (11 22) (27) (34) (36) (39) (45 17) (10) (23) (13) (25) (31 15) (47 21) 
37 (48) (26) (3) (4) (22) (27) (25 13 40) (37) (32 39) (31) (12) (49) (30) (35) (21) (42) (23) (47) (10) (15 20) (1) (28 45 44 18 2 50 14) 
38 (2 39) (20 6) (29) (10) (8 49) (45) (36 40 34) (24) (31) (43 25) (4) (47) (41) (35) (42) (1) (18) (23 28) (5 26) (33) (16 37 19) (50 12) (48) (15) 
39 (48) (34 17) (2) (16) (46) (1) (44) (3) (7 26) (27) (50) (24) (36) (31) (14) (28 42) (47) (19) (10) (12) (43) (5) (6) (38) (29) (25) (15 45) 
40 (16) (32) (33) (47 34) (26) (38 39 44) (8) (17 21) (40) (19 49) (27 31) (13 18) (25) (12) (4) (6 36 14 9 48) (24) (22) (10 28) (20 43) (35) (2) 
41 (48 2) (16) (5) (47 20 45 31) (4) (18) (49) (14) (15) (42) (24 19 36) (44) (30) (11 22 17) (28) (37 50) (46) (43) (29) (12) (41) (6) (1) (26) (25 34) (35) (9) 
42 (30) (5) (41) (21) (48 35) (37 50) (28) (1 31) (22 23) (14) (34) (6 33) (4 17) (42) (32 25) (16) (40 15 12) (8) (46 43 20) (29 39) (24 36) (26) (27 13) 
43 (38) (45 29) (1 4) (28 27) (5) (30) (13) (14) (43 15) (34 41) (49) (39) (2) (18) (11) (25) (44 50 19 37) (9) (26 35) (3) (46) (12 40) (33 17) 
44 (10) (14) (19 1 12) (4) (16) (44) (48) (9) (49) (43) (24 11) (18) (33 38) (5) (35) (7) (21) (31) (41 27) (36) (37) (22) (20) (40 2) (28) (25) (17 29) (34) (50) 
45 (23) (38) (18 47 28 30) (25 16) (50) (48) (31) (6 33 26 24) (17) (15) (21) (39) (1 4) (3) (49 10) (29 35) (9) (13) (36) (41) (37 8) (42) (22 12) (34) 
46 (5) (29) (19) (14) (4) (12) (3 46) (1) (10 34 21) (48 16) (27) (36) (38 15) (18 35) (50) (17) (20) (9) (23 44 28) (39) (43) (49) (41) (25) (8) 
47 (46) (21) (22 9 29 11 16) (15 20) (32) (14 25 44) (8) (38) (33) (43) (42) (7) (37) (28 30) (23) (2) (3) (41) (40) (36) (34 13) (45) (27) (31 18) (47) (5) (6) (48) (49) (4) 
48 (10) (46) (5) (29 42) (2 50 21) (15 3 47) (28) (17 35 24) (34) (20 31) (41) (40 16 12) (30) (36) (37) (1) (13) (27) 
49 (12) (50) (36) (45) (11) (30) (31) (34) (29) (48) (23) (8) (43) (27) (22 47) (39) (6) (33) (4) (35) (10) (17) (15) (16) (5) (9 1) (2) (38) (41 46) (37 40) (25) (42) 
50 (4) (28) (44) (21) (26 8 38) (45) (39) (9) (23) (15) (12) (19) (41) (20) (1) (50) (32) (30 22 11) (17) (5) (33 29 43) (13) (3) (42) (49) (37) (6 36) (14 10) 
1 (2) (13) (48) (5) (19) (49) (44) (14) (46) (17) (22) (35) (18) (39) (33) (26) (37) (7) (42) (6) (20) (15) (45) (41) (50) (34) (29) (27) (28) (8) (1) (16) (24) (25 23) (31) (4 9) (3) (43) (38) 
2 (23) (49) (8) (27) (47) (14) (18) (9) (2) (37) (21) (44) (6) (33) (25) (38) (48) (10) (16) (13) (19) (41) (40) (5) (28) (26) (11) (7) (24) (34) (30) (43) (29) (17) (1) (20) (39) (35) (36) (31) (3) (12) 
3 (1) (4) (30) (50) (6) (11) (39) (32) (29) (33) (37) (35) (23) (3) (43) (12) (5) (22) (2) (14) (46) (45) (24) (26) (17) (13) (18) (16) (7) (10) (15) (48) (47) (28) 
4 (9) (31) (38) (30) (13) (1) (8) (40) (46) (33) (10) (50) (5) (25) (3) (34) (43) (28) (49) (29) (26) (7) (22) (20) (44) (23) (41) (36) (42) (6) (19) (47) (14) (45) (37) (4) 
5 (26) (27) (29) (4) (21) (42) (17) (5) (30) (49) (22) (38) (28) (9) (50) (44) (24) (18) (20) (31) (39) (41) (12) (23) (43) (15) (33) (13) (46) (8) (11) (48) (47) (6) (1) 
6 (38) (31) (49) (1) (34) (39) (7) (42) (8) (26) (5) (11) (45) (3) (15) (13) (18) (12) (21) (9) (47) (36) (22) (25) (41) (40) (50) (23) (30) 
7 (16) (47) (18) (22) (7) (9) (35) (32) (15) (30) (12) (29) (31) (44) (19) (34) (1) (20) (17) (24) (25) (5) (39) (3) (2) (28) (10) 
8 (32) (15) (29) (26) (13) (46) (35) (22) (31) (42) (18) (47) (19) (30) (49) (12) (16) (8) (25) (23) (2) (38) (20) (4) (21) (10) (28) (11) (50) (24) (33) (1) (40) (3) (36) (27) (45) 
9 (47) (1) (49) (19) (13) (46) (23) (12) (50) (5) (28) (9) (6) (3) (27) (20) (2) (35) (41) (4) (43) (15) (30) (7) (40) (34) (45) (26) (25) (18) (16) (33) (44) (17) (10) 
10 (48) (32) (27) (17) (33) (3) (40) (7) (31) (6) (39) (23) (45) (37) (50) (4) (13) (46) (49) (22) (34) (11) (44) (26) (1) (12) (24) (38) (14) (10) (2) (21) (30) (36) (15) (25) (35) (16) (28) 
11 (36) (43) (26) (16) (1) (41) (12) (23) (4) (21) (19) (30) (17) (35) (2) (11) (44) (47) (28) (8) (3) (9) (33) (18) (25) (50) (24) (49) (29) (6) (20) (13) (32) (15) 
12 (21) (49) (28) (43) (19) (48) (7) (8) (12) (46) (39) (27) (11) (31) (4) (1) (35) (16) (36) (41) (32) (40) (29) (44) (38) (3) (42) (30) (13) (26) (17) (9) (25) (10) (2) (50) (37) (6) (45) (33) 
13 (17) (43) (8) (14) (12) (10) (24) (48) (27) (18) (34) (40) (45) (36) (50) (11) (47) (16) (4) (32) (33) (42) (5) (26) (2) (3) (6) (22) (21) (29) (37) (25) 
14 (23) (15) (37) (1) (41) (31) (34) (17) (44) (42) (9) (27) (47) (50) (39) (12) (22) (46) (3) (2) (6) (16) (21) (33) (19) (7) (30) (43) (26) (40) (8) (11) (32) (24) 
15 (25) (6) (8) (10) (47) (50) (24) (49) (27) (46) (11) (21) (5) (12) (13) (23) (32) (26) (22) (29) (33) (19) (30) (43) (4) (20) (9) (37) (48) (3) (28) (36) (42) (38) (1) (15) (39) (41) (35) (34) (45) 
16 (4) (25) (28) (20) (36) (9) (11) (27) (15) (31) (33) (6) (29) (48) (39) (44) (46) (47) (38) (3) (42) (35) (12) (26) (13) (49) (40) (16) (24) (7) (23) (41) (14) (45) (8) (21) (30) 
17 (13) (36) (29) (33) (39) (22) (4) (6) (50) (48) (28) (15) (43) (32) (16) (7) (23) (46) (14) (1) (27) (21) (20) (10) (42) (19) (12) (3) (2) (31) (41) (17) (49) (35) (9) (40) (45) (44) 
18 (2) (46) (30) (18) (1) (34) (5) (11) (14) (4) (20) (6) (37) (44) (47) (32) (17) (38) (25) (7) (10) (22) (31) (23) (45) (40) (43) (27) (29) (9) (24) (41) (3) 
19 (39) (24) (40) (27) (29) (32) (20) (28) (43) (8) (17) (46) (21) (1) (14) (4) (38) (34) (2) (26) (12) (6) (18) (44) (41) (33) (50) (5) (25) (22) (13) (31) 
20 (30) (16) (25) (32) (40) (13) (47) (21) (4) (20) (41) (46) (33) (37) (1) (2) (38) (34) (31) (19) (50) (44) (26) (42) (28) (23) (48) (11) (6) (36) (5) (8) (35) 
21 (33) (27) (45) (31) (40) (16) (11) (23) (47) (10) (3) (48) (37) (20) (29) (30) (6) (36) (13) (50) (7) (12) (32) (18) (1) (44) (4) (2) (46) (5) (28) (19) (9) (14) (17) (22) (42) 
22 (45) (25) (49) (12) (47) (10) (17) (6) (27) (30) (13) (23) (24) (40) (34) (15) (4) (11) (50) (20) (33) (19) (36) (44) (3) (22) (16) (14) (9) (21) (42) (28) (37) (41) 
23 (37) (19) (7) (23) (47) (38) (36) (26) (49) (30) (28) (50) (3) (35) (22) (11) (5) (12) (9) (42) (27) (13) (15) (29) (45) (1) (6) (20) (46) (4) (2) (8) (33) 
24 (8) (33) (41) (35) (5) (23) (19) (45) (39) (4) (2) (27) (38) (1) (44) (14) (9) (32) (31) (30) (10) (21) (11) (48) (16) (15) (7) (25) (20) (26) (13) (40) (18) (42) (17) (34) 
25 (11) (29) (20) (49) (21) (19) (13) (47) (18) (6) (23) (38) (40) (2) (42) (41) (5) (8) (14) (31) (44) (1) (25) (17) (45) (43) (3) (22) (10) (39) (27) (26) (33) (15) (34) (32) (16) (46) (36) (37) 
26 (8) (4) (21) (17) (23) (32) (36) (41) (38) (43) (45) (7) (33) (31) (1) (11) (10) (9) (22) (30) (40) (26) (15) (16) (37) (24) (39) (3) (42) (13) (50) (20) (6) (2) (12) (28) (19) 
27 (49) (47) (18) (27) (14) (29) (30) (43) (5) (21) (32) (42) (40) (13) (12) (2) (15) (44) (26) (39) (36) (34) (6) (23) (37) (1) (46) (48) (17) (4) (24) (35) (19) (3) (31) 
28 (14) (46) (22) (35) (5) (40) (15) (1) (34) (30) (13) (10) (11) (26) (12) (28) (47) (38) (39) (6) (16) (42) (2) (7) (45) (37) (20) (50) (27) (18) (29) (32) (44) (41) (25) (17) (48) (43) (33) (9) 
29 (26) (33) (1) (13) (27) (3) (19) (34) (45) (36) (11) (21) (25) (5) (47) (44) (15) (20) (43) (48) (18) (12) (7) (49) (31) (46) (38) (17) (50) (35) (39) (8) (28) (41) (6) (42) (23) 
30 (31) (18) (7) (47) (28) (33) (8) (49) (1) (6) (13) (15) (12) (5) (42) (29) (50) (21) (48) (17) (9) (20) (27) (41) (23) (43) (35) (45) (37) (4) (16) (10) (34) (14) (25) (19) (3) 
31 (16) (21) (7) (1) (26) (32) (34) (24) (20) (6) (42) (33) (37) (38) (8) (44) (25) (19) (41) (48) (45) (22) (12) (47) (10) (11) (3) (2) (35) (31) (14) (36) (27) (23) (49) (40) (18) (39) (4) 
32 (35) (50) (1) (37) (36) (31) (2) (4) (8) (47) (19) (33) (15) (40) (24) (26) (13) (5) (30) (14) (12) (7) (27) (17) (6) (32) (28) (11) (22) (21) (16) (42) 
33 (10) (42) (18) (8) (6) (49) (7) (47) (38) (43) (25) (34) (21) (13) (19) (35) (11) (32) (45) (36) (31) (26) (44) (33) (15) (4) (50) (17) (1) (12) (9) (28) (40) 
34 (49) (43) (44) (12) (20) (4) (16) (38) (42) (41) (31) (36) (5) (6) (24) (1) (26) (47) (21) (48) (39) (28) (14) (19) (27) (45) (34) (40) (46) (3) (9) (35) (18) (32) (15) (25) 
35 (24) (23) (49) (2) (29) (46) (13) (41) (12) (21) (10) (28) (43) (27) (19) (16) (32) (37) (8) (17) (42) (44) (40) (48) (6) (20) (38) (11) (33) (15) (25) (7) (45) (9) (26) 
36 (17) (9) (4) (19) (50) (44) (8) (48) (39) (18) (20) (27) (47) (6) (41) (40) (33) (30) (11) (29) (45) (28) (49) (7) (38) (3) (16) (14) (42) (1) (35) (21) (36) (34) (2) (46) (25) (31) 
37 (49) (18) (48) (22) (37) (43) (19) (5) (50) (7) (47) (1) (35) (2) (3) (20) (28) (38) (27) (41) (34) (45) (12) (9) (17) (31) (29) (44) (42) (30) (6) (32) (26) (10) 
38 (32) (9) (10) (25) (16) (15) (5) (19) (26) (27) (45) (40) (14) (34) (49) (33) (31) (4) (2) (28) (18) (20) (30) (12) (23) (8) (44) (39) (43) (35) (46) (29) (50) (7) (17) (47) (24) 
39 (25) (36) (18) (21) (40) (38) (5) (2) (35) (49) (1) (45) (15) (9) (37) (31) (13) (3) (46) (42) (4) (6) (10) (16) (28) (50) (43) (24) 
40 (5) (44) (40) (14) (27) (19) (20) (12) (35) (1) (47) (8) (43) (24) (22) (37) (31) (16) (25) (4) (42) (34) (29) (32) (48) (38) (6) (9) (13) (49) (2) (10) 
41 (45) (3) (46) (44) (48) (27) (41) (8) (49) (4) (9) (33) (6) (32) (16) (34) (30) (15) (23) (14) (50) (43) (2) (19) (31) (38) (13) (47) (7) (10) (42) (25) (18) (17) (11) 
42 (37) (28) (50) (47) (48) (3) (35) (8) (4) (2) (15) (29) (45) (24) (34) (1) (49) (19) (10) (17) (27) (6) (42) (32) (36) (16) (41) (39) (9) (7) (38) (33) (26) (11) (25) (30) (21) (5) 
43 (33) (34) (24) (14) (9) (18) (12) (50) (46) (49) (43) (41) (27) (39) (44) (2) (3) (4) (15) (29) (26) (11) (20) (35) (38) (7) (23) (42) (28) (6) (47) (10) (8) (13) (16) (1) (19) (22) (17) (40) (31) (32) 
44 (41) (44) (2) (30) (37) (1) (23) (47) (40) (13) (22) (3) (32) (43) (39) (26) (34) (28) (21) (27) (16) (17) (14) (20) (25) (18) (6) (50) (4) (9) (12) (31) (29) (8) (46) (19) 
45 (29) (38) (4) (24) (13) (50) (25) (39) (3) (36) (23) (17) (9) (33) (6) (8) (20) (15) (2) (19) (28) (43) (41) (47) (10) (32) (22) (14) (18) (37) (49) (12) (31) 
46 (23) (46) (27) (26) (43) (5) (25) (16) (28) (47) (39) (18) (9) (11) (14) (31) (36) (20) (3) (12) (10) (17) (24) (21) (48) (49) (42) (32) (7) (22) (29) (13) (34) (41) (35) 
47 (7) (37) (27) (26) (45) (38) (32) (15) (11) (22) (25) (39) (4) (5) (9) (24) (23) (36) (29) (48) (18) (20) (30) (12) (6) (28) (49) (2) (47) (35) (40) (41) (33) (21) 
48 (34) (5) (49) (33) (12) (24) (46) (13) (11) (16) (15) (23) (30) (40) (25) (21) (31) (8) (1) (26) (38) (35) (9) (22) (6) (4) (32) (41) (37) (42) (27) (7) (44) (45) (47) (14) (17) (39) (19) 
49 (3) (41) (45) (8) (36) (25) (43) (34) (40) (24) (12) (21) (32) (47) (20) (37) (6) (46) (17) (44) (18) (28) (38) (50) (10) (13) (5) (29) (11) (16) (30) 
50 (11) (22) (46) (32) (42) (28) (20) (2) (37) (33) (18) (21) (27) (41) (48) (17) (44) (36) (13) (12) (25) (4) (30) (8) (16) (49) (15) (29) (7) (10) (24) (23) (5) (39) (6) (26) (9) (45) (19) (34) (38) (43 50) (14) 
