0
50
50
1 (30 17 26) (13) (34) (48 32 12) (10 41 7) (35 24) (20) (25) (22 42 23) (5) (36) (14) (9) (38) 
2 (15) (30 29 14) (47 39) (17) (40 26) (7) (3) (2) (49) (32 21) (36 35) (1) (25) (18) (24) (12 44 45) 
3 (49) (48 1) (26) (32) (33) (19) (4 29) (45) (11 3) (8) (12) (18) (38) (5 13 47) (31) (35) (50) (7) (46 14 23) 
4 (49 28) (21) (24) (44) (5 25) (22) (4) (17) (14) (31) (41) (8) (19 7) (47 37 33 40) (18 43) (46 20) 
5 (48) (14) (32) (17) (19) (49) (4 7) (43) (11) (15) (27) (28) (20) (23) (46 9 8) (35) (41) (37 42) (45) 
6 (48) (37 18 15) (33) (47 17 28) (40) (49 44) (12) (36 42) (7 10 25 23) (8) (30) (14 19) (5) (41) (27 26 9) (11) 
7 (22) (41) (50 48) (9) (16) (24) (20) (30) (34) (13) (17 21 11) (6 33) (37) (4 14 12) (28 8) (35 44) (39 26) (18) 
8 (19) (39) (32 20) (41) (30 5) (48) (17) (9 45) (11) (10 1 40 2) (34) (4) (23) (26) (43) (38 50) 
9 (5) (35) (38 26) (24 17) (50 41) (22) (40) (39 28) (47) (11 9) (31) (43 49 34) (4) (13) (20 23) 
10 (33) (12 24) (40) (26) (23) (19 8) (29 22) (10) (43) (9) (45) (37) (16 25) (39) (6) (50) (34) (27) (15 17) 
11 (2) (6 19) (38) (10) (50 5) (18) (16) (21) (31 23 35) (36 48) (44) (47) (4 13) (34 42) (3) (20) (27 12) (15) (24) (9) (8) 
12 (4) (21 29 45) (40) (7) (14) (50) (31) (28 38) (12) (48) (1) (6) (33 46) (20) (10) (35) 
13 (44 23) (37 31) (33) (18) (40) (27) (28 14 30 34 11 3) (10 19) (21) (35) (36 50) (43 20) (49) 
14 (27) (46 20) (18) (47) (26 13 42) (12) (1) (44) (45) (37) (43 30 48) (2) (21 9) (32) (22 38) (10) (16) (49) (40) 
15 (35) (17 22) (6 15 26) (9) (46) (34 18 7) (41) (29 20) (43) (27 38 42 1 37 33) (30) (21) (2) 
16 (25 9) (11) (46 24 10) (5) (23) (26) (18) (38 34) (22) (2) (47) (12) (31 33) (17) (20 37) (41) (36) (27 8) (50 28) (48 30) (39) (14) 
17 (4 38 50) (41) (23 34) (1) (7) (28) (35) (45) (24) (2) (18) (11) (16) (49 44) (17) (48) (43) (14) (30) 
18 (36 45 9) (30) (6 37) (34 22) (25) (23 47) (21) (42 5) (48 35) (39 15 26) (27 31 14) (24) 
19 (8 44) (42) (36) (10) (43) (38) (35) (7) (26 3) (4 33) (18 37 16 1) (11 31) (34) (48 27) (49) (5 13 29 12) (28) 
20 (3 31 14) (38 34) (28) (15) (23) (26 42) (6) (16) (20) (46) (19) (12) (44) (45 39 41 21 17) (49) (24 18) (35) (48) (9) (7) (13) (40) (11) 
21 (29) (21) (9) (16) (8) (40) (25) (30 17) (14) (15) (3) (12) (31 28) (7) (1 37) (20) (38) (19) (22 49) (32) 
22 (46) (47) (36) (38) (23) (35) (29) (2) (18 15 13) (33) (25) (17) (19 1) (31) (26 14) (49) (5) (11) (50) (10) (3) (9) 
23 (4) (17) (26) (21) (37 5 38) (48 30) (46) (41 16) (19 43) (2) (3) (34) (10) (32) (33) (8) (12) 
24 (33) (46) (10) (42) (24 9) (19) (15) (18) (21) (5) (32 37 4) (40) (25) (29 23) (36) (22) (13) 
25 (50) (46) (10) (28) (18) (45) (48) (35) (3) (11) (30 21) (17 37) (13) (12) (4 14) (29) (5) (19) (22) (27) (25) (47) (40) (15) (8 16) 
26 (31) (12) (47) (8) (38) (39) (49) (10) (32) (48) (43) (14) (29) (50) (25) (34) (4) (5) (26) (24 42) (15) 
27 (41 47 37) (28) (10) (12) (14) (29) (7) (45 33) (40) (34 6 46 11) (3 27) (21) (1 31) (43) (19) 
28 (19 39 4 35) (26) (3) (40) (25) (43) (21) (11) (49) (32) (48) (10) (14 37 17 30) (16) (34) (44) (36) (38 50 24) 
29 (35) (31 8) (21) (28 48) (43) (22 16 13) (3) (24) (20) (30 34) (18) (46 12) (40) (5) (45 14) (6) (7 44) 
30 (36) (43) (6 12) (29) (18) (13) (7 42) (16) (32 47 50) (11 15) (38) (41 20 3 17) 
31 (45 28 35 34) (27) (46) (37) (7) (48 19) (29) (22) (26 30 10) (31) (20) (41) (16) (5 14) (2) (13 15 50 11) 
32 (12) (6 4) (2) (38) (18 44) (25) (21) (16 23) (26) (48 11) (28) (8) (27) (42 14) (15 46) (9) (33) (40) (3) (49) 
33 (37 10) (6) (5 48) (30) (23 20) (8 26) (41 25) (46) (35 17) (29) (4) (39 40) (28 47) (33) (22) (7 19) 
34 (48) (32 8) (5) (3) (1 47) (49 6 22) (23 9) (39 27) (38) (43) (12 11) (45 18 20) (40) (31) 
35 (47) (17 33) (50) (46) (15 34) (29) (49) (9) (23) (48 5) (35) (12 22 39) (11) (7) (20) (1 14) (26 38) (24 19) (25) (10) 
36 (29) (27 17) (31) (14 22 49) (11) (33 18) (13 2) (45) (50 42 10 7) (48) (35) (39 41) (25 6) (40) (24) 
37 (5 26) (4) (27) (36) (30) (40) (45) (11 24) (12 17) (18) (21) (47) (19) (43 31 6) (41 34 33) (10) (16) (29) (38) (28) (50 48 35) 
38 (4) (50) (19) (46 42 12 26 15) (1) (9) (41 31 2) (18 16 37) (29) (36) (23) (13 21 11) (39) (3) (14) (49) 
39 (6) (18) (15 25) (5) (32 35) (10) (16 3 26) (33 29) (20) (31) (30 1) (36) (46 27) (14) 
40 (37) (33) (48) (13) (21) (23) (41 2 12) (4 39 34) (19 43 25 38) (49) (50) (5 36) (42 9) (28 32 1) (14 27) 
41 (8) (28 27) (43) (47 49 21) (9) (18) (14 1) (44) (7) (11) (37) (4) (36) (41 32) (31 26 50 46) (5) (33) (35 12) (38) (30) 
42 (24) (8 14) (30 18) (20) (31 50) (32) (27) (29) (35) (34) (42) (13) (47) (15) (23 28) (19) 
43 (37) (22 41) (26) (45) (23 5 13 15) (4 29) (20) (36) (17) (9) (42 21) (40) (49) (43 46 1) 
44 (30) (39 6 8) (4) (26) (13) (20) (18 44) (49) (5) (1) (33) (22) (45) (35) (12 42 32) (24) (40 27 17 25) 
45 (9) (16) (39 13 48 41 21 18) (33) (19) (30) (5) (34) (24) (1 37) (50 46) (2) (8) (20) (7) (29 27 3) 
46 (9 1) (22) (14) (19) (16 26) (49 48) (12) (3) (27) (41 47) (37) (33) (4 11) (44) (46) (5) (25) (34 17) (10) 
47 (50) (5 10 20 40) (23) (44) (37) (31) (36) (33) (21) (48 30) (28) (18) (11 19 46) (14) (45) (38) (13) 
48 (5) (16) (33) (6) (37) (26 46 31) (48) (20 43 44 34) (36) (40) (4) (2) (17 8) (7 30) 
49 (16) (32) (8) (23) (11) (44) (25 40) (13) (29) (17 14) (28 24 26 50 35) (43) (48) (36) (39 49) (9) 
50 (27) (32) (33 46 38 44) (9) (48 35) (13) (36) (1) (21) (43) (7) (25) (15 40 10 30) (19) (41) (34) (23) 
1 (2) (15) (40) (41) (19) (17) (45) (22) (50) (44) (46) (8) (35) (14) (34) (21) (27) (3) (38) (39) (43) (12) 
2 (32) (8) (11) (38) (23) (2) (16) (36) (31) (14) (15) (48) (17) (40) (22) (45) 
3 (27) (45) (20) (19) (34) (39) (11) (22) (29) (46) (3) (30) (38) (2) (21) (23) (25) (28) (13) (32) 
4 (17) (3) (9) (41) (33) (38) (7) (23) (28) (40) (37) (12) (46) (8) (11) (44) (5) (4) (43) (24) (19) (25) (32 48) (26) 
5 (3) (39) (34) (48) (33) (4) (31) (22) (26) (16) (41) (6) (9) (40) (18) (35) (37) (8) (23) (44) (24) (45) (46) (11) (25) (29 47) (1) (19) (43) 
6 (37) (34) (11) (20) (29) (36) (12) (7) (18) (27) (39) (48) (44) (30) (32) (33) (10) (15) 
7 (50) (41) (3) (4) (30) (35) (21) (6) (20) (27) (5) (33) (48) (45) (2) (29) (19) (31) (1) (36) (15) (17) (12) 
8 (4) (26) (45) (21) (41) (44) (10) (48) (42) (11) (49) (23) (16) (6) (7) (34) (33) (5) (32) (29) (25) (19) (3) 
9 (46) (15) (35) (16) (40) (1) (38) (21) (43) (7) (50) (11) (49) (24) (41) (20) (8) (22) (6) (34) (45) (5) (9) (14) (10) (18) (32) 
10 (46) (25) (16) (8) (22) (24) (23) (37) (10) (6) (28) (12) (39) (1) (11) (33) (27) (14) (26) (47) (35) (36) (31) (13) (19) (50) 
11 (13) (36) (37) (5) (30) (32) (34) (25) (35) (28) (41) (7) (46) (20) (9) (16) (8) (38) (6) (31) (47) (19) (22) (27) (3) (17) (49) 
12 (16) (32) (37) (46) (34) (27) (29) (41) (2) (44) (12) (25) (19) (30) (11) (23) (35) (7) (20) (40) (38) (3) (10) (26) (1) (6) (21) (14) 
13 (24) (14) (22) (43) (20) (45) (36) (30) (40) (49) (44) (3) (38) (29) (31) (9) (50) (7) (11) (47) (19) (25) (1) (42) 
14 (16) (5) (32) (27) (3) (41) (18) (35) (28) (12) (22) (42) (4) (13) (46) (38) (1) (36) (21) (17) (7) (31) (6) (49) (29) (2) (25) (40) (47 26) (39 20) 
15 (30) (22) (39) (11) (25) (2) (18) (50) (15) (5) (38) (42) (24) (10) (43) (6) (35) (31) (32) (21) (26) (20) 
16 (29) (21) (48) (19) (39) (37) (11) (14) (38) (25) (31) (17) (49) (23) (28) (45) (32) (30) (7) (46) (10) (20) 
17 (8) (28) (44) (33) (49) (46) (7) (36) (30) (2) (37) (4) (35) (23) (16) (20) (21) (10) (43) (9) (5) (48) (17) (22) (6) (1) (15) (25) 
18 (4) (38) (25) (36) (32) (16) (24) (22) (11) (13) (14) (44) (6) (34) (42) (2) (45) (17) (47) (30) (41) (19) (7) (37) (39) (29) (3) (20) (15) 
19 (21) (3) (13) (33) (10) (37) (24) (42) (40) (45) (11) (6) (31) (50) (20) (28) (27) (8) (46) (35) (47) (25) (4) (5) (38) (23) (22) 
20 (31) (8) (45) (30) (1) (21) (4) (16) (13) (47) (7) (5) (9) (44) (12) (42) (20) (29) (33) (34) (39) (43) (48) (15) (35) (11) (14) 
21 (37) (28) (50) (41) (25) (38) (2) (27) (21) (47) (40) (15) (12) (18) (20) (32) (29) (14) (11) (23) (13) (7) (4) (45) (24) (43) 
22 (36) (15) (29) (25) (1) (14) (33) (7) (18) (43) (46) (35) (21) (34) (4) (9) (44) (31) (16) (10) (24) 
23 (33) (3) (35) (1) (10) (22) (9) (8) (11) (20) (43) (40) (6) (42) (17) (38) (32) (13) (50) (18) (16) (49) (24) (34) (5) (47) 
24 (20) (24) (26) (28) (2) (42) (4) (36) (44) (16) (35) (45) (17) (49) (37) (9) (11) (1) (10) (7) (29) (18) 
25 (2) (18) (4) (1) (25) (49) (32) (28) (46) (35) (16) (50) (39) (10) (24) (22) (33) (21) (40) (36) (26) (44) (6) 
26 (37) (8) (10) (15) (3) (20) (6) (23) (28) (44) (9) (16) (48) (1) (46) (35) (19) (39) (43) (22) (41) (32) (31) (26) (49) (14) (7) (18) (33) (2 38) 
27 (40) (46) (13) (14) (34) (44) (42) (41) (11) (27) (25) (6) (37) (31) (16) (45) (39) (10) (19) (50) (15) (32) (5) (18) (36) 
28 (7) (21) (20) (6) (32) (19) (16) (25) (13) (37) (40) (5) (27) (29) (47) (42) (4) (49) (9) (41) (31) (12) (33) (17) 
29 (31) (25) (10) (49) (43) (12) (35) (24) (36) (30) (39) (3) (38) (21) (27) (22) (37) (2) (45) (26) (19) (15) (33) (42) 
30 (42) (2) (25) (16) (8) (47) (31) (7) (37) (1) (45) (6) (23) (18) (14) (15) (28) (50) (33) (17) (21) (39) (44) (48) (41) (13) (29) 
31 (19) (42) (37) (3) (36) (48) (29) (21) (18) (38) (47) (12) (26) (4) (9) (13) (31) (34) (27) (11) (39) (41) (20) (22) (16) 
32 (50) (26) (41) (28) (23) (8) (2) (14) (42) (44) (34) (40) (24) (49) (5) (21) (30) (39) (3) (1) 
33 (45) (33) (27) (16) (41) (40) (7) (24) (12) (22) (47) (19) (44) (48) (4) (37) (6) (46) (13) (36) (15) (39) (35) (10) (32) (3) (23) (50) 
34 (15) (1) (50) (29) (8) (42) (31) (35) (10) (9) (18) (27) (11) (28) (46) (23) (48) (20) (40) (7) (16) (19) (37) (17) (13) (45) (26) 
35 (44) (42) (25) (13) (35) (7) (31) (18) (39) (36) (37) (2) (15) (28) (33) (3) (20) (1) (29) (5) (17) (50) (49) (19) (22) (41) (9) (12) (11) 
36 (30) (22) (11) (6) (19) (37) (38) (24) (18) (43) (41) (49) (16) (2) (48) (13) (28) (39) (50) (40) (1) (47) 
37 (10) (43) (46) (21) (48) (33) (13) (25) (6) (15) (16) (7) (14) (4) (5) (47) (40) (28) (23) (31) (27) (18) (19) (24) (45) (41) (38) 
38 (30) (23) (17) (28) (40) (34) (21) (12) (47) (16) (20) (37) (22) (8) (19) (11) (9) (1) (26) (32) (35) (14) (15) (41) (3) (50) 
39 (45) (8) (38) (16) (35) (33) (7) (2) (20) (40) (44) (34) (36) (26) (9) (49) (18) (10) (28) 
40 (13) (49) (6) (37) (44) (10) (36) (4) (47) (33) (9) (48) (34) (25) (14) (24) (43) (20) (2) (28) (12) (50) (32) (27) (21) (8) (29) 
41 (15) (50) (6) (43) (36) (37) (16) (31) (46) (33) (30) (20) (8) (17) (23) (38) (9) (7) (27) (45) (4) (1) (5) (41) (40) 
42 (18) (26) (42) (15) (40) (36) (1) (43) (6) (19) (30) (5) (38) (20) (14) (11) (32) (24) (44) 
43 (27) (50) (26) (23) (15) (13) (34) (17) (19) (8) (14) (30) (48) (37) (49) (43) (40) (9) (41) (28) (4) (29) (5) (10) 
44 (47) (48) (6) (20) (19) (29) (11) (17) (32) (46) (41) (7) (49) (14) (44) (4) (13) (28) (50) (2) 
45 (12) (14) (5) (43) (17) (18) (25) (3) (20) (36) (29) (44) (8) (34) (10) (37) (47) (2) (27) (31) 
46 (16) (31) (38) (25) (29) (4) (22) (20) (12) (23) (5) (27) (46) (47) (45) (14) (35) (15) (39) (33) (32) (48) (50) (3) (43) (41) (24) 
47 (11) (14) (37) (3) (2) (46) (30) (33) (41) (9) (27) (25) (16) (6) (42) (22) (34) (4) (35) (26) (18) 
48 (45) (40) (8) (33) (3) (20) (50) (1) (48) (46) (28) (14) (26) (16) (18) (34) (11) (35) (7) (49) (37) (29) (12) (17) (32) (31) (47) (36) (5) (25 6 23) (19) 
49 (5) (19) (46) (44) (3) (20) (17) (41) (2) (28) (22) (9) (21) (32) (38) (6) (35) (4) (36) (14) (26) (43) (13) (40) (34) (49) 
50 (16) (3) (22) (41) (11) (7) (9) (40) (49) (31) (45) (13) (26) (42) (8) (10) (47) (38) (30) (35) (12) (25) (36) (37) (28) (17) 
