0
50
50
1 (48 37) (47 8) (39 45 17 42) (50 23 21 10 26 46) (16 3) (14 44 2 6 7 24) (25 31 4) (35 30) (41 49) (13) (32) 
2 (42 40) (11 49 41 30 3) (47 7 34 8 4 35 21 13 10 50) (22 18 12) (46 28 31) (32 6 16 29 27 14) 
3 (29 46) (21 43 42 32 9 34 8) (48 49 26 24 11 36 39 50 10 25 23 4 47 44 45) (38) (37) (41 2 13 7) (40) 
4 (26 6 10) (48 30 42) (19 32 8 20) (24) (49 34 27 44 45) (41) (25 14 17 22 5 18 3 38 16) 
5 (38 29 20 28 7 36 40 21 10 48) (24 18 43 30 27) (44 33 45 5 11 41 6 1 35 13 19) (32 31 26) (22 8 34 50) 
6 (23 19 16 26) (44 3 13 7) (43 39 8) (9 10 15 45 38) (34) (41 27) (22 18 30) (50 24 33 35 1 14) (28 29 36) 
7 (41 26 6 13) (7 49 29 5 12) (18 17 35 50 2 31 21 32 11 8) (24 1) (43) (36 27 34 25) (9 42) (40) 
8 (35 25 1) (47 38 46) (32 50 28 8 23 16 11 26 13) (36) (15 33 21 14) (18 20 22 19 12 49 39 10 41) 
9 (36 45) (47 40 7 28 13 9 6 21 17 23 44) (10 1) (22 30) (41 37 18) (5 8 29 43 38) (3 39 11 2 15 50) (32 12) 
10 (50) (26 20) (14 43 22) (32 49 47 30 19 5 24 27 36 45 12 34 35 40 8) (44 3 33 48) (28 6) 
11 (27 50) (6 18 16) (19 43) (38 10 1 36 25 9 17 30 28 29 44) (41 24) (39 13 49 20) (31 48 4 5 42) (14) 
12 (48 46 12 20 45 19 33 29) (4 25) (14 15 28) (42) (35 8 34 50 3 1 38 40 6) (31 39 27) (44 16 37 47 43 11 32) 
13 (45 26 44 34) (10 3 48) (43 27 25 20 30 42 29 15 14 49 24 38 16 5 32 8 7 23 37 41) (21 35) (28) 
14 (13 16) (45) (11 29 1 32 2 10 49 21) (19) (31 9) (40 36 46 30 47 50 23) (7 28 35 3 20 44) 
15 (26 8 16) (38 40 48 17 47 32 1 23 27 29 11 14 6 46 15) (20 5 49 9) (31 30 35 44 34 33) (36 22) (41 37 39 7 21 3 18 13) 
16 (6 10 7 48) (32 17 29) (22 9 14 42 5 26 23 31 15 21) (1) (36 34) (45 12 50) (38) (30) (44 41 2) (3) (47 13 16) 
17 (34 13 50 12 21) (24 30 23) (40 6) (33 17 14) (5 18 28 22 7 38 46 16 35 8) (41 48 45) (36 43 37 26) (3 44 29) 
18 (6 31) (35 29 3 32 14 1 38 48 25 10 12 19 8 44 46) (22) (17 20) (9 23 18) (5 34 47) (41) (7 13 39) (21 24) 
19 (35 37 17) (31 30 28) (48 44) (7) (41 39 43 23 47 40 21 6) (15 34 12 9 1 33 11) (14 22 42 20 5 27 19 25) 
20 (9 44 31 14) (39 32 5 43) (8 30 49 19) (41 37) (42 47 26 7 17 16 33 36) (45 35 3 27 25 6 24 13) (38) (50) 
21 (5 50) (4 17) (1) (42 23 40 6 36 15 29 32 14 8) (34) (43 30 2) (38 25 3 10 13 7 39) (33 41) 
22 (40 7) (21) (9 19 24 17) (27 23 12 16 4) (42 29) (5 22 2 20 15 8) (3 11 6 46 18 45) (33 37 38) (41 36 32 48 13) 
23 (40) (33 2) (11 25 21 42 28 36 15) (35 32 13) (34 12 6) (43 22 3 49 50 45 30 46 29) (10 5 44 24) (14) 
24 (35) (23 49 7 38 42 31 5) (40 46 24 28 1 9 29) (8 17 20 41 33) (48 11 39) (45 13 14) (47 12 44 6 32) 
25 (19 30) (50 35) (3 12 37 28 25 29 39 46 1 47 27 7 33) (43) (36 15 22 20) (13 32 10) (8 45 5 2 31 14 23) 
26 (31) (22 37 36 25 5 28) (23 29 19 16 50 41 42 7 40 39 11) (32 2 14 38 47 33 10 18 45) (35 30) (20 13) (46 43) 
27 (32 47 14 31 28) (43 40 26 49 30 37) (15 3 8 24 22 50 35 42 16 33 45) (5) (39 25 17) 
28 (30 13 16 23 7 49 31 17 2 39 9 32 34 28 8 44 38 10 36 19 5 40 27) (50) (6 45 35 48 11 47 1) (15 33 4) (22) 
29 (48 37 40 12 15) (42) (45) (4 46 28) (39 3 7 5) (38 13 27 30 34 32) (14 29 21 25 20) (10 22 18 24 17 16) 
30 (7 27) (5 39 43) (44 30) (19) (15 28 31 50 35) (14 12 37 21) (24 42 32 10 1 16 11 9 23 3 2 26) (45 47 17 4) (22) 
31 (13 21 48 47 22 20 46 49 14 12 32) (23 8 17 11) (2 44 3) (9) (15 42 38 24 25) (19 28) 
32 (38 7 44 46 29 45 31) (21) (27 16 12) (42 40 43 2 47) (20) (28 18 26 50 9 23) (15 4 11 6 32 13 49) (24) (39) 
33 (45) (12) (13 47 28) (35 7 19 4 29) (1 17 34 36 30 50 16 10) (3) (8 32 14 49) (27 40) (24 41 21) 
34 (32 2 10 40 31 44 49 39 38 13 15 36 11 34 21 18 14 41 47 42 6) (3 16 29 23 1 4 33 43 48 7) (24 8) 
35 (1) (26 4) (31 37 25 6 5) (15 49) (3 36) (24 42 23 50 18 22 35 34 46 27) (33 16) (29) 
36 (21 42 41 16 19) (33 43 25 11 9 24 38 44 49 39 8 27 46) (36 12 6) (3 13 26 2) (32 5 22 50) 
37 (23 13 26 43 35) (32) (7 5) (28 46 50 16 25 48) (12 15 6 38 8 41 29 19) (3 49 14 2 20 22 33 11) 
38 (28 3 6) (22 39 26) (33 25 12 29 27 19) (32 2) (35 50 41 48) (10 42 17) (36 9 20 46 18 38 23 15 7 14 37 5 49 1) 
39 (1 28 11 34 15 9 3 45 47 30 7 2 4) (50 13 43 40) (29 24 37) (22 44 33 16 27 48) 
40 (49 9 7) (27 12 37 40 19 13) (39 15 45 35 4 29) (34 2 36 5 22) (14 32 21) (6 1 33) (47 24 48) (28 44 3) (20) 
41 (19 5 1 33 44 27 38 17 36 12 9 50) (45 2 10 28 48 16 22 46 23 30) (15 8 20) (31 29) 
42 (5 12) (11 45 29 4 42) (2 35 19 38 8 15 17 41 49 46 27 50 23) (43 7) (37 24 9 36 26) (48 47) 
43 (7) (3 12 48 23 36 28) (17 25 46 6 19 31 39 42 8 30) (15 27) (37 5 34 16 35 1) (50 40 33 22 18 32) (9 47 20 49 2 4) 
44 (22 12 38 10 48 21 40 11 46 44 49 16 43) (30 37 39 9 13 32 26 24 27 18 42) (20 7 36 34 6 23 2) (35 17) (3 25) (4 15 28 50) 
45 (26 30 29 8 34 20 17 49 47 48 9 33) (7 27 6) (43 22 13) (50 28 2 10) (37 4 11 16 45 44 46 23 18 19 12) 
46 (29 39 41 43 5 2 21) (4 25 24 46 42 50 30 10 7 9 12 28) (47) (17 11 16) (35) (1 22) (33 6 32) 
47 (43 15 36 18 46 40 39 10 8 32 48 6 28 31 27 1) (37 22 25 44 19 20 30) (29 34 47 26 13) (24 4 42 11 14 21) 
48 (50 38 44) (18 29 37 3 21 36 33 43 41 45) (9 42) (24 35) (15 20 47 46 25 31 13 40 10 11 5) (14 39) 
49 (4 5 42 24 30 32) (36 19 12 8) (22) (28 49 44 27 16 38 26 1 9 13) (21 14 46) (18 2 48 50) (31 25) (20 41) 
50 (20) (5 49 31) (43 27) (7) (39 10 48) (46 36 26 50 15 41) (24 38 42 22) (3) (29 37 35) 
1 (9) (46) (15) (19) (11) (12) (28) (33) (6) (7 18 41) (38 40 5 30 14 47) (16 21 25 49) (35 43 39 34 8 24) 
2 (46) (38) (26) (49) (31) (14) (22) (23) (43) (25) (34) (30) (41 1) (39 44 16 32 42) (7 37 36) (21 9 3) (28 40 45) 
3 (43) (38) (29) (31) (27) (34) (44) (35) (2) (6) (22) (18) (30) (17) (50) (39) (16 14 10 23 15 12) (37 33 36) (21 4) (48 1 13) (9 25 40 20) 
4 (2) (28) (40) (47) (1) (12) (32) (35) (44) (39) (22) (45) (11) (43) (49) (42) (46) (21) (33) (30) (29) (3 34) 
5 (13) (26) (41) (48) (40) (18) (25) (7) (17) (49) (43) (11) (10) (46) (35) (22) (24) (42) (20) (21) (36) (9 50 29 38 15) (5 16 19 4 23 37 30 27) (28) 
6 (43) (44) (11) (2) (47) (18) (19) (40) (15) (21) (17) (34) (37) (4) (12) (23) (22) (45) (16) (38) (10) (1) (36) (35 5 7 32 28) (20) (46 24) (9) 
7 (3) (21) (39) (25) (26) (16) (43) (30) (28) (40) (34) (46) (37) (6) (14) (17) (24) (2) (19) (32) (13) (22) (18) (29) (20) (44) (15 5 7 38) (33 50 1) (9) (42 45) 
8 (34) (31) (47) (36) (41) (2) (21) (37) (7) (9) (20) (3) (8) (6) (42) (13) (33) (49) (43) (18) (17) (10) (25) (4) (28) (15) (27) (1) (45) (24 22 5 12) 
9 (44) (42) (18) (41) (9) (20) (3) (48) (24) (39) (49) (43) (31) (15) (38) (45) (16) (14) (36) (19) (6) (32) (30) (22) (46) (11) (40) (7) (28) 
10 (21) (34) (18) (48) (33) (4) (16) (45) (41) (38) (1) (50) (13) (9) (30) (2) (28) (26) (44) (6) (11) (47) (8) (14) (23) (5) (46) (29) (3) (25) 
11 (19) (26) (34) (22) (44) (39) (15) (30) (9) (3) (12) (45) (32) (28) (2) (48) (14) (5) (42) (47) (7) (24) (46) (31) (36) (23) (8) (37) 
12 (41) (45) (49) (22) (36) (10) (16) (42) (31) (37) (2) (18) (40) (29) (9) (33) (25) (30) (24) (19) (46) (38) (43) (8) (32) (23) (12) (17) (7) (44) 
13 (40) (15) (31) (23) (48) (18) (36) (44) (45) (32) (22) (2) (11) (7) (6) (34) (49) (33) (26) (3) (29) (28) (16) (39) (20) (5) (25) (9) (24) (37) (14 1 47) (17 21 8) 
14 (4) (29) (33) (21) (30) (11) (49) (26) (34) (13) (18) (15) (23) (40) (47) (37) (27) (19) (10) (1) (20) (25) (31) (24) (2) (17) (12) (48) (8) (16) (38) (6) 
15 (9) (42) (43) (6) (39) (29) (40) (8) (15) (47) (32) (34) (30) (27) (13) (37) (35) (50) (16) (48) (28) (12) (44) (38) (21) (41) (19) (22) (25) (23) (31) 
16 (27) (15) (37) (17) (29) (45) (41) (35) (16) (26) (1) (39) (36) (8) (6) (32) (11) (30) (49) (34) (20) (43) (12) (28) (4) (22) (2) (14) (44) (46) (33) (13) 
17 (45) (7) (17) (20) (21) (30) (33) (9) (27) (11) (31) (42) (19) (43) (1) (22) (38) (29) (41) (16) (18) (28) (46) (15) (44) (24) (4) 
18 (7) (29) (11) (2) (15) (9) (32) (22) (34) (4) (47) (43) (17) (5) (18) (6) (44) (8) (26) (49) (45) (48) (38) (35) 
19 (8) (36) (26) (30) (25) (43) (37) (4) (28) (11) (6) (19) (20) (12) (18) (10) (14) (42) (40) (47) (41) (45) (33) (31) (5) (38) (22) (49) 
20 (38) (31) (14) (15) (49) (44) (24) (41) (10) (47) (18) (8) (22) (11) (25) (13) (26) (43) (40) (45) (37) (4) (5) (19) (12) (29) (50) (48) (32) 
21 (13) (48) (22) (1) (15) (23) (14) (29) (17) (3) (5) (44) (34) (9) (46) (40) (49) (2) (7) (33) (16) (19) (30) (31) (32) (36) (47) (8) (18) 
22 (15) (28) (43) (47) (2) (9) (16) (17) (41) (36) (37) (39) (46) (35) (18) (45) (6) (31) (49) (19) (10) (44) (29) (8) (25) (40) (4) (23) (27) (22) (50) (30 5 26 38) 
23 (3) (45) (13) (8) (1) (28) (37) (34) (38) (15) (19) (21) (41) (31) (16) (30) (42) (6) (22) (35) (24) (9) (25) (18) (17) (14) (44) (26) (43) (32) 
24 (31) (46) (36) (17) (42) (10) (13) (20) (47) (5) (29) (6) (7) (40) (35) (3) (50) (23) (1) (39) (11) (34) (24) (32) (4) (33) (48) (22) (18) (49) (30) (44 27) 
25 (21) (25) (48) (4) (23) (20) (27) (37) (43) (1) (36) (38) (29) (8) (31) (49) (44) (47) (13) (12) (26) (3) (35) (46) (19) (18) (11) (7) 
26 (5) (27) (4) (44) (1) (50) (49) (36) (8) (32) (35) (10) (15) (7) (30) (38) (42) (13) (47) (16) (6) (17) (37) (45) (3) (20) 
27 (6) (20) (36) (29) (33) (44) (19) (11) (47) (12) (49) (4) (13) (50) (5) (32) (41) (28) (10) (45) (22) (25) (40) (42) (38) (35) (30) (15) (7) (43) (39) (2) 
28 (8) (39) (40) (14) (5) (27) (38) (49) (43) (33) (31) (13) (30) (26) (41) (24) (19) (12) (23) (9) (10) (46) (29) (44) (2) (28) (11) (45) (17) (25) (6) (32 47 37) 
29 (9) (39) (34) (35) (32) (16) (17) (21) (26) (40) (45) (25) (33) (24) (15) (13) (41) (42) (11) (22) (37) (7) (14) (18) (23) (47) (50) (3) (48) (46) (12) (2 5 29) (38 6) 
30 (41) (49) (19) (44) (46) (5) (39) (45) (4) (17) (2) (47) (29) (9) (10) (1) (28) (6) (13) (15) (23) (27) (20) (33) (26) (16) (30) (43) (11) (21) (25) (14) 
31 (49) (16) (11) (12) (28) (30) (19) (35) (15) (27) (24) (20) (47) (48) (2) (14) (5) (32) (41) (7) (25) (43) (18) (1) (26) (34) (50) 
32 (38) (16) (28) (22) (25) (40) (29) (18) (10) (31) (36) (13) (23) (3) (30) (33) (15) (47) (8) (34) (20) (27) (43) (9) (26) (49) (4) (2) (12) (5) (44) (46) (24 1 14 21) (32 7) (37) 
33 (43) (28) (24) (21) (40) (27) (12) (25) (39) (36) (48) (23) (46) (17) (37) (20) (22) (5) (15) (34) (38) (45) (19) (8) (35) (26) (41) (10) (6) 
34 (2) (44) (10) (23) (35) (4) (12) (15) (7) (47) (34) (33) (6) (28) (29) (13) (45) (16) (18) (17) (43) (40) (39) (19) (3) (21) (5) 
35 (17) (12) (48) (18) (19) (5) (27) (37) (44) (38) (13) (25) (28) (14) (30) (42) (8) (7) (10) (35) (40) (2) (23) (46) (50) (15) (1) (33) (6) (24) (20) (26) (43) 
36 (38) (44) (23) (7) (15) (28) (42) (25) (17) (3) (8) (11) (21) (36) (35) (40) (48) (9) (22) (26) (50) (20) (33) (5) (6) (47) (43) (34) (10) (14) (16) (49) (41) 
37 (43) (29) (22) (42) (15) (3) (25) (13) (26) (48) (35) (50) (47) (12) (1) (45) (38) (20) (40) (44) (39) (30) (19) (9) (17) (27) 
38 (31) (49) (38) (15) (26) (28) (42) (50) (3) (9) (22) (32) (20) (34) (48) (4) (12) (6) (21) (29) (17) (11) (36) (5) (44) (18) (37) (8) (16) (41) (13) (24) 
39 (18) (15) (8) (47) (29) (36) (20) (6) (44) (38) (25) (43) (1) (32) (26) (9) (11) (21) (40) (12) (28) (34) (27) (50) (30) (24) (3) (46) (48) (19) 
40 (32) (22) (7) (21) (9) (19) (40) (47) (2) (17) (10) (44) (28) (24) (12) (43) (27) (3) (39) (34) (14) (5) (29) (33) (26) (23) (15) (48) 
41 (33) (37) (13) (8) (4) (9) (21) (36) (1) (15) (34) (19) (2) (16) (50) (5) (26) (17) (49) (48) (20) (6) (38) (3) (7) (24) (46) (11) (42) (18) (22) 
42 (19) (16) (50) (32) (7) (44) (38) (46) (4) (43) (1) (35) (22) (21) (36) (11) (30) (48) (34) (3) (49) (27) (20) (29) (31) (47) (12) (13) (42) (23) (24) (2) (26) 
43 (42) (3) (13) (27) (10) (5) (7) (23) (36) (48) (45) (11) (30) (47) (20) (12) (9) (44) (25) (6) (50) (39) (37) (21) (46) (17) (26) (32) (34) (19) 
44 (12) (44) (17) (28) (20) (9) (3) (10) (16) (39) (36) (23) (32) (40) (41) (11) (5) (31) (1) (24) (13) (49) (30) (18) (47) (14) (19) (48) (15) (45) (4) (34) (6) 
45 (14) (30) (3) (12) (32) (16) (24) (23) (29) (28) (1) (45) (6) (41) (13) (22) (4) (48) (33) (42) (40) (26) (9) (5) (25) (20) (27) (39) (17) (10) 
46 (2) (45) (3) (15) (43) (14) (31) (50) (12) (48) (23) (24) (32) (18) (8) (17) (44) (25) (49) (26) (47) (29) (1) (35) (38) (36) (37) (22) (46) (42) (41) 
47 (8) (31) (47) (14) (9) (45) (32) (42) (39) (46) (30) (34) (2) (18) (48) (40) (15) (24) (10) (1) (28) (16) (3) (19) (20) (25) (26) (27) (43) (12) (33) 
48 (44) (11) (43) (42) (4) (15) (18) (22) (16) (10) (29) (1) (47) (37) (50) (13) (3) (28) (45) (40) (19) (34) (39) (5) (31) (38) (12) (49) (24) (41) (17) 
49 (20) (34) (49) (4) (2) (44) (45) (35) (33) (24) (42) (50) (11) (10) (14) (37) (8) (32) (43) (31) (15) (40) (13) (7) (38) (23) (27) (28) (36) (3) (1) 
50 (7) (38) (37) (27) (44) (35) (46) (39) (20) (48) (49) (42) (10) (50) (41) (5) (21) (9) (36) (25) (2) (26) (14) (43) (32) (33) (12) (23) (11) (3) (16) (45) (30) (8) (28 6 1 17) 
