0
50
50
1 (33 23) (8) (49 35) (30 12 34) (14 38 3 44 21 1 20 39 43) (9) (25 6 24 13 46 27 11 32) 
2 (29 49) (3) (21 35) (40 50 16) (37) (14 45 46) (15) (47 34) (36 8 18 32 10) (6) 
3 (29) (1) (7) (47 43 20) (28) (30 48 50 38 25) (24 22 9 32) (26) (33) (44 42) 
4 (4 41 26 33) (10) (48 14 28 46) (11) (44 19) (43 20 17 8 49) (25) (3) 
5 (28) (21 37) (2 46) (3 6 33 18) (43 42) (38 32 30 25) (13 15) (20 11 10) 
6 (34) (37) (33) (2) (7 30) (16 14) (42) (21 48) (35 47 36) (19 29 3) (20) 
7 (20 24 5 1 38) (11) (21) (28) (25 33 35 36 16) (43 9 2 44) 
8 (21) (24 20 30) (31 34 36) (26 1) (28 39) (5) (23 19) (47) (46) (3 7) (2) (29) (11 49) 
9 (38 4) (19) (30 49) (12 39) (24) (16 21) (15 14) (7) (9) (37 20) (29) (22) (25) (41) (36) (35) (28 8) (34) 
10 (12 43) (42) (7) (26 8 41) (35 49) (46) (28 17) (10 3 4) (39 9) (33) (2 37 23) (29) (16 45) (48) (25) (34 20 22) 
11 (19 38 48 49) (28) (13 22) (7 47 16) (26) (36 42) (46 12) 
12 (19) (10) (15 45) (26) (3) (42 22) (31) (37) (1 18 14 5 46 11 23 36) (8 7) 
13 (37) (33) (9) (14 36 2 7) (17) (26 31) (35 44 30) (41) (49) (5 42 1 32 46) (34) (11 13) (29) (10) 
14 (23 37) (26) (25) (16 21) (3) (10 12 42 43) (7) (40 11 19) (47) 
15 (2) (32 50) (12 47) (40) (21) (44 11) (31 24 38) (10) (13 29 25 28 48 49 30) (18) 
16 (11 44 34 43) (32 38) (5 31 33) (30) (42) (17 45) (26) (29 49 50) (24) (37) 
17 (17) (29) (23) (32 25 40 35 3 43 5 21) (41) (14 4) (31) (27 49 47) 
18 (26) (16 18 40 39) (37 28) (47 45 12 48 6 30) (19) (38 50) (46) (15) (31) (4) (17 8 49) 
19 (33 49 28) (50) (48) (23 47) (38) (24) (22) (36 42 3) (40 18) (16) 
20 (46 25) (37 41 22 9 48) (27) (18) (24) (15 12) (21 28) (16 36 29 34 31) 
21 (14 6 45) (46) (2 42 3 24) (29 43) (22) (10) (17) (7 23 44) (31) (33) (39 5) 
22 (8 14 24) (20 22 13) (12) (49 33 43 21) (17) (23 10) (15) (25) (11 6) (5) 
23 (25) (9 43 32) (27) (41 6) (14) (5) (45 37) (10) (2 11 3) 
24 (23 50) (48 13) (4) (9 26 40) (44) (47) (22 39) (2 18) (46) (45 41 11) 
25 (45 8) (5 26) (19 28) (29 10) (47 12) (39 13 3 14 44 18) (37 49) (32) (31) (16) (35) 
26 (17 24) (35) (40 15 33 37) (12) (16) (43 45) (4) (5) (25) (13) (6 3 46 32) 
27 (20 37) (11 42) (4 31) (40) (9) (35) (34 14 44) (16 38) (49 15 1) (45 22) 
28 (42) (43 24) (20) (47) (11 38) (19) (17) (21 10 25) (2 34 18) (5) (46) (44 49 8) (33) 
29 (10 40) (24 34 31 47 42 26 44 36 6) (8 20) (33 32) (14 27) (21 25) 
30 (4 31 27 9) (22) (26) (50) (47 1) (17) (28) (2 43 39 38 24) (20 16) (6 19 45) (23) (15) 
31 (25 19) (41) (48 43 1 49) (15 5) (35) (28 4 38 46 3 2 16) (34 8) (18) (11) (31) (27) (10) 
32 (33 23 31 15 14 35 9 50 8 38) (22 26 45) (49 37 21) (44) (25) (4 5 42) 
33 (39 17 9) (18 16) (6 7 43) (35) (46 41 5 24) (4 20 2 25) 
34 (25) (27 31) (34 29) (42 14) (11 30) (45 7 5 38 32 41) (50) (36 2 13) (12) (8) (33) (39 19) (37) (28) 
35 (19) (26 3) (15 17 30 5) (37 42) (11) (35 9) (47) (34) (1 24) 
36 (15 42) (3 44) (4 45 18) (13) (14 26) (25) (38 36 20) (33 47 12 22 1 8) (35) (28) (43 10) 
37 (15) (46) (45 39 28) (31 5 34) (10 4) (29 40 37) (3) (38 19) 
38 (32) (21) (14 35) (2) (42) (28) (40) (16 13) (24 46) (43 26) (23 18) (49) (19 31 36) (44) (9 47) 
39 (6 19) (3) (11 23) (32 17) (34 42 39 40 26 13 22 37) (49) (10) (45 2) (24) (5) 
40 (15) (11) (43 44 45 20 33) (5 3) (2 8) (25) (34 35 31) (24) 
41 (40) (22 35) (1) (17) (33 19) (34 9 11) (5 23 38 8 2) (30) (36) (44) (26 28) (24 31) (25 37) 
42 (23 14 7) (36) (17) (6 33) (26) (31) (43) (22) (42) (2 44 1) (50) (49) (27 32) 
43 (25 49 26) (20) (36) (24 32 21 29 43 47 23 50) (15 48) (35 16) 
44 (27 18) (32) (44) (15) (19) (24) (16 17) (7 20) (25 3) (6 34) (5 50 21 40 31 4 37) 
45 (35) (1 48) (41) (4) (43 18 20 26 31) (50) (3 6 2) (17 19 47) (46 42) (44 45 49 25) 
46 (50 30 27) (2) (28 45) (41 23) (9) (15 48) (6 14 11) (35 40) (36) (18) 
47 (38 37) (2) (16) (33 9 41 4) (19 31) (1) (44 20 26) (46) (34) (12) 
48 (21 9) (42) (16) (23 39 32) (10) (8 46) (48) (43) (25 1) (27) (40) (45) 
49 (8) (41) (46 37) (19 32) (23) (2) (16) (47 22) (21) (5 26) (9 39) (33 44 49 36) (50 31 48 6) 
50 (20 24 22 28) (37) (42 8) (12 26 10) (6) (31 34) 
1 (48) (27) (42) (30) (41) (36 45) (3 8) (31) (7) (35 47) (12) (13) (1) 
2 (13) (41) (34) (46) (8) (42) (21) (45) (33) (10) (28) (6) (40 30 39) (49) (7) (38) (31 23) (47 15) (24 5) 
3 (5) (10) (23) (44) (26) (6) (37) (1) (25) (17) (19) (36) (35) (4) (8) (2) (14) (39) (45) (40) (12) (31 21) 
4 (30) (27) (18) (47) (44) (9) (31) (32) (36) (37) (33) (24) (17) (4) (45) (26) (10) 
5 (7) (37) (8) (41) (32) (35) (21) (44) (31) (13) (28) (26) (40) (17) (12) (33) (22) (39) (34) (49) (23) (16) (25) 
6 (42) (46) (5) (18) (1) (30) (45) (33) (50) (2) (49) (44) (23) (29) (39) (22) (21) (26) 
7 (21) (12) (34) (6) (14) (44) (11) (13) (8) (9) (33) (10) (42) (3) 
8 (31) (34) (48) (40) (29) (41) (1) (4) (36) (9) (32) (10) (22) (18) (25) (28) (12) (2) (50) (49) 
9 (48) (49) (32) (27) (41) (7) (47) (35) (46) (20) (10) (9) (30) (24) (33) (3) (13) (38) (23) (1) 
10 (31) (12) (2) (50) (48) (13) (23) (22) (4) (37) (39) (10) (28) (15) (36) (25) (29) (21) (14) (5) 
11 (35) (13) (8) (7) (39) (22) (40) (12) (16) (27) (34) (14) (41) (23) (4) (46) (24) (15) (1) (5) (31) (28) 
12 (34) (25) (10) (9) (18) (26) (11) (22) (14) (50) (36) (1) (15) (20) (47) 
13 (38) (15) (13) (5) (24) (39) (34) (36) (26) (11) (22) (25) (1) 
14 (4) (36) (2) (17) (32) (1) (22) (9) (42) (38) (29) (12) (34) (25) (6) (13) (21) (27) (23) (46) 
15 (37) (18) (44) (31) (30) (35) (36) (2) (40) (26) (32) (22) (20) (27) (43) (12) (9) (5) (46) 
16 (2) (49) (47) (6) (38) (18) (43) (33) (27) (48) (20) (14) (44) (25) (7) (10) (19) (31) (30) (9) (26) (11) 
17 (26) (17) (33) (35) (21) (44) (39) (42) (13) (30) (4) (45) (10) (18) (41) (28) (16) (22) 
18 (45) (19) (25) (18) (28) (5) (12) (46) (36) (31) (24) (15) (44) (20) (38) (33) (2) 
19 (4) (6) (37) (44) (34) (14) (9) (49) (41) (47) (39) (25) (11) (31) (12) (35) (38) (8) (18) (45) (30) (28) 
20 (44) (27) (6) (4) (29) (1) (50) (45) (8) (3) (28) (43) (47) (40) (33) (7) (30) (36) (22) (10) (9) (5) 
21 (49) (5) (2) (44) (1) (28) (43) (9) (20) (48) (6) (17) (14) (15) (22) (7) (8) (29) (38) (32) 
22 (20) (11) (10) (3) (21) (42) (39) (19) (27) (24) (50) (30) (12) (22) (49) (9) (41) (36) (32) 
23 (17) (21) (14) (49) (39) (22) (1) (32) (30) (46) (19) (38) (8) (10) (43) (41) (12) (48) (24) (42) 
24 (44) (33) (41) (39) (15) (35) (19) (29) (9) (21) (8) (1) (50) (40) (16) (7) (20) (3) (38) (43) (22) (30) (28) (26) 
25 (4) (34) (20) (40) (9) (22) (14) (48) (44) (33) (45) (43) (10) (3) (41) (26) (5) (7) (1) (36) (29) (15) (23) (31 17) (28 32) 
26 (45) (13) (14) (11) (39) (8) (12) (35) (36) (49) (3) (42) (43) (4) (38) (18) (32) (24) (50) (25) (10) (29) (30) (16) (41 47) 
27 (42) (34) (30) (48) (17) (46) (44) (23) (20) (31) (29) (1) 
28 (20) (31) (3) (15) (30) (46) (7) (38) (11) (25) (34) (19) (10) (37) (9) (36) (41) (4) (50) (18) (8) (5) 
29 (25) (8) (9) (10) (3) (37) (20) (15) (34) (43) (17) (2) (6) (16) (13) (21) 
30 (46) (18) (9) (5) (13) (16) (15) (8) (34) (35) (1) (6) (41) (3) 
31 (50) (25) (13) (29) (27) (30) (18) (21) (31) (40) (47) (17) (8) (44) (41) (20) (16) (38) (37) (15) (12) (34) (49) (42) (32 45) 
32 (29) (1) (42) (43) (23) (2) (38) (26) (39) (17) (16) (44) (49) (25) (13) (5) (15) (48) (34) (3) 
33 (41) (47) (6) (1) (36) (10) (22) (32) (49) (13) (7) (26) (34) (42) (21) (28) (19) (29) (16) (4) (5) (3) (40) 
34 (16) (27) (28) (31) (39) (13) (29) (8) (37) (35) (50) (9) (41) (20) (44) (34) (1) (47) (6) (2) (40) (10) 
35 (7) (46) (17) (25) (9) (32) (26) (38) (33) (6) (45) (41) (36) (27) (13) (35) (31) (2) (43) (10) (40) (1) 
36 (49) (20) (43) (12) (42) (9) (7) (6) (29) (11) (46) (34) (38) (36) (13) (8) (41) (19) (2) 
37 (18) (10) (9) (25) (44) (47) (41) (34) (2) (20) (49) (27) (13) (50) (35) (37) (26) (32) (5) (16) (39) (12) (14) (23) (6) 
38 (1) (27) (32) (31) (28) (18) (16) (19) (15) (37) (3) (41) (34) (47) (7) (30) (9) (5) (36) (11) 
39 (37) (33) (48) (34) (30) (18) (1) (25) (49) (8) (21) (10) (39) (9) (24) 
40 (19) (18) (39) (26) (27) (37) (15) (24) (48) (46) (29) (2) (44) (14) (38) (17) (41) 
41 (47) (13) (17) (23) (45) (24) (9) (31) (33) (20) (49) (34) (4) (46) (10) 
42 (11) (21) (39) (32) (13) (12) (27) (10) (28) (3) (50) (6) (29) (14) (45) (42) (19) (38) (5) (16) (35) (34) (48) (36) 
43 (5) (16) (48) (14) (30) (22) (3) (26) (23) (28) (7) (1) (4) (43) (40) (10) (42) (21) (33) (38) (17) (45) (36) (31) 
44 (4) (13) (42) (49) (28) (36) (44) (7) (1) (38) (21) (16) (47) (15) (41) (40) (3) (27) (25) (29) (24) (32) (45) 
45 (27) (36) (45) (32) (16) (40) (30) (23) (10) (46) (18) (39) (2) (25) (34) (21) (48) (26) (24) (12) (37) 
46 (26) (38) (5) (1) (8) (20) (33) (31) (10) (4) (24) (21) (2) (47) (11) (49) (45) (18) (28) (48) (13) (12) (37) 
47 (14) (28) (15) (25) (43) (36) (3) (29) (49) (30) (24) (35) (2) (17) (8) (19) (6) (45) (11) (38) (18) 
48 (3) (43) (11) (48) (10) (45) (18) (6) (20) (24) (49) (46) (15) (19) (4) (31) 
49 (22) (2) (31) (49) (4) (1) (16) (8) (19) (25) (42) (45) (43) (13) (17) (32) (27) (28) (11) (39) (9) (10) (38) (15) (18) 
50 (43) (24) (2) (46) (34) (15) (44) (45) (3) (30) (49) (32) (18) (42) (19) (16) 
