0
50
50
1 (10 7 27 8 12 37 45 47 44) (30) (18 13) (1 36) (43 46) (15 48 38) (5 49 31 14) (6 39 24) (22) 
2 (46 20 32 33 49 44 14 6 43) (21 36 30 25 47 2 35 19 9) (40 29 48) (41 31 3 13) 
3 (44 30 17 3) (13 45 48 16 34 12) (7) (10 27 47) (33 39) (23 20) (43 28 31 15 2 4 19) 
4 (19) (29 21 30) (3 44 50 14 32 5 48) (38 16 49) (46 20) (9) (36 2 39) (28) (23 37) 
5 (39 6 19 45 25 18 20 4 9 37 17 41 21) (38 49 1 44 40 34 28 47 43 13 15 29 36 14) (11 24) 
6 (5) (13 20 2 9 25 15 6) (22 21 36 30 42 16 1 28) (32) (8 19) (44 14 26 3 46 37 23) 
7 (10 40 42) (9) (8 20 17 5 11 22 18 34 41 32 28) (1 24 45) (31) (29 43 48 33 19 3 14 35) 
8 (17 33 2 34 25 22 3 24 14 48) (43) (47 36 8 1 18 38 46 29 37 26 41 7 23) 
9 (5 9) (39) (34 3 12) (19 25 38) (32) (46 37 15 44) (1 4 35 27 7) (42 47 36 49 2 17 23 50 41 24) 
10 (29) (24 50 18 6 38 21 32) (10 28) (26) (16 15 2 44 19) (35 47 36 1 8 23 5 37) (33) (40) (42 22) 
11 (44) (3 34) (16) (37 43 22 18 26 23 1 2) (30 40 39) (46 27 25 47 5 15 50 29 6 11) 
12 (19 12) (47) (34 8) (35 17 21 7 11 15) (50 48 42 25 4 33 49 39 1 9) 
13 (12) (43 10 15 11) (48) (25 42 18 41 31 28) (17 6) (40) (44 5 2 3) (4) (46 39 47 37 26) (34) 
14 (26 42) (1 39 17 27 23 8 25 35 12 24 16 32 48 29 22 28) (40 38) (15) 
15 (22 33 2 32 29 11 42 49 30 36 35) (26 25 17 7 28 34 21 43 8 3 24 31 19 18) 
16 (2) (11 49 37 1 44 17 8 18 16 3 9 28) (4 47 26 23 38 27 5 34 13 24) (40 41 32) (6 33 14) 
17 (14 40 49) (17) (30) (45 1 31) (29 18 37 28 42 8) (50 35 34 24 19 20 10 23 48) 
18 (3) (4 46 44 24) (37 33 26) (14) (21 15 28 7 36 27) (43 40 31) (19 9) 
19 (12 15 45 13) (46) (37 16 49 48) (1 9) (42 22 27 28 14 43 50 47 39 10 25 5 35 21 32) (17 7 31 8) 
20 (6 43 5 4 1 35 2 34 27 9) (15 24 38 17 29 44 30 48 18 28) (36 21) (11 10) (37) 
21 (19 44) (42 14 37 50 24 1 6 41) (45 32 9 36 22 34 27) (13 4) 
22 (47 31 18 10 44 5) (30 7 8 33) (17 38) (15 4 2 24 12 35 25 9 13 46) (48) (27) (16 29 1 20 21 22 19 49) 
23 (37 21 17 45) (1 44) (15 20 13 33 5 6 16 43) (34) (7) (24 50 38 12 48 27 8 31 46 9) (32) 
24 (1 12 17) (37 3 28) (16 29 47 4 27) (45 14 2 25) (20 35 44 41 6) 
25 (24 32 29) (50 41 6 49 30 42 14) (9 5 36 8 31) (1 22 35) (27) 
26 (50 29 18 48 9 7 37 13) (24 46 34 10 35) (11 36 47 32 2 1 39 5) (41 44 3 14) (38) 
27 (32 38 16) (33 6 11 25) (42 2 10 23 18 21 49 1 4 12 13 34 8 7 47) 
28 (15 10 33 14 12 37) (32 36) (30 7 42) (34) (16 18 5 24 28 17 40 29) (9 2 50) (27 41 20) (23 6 44) 
29 (35) (17 34) (31 3 50) (26 45) (21 37 7 5 2 25 38 47) (27 33 42) (40 30 16 44 22) 
30 (43) (3 16 48 41 5 27 11 13 24) (31 42 4 37 38 39 8) (30 45 23 14 33 18 50) (25) (12 35 44 6) (17) (10) (22 28) 
31 (3) (31 48 37 33 32 49 8 34 15 6 10 39 5 43 7 36) (22 20 28 23 29 35) (18 44) 
32 (44) (39 13) (35 8 7 4 45 23 33) (10 42) (31 24 27) (40 47) (26) (5) (1) (25 14 15 21 6 2 50 9) (43) (34 36) 
33 (1 21 42) (31 39 9) (19) (40) (46 7) (3 34 45 27 6 44 43 50) (30 37 20 47 2 14) 
34 (5 15) (13 39 44) (31 40) (41 28 36 32) (34 18) (46 12 10 30) (8) 
35 (1 30 3 50 21 14 22 34 32) (17) (29) (7) (43) (36 48 12 35 25 11) (24) (4) 
36 (27 39 5 40 28 13 6 21 19 30) (25) (22 20 45 46 15 29 33) (1 47 23 49 50 37 44 11) (48) 
37 (42) (49 32 26 9 2 17 43 22 7 31 18 23 4) (21 15) (3 50 10 41 34) 
38 (50 10 11 44 20 49) (40 9) (5 30 27 34 41 31 6 18) (21 37) (36) (12) (46 23 33) (7 8) 
39 (45) (31) (16 12 19) (23 20 17 22 38 10 9 27 40 7) (8) (37) (14) (33 6 4 1 3 43 39 29 18) (5 11 50) (30) (48) (46 25) 
40 (41) (10 46 2 15 34 3) (45 39 4 11 6 50 33 25 36 48) (18 1 12 49 44 24 42 22 31 30) 
41 (43 14 8 21 15 17 28 23 38 16) (37 49 10 6 5 41) (2 18 33 25) (13 30 19) (9 42 31 3 22 12 29) 
42 (14 25 16) (5) (35 21) (8 31 1 41 22 24 4 30 42 40) (20) (3 36 27) 
43 (6) (23 3 47 38) (39 2 49 5 48 15 16 31 35) (18 9 14 11) (8 7) (40 22 25 37 20 24 27 4 46 12) 
44 (29 9) (50 4 3 31 8 16) (37) (22 10 39 34 19 27) (38 6) (14 26 35 49 44 15) 
45 (49 10 20 5) (3 18 50 28 7 35 15 34 6 8 33 48 37 2 44 39 17 12 42 38) (23) 
46 (24 38 33) (2) (19 12 27 8) (35 26 42 21 47 37) (32) (30) (46 23) (18) (11 48) 
47 (15 19 7 39 5) (42 32 43 21 45 31 49) (25 20 38 48 18 9 4 10 3 23 41 11) (1) (24) (44 2 14 46 37) (8) 
48 (16 4 47) (46 5 43 31 10 30) (33 28 45 12 18) (2 27) (13) (17 35 49 24) 
49 (4 33) (12 3 18 19 20 21 48 47 50 44 32) (39 13) (26) (24) 
50 (17) (28) (31 19 9) (4 37 20) (16 47 23) (24) (36 35 45 22) (26) (43 27) (11 25 6 8 40 49) (32) 
1 (36) (47) (11) (27) (24) (25) (22) (42) (5) (17) (1 10) (19 8 20) (16 26) (33 35 7 12 21 23 32 14) (6 9 39 40) 
2 (33) (43) (11) (28) (37) (6) (16) (32) (22) (46) (13) (48) (3) (8) (45) (26 15 9) (40 27 10 47 29 4 20 2 41 24) 
3 (7) (13) (44) (42) (49) (40) (45) (33) (35) (37) (2) (3) (18) (9) (4) (11) (15 41 6 43) (8 24) (30 39 31) (47 26 29) (16) 
4 (48) (30) (43) (42) (21) (44) (13) (9) (50) (18) (3) (12) (20) (5) (16) (32) (47) (37) (49) (22) (40 27 39 35 24) 
5 (11) (42) (10) (23) (34) (22) (7) (32) (45) (41) (20) (36) (43) (13) (47) (28) (26) (38) (6) (4) (19 30 1 25 48 29 16) (9 39) (31) 
6 (38) (13) (24) (10) (16) (21) (39) (45) (25) (36) (2) (1) (11) (31) (43) (30) (44) (41) (5) (32) (27) (28) (6 33 40 50 20) (23) 
7 (38) (3) (33) (47) (9) (37) (18) (43) (26) (23) (27) (12) (39) (28) (1) (29) (32) (19) (15) (35) (45) (8) (22) (31) 
8 (1) (42) (34) (27) (17) (25) (7) (38) (19) (43) (45) (22) (44) (39) (10) (14) (15) (23) (16) (31) (12) (47) (8) (46 32 50 6) (41) (30) 
9 (16) (5) (12) (22) (9) (44) (20) (7) (38) (2) (28) (23) (6) (47) (26) (19) (21) (4) (50) (32) (25) (37) (18) (39) (43) (41) (33) 
10 (37) (47) (38) (19) (1) (44) (41) (28) (39) (34) (17) (7) (13) (22) (31) (26) (32) (40) (45) (27) (3) (48) (10) (30) (20) 
11 (27) (47) (39) (38) (50) (35) (26) (16) (5) (12) (46) (7) (43) (15) (11) (40) (13) (36) (20) (30) 
12 (43) (1) (45) (9) (35) (22) (41) (3) (24) (27) (46) (40) (34) (49) (48) (28) (38) (30) (23) (19) (39) (14) (13) (12) 
13 (23) (34) (6) (2) (22) (27) (30) (3) (1) (5) (26) (16) (49) (21) (32) (41) (48) (19) (36) 
14 (8) (44) (24) (41) (39) (26) (32) (17) (21) (28) (35) (19) (43) (33) (18) (4) (6) (16) (1) (5) (42) (30) (25) (2) (47) (7) 
15 (10) (47) (40) (5) (41) (36) (14) (23) (44) (12) (11) (34) (43) (13) (20) (9) (28) (18) (45) (37) (6) (31) (1) (19) (22) (32) (3) 
16 (48) (30) (19) (4) (14) (39) (50) (41) (6) (27) (29) (10) (3) (43) (42) (24) (16) (22) (11) (23) (28) (44) 
17 (7) (15) (20) (23) (13) (50) (19) (30) (41) (5) (12) (45) (16) (17) (35) (3) (48) (29) (39) (9) (28) (24) (14) (8) (22) (37) 
18 (41) (11) (16) (20) (22) (48) (46) (43) (30) (38) (45) (39) (17) (15) (10) (49) (26) (13) (5) (28) (1) (37) (8) (47) (40) (27) (31 7) (34) 
19 (46) (3) (39) (17) (4) (21) (33) (41) (36) (15) (50) (18) (9) (47) (12) (22) (10) (49) (5) (2) (7) (6) (44) 
20 (23) (33) (42) (50) (31) (38) (4) (39) (36) (17) (3) (43) (22) (6) (45) (49) (2) (7) (24) (5) (28) (47) 
21 (6) (18) (42) (10) (49) (5) (32) (38) (46) (20) (29) (33) (2) (12) (4) (15) (23) (19) (22) (37) (36) (47) (35) (27) (41) 
22 (39) (21) (6) (14) (25) (50) (31) (15) (10) (44) (35) (1) (19) (8) (43) (30) (29) (11) (41) (36) (22) (42) (40) (7) (37) 
23 (11) (50) (32) (17) (37) (8) (4) (16) (28) (30) (3) (45) (10) (38) (14) (27) (41) (31) (39) (36) (6) (46) (9) (43) (47) 
24 (21) (22) (14) (17) (26) (7) (20) (30) (32) (49) (10) (48) (42) (9) (28) (46) (1) (15) (5) (40) (23) (35) (8) (18) (47) (43) (50) (16 25) 
25 (13) (14) (42) (8) (24) (9) (41) (27) (5) (50) (29) (40) (19) (47) (30) (6) (43) (39) (2) (15) (22) (35) (36) (11) (32) (12) 
26 (10) (46) (16) (18) (13) (15) (11) (37) (50) (49) (32) (44) (14) (29) (6) (8) 
27 (39) (1) (11) (16) (24) (29) (33) (14) (23) (46) (22) (36) (32) (18) (38) (25) (42) (9) (43) (44) (21) (50) (3) (48) (19) (20) (28) (30) 
28 (20) (31) (19) (41) (15) (3) (5) (24) (18) (17) (14) (34) (10) (50) (16) (6) (4) (13) (28) (48) (30) (36) (45) (7) 
29 (44) (36) (39) (8) (2) (26) (14) (11) (4) (31) (28) (5) (25) (22) (10) (24) (41) (15) (17) (20) (7) (35) 
30 (4) (17) (15) (28) (48) (42) (39) (25) (1) (3) (35) (11) (38) (6) (36) (46) (29) (41) (40) (22) (34) (2) (20) (30) (33) 
31 (48) (25) (29) (13) (42) (44) (30) (31) (23) (39) (41) (22) (40) (3) (7) (47) (17) (15) (43) (37) (32) (38) (2) (34) (50) (19) (18) (33 1) 
32 (46) (7) (35) (2) (23) (37) (26) (21) (34) (14) (4) (16) (50) (28) (25) (6) (10) (47) (19) (49) (27) (15) (9) (31) 
33 (49) (40) (29) (39) (23) (12) (28) (45) (8) (7) (38) (48) (36) (10) (16) (31) (46) (2) (22) (3) (18) (41) (32) (30) (27) (15) 
34 (29) (31) (26) (13) (8) (33) (35) (23) (34) (3) (27) (15) (9) (11) (12) (5) (44) (21) (40) (20) (17) (37) (16) (45) (38) (28) (32) (7) 
35 (48) (9) (35) (7) (15) (12) (42) (43) (24) (2) (45) (17) (20) (29) (50) (32) (22) (14) (44) (31) (19) (46) (26) (10) (25) (30) 
36 (15) (32) (50) (10) (9) (38) (4) (28) (18) (20) (8) (42) (6) (40) (31) (5) (34) (2) (26) (1) (25) (21) (35) 
37 (45) (8) (36) (21) (9) (33) (20) (17) (5) (50) (16) (41) (18) (39) (19) (44) (28) (38) (23) (6) (43) (30) (46) (10) (13) (29) (11) (31 26 47 24) (1 4) 
38 (43) (44) (9) (46) (20) (47) (39) (30) (8) (10) (5) (14) (45) (26) (4) (41) (1) (22) (16) (29) (27) (23) 
39 (1) (13) (4) (31) (26) (30) (12) (5) (3) (19) (45) (9) (14) (47) (49) (43) (44) (36) (11) (39) (32) (40) (33) (34) 
40 (5) (43) (50) (36) (10) (18) (11) (29) (28) (33) (32) (14) (2) (38) (34) (39) (7) (13) (17) (42) (16) 
41 (2) (41) (42) (24) (30) (40) (26) (37) (25) (47) (21) (5) (9) (38) (16) (28) (7) (8) (13) (34) 
42 (45) (10) (40) (9) (21) (12) (25) (42) (27) (47) (6) (29) (41) (28) (46) (14) (17) (19) (13) (33) (15) (32) (30) (7) (37) 
43 (47) (2) (33) (37) (39) (50) (19) (13) (18) (30) (7) (5) (11) (8) (41) (3) (48) (31) (15) (35) (1) (20) (23) (32) 
44 (33) (38) (31) (11) (23) (36) (2) (13) (24) (44) (22) (29) (4) (47) (32) (30) (34) (28) (26) (40) (1) (9) (10) (20) (21) (49) (5) (16) (18) (6 3 45) 
45 (24) (36) (30) (39) (50) (5) (40) (33) (1) (32) (48) (29) (19) (7) (23) (47) (3) (21) (17) 
46 (22) (46) (47) (39) (38) (13) (48) (4) (2) (26) (36) (33) (34) (23) (11) (18) (6) (1) (9) (19) (40) (43) (8) 
47 (32) (26) (46) (49) (24) (9) (48) (2) (33) (13) (10) (29) (36) (5) (12) (22) (3) (27) (50) (19) (11) (1) (8) (43) (16) 
48 (26) (3) (20) (23) (14) (39) (17) (4) (45) (19) (22) (8) (46) (30) (36) (40) (47) (35) (7) (12) (31) (13) (49) (1) (43) (2) 
49 (5) (44) (9) (17) (4) (15) (45) (50) (12) (16) (27) (47) (48) (31) (25) (37) (19) (1) (38) (41) (43) (2) (22) (36) (40) 
50 (12) (25) (40) (30) (26) (29) (36) (37) (28) (23) (10) (32) (45) (33) (35) (38) (11) (9) (44) (21) (4) (39) (19) (49) (17) 
