0
50
50
1 (35 41 26 7) (31 2) (42) (45 25 20 23 8) (12 49 9) (46 14) (21 33 15) (37 1) (10 27 19) (39 5 30) (24) (11 32) (3) (29 4 6 17 34) (43 36) (44 16 40 28) 
2 (7) (3 14 21 2 5) (37 15 11 22 46 25 19 8) (10 28 20) (33 49 6 27 1 44 47 29 26) (35 18 38 23 16 31 12 4 40 41 42 48 32 30 43) (17 24 39) (9) (45) (34 50 36) 
3 (6 22 19 46 18 26 35 39) (5 45 28 34) (50 16 9 49 2 48 30 10 40) (8) (44 42 41 25 4 23 29 15) (7) (12) (11 27 21 33) (17) (14 38 3 31 32) (36) 
4 (24) (50) (22 14 4 30) (17 9 38) (34 5 1 3) (39) (12 44) (23 49 29 48 26 37 27 28 18 10 31 21 11 33 7) (16 47 2 25) (13) (15) (46 8) (6) (43 45 41 42 20) (32 40) 
5 (15 20 7 21 28 10 12 4 43) (50 11 27) (36 17) (26 40) (35 6 24) (45 25) (14) (42) (32 1 19 29 16 23 9 13 33 41) (46) (47) (30 49 8) (2 48 18 38 37 3 44) 
6 (9) (4 38 45) (41) (6 12 30) (3 33 23) (28 44) (47) (31 50 35 1) (36) (48 39) (16 34 19 29 18 8 24) (7) (15 2) (20 37 40) (17 43 32 22 10 21 11) (46) (42 27 14) 
7 (27 14 29) (41 47) (20 19 50 45) (23 9 30 22) (10 13 6 16 49 37 43 36 18 44 12) (38 4 39) (11 31 34 40) (25 33 26) (2 5) (7 28 8 48 15 3 24 42 21 17 35) 
8 (38 17 45 5 40 1 44 22 9 26 13 50) (12) (28 2 7 24 42 19 34 27 48 4 18) (32) (15 8) (41 43 31 39 25 21 11 36 29 46) (47 6 14) (33 10 49) 
9 (32 22 35) (10 33 28 29 14) (25) (1 30 24 37 12) (43 38 48 26 11 42 18 20 41 44 50 23) (3) (40 5 15) (49 39 2 4 27 9 19 46 16 21 31 6 17 45) 
10 (43 36 10) (22 11 47 8 50 37 19 45 4 49 18 29 14) (28 24 15 33 6 21 41 32) (34 39 35) (42 38 16 26 40) (1) (9 31) (12 3 30) (7 5 2) 
11 (31 35 33 34 44 40 16 39 22 3 37 48 30 23) (18 8) (11 43 1 14 21) (28 17) (38) (2 10 45 42 6) (19 47 7 46 32) (15 41 12 36 4) (13 27 26 29 24 50) 
12 (34 50 42 32 8 14 13 15 11 38 6) (16 2 22 49 28 7 27 5 26 44) (18 29 9 31 43 30 4 17 39) (35) (20 40 46 12) (37 33) (25 1) (10 48) (47 36 23) (21) (41) 
13 (29 24 38 35 48 25 27 42 5 16 33 22 46 4 19 21 41 14 15 3 9 50 47) (1) (6 26 30 13) (34 49 43 20 7 32 44 36 37 18 23 39 10 17 2 11 45 8) 
14 (23 22 31 46 5 24 39 4 38 9 29) (14) (33 47) (50 34) (36 8) (12 2 28 26 27 17) (45 32) (1 10 41) (25 42 15 20 16 35 30 40) (49 6 48) (13 11) (3) 
15 (39 41 49 35 23 44 21 34 18) (11 14 17 22) (33) (12 32 15 10 27 42 40 29 25) (30 4) (37 43 13 47 45) (6 36 28 46 31 26 1) (48 3 7 20 9 16 38) 
16 (19 12 36) (35 20 41 45 8 39 37 4 32 49 50 46) (42 22 3 1) (5) (33 43 34 10) (13 18 26 48 30 9 21) (31) (6) (16 7 25 23 15 14) (38) (40 28 11 17 24) 
17 (42 33 2 47 23 50) (44 37 3) (28 11 14 22 13 7 38 21 15 31 27 19 30 32 16 12 24 41 18 45) (26 10 36 40 29 1 39) (20) (25) (49) (8 17) (34 43 6) (35 4 5 46 9) 
18 (11 1 19 13 34 17) (23 42) (5 38 36 9 43 39 29 2 41 14 49 31 46 30 48 6 10) (35 44 22 40) (8 32 12 25 3 24 18) (37 28 4 15 27 50) (16) (26 33 7) 
19 (24) (11 16 23 12 8 10 17 43 1 3 7 38 33 47 29 45 19 49) (15 20 36 37 14 50 30 4) (48 27) (31 28) (5 41 34 32 44 13 2 39 26 40 25 35) (9 42 22 18 21) 
20 (33 7 48) (49 5 2 15 12 19) (6 8 30) (39 45) (41 35 46 23 16 10 37 36 9 27) (40 17 47 21 20 22 1 42 50 44) (43 18 29 24 4 3) (14) (32 25 13) (34) (11) 
21 (7 34 38 4 30 29 1 40 10 49 2 35 15 43 37 22 50) (27 17 26 3 46 36 48 19 13 44 14 33 18 25 5) (45 23 20) (28 9 39 16 41 12) (6) 
22 (39 29 27 3) (33) (45) (41 28 19 26 1 30 17) (16 8 46 37 47 43 24 21 9) (42 5 22 12) (2 31 18 34) (14 4 50 7 10) (13 35) (44 20 36) (6 11 48) (15 40) 
23 (40 44 15 25 18 13 27 2) (32 37 38) (3 50) (5 4) (17 47 23 11 29 31 8) (21 26) (1 12) (28) (30 41 36 6 24 19) (45) (20) (48 42) (16) (14 34 35) 
24 (48 9 14 40 15 7 37) (23 4 29 3 12 49 36 35 43 30 45 46 11) (28 41 39 5 20 33 1 18 26 44 38 22 19) (42 16 31) (13 34 32 2) (6 21 47) 
25 (44 10) (33 43 34 25 11) (7) (36 41 16 6 42 19) (15 17 8 3 48) (35 49 13 37) (40 26 24 28 46 47) (45 2) (1) (9 21 12 22 39 23) (30 32 27 29 18) (38) 
26 (50 49 48) (32 28 34) (36 9 2) (12 25) (13 37) (11 20 17 7 40) (41 24 6 45 4 33 46 27 35 22 42) (21) (38 19 47 23 39) (44 5 16 29 18 31) (26 15 1 43 10 30 3 8) 
27 (39 43 28 11 17 12) (1) (30 16) (18) (24) (15 35 4 14 2 7) (34) (44 40) (36) (49 8 20 5 31 21) (48 32 45 25) (29 6 37) (22 38 47 26 9) (46) (13 10 19 41 27) 
28 (27) (21 20 3 1) (8) (13 22) (45 26 5 39) (19 18 7) (29 32 24 48 4 2 50 9 17 12 42 30 36 43 28 31 44) (23 6 14 33 41) (49 47 16 34) (46) (38) 
29 (34 11) (18 38) (5 10 17 15 32) (24 20 31 30 23 25 33) (9 28 3) (4) (19 48 45 43) (12) (1 13 49 22) (41 39 40 27 44 35 26) (36 42 14 47) (2 16 29 8 6) (37) (46 50) 
30 (30 19 38 9 35) (11) (33 39 17 8) (44 6 47 13 12 50 36 40 7 5 32 18 3 31 27 21 41 29 25 23 10 48) (46) (16 2 34 43 15 42 26 4) (45 28 20) (1 24) 
31 (10 16 43) (33 18 39 45 1 2 15 8 3 34) (46 40 14 23 9) (5 38 48 44) (25) (26 30) (31 42 4 27) (37) (20 35 17 29 32 6 22 47 12 50 28 11) (49) (13) 
32 (6 34 8 45 37 38) (31 27 43 33) (9 47 29 10 23) (41 14 48) (35 36 30 11 5 13 16 44 49 1) (21 24 19 50 3 22 17) (7 2 42 26 15) (46) (28 4) (12 18 40 32) 
33 (45 41 22 24 39 33 11) (26 1) (46 7 34 44 10 3) (8 28 29 23 37 13 15 21 32 9 48 42 36 12 19 16 47 14 40 25 18 4 35 17 38) (20 49 50 31 5 27) 
34 (31 12) (22) (13) (9) (33 40) (5 49 8) (37) (26 3 10 48 47 28 45 24 15 7 32 44 30 34) (18 4 38 27) (29 41 43 39) (14 23 25 6 20 21 50 35 1 17 19) 
35 (37) (40 35 36 48 28 47 14 22 11 21) (13 46 9) (8 23 29 49 18 30) (17 33 43 6) (44 2 7) (42 31 34 32) (50) (10 20 45 39 1 16 26 15 19) (12 4 5 38 25) 
36 (33 19) (13 37 48 45 39 25 30 23 12 47 14 11 34 41 38 4 32 44 40) (21 2) (24 50) (1 28 22 31 17 35 7 16 46 36 6 42 8 27 20 3 5 18) (26 15) 
37 (50 42 12 37 44 15) (33) (10 19 30 14 29 27 1 13 47) (46 2 4) (31 28 45 5 43 32) (18) (24 41 6) (22 26 34) (20 21) (9 17 3) (36 25 49 40 23 11) 
38 (18) (46) (8 26 4 41 15 27) (9 49 21 43) (44 50) (31 1 29 34 40 36 16 13 28 12 6) (48) (10 25 33) (3) (19 42) (20 47 23 7 30 11) (35 2) (45 37) 
39 (7 2 46 19 20) (15 44 50 8 43 47) (4 40 21) (13 34 3) (41 22 10) (35 17 32 16 24 36 25 9 31 38 28 30 42) (1 6 27 11 14) (37) (39 18 23 33) 
40 (18 46 31 6 3) (21 42 17 48 27 43 5 8 24 45 35 34 11) (16 13 14 15 4 33 47 9 10 37) (1 30 2) (41 28 12 32) (26 20 23 36 50 49 19) (22 44 7 40) (38 29) 
41 (19) (49 18) (15 34 14 32) (47 8) (43 44 45 12) (29 40) (38 35 17) (36) (31 33 24) (50) (21 2 39 37 6 1 20 23) (46 13 3) (22) (16 27) (26 4 10 28) 
42 (7 41 26 17 21 11 46 19 22 32 35) (12) (23 27 16 34 30) (42 38 50 20 36 45 47) (31 25) (5 15 18 6 8) (29 14 49 44 33 43 2 4) (40 48 28 24 3 1 10) 
43 (13 28) (10 21 9 44 4) (11) (19) (6 26 18 24 42 38) (37 25) (35 16 32 43 39) (46 1 36 2 49 17 50 14) (45 33 27 22 48) (31 7 40 3 41 12 20) (34) (23) (5 29 47 15) 
44 (41 31) (22 21) (24 4) (35) (30 33) (18 6) (29 17 3 40) (13 8 9 26) (48 5 10 32 42 37) (39 7) (11) (45 25 44 34) (28 47 1 50) (15 46 16 43) (23 19 36 38 49 27) (12) 
45 (19 44 49 9) (38 8 47 40 35 4 7 18 42 23 24 31 13 3 36 6 39) (43 17 20 32 14 37 5 46 41 25 30 22 26 34 50) (1 45) (29 16 10 33 15 48 28) 
46 (1 13 21 48 25 46 3 20 45) (24 10) (36 23 34 7 44) (47 4) (17 18 2 12) (26 35 22 11 42 9) (49) (30 29 16) (50) (14) (38 43 31 19 39 15) (33) (40 6 37 5) 
47 (16 12) (6 41 10 1) (25 22 32 35 13 48 31) (37 29 23 20 36 34 24 4 28) (15 40) (21 8 11 42 18 7 50 17 9 2 3 5 43) (14) (39 19 38 47 44) (26 30 45) 
48 (46 23 49 12 34) (33 8 40) (43 4 30 14 24 20) (5 27 15) (13 31 16 37 19) (35 9 22 44 7 21 29 41) (38 1 2 17 3 11 47) (10 26) 
49 (24 3 2 40 17 32 6 49 28 26) (48 22 43) (8 34 25 1 42) (29) (31 44 50 41 18 16) (33 10 7 47) (5 20 37 19) (15 13 38 36) (11) (30 14 9 45) (46 21 4) 
50 (6) (22 23 8 48 9) (49) (34 38 26 12 21 18 36) (24 1 50 14) (43 4 44 10 32 41 47 19 40 29 20 13) (35 42 31 17 30 2) (45 37 5) (11 7 39) 
1 (40) (5) (6) (11) (43) (1) (48) (45) (46 50 14 32 41 24 35 16 21 12) (10 15 4 26 30) (19 47 49 27 25) (34 31 13 29 18) (42 8 2 28 9 39 20 33 22 36) (38 44 23 17 37) 
2 (40) (6) (47) (43) (28) (37) (26) (4) (10) (42) (39) (1) (25) (41) (8) (29 2 48 18 9) (5 7 36 46 49 21 27 38) (11 32) (19 20 22 3 17) (13 50 12 24 14 30) (31) (23 35) 
3 (33) (25) (46) (9) (3) (40) (7) (30) (43) (29) (24) (16) (41) (44) (47) (45) (2) (32) (23) (17) (28) (13 36 11 1) (34 37) (31 6) (26) (15) (19 48 5 18 4 39 20 14 49) (21) (22 38 10) (42) 
4 (22) (36) (9) (10) (21) (40) (34) (26) (12) (16) (38) (37) (3) (13) (2) (17) (42) (33) (44) (18) (6) (20) (19) (48) (49) (28) (35) (11) (27) (1 39 8) (30 47 46 4 41 24 29 43 5) (15) (7 45 23 32 50 14 31) 
5 (32) (17) (12) (13) (49) (20) (26) (48) (35) (33) (28) (2) (22) (40) (18) (34) (36) (16) (27) (42) (30) (47) (19) (14) (31) (9) (4) (23) (10) (45) (3) (1) (37) (8 29 44) (43 7 50 46) (21 24) 
6 (31) (18) (3) (6) (50) (16) (13) (27) (37) (29) (15) (21) (9) (4) (1) (39) (40) (26) (5) (17) (34) (20) (2) (46) (7) (25) (43) (44) (24) (22) (14) (8) (38) (30) (42) (35 11 10 28 12 45) (23 49 36 47 32 41) 
7 (16) (46) (36) (34) (42) (7) (49) (1) (33) (47) (2) (21) (19) (26) (3) (40) (24) (25) (11) (13) (27) (30) (48) (22) (4) (39) (28) (6) (20) (44) (12) (5) (45) (8) (50) (38) (43 10) (15 32 18) (35 17) 
8 (22) (33) (16) (14) (12) (44) (28) (29) (3) (32) (38) (20) (48) (1) (27) (30) (49) (17) (25) (40) (42) (13) (19) (47) (5) (31) (39) (18) (35) (23) (4) (45) (36) (2) (26) (6) (10) (41) (8 11 50 34) (7) 
9 (2) (6) (25) (31) (22) (39) (49) (29) (30) (13) (20) (10) (45) (15) (27) (12) (40) (8) (7) (4) (1) (43) (21) (35) (47) (48) (3) (32) (19) (9) (50) (18) (17) (33) (37) (34) (16) (38) (14) (5 26 28 24 46) (44) 
10 (6) (16) (31) (43) (45) (9) (21) (34) (37) (39) (26) (30) (47) (48) (33) (25) (29) (42) (5) (4) (49) (50) (44) (32) (10) (15) (7) (20) (35) (18) (8) (12) (19) (38) (41) (13) (2) (1) (11) (14) (17 40 3) (46 22) (27) 
11 (46) (1) (36) (12) (24) (10) (7) (37) (47) (23) (11) (17) (29) (19) (49) (6) (50) (32) (26) (40) (8) (39) (13) (18) (33) (42) (43) (38) (27) (22) (16) (44) (31) (5) (48) (2) (15) (30) (3) (20) (35) (25) (4 9 14) 
12 (28) (46) (12) (8) (14) (33) (10) (48) (32) (2) (42) (36) (38) (15) (26) (7) (19) (27) (23) (20) (44) (34) (3) (35) (41) (11) (47) (22) (43) (4) (21) (50) (25) (37) (1) (31) (9) (16) (17) (18) (5) (24) (29) (6 30 40) 
13 (41) (43) (19) (14) (11) (47) (39) (4) (23) (33) (50) (34) (37) (22) (13) (40) (15) (26) (5) (38) (7) (24) (44) (46) (30) (18) (28) (35) (16) (36) (31) (29) (45) (25) (8) (49) (20) (27) (21) (48) (32) (12) (17) 
14 (23) (42) (48) (46) (9) (19) (43) (36) (5) (14) (15) (3) (41) (20) (16) (29) (45) (31) (22) (1) (27) (10) (40) (21) (37) (39) (35) (28) (6) (49) (12) (13) (2) (8) (4) (11) (24) (34) (18) (33) (7) (17) (47) (50 32) 
15 (27) (6) (47) (45) (18) (38) (34) (49) (30) (21) (32) (7) (40) (19) (11) (44) (31) (12) (43) (23) (8) (36) (29) (10) (16) (25) (14) (22) (13) (1) (17) (20) (26) (48) (39) (24) (3) (46) (33) (37) (4) (42) (2) (41 5 35) (15) (9) 
16 (35) (44) (24) (48) (17) (23) (26) (2) (32) (13) (5) (25) (28) (47) (16) (40) (14) (45) (27) (1) (7) (39) (33) (29) (31) (42) (18) (6) (49) (46) (43) (3) (15) (20) (12) (10) (22) (21) (30) (36) (11) (9) (41) (19) (38) (4) 
17 (47) (12) (2) (7) (25) (31) (44) (41) (32) (1) (13) (42) (33) (23) (20) (37) (4) (15) (26) (27) (17) (19) (5) (11) (40) (21) (9) (29) (30) (3) (8) (28) (43) (50) (49) (34) (16) (14) (45) (22) (46) (6) (48) (39) (18) (36 35) 
18 (23) (45) (13) (28) (9) (34) (21) (42) (6) (2) (27) (38) (4) (11) (50) (35) (43) (33) (49) (25) (47) (20) (39) (41) (22) (18) (30) (36) (37) (17) (44) (7) (3) (12) (32) (24) (40) (8) (31) (10) (46) (5) (29) (15) (26) (16 19) 
19 (38) (11) (8) (24) (18) (36) (22) (29) (21) (45) (37) (43) (13) (32) (27) (39) (28) (25) (48) (20) (10) (19) (46) (34) (30) (7) (17) (16) (1) (23) (41) (49) (50) (3) (47) (42) (9) (6) (5) (35) (2) (26) (44) (40) (33) 
20 (2) (14) (13) (37) (35) (17) (12) (27) (48) (5) (30) (4) (24) (15) (1) (6) (40) (31) (19) (33) (47) (38) (22) (26) (20) (21) (23) (45) (39) (29) (9) (49) (36) (43) (46) (28) (50) (34) (7) (41) (42) (16) 
21 (22) (2) (40) (32) (17) (6) (50) (19) (28) (4) (46) (9) (38) (35) (25) (41) (5) (49) (42) (12) (8) (20) (15) (37) (34) (11) (39) (47) (23) (30) (7) (44) (33) (13) (36) (1) (3) (43) (27) (26) (16) (10) (48) (24) 
22 (18) (33) (16) (9) (6) (12) (13) (15) (25) (48) (27) (24) (39) (17) (21) (28) (41) (50) (44) (32) (14) (20) (22) (40) (43) (2) (46) (45) (3) (8) (49) (26) (11) (29) (4) (35) (10) (42) (37) (19) (34) (7) (31) (36) (47) 
23 (26) (46) (13) (42) (3) (9) (48) (17) (35) (19) (16) (20) (38) (50) (18) (25) (11) (14) (47) (4) (40) (5) (31) (7) (1) (41) (32) (43) (33) (39) (24) (21) (37) (36) (44) (30) (28) (23) (15) (12) (45) (2) (29) (34) (6) 
24 (33) (44) (26) (9) (4) (50) (2) (22) (20) (42) (36) (1) (45) (29) (23) (14) (43) (6) (48) (30) (46) (37) (17) (40) (34) (5) (47) (32) (18) (25) (27) (8) (13) (7) (28) (19) (39) (11) (49) (16) (10) (41) 
25 (8) (39) (4) (44) (7) (43) (37) (25) (23) (46) (16) (30) (47) (1) (26) (42) (18) (19) (33) (2) (12) (20) (27) (38) (36) (34) (5) (21) (35) (14) (31) (45) (49) (17) (13) (3) (29) (9) (15) 
26 (29) (43) (2) (26) (30) (27) (13) (16) (44) (49) (23) (33) (40) (31) (47) (17) (35) (25) (48) (9) (36) (5) (34) (3) (1) (21) (19) (4) (41) (15) (28) (12) (37) (50) (10) (38) (14) (42) (8) (46) (11) (32) (45) (22) (24) (7 18) 
27 (33) (37) (19) (12) (7) (3) (8) (21) (20) (41) (15) (36) (6) (26) (14) (23) (31) (48) (27) (42) (13) (39) (28) (4) (40) (38) (30) (11) (44) (22) (2) (9) (1) (17) (29) (5) (34) (43) (18) (25) (32) 
28 (14) (24) (5) (11) (30) (22) (47) (1) (36) (9) (7) (31) (3) (41) (42) (44) (28) (37) (6) (35) (12) (38) (4) (8) (45) (29) (32) (34) (40) (27) (10) (17) (23) (15) (25) (18) (19) (49) (16) (21) (43) (39) (26) (2) (33) 
29 (46) (34) (44) (25) (9) (35) (29) (2) (13) (14) (10) (23) (37) (41) (30) (40) (11) (17) (6) (21) (38) (48) (43) (47) (49) (27) (26) (22) (28) (24) (3) (8) (7) (15) (20) (18) (31) (32) (50) (19) (1) (33) (42) (12) (5) (45 4) 
30 (21) (10) (28) (49) (14) (7) (46) (23) (11) (50) (44) (1) (39) (24) (13) (32) (6) (27) (30) (16) (25) (3) (45) (37) (34) (26) (35) (17) (38) (40) (5) (36) (22) (31) (18) (12) (29) (42) (48) (47) (4) (19) (15) (2) (20) (9) 
31 (15) (46) (35) (47) (32) (50) (4) (49) (12) (28) (1) (2) (30) (45) (10) (16) (9) (31) (14) (41) (18) (11) (38) (33) (6) (23) (44) (34) (39) (29) (40) (17) (3) (43) (19) (42) (37) (7) (22) (24) (27) (36) (48) (8) (26) 
32 (29) (3) (31) (39) (15) (13) (49) (40) (1) (2) (26) (50) (6) (4) (18) (27) (20) (11) (9) (16) (43) (42) (12) (45) (41) (23) (19) (28) (33) (36) (5) (37) (24) (30) (8) (47) (17) (14) (44) (34) (32) (25) (10) (35) 
33 (33) (6) (21) (9) (4) (2) (42) (10) (5) (13) (46) (28) (34) (19) (17) (1) (44) (41) (40) (22) (29) (18) (37) (12) (3) (48) (25) (16) (36) (31) (26) (7) (38) (30) (20) (15) (24) (45) (49) (39) (8) (14) (35) (43) (32) (11) 
34 (16) (42) (15) (33) (49) (25) (19) (6) (38) (26) (2) (32) (35) (37) (13) (3) (39) (43) (27) (44) (28) (11) (4) (30) (31) (36) (8) (14) (40) (17) (12) (45) (50) (22) (34) (18) (48) (21) (47) (7) (24) (29) (10) (23) (46) (41 20 1) 
35 (46) (42) (12) (18) (33) (24) (9) (17) (41) (35) (10) (34) (22) (25) (31) (15) (16) (6) (21) (48) (43) (23) (40) (30) (45) (27) (38) (36) (39) (1) (14) (2) (32) (50) (44) (20) (19) (11) (13) (7) (3) (26) (5) (47) (29) 
36 (33) (19) (47) (26) (42) (13) (46) (3) (14) (27) (41) (25) (40) (5) (30) (28) (24) (32) (6) (7) (39) (8) (16) (20) (12) (15) (10) (11) (17) (49) (2) (43) (1) (21) (18) (44) (45) (36) (23) (37) (50) (35) (38) (22) (29) 
37 (27) (9) (29) (2) (39) (46) (25) (36) (21) (47) (32) (13) (41) (10) (44) (34) (38) (33) (4) (23) (49) (5) (19) (31) (15) (26) (20) (16) (7) (50) (35) (22) (11) (12) (17) (37) (45) (40) (6) (48) (24) (18) (1) (43) 
38 (8) (32) (24) (4) (39) (21) (28) (19) (50) (49) (34) (47) (40) (26) (44) (6) (45) (41) (31) (27) (29) (11) (13) (16) (48) (3) (25) (43) (17) (12) (35) (2) (18) (30) (15) (5) (9) (23) (10) (36) (33) (46) (42) (7) (14) 
39 (45) (31) (28) (47) (30) (1) (21) (7) (33) (18) (22) (2) (6) (9) (34) (44) (26) (50) (24) (8) (13) (35) (15) (12) (36) (25) (43) (27) (17) (10) (41) (4) (3) (39) (46) (29) (14) (16) (11) (19) (20) 
40 (42) (35) (17) (31) (36) (25) (43) (14) (12) (6) (47) (37) (15) (41) (44) (1) (18) (34) (10) (30) (33) (11) (46) (24) (26) (29) (4) (9) (38) (32) (40) (16) (8) (39) (27) (3) (22) (48) (45) (20) (2) (21) (23) (7) (5) (19 50) (49) 
41 (37) (50) (21) (29) (38) (5) (28) (39) (40) (6) (14) (23) (12) (2) (45) (11) (44) (13) (19) (17) (20) (10) (27) (30) (3) (26) (25) (24) (18) (9) (43) (1) (49) (34) (16) (22) (32) (36) (7) (15) (42) (33) (48) (8) (4) (47) 
42 (47) (23) (39) (18) (1) (26) (28) (49) (31) (12) (25) (46) (44) (13) (36) (14) (17) (11) (30) (42) (38) (4) (10) (22) (8) (33) (50) (45) (5) (24) (6) (9) (2) (16) (35) (7) (19) (3) (32) (40) (15) (20) (29) (37) (43) 
43 (10) (8) (44) (46) (39) (38) (25) (13) (24) (21) (5) (11) (7) (6) (9) (30) (28) (40) (47) (34) (29) (45) (35) (42) (49) (12) (1) (43) (26) (37) (19) (48) (50) (22) (16) (18) (31) (32) (27) (41) (17) (2) (4) (20) (15) 
44 (3) (31) (36) (7) (48) (33) (23) (20) (15) (35) (50) (27) (1) (30) (40) (37) (25) (12) (9) (42) (39) (38) (49) (11) (44) (47) (22) (8) (21) (34) (45) (5) (43) (26) (17) (29) (18) (46) (24) (32) (28) (19) (4) (13) (2) (41) (6) 
45 (49) (36) (6) (41) (23) (14) (45) (9) (10) (1) (44) (29) (43) (46) (2) (13) (26) (5) (38) (42) (16) (15) (20) (50) (35) (40) (32) (37) (31) (19) (21) (28) (27) (3) (22) (4) (8) (24) (34) (33) (47) (17) (30) (25) (11) (7) 
46 (28) (42) (24) (25) (17) (41) (26) (15) (3) (37) (2) (49) (1) (48) (14) (22) (32) (27) (13) (11) (46) (44) (36) (35) (16) (43) (30) (29) (40) (4) (39) (21) (45) (38) (8) (18) (9) (33) (12) (31) (5) (20) (6) 
47 (38) (8) (28) (32) (36) (2) (15) (23) (5) (7) (27) (39) (44) (26) (10) (35) (11) (12) (46) (4) (25) (48) (47) (42) (33) (40) (17) (49) (34) (45) (19) (30) (29) (31) (24) (22) (6) (41) (50) (43) (13) (37) (14) (20) 
48 (47) (50) (12) (11) (14) (49) (29) (4) (9) (44) (18) (26) (27) (6) (25) (13) (2) (40) (5) (16) (46) (23) (28) (19) (30) (42) (24) (36) (34) (22) (33) (21) (43) (38) (35) (45) (15) (3) (32) (31) (8) (7) (20) 
49 (5) (17) (14) (40) (29) (26) (16) (20) (9) (18) (31) (25) (4) (27) (33) (28) (42) (41) (7) (8) (13) (2) (44) (10) (50) (3) (24) (43) (32) (19) (49) (45) (34) (21) (1) (35) (37) (12) (48) (46) (38) (15) 
50 (11) (43) (23) (28) (32) (45) (29) (44) (21) (36) (46) (6) (13) (30) (50) (17) (35) (18) (9) (5) (20) (40) (12) (38) (31) (33) (2) (4) (41) (10) (7) (42) (34) (37) (16) (22) (49) (39) (14) (47) (3) (8) (26) (19) 
