0
50
50
1 (43 29 9 14 48 27 47 19 23 49 3 35 20) (12) 
2 (18 40 8 42 9 38 28 13 47 2 3 19 46 36 45 21 35) 
3 (25 1 37 42 4 28 35) (14 19 8 3 43 26 16 44 12 32) 
4 (17 45 6 18 32) (41 47 38 26 15 1 33 8 42 20) (23 12) 
5 (48 2 42 44) (13) (16 38 1 49) 
6 (4 2) (18 46 14 5 27 47 11 12) (26 35) 
7 (16) (22 11 17 24 25 39 27) (4 18 8 10 6) 
8 (1 47 17 31 33 16 44) (5 26 2 39 40 42 23) 
9 (39) (28 43) (44 30 20 12 24 38 34 16 25) (10 47) (18 37) (29 19 40 41 35 36) 
10 (13 22) (1 23 15 40 2 14 36) (46) 
11 (16 4) (42 12 33 21 3 30 26 37 20 8 1 31 13 36) 
12 (41 47 30 35 6 45 42) (21 12 9 15 43) (36) (19) 
13 (22 3 27 17) (43) (46 21 5) (20 13 41 37) (36 2 28 44) 
14 (27) (5 32 45) (35 19 14 21 4 31 47 15 20 23 16 34) 
15 (9 31 45 21 35 4 25 19 32 43 18 41 24 46 1 13 27 28 47) 
16 (41 25 44 45 23 21 11 18 39 50 27 26 14 24 19 32 5 9) 
17 (18 4 26) (43) (31 29 13 40 24 46 28) (35 11 41 27) 
18 (26) (42 15 34 6 17) (45) (43 10 49 24 19) (21 1 35 14 48 23) 
19 (10 11) (5 17 19 34 42 23 43 44 47 15 29) 
20 (37 47 25 30) (42 4 49 46 23 22 13 21 28) 
21 (33 45) (28 30 35 25 7 21) (23 42 8 10 15) (5) 
22 (7 36 12 18 1 15 49 32 44 42 10 19 24 39) (35 2 21) 
23 (45) (9 49 14) (12) (46 40) (50 31) (32 8 42 26 22 19 27 18 47) 
24 (44 45 21 41 22 13 12 1 37 46 16) (10 26 29 36 23 8 38) 
25 (43 17 48 34 7 45 20 23) (3) (16 33 19 31 46 40 50 14 13 44 38) 
26 (20 38 3 31 10 16 47 19 44 11 49 36 48 9 21 4 24 18) (35 30 2 23) 
27 (29 1 38 41 8 40 45 26) (10) 
28 (11 31) (12 1 14) (21 47 32 39 24 25 37 33 41) 
29 (40 25 19 33 5 21 12 46 6 20 50 41) (4) 
30 (8 9 4 46 36 48 17 39 23 19 34 33) 
31 (15 5 41) (22 2) (32 43 24 23) (35 29) (3 17 8 48 12 37) 
32 (11 48 25 10 14 13 40 9 27 43 20 28) (22) (21 50 29 2 49 23 39 32) 
33 (1 32 50 49 47 12 7 37) (18 42 8 48 46 3 45 39 15) 
34 (23 19 16) (25 44 1 24 47 37 34 28 20 32 42) 
35 (4) (14 49 17 3 7 9 37 32 24 42 10) (26 19 40 46 21) 
36 (21 37 3 35 9 43 24 29 19 46 25 13) 
37 (39) (40 16 1 19) (27 25) (22 17 26) (4) (12 50) 
38 (32 28 11 6 16 38) (30 4 46) (12 50 1 18 20 37) (13 42 48 41) 
39 (15 47 35 37 24 46 17 49 2 31 32 43 3 18) 
40 (35 34 17 48 24 3 4 36 11) (5 43 9) (49 45 23) 
41 (16 13) (2) (39 8 6 7 3 48 36) 
42 (31 30 16 9 11 19 40 44 1 27) (13 35 45) 
43 (44 4 34) (7 5 6) (10 1 45 15 49 40 14 27 37 23 41 32 18 3) 
44 (46 14) (37 42 11 22 34 41 35 16) (12 23 3) (7 30 4 2) 
45 (25 44 12 11 1 37 23 15) (4 2 6 19) 
46 (3 50 43 1) (8) (45 37 35 24 46) 
47 (4 33 30 38) (36 16 7) (3 47) (15 46 50 13 21) 
48 (7) (19 27 35 44 12) (28 17 21 36 32) (24 45) 
49 (36 19 45 47 34 10) (15 1 40 26 18 41) 
50 (46 47) (50) (17 22) (28 26 7 27 5 1) 
1 (42) (15) (11) (33) (34 22) (49 10 28 37 46 3 24 4 43 5 27 8 45 38 18 50) 
2 (6) (10) (22) (26) (8) (44 32 5 41 31 45 13 39 2) 
3 (26) (13) (36) (40) (3) (31 2) (35 39 1 25 44 43 46 41 33 47 11) 
4 (20) (6) (26) (37) (11) (43) (15 38 35 14 7 45 40 29 3 17 47) (30 44) 
5 (31) (21) (14) (8) (29) (16) (43) (40 19 50 13) (6) 
6 (12) (4) (29) (43) (18) (38) (45) (41) (7) 
7 (33) (25) (21) (43) (50) (48) (22) (44) (35 41) (47) 
8 (41) (23) (7) (31) (27) (33) (2) (11) (46) (21 4 24 3) (30) 
9 (40) (36) (32) (26) (30) (12) (35) (2) (1) (23) (15 42 16) 
10 (9) (43) (32) (49) (7) (19) (18) (21) (35) (26) (22 24 27) 
11 (42) (44) (6) (26) (45) (17) (16) (19) (32) (40) (7 38 28) 
12 (23) (9) (45) (24) (37) (33) (12) (3) (28) (1) (44 11 22 6 38 4 29 31 48) 
13 (2) (38) (41) (11) (15) (24) (42) (17) (32) (5) (13 10 36 47) (25 20) 
14 (16) (23) (6) (32) (44) (28) (35) (10) (3) (1) (25) (43 18 14) 
15 (39) (14) (10) (12) (47) (45) (49) (19) (18) (33) (22) (4 31 21) (43) 
16 (3) (34) (37) (11) (24) (7) (38) (25) (8) (26) (42) (5) (41 44 47 9 14) 
17 (13) (39) (18) (7) (31) (48) (37) (35) (50) (40) (8) (19) (30 25 4) 
18 (38) (23) (6) (4) (22) (43) (39) (7) (33) (9) (17) (15) (49 2 26 16) 
19 (2) (14) (34) (18) (23) (36) (49) (45) (12) (22) (29) (15) (42 3 26 16 37 48 9 35 25 19 1 30) 
20 (14) (26) (1) (32) (34) (11) (4) (25) (38) (9) (13) (29) 
21 (20) (26) (18) (32) (13) (28) (16) (24) (48) (22) (2) (36) (29 35) (21 12 47 11 15 14) 
22 (10) (37) (13) (20) (31) (50) (23) (32) (24) (44) (7) 
23 (4) (32) (18) (19) (25) (43) (30) (1) (14) (20) (26) (44) (34) (8 16 24 10 31 45 40 21) 
24 (22) (35) (40) (26) (34) (39) (31) (46) (28) (36) (18) (17) (48) (9 16 7 15) 
25 (28) (36) (15) (16) (20) (37) (7) (29) (21) (9) (32) (45) (34) (3) 
26 (49) (17) (37) (35) (11) (8) (23) (3) (27) (4) (50) (24) (6) (18 16) 
27 (1) (17) (13) (7) (16) (14) (50) (48) (43) (42) (23) (15) (37) (32 6) 
28 (17) (50) (38) (2) (21) (34) (32) (3) (48) (15) (20) (9) (13) 
29 (32) (24) (9) (36) (27) (17) (1) (19) (31) 
30 (11) (9) (38) (12) (42) (44) (47) (26) (20) (21) 
31 (8) (39) (15) (17) (14) (23) (42) (11) (28) (25) (26) 
32 (28) (22) (38) (3) (16) (43) (23) (32) (33) (31) (48) (35) (34) (15 39 4 14) 
33 (8) (21) (11) (4) (30) (47) (29) (25) (28) 
34 (14) (34) (30) (18) (40) (44) (19) (43) (49) (25) (9) 
35 (9) (42) (40) (3) (21) (17) (6) (39) (44) (15) (12) (22) (18) (1 14 2 48 36 46 31 26) 
36 (22) (41) (48) (11) (9) (10) (47) (30) (2) (12) (26) (24) (13) (49) (40) 
37 (9) (28) (11) (43) (36) (33) (3) (24) (31) (38) (35) (45) (20) (34) (46 39 13 44) 
38 (38) (25) (2) (47) (5) (27) (9) (4) (24) (26) 
39 (33) (28) (22) (32) (16) (30) (7) (37) (41) (9) (8) 
40 (32) (10) (43) (17) (27) (49) (8) (2) (9) (29) (25) (35) (42) (23) (37) 
41 (16) (4) (9) (28) (38) (44) (43) (15) (29) (12) (17) (31) (27) (13) (49 24) 
42 (35) (4) (18) (44) (5) (2) (20) (21) (34) (33) (8) (23) (38) (3) (22 11 19 12) 
43 (1) (40) (3) (19) (46) (9) (18) (32) (15) (39) (25) (12) (31) (13) (36 17) 
44 (5) (24) (3) (48) (43) (42) (34) (9) (13) (26) (16) (25) (19) (22) (45 8) 
45 (48) (18) (33) (16) (46) (12) (14) (43) (42) (4) (24) (21) (40) (27) (23 25 2 49 15) 
46 (44) (20) (23) (24) (10) (6) (15) (47) (38) (13) (17) (36) (39) (29) (30 25 33 2 46 35 50) 
47 (20) (14) (9) (2) (34) (15) (19) (33) (6) (23) (4) (39) (26) (8) (49 12 1 28 50 47) 
48 (38) (31) (25) (18) (26) (32) (5) (30) (33) (1) (41) (40) 
49 (32) (5) (33) (1) (35) (43) (39) (23) (22) (18) (40) (26) (20) 
50 (32) (47) (25) (23) (37) (29) (46) (50) (38) (33) (16) 
