0
50
50
1 (30) (45) (50) (21) (46) (38) (9) (3 17 8) (33) (11) (29) (1 6) (5) (26) (44 23 47) (40) (36) (12) (27) (48 37) (13) (42 34) (2 14) (18) (16) (20 19 28) (24) (25) (35 43) (4 10 7 15) 
2 (14 6 34) (20 27) (22) (8 48) (18) (37) (50) (16 19 10) (36 1) (23 24) (42 21 15) (2) (7) (33) (13) (12 28) (45) (3) (26 5) (43) (40 39) (41 29) (49) (31) 
3 (8 49) (20) (18) (7) (13) (47 26 29) (41) (1 23) (42) (39) (33) (6) (25) (4) (16) (36 45) (48) (44) (5 2) (27 50) (37 31) (32) (34) (40) 
4 (36) (25 28 45) (6 29) (4) (12) (16 20) (2) (7 13) (46) (30) (33 10) (22) (37) (19 43) (18) (47 48 9) (26) (50) (23 1) (3) (42) (17) (21) (14) (8) (11) (31 5) (38 34 44) 
5 (42 30) (24) (10) (13) (41 47 33) (29) (19 22) (5 15) (48) (49) (18 50) (43) (2) (4) (27) (38) (14 3) (20) (36) (1) (45) (26 11) (17) (25) (23) (35) (37) (34) (28) (8) (39) (46) (21) 
6 (12) (13 9 14 37) (43) (24) (6 27 30) (25) (31) (50 49) (33) (19) (22) (45) (7 39) (35 5) (47 32) (41) (8) (17) (21 23 38) (20 34) (2) (1) (46) (40) (48) (44) 
7 (38 7) (22) (12) (11 49) (15) (36) (40 13) (41) (44) (47) (48 46) (24) (1 19) (26) (50 25) (6 34 10) (30) (43) (16) (27) (31) (28 9) (14) (17) (37 39) (33 35) (23) (3) (29) (2 45) 
8 (21) (37) (18) (40) (13) (46) (23) (9 36) (39 6 2) (38) (43) (10) (11 31) (42) (27) (45 29) (3 24) (32) (4 16) (35) (48) (41 12 25) (26) (17 30 33) (50) (34 14 19 49) (8 15) (7 44 20 1) (47 5) 
9 (45) (14) (23) (42) (6) (4) (22) (43) (48 26) (38) (10 40) (46 49) (36) (29) (21) (15) (5) (31 1) (34 7 19) (16) (28) (47 9) (35) (50) (44) (3) (18) (2) (20) (12 32) (13) 
10 (35) (20 8) (9) (33) (19) (30) (43 45) (6) (2) (36) (23) (17 15) (37) (44 40) (10) (13) (31) (48) (11) (16 46) (28 22) (50 18 4) (25) (5) (32 24) (34) (29) (1) (3 39 49) (42) 
11 (9) (28) (14) (50 4) (21 42) (29 27) (11) (47) (1) (22) (43) (10) (5 31 24) (18) (48) (40 20 46 8) (38) (49) (44 25 34) (37) (41) (3 35) (15 7 23) (2) (19) (26 45) 
12 (4) (45) (34 33) (2) (36) (22 42) (1) (43) (49) (38 3) (20) (28) (7) (48) (44) (23) (30) (41 19) (37) (31 12 40) (24) (27 25 11 26) (10) (35) (21) (50 8) (13) (47) (18) (32 15 5) (16) 
13 (26) (48) (27) (8) (1) (22) (42) (18) (16 5) (40 13) (39) (20) (2) (35 7) (44 3) (28 23 19) (6) (25) (12) (34) (43) (17) (29) (21) (50) (46 24) (30) (49) (38) (4) 
14 (20) (12) (48) (24) (27 19 31 43 6 42) (15) (39 22) (37) (50) (26) (5 44) (7 34 13) (49) (23) (4 33) (21) (8 38) (35) (17) (18) (32) (11) (1) (3) (47 46 40) 
15 (39) (38 42) (46) (29 23) (15) (7) (25) (31) (9) (49) (34 30 16) (27) (28) (43 8) (37) (26) (45) (50) (2) (21) (33 10 41) (12) (6) (11) (19 1) (4) (18) (47 44 17) 
16 (42) (2 38) (4 41) (20) (11) (45) (9) (33 39) (35 26) (1 24) (47) (3) (23) (44) (36) (29) (7) (10) (19) (32) (34 28) (16) (40) (49) (43) (22) (30) (15 8) (5 46) (50 6 48 18) 
17 (14) (40) (30 10 43) (41) (9) (5) (7) (8 11) (48) (37 20) (50) (12 38) (22) (42 15 21 6) (1) (26) (36) (33) (32) (28) (34) (13 46 23) (44 18) (3) (2 29) (25) (45) (47) (17) (31) (4) 
18 (17) (5) (49 25 35) (46) (11 31 26 1) (13 43 23) (30) (47) (29) (19 3) (10) (28) (14) (50) (16) (7) (36) (24) (8) (41 22) (6 15 39 20) (33) (12 32 27) (44) (21) 
19 (12 15) (2 18) (49 29) (6) (31) (10) (48 9) (43) (27) (19 34) (16) (17) (36) (1 3) (23 40 35) (13) (46 11) (50) (41) (5) (38) (25) (21) (30) (39 28 47) (42) (8) (45) (4) (37) (26) 
20 (19 48) (9) (5) (28) (3) (30) (47 1) (49) (12) (41 13 15) (39) (18) (34) (10) (38) (31) (17) (2 32) (33) (8 43) (27) (40) (25) (22 16) (11) (7 20) (50) (45) (14) (4) (29) (46 42 44) (21 37) (36) (26) 
21 (19) (34) (32 33 26 31) (48) (42) (21) (29) (25) (37) (27) (5) (3) (18) (41) (10) (30) (40) (4) (1) (28) (8) (6 9) (22) (7) (16) (12) (38) (20) (23 47) (14) (13) (35) 
22 (24 14 23) (2 31) (16) (34 48 33) (28 17 47) (15) (18 19) (4) (8 36) (10 45) (21) (22 37) (11 5 32) (39) (30) (40) (12) (20) (1) (9) (49) (42) (29) (27) (3) (41) (6) (25) 
23 (37) (19) (29 7) (33) (11) (9) (21) (40 26 10) (14) (34) (8) (47) (38 48) (5 16) (45) (36) (39) (31) (6 46 1) (17 50) (49) (23 32 28 24 22) (20 35) (25) (30 13 18) 
24 (7) (27) (3) (25) (24) (21) (26 43) (50 35) (12) (22) (39) (18) (17) (44) (13) (45) (42) (23) (49 6) (34) (36) (29) (9 48) (5 16) (15) (47) (32) (8 20 41 1 33 40) (28) (2) (46) (19) (30) 
25 (2 28) (22) (33 21) (25) (4) (29) (41) (30) (36) (23 12) (20) (47) (45) (35 34 44 18) (46 11 24) (13) (3) (37 49) (38) (15 19) (27) (14) (8) (42 26 6 48 31) (50) (32) (9) 
26 (6) (20) (30) (3 35 1) (41 44 34) (40 14) (50) (43) (24) (46) (36 42 18) (29) (47) (23 21) (12) (13) (8) (28) (4) (5) (32 27) (25) (7) (17) (31 16 9 15) (33) (26 22) (2) (37) (38 45) 
27 (34) (43 7) (48) (6) (33) (16) (47) (13) (22) (11 26) (50) (5) (12) (37) (41) (42) (3) (36 40) (46) (19) (18 49) (29 39) (23) (44 28) (31) (8) (35) (1 10 17) (24) 
28 (15) (41) (50) (22) (12 48) (47) (42) (38 32) (24) (4) (13) (35) (43) (20) (49) (16) (37 10) (6) (18) (44 19) (25 8) (28) (3 11 5) (45) (39 40) (23) (33) (26 7) (46) (1) 
29 (49) (35 7) (9) (11 40 14) (26 30) (6) (42) (2 39) (38) (19) (15) (37) (12 41) (29) (27) (33) (17) (47) (28) (34 23) (5) (22) (8) (32) (48) (20 36) (18) (25) (24) (21) 
30 (18 35) (16) (31) (17 36) (34) (43) (27 24) (32) (1 13 42 30) (8) (20) (23) (21) (26) (28) (19 49 4 37 22) (38 47) (5 41) (44) (50) (48 3) (45) (40 12) (7) (33) (10) (11) (2 9) 
31 (1 32 9) (2) (12) (16) (11) (19) (5) (36 14) (37) (42) (17) (49) (18 48) (10) (8) (3) (44) (33 27) (26) (24) (41) (38) (45 40 50) (47) (43 39) (34) (22) (30) (20) (29) (28) (25 35) 
32 (34) (9 40) (4 5) (7) (16) (43) (6 42) (3 19 1) (36 15) (31) (27) (25) (26) (8) (24 14) (41) (32 11) (10) (28 37 12 30) (22) (49) (29 33) (35) (47 18 50) (46) (44) (48) 
33 (2 23) (41 27) (46) (1) (32) (44) (24) (38 48 8) (33) (21 10 37 22) (19) (34 43) (5 39) (36) (3) (28 9 25) (13) (49) (12) (6) (50) (31) (47) (20) (7 35) (30) (45) (29) 
34 (27) (42) (25 3 47) (44) (43) (19 23 48 18 11) (6) (50) (35) (12) (7) (17) (20 45) (13) (41) (46) (16) (9) (31) (21 32 10) (5 14) (36) (26) (49) (34) (29 1 38) (15) 
35 (11 15) (21) (16) (32) (4 46 7) (36) (41 35) (33 44) (25 45 27) (47 43) (5) (10) (2 17) (34 37 31) (12) (9 14 18) (30) (19) (42 39 3 8) (49) (38) (22) (29 26) 
36 (16) (10 33) (22 11 8) (27 44) (30) (26) (35 36 14) (41) (20) (15) (21) (39 34) (13 47) (28) (17) (19) (31) (42) (32 9) (43 24) (1) (4) (2) (37 12) 
37 (48 46 32) (21) (28) (24 35 50) (7) (17 42) (20) (2 30) (10 27) (47) (29) (37) (38) (12) (3) (19 16) (43 45 49 13) (39) (40) (34) (23) (1 26) (14) 
38 (32) (44) (14) (39) (4) (2) (17) (29 24) (28 8 31 1) (30) (38) (3) (10) (27) (45) (26) (16 37) (36) (47) (20) (35) (13) (25) (33) (43 15 46) (21) (18) (41) (12) (49 9) (34) (23) 
39 (39 4) (19) (43) (29) (6) (30) (9) (24 11 18) (37 25) (50) (46 7) (20) (16) (17) (28) (8 36) (3) (23) (32) (26 15) (12) (1) (45 2) (13) (33) (42 5 27) (41) 
40 (17) (9 33) (34) (5) (39) (16) (7) (2) (43) (22) (32) (29) (8) (40) (6) (24) (28) (49 48 19 38) (3 36) (45) (31) (37) (47) (11) (41) (4) (14) (12 42) (15) (27 25) (50) (13) (1) (46) (18) 
41 (47) (39) (49 14 20) (7) (33) (15 6) (25) (31 12 35) (40 21 16) (13 45) (19) (23) (18) (22) (28 27) (38) (2) (36) (50) (30) (42 26) (41) (11) (24) (32) (29) (46 4) (10) (43 1) (17) 
42 (6) (17 47) (3) (44) (48) (40) (25 34) (16) (31 14) (18) (38) (27) (28 50 32) (9) (20) (10 37 21 46) (5) (39 12) (4 43 11 2 19) (35) (42) (23 45 22) (26) 
43 (18) (7) (48) (21 29) (6 42 15 33) (19) (37) (50) (49) (16) (20) (40) (46) (8 32) (27 10 41) (31) (25) (4) (17) (2) (43) (5 12 44) (34) (45) (28) (36) (23 35 39) 
44 (50 21) (14) (33) (29 10 20) (43) (1) (39) (7 2) (18 27 35 17 28) (32) (8) (37) (3 11) (5) (46) (16) (31 48 42) (25) (34) (15) (40) (41) (22 19) (6) (26 49 13) (24) 
45 (48) (25) (8 27 9) (6 17) (34) (11) (1) (28 45) (36 35) (20) (30) (23) (4 50) (47) (12 43) (29 49) (40) (16) (38) (5 42) (19 26) (31) (39) (7) (46) (33 10 2) 
46 (9) (24 23) (38) (18) (41) (50) (17) (3) (19) (22 45 26) (21) (10 46) (43) (14) (47) (35 31) (11 33) (20) (39 29 5) (32) (2) (13) (4) (48 49) (7 42) (37) (6) (44) 
47 (16) (31 7) (45) (47) (14 35) (15) (30) (38) (18 48) (50 26) (20 42) (8 6) (44) (49) (24 33) (28 11 25) (17) (2) (39 29 9 4) (27 21) (13 3) (40) (41) (43) (5) (32) 
48 (16 6) (39) (33) (34) (45 37) (24) (46) (38) (29 14) (31) (47) (7) (35) (48) (20) (13 1) (9) (3) (23 19 42) (43 18) (8 32) (28) (50 27 4) (26 2) (25) 
49 (12) (6) (43) (33) (41) (11) (30) (27) (19 45 34) (48 39) (47) (18) (35) (25 5) (44 13) (1) (17) (32 3) (9) (26) (29 10) (42) (7) (21) (14) (2) (46) (40) (20) (36) (49 8) (38) (37) 
50 (48) (21) (49) (4) (44) (29 40) (37 1) (23 33 36) (41) (19) (30) (3) (18) (45 35) (39) (11 16 34) (25) (50) (7 27 46 20 2) (13) (17) (42 24 6) (28) (22) (31) (26 9) (15) 
1 (19) (20) (48) (50) (8) (15) (37) (5) (12) (41) (1) (36) (31) (26) (28) (3) (44) (16) (39) (18) (40) (14) (9) (23) (32) (45) (11) (38 33) (22) (4) (6) (21) (7 27 10 13 17) (24 49) (2 30) (34) 
2 (19) (5) (11) (16) (8) (13) (45) (3) (6) (42) (22) (4) (38) (31) (7) (12) (46) (36) (49) (44) (17) (10) (20) (43) (47) (29) (33) (2) (25) (40) (15) (50) (37) (9) (48) (24) (35 39 26) (41) (1 30) 
3 (20) (38) (13) (44) (22) (26) (25) (28) (2) (8) (35) (24) (42) (17) (27) (1) (40) (19) (31) (34) (11) (30) (9) (39) (16) (32) (4) (37) (5) (21) (48) (10) (47) (49) (46) (14) (18) (33) (50 12 7) 
4 (43) (21) (14) (10) (19) (5) (25) (11) (38) (9) (1) (32) (41) (50) (30) (48) (17) (4) (36) (22) (3) (39) (28) (26) (20) (15) (13) (12) (42) (8) (40) (46) (45) (16) (35) (47) 
5 (19) (33) (24) (16) (14) (34) (44) (11) (23) (5) (1) (18) (21) (31) (39) (35) (8) (46) (9) (4) (2) (22) (43) (49) (6) (12) (40) (45) (27) (26) (10) (47) (13) (32) (30) (42) (17) (3) (20 28) (29) 
6 (28) (19) (16) (29) (25) (49) (1) (47) (34) (44) (39) (40) (13) (45) (22) (18) (43) (6) (4) (10) (46) (32) (9) (23) (26) (8) (42) (3) (24) (41) (17) (48) (2) (27) (33) (7) (14) (50) (15) (21) 
7 (43) (35) (26) (30) (49) (4) (37) (13) (40) (27) (41) (32) (50) (45) (20) (48) (8) (44) (2) (33) (24) (3) (29) (6) (16) (17) (23) (21) (15) (11) (9) (14) (1) (18) (28) (7) (12) (47) (46) (39) (34) 
8 (6) (26) (4) (21) (12) (14) (16) (29) (25) (49) (30) (44) (15) (38) (10) (47) (23) (36) (28) (5) (32) (20) (45) (40) (11) (43) (48) (35) (3) (19) (13) (18) (22) (39) (31) (2) (8) (24) (27) (33) (1 17) 
9 (21) (49) (11) (25) (26) (8) (4) (48) (1) (35) (38) (7) (16) (24) (29) (32) (31) (10) (19) (36) (15) (50) (20) (22) (23) (46) (45) (33) (39) (17) (30) (42) (9) (34) (6) (47) (40) 
10 (17) (11) (2) (49) (35) (4) (22) (23) (9) (32) (1) (44) (20) (45) (38) (8) (42) (37) (16) (15) (34) (28) (43) (5) (30) (41) (10) (27) (21) (36) (12) (33) (19) (7) (31) (46) (18) 
11 (45) (8) (19) (31) (28) (15) (16) (14) (18) (35) (44) (34) (42) (4) (49) (22) (11) (46) (25) (29) (50) (1) (5) (7) (36) (39) (23) (32) (17) (10) (27) (41) (30) (47) (12) (40) (20) 
12 (49) (25) (6) (29) (26) (36) (13) (34) (27) (37) (4) (28) (32) (9) (33) (14) (45) (2) (12) (18) (40) (42) (1) (21) (30) (15) (39) (31) (7) (24) (41) (35) (22) (38) (20) (19) (8) (43) (17) 
13 (2) (3) (30) (47) (44) (8) (24) (36) (48) (41) (6) (10) (4) (50) (38) (37) (5) (39) (25) (19) (13) (49) (34) (28) (46) (18) (20) (27) (17) (14) (26) (21) (33) (1) (7) (40) (12) (9) (23) 
14 (2) (1) (23) (41) (20) (4) (47) (8) (18) (34) (32) (31) (49) (44) (46) (11) (7) (35) (40) (38) (5) (17) (9) (25) (26) (36) (48) (22) (42) (21) (29) (6) (37) 
15 (32) (43) (47) (28) (41) (7) (25) (11) (10) (16) (1) (14) (8) (15) (29) (50) (19) (18) (9) (26) (36) (24) (35) (44) (20) (34) (2) (40) (17) (12) (39) (22) (5) (38) 
16 (4) (45) (26) (32) (3) (7) (27) (18) (40) (31) (2) (36) (43) (15) (19) (34) (41) (38) (37) (22) (47) (20) (12) (44) (21) (48) (1) (30) (50) (42) (35) (28) (9) (10) (39) (8) (23) (13) (16) (24) 
17 (38) (43) (37) (31) (34) (19) (20) (8) (49) (18) (13) (27) (6) (44) (1) (41) (5) (50) (26) (42) (14) (29) (10) (47) (23) (15) (22) (24) (7) (46) (4) (35) (40) (30) (45) (17) (39) (36) 
18 (39) (50) (24) (35) (13) (46) (19) (5) (8) (17) (34) (21) (14) (26) (42) (38) (25) (43) (16) (29) (41) (4) (23) (22) (9) (49) (28) (1) (2) (3) (44) (48) (31) (30) (20) (11) (32) (40) (12) (47) (15) (27) (10) 
19 (49) (21) (25) (11) (6) (24) (1) (18) (12) (34) (36) (29) (28) (8) (44) (39) (5) (45) (32) (41) (46) (31) (42) (40) (43) (14) (48) (50) (33) (22) (9) (13) (15) (2) (35) (19) (30) (16) (4) (23) (7) (20) (10) (27 37) 
20 (41) (49) (13) (8) (23) (20) (14) (34) (17) (26) (47) (10) (24) (3) (25) (22) (38) (4) (16) (21) (12) (36) (39) (37) (18) (45) (43) (2) (31) (6) (46) (50) (11) (28) (5) (42) (1) (48) (44) (30) (9) (29) (33) 
21 (33) (46) (5) (44) (15) (43) (2) (42) (8) (14) (11) (13) (38) (37) (4) (50) (25) (36) (34) (9) (47) (17) (1) (19) (49) (29) (22) (18) (41) (6) (35) (21) (23) (26) (24) (20) (12) (30) 
22 (5) (33) (21) (10) (16) (2) (44) (42) (7) (31) (14) (12) (50) (30) (46) (25) (28) (35) (22) (26) (9) (29) (11) (13) (32) (40) (4) (36) (20) (6) (23) (17) (18) (24) (27) (41) 
23 (13) (50) (25) (45) (21) (22) (15) (8) (16) (43) (38) (10) (9) (14) (48) (34) (26) (1) (11) (19) (12) (24) (5) (41) (39) (7) (6) (3) (37) (4) (30) (42) (18) (27) (33) (17) (29) (23) (28) (46) (2) 
24 (44) (38) (40) (11) (29) (37) (25) (26) (7) (31) (46) (1) (36) (13) (22) (2) (8) (48) (23) (39) (12) (32) (28) (24) (50) (10) (41) (14) (6) (5) (18) (47) (27) (30) (33) (16) 
25 (23) (49) (44) (29) (32) (25) (6) (33) (28) (48) (39) (38) (1) (4) (7) (22) (41) (19) (31) (12) (42) (35) (40) (47) (8) (43) (45) (10) (18) (15) (5) (11) (34) (21) (13) (26) (3) (50) (24) (17) (20) 
26 (11) (38) (47) (1) (20) (2) (30) (29) (41) (28) (26) (42) (19) (44) (48) (46) (3) (31) (16) (32) (27) (35) (7) (12) (36) (21) (18) (9) (17) (13) (50) (5) (34) (25) (8) (23) (15) (39) (49) (14) (37) (4) (45) (24) 
27 (33) (32) (29) (40) (48) (37) (26) (1) (47) (11) (21) (35) (14) (43) (6) (18) (7) (50) (34) (45) (5) (12) (25) (3) (20) (30) (13) (19) (22) (44) (31) (2) (15) (41) (24) (42) (8) (36) (49) (38) (39) 
28 (15) (20) (19) (39) (24) (43) (28) (17) (5) (2) (22) (40) (30) (1) (7) (27) (42) (9) (50) (26) (23) (32) (44) (48) (25) (38) (29) (41) (11) (10) (36) (4) (31) (12) (37) (16) (21) (47) (45) (13) (33) (18) 
29 (45) (38) (2) (34) (26) (24) (43) (46) (11) (37) (18) (1) (22) (17) (23) (29) (49) (27) (31) (3) (16) (13) (25) (41) (21) (7) (10) (19) (33) (48) (44) (35) (50) (4) (40) (47) (8) (39) (32) (5) (15) (20) (9) 
30 (36) (8) (19) (41) (35) (33) (12) (6) (47) (22) (30) (18) (10) (24) (32) (15) (23) (16) (39) (29) (49) (25) (38) (50) (37) (21) (45) (7) (31) (20) (26) (5) (13) (4) (1) (17) 
31 (43) (42) (19) (46) (6) (25) (45) (10) (48) (50) (9) (26) (21) (12) (40) (34) (27) (18) (15) (20) (8) (36) (33) (41) (17) (3) (47) (38) (4) (2) (23) (30) (7) (32) (44) (14) (35) (22) (11) 
32 (42) (29) (32) (26) (44) (28) (16) (9) (40) (8) (10) (6) (49) (18) (17) (35) (21) (34) (23) (14) (24) (12) (25) (33) (43) (20) (38) (41) (48) (31) (36) (47) (46) (3) (22) (37) (30) (39) 
33 (26) (32) (43) (17) (33) (8) (2) (12) (49) (50) (47) (10) (44) (48) (40) (4) (35) (28) (18) (5) (41) (16) (15) (7) (38) (25) (46) (30) (36) (3) (45) (14) (1) (23) (31) (20) (27) (22) (6) (21) (29) (39) (24) 
34 (14) (32) (11) (4) (42) (6) (24) (34) (31) (2) (44) (22) (10) (12) (49) (38) (17) (8) (23) (7) (19) (13) (3) (33) (48) (27) (43) (40) (5) (37) (29) (35) (50) (1) (26) (15) (30) (36) (16) (20) (21) (45) (9) (25) 
35 (16) (1) (49) (28) (43) (46) (36) (34) (10) (25) (26) (11) (32) (29) (50) (7) (42) (21) (47) (5) (35) (8) (27) (6) (9) (33) (23) (38) (45) (12) (13) (30) (41) (44) (19) (31) (37) (14) (18) (24) (48) 
36 (20) (27) (10) (23) (7) (9) (19) (31) (41) (43) (30) (8) (45) (29) (18) (25) (49) (32) (22) (4) (17) (34) (40) (50) (24) (38) (33) (26) (3) (39) (35) (1) (12) (36) (5) (16) (2) 
37 (26) (22) (43) (15) (30) (5) (11) (14) (6) (46) (28) (4) (40) (8) (29) (32) (3) (44) (12) (39) (1) (33) (10) (23) (42) (38) (35) (7) (19) (2) (27) (36) (17) (31) (20) (48) (49) (50) (37) (21) (25) 
38 (38) (21) (19) (23) (20) (7) (31) (1) (25) (46) (17) (49) (30) (47) (41) (35) (40) (14) (9) (42) (12) (11) (48) (29) (16) (6) (45) (26) (37) (5) (13) (8) (28) (4) (34) (33) (15) 
39 (22) (16) (43) (47) (41) (10) (6) (37) (13) (2) (29) (36) (20) (50) (18) (44) (31) (42) (14) (46) (45) (15) (27) (8) (5) (48) (19) (28) (39) (35) (38) (33) (40) (7) (24) (49) (3) (23) 
40 (42) (23) (27) (28) (30) (8) (29) (3) (14) (26) (16) (22) (19) (44) (37) (17) (41) (43) (2) (10) (49) (24) (31) (9) (45) (20) (50) (12) (7) (21) (32) (6) (40) (13) (1) (11) (47) 
41 (26) (19) (44) (46) (27) (41) (38) (39) (18) (6) (40) (21) (24) (31) (16) (5) (22) (50) (17) (12) (11) (29) (43) (28) (30) (32) (47) (36) (15) (8) (49) (33) (35) (20) (3) (34) (7) (25) (2) 
42 (45) (15) (2) (12) (8) (9) (4) (40) (1) (5) (43) (47) (30) (34) (36) (49) (39) (41) (42) (24) (26) (10) (37) (22) (28) (27) (25) (46) (20) (31) (3) (21) (48) (11) (19) (35) (16) (14) (13) (17) (50) (44) (32) (29) 
43 (35) (2) (36) (34) (26) (1) (46) (18) (27) (7) (20) (5) (30) (42) (37) (47) (38) (15) (14) (11) (4) (28) (41) (24) (44) (16) (49) (32) (43) (13) (40) (9) (33) (48) (19) (17) (39) (12) (31) (6) (45) (10) (8) 
44 (47) (17) (24) (16) (27) (14) (49) (33) (12) (32) (46) (35) (3) (30) (31) (10) (34) (15) (7) (36) (20) (13) (8) (43) (26) (11) (28) (50) (9) (38) (6) (42) (18) (1) (4) (25) 
45 (15) (23) (16) (8) (35) (28) (4) (45) (33) (22) (50) (41) (12) (39) (1) (43) (25) (47) (2) (31) (6) (5) (3) (7) (10) (19) (42) (24) (37) (40) (46) (49) (20) (26) (11) (30) (9) (34) (38) (48) (17) 
46 (25) (16) (19) (50) (45) (13) (17) (37) (14) (11) (28) (35) (32) (27) (18) (9) (26) (15) (33) (7) (44) (23) (8) (10) (46) (5) (40) (39) (1) (42) (6) (20) (48) (41) (34) (49) (4) (38) (43) (24) 
47 (16) (42) (32) (47) (14) (17) (45) (23) (3) (1) (12) (20) (38) (7) (29) (30) (28) (48) (35) (21) (37) (46) (6) (9) (49) (18) (19) (15) (4) (26) (5) (25) (24) (40) (27) (33) (11) (31) (22) (41) (8) (34) (36) 
48 (1) (32) (33) (10) (25) (50) (29) (13) (34) (4) (42) (2) (17) (5) (19) (14) (16) (7) (11) (3) (40) (8) (28) (45) (12) (27) (20) (31) (22) (30) (21) (44) (48) (47) (6) (46) (23) (24) (49) (43) (9) (37) 
49 (16) (13) (49) (46) (45) (41) (3) (18) (9) (22) (27) (12) (40) (25) (11) (23) (15) (5) (28) (24) (37) (35) (43) (47) (19) (32) (30) (34) (44) (10) (31) (14) (2) (6) (38) (20) (33) (50) (7) (8) (29) 
50 (48) (32) (28) (17) (43) (47) (24) (6) (9) (41) (5) (2) (26) (4) (31) (39) (3) (23) (33) (7) (11) (37) (13) (46) (44) (25) (15) (42) (18) (12) (40) (8) (27) (16) (34) (50) (1) (10) (14) (30) (20) (45) (19) 
