0
50
50
1 (10) (45) (25) (5) (23) (1) (21) (11) (50) (34) (9 41) (31) (28) (32) (43) (14) (20) (4 27 26) (38) (39) (24) (35) (7) (8) (46) (13) (49) (33) (3) (29) (36) 
2 (12) (44) (38 48) (11) (5) (17) (15) (31) (47) (29) (7) (20) (13) (41) (2 36 34) (18) (1) (4) (25) (19) (30 32) (37) (14) (22) (16) (10 42 45) (21) (6) (35) 
3 (36) (43 18 12 15 27) (13) (40 2) (35) (32) (3) (16 39) (45) (37) (5) (42) (25) (47) (10) (9) (19) (31 20 11 38) (1 30) (46) (34) (17) (28) 
4 (34 20) (15) (28) (21) (35) (13) (41) (5) (12) (9) (39) (42) (49) (33) (29) (30) (10) (18) (19) (1) (31 17) (4) (47) (3) (38) (46) (27) (7) (2) (43 45) 
5 (39) (2 36) (26) (7) (15) (12 6) (25) (8) (3) (14) (17) (28) (40 19) (29 27) (33) (43 44) (35 47) (49) (18 38) (21 13) (16) 
6 (20) (27) (26 29) (40) (30) (28) (2) (4) (8) (19) (3) (32) (25 11 50) (42) (23) (10 31) (6 18) (15 17) (22) (12) (47) (24) (44) (34) (33) (35 36) (9) (5) (21) (41) (45) (39) (7) (1) 
7 (12 2) (40) (31) (7) (35) (26) (33) (6) (18) (36) (32) (3) (10) (44) (30) (46) (50) (11) (37) (19 9) (4) (28) (29) (8) (17) (49) (15 16) (20) (34) 
8 (30) (26) (33) (45) (20) (36) (3 29) (27) (24) (48 11 49 4) (35) (13) (46) (6 8) (10 9) (17) (25) (34) (39 47) (41) (28) (1) (22) (40) (5) (37) (2) (42) 
9 (4 36) (33) (7) (15) (35) (18 14) (40) (19) (3) (30) (22) (1) (26) (29 25 47) (20 39) (24 37 48) (12) (44) (28) (41) (45) (9) (50) (32) (8) (31) (2) (38) 
10 (11) (45) (41) (1) (29) (42) (5) (39 8 19 50 7 4) (25) (49) (20) (9) (14) (35) (47) (31 22) (15) (30) (36) (38) (2) (26) (6) (23) (21) (46) (34) (12) (33) (18) (27) (44) (37) (13) (28) 
11 (34) (23) (21) (44) (50) (4 10) (9) (5) (20) (32) (31) (30 19) (27) (37) (35) (29) (2) (3 45) (36) (16) (48) (12) (13) (22) (6) (15) (18) (14) (41) (49) (43) (7) 
12 (15) (48) (49) (14) (7) (27) (21) (37) (28) (36) (5 30) (31 8) (50 1) (46) (10) (34) (41) (16) (22) (18) (6) (47 12) (24 43 40 11 33 32) (42) (9) (35) 
13 (21) (34) (26 15) (13) (4 41) (12) (49) (8) (7 50) (27 11) (47) (29) (35) (24) (48) (20) (17) (28) (9) (45 19) (14) (31) (43 2) (10) (6) (37) (16) (42) (46 36) (39) (40) (5) (30) (3) 
14 (24) (10) (13) (17) (41) (46) (26) (44) (30 11) (28 5) (39) (4 22) (6) (7) (35 47) (3 27 29 19) (9) (49 31) (20) (16) (40) (23) (1) (21) (36) (34) (48) 
15 (22) (49) (14) (38) (34 42) (6) (29) (50) (33 37) (41) (28) (48 25) (46) (12) (27) (10) (44) (35) (39) (19 32) (21) (13 17) (40) (4 7) (20) (2) (36) (1) (11) 
16 (44) (9) (11) (7 19 30) (3) (20) (25) (29) (28 10) (46) (38) (4) (31 45) (43) (24) (47) (15) (1) (14 42) (2) 
17 (2) (1) (9) (50) (48) (47) (37) (7) (11) (8) (38) (29) (34) (49) (25 31) (32) (24) (43) (40 26) (22 45) (17) (5 21) (10) (4) (30) (28) (12 42) (35) (39 36 41) (16) 
18 (20 41) (13 49) (39) (2) (46 32) (33) (16) (40 21) (42 24 45) (18) (9) (27) (17 15 12) (8) (26) (3) (31) (1) (43 19) (50) (36) (44) 
19 (27) (34) (44) (4) (16) (21) (18) (46) (50 47) (17) (26) (43) (15) (49 31) (9) (22) (45 6) (28) (12) (14) (19) (33 29) (32) (25) 
20 (34) (43) (1) (24) (19) (39) (27 48) (3) (25) (23) (6) (36) (17) (22) (16) (49) (26) (38) (40) (35) (45 11) (7) (32) (8) (5) (33) (50 47) (15) (28 21) (41) (42) 
21 (4) (36 34) (39) (49) (23 45) (25) (28 29) (2) (12) (20) (40 50) (1 35) (47) (21) (22) (16) (43 31) (27) (37) (14) (7) (42) (13) 
22 (32) (27) (44) (4) (38) (36) (46) (13) (23 37) (14) (28) (10) (11) (30) (31) (35) (17 19) (42) (8) (7) (9) (41) (25) (22) (3) (47 18) (20 33) (24) (34) (50 26) 
23 (26) (4) (9) (1) (47) (40) (29) (16) (50 48) (3) (28) (7) (33 27) (22) (5 2) (15 42) (12 17 30) (25) (19) (11 36) (39) (6) (20) (35) (18) (37) (38) (24) (41) 
24 (43) (15) (31) (12) (47 49 39) (13 27) (28) (34) (18) (37) (42) (4) (7 22) (17) (32) (9 23 2) (35) (50 48) (21) (26) (24) (46) (36 14) (33) (30) (8) (10) 
25 (47) (10) (23 16) (4) (20) (42) (46 31) (7) (19) (2) (40) (35 1) (21) (14) (12 37) (22 33 32) (36) (24) (17) (13) (6) (27) (9) (45) (44) (50) (11) (48) 
26 (14) (39) (10) (45) (6 48) (16 28) (15) (46) (12) (41) (31) (24) (36) (44) (8) (3) (4) (33) (2) (37) (42 38 17) (27) (11) (18) (23) (5) (21 13) (25) (9) (40) (20) (34) (1) (29 30) 
27 (41) (43 9) (15 36) (33) (28) (17) (11 21) (8) (37) (12) (29) (39) (23) (30) (25 35) (50 7) (22) (26 47) (31) (13) (45) (34 32) (18 14) 
28 (48 3) (22) (45) (39) (27) (28) (5) (32) (21) (23) (34 10) (19) (40) (17) (4 25) (41) (50) (15) (26 1) (13) (29 43) (35) (7) (2) (37) (12) (14) (49) (24) (47) (16) (6 31) (11) 
29 (33 8) (10) (32) (42) (40 20) (23) (28) (50) (22 5 19) (3) (15) (43) (30 13) (9 2) (46) (48 25) (38) (31 4) (41) (36) (26) (39 7) (44) (37) (14) 
30 (37 18) (44) (25) (3 8) (49) (40) (6) (21) (16) (33) (36) (14) (47) (34) (30 31) (2) (29) (15) (42) (17) (45 7) (43) (5) (27) (20) (1) (24) (26) (13) (35 41) (48) (22) (28) 
31 (36) (25) (37) (42) (18) (7) (29 11 33) (10) (24) (15) (43) (28) (50) (31 8) (48) (4) (45) (14) (16) (44 9 1) (6) (40) (5) (23) (46) (32 22) (35 2) (21) (19) (26) 
32 (23) (47 28) (11) (5) (36) (30) (38) (18 2) (42) (26) (12) (1 49 3) (22) (43) (41) (16 33) (17) (20) (4) (48) (37) (25) (50) (8) (32) (40) (21) (7 39) (46) (15) (19) (24) (9) (35) 
33 (7) (10) (42) (23) (21) (43) (28 1) (9) (25) (41) (6) (2) (48) (5) (47) (30) (4) (37) (40) (38) (31) (3) (24 20) (49) (46) (27) (33 39) (18) (17) 
34 (22) (48 37) (18) (36) (38) (26) (10 40) (31) (27) (24) (23 25 8) (19) (1) (21) (20) (13) (14) (5 49) (15) (12) (41) (3 2) (45) (33) (50) (32) (29) (44) (28 11) (46) (47) (9) 
35 (32) (21 17) (10) (22) (49) (24) (31) (2 7 25) (23) (16) (1) (9) (38) (50) (19 40) (36) (33 43) (14) (18 46) (45) (48) (37 41) (29) (30) 
36 (38) (11) (4) (17) (25) (23 49 34) (19) (16) (10) (2) (42) (33 18) (6) (45 29 44) (36) (37) (21) (28 40) (39) (47) (50) (12) (27) (14 8) (41) (32) 
37 (31) (19) (22) (28) (41) (40 29 30 26 48) (14) (38) (32) (23) (33) (16) (10) (15) (50) (2) (34) (3) (6 11 39 13 45) (9) (18 1) (21) (7) (37 47) (35) (17) 
38 (50) (16 26) (42) (18) (34) (37) (24) (49 22) (17) (33 11) (38) (9) (30) (28) (39) (2 3) (20) (44) (7) (25 6) (40) (13) (32) (48) (19) (29) (35) (8) (41 31) 
39 (44) (18) (43) (50) (7) (31) (26) (41) (30 5) (33) (10) (32) (16) (4) (19) (13) (14 47 28) (15) (20) (49) (38) (1 2) (27 11) (23) (12) (22 17 36) (8) (40) (45) (9) 
40 (31) (38) (25) (48) (35) (45) (22) (8) (24) (36) (37) (39 26) (33) (12) (6) (42) (41) (9) (46 3) (23) (34) (49) (2) (44) (20) (40 30) (4 14) (18) (27) (5) (19) 
41 (47) (36) (6 21) (20 37) (42) (14) (12) (48 22) (8) (23) (11) (46) (13) (25) (32) (50) (7) (45 41) (5) (26) (39) (17 35 4 27) (19) (33) (40) (30) (24 10) (49) (18) (38) 
42 (9) (4) (8) (39 20) (1) (45) (17) (12) (41) (24) (40) (32 15) (44 22) (29) (30) (26 2 7 35 16) (42) (10 18) (21) (36 3) (49) (46 50) (6) (28) (14) (19) (31) (34) (33) (27 23) 
43 (34 5) (50) (46) (1 13 22) (37) (2) (11) (4) (35) (25) (32) (18) (36) (45) (30 48 33) (42 14) (24) (10) (28) (15) (16) (9) (17) (3 29) (41 12) 
44 (48 2) (46) (41 27) (20) (32) (40) (35) (6) (16) (28) (34) (44) (30 5) (24) (9 14 8) (29) (37) (10) (42) (36) (47) (4) (23 3) (45 1 25) (18) 
45 (49 28) (36) (42) (33) (41) (13) (46) (40) (2 38) (22) (44) (24) (15) (20 45 39 37) (23) (17 32) (34) (29) (50) (5) (14) (21 9) (8) (1 47 19) (35) (7) (16) 
46 (44) (38 41) (6) (30 36) (2) (50) (1 21) (34) (43) (42) (19) (39) (5) (28) (9 15 40) (29) (27) (48) (25 22) (24 23) (4 31) (7) (47) (18 49) (11) 
47 (46) (2) (50) (13) (30) (17) (8 41) (19) (5) (11 18) (12 35) (9) (26 32) (23) (24) (47) (20) (38) (28) (44) (42) (4) (1) (22) (39) (48) (49) (29) (40) (31) (45) (21) (7) (33) 
48 (9 39) (32) (1) (50) (33 24) (15) (38) (21 34) (47) (6) (25) (29) (44) (4) (45) (20) (30) (35 8) (19) (40) (41 2) (3) (7) (18 46) (27) (17) (22) (28) 
49 (43) (44) (5) (15) (18) (34 14 25) (27) (1) (49 19) (23 16) (8) (12) (35) (11) (29 40) (6) (36) (39 31 24 38) (48 13) (50) (26) (21) (20) (47 9 46) (41) 
50 (18 42) (28 38 39) (26 37 13) (34) (3) (10 43 7 6) (25 2) (41 40 1) (22) (33 9 5) (19) (50) (36) (12) (49) (17) (46) (35) 
1 (9) (49) (37) (12) (46) (33) (47) (45) (15) (44) (25) (10) (34) (1) (48) (21) (35) (50 31) (32) (4) (17) (43) (28) (14) (23) (8) (3) (30) (42) (26) (18) (2) (6) (20) (16) (39) 
2 (15) (38) (7) (11) (4) (13) (33) (23) (45) (48) (46) (42) (3) (8) (5) (35) (39) (16) (6) (17) (34) (43) (30) (2) (26) (37) (47) (36) (28) (40) (24) (21) (25) (50) (32) (9) (29) (44) (18) (10) (31) 
3 (37) (44) (7) (11) (32) (29) (3) (14) (9) (34) (23) (22) (30) (20) (48) (33) (26) (4) (8) (13) (38) (40) (28) (50) (5) (42) (16) (43) (18) (1) (6) 
4 (11) (10) (47) (13) (19) (31) (22) (16) (25) (33) (28) (4) (42) (6) (8) (2) (48) (23) (29) (36) (39) (46) (44) (26) (41) (17) (1) (24) (7) (9) (15) (21) (14) (40) (32) (43) 
5 (17) (47) (4) (12) (26) (44) (33) (20) (23) (28) (49) (13) (31) (40) (14) (11) (50) (10) (8) (39) (3) (46) (45) (43) (29) (2) (41) (6) (32) (30) (1) (34) 
6 (15) (40) (49) (23) (19) (5) (8) (44) (2) (37) (25) (30) (31) (46) (14) (11) (42) (28) (36) (6) (38) (41) (10) (7) (13) (20) (26) (50) (33) (48) (12) 
7 (14) (10) (42) (16) (38) (15) (24) (2) (33) (47) (50) (31) (7) (41) (17) (13) (1) (25) (5) (21) (27) (29) (46) (30) (32) (37) (20) (11) (4) (39) (48) (9) (35) (12) (28) (23) (22) (45) (6) 
8 (13) (41) (5) (49) (29) (24) (10) (42) (18) (36) (12) (40) (22) (1) (7) (32) (17) (38) (30) (31) (34) (45) (20) (6) (27) (44) (47) (9) (48) (8) (26) (39) 
9 (48) (16) (38) (49) (42) (23) (7) (11) (37) (10) (40) (43) (32) (35) (29) (12) (9) (3) (34) (17) (46) (33) (50) (44) (25) (4) (45) (31) (19) (1) (24) (22) (8) (47) (13) (14) (26) (39) (18) (27) (6) 
10 (43) (42) (17) (13) (15) (31) (4) (50) (29) (22) (1) (16) (28) (11) (14) (12) (3) (7) (25) (8) (35) (34) (39) (6) (36) (24) (26) (41) (33) (37) (44) (2) 
11 (12) (3) (39) (22) (46) (6) (25) (28) (38) (17) (7) (31) (32) (26) (20) (16) (36) (49) (14) (27) (2) (23) (41) (1) (34) (37) (13) (43) (47) (15) (8) (10) 
12 (23) (40) (6) (28) (27) (19) (5) (36) (50) (42) (32) (25) (26) (34) (41) (4) (17) (18) (9) (11) (49) (3) (12) (2) (15) (43) (24) (47) (7) (21) (39) (13) (10) 
13 (21) (24) (38) (43) (25) (26) (18) (41) (29) (8) (14) (10) (13) (15) (45) (50) (34) (49) (11) (1) (30) (47) (28) (3) (27) (2) (5) (37) (22) (4) (39) 
14 (22) (19) (37) (12) (28) (5) (49) (2) (26) (39) (25) (16) (30) (15) (13) (31) (34) (43) (11) (1) (10) (41) (44) (45) (27) (24) (29) (40) (36) (42) (21) (9) (35) 
15 (18) (46) (37) (10) (45) (2) (12) (19) (6) (11) (3) (42) (23) (30) (48) (24) (26) (28) (13) (34) (49) (5) (27) (4) (16) (9) (43) (32) (39) (20) (29) (31) (7) 
16 (19) (18) (5) (2) (7) (39) (21) (3) (14) (20) (38) (23) (32) (49) (26) (35) (31) (45) (43) (25) (30) (28) (36) (11) (42) (44) (13) (12) (17) (37) 
17 (42) (17) (26) (47) (19) (5) (3) (18) (35) (28) (37) (20) (33) (32) (45) (50) (36) (27) (22) (15) (14) (25) (8) (24) (4) (48) (30) (6) (2) (43) (39) (7) (13) (41) (23) (38) 
18 (32) (9) (37) (33) (30) (12) (10) (24) (39) (48) (40) (2) (34) (46) (47) (31) (43) (26) (50) (35) (7) (27) (44) (6) (19) (42) (49) (22) (11) (18) (4) (36) (38) (5) (23) (3) (41) 
19 (20) (28) (10) (18) (39) (31) (5) (40) (36) (6) (50) (46) (19) (37) (22) (35) (38) (14) (9) (16) (25) (47) (15) (42) (11) (48) (7) (32) (45) (23) (34) (29) (41) (3) (2) (49) (4) (13) 
20 (14) (25) (26) (13) (18) (3) (49) (38) (39) (8) (4) (40) (42) (15) (23) (30) (47) (2) (21) (41) (1) (48) (9) (32) (22) (16) (34) (7) (10) (45) (44) (29) (6) (11) (33) 
21 (31) (32) (28) (24) (6) (20) (49) (1) (2) (33) (17) (34) (15) (46) (30) (12) (35) (25) (45) (13) (5) (19) (26) (14) (11) (48) (21) (41) (36) (42) (10) (47) (18) (4) (27) (37) 
22 (40) (43) (35) (37) (6) (22) (20) (9) (29) (25) (11) (41) (24) (10) (47) (38) (50) (21) (48) (15) (19) (23) (34) (14) (2) (42) (32) (30) (45) (17) (39) (27) (46) (28) (31) (12) (8) 
23 (36) (29) (47) (20) (42) (28) (21) (14) (40) (39) (45) (46) (24) (35) (11) (32) (26) (44) (34) (41) (27) (33) (49) (10) (1) (6) (31) (37) (25) (22) 
24 (45) (43) (47) (18) (46) (17) (14) (34) (6) (13) (48) (31) (44) (26) (22) (28) (33) (12) (35) (23) (24) (32) (30) (49) (40) (8) (9) (38) (41) (25) (42) (16) (20) (1) 
25 (22) (3) (26) (19) (5) (35) (20) (41) (38) (1) (43) (21) (30) (46) (29) (6) (50) (36) (10) (16) (44) (17) (32) (15) (27) (8) (33) (34) (9) (49) (23) (2) (31) (48) (28) (40) 
26 (19) (29) (7) (34) (1) (41) (5) (10) (30) (28) (31) (9) (20) (24) (38) (39) (23) (13) (6) (47) (37) (22) (40) (17) (8) (32) (18) (42) (14) (27) (50) (49) 
27 (41) (40) (42) (14) (19) (39) (18) (26) (21) (10) (15) (13) (8) (28) (20) (36) (3) (22) (12) (48) (33) (34) (6) (5) (11) (1) (4) (25) (46) (44) (49) (24) (23) (30) 
28 (22) (48) (44) (32) (4) (20) (24) (47) (3) (9) (5) (37) (27) (14) (39) (33) (6) (7) (29) (8) (19) (42) (43) (12) (34) (10) (36) (50) (13) (1) (26) (38) (30) (28) (21) (31) (17) (23) (16) (45) (46 15) 
29 (15) (21) (13) (6) (17) (37) (44) (2) (16) (27) (49) (9) (30) (1) (48) (36) (23) (43) (46) (35) (42) (11) (4) (26) (14) (10) (8) (31) (19) (34) (7) (47) (45) (28) (38) (5) 
30 (35) (29) (10) (40) (4) (16) (8) (42) (32) (7) (41) (48) (44) (37) (17) (3) (13) (27) (11) (46) (14) (22) (12) (43) (9) (24) (39) (6) (2) (33) (26) (30) (38) (47) (23) 
31 (4) (16) (13) (2) (30) (40) (18) (27) (7) (14) (9) (24) (39) (35) (34) (26) (29) (17) (28) (3) (38) (21) (37) (10) (19) (42) (46) (31) (22) (49) (1) (6) (47) (33) (11) (12) (25) 
32 (24) (7) (3) (47) (2) (36) (48) (6) (32) (11) (18) (42) (9) (34) (43) (35) (12) (17) (15) (29) (44) (37) (39) (1) (45) (41) (20) (27) (38) (31) (19) (28) (22) (25) 
33 (29) (50) (24) (47) (34) (39) (30) (19) (33) (1) (9) (25) (4) (40) (7) (43) (35) (37) (18) (20) (5) (36) (38) (31) (41) (48) (32) (12) (23) (10) (26) (45) (6) (27) (15) (42) (22) (8) 
34 (50) (36) (43) (13) (48) (7) (27) (4) (21) (37) (30) (3) (40) (26) (38) (22) (2) (1) (24) (6) (44) (14) (17) (45) (11) (42) (28) (46) (10) (20) (15) (49) (8) (12) (19) 
35 (32) (44) (22) (13) (47) (48) (42) (7) (37) (4) (3) (31) (27) (28) (45) (9) (11) (17) (14) (2) (40) (41) (24) (12) (23) (20) (8) (30) (21) (25) (15) (6) (49) (5) (43) (10) (1) (50) (38) 
36 (21) (40) (29) (43) (34) (36) (45) (50) (14) (39) (41) (7) (42) (1) (30) (11) (17) (26) (18) (44) (13) (49) (8) (27) (12) (3) (6) (31) (20) (2) (25) (24) (46) (10) (35) (22) (9) (5) (15) (23) (32) 
37 (21) (23) (36) (22) (34) (45) (8) (11) (35) (28) (40) (31) (30) (50) (17) (29) (10) (32) (9) (27) (26) (2) (15) (13) (3) (25) (33) (24) (44) (38) (7) (12) (43) (37) (41) 
38 (9) (15) (26) (36) (41) (23) (37) (5) (39) (17) (20) (40) (48) (50) (32) (49) (47) (29) (10) (22) (4) (38) (1) (34) (16) (46) (33) (2) (3) (35) (45) 
39 (27) (15) (3) (38) (49) (17) (37) (14) (8) (26) (36) (13) (20) (45) (33) (23) (9) (42) (10) (28) (32) (46) (6) (41) (4) (48) (24) (29) (40) (21) (5) (50) (47) (1) (18) 
40 (28) (8) (3) (39) (47) (37) (17) (32) (29) (7) (9) (15) (40) (25) (36) (41) (23) (5) (31) (38) (6) (12) (14) (44) (26) (21) (30) (42) (48) (18) (33) (13) (46) (49) (20) (50) (34) (45) (35) 
41 (4) (15) (38) (47) (9) (32) (41) (40) (6) (17) (48) (1) (28) (22) (46) (30) (13) (20) (34) (43) (18) (50) (10) (11) (26) (49) (12) (42) (37) (45) (35) (23) (14) (36) (33) (27) (39) (29) (44) (8) (2) 
42 (16) (25) (13) (30) (8) (32) (46) (33) (29) (43) (6) (47) (40) (17) (20) (26) (21) (3) (41) (42) (31) (12) (44) (45) (38) (50) (24) (15) (18) (23) (22) (36) (10) (4) (2) 
43 (24) (17) (33) (46) (31) (16) (20) (50) (11) (39) (29) (5) (30) (3) (35) (12) (19) (28) (49) (21) (27) (18) (13) (1) (4) (32) 
44 (9) (10) (25) (19) (5) (45) (36) (26) (6) (38) (39) (29) (18) (11) (44) (7) (47) (48) (40) (15) (2) (49) (46) (22) (14) (30) (42) (31) (34) (16) 
45 (28) (39) (18) (27) (45) (44) (2) (43) (35) (37) (9) (40) (26) (48) (4) (19) (34) (25) (47) (42) (11) (10) (41) (8) (30) (31) (1) (13) (17) (3) (20) (21) (6) (16) (36) 
46 (14) (48) (29) (12) (45) (4) (8) (22) (19) (15) (43) (13) (26) (49) (35) (24) (3) (42) (10) (32) (41) (31) (40) (16) (44) (50) (33) (1) (47) (7) (34) (25) (18) 
47 (9) (44) (13) (8) (2) (37) (33) (45) (6) (49) (16) (5) (27) (28) (25) (30) (23) (17) (4) (47) (3) (19) (24) (20) (21) (46) (14) (12) (34) (36) (10) (22) (48) (41) (32) (39) 
48 (24) (25) (49) (40) (41) (20) (30) (43) (12) (26) (38) (32) (9) (17) (23) (13) (33) (37) (14) (44) (47) (31) (35) (28) (15) (11) (29) (46) (8) (2) (34) 
49 (38) (19) (33) (15) (12) (17) (13) (5) (11) (39) (7) (14) (21) (34) (49) (30) (10) (47) (24) (20) (50) (8) (45) (41) (28) (1) (40) (18) (4) (46) (42) (35) (36) (32) 
50 (17) (49) (9) (11) (10) (28) (21) (36) (42) (45) (46) (38) (7) (15) (27) (39) (18) (24) (47) (35) (31) (23) (25) (50) (20) (37) (6) (13) (34) (22) (48) (12) (41) (32) (29) (19) (43) (1) 
