0
50
50
1 (29) (42) (44 31) (21 39) (2) (12) (3) (46) (32) (48) (43 35 14) (18 4) (27) (38) 
2 (26) (5) (22) (4) (6) (1) (37) (28) (2 20) (30) (44) (48 16) (31) (12) 
3 (11) (23) (49) (1) (36 38) (42) (20) (19) (10) (5) (22) (13) (47) (41) 
4 (29) (18) (26) (15) (10) (13) (33) (43) (1) (31) (2 9 7) (39) 
5 (40) (21) (37 13) (43 44) (48) (49) (42 12) (25) (17 23) (30) 
6 (27) (24) (5 15) (6) (25) (20) (36) (43) (47) (22) (40) 
7 (4) (27) (47 43) (48) (32) (24) (42) (39) (34) (23) (12) 
8 (29) (13 11 15 8) (10) (3) (20 34) (17) (6) (40) (9) (30) 
9 (16) (17) (50) (32) (14) (43 45) (20) (6) (49) (23) (9) (41) (8) (40) (28) (1) 
10 (40) (2 6) (33) (18) (36) (26 35 3) (10) (31) (47 4) (29) (16 34) (41) (9) (32) (24) (30) 
11 (34 50 30 27) (7 4) (42) (47) (21) (45) (8) (49) (15 11) (2 38) 
12 (45) (48) (17 49) (8) (50) (36) (6 38) (41) (29) (12) 
13 (26) (3 17) (21 41 12) (10 2) (49 23) (40 35) (11) (44) (29) (42) (5) 
14 (44) (17) (39) (14) (7) (8 3 46 20) (38) (18) (33) (50) (31) (35) 
15 (41) (36) (4) (8) (46) (34) (44 23) (31) (18) (35 10) (28) (19) (43) 
16 (34) (22 25) (36) (27) (7) (35) (30) (37) (49 46) (18) (23) (11) 
17 (8 45) (13) (30) (18) (37 21) (36) (24) (40) (20) (22) (23) (27) (42) (44 38) (4) (28) (46 10) (7 29) 
18 (24) (34) (4) (42) (5) (44) (36) (2) (12) (21) (16) (40 26 10) 
19 (2 22) (49) (34) (17) (32 28) (40 48) (38) (37 20) (44 7) 
20 (1) (40) (37) (33 46 20 39) (38) (31) (18) (44) 
21 (21 29) (2 40) (38) (4) (34) (15) (11 50) (36 27) (22) (42) (35) (49) (13) 
22 (50) (41) (38) (20 23) (45) (46) (40) (11) (8) (44) (12) (39) (15) (7) (5 3) (28) 
23 (45) (13) (34) (37 4) (25) (5) (9 46) (47) (41) (1) 
24 (50) (44) (6) (36) (7) (20) (40) (4) (16) (27 3) 
25 (29) (33) (20) (48) (30 35) (12) (31) (15) (21) (42) (22 44) (23) (47 9) (34) (10) (16) 
26 (31) (24 34) (15 6) (30) (45) (14) (39 37) (27) (46) (19) 
27 (47) (42) (44) (11) (43) (20) (17) (35) (36) (9) (16) (37) 
28 (7) (48) (14) (39) (27 49) (8) (6) (5) (42 37 11) (2) (18) (24) (28) (41) 
29 (33) (36) (6) (20) (24) (17) (2) (47) (38) (15) (1) (26) 
30 (30) (21) (8) (22) (12) (16) (26) (43) (11) (20) (32) (4) (15) (40) (44) (13) 
31 (37) (32) (28) (19) (23) (40) (42) (49) (25) (8) (15 39) 
32 (25 41) (46) (36) (16 13) (38 5) (45) (12) (3) (22) (33) (26) (11) (47) (28) 
33 (20 23 50) (1) (3) (38) (33) (10) (16) (11) (14) (32) (19 43) (15 25) (30) 
34 (17 5 34) (48) (12) (39) (3) (23) (42) (36 15) (28) (44) (49) (4) (38) 
35 (7) (45) (23) (15) (30) (49) (39) (12) (21) (47) (17) (31) (27) (19 41) (5) (37) 
36 (50) (7) (4 41) (34) (35 36) (20) (39 37) (29) (38 28) 
37 (3) (34) (10) (41) (29 50) (4 23) (6) (49) 
38 (30) (10) (4 22 33) (16) (13 12) (3) (50) (17) (49) (27) (25) (45) (39 9) (37) (29) 
39 (1 5 25 11) (24 7) (3 40) (17) (33 8) (50 30) 
40 (12) (31) (25) (47) (48) (9 44) (4) (28) (24 45 23) (27) 
41 (40 32) (44) (4) (45) (48 22) (7) (19) (28 10) (27) (20) (42) (36) 
42 (49) (42) (23 7) (15) (32 31) (36) (8) (24) (35) (29) (47) (17) (44) (26) 
43 (34) (26) (20) (21) (44) (41) (3) (15) (28) (9) (17) (24 25) (6) (4) 
44 (39) (3) (48 25 24) (4 33 49 30) (6) 
45 (38) (47 31) (45 24) (14) (32) (6) (46) (11) (50 12) (5) (28) (29) (42) (30 34) (7) 
46 (46 10) (28) (44) (34 43) (7) (4) (30 32 40) (1) (18) 
47 (25 35) (46) (29 16) (30) (11) (37 42 27) (21) (4) (34) 
48 (22) (10) (32 6) (17) (39) (47) (11) (1) (29) (16 18 50) (23) 
49 (20) (29 37 9) (50) (35) (17 27 21) (45) (5) (11) (34) (2) 
50 (36 1) (47) (48) (41) (42 20 38) (14) (11) 
1 (4) (33) (50) (48) (29) (3) (23) (20) (39) (2 9) (46) 
2 (21) (19) (11) (29) (2) (18) (28) (49) (4) (10) (13) (1) 
3 (24) (37) (38) (32) (44) (39) (34) (8) (13) (33) (14) (22) (1 10) (43) 
4 (1) (10) (24) (23) (47) (46) (40) (43) (7) (38) (37) (2) (34) (18) (11) (41) (30 36) (15) (17) (44) (21) 
5 (32) (6) (28) (39) (49) (22) (2) (34) (13) (35) (18) (23) (45) (3) 
6 (2) (12) (45) (9) (37) (29) (24) (8) (28) (26) (44) (6) (10) (43) (48) 
7 (4) (45) (41) (19) (36) (46) (14) (24) (17) (28) (11) (42) (35) (39) (22) (16) 
8 (12) (9) (39) (42) (14) (30) (15) (17) (28) (11) (8) (31) (22) 
9 (4) (43) (38) (9) (49) (8) (27) (23) (25) (10) (40) 
10 (38) (8) (37) (4) (17) (46) (25) (48) (15) (13) (18) (3) (10) (41) (33) 
11 (21) (3) (11) (50) (22) (16) (33) (13) (45) (39) (8) (27) (32) (28) (49) (30) (48) (47) 
12 (32) (38) (5) (22) (35) (12) (18) (25) (40) (34) (13) (2) (1) (7) (45) (30) 
13 (3) (38) (5) (17) (30) (8) (23) (21) (4) (32) 
14 (9) (26) (50) (14) (33) (45) (1) (28) 
15 (30) (26) (42) (34) (31) (25) (35) (33) (6) (22) (11) (8) (21) (4) (29) (43) 
16 (32) (30) (18) (24) (10) (47) (25) (27) (2) (38) (33) (48) (9) 
17 (13) (27) (48) (49) (39) (29) (38) (8) (43) (9) (42) (34) (35) (14) (12) (19) (5) 
18 (20) (46) (15) (1) (28) (17) (10) (16) (4) (48) (14) 
19 (41) (31) (3) (33) (26) (15) (35) 
20 (6) (25) (33) (41) (43) (49) (29) (17) (20) (9) (36) (14) (27) (19) (3) (24) (2) (50) (22) (30) (8) 
21 (1) (49) (21) (35) (11) (13) (18) (5) (47) (25) (30) (43) (17) 
22 (48) (16) (38) (19) (21) (32) (6) (17) (2) (3) (25) (41) (30) 
23 (48) (35) (15) (42) (22) (31) (37) (5) (9) (13) (3) (40) (25) (7) (33) (34) (17) (16) 
24 (29) (18) (45) (40) (44) (43) (7) (39) (42) (26) (17) (28) (6) (10) 
25 (5) (44) (32) (40) (33) (23) (43) (16) (47) (39) (38) (6) (31) 
26 (2) (13) (32) (30) (43) (29) (18) (10) (4) (42) 
27 (17) (26) (1) (28) (11) (38) (49) (16) (47) (21) (41) (6) (40) (7) (35) (24) 
28 (22) (45) (40) (9) (19) (36) (43) (28) (17) (46) (34) (41) (2) (32) (15) (31) 
29 (17) (45) (1) (42) (12) (48) (38) (10) (21) (36) (47) (49) (8) (13) (4) (25) (37) 
30 (8) (10) (17) (45) (38) (39) (11) (44) (5) (26) (16) (35) (47) (33) (25) (46) (2) (30) 
31 (26) (14) (1) (25) (15) (20) (2) (10) (35) (42) (40) (45) (4) 
32 (48) (9) (1) (33) (7) (45) (42) (10) (30) (46) (41) (19) (31) 
33 (25) (32) (44) (20) (38) (39) (14) (33) (4) (29) (10) 
34 (47) (19) (46) (45) (11) (43) (49) (37) (10) (18) (34) (36) (8) (21) (16) (23) (15) (7) (26) (25) 
35 (27) (49) (42) (16) (14) (1) (15) (25) (21) (36) (13) (10) (47) 
36 (3) (34) (36) (32) (17) (18) (21) (42) (29) (16) (10) (15) (6) (24) (12) (50) (41) (27) 
37 (19) (5) (17) (23) (20) (27) (26) (2) (36) (47) (28) (35) (31) (16) (49) (38) 
38 (21) (3) (11) (1) (19) (36) (34) (29) (32) (22) (20) (50) (17) (14) (45) (33) (12) 
39 (7) (31) (1) (48) (36) (4) (44) (34) (38) (14) (22) (35) (26) (28) (20) 
40 (39) (46) (10) (9) (31) (20) (5) (41) (21) (6) (30) (18) (19) (8) (24) (13) (17) (22) 
41 (36) (35) (37) (15) (9) (28) (50) (43) (13) (10) (23) (12) (3) (32) (22) 
42 (11) (17) (34) (3) (28) (25) (7) (42) (31) (21) (50) (27) (1) (41) (45) (47) (5) (18) (13) 
43 (4) (46) (6) (30) (9) (27) (5) (1) (33) (7) (15) 
44 (22) (43) (18) (46) (24) (5) (17) (34) (1) (2) (15) (40) (42) (13) (20) (27) (30) (41) (25) (14) (19) 
45 (40) (17) (26) (41) (11) (35) (23) (22) (49) (38) (12) (9) (45) (32) 
46 (47) (45) (15) (20) (23) (26) (46) (22) (17) (16) (32) (1) (14) 
47 (23) (50) (10) (3) (29) (6) (27) (11) (42) (40) (45) (35) (32) (7) (25) (48) 
48 (5) (19) (1) (44) (50) (41) (25) (34) (40) (28) (2) (7) (12) 
49 (28) (5) (9) (11) (35) (19) (31) (12) (42) (44) (34) (38) (16) (13) (3) (37) (21) 
50 (48) (37) (11) (39) (38) (45) (21) (36) (22) (9) (14) (49) (12) (24) (33) 
