0
50
50
1 (37 27 49 45 6 12 16) 
2 (32 33 47) (20) (48 5 41 18) (26) 
3 (34 13 24 20 29) (1 21 18 40) 
4 (40 31 45) (41 29) (42 44 28) (30) 
5 (30 38 46 5 20) (11 24) (7) (33) (49) (10 9 13) 
6 (43 36 7) (13 38 1 37) (8) (24 50 21) 
7 (28 39 41) (22 15 10 11 25) (40 49) (43 16) 
8 (27 9 35 41 17 4) (6 23) (3 44) 
9 (13 32 28 47 39 23) (10 24 41) 
10 (40 46) (42 50 26 1 5 31) 
11 (15 8) (14 21 36) (18 25) (3 23) (50) (7) (28) 
12 (28) (3 22 48 12 18 8 40) 
13 (19 35 18 42) (13) (24 2) (12) 
14 (36) (38) (25 2 15 46) (34 30 37 44 4 48) 
15 (41 45) (16) (40 3 21 24 36 5 23) 
16 (28) (15) (30) (9 29 3 44 48 40) (31 10 7) 
17 (44 18) (50) (39 40 29 8) 
18 (13) (27 9 35 5 21 26 17 32 49 11) (7) (41) 
19 (3 24 46) (1 34 26 28) 
20 (15 4) (45 5) (26) (1 13 23 46 12) 
21 (34) (43 27) (8 40 19) (25 42 39) 
22 (26 19) (48 8 33 36 18 21 49 3 47) (34 23) 
23 (29 32 17 21) (50 2 48 25 5) (6 20 30 27) 
24 (29) (12) (4 5) (15 45) (6) (42 25 1) 
25 (1 12) (20 23 19) (27) (13 35 8 15) 
26 (29) (17 42 19) (3 48 47) (10 41) (45) 
27 (38) (14 7 44 3 16 47) 
28 (10 18) (6) (19) (9 44) (45) 
29 (32 5 22) (6 26 42 12) (36 39) 
30 (5 32) (38 2 1 27) (22 19 20 26 15) (33 18) 
31 (28 15) (21 14 6 41) 
32 (21 13 48 26 41 3 19) (34 45) (38) (20 33) 
33 (13 7 42 24 23) (46 35) (26) (27) (9) (40) (4) 
34 (10 26 31) (29 2 12 38) (33 37) (42 49) 
35 (19 22 13) (39 41 47 25 23) 
36 (4) (5 30 28 14) 
37 (27) (37 4) (30 24 20 50 15 41) 
38 (17) (15 11 8) (18) (49 12 36) (13 46) 
39 (5) (37 40 8 50) (28 35 15 3 23 48) (16) (30) (34) (4) 
40 (42) (12) (30 15 6 36) (44) (21 8) (50 37) (32 35 31 5) 
41 (6 12 37) (42 40 14 22 38 41) 
42 (45 35 6 10 32 39 18) (46 29 16) (37) (1) 
43 (43 4 15) (31) (42 33 12 49 5 21) 
44 (15 25 36) (43 37) 
45 (1 33 37) (44 2 9 27) 
46 (35 21 7 10) (26 8 1) (3 14 46) (42 32 4 27) (48) 
47 (7 35 16) 
48 (13 10 18 20 15) (1) (35 46) 
49 (12 39 24 4) 
50 (41 26 9 36 35 5 48 42 19) 
1 (6 10 20 30 3) (19) (45 25 42 48 46) (24) 
2 (34) (14) (45) (13 23) (30) 
3 (15) (26) (8) (32) (11 19 27 39 16 46 22 12) 
4 (14) (20) (8) (46) (39) (43 24 37 49 36) (33) 
5 (50) (5) (20) (15) (40) (30) (10 23 29) (24) (36 18) (2) (39 43) 
6 (31) (24) (41) (29) (40) (1) (23) (42) (28) (8) 
7 (47) (5) (6) (46) (33) (27) (18) (16) (11) 
8 (46) (40) (22) (38) (6) (11) (21) (25) (17) (12) (39) 
9 (18) (33) (16) (45) (28) (50) (5) (8) 
10 (9) (48) (34) (46) (42) (16) (5) (28) (26) (7) 
11 (5) (18) (7) (38) 
12 (38) (41) (40) (24) (13) (20) (43) (25) (29) (1) (34 49 12) 
13 (13) (33) (48) (9) (3) (38) (32) (20) (35) (18) (6 25) (5) 
14 (46) (11) (31) (36) (41) (27) 
15 (44) (20) (7) (39) (11) (38) (14) (37) (40) (48) (16) (25 30 31 43) (24) 
16 (7) (42) (39) (47) (1) (15) (27) 
17 (26) (23) (18) (38) (8) 
18 (13) (38) (42) (30) (12) (2) (28) (11) (17) (48) (22) (3) 
19 (32) (21) (25) (26) (30) (50) (35) (28) (22) (13) 
20 (3) (30) (37) (25) (48) (5) (2) (32) (23) 
21 (6) (18) (46) (40) (11) (22) (31) (32) (23) (3) (43) (15) 
22 (35) (12) (41) (7) (30) (29) 
23 (20) (33) (25) (39) (35) (15) (9) (22) (11) (8) 
24 (15) (13) (33) (3) (37) (19) (5) (49) (9) (6) 
25 (35) (23) (7) (44) (24) (21) (14) (11) 
26 (33) (30) (46) (19) (34) (10) (22) (20) (32) (2) (50) (18) (29) 
27 (37) (25) (33) (18) (23) (1) (30) (21) (8) (46) (45) 
28 (39) (9) (4) (7) (36) (12) (11) (19) (16) (31) 
29 (34) (23) (24) (3) (26) (17) (16) (42) (4) 
30 (37) (36) (23) (4) (16) (5) (14) (40) (39) 
31 (43) (4) (40) (34) (10) (16) 
32 (29) (18) (42) (9) (2) (30) (40) (46) (23) 
33 (45) (2) (5) (22) (43) (32) (34) (30) 
34 (22) (14) (32) (21) (19) (39) (3) 
35 (18) (25) (50) (39) (42) (47) (13) (33) (40) (46) (48) (8) 
36 (29) (14) (6) (11) (38) (50) (44) (22) (15) (40) 
37 (39) (45) (40) (1) (42) (37) (14) (41) (44) (6) (34) 
38 (32) (41) (34) (30) (27) (5) (14) (6) 
39 (17) (9) (42) (49) (21) (7) (29) (35) 
40 (16) (41) (7) (12) (17) (10) (21) (4) (33) (3) (15) (39) 
41 (4) (18) (9) (35) (8) (32) (31) (26) (7) (50) (41) (2) (15 37) 
42 (34) (10) (46) (41) (43) (40) (50) (29) (4) (24) (33) (21) (26 13) 
43 (43) (44) (6) (21) (7) 
44 (27) (17) (40) (28) (14) (4) (16) (45) (8) 
45 (15) (1) (24) (42) (20) (28) (32) (4) (26) 
46 (42) (10) (5) (48) (14) (38) (19) (33) (20) (46) 
47 (26) (35) (2) (27) (22) (9) 
48 (22) (39) (50) (12) (2) (32) (26) (23) (46) (16) (14) 
49 (7) (5) (1) (38) (43) (34) (22) (18) 
50 (10) (6) (17) (11) (37) (40) (23) (39) 
