0
50
50
1 (6 23 15 48 36 32 26 35 16) (1 8) (31 5 46 30 19 37 29 4 18 34 12 47) (10 39 22 40 2 50 42 25) (9 49 21 7 20 17) 
2 (42 43 44) (15) (45 35 27 36 5 41 33 22 3 31) (1 8 16 7) (20 2 47 6 29 38 25 17 30 40 50 23 49 9 48 21 28) (14 11) (24 10 46) (4) 
3 (45 41 37) (6) (28 46 47 49) (31 20 14) (10) (50) (22 7 8 9 11) (16 32 39 34) (26 3 17) (15 19 44 36) (43 35 1 30 13 18) (38 12) (33) 
4 (20 44 31 19 26 36 34 10 41 37 11 33 9 5 47) (25 23 42 32) (27 43 24) (48 22 21 14 46) (13 1 18 16) 
5 (33) (25 34 18 44 27 9 5 47 32 1) (48 7 49 45 50 37 21 39 28) (31 23 41) (10 6 26 13 14 17 22 29 42) (30) (24 4 15 8 43 2 36 20) (35) 
6 (42 50 35 5 47 26 4 15) (24 30) (45 18 13 19 12 25 43 27 17 31) (1 11 3 44 28 20 8 16 29 14 6 46) (36 23 49 2) 
7 (46 19 45 9 3 36 18 13 11 23 22 29 42 26 39) (47 30 10 37 16 49) (21 43 33 50 31 1) (44 25 35) (41) (17) (48 5) (20) 
8 (43 7 4 15 11 29 36 46) (28 24 22) (26 47 35 49 45 31 19 39 44 8 16 41) (21 9 38 12 17 20 23) (3 13 18 30) 
9 (23) (32 42 14 7) (2) (35 11 36 21 4 12) (31 22 5 17 3) (30 24 28 38 40 41 19 34 47 39 9) (20) (15 49 8 45 1 27 50) (18 6) (43 25) (46) 
10 (24 33 18) (11 43 7) (27 23) (6 25 48) (16) (31) (17 28 47 15 26 5 38 35 8 21) (29 12 46 34 39 37 49) (41 42) (14 2 19 32 22) (13) 
11 (17 5 8 18 33 23 26 3 39 28 14 16 21) (42 9) (40 24 37 48 27 32 11 29 50) (10 41 44) (49 38 20 36 31 22 47) 
12 (36 32 4) (25 22) (49 12) (47 8) (7 2 38) (3) (9 44 10 18 19 39) (15) (41 37 5 45) (16 24 35 17 48 20 27) (43 28 13 46 21) 
13 (19 2 24 41 35 4) (15 45) (18 10) (29 12 23 14 26) (17 13 40) (32) (30 46 27) (31 44) (9 25 6 22) (47 37 39 21 11 50 38 8 36 3 33 28) 
14 (17) (43 36 46 16 44 6) (1) (39 32 34 38) (23 3 13 5 12 27 18 41) (31 30) (29 15 49 8 22) (11 35 37 28 25 40) (33 24) (20 48) 
15 (4 8 44 31 13 49 3) (9 1 50 14 40) (45 46) (38) (6 10 48 36 43 24 16 25) (34 35 30) (39 33 32 7 22 11 5 2) (42) (27) (28) 
16 (38 17 7 10 37) (44) (6 36 25 14 23 16 32) (33 18 1 39) (34 5 42 31) (19) (41 35 12 40 27 13 15) (46 49 8 26 4 30) 
17 (22) (39 5 48 26 28 3 30 24 11 34 18 19 37) (7) (1) (9 15 25) (42 20 2 14 46) (45 31) (50 43 17 41) (6 21) (16 4) 
18 (28 41 6 13 39 14 3 4 46 12) (5) (29 43 9) (38 37 8 26) (21 20 18 40 42) (17) (22) (34 45) (11 10 31 50) (44 16) 
19 (32 24) (23 3 4 22 29 1 27 20 19) (46 18 49 44 38 35) (26 8) (14 10) (28 12 41 40 13) (45 34 36 25 33 30 2 11 37 48 39) 
20 (9 14 30 36 16 12) (48 20 1 4 18 37 21 3 38 50 41 19 40 43 42) (39 13 32 26 17) (45 44) (2 29) (5 10 24) (22 11 31 49) 
21 (34 18 49 32 47 21 3 1 16) (48 14 42 46 44) (15 24 38 4) (8 33 11 41) (35 12 37 45 19) (7 13 29) (43 27 28 40 31 17) 
22 (27 19 5 10 39 16 30 42) (31 28 36) (1) (3 6 41) (8 32 22 15 37) (12) (20 24) (17 23 9 4) (13) (48 47 21 29 35) (34) (14 7) (18 43) 
23 (27 45 31 34 2 25 17 5) (1 38 32) (10 30 21 39 19 41 3) (26 43 28 22 33 29 16 14 15 35 6 18) (49 36 37 4) (23) (11 48) (20 12) 
24 (46) (19 32 17) (14 45 3 24) (43) (29 13 16 1 34 28) (12 42 26 11 9 31 5 15 6 35) (38 47) (41 10 21 39 2) (23 25 8 49 37 50 20) (33 4) 
25 (1 21 41 2) (37 27 12) (38 15 42) (47) (30 11 24) (40 31 9 36 13 46 29 18) (19 34 35) (26) (25 33 7 5 49 32 14) (22 43) (39) (48) (44) 
26 (35 30 45) (37 18 29) (4 13 28 22 7 21 47) (48) (44 17 8 24 46 15 42 41 6 36) (16 32) (2 12 10) (3 11 9 38 31) (50) 
27 (40 28 27 24 6 37 5 47 1 9 48 19 32 12 23 30) (14 44 4 17 22) (31 2 13 45 33 50 16 38 8 29 46 21 15 49 35 10) 
28 (7 41 29 18 5 39) (22 42 15 12 47) (1 3 30 50 49 16 24) (33) (40 2 31 9 27) (46) (32 14 8 44 48) (6) (25) (34) (45) (21 11 38) 
29 (30) (37 9 34 44 41 11 4) (26 48) (31) (50 12 42 14 24) (47 25 49) (16 29 32 15 5 38) (33) (23 35) (3 27) (40 28 1) (7 19) (36) 
30 (4 18 44 37 50 24 33 38 12) (23 8 40 31 47 39 43 41 7 16 30 22 49 29 45 34 20 21 28 48) 
31 (12 25 16 44 31 9 7 46 21 42 49 32) (26) (24 33 15 37 6 35 45 30 23 5 4 20 48 10 43) (41) 
32 (40 1 30 35 23 45 37 43 20 38 41 44 27 3 9 28 12 4 25 17 5 8) (36 21 7) (47 13 48 42 34 18 26 29) 
33 (6 41 21 12 49) (4 31 47 28 1) (39 8 18) (34 10 13 29 46 20 44 33 24 7) (19 25 26 11) (43 14 9 23 2 38) 
34 (12 47 24 6 22 44 9 14 33 8 42 17) (49 31 3 30 7 32 19 16 40) (34 41 11 18 43 29 28 36 48) (4) (25) (35) (26 45 46) 
35 (30 26 49 7 10) (44) (33 23 15 14 38 48) (19 8 2 25 45 18) (21 17 42 39 34 20 40 27 37) (4 36) (50 1) (13 46 47) (28 11) 
36 (20 42 36 43) (50 10 27 12 3 49 47 37) (24 18 22 28) (34 8 2) (39) (31 23 40 33 11) (38 41 4) 
37 (40 23 18) (31 1 10 6 42) (13 36 2 41 49 29) (33 12 47 19 17 22 9 5 15) (8 7 30) (3 45 20) (14 39 48 16) (35) (50 44 32) (37 25 28) (11) 
38 (17 34) (3) (10 42 47 32 45) (22 43 14 28) (8) (7 50 19 5 16) (15 20 33 39 49 29 31 30 36 35) (13) (2 24 9 4 40 48 41) (38) 
39 (29 7 21 1 23 30 49 6) (4 43 17 19 39 36 34 10 35 41 47 15 38 3 44 9 33) (16 50 42 18 26 22 27 20 25 45) 
40 (17 8) (3) (18 9 11 16 21 41) (15 50) (46 25) (30 36 13 29 45) (47) (7 32) (31 28 37 40) (10 12 26) (20 2 39 24) (4 34 48 38) (49 14) 
41 (37 10 23 19 13 6) (47 14 12 15 36 24 32 40 9 3 26 31 38 8 29 21 48 16 1 46 34 44 20 30) 
42 (38) (27 10) (30 31) (45 26 25) (44 40) (47 22 32 41 5 12 24 21 48) (7 35 15 46 3 1) (42 17) (37 49 11) (20 34 43) (36 18) (19 50) 
43 (19) (34 9 37 45 22 4 17 47 28 30 36 26) (46 35 29 1) (39 14 27 16 38 18) (24) (3) (20 2 13 21 32 42) (11 48) 
44 (39) (7 44 17) (37) (45 32 13 19 6 28 43 25 8 34) (35 20 50 48 42 46 21 31 36 30 2 1 24 26 33 18 15 16 14) (5 12) 
45 (25) (34) (7 24 45 11 38) (23 27 44 32 4 3 41 22 31 13 39 18 15 48 50 26 14) (9 49 36 17 19 5 37 29 35 47 12 2 1) 
46 (22 25 3) (14 19 43 30 21 35 11) (36 17 29 48) (49 32 33) (10 9 7 15 38 50 28 27 47 34 20 40 23 2 18 16 42 45 1) 
47 (21 15 29 17 16 30 23 46) (5 12 13 41 31 24) (14 39 8) (34 44 40) (42) (22) (50 33 11 47 10 7 38 4 28 26 18 36 25 1 45 2) (43 32) 
48 (28 1 3 43 50) (35 33 11 5 21 39 6 27) (40) (2 46) (24) (25 29 31 15 36) (4) (30 23) (8 20 34 45 22 10) (37 16 7 32 44 48 13) 
49 (47 13 35 4 50 26 17 10 21 7 20) (24 1 41 19 2) (42 28 46 34) (23 6 12 14 18) (30 48) (39 44) (27 31 25 45 16 22 36 37) 
50 (19 26 35 4) (27 31 18 34) (3 39 33 17 11 42 37 49 50 36 44 47 24 46 16 2 32 30 45 7 10 28 9 23 41) (12 20) 
1 (25) (6) (3) (23) (17 43 45 41 1 46 2 33 37 24 4) (16 21 22 28 47 15 19 14 27 7) (49 32) (20) (29 48 35) (5 39 9 44 42) 
2 (45) (49) (37) (9) (27) (40) (23) (43) (19) (2) (38) (15) (33 26 20 47 35 50) (17 24) (10) (13 6) (46 12 5 25 36) (48) (1) (28 44) 
3 (48) (2) (50) (22) (23) (14) (39) (19) (26) (37) (3) (8) (29) (32) (17) (18) (21) (42) (24) (46 15) (12 45 6 38 11 20 13 43 7 9) (34 36 40) (41) (28) 
4 (15) (18) (12) (33) (43) (23) (20) (16) (35) (5) (19) (32) (2) (6) (36) (1) (13) (40) (27) (21) (48) (49) (38) (39) (30 34 17 47) (24 50 9) (31 22 8) (29 45 26) 
5 (29) (28) (31) (23) (9) (44) (45) (42) (12) (37) (17) (4) (5) (14) (47) (6) (15) (1) (27) (38) (48) (11) (18) (2) (20) (22) (10) (24) (32) (25) (7 16) 
6 (44) (10) (48) (24) (26) (49) (41) (2) (27) (3) (16) (6) (13) (37) (5) (39) (34) (28) (15) (33) (1) (31) (14) (23) (9) (18) (17) (22) 
7 (47) (33) (34) (26) (15) (40) (48) (17) (45) (12) (2) (32) (25) (9) (5) (22) (35) (8) (46) (44) (31) (30) (39) (49) (29) (50) (10) (1) (38) (37) (3 28 42 16 21) 
8 (1) (33) (3) (8) (2) (5) (44) (10) (40) (13) (35) (41) (6) (34) (38) (26) (22) (18) (27) (47) (28) (11) (15) (19) (12) (24) (32) (48) (30) (21) (9) (37 14 36 16) 
9 (24) (15) (20) (1) (22) (4) (29) (41) (31) (3) (38) (2) (28) (27) (17) (11) (45) (25) (32) (12) (46) (13) (5) (37) (39) (33) (18) (8) (7) (40) (34) (26 9 50 43) 
10 (5) (1) (27) (15) (2) (24) (3) (12) (35) (49) (46) (39) (13) (42) (7) (37) (18) (22) (11) (41) (47) (33) (19) (38) (31) (36) (50) (16) (26) (20) (4) (48 23 40) 
11 (50) (18) (19) (23) (36) (37) (6) (10) (15) (46) (13) (21) (11) (47) (43) (25) (45) (33) (42) (40) (48) (29) (3) (8) (14) (28) (4) (20) (7) (2) (24) (35 34 26 9 17) 
12 (22) (27) (44) (33) (23) (18) (6) (34) (14) (24) (8) (50) (32) (25) (9) (49) (16) (45) (37) (26) (47) (42) (3) (21) (28) (29) (19) (31) (36) (1) (30) (10 40 12) (20 41 13) 
13 (24) (21) (27) (40) (49) (6) (48) (32) (15) (43) (47) (13) (33) (35) (3) (7) (10) (22) (38) (20) (16) (37) (25) (19) (12) (4) (14) (8) (45) (5) (41) (26) (18) (44) 
14 (5) (11) (23) (33) (3) (25) (21) (45) (13) (35) (4) (46) (37) (17) (47) (49) (41) (18) (24) (28) (27) (43) (34) (20) (38) (10) (2) (22) (9) (15) (40) (29) (6) (16 44 19) 
15 (2) (41) (42) (8) (1) (27) (46) (44) (3) (38) (21) (6) (39) (47) (13) (26) (14) (48) (23) (40) (28) (25) (45) (10) (37) (9) (31) (12) (16) (35) (29) (17) (5) (22 24) 
16 (37) (27) (7) (49) (21) (43) (10) (8) (12) (23) (34) (18) (6) (16) (26) (22) (29) (1) (50) (3) (44) (46) (40) (38) (30) (17) (4) (31) (20) (48) (15) (11) (39) (24 28 47 2 41 14) 
17 (5) (18) (13) (23) (12) (35) (10) (9) (32) (45) (11) (16) (46) (40) (39) (38) (49) (24) (50) (20) (14) (21) (1) (44) (42) (7) (3) (17) (8) (22) (2) (27) (47) (34) (37 6 26 43) 
18 (11) (7) (18) (23) (3) (16) (17) (12) (43) (39) (4) (45) (46) (13) (10) (40) (22) (25) (36) (14) (30) (19) (28) (26) (50) (33) (32) (42) (8) (49) (1) (6) (44) (34) (9 37 20) (5 35 47 21) 
19 (21) (1) (39) (24) (6) (49) (45) (4) (34) (29) (35) (13) (12) (10) (9) (23) (25) (33) (46) (38) (7) (22) (41) (43) (17) (37) (19) (27) (50) (3) (16) (8) (20) (44) (42) 
20 (12) (1) (23) (37) (42) (20) (17) (14) (44) (24) (36) (4) (7) (35) (3) (41) (8) (2) (46) (50) (18) (48) (9) (33) (5) (6) (31) (43) (40) (19) (32) (11) (49) (22) (38) (30 39) 
21 (20) (21) (48) (11) (10) (40) (30) (28) (24) (41) (22) (5) (33) (43) (12) (8) (25) (39) (7) (4) (17) (35) (44) (13) (9) (31) (26) (1) (18) (49) (42) (46) (27) (47) (32) (23 2) 
22 (36) (12) (1) (25) (45) (28) (18) (2) (43) (5) (27) (34) (7) (37) (26) (15) (22) (23) (42) (30) (49) (19) (13) (47) (11) (3) (17) (10) (38) (48) (9) (20) (8) (46) (4) (39 14) 
23 (46) (47) (32) (29) (19) (37) (1) (10) (5) (2) (7) (14) (13) (8) (24) (22) (6) (50) (9) (33) (16) (45) (30) (31) (35) (23) (11) (48) (41) (39) (49) (4) (27) (36) 
24 (45) (21) (25) (27) (6) (22) (31) (11) (33) (29) (5) (43) (12) (44) (47) (8) (42) (20) (28) (2) (17) (30) (50) (14) (38) (24) (41) (4) (9) (19) (26) (34) (49) (13) (36) (10 15 48) (40) 
25 (13) (17) (15) (25) (34) (42) (29) (37) (6) (35) (5) (44) (40) (7) (28) (23) (19) (10) (1) (46) (4) (49) (31) (9) (2) (48) (24) (39) (47) (16) (33) (32) (12) (45) (14) 
26 (18) (44) (49) (7) (17) (1) (23) (50) (29) (35) (40) (13) (6) (34) (33) (4) (11) (5) (3) (39) (20) (10) (25) (47) (45) (42) (32) (43) (31) (24) (41) (8) (16) (19) 
27 (28) (49) (23) (21) (22) (27) (12) (45) (2) (32) (16) (46) (5) (50) (29) (10) (35) (15) (11) (39) (43) (42) (25) (36) (14) (48) (19) (6) (9) (13) (4) 
28 (37) (30) (22) (24) (14) (38) (3) (17) (9) (5) (27) (10) (21) (46) (50) (47) (33) (12) (15) (26) (11) (35) (36) (19) (40) (13) (23) (18) (6) (48) (32) (34) (29) (8) (49) (2) (44) (43) 
29 (34) (13) (19) (21) (1) (26) (29) (39) (46) (2) (20) (6) (8) (24) (27) (48) (5) (37) (45) (41) (14) (18) (11) (23) (7) (22) (43) (47) (32) (30) (38) (40) (33) (10) (25) (28) 
30 (48) (17) (27) (30) (1) (37) (9) (32) (29) (8) (2) (20) (42) (22) (19) (28) (35) (46) (39) (34) (40) (15) (6) (3) (49) (5) (25) (44) (14) (41) (26) (50) (13) (43) (16) (7) (31) (38 23 47) 
31 (11) (50) (15) (13) (36) (24) (38) (47) (2) (18) (29) (10) (42) (4) (41) (26) (6) (33) (44) (23) (49) (1) (31) (9) (16) (37) (5) (48) (17) (21) (34) (27) (7) (25) (40) (30) (28) (45 14 3 8) (20 22) 
32 (29) (1) (19) (50) (9) (40) (23) (13) (25) (34) (38) (16) (27) (43) (46) (14) (11) (26) (22) (47) (5) (24) (12) (42) (44) (20) (15) (41) (48) (37) (31) (45) (10) (4) (28) (3) (21) 
33 (4) (11) (10) (19) (31) (37) (35) (30) (27) (5) (36) (33) (48) (21) (7) (24) (46) (25) (13) (15) (39) (44) (38) (34) (16) (23) (50) (3) (2) (47) (29) (28) (14) 
34 (24) (18) (42) (46) (10) (33) (50) (39) (49) (4) (45) (23) (44) (47) (41) (3) (16) (40) (35) (30) (36) (15) (5) (14) (34) (22) (32) (29) (28) (17) (19) (25) (9) (21) (1) (38) (43) (48) 
35 (39) (45) (48) (24) (49) (19) (21) (32) (7) (9) (29) (26) (27) (23) (42) (12) (46) (43) (13) (22) (38) (44) (5) (25) (1) (14) (15) (34) (37) (16) (2) (50) (31) (3) (6) (10) (8) 
36 (47) (19) (22) (25) (48) (5) (29) (49) (7) (15) (37) (40) (45) (34) (11) (50) (2) (20) (13) (42) (38) (3) (1) (23) (43) (35) (36) (4) (41) (39) (9) (12) (8) (32) (16) (14) (6) (26) (46 44) 
37 (17) (27) (35) (45) (25) (44) (26) (30) (3) (32) (5) (13) (14) (40) (22) (11) (36) (23) (20) (29) (49) (31) (10) (1) (48) (43) (37) (21) (18) (16) (42) (24) (7) (12) (4) (41) (19) (50) 
38 (28) (47) (10) (3) (35) (25) (32) (13) (42) (36) (43) (20) (11) (26) (19) (33) (30) (27) (38) (18) (9) (14) (41) (2) (23) (8) (46) (39) (45) (29) (12) (15) (16) (24) (40) (21) 
39 (11) (45) (36) (28) (12) (50) (37) (30) (33) (35) (17) (5) (15) (7) (25) (1) (49) (44) (14) (24) (8) (48) (16) (43) (3) (23) (40) (10) (19) (9) (18) (20) (39) (38) (22) (47) (13) 
40 (38) (2) (13) (30) (32) (46) (15) (20) (16) (25) (48) (9) (27) (34) (18) (29) (21) (14) (36) (1) (37) (28) (11) (19) (41) (40) (42) (47) (35) 
41 (5) (2) (39) (34) (30) (49) (31) (42) (26) (40) (24) (14) (16) (17) (25) (10) (29) (47) (13) (8) (23) (21) (11) (33) (9) (36) (20) (19) (22) (37) (50) (18) (32) (12) (3) (4) (45) (38) (28 7) 
42 (32) (24) (25) (18) (28) (10) (7) (50) (21) (6) (44) (15) (17) (16) (29) (1) (47) (35) (2) (36) (20) (39) (9) (34) (26) (11) (22) (31) (43) (38) (49) (42) (46) (5) (37) (4) 
43 (30) (17) (42) (5) (33) (34) (32) (18) (38) (23) (15) (12) (25) (6) (20) (48) (39) (10) (44) (4) (9) (7) (3) (36) (47) (24) (21) (8) (46) (31) (2) (22) (14) 
44 (19) (6) (5) (26) (4) (45) (18) (33) (41) (49) (29) (35) (7) (20) (42) (8) (25) (3) (47) (27) (21) (28) (16) (50) (12) (37) (48) (32) (2) (39) (30) (34) (15) (14) (13) (44) (31) (11) 
45 (39) (47) (13) (46) (45) (15) (23) (42) (2) (12) (19) (20) (5) (27) (7) (44) (30) (43) (3) (18) (38) (32) (48) (9) (24) (50) (26) (31) (8) (28) (34) (49) (40) (37) (6) (17) (35) (21) 
46 (44) (13) (14) (19) (17) (48) (43) (41) (3) (18) (21) (1) (35) (26) (15) (8) (31) (9) (2) (4) (12) (49) (40) (10) (42) (27) (33) (6) (7) (25) (16) (24) (28) (34) (50) (47) 
47 (36) (45) (49) (43) (33) (3) (38) (6) (29) (39) (21) (8) (27) (41) (7) (13) (22) (4) (1) (10) (30) (46) (37) (35) (32) (34) (11) (5) (9) (28) (50) (40) (12) (2) (26) (47) (42) (24) (25) 
48 (28) (5) (27) (30) (46) (2) (4) (29) (19) (49) (32) (22) (17) (14) (20) (12) (11) (15) (40) (42) (7) (34) (31) (44) (26) (45) (23) (35) (21) (37) (41) (43) (10) (1) (38) (25) (48) 
49 (7) (45) (46) (28) (15) (10) (27) (50) (14) (25) (38) (39) (3) (35) (19) (8) (42) (36) (29) (11) (9) (40) (12) (20) (37) (21) (1) (16) (31) (24) (23) (30) (2) (34) (5) (33) (6) 
50 (3) (20) (7) (15) (30) (42) (39) (38) (13) (49) (50) (1) (24) (29) (40) (6) (47) (17) (46) (26) (28) (35) (37) (27) (11) (48) (5) (45) (2) (36) (44) (9) (18) 
