0
50
50
1 (26 48 4 39 34 45 36 27 46 15 35) (47 1 7 22 33 32 16 11 37 14 18 24 6) (38) (17 12) 
2 (47 1 12 6 35 28 15 42 2 3 33 49 38 21 24 8) (41 25 16 27 45 9 44 31 23 5 40 50 11 37 22 13) 
3 (44 16) (1 17 37 21 23 22 4 6 24 9 15 27 25 14 18 2) (42 5 38 40 26 20) (12) 
4 (26 44 10 45 31 18 48 5 3) (21 32 24 38 33 17 15 11 20) (23 46 40 39 35 42 7 36 43 9 34 47 1 13) 
5 (41 30 44 27 21 31 39 15 22) (24 34 2 33 46 42) (36 29 5 16 10 3 40 19 7 14 4) (35 32 18 48 11 45 17) (12) 
6 (7 26 28) (50 34 10 23 49 46) (15 9 36) (17 43 32 39 29 13 18 40 3) (42 19 30 1 12) (6 21) 
7 (2 38 40 14) (11) (50 25 19 23 45 28 13 22 1 9 26 31 41) (8 37 35 32 27 29 5 3 18 4 46 10) 
8 (39 30 45 26 34 1 5 43 35) (14) (20 38 46 31) (49 17 47 27 22 21 16 23 3 25 44 4) 
9 (38 46 24 50 23 3 10 35 28 26 40 11 25 42 31 29 15 47 30 48 33 6) (44 5 19 37 2 12 36 21 16) 
10 (45 4 17 39 46 28 21 32 38 1 25 11 41 20) (47 16 15 2 43 42 34 5 36 50 12 18 8 37 6 19 24 40 29 35) 
11 (23 32 5 42 35 36 12 27 18) (15 46 29 4 11 41 17 19) (50 8 20 21 16 26 2 30 40 45 24 49 13 47 9 48) 
12 (49 30 37 39 9 31 4 50 18) (22 44 42 19 43) (32 20 46 24 3 48 36) (13 6 14 5 35 7 41 33 23) (34) 
13 (8 18 21 16 30 44 47 28 37 7 1 20 39 2 49 9 25 23 22 34 14 31) (35 40 46 3 42 15 27 26 5) 
14 (5 2) (15 11 4 26 9) (12 44 38 17 10 46 16 39 47 49 6 24 1 48) (19 50 13 23 41 29) (30 32 22) 
15 (46 12 29 36 49 17 21 24) (44 8 2 34 32 4 37 25 47 19 20) (15 50) (35 6 5) 
16 (46 7 49) (29 38 44 47 43 32 19 33) (28 37 11 35 48 1 31 26 40 6 4) (18 45 23 25 39) (3 12 5 30 21) (14 9 2 24 22 36 10) 
17 (35) (39 8 25 14 1) (6 32 30 27 36 19 28 9 7 23) (13 4 16 18 37 46 34 17 22 50 2 20 31 38) (41 47) (21) 
18 (50 40) (30 37) (10 5 26) (48 19) (24 13) (8) (21 32 6 27 38 34 45 31 2 28) 
19 (15 10 48 9 2 40 43 35 5 14 18 8 39 24 20 1 41 22 23 26 50 28) (30 19 3 49) (44 16 45) 
20 (1 21 42) (14 32 4) (40 39 2) (22 19 30 12 18 46) (50 10 41 28 43) (25 26 34 49 47 17 44 35) (5 20 23) 
21 (42 38 11 18 16 4) (49 6 9 32 1 28 19 24 3) (7 41 10 34 21) (29) (43) (27 48 37 5 36 33 31) (35 14) (50 20 15 26) (45) 
22 (26 49 1 11) (48 31 47) (41 32 18 23 50) (43) (25 22 9 13 6 40 34 24 33 5 30 27) 
23 (48) (16 9 34) (30 12 31 7 36) (35 10 38 33 24 44) (2 6 21 26 14 4 43 13) (8) 
24 (10) (26 36 9 30 5 15 29) (16 20 41 22 43 28) (39 3 33 14 44 24 27 31 2 12 1 34 21 11) 
25 (36 35 27 10 20 34) (11 45 25 39) (37 38 5 47 32 6 2 19 50 40 3 44 22 1 21 8 29 23 13 17 33) (48) 
26 (15 24 22 31 9 46 20 5 44 47 8 26 35 43 3 50 49 37 36 39 17 4 29 12 32) (23 7 1 48 41) 
27 (26 7 20 44 15 4 48 45) (24 35 8 29) (17 50 37 19 42 41 30 18 6) (25 3) (34 16) (31 28) (14 43 27 32 46) 
28 (47 17 40 38 44 31 41 4 9 49 39 25 27 16) (26 24 50 45) (5 6 28) (7 22 14 35 3 43 30 1 46 18 2 11 34 13 23) 
29 (49 28 26 31 22 7 17) (13 25 18) (36 11 30 45 6 2 48 34 4 39 41 47 16 20) (9 24 5) (19) (23 33 3 14 1) 
30 (38 15 1 17 3 31 35 11 33 26 9 5 30) (50 39 49 23 42 40 46) (32) (36) (43 37 7 45 14 18 41) 
31 (23 1 9) (42 47 29 3 20 12 15 50 7 6 49 43 26 28 25 18 21 2) (35 46 16 38 41) (36 31 33 44 10 30 17 34) 
32 (36 3 28 43 9) (46) (48 17) (40 18 21 34 13 7 30 24) (4 41) (31 39 38 2 29 49 32 37 16) (14) (42) 
33 (4 47 35 41 44 11 39 20) (29 17 5 46 26 23 27 16 33 15 14 1 45 50 6 18) (22 10) 
34 (47 1 46 4 40 19 29 27 35 32 24 6 25 11 2 17 13) (23 9 30 37 42 26 50 36 44 43 12 18 49) 
35 (15 30 1 12 50 10 47 5 6 48 46 18 41 17 45 7) (42 40 14 4 25 2 11 38 43 19 26 9) 
36 (22 23 33 29 39 44 32 40 43 18 21 11 12 1 50 41 5 42 46 35) (45 16 25 47 10 13) 
37 (8 18 49 42 33 10 40 25 39 32 28 34 46 11 26 3 24 21 47 27) (15 37 36 4 44 35 20 48 29 2 12) (6 43 30) 
38 (8 29 7 38 27 22 45 6 28 17 12 34 14 9 39 10 20 21) (50 15 11) (30) (24 43 1 41 42 2) (49 47 26 16 19 13) 
39 (7 39 26 15) (5 17 35 34 25 40 8 30 33 1 42 49 29 44 47 20 36 23 50 11) 
40 (17 44 42 12 25 6 22 20) (46 41 13 24 4 43 1 10 29 50 37 3 31 49 2 18) (36 26 35 8) (11 19 38) 
41 (19 50 17 5 36 38 2 47 14 23 37) (21 48 8 44) (43 32 27 16 30 45 15 46 29 18 7 24 28 42 34) (40 1) (9 33) (4) 
42 (3 37 16 34 1 9) (22 19 39 5 11 35) (40 38 12 4 32 2 29 28 44 47 18 23 30 46 33 6 42) (13 48 49 27 7) 
43 (38 23 21 17) (16 50 22 26 49 45 46 3) (41 31 15 30 10 20 18 35 42 37 12 19 33 1) (44 7) (39) 
44 (2 18) (33 27 1 49 8 30 7 47 16 40 29 32 42 31 13 14 35) (12 15) (25 37 44 4 28 48 36 21 45 22 41 24 6) 
45 (25 5 4 35) (19) (31 18 10 2 28 49 21 40 42 47 6) (17 12 33 7 43 34) (39 14 11 32 9 23 30 38 46 8 45) 
46 (8 6) (10) (23 19 1 14 31 38 16) (13 26 4 39 12 32 45 42 40) (46) (37 7 2 21 22 48) 
47 (49 14 1 17) (30 6 26 24 10 46 16 47 38 21 4 44 34) (39 22 2) (5 28 37 7 15 29 40 42 23 33) (41 8 48) 
48 (44 26 15 10 7 28 20 9 13 2 17 33 27 5 37 22 19 43 23 29 45 32 47) (48 35) (4 14 16 11) (40 24 49 39 8) 
49 (46 5 2 16 18 29 9 41 1 15 17 44 26 6 22 23 43 47 27 35 48 33 10 28 32 50) (13 42) 
50 (48 8 2 49 27) (40 26 33 4) (29 14) (30 50 43 36 1 45 47 12 15 7 6 32 44 34 20 42 39) 
1 (7) (3) (19) (42 36) (30 4 20 44 28 24 50 10 14 8 35 29 33 25 21 34 13 39 49 31 6 26 16 47 41 40 1 46 2 38 43 17 22) 
2 (50) (47) (17) (11) (32 20 14 37 29 48 28 13 38 5 40 46 15 34 31 45 9 41 25 3 19 42 23 16 49 2 18 10 7 24 44 35) 
3 (9) (32) (13) (4) (12 5 31) (43 25 28 7 6 30 42 8 16 37 2) (19 27) (40 24) (26 29 21) 
4 (27) (37) (7) (35) (34) (48) (20) (10) (28 16 15 3 42 40 8 29 33 1 50 44 47 14 23) (32 45 21 46 17) (12 11) (26 5 41) 
5 (2) (20) (41) (10) (30) (35) (22) (16) (7) (15) (29) (12 47 26 39 48 14) (19 13 21 18 4 8 42 11 9 28 25 36 45 33 49 5 3 24) 
6 (34) (46) (15) (40) (16) (47) (9) (29) (49) (21) (22) (31) (10 37) (33 14 23 3 28 38 50 25 42 44 2 12 17 45 35 27 6 18 1) 
7 (28) (44) (45) (38) (43) (6) (21) (35) (47) (30) (41) (31) (32) (12 13 46 5 50 29 23 27 42 16 4 48 17 1 39 26) 
8 (23) (18) (15) (2) (19) (45) (44) (39) (25) (7) (37) (38) (13) (26 41 27 46 10 47 40 50 48) (11 17) 
9 (7) (12) (17) (13) (2) (38) (23) (28) (26) (35) (41) (19) (42) (16) (31 6) (21 22 29 48 49 32 34 24 30 11 45 4 3 14) 
10 (5) (9) (31) (47) (46) (6) (19) (43) (16) (33) (4) (7) (25) (37) (49) (38 35 48 18 21 45) (14 36 23 20 40 24) 
11 (22) (24) (4) (14) (7) (48) (33) (10) (11) (35) (34) (1) (38) (39) (25) (9) (28 37 16 29 5 40 42 30 21 45 2 36) 
12 (14) (45) (42) (38) (37) (26) (40) (36) (50) (16) (6) (35) (24) (1) (9) (31) (15) (2) (43) (34 10) (11 20 46 23 44 3 5) 
13 (46) (11) (32) (29) (40) (2) (28) (25) (7) (34) (6) (42) (38) (17) (49) (12) (48) (4) (14) (18) (44 23) (22 36) 
14 (21) (7) (23) (16) (32) (33) (19) (45) (1) (35) (17) (3) (12) (46) (28) (5) (38) (13) (24) (47) (20) (30 44 8 50 41 48 27) (29) 
15 (35) (27) (13) (49) (38) (6) (24) (5) (26) (44) (15) (37) (11) (1) (30) (2) (31) (14) (19) (47) (50) (33) (4 41 39) (10 48 9 3 21 43) 
16 (32) (38) (42) (19) (33) (49) (43) (8) (10) (2) (29) (13) (3) (48) (27) (28) (21) (5) (46) (47) (24) (41) (9) (31 36 1 44 17 11) (23 14) 
17 (28) (4) (17) (31) (33) (15) (1) (41) (34) (40) (49) (25) (45) (48) (38) (29) (8) (43) (32) (14) (30) (35) (3) (10) (20 26 5 39 27) (47 11 6) 
18 (16) (17) (40) (4) (45) (30) (6) (29) (44) (19) (3) (7) (1) (36) (22) (21) (32) (35) (33) (49) (43) (27) (10) (34) (11) (31 20 5 41 12 13 42 28 37) 
19 (11) (34) (41) (48) (14) (18) (19) (9) (45) (25) (15) (17) (46) (42) (38) (16) (12) (20) (10) (21) (40) (5) (35) (6) (29) (7 43 27) 
20 (38) (39) (24) (21) (26) (31) (13) (10) (11) (29) (8) (27) (20) (50) (33) (3) (17) (40) (25) (37) (19) (43) (48) (15) (12) (4) 
21 (45) (17) (36) (20) (38) (3) (41) (9) (4) (13) (43) (32) (47) (37) (23) (5) (21) (18) (6) (16) (24) (11) (15) (2) (25) (8 10 31) (46 44) 
22 (48) (16) (13) (1) (20) (47) (14) (12) (22) (19) (17) (40) (46) (43) (26) (25) (42) (36) (44) (33) (5) (2) (28) (49) (29) (7) (8 3 38 24) 
23 (33) (13) (47) (4) (30) (11) (26) (22) (41) (48) (42) (9) (6) (34) (43) (45) (28) (16) (31) (17) (3) (19) (36) (12) (29) (2) (14 25 39 20 49 46 7 8) 
24 (29) (16) (1) (15) (21) (47) (40) (48) (9) (11) (19) (22) (2) (3) (14) (27) (4) (24) (23) (34) (5) (37) (41) (26) (38) (32) (18 28 10 12 44) 
25 (15) (9) (10) (45) (28) (22) (31) (25) (16) (7) (34) (8) (3) (36) (27) (2) (39) (35) (44) (37) (13) (40) (29) (20) (17) 
26 (9) (43) (6) (4) (35) (3) (47) (46) (39) (30) (26) (34) (21) (31) (48) (19) (8) (11) (29) (14) (18) (49) (1) (23) (20) (22) (27 16) (33 37 24 13 28 50 7 40 38) 
27 (21) (41) (1) (49) (3) (25) (38) (28) (50) (11) (24) (18) (33) (48) (37) (7) (42) (17) (5) (44) (34) (13) (8) (2) (22) (27) 
28 (45) (13) (28) (49) (21) (44) (6) (41) (38) (48) (47) (7) (18) (42) (37) (2) (9) (19) (24) (10) (32) (20) (16) (31) (17) (27) (29) 
29 (38) (14) (16) (7) (48) (9) (11) (26) (39) (25) (37) (36) (32) (15) (42) (34) (5) (47) (27) (40) (24) (44) (33) (6) (31) (41) (21) (50 10 49) 
30 (28) (20) (16) (17) (38) (41) (50) (34) (23) (11) (19) (6) (29) (27) (43) (47) (8) (14) (9) (37) (5) (39) (35) (45) (13) (31) (18) (22 24 42 30 44 12 32) 
31 (27) (18) (28) (29) (22) (24) (31) (43) (7) (13) (32) (46) (21) (9) (23) (2) (26) (12) (5) (8) (40) (44) (17) (4) (30) (16) (45) 
32 (12) (50) (49) (16) (6) (1) (26) (14) (20) (22) (41) (48) (4) (42) (7) (34) (32) (15) (27) (5) (11) (10) (17) (37) (21) (46) (30) (36 25 44 45 18) 
33 (39) (33) (50) (48) (24) (47) (21) (43) (42) (30) (1) (16) (31) (9) (23) (44) (4) (5) (49) (22) (41) (29) (37) (36) (2) (25) (12) (45) 
34 (50) (1) (25) (45) (24) (32) (42) (37) (29) (22) (12) (38) (4) (6) (47) (39) (5) (18) (10) (23) (41) (28) (13) (20) (8) (17) (31) (27 21 15) 
35 (15) (21) (48) (25) (42) (20) (26) (37) (31) (49) (9) (45) (1) (23) (11) (43) (7) (4) (30) (8) (2) (10) (27) (5) (33) (40) (13) (19) (17 34) (28 16 36 12 39 44) 
36 (17) (15) (25) (24) (11) (4) (1) (41) (37) (44) (9) (5) (16) (50) (39) (23) (30) (21) (34) (31) (26) (12) (10) (29) (6) (32) (40) 
37 (16) (9) (46) (21) (17) (10) (44) (32) (40) (18) (47) (25) (3) (27) (34) (26) (30) (42) (13) (43) (41) (1) (12) (48) (7) (37) (2) (15) 
38 (35) (30) (16) (25) (1) (41) (21) (40) (31) (8) (3) (10) (42) (2) (45) (38) (28) (9) (4) (17) (23) (7) (14) (43) (18) (47) (46) (32) 
39 (20) (45) (13) (24) (37) (12) (39) (16) (28) (5) (19) (25) (42) (29) (8) (50) (14) (30) (1) (26) (38) (47) (33) (10) (43) (46) (4) (48) (32) (17 36 6) 
40 (37) (16) (46) (22) (41) (10) (6) (45) (39) (11) (9) (28) (4) (19) (5) (48) (47) (35) (20) (34) (42) (36) (50) (2) (3) (25) (32) (18) (30) (44 13 7) 
41 (35) (47) (12) (43) (27) (22) (17) (11) (38) (40) (7) (10) (33) (28) (30) (32) (49) (2) (19) (36) (20) (21) (31) (24) (29) (5) (26) (44) (14) 
42 (3) (9) (50) (46) (4) (20) (47) (27) (45) (13) (21) (44) (6) (49) (41) (43) (40) (39) (32) (35) (38) (30) (34) (5) (42) (37) (2) (31) (36) (12 11 10) 
43 (48) (23) (45) (30) (21) (22) (24) (12) (34) (38) (10) (35) (4) (8) (49) (40) (19) (26) (50) (27) (41) (6) (31) (37) (28) (32) (16) (36) (20) 
44 (26) (50) (39) (27) (15) (8) (28) (42) (36) (23) (34) (12) (24) (2) (4) (44) (14) (48) (40) (25) (5) (47) (9) (43) (16) (41) (37) (3) (19) (20 33 31 49 13) 
45 (19) (33) (11) (44) (48) (2) (50) (10) (7) (18) (28) (43) (41) (46) (25) (8) (27) (30) (16) (36) (35) (38) (1) (21) (45) (29) (5) (4) 
46 (26) (49) (34) (9) (42) (13) (4) (43) (11) (16) (30) (35) (36) (27) (7) (40) (5) (47) (41) (31) (14) (1) (28) (12) (17) (45) (46) (15) (20) (8 33) (6) (37 32 10) 
47 (20) (8) (41) (28) (37) (9) (14) (22) (31) (11) (39) (13) (47) (48) (10) (42) (34) (4) (35) (2) (1) (15) (44) (49) (38) (25) (36) (50) (26) (17) (45) (33 16 29) 
48 (14) (18) (16) (27) (5) (41) (42) (11) (47) (35) (23) (22) (19) (44) (29) (21) (50) (48) (32) (49) (26) (12) (1) (37) (9) (4) (46) (25) 
49 (37) (43) (13) (48) (6) (29) (19) (45) (31) (26) (15) (21) (50) (28) (32) (42) (38) (8) (12) (11) (14) (30) (22) (34) (39) (20) (47) (16) (44) (40) (2) 
50 (26) (30) (28) (27) (50) (2) (12) (18) (7) (20) (22) (17) (19) (15) (35) (21) (34) (6) (41) (14) (39) (25) (33) (49) (38) (11) (10) (40) (43) (31) (9) (36) 
