0
50
50
1 (11) (19) (21) (38) (5) (35) (14) (48) 
2 (33) (11 45) (20 35) (37) (38) (26) (46) (42) (10) (5) (31) 
3 (21) (26 7) (3) 
4 (35) (38) (40) (7) (13) 
5 (12) (23) (1) (45) (47) (15) (6) (40) (43) (4) 
6 (14) (24) (29) (26) (45 47) (19) (15) (36) (10) (1) (22) (23) (37) (21) 
7 (50) (34 10) (22) (35) (42) (5) (40) (16) (2) (37) (33) (36) 
8 (33) (15) (48) (8) (26) (45) (19) (49) (12) 
9 (8) (15) (34) (23) (11) (42) (7) (48) (49) 
10 (38) (5) (25) (31) (24) (16) (22) (15) (45) (44) (49) 
11 (19) (2) (1) (7) (48) (44) (8) (17) (32) (46 30) (37) (14) (43) 
12 (39) (27) (3) (17) (30 16) (46) (32 2) 
13 (32) (2) (33) (38) (19) (14) (37 7) (49) (44) (6) (41) 
14 (17) (42) (29) (26) (5) (27) (40) 
15 (29) (45) (1) (46) (35) (9) 
16 (16) (41) (31) (12 32) (20) (11) (18) (5) (6) (25) 
17 (35) (26) (42) (27) (46) (19) (1) (2) (40) (32) (16) 
18 (18) (3) (35) (22) (4) (37) (31) (19) (40) 
19 (9) (47) (40) (44) (20) (17) (33) 
20 (5) (48) (32 16) (44) (23) (31) (36) (47) (10) 
21 (37) (25) (28) (30) (3) (15) (31) 
22 (48) (10) (31) (7 12 24) (33) (34) (16 41) (29) (1) (30) 
23 (20) (4) (13) (9) (19) (32) (50) (25 48) (12) (3) (45) (44) (31) (16) (8) 
24 (13) (22) (20) (10) (30) (36) (34) (40) (6) (48) (45 49 1) (46) (23) (39) (5) 
25 (7) (21) (50) (15) (46) (23) (47) (48) (35) (37 19) 
26 (35) (41) (21) (20 29) (8) (36) (48) (28) (12) (24) (7) (31) (15) (49) 
27 (14) (17) (35) (23) (22) (13) (26) (11) (42) (2) (5) (41) 
28 (27) (2) (20) (31) 
29 (17) (28 13) (14 15) (48) (35) (50) (22) (1) 
30 (7) (30) (14) (11) (17) (9) (3) (23 2 25) (28) (20) (29) (42) 
31 (10) (27) (22) (48) (37) (26) (20) (28) (34) (44) (19) (31) 
32 (38) (28) (16) (35) (44) (27) (14) (18 45 29) (43 41) (34) 
33 (49) (13) (4) (37) (28) (9) (20 29) (22) (12) 
34 (31) (40) (1) (14) (18 20) (9) (15) (19) (17) (46) (12) 
35 (36) (31) (22 5 38) (25) 
36 (19) (23) (10) (28) 
37 (40) (41) (17) (8) (43) (49) (23) (47) (21) (45) (44) 
38 (24) (9) (41) (36) (50) (44) (32) (7) (46) 
39 (22) (40) (16) (17) (19) (50) (33) (47) 
40 (47) (28) (4) (26) (8) (21) (29) 
41 (26) (33 5) (1 49) (12) (44) (2) (43) 
42 (28) (21) (27) (32) (47) (18) (7) (9) (30) (23 17 45) (11) 
43 (4) (30) (39) (49) (7) (14) (3) 
44 (39) (1) (37) (43) (10) (21) (44) (6) (45) (13) 
45 (13) (41 40) (8) (38) (11) (16) (2) (18) (26) 
46 (14) (47) (25) (46) (8) 
47 (6 31) (50) (49) (8) (44) (42 32) (28) (48) (43) (13) (21) (15) (46 4) (5) 
48 (22) (11) (3) (47) (40) (31) (30) 
49 (20) (33) (31 6) (46) (34) (29) (32) (15) (37) (1) (39) (24) 
50 (36) (48) (16) (15) (26) (9) (21) (4) (25) 
1 (44) (11) (5) (6) (22) (34) (41) (24) (29) (17) (49) (15) 
2 (41) (27) (13) (45) (28) (12) (11) (7) (17) (30) 
3 (21) (3) (23) (48) (30) (43) (18) (12) 
4 (50) (33) (5) (23) (40) (47) (18) (43) 
5 (2) (41) (1) (16) (27) (10) (35) (7) (14) (24) (47) (20) 
6 (47) (5) (49) (44) (16) (24) (13) 
7 (38) (25) (30) (43) (13) (11) (22) (42) (4) (9) (3) (26) 
8 (11) (9) (8) (23) (45) (40) (26) (46) (37) (47) 
9 (38) (33) (30) (34) (23) (15) (19) (42) (50) 
10 (31) (2) (22) (20) (7) (6) (24) (36) (44) 
11 (42) (1) (16) (48) (27) (45) (30) (2) (9) 
12 (22) (5) (26) (33) (23) (41) (16) (8) (34) 
13 (27) (33) (45) (47) (23) (4) (29) (24) (44) 
14 (32) (34) (11) (1) (27) (30) (46) (6) (13) (29) (43) 
15 (9) (6) (34) (8) (25) (47) (21) (29) (10) (49) (26) (50) (5) 
16 (45) (32) (10) (20) (22) (17) (39) (23) (7) (50) (12) (16) 
17 (30) (27) (29) (19) (34) (12) (42) (37) (39) (14) (11) 
18 (45) (32) (18) (42) (34) (16) 
19 (25) (31) (11) (34) (17) (36) (13) (1) (6) (39) (23) (18) (8) 
20 (34) (30) (49) (33) (24) (2) (28) (23) (31) (19) (16) (26) 
21 (6) (1) (3) (44) (47) (37) (42) (40) (26) (50) (25) 
22 (24) (27) (39) (35) (31) (7) (18) (10) (6) (33) (48) (29) 
23 (30) (37) (6) (24) (25) (9) (5) (36) (42) (27) (20) 
24 (22) (38) (6) (49) (26) (10) 
25 (30) (46) (23) (10) (21) (35) (50) (16) 
26 (14) (50) (31) (45) (17) (8) (3) (2) (27) (41) (6) (40) 
27 (14) (12) (31) (28) (42) (32) (17) 
28 (30) (21) (36) (31) (29) (32) (42) (47) (40) (33) (26) 
29 (33) (15) (26) (30) (49) (14) (6) (32) (22) (40) 
30 (22) (21) (24) (11) (48) (12) (30) (43) (42) 
31 (18) (47) (48) (22) (16) (20) (10) (31) (35) (34) (26) (21) (2) (23) (49) (28) 
32 (23) (20) (38) (13) (49) (47) (16) (42) (17) (12) (11) 
33 (2) (22) (7) (39) (19) (41) (8) (13) (49) 
34 (7) (22) (9) (32) (24) (49) (31) 
35 (32) (7) (4) (17) (18) (29) (1) (26) (15) (2) (27) (25) 
36 (24) (7) (38) (35) (20) (26) (50) (6) 
37 (2) (11) (13) (33) (44) (31) (6) (25) (7) (18) (21) (49) 
38 (1) (2) (45) (32) (35) (4) (10) (13) 
39 (43) (12) (44) (49) (24) 
40 (4) (39) (37) (34) (14) (5) (19) (17) (18) (24) (7) (45) (48) 
41 (16) (38) (13) (22) (32) (27) (45) (26) (37) 
42 (27) (7) (2) (14) (17) (9) (30) (47) 
43 (41) (32) (11) (47) (5) (44) (37) 
44 (23) (37) (10) (41) (31) (38) (19) (32) (13) (11) (47) (44) (20) 
45 (37) (42) (10) (23) (5) (15) (32) (2) (8) (24) (44) (6) 
46 (38) (49) (15) (34) (46) (17) (11) (47) (2) (25) (24) (12) 
47 (20) (19) (40) (6) (48) (5) (39) (37) (42) (25) (46) 
48 (1) (11) (24) (9) (8) (23) (50) (22) (47) (20) (25) (31) (26) (29) 
49 (10) (13) (9) (37) (24) (33) (26) (8) (47) (43) (41) 
50 (47) (29) (25) (39) (7) (23) (38) 
