0
50
50
1 (19 13) (29 46 22) (42) (30) (2 25 26 8 41 33) (3) 
2 (11 50 45) (22 41) (30) (1 3 8 15) (17 19 36 27) (29) (39 32) (35) (26) (2) 
3 (14 31) (10 15) (3 11) (27) (6) (8) (39) (13 37 50 46) (35 41) (34 18 4) (48 16 22) (24 44) 
4 (18 1 27) (42 14 32 39) (29 9 22) (33 26) (7 30 46 11 25) 
5 (45) (20 49 33) (13 6) (30) (14) (16 5) (4) (1 2) (40) (36 10) (8) 
6 (17 23) (22 48 49) (35) (18 15 1 28) (8) (14) (44) (19 42 3 11) (16 37 9) (10 12) 
7 (5 10) (30) (19 47 46 36 41) (37 13) (3 6) (12) (27) (29 22) (42 40 14 43) (20) (44) (31) (21) (24) 
8 (36) (25 38 22 39) (35) (10 31) (27 7) (1) (16) (13 26 46) (28) (21) (9 17) (49 30 40) 
9 (42 20 49) (16 32) (12) (28) (7 11 43) (21) (27 33 46) (1) (38 35 3 19 37) (47) (24) (36) (4) (15) (6) 
10 (12) (6) (5) (43) (4) (16 46) (32) (40) (19 30 2 29 9) (13) (17) (47) (39) (18 26) (34 10) (42 31) (50 38) 
11 (15 34) (4) (30 43 49) (50) (25) (19 20) (1) (41) (31) (16) (24) (39) (33) 
12 (48 4 11 8 24 38 18 7 34) (43) (30 22 36 10 9) (3) (35 21 2 26) (6 23) 
13 (33) (29 21 40 5) (38) (27 16 10) (13) (3) (28) (37 48 44 14) (20 7) 
14 (36) (5 48 49) (39) (10 4) (46 7) (11) (34) (12) (47 26 21 20) 
15 (13) (30 45) (16 23) (22 32 3 6 40 28) (37) (48) (21 29 15) (25 27) 
16 (19 28) (29 20) (27 48 17) (24 45 15 13) (7) (26) (30 47 21 43 23 6) 
17 (16 19 14) (47 3 37 41) (11) (2 23 42 49) (7) (5) (38) (15) (36 20 12) (25 35) (48 32) 
18 (22) (46) (19) (10 14 8 5) (17 49) (44 36 37 30) (29 23) (2) (11 7) (35 16) (38) (3 26) (33 43 1) 
19 (49 37) (30 15 3 27 2 9 48) (1) (20) (11 46) (34) (31 22 6) (4) (10) (25 39) (42) (43) (14) 
20 (33 8) (31) (34) (6 30) (22) (10) (24) (48) (15 12 1 16) (20 40) (14 35) (23) (47 11 4 7) 
21 (36 33 5 26 14 13) (21 4 32) (25 1 48 44 28 9) (42) (16) (10) (22 30) (27) 
22 (28) (24 29 31 48 36 8) (39 50) (11) (43 27 46 47) (17) (10) (6) (41 13) (23) (40) (1 9) 
23 (12 42) (37 20 5) (10) (36 22 17) (25) (9 49 50) (48 44 28 32) (11 14 46) (45) (1 26) 
24 (19 15) (1) (44 38) (2) (3) (17 43) (34 36 48 50 4) (49 16 37) (47) (8 46) 
25 (39 38 14) (32) (35 20 28) (31 22 41) (16 5) (15) (48 3) 
26 (18 30) (20) (41) (34 6 35) (21 27 50 39 36 31) (22) (13) (48) (46 49 14 44 43 5) (37 15 11) (23) (2) (29) (4 42) (1) (7 9) 
27 (2 11 28) (32 12) (29 35 50) (13 17) (23 45 21) (16) (30 14 20) (26 25) 
28 (30 12 24 49) (5 35) (29 37 33) (13 25) (11 38 10) (50 9 21 46) (16) (32) (27) (20 36) 
29 (24 39) (43 33 28) (50 14 3) (27 4 40) (9) (5 26) (30) (18 37 29 41 25) (20 19 48) 
30 (21) (39) (48 34 42 14 7) (44) (17) (19 26) (13) (2 9 6) (28 35) (18) (36) 
31 (2) (27) (45) (23) (25 41) (34) (14 15) (28) (33 30 22 47 13 7) (16 17) (39) (8 40 37 21) (5 11) 
32 (15 27 48) (50 23 12 4 34) (31) (8 29 3 41) (5 6) (38) (39) (19) (17 24) 
33 (42 6 41) (9 39 49) (19) (44 35) (18) (37 14) (50 4) (40) (34 43 21) (11) 
34 (17 32 19) (34 4 49) (43) (1 24 9) (42) (14 2) 
35 (23 27 43) (12) (45 40 17) (3) (21) (39) (32 14) (4) (35 28) 
36 (8) (10 42 32) (46) (20) (48) (21) (39) (38 40) (41 16 33) (1) (4) 
37 (42 24) (6 37) (31 5) (34 25) (35) (29) (20 14 11) (13) (15 49) (48 3) (2) (26) (40) 
38 (12 15 42) (16 22) (14 11) (33 30) (8 25) (50) (20) (41 37 45) (28) (3 19 24 35) (34 2 36) 
39 (2 47) (12) (48 21 20 10 31) (40 3) (13) (26 15) (28 17 44 11 23 50) (36) (42) (24) (46) 
40 (17 7) (42 3) (18 21) (34 44 20 38 29 30) 
41 (5 36 18) (27) (40) (31) (29 4) (34) (19 45) (30) 
42 (1) (39) (31 27 12) (8 5) (9) (3 17 33 16 44 2) (45 40) (37 30) 
43 (29) (41 34 11 5) (32 33 37) (13) (35) (7 18) (45) (17 23 20 24 10) (50) 
44 (9) (10) (27) (12) (35 8 2 48 15 3 36) (17 43 14 16 37) (18) (29) (6) 
45 (16) (6) (11) (3 40 47 27 10 8) (43) (26 45 36 19 34) (7 18) (35) (1) 
46 (2) (38) (41) (43 7) (20 29 45 23) (44 1) (47) (26) (14) (6 25 34) 
47 (8 25) (29) (26 6) (13 17) (49) (44 18) (32) (47 35) (40) 
48 (48 46) (17) (24) (14 26) (44) (13) (36 20 3 27) (5) (49) (31) 
49 (20) (46) (16 33) (18) (34) (39) (11) (25) (14 24 36 38 37) (27) 
50 (15) (22) (20 40 37 17 5) (43 12 30 38 44 10 31) (18 21 25 16) (8) (24) (26 46) (33) (11) (45) 
1 (8) (45) (11) (18) (5) (26) (4) (9) (6) (23) (21 34) (19 2 24) (46 20 36 42) (22) 
2 (37) (44) (42) (34) (31) (17) (38) (19) (27) (1) (24) (2) (10) (12 18 5 46 30 26 39) 
3 (39) (25) (1) (44) (9) (29) (35) (6) (37) (24) (13) (45) (7) (3 17) (15 18) (32) (40) (48) (2) (12) (42) (38 19) 
4 (20) (26) (34) (36) (5) (9) (3) (41) (14) (19) (12) (35) (33) (24) (32) (11) (10) (21) (29) 
5 (50) (7) (43) (32) (31) (37) (10) (14) (48) (29) (5) (23) (17) (21) (28) (42) (41) (26) (18) (25) (13) 
6 (7) (16) (5) (45) (44) (37) (9) (47) (3) (32) (19) (46) (22) (20) (15) (26) (33) (10) (30) (12) 
7 (8) (45) (12) (14) (16) (17) (46) (9) (43) (18) (20) (40) (30) (4) (31) (13) (26) 
8 (3) (20) (47) (1) (38) (2) (42) (24) (22) (31) (6) (32) (50) (5) (45) (36) (12) (44) (18) 
9 (19) (28) (21) (12) (29) (44) (6) (34) (30) (8) (4) (10) (23) (26) (42) (33) (22) 
10 (50) (13) (22) (28) (20) (5) (44) (43) (21) (12) (18) (14) (19) (45) (6) (39) (7) (23) (8) (3) (36) (10) 
11 (33) (50) (37) (28) (49) (27) (43) (2) (26) (17) (38) (31) (12) (39) (4) (23) (20) (9) (22) (45) (19) (18 3 14 6) 
12 (28) (17) (42) (39) (32) (7) (35) (23) (14) (50) (44) (10) (20) (38) (6) (9) (27) 
13 (13) (37) (10) (16) (8) (31) (39) (7) (22) (5) (1) (47) (21) (26) (28) (3) (43) (30) (15) (27) (48) 
14 (25) (49) (20) (17) (6) (29) (21) (3) (19) (13) (44) (30) (18) (7) (33) (46) (34) (27) (37) (31) (5) (35) (48 26) (23) (4 38) 
15 (26) (32) (11) (3) (39) (24) (15) (6) (17) (37) (19) (2) (16) (9) (25) (38) (44) (20) (31) (50) 
16 (3) (45) (15) (18) (31) (28) (21) (44) (36) (9) (8) (50) (10) (49) (24) (13) (5) (38) (6) (42) (11) (27) (17) (25) (20) 
17 (44) (24) (47) (27) (18) (34) (43) (6) (8) (10) (23) (39) (48) (30) (32) (50) (2) (35) (40) (16) (31) (22) (42) 
18 (4) (41) (12) (30) (40) (6) (3) (43) (33) (44) (49) (45) (26) (50) (10) (29) (47) 
19 (45) (7) (41) (11) (29) (9) (17) (10) (38) (6) (16) (33) (18) (30) (1) (2) (32) (24) (34) 
20 (37) (13) (5) (14) (48) (26) (25) (46) (36) (11) (7) (38) (16) (27) (40) (29) (9) (23) (28) (50) (20) (19) (49) (17) (39 43) 
21 (21) (36) (30) (14) (40) (39) (9) (8) (16) (13) (27) (26) (7) (31) (50) (33) (15) (28) (35) (12) 
22 (6) (7) (1) (3) (8) (38) (4) (31) (50) (26) (23) (19) (21) (20) (18) (15) (12) (2) (25) 
23 (35) (17) (39) (22) (15) (16) (18) (27) (12) (43) (26) (46) (32) (20) (6) (31) 
24 (49) (38) (16) (32) (37) (22) (34) (43) (29) (39) (48) (28) (12) (11) (3) (7) (9) (50) (20) 
25 (38) (50) (17) (31) (11) (4) (27) (29) (49) (15) (46) (8) (23) (21) (37) (28) (1) (19) (47) 
26 (2) (50) (18) (30) (1) (8) (23) (12) (4) (29) (45) (39) (48) (47) (27) (46) (16) (37) (21) (14) (10) 
27 (35) (31) (22) (9) (44) (49) (41) (16) (15) (29) (45) (7) (21) (32) (48) (42) (26) (28) (3) (4) (8) (13) (19) (2) 
28 (22) (6) (25) (31) (13) (23) (35) (21) (15) (27) (8) (9) (39) (30) (38) (16) (29) 
29 (4) (2) (10) (28) (40) (29) (32) (26) (1) (7) (44) (16) (41) (37) (22) (15) (27) (18) (13) (46) (47) (43) 
30 (2) (28) (5) (27) (1) (20) (4) (8) (7) (41) (19) (18) (10) (11) (42) (50) (38) (29) (26) (16) (12) (31) (15) (40) (21) 
31 (20) (7) (50) (11) (37) (25) (26) (41) (19) (32) (42) (48) (10) (22) (8) (39) (3) 
32 (34) (10) (36) (35) (21) (17) (2) (25) (28) (27) (9) (15) (23) (43) (4) (47) 
33 (20) (38) (43) (1) (49) (4) (31) (18) (28) (50) (36) (42) (29) (9) (21) (5) (13) (11) 
34 (34) (43) (40) (32) (33) (49) (11) (41) (30) (14) (19) (37) (31) (46) (26) (38) (20) (10) (24) (3) (12) (45) 
35 (2) (26) (20) (38) (43) (3) (8) (33) (30) (18) (37) (25) (44) (45) (35) (12) (47) (9) (6) (17) (28) (27) 
36 (23) (12) (44) (9) (24) (28) (22) (45) (38) (14) (21) (8) (48) (5) (18) (2) (41) (7) (39) (17) (30) (49) (26) 
37 (31) (7) (37) (19) (9) (38) (43) (29) (6) (49) (44) (23) (50) (26) (15) (33) (18) (24) (3) (17) (28) (13) (42) 
38 (49) (46) (50) (28) (12) (24) (17) (36) (8) (13) (10) (18) (25) (32) (9) (40) 
39 (3) (10) (42) (14) (35) (36) (4) (29) (31) (22) (33) (25) (49) (2) (19) (11) (26) (32) (8) (30) 
40 (47) (29) (10) (37) (22) (35) (13) (45) (39) (5) (50) (42) (33) (36) (7) (20) (15) (31) (41) (8) 
41 (26) (32) (17) (11) (3) (43) (31) (22) (7) (38) (1) (46) (25) (36) (2) (33) (29) 
42 (17) (7) (40) (1) (38) (6) (34) (23) (33) (26) (10) (21) (37) (36) (9) (4) (19) (30) (39) 
43 (10) (26) (50) (22) (46) (9) (16) (12) (34) (24) (18) (35) (29) (11) (45) (44) (33) (7) (19) 
44 (47) (40) (48) (18) (33) (23) (26) (42) (50) (24) (7) (46) (30) (39) (21) (6) (3) (13) 
45 (5) (46) (35) (23) (16) (42) (45) (50) (31) (27) (43) (2) (38) (15) (41) 
46 (1) (18) (39) (9) (22) (8) (10) (14) (4) (7) (26) (3) (23) (50) (49) (24) (48) (19) (28) (36) 
47 (10) (39) (46) (22) (14) (16) (9) (31) (45) (17) (24) (7) (47) (20) 
48 (30) (3) (6) (25) (39) (23) (37) (17) (14) (12) (26) (20) (16) (32) (19) (13) (29) (48) (44) (22) (24) (15) (36) (21) 
49 (34) (37) (48) (6) (8) (47) (33) (14) (28) (23) (18) (17) (11) (19) (24) (5) (9) (26) 
50 (28) (22) (23) (43) (29) (10) (3) (26) (11) (39) (38) (32) (2) (27) (33) (24) 
