0
50
50
1 (17 18 13) (43 31 40) 
2 (20 17) (43) (15 12) (40) 
3 (46) (3 23 19 44 31) (1) (22) (38 45) (37) (39) 
4 (5 47) (17 21) (15 10) (30 8 39 9) (49) 
5 (17 38) (4) (9) (22) (50 44 11) 
6 (16 46) (28) (24 11) (27) (2) (33 44) (23) 
7 (21 4 49 50 5 14) (11 41) (23) 
8 (21 23) (13 43 30) (6) (15) (42 12 50) (1) 
9 (30) (35) (47) (43 4) (31) 
10 (31 4) (12) (10) (50 42) (16) (34 24 6) 
11 (39) (44) (20) (34) (11) (18) (17 37) 
12 (26) (49 44) (33) (36 39) 
13 (43) (37) (14 18) (11) (7 39 10) (3) (50 48) (17) (35) (26 1) (29) (8 30) 
14 (25) (28 13 22) (32) (43 44) (49 46) (11) 
15 (3) (26) (39) (35) (33 37) (48 34) (4 18 41 31) (29) (47) 
16 (36) (24 31 37) (41 30) (27) (6) (13) 
17 (3 24) (13 37 17) (28 32) (16) 
18 (19 43 36 41 48 16 5) (27) (34) 
19 (1) (32) (45 19) (20 2) (22) (26) (29 50 10 35) 
20 (33 49) (48 32 24) (46 43 45 16) (20) 
21 (48) (25) (21) (38 26) (9) (1 11 2) (5) 
22 (39) (27) (4 26 16) (50 48 38) (36) (31) (47) (28 9) (6 32) (40) 
23 (10) (7 18) (20 35) (12) (24) (46 6) (43) 
24 (33 37) (3 13) (1) (26 11) (24 16) 
25 (19) (47) (29 2) (22) (9) (49) (7) (32) (45 17) (12 48 16) (37) 
26 (42) (10 30) (11) (49 9 24) (16) (22) (23 3 47) 
27 (25 28) (7 11) (43 40) (20) (14) 
28 (47 23) (7) (28) (22) 
29 (43) (36 17 21 12 28 39) (29) (25) (45 46) (24) 
30 (45) (41 11 4) (14) (38 29) (33) (6) (13) (35) 
31 (26 32 25) (4 18) (16) (38) (27) (42) 
32 (26 20) (6) (41) (42) (32 14) 
33 (15 45 28) (33 49) (10) 
34 (15 11) (4) (41) (30 36) (28) 
35 (30 38) (2 41) (16) (46 50) (4) (45) 
36 (6 35 46) (50) (29) (17) 
37 (30) (36) (45 11 23 49 8) (44) (9 27 2) 
38 (12 43) (16) (1) (17) (42) 
39 (3) (49 40 16) (50 14 38 26 34) 
40 (40 6) (29 41) (27 22 14) (15) (1 7) 
41 (36 48) (6 32 39) (49 1 41) (17 25) (13 9) 
42 (6 12) (19) (28 37 46) (34) (7 13) (18 29 5) 
43 (21) (29 45) (2 11 15 33) (16) 
44 (48) (20) (22 9) (15) (24) (32 41) (45) (30 29 37) 
45 (11) (12) (27) (22) (42 37 16) (40 15) (5) (41 48) 
46 (21) (14) (9 49) (22) (16 34 29) 
47 (12) (4 49 33) (42) (21 27) (30) (37 22 17 5) 
48 (2 50 41 25 11 35) (16) (10) 
49 (27) (6 9) (26 36 12) 
50 (40 10) (22) (36) (15 23 2) (13 26) 
1 (8) (38) (24) (13) (21 40) (3) (19 41) 
2 (37) (50) (43) (25) (6) (35) (48 19 21) 
3 (15) (39) (24) (26) (3) (13) (17) 
4 (35) (7) (9) (47) (22) (31) (10 34 15) (30 5) 
5 (47) (45) (18) (42) (21) (7) (4) 
6 (16) (40) (10) (22) (30) (41) (42) (36 32) (8 23) (49) 
7 (13) (40) (42) (27) (23) (28) (25) 
8 (4) (13) (37) 
9 (25) (37) (26) (5) (21) (46) (41) (44) (4) (22 49) 
10 (19) (13) (23) (48) (4) (26) (33) (10) (50) 
11 (7) (24) (5) (43) (14) (37) (13) (30) (27) (45) (26 21 11) (34 6) (48) 
12 (49) (25) (23) (38) (29) (10) (45) (2) (8) (42) (47) 
13 (24) (17) (14) (16) (8) (1) (30) (41) (50) (42) 
14 (40) (46) (7) (39) (32) (30) (13) (27) 
15 (40) (44) (45) (33) (4) (8) (34) (2) (50) (43) 
16 (17) (20) (38) (22) (31) (24) (46) (25) (45) (10) (39) (35) (26 18) (43) (6) (48) 
17 (11) (38) (13) (4) (47) (2) (41) (36) (29) (17) (25) (1) (5) 
18 (1) (11) (31) (42) (23) (15) (13) 
19 (3) (19) (18) (42) (25) 
20 (44) (19) (32) (27) (23) (2) (20) (11) 
21 (7) (4) (8) (43) (21) (47) (29) (46) 
22 (47) (14) (50) (46) (26) (45) (28) (3) (5) (44) (19) (40) (25) 
23 (28) (37) (26) (50) (8) (6) (3) (7) 
24 (26) (29) (6) (24) (16) (44) (20) (17) (10) (23) 
25 (31) (48) (27) (41) (29) (14) (21) 
26 (49) (15) (39) (21) (13) (12) (32) (24) (50) (22) (19) (31) 
27 (37) (47) (45) (16) (18) (31) (22) (49) (40) (6) 
28 (29) (27) (42) (14) (34) (33) (28) (17) (6) (22) 
29 (30) (36) (29) (42) (25) (15) (19) (43) (40) (13) (44) (46) 
30 (37) (44) (35) (16) (26) (9) (13) (47) (34) (4) (8) 
31 (3) (16) (9) (1) (15) (10) (22) 
32 (31) (17) (19) (25) (20) (32) (41) (14) (44) (22) 
33 (33) (47) (12) (24) (30) (20) (15) (43) (6) 
34 (11) (42) (18) (10) (15) (39) (46) 
35 (30) (9) (48) (36) (19) (15) (13) (23) 
36 (49) (34) (18) (29) (16) (12) (22) (50) (41) (37) 
37 (42) (45) (44) (24) (16) (11) (15) (3) (13) (47) (25) (17) 
38 (39) (5) (30) (35) (31) (22) (3) (21) 
39 (3) (13) (22) (12) (4) (11) (29) (41) (15) 
40 (27) (40) (50) (22) (39) (1) (45) (2) 
41 (40) (16) (45) (48) (7) (30) (15) (44) (18) (35) (34) (32) (41) 
42 (8) (45) (47) (38) (32) (10) (26) (31) 
43 (2) (27) (23) (9) (38) (29) (13) (14) (20) (8) (18) (1) 
44 (14) (3) (37) (12) (11) (6) (5) 
45 (20) (43) (33) (29) (30) (35) (3) (37) (19) (25) (44) 
46 (3) (42) (23) (6) (35) (14) (20) (36) (29) 
47 (28) (9) (4) (26) (15) (22) (25) 
48 (22) (18) (21) (13) (20) (45) (25) (44) (41) (15) 
49 (26) (46) (25) (39) (7) (4) (20) (14) (37) (47) (12) (33) (41) 
50 (35) (13) (36) (22) (19) (10) (5) (7) (8) (48) (39) 
