0
50
50
1 (2 49 17) (6 10) (21 9 39) (12 27 44 40) (22 41 23 31) (50 36 47 13) (30) (35 42) (18 15 34) (33) 
2 (40) (7) (25) (35) (3 17 47 50 14 48 27 20 38 44 23 42 22) (16 41) (30) (15) (21 6 39 5) 
3 (31 10) (36) (6) (40 21 37) (22) (33 12 49 32 25 4) (39 7 18 24 47) (35) 
4 (18 6) (11 31 25 35 13) (28 46) (15) (14 5 24) (40) (43 44 1 42 27 3) (45 23 39 20 19 4) 
5 (41 5) (46) (48 42 35 8 43 31 2 50 45) (16 33 15) (23 6) (32 28 19) (9) (44) 
6 (20 35 18) (17 39 43) (11 25 34) (14 26 5 46) (7) (24) (48 38 32 28 42) (41 15) (40) (19) (33 13) 
7 (5) (45 15 13 27 7 4) (29) (33 26) (10 42 41 24 30 39 35) (25 48 36) (28 22 3 18) (49) (19) 
8 (44 15) (22) (49) (48 5 27 23 19) (13 38) (28 42 45 37 33 25) (43) (41 8 21 17) (18 50 7 20 29) 
9 (15 38 20 19) (49 25 10 28) (8 3 23 9) (32) (46) (42) (47) 
10 (10 40 49 34 16 48 11 8) (32 28 12 39) (18 33 19 38 25 14 4 21 22 37 24) 
11 (19) (23 37) (36 17) (50) (2 8) (41) (20) (26 14 21) (24 43 27 44) (38 28 9 15 6 42 31 30) 
12 (15 21 6) (40 30 9 43 10 27 25) (26 47 13) (50 5) (14 44 49 12 36 28 22 17) (46 38 45) (48) 
13 (39) (23) (43 20 38 44 7) (35 6 19 14 42 37) (48 26 50 33) (32) (16 8 34 9) (2 3 31 15 40) 
14 (20 43) (28) (5 34 41 29 25 19 7 39 33 38) (50 46) (18) (2 37 47 8) (6 36) 
15 (18 48) (32 33 41 37 34 45 11 29 46) (2 38 25 26 19) (44 28 27 40 24 30) (39) 
16 (2 49 6) (34) (4 27 24 40 41) (33 48 28 1 50) (32 23) (12) (38 21 45 26) (47 37) 
17 (47 15 16 40 29 5 30 31 12 10) (13 6) (27 44 18 4) (2 11) (38) (24 33) 
18 (25 47 48) (42) (45) (35 12) (19 18 44) (27 6 41 33) (10 21 46) (8 17) (1 22 2) (11 15 4 23) 
19 (32) (18 39 10 20 31 8 43 37 3 17 26) (9 27) (22) (38 30) (41 19 40 35 11 12 45) 
20 (39 13 2) (24 18 14 36 44 12) (11 20) (4 1 28 27 48 6 29 49 40 31) 
21 (44 12) (46) (11) (10 33 27 37 22 2 15 39 28 8 40 45 18) (38) (25 42 43 1 24) (50 20 49 48 29) (47) 
22 (5 33 47 4) (43 24 16 12 1 22 2) (34 20 31 25) (14) (10 37 48 26) (27) (36) 
23 (40) (16 30 9 3 50 12) (4 15 23) (24 7) (18 37 1 27 26 11 22 20 36 10) (6 33 5) (17 41 46) (42) (19) (28 25) 
24 (11 49 18) (3 2 5 23 30 16) (8 24 45 31 40 9 38) (4) (7 14) 
25 (3) (37 20 11) (40) (42 19 8 13 24) (25) (36 14 27) (12 50 10 18 6 23) (47 9 44 49 7) (33 35) 
26 (18) (30 21 19 15) (11 35 36) (39) (49) (43) (33) (6 29) (24 37 32 9 7 34) (45) (38 22) (50 47 31) (27 23) (8) 
27 (36 3 41 44 43 39 1) (15 42 18) (50 16 48 11) (5 47 14 40 27 23) (33 21 24 30 12 13 29 37) (49) 
28 (40) (38 27 34 8) (30 50 25) (37 47) (45) (3) (32 21 5 41) (10) (14 33 13 43) 
29 (4) (29 15 48 16 45) (24 18 8 12) (47 30 7) (21) (35 3) (1 32) (36 39) (40 43 19) (38 42) (10) 
30 (45 3) (31 5 38 13 48 15 34 49) (35) (22) (28 41 44 18) (10 21) (26) 
31 (47) (43) (9 33) (29 28 24 5 17) (36 27) (3 6) (25 20 23 37 40 4 34) (21 10 32) (45 15 44) 
32 (1) (48) (8 43 39) (10 31 19) (42 6) (32 50) (2 23 17 34 33) (40 45) (25 35 21 11) (30 14 18 7 28) 
33 (6 43) (8 13 34 9 11 10 19 47 21 35 27 20 36 49 14 7 22 45) (28) (44) (29) (48) (25 46) (26) (30) (32 3 18) (24) 
34 (43) (21 49) (12 19 27) (41 10 39 20 16) (30 25) (24 47) (3 8 11 2) (18 26 28 50 37) (46 29 4 40) 
35 (32 11 28 5 50) (22 19) (25) (20) (13 48 43) (35 15 18 26 4 7 1 45 23 34 8 31) 
36 (40) (49 17) (44 15) (20 43) (3 41 46 21) (26 32 18 23) (38 48 45 10) (50) (27) (2 36 47) (5 11 4) 
37 (28 21 39 29 45 1) (16) (36 34 2 37 26) (14 10) (15 9 13 30) (50) 
38 (29) (13 45 27 3 32) (10) (12 40 50) (22) (2 18) (24 16) (21) (30 44) (7 26 23 36 37) (35) 
39 (8 19) (44 43 45 14 34) (35) (4 1 3 33 31 42 24) (7 46 9 12) (29 20 26 37) (6) (39 40 50 10) (5 17 16) (36) 
40 (15) (31 43 47 10) (19 22 37 3 49) (9) (5 13 18 42 20 50 34) (45) (8) (26) (11) (48 24 12 38 29) (21 40 2 1) (16 17) (27 46) 
41 (40) (33 8 4 6 30 1) (12 13) (16) (49 26 28 17 21 18) (15) (43) (20 36 39 3) (41) (24) (45 29 10 23) 
42 (7 3) (22) (50) (8 6 48 15 25) (16 13 2 17) (44) (30 31 49 11 21 24 18 10 12) 
43 (46 14 13) (21 17 5) (26) (12 30) (31 45) (41 24) (10 25 42 50 1) (8 11 16) (33 2 37) 
44 (29 37 42) (33 44) (49) (1) (45) (20 8 24 16 3 40 26 12 31) (7 4 25) (19 41) (50 46) 
45 (19) (31) (45) (24 25 10 48 41 39) (14) (16 32) (22) (46 47 44 38 8 30) (11 21 36) 
46 (44) (40 4 10) (23 12 46 28 47 17) (15 48) (2 13 33 42) (34) (16 31 21 38) (9) (32) 
47 (31 39 34) (16) (48 32 23) (15) (18 22 42 38 4 33 2 7 9 41) (24 49 1) (3) (50 10 19) 
48 (42 6 3 45) (40 11 27 24 7 25 18) (20 14 21 43) (4 46 36 37 12 32) (33 19) (16) (39) 
49 (24 45 40 25) (18 20 9) (12 35) (43) (22 17 19 27 4 15 49) (50 2) 
50 (15 26 5) (18 36 28 2 16) (42 41) (49) (17 13 1) (22) (25) (43 29 27 8 24 38) (47) (34 45 11 46 23 48) 
1 (50) (22) (35) (41) (43) (20) (16) (44) (39) (29 4 21 27) (47 40) (37) (18 32) (23) 
2 (21) (46) (17) (49) (50) (16) (11) (14) (40) (20) (47) (24) (1) (36) (38 5) (42 32 18 43) (22 13 34) (15 37) 
3 (2) (19) (30) (36) (25) (13) (41) (29) (38) (4) (33) (44) (40) (48) (42) (34) (9) (31 23 7 27 47 24 28 39) 
4 (31) (47) (35) (10) (16) (34) (17) (48) (7) (49) (39) (46) (29) (23) (41) (22) (3) (36 20 44 18 24 4) 
5 (23) (24) (35) (14) (12) (39) (27) (17) (50) (5) (31) (22) (4) (30) (2) (7) (36) (28 43) (8 6 40) 
6 (12) (5) (26) (14) (25) (13) (32) (31) (23) (33) (2) (39) (16) (48) (42) (17) (18) (1) (41 20) (3 4 11) 
7 (2) (7) (42) (26) (3) (44) (47) (14) (8) (39) (6) (23) (38) (48) (35) (29) (24) (13) (32) (33) (25) 
8 (45) (43) (9) (34) (26) (21) (10) (8) (40) (33) (5) (35) (28) (18) (13) (29) (41) (44) (25) (39) (11 19) (24 50 14) (42 32) 
9 (47) (19) (39) (49) (26) (37) (46) (1) (40) (25) (11) (9) (23) (24) (31) (12) (5) (13) (33) 
10 (19) (39) (36) (28) (41) (45) (18) (10) (31) (34) (1) (23) (42) (37) (3) (38) (12) (33) (17) (30) (32) (9) (21) (47 46 43 22 25 40 7) (29) 
11 (27) (18) (23) (24) (50) (6) (40) (36) (15) (35) (45) (19) (20) (25) (42) (32) (34) (10) (26) (33) (48) (4) (21) (43) (17) 
12 (39) (34) (29) (40) (27) (10) (19) (38) (46) (44) (16) (23) (48) (1) (49) (3) (25) (17) (22) (18) (12) (20) (42) (41) (43 21) 
13 (8) (35) (17) (33) (41) (6) (7) (1) (25) (42) (43) (50) (12) (28) (27) (46) (40) (30) (4) (37) (20) (38) 
14 (37) (32) (27) (39) (22) (12) (13) (11) (6) (28) (2) (43) (48) (33) (45) (4) (25) (20) (24) (10) 
15 (37) (1) (29) (18) (49) (30) (36) (23) (35) (27) (31) (42) (9) (4) (2) (47) (50) (46) (12) (41) (5) (17) (40) (21) (11) (13 26 8) (7) (6) 
16 (43) (46) (41) (38) (5) (42) (2) (10) (39) (48) (37) (29) (27) (40) (13) (24) (22) (44) (47) (34) (17) (45) (50) (23) 
17 (12) (32) (43) (6) (42) (40) (19) (18) (1) (50) (41) (49) (8) (31) (2) (23) (39) (36) (11) (46) 
18 (50) (17) (41) (14) (23) (19) (47) (27) (7) (18) (20) (6) (21) (8) (49) (34) (30) (29) (3) (48) (33) (25) (32) (35) (38) (26) (4) (15 42) (10 36) (40 1 24) 
19 (26) (23) (8) (18) (25) (9) (4) (7) (48) (44) (29) (11) (45) (35) (40) (5) (49) (10) (34) (32) (13) (14) (6) (39) (47) (33) (19) (15) 
20 (35) (13) (11) (31) (44) (48) (19) (2) (8) (20) (49) (36) (34) (6) (21) (40) (14) (4) (23) (9) (22) (33) (25) (41) (39) 
21 (11) (43) (18) (36) (34) (27) (30) (12) (26) (33) (46) (32) (31) (37) (29) (38) (40) (48) (28) (1) (16) (2) (45) (8) (42) (10) (3) (41) 
22 (42) (21) (26) (50) (47) (45) (35) (18) (1) (10) (49) (33) (12) (3) (22) (2) (38) (30) (8) (40) (7) (19) (23) 
23 (31) (47) (2) (27) (35) (4) (23) (50) (36) (32) (5) (11) (1) (16) (18) (25) (8) (26) (13) (9) (24) (46) (38) (41) 
24 (3) (16) (40) (21) (48) (22) (6) (49) (39) (38) (47) (17) (29) (34) (33) (50) (44) (4) (20) (31) (11) (23) (26) (41) (45) (15) (10) (7) (43) (24 27 42 25) 
25 (14) (12) (45) (50) (18) (49) (3) (23) (15) (21) (7) (9) (33) (4) (31) (43) (8) (44) (42) (10) (34) (28) (25) (2) (32) (35) (22) (6) (48) 
26 (34) (23) (41) (38) (11) (30) (43) (16) (22) (12) (7) (19) (50) (35) (13) (36) (33) (39) (44) (15) (6) (37) (40) 
27 (20) (33) (25) (48) (31) (12) (26) (40) (23) (19) (17) (11) (4) (36) (34) (8) (2) (50) (7) (18) (28) (22) (27) (49) (16) (38) (15) (1) (21) 
28 (15) (46) (20) (12) (10) (4) (11) (21) (34) (41) (9) (37) (33) (31) (32) (6) (50) (5) (30) (16) (23) (14) (35) (8) (7) 
29 (8) (7) (50) (41) (44) (15) (40) (38) (21) (31) (20) (27) (29) (26) (39) (14) (33) (34) (17) (37) 
30 (34) (29) (43) (23) (7) (27) (15) (19) (26) (17) (42) (24) (11) (38) (28) (33) (32) (12) (1) (41) (37) (45) (2) 
31 (4) (1) (30) (44) (32) (47) (42) (39) (17) (11) (35) (26) (45) (3) (13) (43) (5) (22) (40) (19) (46) (24) (20) 
32 (36) (6) (46) (3) (15) (48) (19) (16) (38) (28) (45) (32) (26) (47) (5) (9) (35) (31) (13) (33) (29) (10) 
33 (5) (43) (48) (31) (39) (28) (26) (47) (46) (41) (14) (22) (21) (15) (7) (8) (32) (17) (44) (25) (10) (23) (1) (13) (3) (27) (16) (18) (6) 
34 (46) (13) (30) (28) (16) (6) (40) (14) (26) (32) (37) (39) (15) (31) (10) (1) (35) (47) (50) (33) (22) 
35 (7) (33) (13) (32) (39) (6) (25) (5) (4) (30) (1) (38) (3) (19) (29) (18) (2) (26) (35) (49) 
36 (23) (27) (33) (14) (7) (11) (22) (12) (38) (26) (50) (48) (3) (39) (29) (36) (45) (20) (37) (1) (25) (41) (31) 
37 (23) (26) (14) (34) (27) (11) (15) (19) (8) (25) (37) (22) (13) (16) (44) (40) (21) (38) (31) (39) (10) (28) (43) (3) (48) 
38 (10) (46) (16) (13) (2) (9) (8) (6) (24) (30) (15) (11) (36) (47) (12) (28) (29) (40) (21) (14) (26) (19) (17) (50) (45) 
39 (47) (21) (20) (10) (4) (32) (27) (14) (41) (7) (26) (1) (19) (6) (2) (34) (45) (48) (15) (13) (37) (3) (29) (39) 
40 (2) (3) (49) (19) (20) (28) (34) (44) (48) (24) (27) (21) (1) (46) (38) (17) (41) (32) (25) (13) (23) (10) (12) (31) (36) (6) (40) (39) (4) (15 16) (29) 
41 (23) (15) (45) (7) (18) (36) (2) (43) (28) (27) (30) (44) (14) (41) (34) (1) (8) (5) (19) (47) (50) (16) (6) (11) 
42 (27) (18) (25) (29) (11) (23) (46) (9) (6) (43) (40) (7) (1) (2) (4) (48) (47) (50) (44) (32) (21) (5) (39) (13) (8) 
43 (48) (39) (11) (49) (5) (32) (27) (36) (21) (40) (12) (14) (33) (31) (13) (26) (28) (29) (41) (50) (35) (22) (8) (6) (4) (34) (19) 
44 (39) (8) (20) (46) (15) (11) (42) (45) (17) (30) (25) (38) (18) (5) (13) (1) (2) (36) (33) (12) (21) (27) (44) (4) (31) 
45 (30) (21) (26) (41) (19) (40) (15) (50) (33) (49) (37) (18) (12) (38) (44) (29) (28) (4) (45) (32) (35) (48) (43) (7) (8) (24) (31) (5) (39) (36) (16) 
46 (39) (40) (43) (34) (46) (45) (4) (18) (6) (9) (33) (12) (5) (21) (23) (50) (36) (15) (44) (14) (48) 
47 (3) (1) (45) (17) (34) (27) (25) (14) (2) (12) (31) (28) (36) (16) (40) (18) (26) (50) (33) (29) (9) (22) (46) (21) 
48 (20) (50) (29) (12) (8) (36) (6) (21) (2) (46) (10) (15) (42) (40) (16) (5) (18) (32) (30) (22) (13) (33) (7) (35) (45) (47) (27) 
49 (26) (1) (42) (34) (12) (47) (44) (27) (25) (9) (20) (41) (10) (16) (24) (8) (3) (21) (7) (40) (30) (49) (33) (50) (36) 
50 (21) (35) (16) (44) (47) (11) (42) (8) (43) (14) (25) (39) (36) (32) (5) (1) (49) (23) (40) (37) (38) (34) (27) (28) (12) (13) (2) (26) 
