0
100
100
1 (4 81) (20 17) (12) (94 3) (45) (33 87) (44 10) (52 7) (32) (14 37 28) (60 70 47) (77) (86 79 22) (74 48 24) (29) (69) (36) (83) (58) (71 9 92) (42 68) (85 5) (38 96 59 89 39) (43) (99 31) (55 13) (64 100) (56) (46) (88) (30 8 65 97) (21) (34) (93 25 72) (41) (63 54) (67) (90) (40) (35) (78) (91 98) (27) (50) 
2 (4 80) (69) (63) (48) (61 85) (77 1 42 33) (16) (91 14) (10 81) (86) (5) (96 36) (92 28) (93 75 35) (97 64) (8) (22) (25) (34 41) (58) (87) (21) (19) (11 50) (71) (66) (31) (6) (89) (9) (2) (40) (74) (57) (17 15) (100) (3 56) (83 73) (26 95) (38 44) (55) (18) (94 23 65 79) (82 84) (32 54) (27 7 12 53) (49) (52) (60) (67) 
3 (41 62) (26 81) (65) (25) (44 17 5 69) (47) (22) (39 60) (54 8) (33 66) (93 27 21 29 77) (80) (10) (48) (7) (87 70) (45) (73) (2 79 64 13 68 83) (49) (92 98) (82 32) (4) (67 74 38) (35) (11) (59 24) (86 71 43) (96 51) (53 50 16 19) (100 18 23 30) (76 90) (37 31 34) (99 1) 
4 (97) (60 5) (61 16) (27) (31) (93 1) (94 74) (100) (9) (98) (91) (17) (28 95) (84 14) (52) (66) (26) (21) (79 87) (89) (40) (77) (48) (2) (22) (59) (45 42 11) (6) (65 99 3) (82 34) (4) (81) (70) (10) (35 36 12) (29) (73) (53) (41) (96 76) (64) (67) (78 83) (54) (90) (63 23) (88) (44 37) (18 92) (32) (8 19) (50 13) (7) 
5 (1) (4) (14 21 90 37) (72 65 50 48) (9 82 39 22) (68 62 7) (2 40) (8) (74) (12) (6) (75 36) (92) (44) (100) (45) (87 59 47 30) (31) (10) (89) (63) (76) (81) (95) (51) (77) (11 33) (88 49 27) (23) (67 34 98) (29) (71) (91 97 64) (41 35 70 28) (17 26) (20) 
6 (93 19 91 100) (71 6 27 15 44) (8) (17 1) (96) (76 41) (90) (36 59 83) (67) (14) (78) (29 45) (95) (75) (18 4 62 77) (54 52 47) (74 39) (55) (46 63) (58) (97 84) (48 60) (70 82) (9) (26) (40) (31 99 50) (66) (20 89 33) (3) (13 22) (10) (64 81) (35 94) (92) (5) (85) (56) (79) (51) (68 25 72) (34) (98) 
7 (87) (92) (80) (22) (47 11) (34) (39) (37 46) (60) (98 20) (68 66 26) (57 9) (15) (74) (45) (3) (35 44) (93) (56) (96) (29) (100) (50 76) (24 53 86 52) (88) (72 71) (63) (84) (59) (62) (10) (97) (90) (23) (75) (61) (32 30) (4) (5) (83 67) (36) (38) (41) (28 85) (19) (16) (40) (18) (2 54 27 48) (69) (55) (95 51 12) 
8 (14 33 53 49 20) (93) (86 57) (36 17 80 28) (64 61) (26) (75) (100) (54) (46 31 55) (79 32) (72) (84 45 30 91) (73 95) (24 90) (89) (16) (85) (52) (13) (21) (12 25) (40) (22) (67 81) (27 18 71 48) (23) (77) (78) (83) (35) (59) (50 82) (88 69) (34) (41 29) (65) (87 8 39) (42 9 5) (3) (74) (58) (60 56) (7 6) 
9 (41) (66) (69 33) (88 21 27 67) (11 50 4) (36) (49 71) (22) (14 85 5 62) (34 7 16) (95) (35) (91) (47 87) (20) (6) (43) (65) (23 26) (80) (1) (76) (44) (46) (3) (28) (52 89) (18) (38) (39 100) (78) (68) (51 73 53) (94) (19) (98) (40) (30) (56) (58) (9 72) (70 96) 
10 (14) (56) (85) (44) (45 66) (98) (26) (77) (81) (12) (24) (95) (47) (11 41 62) (39) (76 31) (71) (72) (25 3) (34) (67 54 46) (79 6 2) (27) (94) (10) (18) (7) (93 21) (84) (63 5) (48 89 99) (82 43 73) (1) (33) (17 52) (68) (86) (59) (91) (40) (19) (8) (23 13) (69) (65) (36) (58 22) 
11 (96 51 22) (78) (89 73 8 64) (57 31) (99) (32) (39 48 94 75) (26 61) (83) (53 4) (68 14 63 86) (98) (30 47 100) (44 71) (92 34) (38) (90) (20 18 59) (74) (45) (55) (79) (46 60) (54) (77 80 81 13 28) (69 42 24) (87 35) (82) (97) (70 15) (49 41 95) (27) 
12 (79 42 7) (77) (91) (47) (61 45) (29) (43 39) (48) (46 62) (85) (25) (72 65) (41 32) (87 24 17 11) (67) (89 55) (18 97) (3) (69) (75) (10 13) (84) (59) (36 98) (37) (4) (12 50) (14) (56) (99 64) (53) (35) (63) (82) (31) (96) (38) (9 15 34) (81) (60) (93) (73 83) (74 2) (92) (27 33 94) (78 58) (16) (95 54) 
13 (58 5 42) (99) (50) (28 49 63 52 44 37 97 68) (92) (72) (6 60) (46) (90 13) (10) (100 95 47) (65 64 54) (14) (20 62 51) (7 18) (12) (59) (85 83) (27) (86 41) (94) (67) (3 96 9 75) (43) (61 34) (56) (17) (1 19 4 2 33) (73 84) (16) (30) (53) (98) (79 23) (82 88 45) (39) (87) (89) (38 91 57 15 24) 
14 (96 84) (82 62) (23) (53) (44 55) (65 7 22 73 100 29) (79 46) (41 3) (17) (9 78 40 72) (97) (49 33) (50) (19) (71 77) (58) (25) (89 15 14) (91) (87) (98) (88) (75 37 48) (93 86) (27) (21 92) (69) (80 4 34) (76) (31 51 38) (43) (57) (56 28 90 47 18) (85) (10 42 81) (64 54 1) (74) (16 61) (30) (83) (67) (5 6) (2) (20) (66) 
15 (79) (19) (36 55) (6) (84) (83) (40) (10) (45) (87 54) (21 57) (11 50 4) (8) (68 90 49) (42 75) (2 77) (27) (15) (12 7 17 29) (80) (58) (94 52) (76 67 43 63) (70 24 100) (28) (82) (44 47 38) (73) (46) (95) (1) (39) (53 62) (99) (96 93 66 72) (26 31 86) (98) (81 97 25) (9) (34) 
16 (7) (37 80 53) (15 66) (18) (32) (86) (25) (73 63) (46) (60) (38 12 83) (36 56) (43 31) (22) (65 39 33 16 93) (81 13 91 96 9) (34 79) (97) (54) (28) (27 30 5 78) (42) (23 94) (74 35) (45 72) (26 3) (88 57) (89 24) (20 85) (14) (19) (17) (50 67 100) (6) (44 71 51 92) (1 98) (8 52) (10) 
17 (68) (80) (82) (43) (94) (31) (89) (69) (72) (5) (61) (84 74) (53) (54) (73 93) (40) (29 91) (62 2 78) (17) (60) (45) (34) (56 96) (87 37 98 7) (88) (12 3 10) (28) (33 46) (90) (36) (85) (15) (27) (86 51) (22) (81 92) (64) (24) (75) (71 67 48 4 58 21) (8) (42) (13) (32) (66) (47 59) (1) (57) (11 83) 
18 (48 70) (82) (54) (16) (68) (76) (71 49) (55) (85 28 39 53 2 20) (14) (21) (1) (31 41 18 58) (78) (73) (26) (75) (79) (12 96) (83 44) (77 30 84) (64) (36 8) (59) (74) (87) (33) (72 35) (15 60) (11) (9) (5) (32 43) (92 7) (10 42) (47 37) (40) (6) (90) (23) (88) (61) (38) (56 65) (46 86) (93 25 80) (67) (91) 
19 (16) (7) (60 38 5) (91) (68) (97) (19 53) (9) (84) (36 50 99) (76 31 81) (66) (100 77) (52) (42 37) (67) (40) (3 35) (89 87 20 49) (63 54) (24) (69) (47) (86 25) (70) (46 23) (28) (13) (45) (29) (57 17 59 90 64 78) (62 58) (98) (12 1) (2 85 33) (26 93) (30 39) (22) (10) (6 95) (48) 
20 (43) (95) (6) (82 88 18) (54) (20 8) (79 39 13 66) (65 24) (91) (83) (40) (10 84) (51) (36 97) (32) (71 31) (62 78 7) (16) (60 9) (25) (46) (44 34 1) (17) (67) (35) (69) (37) (98 14) (57) (47) (94 56) (89) (21) (87) (2) (76 85) (5 59) (68 11) (4) (70 28 19) (33 15) 
21 (12 77) (46 100 85) (41) (40) (11 87) (92) (91) (16) (88 62) (29) (48 4) (19) (17 10) (39) (72) (56) (93) (67) (42) (65) (94) (49) (44) (84) (96) (7) (89) (31) (9) (33 83) (63) (45 99) (78) (36 52 98 73 1 38) (37) (66 27) (25 82 26 61 20 5) (8) (14 76) (79) (71 18) (74 57 59) (81) (30 51) 
22 (33 17) (82 73 61 75) (94 18) (88 95) (52) (3) (74) (37) (60 48) (70 31) (58) (12 86 26 2) (57) (67 24) (90 100) (9 36) (1) (99) (65 56 21 41) (64) (13 50 71 38 16) (8 11 46 69 91) (97 34 59) (96) (79) (44) (93 77) (55) (66) (19 23) (72) (39 87) (98) (81 51 7 84) 
23 (77) (8) (17) (89) (95 20) (83) (43) (18 51 100 35 44 31 85 21) (94) (5 68) (73) (42 80) (56) (46 3) (10) (90 53) (59) (92) (22) (1 28 55 98) (25) (74 13) (87) (58) (26) (37) (23 66) (14 99 65 45 36) (11) (38 57) (86) (30) (12) (84 50 48 6) (79 33) (64 24 72) (32) (67) (71) (19) 
24 (28) (68) (10 57) (12) (74 9 93 55) (65) (38 79) (66 40) (96) (53) (67) (24 71 23 31) (75) (81) (14) (80) (16) (42 33) (98) (25) (47 84 22 54) (2) (32) (51 45) (94) (44 17) (70) (18 59) (49) (50 60 85) (88 39) (72) (48) (73) (21) (11) (15) (61) (29) (5) (91 34) (41) (99 30) (64 76 92 46) 
25 (14 66) (22) (70) (83) (35) (53) (71) (82 18) (64) (86) (40 3) (36 34) (41) (38) (96) (37) (1) (46) (29) (8 91 5) (25) (77) (80) (55) (31) (69) (43 51 72 48) (68 2) (93 21 98) (20 50) (45) (61 62) (54) (84) (52) (94 63) (27 19) (95 10) (17) (49 6) (56 97) (23) (65 7 99 57) (89 85 92 74) 
26 (59 14 91 98) (69 85) (51) (60) (95) (1) (7 17 77) (6) (26) (63) (3) (75) (88) (93) (2 20 61 9) (70 53) (29) (55 40) (71 96 12 36 23) (66) (80) (64) (90) (41) (76 82) (58 8) (24 97) (54 47) (68) (72 16) (56 52 25 27 94) (46 10) (65) (22 44 43) (38) (15) (79) 
27 (97) (81 39) (33) (49 16) (48) (98 5) (45 88 47) (24 92) (3 78 64 67 40) (85) (12 26) (53) (87) (17) (10 23) (36 90 41) (91) (31) (58) (69) (52 74 28) (60) (29) (54 61) (22) (93) (38) (27 72 13 63) (20) (80 68 73 9 95) (84 96 65 25) (43 35 82) (46) (21) (34 89 50 94 71) 
28 (43 49 88) (5 71 14) (10 96) (4) (83 91) (62) (67 66 80 41) (50) (68) (64 51) (79) (20) (39) (45 16 65 9) (60) (61 31) (28 3) (12) (2) (84 15) (92) (27) (29) (47) (89 38 57) (55) (76) (86 56 59 40 34 23) (90) (87 100 94) (32) (42 69 13 19 46 37) (52 73) (35) (8 97) (18) 
29 (33 39) (2 91 23) (6) (37 36 85 27) (43) (81) (31) (15) (7 14 52) (71) (86) (87) (78) (9) (65 53) (16) (99 59 13) (5 48) (70) (100 62 40) (20 82) (46) (3 95) (61) (73 10 76) (29 80 60 77) (25 56) (51) (55) (32 93) (28 35) (19) (66) (54 45) (11 21) (83) (17) (12 4) (58 49) (64 92) (68 89) 
30 (18) (28) (34) (92 99) (20) (78) (65 40) (52 81) (4 84) (80) (43 50 56 3 94) (39 63 25) (85 76) (29) (82) (90 24) (51) (8) (77) (19 23) (41 73) (1) (69 91) (58) (98) (88) (14) (59) (61 45) (70) (15) (12) (38) (31) (47) (100 95 6) (5) (97) (11) (33 22) (26) (71 13) (62 42) (27 72 60 17) (87) 
31 (72 23 75) (27 12) (85 93 18 65) (2) (28) (86) (48) (57 52 83) (71) (56) (67 95) (79 37 74 100) (13) (30) (9 22) (35 45 25) (60) (10) (91) (40) (59) (97 16 88 11) (17 66 43) (3) (96 5) (99) (53 41) (49) (31) (51 70) (44 87) (36 38 39 21) (42) (47) (55 15 14 84 68) (90) (1) (54 89) (76 62) 
32 (40) (15) (72) (30 28) (26) (63) (54 47) (17) (31 91 62) (8 93) (98) (76) (77) (70) (59) (95 10 71) (22 80) (1) (78 46) (6) (9 64) (27 41) (60 97) (5 96 94 45 34) (38 18) (75) (21 79) (100) (85) (25) (55) (3 81 51 48) (29) (39 37 65 42) (44) (57 73 84) (43 74) (89) (4 83) (56) (61) (67 58 90 92) (52) (32) (13 14) (7) 
33 (3 21) (9) (66) (53) (95) (13) (45) (19 11 68) (75) (92) (84) (82 64 32) (65) (61) (93 72 29) (30) (5) (40) (2) (85 91) (16 55 42) (78) (6) (97 47 76 74 44 94) (22) (31 59) (14 86 1 36) (99) (87) (52) (7) (25 96 46) (20 98) (58) (50) (15) (33) (63) (12 10) (48) (89) (77) (39) (28) (83) (81) 
34 (95 8) (91) (69 51) (82) (4) (12 92) (59) (11) (43 38) (85) (77) (37) (99 100 22) (79 75) (57) (35 5) (98) (67) (40 15) (14) (70) (13) (78 56 41) (94) (45 44 62 3 6 47 80 50 21) (26 66 24 33) (18 7) (34) (53) (55 64 23 88) (52) (36) (74) (20 84 54) (76 90) (83 97 93 61) (81) (65 63) (27) 
35 (15 95 52) (14) (54) (83) (37 10) (35 80) (87) (42) (40) (39) (2) (47 67 9 90) (89 88) (68 85) (78) (66 91) (79) (25) (8 26) (56) (98 97) (31 59 75) (82) (29) (55 63) (71 5) (99 65) (21) (1) (36 57 93 61) (34) (28) (100) (43) (3) (22) (51) (81) (77 53) (96) (45) (41) (70) (12) (48) (76) 
36 (21) (7) (47) (3 71) (65) (40 82) (81) (31) (59 2) (96 11) (57) (29 24) (93) (100 62 83 9 37 69 39 99) (27) (25) (56) (74) (70) (94 92 20) (97 23) (28) (73 16) (5 22 38 30 67) (58) (77) (75) (45) (50 87) (98) (54) (44) (78 6) (41 10 36 55 14 35 79) (19) (53) (86 51) (42) 
37 (51) (28) (40 8) (38) (56) (49) (41) (9 2) (48) (5) (6 98) (66) (84) (90 64 76 72) (81) (10) (91) (80 69 94) (1 99) (31 35) (96) (79) (50 43) (57 74 53 18 97) (88 27) (11) (39) (70) (59) (45) (82) (36) (77) (17) (19 16) (71 37) (67 15) (93) (30) (32) (46 44) (20 62) (24) (21 73) (14 86 4) (83) (3) (100) (7) (42) (89) (25) (78) 
38 (1) (78 66) (18 20 49) (76) (29) (97 16) (46) (22 60 93) (45 52 100 25 83) (58) (33 73 26 64) (69) (4) (12) (72) (59 30) (95) (8) (75 96) (81) (57 74) (13) (79) (31) (17) (71) (99 42) (10) (98) (14) (38) (41) (67 27) (35 37 34) (11 28) (43 84 65 9) (88 15 54 32 40 94) (86 53 62) (47) (19) 
39 (14) (50) (11) (99) (86 71 59 38) (19) (70 66) (64) (51) (20) (89 22) (12) (36) (35) (13) (48 84 45) (9 46) (72 41) (21 15 85) (56 74) (24) (2) (42 34 18 27) (92) (95) (96 31 63) (16 37) (83) (32 87) (55 94) (26) (29) (77) (5) (58) (61 93 78) (75) (90) (6 17) (8) (100) (67) (44 73) (57 23) (7 54) (97 52) (88 25) 
40 (15) (91 26 30) (34) (38) (45) (18) (16 3) (49) (76 10) (71) (82 11 13) (9) (39 94) (99) (36) (35 68 25 59) (28) (48 84) (80 53) (78 66) (95) (46 56 96 61) (32 100) (8) (64) (4) (40 14) (85) (86 90) (50 98) (6) (1) (7) (27) (24 52) (21) (81) (75) (41 69 77 2 89 88) (58) (42 87 43) (55 54) 
41 (18) (4) (67) (14) (81) (3 82) (45) (35) (91) (24) (89) (44) (98 16) (77) (37) (42 43) (76 17) (83) (26 60) (10) (7 66 8) (19 22) (25) (87 62) (72) (74 36) (95) (46) (20) (9) (92 68 47 59 32) (11) (94) (15) (55 93) (53 57) (51) (56) (30 49 99) (88) (70 39) (6 29) (21) (48) (63 23) (84) (69) (97 86) (80) (96 41 75) 
42 (23 66 100 77) (29) (42 10 13 31) (78 18 83 49) (92) (6 48 5) (19) (14) (73) (90 68 9) (40 89) (16) (34) (84) (38) (85) (58 56 54) (81) (50) (24) (64 75 3 53) (71) (96 95) (22 62 88 70) (37) (51) (27 8) (57) (15) (65) (87) (4) (1) (76 61) (52) (47) (41) (46) (11) (12) (72) (67) (28) 
43 (56 55 84) (94) (81 98 44 15 24) (58 11) (93 67 100) (28 60) (4 39 26) (89) (48) (54 12) (51) (6) (18) (96) (65) (33) (53 62) (31 49) (45) (88) (13) (7) (72) (92) (30) (75 61 1 32 25) (57 36) (68) (71) (47) (76 63) (91) (8) (52) (14) (37 10 59) (97) (43 34) (79 9) (17) (80) (5) (16) (23 46) 
44 (65 2) (75 98) (12 51 46) (83) (88) (13 94) (66 29) (20) (80 78) (11 86 84 18) (34 69 57 70) (93 82 58) (5 8) (9 63 85) (35 92 1 22) (62) (42 16 87) (64 27 60 39) (17) (95 40) (44) (67 37 53) (31) (30 55) (24) (25) (81 77 68) (89) (61) (71 6) (10) (3) (76) (79 96 23 52 74) 
45 (93) (52) (6 72 62 48) (5 21 59) (37) (77 25 33) (31 92) (78 26) (75) (13) (39 47) (30) (3) (53) (74) (16) (84) (34) (63) (82 8) (36 58) (64) (71 45) (55 56) (27) (91) (67 17) (98 40) (43) (50) (80) (69) (1) (11) (85 19 20) (66) (81 24) (35) (97) (96) (18 89) (9 10) (29) (99) (38 65) (14) (57) (86) (7) (60 100) (23 4) (15) (44) (42) (61) 
46 (29) (85) (7 88 19 58 52 94) (37 35 49 60) (21) (32) (53 81) (92 63) (89) (66 34 38) (55 14) (78) (23) (76 48) (26 71) (65) (39 91) (61) (62) (15) (54) (98) (77) (25 73) (47 10) (79) (16) (93) (12) (97 24) (6 30 84 57) (46) (67) (64 90 41) (56) (43) (8) (99 50 74) (95 72) (31) (75 3) 
47 (28) (57) (42 76 79 64) (32) (90 89) (99) (59 66) (56 100 24 86 21) (55) (38 15 47) (35 97 30) (68) (34) (72) (20 60) (17) (43 88) (52) (95) (67) (1 26 87) (5 54 2) (10 50 53) (71 96) (6) (73 39) (80 18) (25 63) (62) (41) (98) (3 82) (49 29) (81 51) (13 4 11 40 75 8 22 36) (48 83 65) (84 14) 
48 (53) (2) (96) (86) (32 87) (55 62) (54 40) (100) (61) (69) (75) (18) (82) (38) (78) (39) (73) (19) (42 27 26 66) (15 80 85) (22) (3 84 89) (63 88) (95) (74 21 46) (29) (57) (49 97 94) (17) (60 51) (33) (30 1 58) (7 13) (41 34 11) (28) (43) (91 24 99 98 64 48 23) (12 68 45) 
49 (17 93 85) (39) (43) (34) (79) (61 53 97) (48) (19 87 35 62) (37 44 98) (55) (58 2 88 12) (21 59) (33) (46 7 40) (30) (52) (75 31) (15) (27) (45 22) (95 63) (10 83) (23 57) (49 69 82) (32 38 28) (76 11) (96) (41) (74) (68 50 5 3 100 29) (13 84) (90 73 20) (64) (72) 
50 (2 10 99) (90) (58) (20) (97) (67) (95 60) (86 76 68 49 66) (98) (15 16) (25 54 7 65) (26) (83) (34) (77) (13) (44) (21) (94 74) (82) (17 11 48) (91) (64 81) (8) (28 18) (70) (30) (47 59) (6 80) (100) (63) (5) (55 32) (22 62 9 24) (46) (1) (39 42 61 92) (71) (78) (3) (41) (51 43 79) (56) 
51 (41) (93) (4 95) (100 10) (60) (19) (90 75 97 81) (56) (67) (88) (27 72) (49) (28) (44) (69 92 66) (54) (57) (98 5 68) (46) (23) (87) (25 20 17) (77) (65) (70) (33 29) (31 52 89 61) (47) (53 40) (79) (39 37) (63 30 45) (78) (55 21) (32) (86) (18) (3 8) (43) (85 26) 
52 (2) (39) (68 27) (21 95 24) (48) (74 59) (13) (70 64 11) (80) (31 81 85 97 98) (51) (82 8) (56 34) (50) (69 14 43) (32) (87) (16) (25 7) (17) (9) (10) (26 57 60 92 86) (91) (33) (1) (4 12 19 63) (77 100) (6) (90) (67 46) (78) (55) (42) (88 54 96) (45 76 40) (35) (38 28) (37) (49 83) 
53 (75) (46) (41) (63) (52) (50) (18) (60 84) (70 4) (36) (19 86) (61) (30 73) (38 26) (34 69) (25) (90 79) (47) (81 23 54) (40 98) (100 22 45 71 3) (37 42) (8 64 2 67) (35) (66 16 87) (10 74 59) (28) (68) (5) (95 76 7 82 62 80) (55) (72) (9 65) (11) (57) (96) 
54 (96) (69) (93 3) (35) (55 15) (88) (74) (65 73) (52 63 40) (5 27) (8) (1) (19 36 72 39 59) (4 87 97) (77) (66) (86) (82) (47 53 25 21) (54) (9) (48 56) (18) (90) (34 33 95) (10) (91 62 46) (84) (28) (6 99 17) (12) (38) (51 42 58) (30) (67) (7) (11 31) (44) (2 37 14) (61) (75 32) (57 45 60) (41) (80) (94) 
55 (33) (60 50 90) (52) (9 65) (3 49) (97) (72) (27) (45) (88) (93 31) (68) (62 98) (6 66 70) (41) (57) (32) (82) (77) (44) (89) (10) (21 100) (8 40) (67) (37) (29) (34 48 4) (39 95) (63 96) (38 54) (47) (79) (1 30) (51) (53 94) (35 20) (12) (22) (25) (73) (13) (18) (36) (87) (92) (71) (91) (19 56) (59 23) 
56 (64) (20) (77) (75) (78 69) (35 31 19 84 18) (42) (72 76 95) (86) (55) (56) (17) (24) (71) (44 11) (41 81) (2 91) (94 6) (61) (36) (70) (79) (1) (57 66) (25 34 5) (16) (67) (26) (96) (22 93) (23) (29) (15) (99 73 9) (48 87 30) (90 60) (63) (21) (7) (88) (85 40) (38 82 28) (37 27) (8) (74 98) (97) (83) 
57 (3) (69) (28) (77 93 78) (13 29 96) (98 46) (15 61) (42 76) (50 57) (23) (27) (2) (82) (24 51) (36) (72 64) (91) (18) (89 66 87 16 4) (7 48 52 5) (100) (59 41 10) (47) (11) (9) (25 74) (56) (97 39 65 99) (62) (6) (49) (83) (45 88) (68) (58) (33) (35 38 34) (19) (67 53) (79) (85) (70) (1) (17) (30) (22) (73 92 32) (94 84) 
58 (15) (90) (6) (87) (50 47) (35) (76 37) (100) (55 75) (72) (61 56) (1) (63) (22) (73) (96) (74 26) (44) (27) (48 16 89) (68) (36 69) (10) (39 9) (52) (57 2 17) (98) (14) (41) (30 78 49 13 60 53 31 83 42) (93) (51) (18) (79) (62 85) (82 95) (59 71 92) (19) (64) (23) (29) (97 80) (88) 
59 (25) (55 17) (52) (24) (97) (32 82) (29) (18) (26 20 30 56 75) (21) (74 99) (88) (85) (41) (65) (86 8) (66) (37 19 14) (31) (1) (6 91) (35 100) (34) (44) (92) (57) (73 83 60 78) (38) (48) (9) (79) (2) (76) (51) (5) (80) (89) (27) (7 59) (54 49) (45) (58 68) (11) (67) (28) (94 39 98 12) (22 77) (50) (13) (43) (23) (71) 
60 (54) (37) (49) (79) (17) (44 53 52 56) (5) (62) (36) (42 40 68) (3) (46) (39) (80) (96) (97 25 57) (64 86) (29 16) (8) (9 24 11) (2) (14 18 58 73) (78) (82 13 77) (33) (89) (83) (61 76) (94) (90) (26 7) (71 95) (85) (60 81 84) (65 20 30) (10 19) (88 63) (91) (32) (51) (100 48) (35) (74) (45) (87) 
61 (65 59) (8 11 98 90 42) (26) (17 79) (19 38 76 69 66) (89) (100) (14) (18) (88 45 71) (24) (83) (57) (70 96) (32) (84) (51 56) (82 3) (35 36) (6 40 86 41) (1 13) (30 52) (7) (81 25 27) (91 64) (55 34 48) (22 61 37 23 74) (78) (85 53) (33) (46 94 77 75) (10) 
62 (28 93 49) (51) (95) (68 1 44) (91) (39) (85) (76) (98) (97 40) (9) (32 10) (48) (52) (57 46 13) (41) (84) (5) (99) (58) (25 77) (17) (56 86 63) (66) (60 21) (89) (50) (11 62) (100 7 30) (35) (24) (23) (18) (20) (53) (2) (45) (15) (71) (29) (61) (69 36 75) (12) (82 3) 
63 (35 78 34) (94 86) (47) (85) (22 39) (63) (44) (21) (14 41) (29) (27) (80) (84) (90 33 42) (2) (38) (23 79) (68 64 6) (89 53) (95) (30 69) (77 70) (92) (10 3) (28 37 19) (1) (24) (65) (54) (71) (100) (67) (16) (59) (75) (12) (50) (40) (55 98) (72) (56 18 96) (58 32 9 7 13 99) (76) (48) 
64 (97) (91) (61) (55 50 64) (20 73) (78) (30 15 38 92) (11 58) (45) (16) (39) (49 19) (4 74) (12 52) (2 42 1 47) (67 87) (77 22) (93) (95 3) (62) (37 59 89 90 66 41 86) (79 76) (72) (99) (75 71) (27) (80) (35) (48) (10) (65) (17 82) (88) (51) (5 34 100) (94 28) (36) (63) 
65 (74) (58 89 37 72) (45) (47) (30) (91) (88 83 34) (66 61) (43 73 52 80) (14 33) (87) (38 97 96) (10 1 17) (98) (25) (39) (81 2) (41) (99) (24 42) (86) (16) (20) (9) (18 59) (56 70) (8) (79) (90) (5) (76 21) (95) (12 23) (85) (68) (46) (15 93 84) (65 36) (54) (27) (3) 
66 (59) (2) (61) (71) (7) (79) (100 67) (70 83 54) (10) (29) (97) (45) (99 52) (13) (4) (93) (23 90 8 63 89) (40 64) (19 98) (27) (84) (65) (12) (80) (3 16 95 57) (32) (17) (30 47) (20 78) (73) (49 69) (58) (44) (55) (6) (53) (87 68) (94) (37) (85 1 25 42) (81) (21) (75 62) (33) (91 26 35) (22) 
67 (85 30 77) (95) (62) (67) (5) (74) (83) (69) (15 33) (21) (96) (28) (1) (12 63) (14) (31) (41) (32) (23) (81) (98 35 47) (51) (27 48) (76) (6 24) (17) (53) (9) (91) (60) (93) (84 7) (61) (45) (57) (36) (10 46 49) (8 56 88 40 50 2) (13 3 89) (19) (94) (80) (82) (97 86) (73 68) (20) (59) 
68 (43) (63) (95 68) (66) (21 84) (61) (39 30 26 97 19 18 99) (27) (69 62) (72) (89) (29 100 33 24) (77 80) (88) (48) (45 98 60 4) (10) (16 2 64) (32) (78 90 54 91) (81) (20) (46) (28 1) (3) (8 50) (85 14) (70) (47 11 41) (83 15) (38 25 51) (23) (40 7 94) (55) (22) (44 82) (17 31 96) (57) 
69 (77) (10) (20 29 76) (42 9) (58) (82) (18) (55 68 98 85) (87) (12 21) (65) (90) (47) (32) (78 11) (96) (22 50) (7) (56) (92) (13 73) (62 97) (40) (8 59) (66) (35) (17) (2 26) (64 95) (34) (79) (75) (48) (94 37) (4) (84) (88) (63) (61) (25 53) (71 5) (57) (36 60) (69 54 81 14 3) (45) (93 24 86) 
70 (8 7) (13 34 94 39) (19) (86 6 20) (71) (29) (91) (15 44 28) (51 30 69) (32 45) (18) (76 64) (65) (14) (93) (12) (11 75) (48 97 26 55) (78) (38 68 24 57 56 54) (58 62) (66) (50) (4) (87) (59) (52) (17) (98 88 67 43 37) (92 74) (9) (40 81) (63) (53) (85 72 90 2) (95) (83) (73 84 25) (3) 
71 (40 8 13) (28 85 68) (15) (78) (51) (45) (1) (73 16 42) (20) (70 67) (53) (72 96) (24) (76) (44) (2 84 83) (74) (32) (43 89 54) (34) (52 29) (90) (71) (94 81) (41 10 26) (56) (88) (48) (17) (82) (93 11 55 97 9) (30 100 62 23) (6 39 91 58) (57) (95) (69) 
72 (53 78) (79) (5) (73) (13) (92) (14) (15) (34) (64) (35) (28) (70) (27) (60) (87) (2) (32 9) (8) (66) (26) (25) (19) (41 80 49 4) (3 23) (37) (56 96) (67 12) (86 63) (77 91) (61 22) (59) (65 99) (51) (46 44) (20) (89) (58) (39) (42) (72 100 18) (74) (54 68) (81) (31 1) (48) (97 52) (85 84 71) (7 75) 
73 (21) (4) (14) (15) (79) (30 43 100 10 23) (62) (56) (42 2) (63) (70) (98) (50 66) (37) (45) (89) (7) (51) (84) (52) (27) (29) (67) (34) (26) (64) (33 77) (31 85 24 17) (95 48) (80 68 65) (5 73) (38) (11) (82 39) (71 83 91) (97) (35 96 3 99) (69) (13) (44 86 8 18) (58) (20) (76) (22 53 93 41) 
74 (53) (94) (28 98) (32) (46 38) (8) (12) (88 5 54) (62) (42 80 66) (39) (81 56) (71) (59) (58) (43) (4 86 20 23 99) (26) (10 100 69 90 13) (45) (22) (85 1) (36 7 6) (14) (29 30) (27 50) (82) (77 95 67) (19) (25) (57) (34) (64) (52) (51) (47 3) (97 31) (15 24 87) (40) (79 33 9) 
75 (83) (8) (58) (37) (81 40) (65 78) (42 82 2) (26 32) (60) (31) (17 27 1) (6 16) (25 77) (80 57) (34) (88) (49 46 43 12) (3 5 53) (7 24) (14 94 23) (73 51) (30) (36) (100 68 21) (79) (63 29) (56 67) (97) (50 86) (22 28 19) (87) (72) (61) (99 38 64 41) (85) (84) 
76 (53 18) (27) (88) (32 56) (86) (45) (65) (17 72) (71 83) (61) (85) (28) (15) (74 97) (92 39 58) (49) (100 37) (33 70) (75) (2 11) (60) (1 51 5 21) (62 55) (16) (46 7 73 80) (29 87) (9 95) (14 96 20) (12) (42) (93 6) (89) (25) (47) (54) (63) (43 91) (10) (19 59) (57) (66) (30) (44 99 23 52 82) (84) 
77 (88) (4 29 11 24) (59) (64) (61) (99) (56 41) (27) (40) (93) (6) (33) (14 73) (9) (17) (57) (28 36) (39 68) (85) (3 76 87) (16 82) (58) (46) (35 50) (38) (77) (13) (10 8) (22) (20 80 54 79) (83) (74) (47 43 2) (91) (25) (48) (62 44 53) (63 21) (49) (19) (55 100) (71 51 65 78 30 86 37 18) (1) (95) 
78 (20) (63) (21) (31 50 18) (70) (64) (1 87 69 24) (99) (89) (81) (98 96 72) (82) (3) (30 44) (77) (43) (79) (38 6) (25 78 61) (58 55 90) (59) (92 74) (48) (88 12) (10) (66) (29) (51) (15 13) (91) (23) (53) (19) (56 62) (68 73) (86) (80) (14 85) (7 57) (4 36) (41 76 84) (37) (47) (67) (28 39 9 33) 
79 (12) (17) (37) (62 80 25) (18) (63 10 38) (7) (27) (15) (32 66 84) (30) (49) (48 87) (42) (45 50) (77) (40 89 88 57) (100) (65 26 46) (72) (23) (20) (71 81 9) (35) (28) (29) (64) (11 60 79) (99) (13) (1) (33) (61 54) (44) (70) (73 58 97 3 94) (78) (47) (98) (51) (2 6) (43) (74 16) (31 55 34) (69) (5 19 86) (41) 
80 (35) (6) (86) (45) (41 89 100) (90 96) (16 70) (72) (22) (69 24) (58 39) (1) (92 44 85) (13) (7) (50 76 84 37) (38) (79) (34 51) (83 26 53) (31 74) (9) (73) (67) (33 40) (78 10) (8) (99) (32 61) (57 93 95) (66 43 29 75) (56) (80) (82) (25 88) (59) (97) (71) (11 17) (94 91) (64) (5) 
81 (89) (11) (32 88) (97 82 13) (33) (83 81) (64 2) (37 95) (69) (28) (21) (80 41) (46) (23) (76) (67) (99) (12 43) (39) (22 93 72) (38) (85 100 70 63) (16) (35) (55) (74 15) (36) (58) (84 51) (17) (65) (59) (31) (77) (14 79) (44 50) (27 78 66 91 30 4) (40) (54) (20 94) (48 62) (1) 
82 (18) (61 67) (59 23) (3) (20) (89 43) (69) (16) (100) (66 7 55) (17 63) (15 34) (6) (45 71) (60) (46 93) (74) (96) (92) (41) (97) (38 56) (19) (21) (54) (65) (47) (5) (81 82) (62 79) (95) (33 1 58) (91) (30) (57) (13 85 29) (31 70) (40) (48) (83) (53 10) (28) (88 52) (2) 
83 (68) (97) (23 21 92 78 30 15 48) (94) (27) (29) (3 17) (41) (43) (26) (35) (64 72) (37 84) (38) (1) (79) (12 51) (45) (88 100 24 76) (28 65) (99) (49 47 58 89) (77 98) (33) (71) (5) (10) (6) (63 83 8 81) (22 85) (7 42) (56) (25 74) (55) (31) (67 20) (18) (13) (14) (19) (70) (61) 
84 (33 67) (100) (52 17 63 80) (84 94) (5) (29) (12) (49 72) (20 28 54) (47 61) (41 93 16 82) (44) (81 60 53) (9 13) (50) (19) (59 51 30) (86 90 99) (22 3 31 40 91 74) (78) (15) (34) (4) (2 36 65 89) (46 87 43 58 66 75 76 64) (14 7) (10) (26 97) (92) (11 56 27 71 37 62 6 8) (57) (18) 
85 (74 41) (53 95) (40) (23) (21 63) (97) (11) (68) (64) (57 44) (46) (45) (89) (71) (78) (93) (75 31) (6 100) (76 25) (70) (61) (98 14) (56) (39) (18 28) (50) (17) (67) (79 15 87 85) (47) (81) (77 35) (22) (59) (60 20) (66) (8) (94) (36) (58) (9 5) (49) (83 34 2) (54) (52 1 73) (69) (91) (24) (12 16 30 51 92) (33 26) (32 7) 
86 (82 96) (63) (46) (91) (77 65) (59 29) (86) (88) (15) (30) (31) (76 13) (89 24) (10) (84 23 3) (64) (73 43) (69 54) (28 39 93) (56 11) (34 68) (60) (55 80 8) (42) (25) (49) (62) (97) (47 90) (14 57) (75) (19 67 51) (81) (37 21 5 27) (100) (6) (85) (99 17) (58 87) (50 53) (20) (79 7) (52 33 16 44) (61) (4) (74) 
87 (79 14) (49 83 35) (96 64 17) (54) (76 75 12) (74) (59) (18) (40 15 38 99) (85 78 37 34) (55) (29 7 57 33 23 62 24) (47) (68 20) (45) (77) (43 27 100 82) (95 91 30 3) (13) (8) (11 51) (6 65) (97) (88) (50 90 86) (22) (16 2 26 53) (41) (10 5) (46) 
88 (92) (100 98) (41 74) (6) (67) (62) (49 17 60) (83) (3 2 36) (54) (51) (18 40 8) (81) (87 27 45 61) (7 58) (85) (13) (48) (79) (35 32 37) (42 56) (88 96 63) (78) (76 19 43) (97) (28) (21) (34) (20) (10 30 15) (94) (84) (33) (50) (39 14 44 73 5 75) (77) (99) (95 64) (52) (16) (66) (29 57) (93) (90) 
89 (57 30 75) (86) (34 51 95 5) (96) (64) (71) (58 39) (29) (28 8) (83) (26 48 3) (14 78 7 6 93) (31) (61) (27) (38) (37 84 15 25 99) (59 11 4 32 56 68 2) (85) (35 21) (50) (17) (19) (100 33 1) (46) (77) (9 81 76) (40) (91) (60) (22 67 53) (23) (89) (72) (88) (82) (97) 
90 (31 94 54) (2) (71 49) (97 80) (17 26 76 95) (21 85) (5) (69 28 61) (41) (87) (91 16 96) (27) (83) (47) (39) (15) (43) (9) (29 58) (60) (36) (32) (99 42) (63) (18 13) (11 72) (38) (35) (30 100) (74) (8) (89 81 84) (37 4 57 6) (56) (52 93) (3 98) (66) (88) (7) (44 64) (25) (53) (73) (86 12) 
91 (59) (24) (14) (67 44 48) (69 46 6) (50) (79 52) (53) (61) (71 18 9) (47 17) (25) (75) (72 35 66 94) (98) (64 8) (62 38 51 42 7) (56 85) (93 99 11) (92) (26) (95) (39) (21 43) (57 19 29) (34) (88) (84) (89) (12) (58) (28) (31 87 20) (5 90 15) (1) (4 54 68) (83) (41) (91) (37 27) (81 70) (30 33) 
92 (54) (45) (27) (3) (100) (88 4) (78) (8) (11) (83 85) (38) (21) (33 30) (24) (72 18 82 40 16 89) (53) (77 39) (41 64) (44) (12) (22 95) (61) (86) (92) (48) (20) (1) (7) (52 49) (87) (10 25 60 23 80 28 56) (46) (31) (84) (14) (42) (97 74 62) (9) (26) (43) (55) (75) (2) (71 37) (76) (59 79 19) (81 96) (6) 
93 (37) (54) (34) (95) (55) (9) (92 62 87) (60 75) (8) (73) (38) (43 10) (25 3) (16 98 82 74 77) (1 26) (57) (27 59 67 45 21) (6) (94) (58 66) (96) (90) (17) (85) (52) (47 49 91 14) (13 33 72 80) (11 5 83) (28) (19 65) (12) (84) (86) (61 99) (44 23) (2) (39 78 81) (40) 
94 (36 4) (75 45 72 88) (39) (48) (5 52) (51 68) (12) (53) (19 89 33) (60) (14 85 100 90 35) (44 49) (71 93 37 22) (13) (17) (56) (15) (2) (10) (58 3) (62 57) (99 69) (80 87) (47) (78) (6) (11) (77 91) (27) (81) (16 41) (24) (76 40 54) (82) (96 8 63) (42 26 50) (79 95 28) (9 29) (61) (92) (73) 
95 (42 93) (7) (16 28) (88) (41) (59) (76 99 40 85 4) (27) (22 77 3) (58) (45) (98 74 71 62) (15) (70) (89 52) (61) (100 21 9 47) (37 12) (65) (25 20) (24) (69 34) (57) (38 48) (90 96) (79 84 80 68) (23 55) (1 49) (50) (94) (14) (60 97 36) (51) (86) (32 26) (11) (33 83 53) (35 92 6 72) (81 67) 
96 (15) (76) (12 42 40) (92) (60 57 68) (91) (97) (14) (17 96) (28 82 11 52) (55) (27 7 94) (90) (43 39) (4) (37) (78) (63 46 81 83) (93 3) (88) (13 23) (45) (65) (30 53 10) (72) (33 20 71) (54 56) (85) (41 86) (24) (44) (21) (75) (61) (26 67) (48) (36) (62 19) (31 35) (84) (2) (66) (95) 
97 (43) (10 100 51) (67) (88 16 49) (95 20 15) (83) (27 3) (41 44 48) (39 25 35) (14 52) (6 45 66 74) (17 47) (5) (61 99 92) (23) (68) (94 54) (4 24) (81) (8) (89 42) (2) (96) (37 98) (28 46) (40 53 50) (78 69) (11 36) (91) (12) (18 84) (77) (60) (21) (26) (73) (34) (65) (57) (32 85 38) (55) 
98 (26) (96) (68) (35) (11 60) (45) (27) (67) (66) (95 43) (84 78) (50) (38 10) (44 16) (81) (31 56 71 61) (53) (63 12 99 88 37) (65) (62) (28) (64) (100 73) (7) (89) (97) (69 1) (90) (30 76 21 94 47 79) (32) (6) (8) (52) (15) (18) (49) (22 98) (77) (51) (39) (2 33) (23 58) (87) (29) 
99 (4) (1) (47) (14) (62) (26) (3 6) (21 44 30) (94 42) (38) (23 11 36) (92) (98 100 73) (86 51 64 65) (31) (97) (50) (60) (58 10) (53) (87 69) (8 48 29) (61) (55) (67 83) (33 81) (57 76 49 17 71) (45) (77) (74) (41) (19) (12 40 28 91) (5 79) (27) (24 34) (46) (93) (54) (18 88) (90) (96 37) (2) (39) (22) (25) 
100 (26) (81 16 82) (44) (14 4) (1) (88 30) (74) (78) (55 11) (77 64 37) (66 85) (13) (75) (50) (20) (76) (70 32 62) (10) (29) (79 63) (36 96) (40) (9 91) (100 18) (15) (2) (99 46) (7 42) (97 19) (65 90) (41) (52) (47 12) (73) (56) (86) (92 39) (94) (54 95) (34) (71) (59) (67 5) (48) 
1 (82) (64) (20) (55) (78) (48) (15) (6) (40) (93) (72) (26) (91) (71) (13) (95) (83) (17) (16) (79) (54) (74) (58) (38) (62) (33) (66) (22) (9) (65) (45) (5) (30) (100) (52) (2) (4) (77) (21) (85) (47) (61) (25) (56) (68 50 76) (31 67) (89) (37) (3) (59) (57) (18 44 92 75) (14 35) (23) (32) (43 81) (42) (99 19) (10) (98) (80) (63) 
2 (73) (17) (3) (96) (68) (5) (14) (99) (72) (85) (25) (64) (56) (52) (70) (47) (37) (100) (22) (87) (53) (98) (62) (93) (65) (24) (33) (54) (69) (59) (12) (4) (60) (77) (20) (40) (66) (76) (57) (19) (50) (36) (71) (90) (29) (63) (7) (2) (39) (82) (58) (18) (75) (26) (89) (28) (88) (48) (84) (31) (67) (35 94) (97 15) (10) (92 13) (79 81) (44 49) 
3 (95) (4) (14) (53) (83) (37) (35) (82) (48) (28) (88) (2) (32) (8) (66) (44) (17) (40) (9) (1) (92) (31) (68) (60) (19) (25) (87) (29) (90) (57) (51) (33) (23) (63) (94) (61) (93) (79) (62) (42) (97) (78) (77) (70) (10) (46) (74) (72) (96) (13) (47) (41) (99) (54) (84) (89) (65) (26) (36) (75) (27) (7) (49) (67) (64) (6) (86) (69) (16) (22 73) (45) (30) (55) (50 12) (34) 
4 (28) (45) (81) (100) (78) (1) (97) (42) (9) (11) (70) (95) (54) (13) (96) (6) (43) (20) (74) (34) (64) (91) (52) (90) (92) (21) (57) (32) (15) (47) (55) (94) (68) (3) (77) (69) (53) (86) (51) (99) (84) (89) (73) (17) (29) (40) (14) (41) (30) (37) (4) (72) (2) (12) (38) (5) (66) (7) 
5 (34) (99) (62) (4) (13) (93) (30) (83) (59) (36) (21) (18) (91) (67) (3) (8) (75) (9) (42) (23) (82) (54) (27) (39) (44) (28) (19) (87) (47) (17) (25) (60) (51) (56) (14) (50) (24) (64) (74) (20) (80) (35) (32) (72) (49) (37) (1) (65) (43) (29) (57) (45) (89) (100) (84) (2) (33) (76) (16) (10) (97) (73) (53) (86) (79) (69) (90) (7) (31) (6) (94) (85) (88) 
6 (77) (37) (89) (84) (36) (70) (15) (29) (61) (47) (10) (80) (78) (44) (4) (40) (88) (98) (39) (8) (33) (83) (14) (99) (5) (92) (25) (30) (41) (58) (76) (16) (75) (55) (19) (18) (9) (85) (86) (79) (52) (6) (54) (34) (50) (42) (43) (63) (82) (74) (23) (71) (2) (26) (66) (90) (93) (56) (32) (95) (94) (97) (67) (59) (87) (45) (91) (46) (20) (13) (57) 
7 (13) (61) (34) (43) (2) (46) (82) (70) (49) (36) (45) (37) (26) (87) (56) (78) (20) (19) (95) (76) (15) (69) (79) (96) (90) (12) (72) (80) (33) (16) (50) (29) (9) (21) (62) (60) (91) (22) (59) (100) (3) (18) (66) (5) (73) (52) (54) (89) (25) (41) (88) (85) (75) (10) (4) (83) (57) (67) (98) (63) (48) (32) (74) (14) (68) (53) (39) (84) (86) (92) (1) (17) (40) (8) 
8 (5) (53) (21) (10) (52) (30) (84) (60) (85) (47) (83) (50) (39) (87) (66) (90) (59) (17) (41) (22) (1) (75) (18) (43) (71) (51) (74) (77) (99) (46) (65) (11) (26) (86) (38) (45) (37) (20) (70) (44) (25) (23) (94) (80) (4) (89) (73) (32) (8) (35) (15) (56) (3) (42) (61) (98) (34) (93) (69) (55) (88) (40) (92) (6) (72) (28) (16) (97) (67) (68) (54) (2) (91) 
9 (39) (16) (36) (26) (79) (45) (91) (28) (27) (94) (89) (40) (71) (67) (2) (74) (44) (76) (37) (8) (59) (33) (53) (22) (100) (42) (77) (29) (57) (92) (80) (93) (18) (72) (70) (78) (20) (1) (43) (65) (19) (6) (4) (55) (60) (21) (24) (5) (85) (13) (62) (12) (52) (31) (54) (9) (41) (69) (38) (50) (56) (58) (7) (90) (35) (95) (32) (14) (63) (15) (84) 
10 (65) (58) (96) (54) (31) (1) (69) (62) (57) (28) (10) (37) (40) (49) (12) (7) (50) (14) (78) (41) (19) (74) (4) (15) (6) (21) (55) (43) (13) (46) (86) (61) (60) (38) (29) (24) (17) (36) (18) (2) (82) (100) (26) (97) (92) (93) (3) (33) (44) (83) (64) (71) (63) (16) (77) (53) (42) (5) (79) (23) (67) (35) (68) (99) (20) (51) (66) (52) (88) (27) (98) (80) (73) (87) (47) (76) (25) (45) (94) (32 84) 
11 (2) (5) (85) (69) (43) (7) (90) (59) (89) (29) (20) (87) (49) (38) (23) (50) (61) (30) (98) (70) (96) (91) (10) (93) (52) (9) (42) (36) (34) (53) (94) (18) (73) (92) (54) (62) (3) (77) (100) (56) (80) (33) (47) (64) (79) (84) (17) (22) (4) (97) (39) (86) (95) (71) (99) (40) (21) (44) (12) (15) (57) (24) (60) (68) (76) (41) (31) (81) (45) (37) (48) 
12 (79) (72) (97) (44) (98) (84) (76) (54) (96) (26) (39) (90) (24) (18) (52) (74) (43) (83) (12) (66) (23) (5) (46) (63) (34) (94) (78) (38) (62) (17) (1) (19) (93) (22) (49) (95) (92) (42) (15) (7) (48) (31) (29) (91) (16) (70) (99) (59) (65) (85) (13) (21) (4) (67) (55) (87) (81) (27) (35) (33) (75) (69) (10) (30) (2) (64) (28) (100) (8) 
13 (28) (30) (77) (86) (61) (40) (55) (100) (96) (70) (57) (58) (93) (12) (27) (87) (73) (3) (74) (71) (19) (66) (63) (79) (45) (39) (81) (10) (94) (31) (80) (33) (59) (49) (52) (4) (42) (32) (6) (16) (78) (47) (11) (72) (44) (23) (62) (13) (20) (17) (48) (38) (88) (34) (8) (83) (1) (43) (22) (84) (50) (90) (69) (82) (29) (60) (67) 
14 (35) (1) (97) (96) (93) (70) (13) (59) (33) (12) (32) (20) (18) (94) (30) (84) (76) (47) (77) (14) (68) (86) (24) (92) (69) (58) (36) (9) (95) (54) (61) (26) (11) (45) (100) (2) (29) (40) (21) (78) (39) (6) (87) (52) (72) (91) (81) (74) (88) (28) (73) (10) (43) (37) (23) (38) (67) (42) (5) (60) (16) (99) (83) (46) (41) (85) (31) (8) (63) (75) (25) (65) (34) (89) (4) 
15 (28) (45) (31) (65) (58) (56) (87) (79) (2) (41) (97) (62) (24) (7) (89) (68) (85) (72) (33) (86) (11) (70) (90) (100) (15) (39) (26) (96) (48) (71) (16) (91) (40) (43) (34) (83) (46) (82) (13) (12) (73) (76) (18) (49) (29) (32) (17) (67) (84) (81) (57) (98) (30) (38) (42) (50) (37) (54) (6) (20) (35) (88) (95) (64) (47) (74) (78) (14) (94) 
16 (77) (3) (60) (84) (52) (20) (63) (37) (100) (8) (98) (56) (95) (7) (19) (86) (33) (13) (64) (16) (4) (40) (66) (90) (41) (26) (75) (92) (24) (39) (12) (14) (85) (94) (57) (58) (9) (28) (27) (50) (42) (71) (31) (36) (22) (53) (43) (18) (38) (44) (82) (68) (79) (87) (2) (46) (45) (76) (88) (80) (97) (93) (65) (81) (21) (29) 
17 (39) (26) (15) (2) (50) (44) (90) (24) (19) (77) (64) (10) (84) (58) (94) (4) (16) (23) (62) (88) (66) (5) (73) (22) (54) (21) (1) (79) (67) (12) (68) (6) (76) (85) (93) (89) (43) (71) (82) (38) (97) (32) (14) (52) (65) (49) (61) (13) (51) (20) (45) (87) (37) (17) (41) (47) (75) (70) (81) (57) (96) (25) (29) (27) (30) (31) (48) (8) (99) (59) (56) (86) (69) (80) (3) (91) (60) (83) 
18 (34) (12) (54) (8) (6) (98) (59) (76) (51) (60) (10) (77) (2) (63) (100) (16) (45) (61) (44) (85) (11) (68) (73) (69) (65) (43) (57) (28) (58) (83) (48) (30) (4) (72) (13) (50) (56) (39) (23) (18) (47) (87) (9) (37) (21) (91) (22) (42) (41) (97) (40) (20) (99) (31) (70) (92) (3) (32) (84) (78) (88) (62) (90) (25) (14) (7) (55) (24) (82) (38) (53) (79) 
19 (92) (7) (67) (23) (70) (20) (91) (100) (42) (88) (9) (4) (84) (45) (46) (54) (41) (72) (93) (33) (6) (10) (86) (56) (96) (89) (61) (59) (29) (38) (15) (82) (13) (75) (64) (19) (79) (63) (3) (14) (28) (48) (52) (36) (66) (76) (16) (53) (77) (94) (51) (39) (37) (74) (78) (57) (55) (68) (83) (2) (25) (99) (58) (22) (49) (30) (21) (60) 
20 (45) (97) (6) (87) (18) (44) (49) (29) (55) (14) (96) (51) (62) (47) (34) (66) (26) (68) (25) (91) (36) (65) (77) (33) (28) (23) (38) (78) (50) (39) (7) (67) (86) (85) (30) (16) (1) (59) (9) (56) (100) (69) (11) (83) (71) (73) (60) (70) (13) (81) (64) (95) (20) (27) (79) (19) (21) (74) (72) (88) (76) (82) (5) (37) (8) (41) (84) (92) 
21 (2) (65) (22) (51) (4) (29) (50) (8) (34) (99) (76) (46) (92) (89) (62) (82) (24) (91) (98) (49) (78) (25) (69) (73) (83) (45) (88) (41) (86) (40) (14) (67) (97) (56) (37) (68) (33) (48) (52) (35) (1) (20) (59) (93) (47) (27) (63) (5) (81) (55) (96) (54) (95) (17) (36) (32) (90) (31) (39) (75) (9) (18) (85) (15) (23) (3) (66) (10) (77) 
22 (80) (81) (58) (56) (48) (6) (1) (27) (94) (31) (34) (44) (47) (64) (68) (24) (53) (3) (26) (32) (25) (72) (57) (77) (16) (87) (39) (17) (5) (55) (99) (4) (63) (30) (98) (59) (92) (8) (89) (38) (11) (50) (84) (83) (49) (75) (41) (69) (14) (66) (2) (19) (23) (36) (9) (10) (35) (85) (61) (7) (33) (42) (73) (74) (95) 
23 (75) (65) (7) (62) (43) (61) (82) (28) (79) (66) (92) (85) (53) (5) (14) (87) (56) (55) (89) (8) (86) (97) (98) (59) (24) (36) (39) (74) (78) (34) (13) (30) (81) (96) (93) (76) (31) (19) (67) (57) (72) (4) (42) (49) (58) (51) (83) (22) (2) (16) (9) (10) (23) (26) (44) (18) (73) (3) (68) (71) (41) (46) (45) (25) (29) (95) (99) (63) (27) (48) 
24 (15) (3) (62) (37) (68) (69) (47) (34) (10) (74) (36) (80) (70) (78) (11) (65) (41) (95) (97) (19) (91) (67) (71) (85) (12) (87) (92) (23) (43) (44) (48) (96) (50) (27) (83) (60) (17) (26) (42) (8) (94) (13) (56) (16) (20) (46) (22) (99) (24) (57) (86) (77) (40) (63) (61) (59) (75) (30) (45) (73) (1) (7) (39) (52) 
25 (89) (8) (77) (14) (72) (70) (60) (51) (33) (80) (40) (83) (25) (37) (18) (24) (26) (45) (55) (10) (41) (47) (3) (78) (74) (27) (46) (32) (59) (2) (15) (56) (54) (31) (57) (69) (30) (29) (95) (43) (79) (52) (76) (85) (66) (23) (21) (38) (44) (99) (65) (97) (6) (36) (92) (16) (19) (91) (1) (35) (90) (62) (20) (53) (12) (75) (61) (86) (39) (93) (68) (50) 
26 (92) (61) (46) (59) (73) (10) (15) (99) (90) (71) (30) (4) (43) (8) (80) (34) (7) (39) (21) (32) (74) (41) (96) (2) (85) (16) (22) (45) (60) (40) (53) (95) (56) (26) (11) (66) (79) (3) (93) (97) (100) (19) (94) (50) (27) (51) (58) (87) (18) (69) (52) (23) (72) (83) (89) (75) (91) (70) (38) (5) (6) (35) (68) (47) (98) (9) (84) (48) 
27 (66) (3) (39) (73) (28) (88) (59) (92) (40) (72) (36) (58) (51) (26) (55) (68) (15) (17) (90) (29) (94) (83) (98) (81) (93) (14) (30) (63) (96) (9) (75) (49) (86) (52) (11) (38) (21) (4) (37) (45) (6) (64) (67) (48) (57) (87) (44) (25) (5) (7) (34) (2) (1) (95) (89) (10) (27) (13) (84) (91) (12) (76) (77) (8) (97) (54) (16) (56) (99) (32) (61) (74) (79) (31) (42) (65) 
28 (72) (56) (95) (31) (89) (36) (28) (49) (82) (64) (74) (27) (90) (57) (76) (23) (17) (5) (7) (2) (52) (29) (59) (71) (19) (68) (77) (91) (14) (37) (24) (62) (54) (1) (50) (88) (93) (94) (81) (83) (9) (92) (20) (18) (38) (78) (43) (53) (11) (63) (47) (75) (32) (30) (42) (86) (13) (84) (99) (97) (48) (15) (85) (4) (96) (98) (40) (35) (79) (70) (67) (51) (33) (16) (8) 
29 (15) (90) (24) (57) (36) (17) (88) (79) (19) (26) (83) (98) (29) (49) (73) (8) (99) (14) (70) (35) (28) (84) (78) (3) (33) (87) (77) (38) (44) (89) (39) (47) (25) (51) (32) (27) (94) (68) (42) (86) (7) (60) (21) (12) (63) (66) (75) (80) (71) (6) (41) (69) (59) (30) (62) (5) (76) (56) (74) (91) (55) (82) (1) (45) (4) (46) (48) (100) (58) 
30 (14) (83) (50) (3) (60) (41) (74) (36) (68) (73) (47) (77) (66) (49) (38) (96) (89) (67) (58) (51) (53) (81) (40) (1) (31) (75) (8) (84) (7) (48) (91) (59) (63) (98) (18) (82) (92) (71) (46) (5) (44) (54) (99) (19) (33) (57) (21) (24) (11) (37) (100) (79) (56) (85) (86) (87) (16) (55) (13) (61) (65) (45) (70) (43) (88) (90) (76) (9) (62) (32) (64) (78) (23) 
31 (39) (23) (36) (6) (16) (73) (14) (15) (33) (75) (4) (98) (19) (80) (32) (84) (81) (28) (91) (49) (18) (67) (8) (17) (68) (72) (44) (45) (22) (5) (74) (54) (38) (12) (59) (3) (29) (42) (10) (82) (86) (43) (30) (25) (2) (52) (96) (78) (56) (31) (90) (20) (11) (46) (35) (92) (79) (55) (89) (58) (27) (85) (99) (24) (1) (21) (83) (37) (51) 
32 (32) (3) (68) (23) (2) (60) (55) (24) (46) (79) (7) (63) (62) (51) (49) (16) (59) (48) (50) (71) (61) (90) (85) (75) (80) (88) (40) (29) (12) (18) (89) (38) (20) (76) (33) (57) (52) (66) (81) (47) (28) (11) (17) (98) (67) (70) (39) (54) (37) (74) (95) (8) (1) (97) (4) (69) (72) (100) (41) (43) 
33 (3) (96) (94) (88) (80) (98) (38) (68) (73) (60) (57) (84) (77) (13) (55) (43) (61) (24) (22) (23) (8) (66) (16) (99) (20) (92) (14) (17) (12) (93) (49) (91) (21) (30) (82) (81) (29) (48) (27) (86) (52) (74) (10) (79) (78) (95) (45) (33) (51) (76) (87) (67) (34) (6) (63) (19) (2) (85) (9) (89) (1) (5) (54) (65) (18) (83) 
34 (52) (2) (38) (34) (28) (45) (40) (64) (71) (35) (5) (9) (63) (80) (50) (43) (3) (95) (10) (72) (11) (25) (16) (57) (14) (87) (1) (75) (85) (69) (53) (61) (100) (46) (54) (99) (44) (74) (70) (88) (93) (20) (47) (12) (84) (89) (4) (27) (73) (42) (32) (49) (86) (56) (30) (82) (65) (59) (79) (13) (8) (48) (97) (24) (55) (22) (17) (15) (91) (7) (6) (39) 
35 (98) (58) (90) (88) (69) (56) (23) (81) (7) (39) (35) (85) (18) (59) (20) (2) (8) (4) (64) (40) (91) (3) (63) (95) (11) (9) (12) (6) (31) (49) (77) (25) (27) (47) (61) (19) (89) (57) (45) (16) (79) (44) (62) (37) (29) (60) (54) (83) (36) (38) (1) (34) (55) (52) (87) (73) (41) (97) (53) (72) (94) (5) (67) (96) (66) (28) (80) (46) 
36 (62) (61) (34) (67) (17) (99) (36) (84) (81) (75) (35) (41) (6) (16) (94) (74) (20) (10) (39) (43) (26) (29) (95) (57) (45) (7) (88) (15) (4) (56) (19) (25) (97) (47) (37) (23) (33) (22) (65) (78) (100) (53) (27) (77) (8) (1) (90) (54) (58) (69) (21) (64) (12) (55) (40) (2) (18) (85) (5) (96) (9) (31) (60) 
37 (75) (80) (98) (70) (31) (79) (59) (90) (4) (60) (89) (72) (42) (76) (61) (28) (87) (43) (39) (93) (21) (83) (91) (18) (88) (34) (58) (3) (100) (5) (46) (20) (38) (77) (92) (52) (1) (32) (29) (7) (45) (41) (12) (25) (19) (73) (94) (49) (53) (44) (95) (81) (99) (17) (54) (36) (64) (97) (56) (69) (78) (22) (84) (65) (35) (13) (63) (23) (55) (66) (96) (51) (86) (37) (16) (14) 
38 (59) (70) (81) (78) (57) (32) (93) (89) (53) (87) (38) (74) (34) (26) (54) (79) (83) (16) (48) (11) (75) (49) (82) (65) (21) (61) (7) (77) (22) (18) (31) (37) (36) (25) (23) (99) (98) (12) (40) (63) (80) (55) (95) (39) (24) (64) (73) (68) (27) (92) (30) (47) (14) (42) (2) (90) (91) (52) (9) (97) (15) (45) (3) (1) (56) (19) (13) (28) (46) 
39 (16) (18) (97) (5) (63) (68) (49) (78) (37) (96) (89) (20) (9) (90) (15) (13) (32) (62) (27) (1) (94) (44) (48) (71) (36) (21) (70) (51) (7) (91) (59) (10) (31) (8) (55) (80) (58) (74) (85) (73) (3) (93) (86) (40) (50) (64) (12) (33) (11) (98) (19) (52) (46) (45) (35) (92) (24) (88) (41) (81) (99) (47) (28) (29) (72) (43) (54) (77) (6) (76) (65) (60) (100) (57) (22) (30) 
40 (29) (28) (45) (93) (27) (40) (87) (42) (60) (66) (7) (51) (49) (31) (20) (100) (1) (81) (8) (5) (85) (10) (4) (61) (32) (74) (99) (56) (33) (97) (63) (17) (2) (15) (53) (30) (36) (34) (44) (79) (94) (89) (71) (37) (80) (69) (9) (19) (55) (26) (25) (14) (62) (70) (47) (35) (18) (84) (54) (75) (77) (67) (82) (24) (92) (6) (48) (21) (38) (95) (88) (52) (68) (96) 
41 (71) (65) (8) (14) (22) (38) (59) (49) (72) (61) (30) (88) (94) (21) (64) (6) (78) (9) (39) (13) (73) (5) (31) (3) (28) (37) (77) (47) (81) (95) (91) (24) (85) (58) (2) (32) (36) (68) (75) (25) (12) (67) (35) (100) (87) (4) (34) (53) (7) (51) (97) (42) (83) (57) (79) (1) (54) (84) (40) (63) (18) (46) (62) (41) (96) (26) (10) (80) (50) (90) (11) (99) (48) (82) (55) (27) (56) (92) 
42 (38) (15) (64) (8) (12) (97) (23) (92) (11) (76) (42) (31) (17) (56) (57) (2) (72) (86) (30) (28) (18) (13) (52) (99) (100) (19) (47) (16) (48) (95) (65) (91) (40) (21) (61) (35) (63) (58) (1) (44) (74) (33) (36) (69) (90) (79) (41) (73) (24) (66) (45) (4) (60) (83) (88) (94) (53) (14) (96) (32) (54) (37) (75) (50) (39) (71) 
43 (59) (1) (30) (93) (75) (45) (15) (10) (74) (90) (27) (41) (25) (46) (38) (87) (50) (47) (29) (83) (52) (80) (91) (32) (96) (82) (86) (51) (35) (18) (3) (78) (76) (37) (48) (77) (43) (28) (31) (98) (14) (13) (65) (17) (92) (71) (23) (40) (49) (84) (79) (12) (16) (26) (73) (97) (68) (88) (34) (9) (81) (70) (20) 
44 (34) (1) (94) (44) (14) (97) (36) (66) (55) (11) (2) (15) (26) (22) (81) (60) (51) (71) (100) (78) (5) (32) (73) (20) (88) (93) (41) (7) (91) (4) (16) (68) (23) (3) (56) (21) (54) (31) (76) (99) (72) (24) (90) (98) (96) (37) (92) (84) (86) (49) (59) (10) (39) (58) (80) (77) (6) (45) (50) (18) (79) (62) (70) (85) (9) (13) (43) (63) (33) 
45 (7) (65) (69) (52) (76) (92) (88) (54) (29) (98) (43) (93) (12) (79) (80) (51) (45) (17) (10) (82) (27) (73) (49) (1) (38) (32) (28) (8) (41) (25) (71) (83) (94) (16) (60) (21) (23) (30) (53) (74) (5) (62) (99) (64) (57) (66) (67) (95) (36) (85) (61) (33) (19) (11) (4) (13) (87) (34) (31) (59) (70) (24) (39) (15) (6) (35) (40) (97) (68) (96) (37) (48) (3) (55) 
46 (44) (16) (99) (46) (67) (27) (74) (18) (11) (72) (43) (87) (51) (61) (19) (53) (54) (20) (10) (39) (100) (65) (15) (22) (60) (82) (28) (77) (25) (76) (24) (6) (92) (85) (29) (13) (68) (21) (8) (52) (48) (32) (42) (41) (84) (49) (37) (38) (62) (1) (57) (50) (91) (26) (33) (96) (97) (7) (14) (12) (75) (81) (79) (23) (86) (9) (40) (89) (17) 
47 (87) (99) (65) (55) (9) (51) (45) (93) (76) (98) (53) (74) (78) (28) (24) (66) (33) (5) (100) (17) (32) (7) (77) (20) (15) (94) (30) (97) (14) (1) (58) (31) (35) (83) (95) (38) (18) (90) (47) (3) (43) (69) (34) (84) (63) (26) (67) (27) (82) (46) (85) (50) (79) (19) (36) (42) (91) (12) (54) (6) (41) (68) (10) (13) (64) (11) (86) (57) 
48 (40) (29) (27) (6) (37) (42) (23) (94) (24) (83) (100) (60) (72) (61) (1) (22) (2) (99) (47) (25) (96) (46) (62) (39) (4) (50) (81) (45) (79) (59) (21) (5) (41) (8) (33) (82) (12) (11) (7) (92) (63) (54) (17) (68) (10) (52) (57) (88) (89) (69) (67) (55) (18) (91) (73) (78) (70) (77) (48) (56) (58) (19) (49) (3) (32) (71) (43) (31) (14) (35) (97) (95) (64) 
49 (85) (43) (50) (66) (67) (37) (47) (88) (42) (29) (13) (14) (55) (86) (57) (31) (98) (97) (5) (93) (62) (76) (38) (9) (3) (51) (19) (46) (18) (90) (52) (8) (84) (11) (28) (75) (94) (87) (25) (83) (77) (60) (15) (49) (72) (24) (2) (92) (99) (40) (41) (59) (64) (21) (27) (95) (58) (48) (79) 
50 (91) (33) (9) (70) (100) (75) (2) (69) (73) (88) (7) (19) (4) (49) (89) (47) (63) (52) (34) (80) (22) (5) (74) (40) (13) (15) (39) (30) (67) (12) (59) (24) (79) (36) (46) (78) (6) (8) (37) (58) (14) (99) (84) (3) (87) (53) (28) (95) (81) (42) (98) (25) (45) (55) (1) (68) (62) (77) (64) (27) (57) (85) (23) (16) (86) (97) (94) 
51 (72) (28) (75) (32) (36) (41) (68) (57) (55) (59) (47) (95) (3) (91) (6) (44) (58) (78) (31) (94) (97) (99) (98) (60) (13) (81) (61) (71) (54) (9) (83) (86) (37) (21) (84) (67) (73) (34) (70) (77) (48) (85) (74) (39) (76) (64) (29) (16) (24) (7) (52) (20) (62) (42) (5) (88) (50) (35) (17) (23) (22) (26) (11) (14) (25) (89) (80) (30) (79) (43) (87) 
52 (8) (100) (93) (29) (65) (47) (19) (53) (1) (15) (6) (44) (62) (2) (73) (54) (92) (88) (46) (74) (42) (32) (95) (82) (91) (96) (86) (10) (72) (4) (85) (49) (40) (30) (58) (35) (61) (39) (55) (13) (31) (33) (21) (51) (43) (16) (76) (98) (64) (90) (22) (71) (94) (38) (45) (25) (66) (7) (59) (57) (60) (97) (9) (34) (27) (26) (84) (70) (28) 
53 (46) (55) (73) (62) (61) (92) (69) (15) (27) (38) (67) (82) (4) (90) (54) (2) (24) (97) (14) (75) (7) (94) (78) (51) (80) (95) (41) (12) (33) (57) (35) (63) (3) (70) (48) (36) (91) (17) (31) (34) (26) (71) (89) (49) (85) (72) (99) (23) (18) (9) (13) (96) (37) (16) (42) (47) (25) (29) (19) (84) (98) (11) (66) (74) (58) (76) (43) (87) (45) (40) (60) (86) (44) (77) (8) 
54 (82) (55) (19) (90) (93) (38) (91) (36) (85) (17) (20) (26) (13) (88) (15) (43) (87) (40) (54) (72) (3) (52) (76) (70) (27) (79) (16) (11) (8) (25) (6) (84) (24) (10) (65) (42) (34) (14) (12) (4) (2) (18) (29) (81) (96) (86) (7) (48) (66) (69) (50) (46) (35) (99) (31) (51) (47) (59) (94) (32) (63) (71) (68) (92) (60) (97) (100) (74) (77) (1) (53) (39) 
55 (100) (86) (14) (78) (76) (41) (8) (44) (43) (25) (79) (51) (46) (26) (39) (29) (68) (50) (32) (64) (33) (83) (15) (49) (23) (58) (92) (97) (87) (48) (2) (18) (36) (63) (24) (12) (54) (82) (77) (71) (56) (40) (61) (22) (53) (7) (99) (81) (34) (28) (69) (96) (45) (93) (66) (31) (95) (11) (70) (6) (52) (1) (35) (47) (59) 
56 (23) (78) (63) (51) (98) (9) (32) (77) (100) (90) (69) (22) (43) (71) (55) (30) (46) (47) (13) (72) (36) (14) (21) (70) (96) (52) (17) (62) (92) (89) (84) (37) (75) (60) (40) (88) (39) (12) (29) (86) (10) (42) (85) (56) (35) (59) (91) (8) (50) (20) (18) (2) (41) (6) (65) (26) (16) (73) (28) (57) (61) (7) (67) (31) (45) (54) (94) (76) (58) (34) (25) (1) (80) (74) (82) (83) 
57 (11) (24) (55) (68) (95) (37) (42) (25) (35) (86) (39) (46) (99) (20) (22) (60) (74) (41) (85) (19) (44) (15) (87) (69) (32) (8) (70) (31) (82) (80) (67) (61) (76) (53) (75) (47) (16) (57) (78) (28) (43) (21) (88) (90) (58) (56) (38) (48) (62) (54) (91) (14) (17) (2) (36) (93) (66) (13) (79) (96) (34) (51) (49) (52) (77) (84) (97) (45) (94) (71) (89) (59) (7) (23) 
58 (27) (85) (89) (88) (98) (71) (2) (99) (33) (9) (32) (30) (59) (10) (73) (54) (29) (19) (48) (94) (80) (6) (43) (95) (70) (44) (79) (72) (38) (1) (91) (49) (62) (66) (65) (74) (76) (22) (83) (40) (77) (8) (63) (81) (13) (36) (78) (93) (17) (69) (57) (46) (23) (60) (15) (64) (82) (50) (18) (42) (45) (14) (26) (75) (84) (86) (90) (12) (39) 
59 (53) (45) (4) (55) (82) (34) (50) (64) (80) (100) (65) (52) (28) (81) (24) (57) (35) (40) (21) (84) (41) (29) (26) (18) (74) (91) (92) (59) (13) (37) (5) (66) (11) (78) (12) (39) (54) (61) (32) (17) (85) (72) (6) (47) (43) (95) (70) (20) (49) (76) (69) (8) (23) (58) (10) (86) (3) (31) (22) (36) (87) (89) (38) (63) (19) (33) (7) (93) (67) (30) (77) (1) 
60 (7) (96) (48) (60) (54) (45) (31) (93) (3) (16) (6) (76) (99) (46) (89) (20) (62) (86) (59) (52) (75) (97) (19) (68) (30) (55) (24) (51) (69) (84) (72) (13) (56) (38) (92) (17) (50) (2) (41) (1) (4) (79) (82) (27) (8) (53) (67) (18) (29) (11) (58) (44) (88) (12) (90) (26) (98) (43) (85) (32) (95) (94) (22) (47) (28) 
61 (93) (83) (35) (72) (18) (13) (67) (82) (50) (94) (26) (51) (8) (84) (57) (66) (46) (17) (56) (89) (22) (44) (69) (42) (76) (11) (43) (24) (85) (7) (64) (80) (30) (21) (28) (62) (14) (53) (60) (49) (25) (86) (77) (96) (90) (91) (75) (99) (92) (12) (98) (48) (65) (39) (33) (61) (4) (97) (2) (54) (40) (58) (68) (88) (34) (29) (78) (45) (27) (79) (95) (32) 
62 (15) (74) (3) (57) (98) (82) (7) (37) (81) (28) (46) (25) (12) (34) (76) (9) (91) (79) (19) (92) (53) (30) (50) (68) (45) (62) (70) (88) (60) (29) (69) (41) (73) (32) (17) (55) (6) (44) (93) (43) (94) (71) (78) (48) (38) (14) (49) (87) (67) (77) (5) (100) (10) (13) (66) (64) (36) (31) (86) (54) (58) (95) (20) (42) (84) (47) (21) (99) (96) 
63 (52) (39) (6) (67) (44) (94) (75) (27) (63) (84) (73) (11) (83) (53) (79) (33) (60) (16) (15) (25) (72) (4) (62) (47) (19) (26) (34) (56) (100) (69) (5) (70) (13) (68) (12) (43) (32) (45) (49) (78) (7) (82) (55) (76) (41) (81) (46) (10) (35) (58) (54) (2) (66) (86) (30) (64) (88) (85) (96) (1) (77) (21) (98) (90) (48) (51) (50) 
64 (61) (98) (45) (92) (66) (69) (23) (84) (27) (33) (6) (60) (1) (83) (12) (86) (38) (22) (5) (26) (8) (72) (14) (89) (75) (57) (88) (90) (50) (18) (78) (11) (46) (52) (68) (56) (39) (63) (80) (49) (87) (17) (53) (40) (37) (48) (2) (81) (3) (74) (58) (47) (64) (28) (19) (29) (25) (70) (99) (13) (44) (79) (32) (91) (4) (85) (77) (100) (34) (42) (73) (24) 
65 (66) (57) (9) (64) (97) (63) (79) (4) (53) (24) (54) (87) (51) (73) (42) (81) (60) (31) (33) (20) (69) (28) (93) (25) (95) (36) (26) (99) (55) (8) (14) (13) (22) (1) (44) (75) (45) (2) (10) (46) (32) (96) (98) (82) (35) (72) (38) (18) (29) (84) (12) (61) (76) (30) (43) (23) (86) (34) (59) (16) (27) (65) (5) (50) (3) (70) (77) (47) (83) (21) (100) 
66 (84) (61) (35) (25) (21) (9) (80) (97) (41) (93) (62) (85) (88) (34) (90) (23) (54) (20) (44) (46) (53) (57) (91) (96) (50) (48) (68) (64) (29) (24) (4) (79) (39) (100) (70) (14) (59) (7) (69) (55) (37) (33) (74) (47) (15) (16) (2) (81) (78) (38) (31) (28) (45) (26) (73) (56) (76) (40) (10) (82) (98) (17) (22) (42) (3) (51) (72) (65) (6) (19) 
67 (73) (9) (24) (80) (47) (88) (78) (99) (5) (51) (64) (34) (8) (1) (36) (98) (37) (84) (55) (89) (91) (100) (82) (3) (96) (57) (66) (14) (52) (38) (81) (41) (15) (67) (13) (46) (71) (7) (12) (4) (50) (86) (39) (74) (70) (56) (75) (45) (85) (2) (44) (28) (17) (54) (95) (22) (16) (53) (10) (20) (23) (18) (72) (35) (6) (59) (27) (43) (32) (63) (42) (97) (83) (31) (19) (21) (93) 
68 (49) (11) (40) (87) (28) (48) (94) (23) (44) (69) (41) (51) (78) (58) (9) (52) (59) (85) (26) (91) (50) (13) (31) (53) (66) (71) (95) (63) (17) (20) (25) (62) (83) (96) (19) (67) (65) (75) (97) (68) (10) (57) (42) (3) (72) (55) (73) (86) (24) (15) (70) (43) (35) (29) (47) (27) (6) (77) (89) (98) (5) (33) (7) (18) (1) (60) 
69 (40) (41) (78) (94) (36) (54) (73) (2) (95) (61) (14) (62) (26) (66) (12) (3) (45) (27) (68) (69) (82) (90) (85) (98) (10) (71) (34) (17) (19) (52) (7) (38) (20) (74) (25) (9) (37) (11) (57) (49) (30) (56) (63) (51) (58) (53) (91) (28) (86) (1) (67) (81) (99) (8) (97) (70) (22) (80) (79) (44) (48) 
70 (30) (31) (61) (56) (65) (81) (36) (5) (95) (15) (68) (4) (52) (24) (91) (44) (55) (100) (71) (72) (6) (19) (51) (41) (9) (1) (85) (34) (18) (29) (22) (79) (11) (39) (3) (66) (63) (73) (53) (80) (32) (42) (20) (26) (50) (78) (35) (57) (25) (76) (83) (82) (37) 
71 (3) (98) (83) (63) (77) (69) (37) (42) (47) (46) (95) (100) (74) (80) (89) (84) (7) (2) (71) (9) (36) (32) (55) (72) (56) (82) (16) (62) (45) (60) (64) (38) (50) (58) (24) (18) (99) (59) (66) (96) (11) (40) (10) (91) (26) (23) (61) (28) (44) (90) (73) (53) (14) (8) (70) (39) (5) (29) (30) (85) (92) (94) (21) (43) (35) (31) (6) (25) (22) (27) (17) (79) (76) (20) (1) 
72 (54) (42) (51) (43) (5) (31) (25) (12) (21) (58) (93) (79) (13) (9) (8) (81) (24) (91) (76) (53) (1) (6) (32) (65) (30) (39) (23) (64) (92) (46) (75) (90) (27) (37) (70) (14) (16) (18) (96) (72) (94) (38) (80) (15) (26) (84) (95) (55) (63) (41) (49) (22) (17) (71) (56) (89) (7) (33) (10) (45) (78) (47) (57) (68) (83) 
73 (3) (18) (88) (93) (53) (10) (72) (37) (58) (86) (94) (64) (76) (90) (56) (49) (57) (36) (29) (13) (9) (32) (4) (85) (77) (39) (97) (66) (65) (69) (42) (99) (60) (24) (23) (17) (55) (98) (79) (12) (2) (14) (15) (71) (28) (38) (75) (30) (27) (59) (70) (46) (54) (47) (100) (48) (22) (80) (78) (73) (11) (67) (8) (21) (16) 
74 (12) (5) (25) (58) (71) (65) (70) (79) (2) (53) (56) (82) (100) (38) (84) (50) (54) (39) (57) (37) (21) (52) (24) (85) (16) (45) (67) (90) (3) (14) (27) (46) (48) (86) (23) (77) (11) (61) (80) (18) (88) (49) (41) (34) (64) (6) (83) (8) (33) (44) (95) (17) (31) (1) (81) (78) (93) (60) (22) (76) (32) (99) (97) (92) (87) (4) (59) (72) (36) (7) 
75 (80) (63) (96) (69) (14) (91) (5) (85) (64) (7) (72) (59) (35) (61) (70) (13) (42) (34) (45) (12) (24) (39) (41) (32) (38) (54) (40) (87) (26) (44) (2) (56) (93) (76) (92) (58) (51) (18) (86) (66) (94) (49) (17) (47) (8) (11) (33) (31) (53) (88) (43) (84) (36) (22) (48) (100) (15) (62) (46) (6) (89) 
76 (20) (95) (44) (78) (7) (99) (81) (84) (60) (88) (57) (70) (15) (41) (24) (62) (35) (40) (18) (90) (94) (80) (69) (73) (61) (6) (9) (43) (53) (19) (34) (3) (4) (85) (5) (98) (33) (77) (10) (65) (49) (86) (31) (38) (26) (50) (29) (47) (64) (52) (37) (58) (67) (83) (71) (92) (96) (32) (63) (87) (30) (56) (28) (100) (46) (59) (21) (89) (14) (42) 
77 (35) (1) (59) (64) (50) (57) (97) (36) (93) (92) (98) (30) (83) (44) (41) (95) (11) (23) (81) (22) (68) (40) (72) (51) (73) (6) (3) (18) (55) (79) (87) (4) (10) (5) (14) (56) (33) (88) (15) (8) (85) (25) (29) (100) (26) (54) (2) (77) (42) (32) (89) (19) (67) (61) (86) (39) (62) (21) (37) (46) (45) (52) (78) (74) (34) (99) (12) (75) (63) (60) (69) (94) 
78 (8) (87) (64) (39) (52) (21) (56) (29) (48) (83) (68) (18) (34) (96) (71) (38) (61) (9) (97) (69) (75) (51) (17) (94) (42) (40) (27) (36) (37) (85) (66) (14) (79) (81) (46) (11) (70) (92) (57) (44) (19) (77) (88) (4) (1) (12) (80) (63) (59) (32) (72) (58) (16) (45) (93) (84) (50) (30) (35) (78) (6) (33) (98) (100) (20) (60) (89) 
79 (100) (63) (64) (10) (87) (56) (28) (83) (12) (1) (44) (75) (99) (20) (61) (79) (55) (36) (82) (51) (50) (2) (81) (15) (26) (35) (57) (22) (66) (49) (98) (47) (60) (14) (37) (65) (13) (92) (73) (24) (31) (58) (78) (6) (86) (59) (77) (8) (4) (16) (85) (46) (69) (80) (32) (72) (18) (74) (38) (11) (53) (43) (91) (34) (3) (23) (21) (88) (95) (94) 
80 (25) (59) (34) (58) (29) (94) (93) (32) (54) (92) (15) (16) (9) (44) (75) (28) (64) (18) (90) (50) (76) (40) (8) (66) (63) (23) (52) (27) (17) (77) (73) (60) (37) (80) (68) (43) (67) (3) (11) (65) (78) (24) (74) (2) (81) (41) (48) (45) (7) (84) (79) (86) (26) (72) (53) (35) (14) (47) (30) (95) 
81 (14) (2) (12) (61) (24) (36) (85) (79) (98) (6) (42) (8) (17) (83) (96) (45) (88) (30) (32) (84) (95) (38) (34) (15) (82) (56) (100) (43) (91) (86) (46) (35) (44) (19) (93) (99) (94) (29) (69) (27) (5) (10) (11) (1) (71) (66) (75) (47) (3) (67) (52) (72) (53) (90) (40) (78) (65) (51) (74) (60) (41) (16) (4) (21) (37) (81) (70) (68) (50) (89) (97) (22) (33) (92) 
82 (58) (53) (27) (69) (3) (89) (60) (4) (29) (62) (73) (11) (64) (12) (50) (81) (68) (71) (6) (76) (74) (26) (14) (96) (61) (5) (13) (75) (2) (41) (54) (94) (80) (55) (49) (30) (47) (57) (17) (35) (21) (18) (78) (52) (48) (67) (56) (87) (100) (82) (44) (8) (20) (86) (33) (40) (59) (10) (45) (77) (25) (92) (36) (34) (93) (22) (84) (37) (15) 
83 (25) (16) (39) (38) (77) (20) (88) (92) (61) (56) (1) (14) (41) (33) (50) (21) (73) (81) (68) (89) (90) (93) (36) (66) (32) (42) (12) (71) (70) (65) (75) (17) (23) (85) (59) (83) (7) (95) (60) (2) (57) (8) (35) (4) (37) (31) (91) (49) (47) (44) (52) (99) (96) (18) (6) (28) (13) (15) (87) (82) (67) (11) (29) (3) (76) (80) (34) (58) (97) 
84 (4) (33) (76) (23) (81) (43) (7) (48) (60) (30) (71) (96) (18) (20) (61) (79) (98) (69) (12) (97) (78) (10) (38) (39) (32) (8) (19) (44) (28) (93) (90) (62) (45) (15) (22) (47) (57) (42) (41) (24) (31) (68) (88) (84) (25) (80) (91) (63) (73) (89) (40) (14) (21) (70) (66) (34) (6) (13) (17) (56) (27) (95) (83) (2) (53) (86) (67) (92) (54) (75) (49) (37) (65) (72) (46) 
85 (9) (18) (14) (51) (17) (29) (23) (7) (59) (63) (40) (86) (35) (19) (93) (62) (52) (70) (39) (71) (13) (49) (46) (58) (83) (92) (78) (73) (27) (94) (21) (20) (24) (60) (34) (2) (97) (77) (76) (88) (68) (26) (57) (61) (10) (81) (48) (30) (8) (67) (32) (6) (56) (45) (25) (1) (96) (95) (74) (42) (87) (12) (91) (85) (44) (100) (33) (89) (80) (16) (82) (75) (72) (69) (66) (65) (31) (90) 
86 (79) (54) (23) (10) (96) (36) (33) (31) (44) (61) (38) (15) (14) (41) (25) (72) (3) (17) (95) (53) (100) (7) (29) (64) (19) (1) (65) (74) (77) (37) (76) (56) (92) (70) (16) (90) (86) (67) (99) (80) (60) (22) (11) (75) (28) (13) (45) (51) (8) (87) (18) (78) (47) (50) (40) (84) (48) (73) (59) (69) (39) (63) (2) (52) (93) (62) (89) 
87 (66) (41) (77) (29) (56) (51) (21) (90) (11) (60) (35) (5) (27) (86) (28) (9) (53) (49) (13) (19) (92) (14) (36) (52) (79) (44) (42) (7) (12) (76) (98) (23) (55) (33) (1) (94) (30) (4) (47) (54) (84) (57) (8) (48) (40) (18) (20) (2) (91) (74) (88) (72) (75) (31) (15) (99) (64) (85) (78) (3) (17) (69) (70) (93) (65) (58) (22) (39) 
88 (94) (52) (37) (76) (49) (74) (92) (39) (87) (57) (44) (9) (5) (21) (48) (91) (95) (100) (77) (89) (7) (56) (26) (14) (97) (64) (54) (98) (79) (60) (22) (30) (70) (13) (86) (75) (88) (80) (38) (40) (28) (18) (1) (81) (35) (27) (55) (41) (71) (83) (47) (43) (68) (51) (99) (17) (20) (24) (42) (69) (31) (46) (58) (90) (65) (59) (8) (82) (16) (34) (96) (4) (61) (67) (78) 
89 (73) (85) (11) (29) (48) (78) (95) (43) (94) (61) (28) (13) (68) (47) (19) (46) (86) (90) (72) (63) (76) (37) (62) (59) (79) (84) (23) (16) (45) (35) (55) (64) (58) (89) (21) (44) (60) (31) (51) (9) (14) (41) (71) (98) (80) (40) (81) (12) (97) (8) (17) (33) (42) (92) (6) (5) (67) (39) (83) (57) (91) (32) (25) (2) (65) (4) (82) (1) (66) (27) (20) (10) 
90 (40) (22) (56) (52) (61) (50) (91) (98) (28) (74) (31) (35) (42) (27) (66) (88) (95) (68) (5) (94) (46) (34) (63) (87) (1) (58) (69) (13) (4) (30) (6) (53) (39) (60) (18) (100) (7) (17) (32) (93) (23) (19) (14) (49) (70) (15) (55) (96) (80) (47) (3) (11) (86) (64) (78) (8) (99) (37) (26) (65) (71) (51) (54) (84) 
91 (55) (86) (90) (41) (6) (33) (40) (80) (78) (50) (65) (5) (19) (85) (32) (54) (27) (1) (20) (87) (48) (18) (72) (96) (60) (71) (91) (94) (99) (29) (46) (61) (24) (8) (34) (21) (77) (70) (13) (68) (45) (59) (37) (9) (97) (28) (2) (17) (12) (57) (66) (22) (14) (52) (82) (73) (81) (35) (67) (4) (31) (100) (16) (89) (30) (76) (43) (64) (93) (56) (25) (10) (26) (84) (62) 
92 (36) (12) (46) (28) (94) (16) (58) (23) (97) (7) (78) (11) (64) (93) (14) (51) (42) (43) (44) (34) (17) (3) (96) (52) (100) (41) (24) (1) (57) (5) (84) (33) (32) (50) (80) (91) (83) (88) (29) (18) (92) (55) (72) (13) (70) (21) (6) (25) (2) (45) (30) (85) (76) (69) (39) (82) (99) (4) (59) (63) (27) (95) 
93 (36) (49) (32) (65) (6) (64) (76) (57) (77) (43) (3) (14) (70) (94) (39) (19) (17) (56) (69) (38) (90) (80) (2) (89) (25) (1) (41) (46) (71) (82) (18) (12) (96) (37) (21) (66) (85) (88) (51) (44) (95) (22) (86) (24) (62) (55) (33) (54) (27) (81) (99) (35) (67) (29) (7) (8) (73) (10) (58) (26) (16) (15) (4) (91) (31) (84) (34) (45) 
94 (11) (63) (25) (84) (10) (56) (91) (12) (20) (83) (23) (17) (75) (50) (99) (69) (33) (40) (79) (37) (95) (100) (74) (13) (64) (32) (34) (15) (39) (67) (22) (9) (85) (2) (88) (54) (27) (71) (55) (21) (61) (98) (4) (36) (97) (24) (90) (81) (70) (41) (38) (48) (43) (44) (80) (28) (60) (1) (30) (93) (96) (6) (57) (26) (66) (59) (16) (68) (46) 
95 (87) (12) (60) (53) (34) (22) (33) (4) (71) (94) (51) (54) (85) (97) (39) (90) (81) (63) (42) (77) (32) (80) (40) (100) (30) (68) (6) (8) (55) (96) (44) (56) (35) (9) (67) (52) (58) (93) (89) (82) (47) (50) (64) (5) (76) (13) (23) (26) (74) (38) (66) (10) (88) (41) (46) (62) (25) (69) (73) (7) (15) (91) (31) (11) (2) (70) (98) (27) (65) (20) (19) (29) (49) (48) (92) 
96 (89) (61) (13) (53) (95) (71) (82) (48) (37) (100) (38) (54) (24) (49) (4) (90) (27) (18) (47) (73) (28) (80) (36) (39) (31) (6) (55) (43) (87) (58) (45) (63) (15) (92) (72) (42) (12) (57) (33) (44) (2) (69) (21) (96) (94) (78) (98) (76) (17) (35) (40) (88) (93) (86) (14) (7) (32) (26) (52) (22) (97) (65) (56) (25) (16) (41) (9) (67) (11) (99) (68) (1) (3) (60) 
97 (26) (58) (65) (36) (20) (79) (84) (1) (55) (70) (89) (75) (80) (83) (45) (98) (56) (92) (68) (31) (59) (52) (46) (67) (48) (11) (16) (66) (69) (81) (76) (88) (99) (49) (38) (47) (39) (72) (64) (50) (7) (30) (87) (22) (27) (14) (96) (28) (74) (85) (60) (5) (25) (51) (90) (12) (37) (32) (54) (41) (34) (71) (82) (100) (86) (15) (13) (95) (19) (43) (73) (57) (62) (6) (35) (2) (33) (4) 
98 (63) (44) (16) (24) (78) (25) (17) (12) (6) (93) (45) (21) (52) (3) (91) (57) (83) (68) (35) (40) (62) (79) (58) (51) (13) (30) (37) (14) (50) (43) (74) (49) (9) (27) (41) (34) (69) (20) (53) (15) (56) (99) (59) (90) (5) (33) (19) (65) (7) (10) (32) (55) (11) (66) (36) (4) (61) (85) (26) (88) (22) (23) (67) (1) (47) (48) (38) (73) (95) (46) (97) (70) (98) 
99 (15) (19) (48) (4) (6) (64) (38) (79) (98) (10) (39) (25) (97) (73) (29) (81) (72) (87) (65) (34) (46) (95) (66) (89) (80) (45) (47) (88) (54) (12) (84) (11) (22) (78) (35) (21) (1) (68) (40) (77) (24) (63) (93) (30) (37) (91) (31) (94) (90) (3) (62) (100) (36) (74) (33) (83) (75) (86) (23) (57) (41) (13) (56) (76) (50) (59) 
100 (74) (85) (62) (39) (21) (98) (75) (3) (95) (13) (40) (76) (89) (31) (68) (72) (50) (6) (45) (97) (71) (77) (83) (64) (66) (14) (2) (23) (63) (37) (38) (88) (80) (16) (100) (19) (47) (86) (42) (34) (90) (48) (28) (8) (79) (53) (60) (30) (5) (73) (4) (49) (1) (36) (52) (22) (51) (9) (11) (57) (82) (61) (81) (84) (92) (94) (59) (32) (87) (29) (58) (99) (15) (55) (43) (35) (7) 
