0
100
100
1 (28 7 21) (78) (34) (72) (54 17 66) (69 87 6 2) (53 25) (80) (89 13 92) (1) (49) (100) (45) (79) (95) (67) (20 47 36) (91) (64) (24 90 40) (32) (44 65) (16 84 55 18 85) (29) 
2 (53 82 40 75) (51 44) (100 22) (18 28 79) (20) (80) (25 37 95) (89) (13) (70 30) (84) (19) (60) (27) (47 69) (65) (98 2 92) (46) (9) (55) (57) 
3 (100 35) (57) (81) (53) (12) (72) (30) (24) (52) (46 56 23) (80) (85) (19) (71 68 13) (42) (8) (2 47) (95) (21) (89) (59 49 6 16 33) (34 61) (27 20) (86 1) (43) (54 18) (82) (9) 
4 (100 33) (48) (41) (24) (90) (22 28 85 45 52 93 47 38) (94 63) (73 17 30) (14) (16 72 95) (68) (39 3 46 2) (77 21 92) (66 9) (19) (61 51) (5) (86 49 65) (97) (11 55 12) 
5 (90 99 50 6) (7) (54 89) (29) (96 3 51) (82) (37 17) (72 35) (67) (46) (45 74 34) (16) (76) (26) (73) (86) (93) (100) (61 78) (43) (1) (27) (65 69 24 62) (19) (47 56) (98 23 32) (66 60 48 36) 
6 (57) (24) (21) (16) (54) (93) (20 45) (51) (87) (47) (22) (74) (23) (64 65 18) (43) (77) (56) (49 41 89) (15 78 31) (39 98 2 61) (50) (95) (48 81) (53 4) (3) (52 91) (29 69) (35) (68) (7) (13 94) 
7 (67) (6 51) (44) (32) (89 63) (91 81) (20) (36) (19) (28 41) (4 72) (55) (5) (49) (37) (76) (68 9) (40 12 25) (62) (100 34) (83 93 61 18) (10) 
8 (44) (8 26 1) (33) (99) (10 20) (43) (36 39) (61) (59 94 78 6) (4 65 84) (15) (40 87 13) (58) (46) (69 91) (38 81 85 72) (21) 
9 (56) (19) (28) (74 83 12) (100) (91) (17) (86 62 45 79) (7) (92 60) (41) (98 23) (44) (71) (90) (65) (49 31) (3) (47 11) (88) (22) (61 87) (50) (25 66 33) (36 5) 
10 (89) (99 70) (23) (73 53 1) (84) (11) (85) (24) (42) (59) (30 83) (88) (97) (36 72) (6) (25 7 60) (48 77) (17 95) (9) (4 12) (68) (50) (19) (79) (52 65 45) (86) 
11 (41) (5) (79 35 39) (49) (63 72 20 74) (6) (37 83 73 27) (33) (26 58) (98) (94 47 78 86 11) (61) (64 29) (80 59 42) (32 16) (45) (18) (66) (97) (92) 
12 (58 24 82 35 93) (97) (56 52) (46 20) (2 75) (32) (27) (48) (16) (65) (62) (87) (72) (13 74) (39) (42 23) (96) (18) (89 67) (78) (68) (3) (9 86 92 100) (71 22) (60 49) (54) (19) 
13 (79 24 18 28 29 36 74) (42) (82) (38) (20) (43) (19 94) (25) (35) (63) (80 86 54 53) (44 23 21) (40) (90) (70 39 6) (85) (100) (32) (62) (60 4) 
14 (36) (60 4) (84 27) (96) (50) (98 2) (40 59) (78) (73) (35 99) (19 13) (6) (69) (68) (38 94 54) (95 82) (39) (88 10 63) (56) (76) (74) (7 72) (49 1) (77) 
15 (56 65 78) (59) (49) (89 47) (64 79) (48) (61 41 4) (67) (16 80 9 86 12) (25 29) (72 45 30 11 98) (10 76) (70 17 58) (1 46) 
16 (1 70) (31 48 14) (84 3 9 8) (74 60) (65) (34) (26) (100 89) (44) (95 91) (45 64) (15) (87 90 12 50) (17 58) (28 11) (93) (5 37) (59) (96) (43 56 77 82 63) (98) 
17 (100 17 45 96) (51) (54 20) (55 63 88) (32) (93 56) (91) (7 35) (84) (40) (66) (72 87) (26) (43 44) (73) (2) (23) (38) (49 1) (5) (53 8) (9) (30 58) (19) (37 86) 
18 (55) (43 19) (90) (36) (16) (26 22 30 58 86 87) (54) (68 10) (38 89) (98 64) (1) (65 39) (31) (73 48) (57 81 34 78 97) (35) (59) (88 6) (29) (61) (94 17) (92) (52) 
19 (99) (54) (83 59) (60) (39 92 32) (23 73) (2) (50 26) (68 97 100) (47) (21) (65) (6 11) (86 8 35 31) (37 30) (18) (17) (87 43) (44 1 90) (79) (10 94) (82) (19 84) (57) (22) (12) (75 78) (85 38 63) 
20 (52 38) (75) (98) (47) (2 44 58) (57) (91) (82 62 14 4 7) (78) (65) (3 74) (12 59 22) (86) (90) (77) (88 97) (9) (94) (43 100) (21) (71) (67 13) (46) (34 99) (15) (35 70) (56 72) (45) (85) 
21 (65 75) (14) (11 79) (13) (66) (16 91) (35) (43) (47) (7) (4 53) (1 9 28) (82) (30) (44) (92) (19 67 57 25) (41) (38 54) (63) (27 34) (52) (17) (46) (84) (33) (31 99) 
22 (53 100) (91) (6 8 31) (29) (58 17) (24 94) (88 43 7 92 2) (97) (34 56) (39) (78) (12) (51 36) (18 55) (41) (76) (74) (83 33 1) (44) (37) (49) 
23 (60 9) (73) (45 41) (62) (79) (7 56 19 83) (86 33 66 15) (91 6) (16) (50) (96 2) (72 26) (54 75) (44 38 61) (64) (22) (48) (1) (92) (30 53) (89 28 24) (29) (99) (27 36 67) (51 34) 
24 (34) (25) (54) (33 77) (36 61 42) (1) (31) (98) (85 53) (19) (17) (20 60) (40 52) (21) (30) (66) (80 6 74 48) (94 37) (69 46 27) (96 7) (78 10 58 29) (95) (18 14 38 43) (67 84) 
25 (82) (3 29 33) (64 88 14 73) (81) (93 96) (44 68 94 77 40 18) (31 84) (5) (9 49) (20) (12) (26 28 17 7) (13) (15) (6 75) (72 41 53 86) (99) (48) (76 56) (63 37) (50 70 27) (52) 
26 (31) (83) (41) (60) (89 78) (75 69 7) (42 34 88 19) (66) (95) (84) (13) (47 51) (82 65) (35) (79) (50 17 39) (5 81) (68 90 70) (54 57 4) (23) (8) (85) 
27 (64 41) (87) (83) (42 85) (35) (29) (45 63 53 27) (93) (15 6) (57) (12 13) (55 17) (3 31) (59 44) (54 84 25 60) (47) (36) (82 90) 
28 (12) (87 52) (97 90 70 5) (64) (47) (61) (39) (74 73 56) (45) (60 89 30 40 41) (92 9) (93 49) (22) (13) (17) (75 53 35) (6) (65) (54) (23 86 10) (78) (2 19 66) 
29 (32) (37) (88 100) (69) (68) (99) (2 24 82) (23) (35 1) (19) (9) (89 25) (58) (26 11 93 28) (73 47) (72) (77) (14) (49) (78) (65) (8) (4) 
30 (37 10) (14) (67 77) (4 82) (12) (3) (74) (81) (26 18) (11 91) (86) (20) (61) (85 94 87) (75) (48 15 45 34 29) (98 66 7) (70) (5) (53) (88) (19) (54 97) (6) 
31 (17 68) (92 14) (59) (89) (37) (98 7 38) (34) (53) (99 12) (81 13 33) (3) (72 70) (47) (61 27 41 65) (83) (67) (74 2) (84 6 16 20) 
32 (16) (24 86) (15) (56) (69) (67) (33) (90) (74 44) (22) (30 32) (21) (54) (94 50 1) (14 19) (8) (20) (97) (48) (61) (98 17 68) (18) (76) (55) (34 13 4) (79 37) (72) 
33 (49 68) (54 29) (94 81) (96) (31) (87) (97 48 64) (11 32) (66 100) (15 93) (72 22) (10) (19) (98 25) (69) (71) (85) (9 26 17 28 13) (95 23 70) (37) (99) (5) (3) (67 58) (57 78 43) 
34 (79 17 77 64) (20) (57 9 23) (18 84) (33) (4) (49) (44) (53 34) (48) (91 92 85) (90) (67) (71 74) (27 41) (45 82) (1 13 66) (22 62) 
35 (15) (37 83) (14 74 1 90) (82) (95) (2 64) (78) (16) (94) (47) (41) (58) (45 92) (13) (86 46) (57) (19) (24) (61) (73 99 62) (3) (35 20 70 88) (23 36 97) (54 29) (6 77) 
36 (56) (28 62) (26 38 59) (13) (98) (29 1 54) (80 44) (74) (83) (52 75 40) (87 23) (37) (35 14 41) (43 72) (93) (25) (86) (49) (58 24 6 95 97 69) (8) (73) (30 36) (4) (46 33) (15) (47) 
37 (87 90 32) (19 38 65) (9 13) (27 49 69) (43) (57 83 61 26) (75) (6 11) (60 51) (22 93) (100) (73) (54 77 78) (35 30) (82) (79 52) (74) (37) (97) (39) (96) (23) (7 41) 
38 (22) (3) (55) (84 66 46) (54 68 42) (48 65) (99) (45 89) (51) (49) (94 12 82 43 52 93 71) (34) (39) (64) (15) (61) 
39 (84) (71) (36) (55 73 2 44 37) (11 57) (32) (28) (98) (82) (51 13) (38 31) (64 48) (70) (33) (92) (99) (43 67 76 41) (68) (83) (34) (42) (74 21) (80) (56 79) 
40 (38 26) (49) (59) (22) (53 43) (61) (64) (58) (55 88 40) (76 66) (46) (90 63) (18) (1 34 12) (9) (41 99 80) (83 5) 
41 (83 37) (74) (43 84 9) (70) (18 67) (7) (65) (48 56) (20 13 32 97 79) (1) (91) (78) (26 89) (15) (55) (14 19 81 52 46) (87) (64) (76) (17 39) 
42 (89 65 16 27) (72) (75) (25 80) (17) (20 60) (71) (40 11 66) (81) (64) (61 28 2) (24 36 12) (42) (57 37 3) (13) (51 45) (95) (94 52 43 14) (33) (74) (84) (79) (46 62) (22) 
43 (61 37 89 27 96) (55 41 60) (31) (35) (72) (47 88 87 9) (97) (11 1) (77) (42) (76 53) (8) (74 15) (64) (95) (36) (62) (75) (30 26 29 52 40 49) (70) (43 83 84) 
44 (14) (8) (70) (35) (21 60 99) (93) (69) (40) (72) (37) (27) (100) (41) (20 49 46) (68) (64) (6) (24 25 23) (12) (30) (52 81 65 90) (36) (67) (88 38) (80) (48 86 32) (17) (82 53) (63 42 92 13) 
45 (53) (50) (55 10 11 30) (20 12 100 68) (98) (80 24) (37) (38) (67 81 28 95 3 72) (42) (31) (49) (90) (45) (21) (60) (22 26 69) (36 59 73) (27) (32) (13 44) (93) (1 18) 
46 (57) (36) (63) (20) (90) (50 6) (2) (37) (58 93) (91) (84 22) (70) (21 94) (33 73 66) (77) (34 59 100) (95 35) (26) (78 55) (52) (41) (3 96) (68) (17) (46) (5) 
47 (9) (100) (98) (88) (20) (38) (12) (74 56 65) (85 35) (36) (66) (8) (58) (50) (40) (3) (99 89 49 18) (26 70 5 78 22) (69 24) (1) (63 16 83) (13 54) (39) (73) (55) (57 52) 
48 (80) (79) (55 12 35) (15) (84) (83) (99 40 90) (27) (52) (100) (1 34) (24) (59) (51) (94 8 76) (66 67) (78) (43 95 39) (41) (33) (36) (46) (26) (9 77) (60) (23) (50) 
49 (1 60) (84 21) (72) (91) (19 68 70 47 58) (78) (94) (12) (39 29) (43 13 88) (23 73 96 97) (87 41) (37 100 14 95) (80) (38) (2) (42 52 81) (3) (36 18 55) 
50 (87) (58) (77) (34) (74) (93 79) (50) (21) (59) (56) (38 40) (22 55 43) (37) (27 29) (97) (62) (28 64) (44) (68 98 92 18 95 23 91 84 35 30) (6 5) (41) 
51 (87) (31) (19) (68 52 50) (45) (8) (13) (71) (100) (29 63) (20) (7 33) (78 27 56) (3) (95) (21 48) (83 46) (80) (18 62 12) (14) (88) (81 75) (15) (32) (44) (55) 
52 (26) (89) (81 73) (59 17 10 20 92) (23 30 52) (75) (19) (80) (98) (77) (56 15) (46) (40 37) (61) (7) (69) (78) (16 97) (6) (2) (5) (88 1) 
53 (87) (51 16 83) (20 77) (44 49) (42) (57) (37 64) (90 18) (39) (41 46) (96) (56) (13 48) (17) (86 11 33 81) (82) (80) (55) (92 100 45) (69 54) (29) (1) (74 47) (95) (25) 
54 (81) (51 21 17) (8) (86) (7 69) (57) (65) (72 100) (74 55) (84 64 35) (14 94 44) (32) (75 89) (61 87 82) (50 28 42) (99 66) (49) (48) (43) (33 60 22) (1 73) (52 41) (13 23) 
55 (29 86) (21) (84 88 62) (73) (64 46) (54) (35) (16 70) (26) (10) (55) (37) (24) (53 95) (85) (93 75) (12) (44) (45 52) (28) (83) (32 3) (34) (7) (39) (9) (68 92 89) 
56 (44 55) (96) (3) (1) (13) (19) (30) (58 47) (20) (4) (34) (70) (56 79) (27) (98) (85 50 53 54 72) (36) (29 25) (24) (75 66 8) 
57 (38 4 12) (28) (53 61 68) (49 79) (2) (99) (87) (11) (88) (41) (56) (37 73) (90) (84) (86 18) (57) (10) (64 39) (77) (89) (29 42 16) (22) (14) (97 8 58) (85) (15) (71 82) (60) (95 74) 
58 (74) (81 15) (55 46) (97) (100) (48) (32) (11) (22) (33 89) (64) (87 37 23) (17 3 24) (44) (79 49 56) (12) (38) (63 51) (78 7 67) (95 54 10) 
59 (66) (71 25) (85) (19) (73 51 54) (22 9) (16) (69 27) (10 15) (1) (99 64) (72) (74 75) (83) (88) (68) (45 78 12) (55 38) (92) (29 7 26) (61 17 33) (90 23) 
60 (96) (57) (66) (76) (29) (36) (12 84) (61) (56) (17 54 7) (49 26 94) (19 55) (51 67 45) (80) (23) (71 33 87) (9) (42) (25 43) (89 98) (30) (50) (2) (100) (46) (27) (4 59) (79) (22 60) (62 3) (75) (95) 
61 (10) (84) (21 54 86) (95) (36) (52) (24) (78) (62 5) (23) (92 71 30) (82) (47) (67) (80 72) (16) (19 1 89 69 22) (2) (43) (39) (53 58) (65 8) (55) (68 94) (15) (42) 
62 (11) (98) (34) (77 32 33) (66) (9) (96) (68 2 92 39) (76 60 16) (19 70 88) (27) (25 1) (24) (83 85 52) (59) (6) (29) (57 80) (41) (46 23) (15 51) (45) (67) (21) (43) 
63 (43 16) (65) (88 97 23) (86 56 48 100 60) (71 15) (17) (80 47 79 31 4 73) (30 33) (84) (89) (87) (27 77) (25 57) (29) (59 98 70 8) (12 64 53) 
64 (20) (39 7) (16) (18) (38 24 23) (74) (72) (81) (76 77) (68 95) (49) (34) (90 88) (30) (67) (45) (55) (70 85 19 64 33) (83 59 100) (35 37) (12 36 51 79) (97 43 31) (32) 
65 (38 4) (49) (46) (36) (68 32) (30) (33 67 28 96) (91 12) (7) (47 23 95) (59) (21) (17 60) (51) (56 54) (77) (63 31) (27 19) (57 40 39 1) (89) (62) (35) (69) 
66 (81) (76 51) (93) (12) (5 30) (49) (73) (22 10) (61) (55) (18 54 90) (20) (3 16 38 7) (53) (79) (24 58) (99 57) (96) (65) (32) (43) (95 23) (88) (84) (34 44) (60) (29) 
67 (46 85) (100) (82 44) (76) (90) (93) (56 78 91) (57) (81 97 33 61 36 8) (25) (96 55) (12) (10 64) (30 88) (43 87) (92) (26) (66) (29 34) (58) 
68 (23) (18 54) (60 10) (3) (34) (73 52 88) (86) (50 41) (17) (39) (28) (29 99) (79 6 63) (37) (80) (100) (90 84) (51) (4) (2) (66 44) (69) (12) (67) (82 20 55 71) (61 15 68) 
69 (18 68) (98 52) (64) (33 6) (51) (94) (2) (99) (30) (89) (42) (20 4) (26 92) (17) (36) (28 57 55) (76) (62 9 13 40) (74) (75) 
70 (38 56 54) (72 79) (65 53) (99 70) (81) (21 58) (29 66) (78 76) (63) (91) (33) (35 85) (5) (62) (71) (12) (98) (100) (49) (60) (74 26) (9) (94) (1 42) (16 13) (8 82) (97 87) 
71 (10 12) (7 4 87) (14) (47) (54) (26) (36 56) (1) (17) (16) (25) (100 91) (58) (19) (2 3) (30 39) (65) (43 60) (81 11 52 42 82) (99 5) (79 34 80) (74) (15) (13) (62) (94) 
72 (17) (73) (34) (59 8) (6 15) (81) (67 96 28 85 91 31 100) (4 20) (52 38) (43) (24) (22) (7) (60 76) (80) (77) (47 40 16 56) (65) (82) (9 93) (48 79 29) (97) 
73 (31) (26 33 29) (66) (50) (37) (67) (42) (9 78 20) (19) (24) (82 10) (89) (54) (73) (70) (86 52) (95) (63 6) (11) (38) (94) (58) (43) (3) (96) (5 57 53) (12) (93) (85) (69 40 25 39) 
74 (30) (5) (20 71) (32) (93) (6) (42) (99) (70) (58 10) (62) (46) (61) (57 92) (98 97 43 53) (17 40) (78 48 75 7) (51) (4) (52 69) (19) (29) (12 15 36 86) (56) (81) (24) (79) 
75 (69 57 80) (46) (49) (52) (79) (78 100) (61) (29 93) (47) (34) (10) (88 54 53) (77 39 28 86 37 73) (1 60) (84) (59) (31) (92) (20 81) (7) (25) (27 87) (5) (89 50 85) (12) (8) (66) 
76 (41) (36) (13 20 43) (32 3) (99) (47 53) (96) (88) (16 74) (31 54 10) (29) (90 2) (30) (73) (68 12) (66) (82) (84 52 56) (92 26 58 51) (83) (75 57) (17) (39) 
77 (1) (60 73 51) (83) (47) (61) (31 4) (69) (65 90 5) (49 71) (89 96) (72 54) (16) (35) (84) (29) (37 11) (75) (48) (67) (23 40) (87) (9 39 17 94) (62 36) (70) (63) (52) (14 86) (34) (99) (74) 
78 (47) (24) (18 46 12) (100 65 88) (16) (13 10) (31) (82) (2) (59 45 70 43) (41 72 14) (66 77) (87 37 93) (99) (62) (54) (20) (74 58 22 23) (32) (4) (56 26) (97) 
79 (98 21 24 61) (51) (36 45) (70) (31 55) (10) (82) (52) (73 3) (90) (12) (26) (49) (20 65 56 93) (5) (29 78) (30 40) (57 95) 
80 (86) (73) (17 64 15) (1) (31 49 97) (81) (61 43) (58 50) (4) (21) (94) (36) (28) (60 82) (27 47) (10 63 34 37) (32) (16 48 85) (9 75) (14) (39) (90) (41) (70) (23 44) 
81 (62) (63) (46) (36) (40 73) (45 54) (70 1) (10) (12 41) (97 50 37) (89 16) (81) (56 86) (48) (21 7) (85 95 79) (29 18) (69) (99) (67 53) (47) (31) (49 43) 
82 (99 69 31 2) (33) (61) (5) (89) (91) (68 25 74) (45 50) (32 19 6) (15) (43) (1 28) (83) (29 71) (54 18 24 72) (51) (21 8 67) (38) (73) (11 9 88 7) (96) 
83 (75) (25 42) (91) (11) (10) (78) (30 24 85) (53) (52) (56 6) (28 12 86 84 69) (47 39 19) (99 70 54 96) (73) (34) (80 1) (31 9 92) (38) (82) (81) (48) (76) (33) (90) 
84 (14) (86) (22) (18) (69) (11 29 96) (34) (23) (54 4) (85) (7 45) (47) (19) (3) (62) (52) (78) (12 8) (58) (79) (37) (100 81 94) (64 35 76) (75 88) (9) 
85 (6 93) (49 31 65) (81) (61) (17) (18) (97) (64 46) (77) (40) (68) (24) (72 41 79 4 94) (96 12 56 71) (84) (3 89) (30) (13 95) (99 58 53) (39 47) (55 19) (34) (7) (85) (63) (37 90) (21 33) (78 29 28) (32) (66) (82 20 80 73) 
86 (62) (6) (29) (63) (66) (36) (68 64) (19) (76 74 22) (18) (16 100) (48 30) (93) (41) (78 88) (42 56 97 69 26 34) (37) (27) (60) (10) (89 15 21 96 35) 
87 (97 51) (64 9 35 60 43) (24) (56 99) (58 59 74) (62) (87) (96) (22) (66) (38) (27) (98 71) (55) (94) (42 48) (80) (16) (44 75) (46 5 20) (95 23) (17) (1 84) (11) (10 31) (12) (70) 
88 (73) (51 50) (91) (71) (85 67) (45) (98) (6) (43) (46 15) (29 41) (62) (75 9 10) (86 59) (90) (69 68 94) (83 79) (35) (22) (49 77) (40) (76 25) (8) (93) (37) (20) (13 57) (28) (74) 
89 (39 94 34) (53) (86 18) (100 1 7) (13) (57 92) (85 67 15) (55 93 84) (40) (25 6) (33) (98 11 88 14) (62) (21 36) (12) (90) (8 32) (3) 
90 (71 53) (36 87) (77) (75) (60) (37 91) (27) (24 12) (19 45 35) (34) (82) (32) (64 59) (21) (33 9) (88 94 74) (81 20 92) (22 5) (69) (98 70 23) (42) (89) (52 17 2) 
91 (32 71) (60) (14) (9 56) (36 91 93 15) (96 49) (100 30) (5 86) (42) (84 59) (35) (29) (44) (47) (39) (19) (73) (83 26) (80 13) (98 52 22 66 8 28) (6 2) (57 62 88) (85) (38 7) (20) (46 67) 
92 (17) (49) (44) (85) (78 39) (22 30 67 1) (71) (68 57) (65) (73) (97) (59) (34) (50 92 41) (40) (32) (29) (81) (69) (79 42) (5) (26) (11) (27) (43 20) (94) (86) (77) (46) (3) (8) 
93 (10) (23) (42 12 49) (15) (13 40) (91) (85 39) (27) (65) (32 46 78 98 53) (33 52) (30 5) (17) (94) (60 79) (4 90 41) (8 44 81) (71) (1 89) (36) (45) (95 6) (57) (56) (25 82 7) (47) (50) (35) (59 96 70) 
94 (76) (54) (88 44) (38) (3 42) (100) (51) (28 45) (21 11 77) (47 89 75) (81) (27) (34) (62) (63 85 94 50 15 53 46) (86) (97) (72) (65 9 20) (10) (24 73) (64 84) 
95 (77 97 10) (91) (21) (73) (83 93) (22) (87) (78 58) (92) (16 88 9) (89) (64) (23) (17 37) (39) (74) (70 84) (85) (2) (45 47) (81) (52) (68) (51 3) (41) (98 11 26 82 31) (38 67) (13 28 4 6 35 43) 
96 (48 51) (12) (55 71) (41 73) (30) (8) (86 24) (69) (20) (94 21 82) (72 74 57) (98) (66) (84) (23) (81) (15) (38) (52 80) (37) (62) (33) (54) (85) (90) 
97 (62) (66) (31) (61) (49 27) (82) (91 67 22) (35) (21) (60) (85 75) (97 40) (90 80) (15) (63) (11) (92) (46) (54 16) (38 18 41) (71) (19 68) (5 39) (86) (42) (95) (1) (53) (25) (70 69) (48 65) (100) (43) 
98 (85 15) (84) (71 44) (5) (75) (67) (70 36) (35) (49) (17 37) (66 88) (93) (76 12 65) (57) (78 80) (61 82) (53) (43 18) (22 19) (32) (46) (4) (31) (89) (1) (63) (40) (24) (98) (8 29) (52 74) (27 13 91) (50) 
99 (94 90 1 20 100) (74) (91 19 30) (8 51 26) (92 98) (32) (4 44 75 84 57) (21) (55) (62 16) (22) (37 40) (61) (82 10 48) (5 39) (13) (38) (33) (64) (80 69 14) (35) (3 97 34) (43 36) (41) 
100 (56 35 15) (30 73 58) (46 52) (70 71) (4) (1) (49) (34) (100 96) (79) (11) (22 7) (72) (23) (14 82 60) (32 37 65 50) (6 26 86) (88) (44) (38) (24) (51) (45 8) (76 87) 
1 (43) (22) (5) (93) (36) (23) (83) (19) (15) (45) (80) (65) (100) (35) (17) (14) (71) (21) (61) (3) (89) (62) (81) (70 77) (24) (49 48) (16) (99) (59) (41 98) (56 1 75 10) (92) (97 52 34) (40 18 82) (8) (54) (87 53) (32) (47 29) 
2 (1) (20) (49) (35) (17) (52) (3) (6) (4) (39) (2) (61) (62) (19) (12) (46) (14) (22) (71) (91) (42) (57) (29) (82) (95) (90) (68) (78) (69) (31) (28) (60) (23) (76) 
3 (56) (25) (84) (73) (16) (47) (79) (9) (94) (27) (76) (20) (51) (33) (66) (4) (49) (92) (68) (71) (12) (55) (60) (5) (85) (46) (42) (30) (6) (45) (38) (35) (58) (95) (89) (99) (31) 
4 (69) (20) (36) (56) (30) (77) (26) (63) (98) (74) (57) (15) (99) (29) (65) (6) (60) (68) (85) (93) (8) (13) (72) (100) (78) (14) (32) (71) (84) (7) (80) (21) (10) (95) (34) 
5 (87) (4) (75) (97) (92) (26) (17) (7) (73) (74) (16) (33) (98) (99) (52) (66) (46) (47) (91) (79) (11) (93) (77) (40) (61) (30) (9) (71) (90) (28) (70) (50) (25) (82) 
6 (44) (86) (36) (72) (89) (46) (100) (95) (28) (73) (69) (5) (85) (31) (37) (74) (88) (3) (35) (25) (24) (62) (68) (13) (7) (52) (27) (93) (82) (1) (18) (91) (14) (19) (22) (30) (10) (50) (23) (8 11 83) 
7 (100) (9) (66) (75) (14) (30) (37) (71) (81) (52) (24) (31) (10) (74) (82) (89) (84) (64) (23) (65) (41) (54) (5) (21) (85) (20) (91) (55) (72) (60) (1) (22) (93) (25) (51) (58) (26) (6) (17) (59) 
8 (8) (91) (44) (3) (56) (82) (54) (61) (75) (22) (17) (70) (84) (92) (19) (32) (36) (57) (67) (72) (16) (93) (47) (51) (98) (43) (88) (63) (99) (96) (100) (48) (89) (26) (29) 
9 (29) (80) (37) (34) (40) (95) (43) (7) (17) (21) (91) (23) (55) (73) (69) (41) (47) (59) (28) (25) (3) (84) (90) (72) (94) (20) (10) (70) (60) (48) (88) (87) (4) (33) (83) (62) (12) (15) (2) (82) (16 77) 
10 (15) (88) (7) (45) (79) (24) (57) (87) (93) (28) (73) (14) (95) (52) (76) (66) (55) (18) (94) (86) (61) (68) (59) (33) (80) (58) (74) (8) (83) (75) (67) (30) (19) (71) (99) (81) (78) 
11 (92) (84) (9) (82) (100) (89) (94) (73) (62) (97) (87) (39) (95) (29) (4) (11) (15) (71) (77) (45) (53) (83) (43) (33) (58) (42) (10) (37) (57) (21) (19) (16) (30) 
12 (55) (44) (4) (87) (76) (22) (45) (78) (10) (90) (83) (98) (51) (27) (31) (30) (89) (63) (74) (79) (96) (67) (73) (16) (71) (59) (70) (20) (66) (75) (48) (25) (60) (40) (9) (15) (49) (3) (28) (42) (19 58 47) (68 65) (81 64) (7 38) (93) (57 85) (84) 
13 (2) (56) (89) (28) (35) (41) (54) (85) (98) (20) (76) (70) (53) (32) (26) (33) (69) (34) (3) (93) (95) (42) (45) (1) (49) (14) (6) (88) (44) (37) (99) (27) (51) (31) (91) (71) (21) (36) (25) (78) (47) (8) (12) (39) 
14 (51) (42) (57) (100) (29) (21) (31) (4) (99) (89) (41) (32) (78) (80) (44) (71) (84) (25) (49) (16) (77) (20) (35) (54) (30) (24) (36) (91) 
15 (6) (88) (43) (62) (94) (96) (89) (32) (25) (68) (20) (48) (59) (58) (33) (100) (82) (86) (63) (52) (30) (16) (80) (51) (91) (41) (8) (57) (71) (36) (23) (38) (27) (74) (72) (61) (35) (93) (97) (98) 
16 (86) (15) (80) (21) (95) (55) (53) (32) (64) (72) (76) (57) (62) (12) (35) (6) (77) (1) (47) (18) (59) (4) (81) (42) (97) (99) (78) (71) (70) (31) (87) (3) (11) (52) (66) (23) (61) (5) (63) 
17 (9) (68) (69) (42) (63) (22) (74) (93) (27) (5) (24) (32) (71) (92) (46) (58) (95) (85) (28) (26) (19) (59) (72) (60) (4) (41) (52) (15) (1) (65) (18) (54) (10) (21) (31) (90) (17) (53) (34) (33) (76) (44) (98) (25) (77) (80) (16 87) 
18 (25) (53) (89) (51) (85) (41) (3) (22) (69) (66) (7) (40) (34) (12) (57) (45) (47) (1) (50) (82) (11) (49) (2) (32) (78) (30) (64) (19) (86) (6) (84) (13) (81) (97) (68) (98) (24) 
19 (9) (59) (23) (13) (85) (28) (26) (98) (71) (35) (65) (18) (17) (21) (61) (24) (99) (4) (82) (73) (14) (74) (2) (62) (3) (51) (56) (37) (49) (32) (97) (64) (60) (19) (33) (86) (5) (41) (83) (7) (29) (52) (10) (84) (90) (12) (30) (91) 
20 (17) (24) (6) (76) (46) (88) (53) (12) (7) (34) (75) (92) (64) (96) (42) (94) (45) (2) (79) (91) (13) (32) (85) (73) (51) (66) (68) (30) (31) (90) (1) (8) (87) (35) (3) (41) (56) (11) (69) (47) (99) (44) (25) (74) (72) (78) (52) 
21 (96) (82) (54) (97) (61) (4) (50) (44) (81) (8) (55) (46) (86) (79) (70) (62) (24) (6) (19) (89) (20) (90) (95) (94) (80) (45) (49) (85) (65) (13) (1) (32) (39) (99) (51) (3) 
22 (90) (99) (78) (50) (88) (28) (54) (37) (33) (19) (2) (12) (38) (9) (60) (84) (66) (18) (72) (42) (45) (95) (40) (46) (59) (97) (58) (100) (4) (6) (87) (32) (98) (92) (57) (47) (23) (61) (34) (86) (91) (20) 
23 (36) (77) (80) (95) (29) (13) (66) (37) (60) (68) (19) (5) (84) (65) (48) (44) (90) (49) (100) (6) (12) (50) (3) (87) (10) (93) (96) (34) (54) (64) (58) (59) (35) (52) (63) (17) (9) (33) (26) (28) (62) (61) (78) 
24 (42) (55) (79) (74) (72) (85) (66) (98) (35) (1) (3) (48) (13) (47) (61) (12) (58) (87) (22) (83) (96) (64) (23) (29) (82) (78) (100) (10) (6) (73) (44) (94) (56) (5) (45) (90) (4) (36) (32) (62) 
25 (63) (83) (24) (15) (75) (73) (93) (44) (33) (53) (10) (60) (71) (13) (56) (21) (89) (88) (36) (62) (9) (97) (82) (1) (29) (27) (67) (42) (2) (59) (7) 
26 (29) (40) (8) (48) (100) (25) (23) (47) (43) (45) (86) (67) (18) (41) (52) (71) (70) (19) (60) (95) (11) (17) (59) (78) (30) (91) (55) (5) (79) (46) (99) (73) (33) (69) (92) (16) (36) (37) (76) 
27 (5) (34) (59) (3) (48) (87) (45) (97) (31) (42) (92) (14) (63) (65) (44) (51) (37) (90) (43) (93) (75) (21) (94) (11) (62) (80) (98) (2) (50) (12) (60) (23) (86) (25) (56) (27) (24) 
28 (23) (57) (69) (25) (4) (88) (82) (1) (72) (42) (68) (85) (29) (50) (45) (9) (54) (7) (33) (13) (2) (16) (21) (83) (95) (75) (94) (36) (80) (91) (55) (39) (65) 
29 (60) (49) (72) (92) (75) (50) (73) (33) (15) (63) (18) (62) (57) (53) (22) (85) (59) (84) (56) (30) (36) (82) (74) (5) (25) (88) (66) (13) (35) (11) (81) (76) (23) (70) (86) (68) (1) (24) (98) (79) (43) (6) (27) (77) (67) (55) (51) (91) 
30 (23) (64) (92) (36) (37) (19) (44) (4) (32) (28) (18) (63) (56) (100) (85) (99) (76) (61) (86) (66) (74) (60) (45) (52) (93) (91) (24) (50) (17) (83) (15) (2) (67) (21) (43) (71) (79) (69) (96) (3) (10) (65) 
31 (87) (79) (77) (78) (6) (22) (98) (26) (16) (64) (76) (95) (33) (18) (19) (43) (25) (21) (82) (24) (73) (9) (51) (81) (72) (97) (39) (65) (63) (75) (45) (80) (83) (27) (85) 
32 (93) (41) (32) (74) (64) (90) (92) (80) (98) (55) (62) (29) (45) (91) (54) (100) (82) (11) (1) (66) (58) (85) (65) (19) (51) (7) (17) (37) (33) (44) (89) (12) (99) (5) (76) (78) (39) (13) 
33 (24) (60) (65) (8) (21) (53) (3) (73) (93) (64) (70) (69) (99) (96) (31) (83) (46) (90) (62) (36) (58) (85) (9) (23) (32) (54) (63) (51) (39) (67) (4) (34) (89) (22) (59) (48) (82) (25) (11) (42) 
34 (99) (48) (62) (72) (24) (30) (64) (71) (77) (21) (16) (86) (100) (22) (31) (1) (89) (3) (23) (26) (92) (40) (67) (38) (75) (32) (5) (80) (94) (90) (34) (50) (7) (84) (56) (39) (46) (85) (18) (55) (66) (68) (20) (83) 
35 (90) (98) (77) (91) (50) (64) (12) (70) (100) (17) (11) (95) (97) (48) (26) (21) (46) (3) (19) (88) (65) (55) (87) (93) (36) (54) (27) (84) (44) (5) (99) (35) (37) (14) (47) (86) (29) (6) (18) (28) (43) (13) (20) 
36 (79) (98) (39) (44) (36) (22) (43) (5) (77) (42) (89) (60) (24) (8) (23) (71) (65) (13) (35) (61) (69) (10) (18) (81) (91) (67) (64) (9) (90) (99) (45) (7) (93) (74) (56) (48) (80) (86) (27) (46) (49) (47) (76) (1) (14) 
37 (78) (24) (75) (81) (43) (88) (99) (17) (90) (19) (64) (100) (77) (41) (55) (32) (50) (37) (11) (35) (58) (68) (53) (98) (31) (29) (16) (84) (45) (36) (44) (57) (22) (96) (52) (2) (39) (49) (95) (86) (30) (73) (46) (42) (85) (80) (33) (5) (25) (7) 
38 (17) (4) (19) (13) (100) (99) (57) (95) (31) (66) (40) (83) (8) (91) (82) (94) (14) (20) (72) (45) (50) (97) (73) (64) (70) (23) (24) (39) (65) (47) (21) (96) (59) (18) (49) (44) (36) (87) (58) (37) 
39 (19) (55) (28) (65) (11) (26) (48) (38) (49) (13) (47) (18) (97) (92) (91) (14) (8) (77) (71) (75) (61) (53) (41) (99) (22) (6) (62) (83) (80) (73) (89) (64) (85) (12) (76) (57) (95) (4) (37) (93) (68) 
40 (24) (97) (69) (28) (50) (43) (72) (77) (81) (93) (98) (40) (44) (99) (88) (74) (13) (7) (2) (73) (92) (36) (65) (85) (48) (79) (17) (25) (8) (1) (42) (52) (47) (14) (89) 
41 (25) (86) (11) (4) (31) (81) (92) (23) (78) (46) (88) (49) (34) (15) (48) (9) (85) (37) (28) (99) (44) (68) (80) (50) (36) (27) (26) (40) (57) (53) (21) (22) (95) (43) (62) (76) (96) (93) (6) (54) (39) (97) (35) (7) 
42 (61) (94) (3) (92) (90) (70) (74) (44) (42) (86) (73) (49) (87) (57) (83) (53) (12) (91) (93) (43) (13) (60) (69) (97) (27) (54) (26) (24) (45) (38) (71) (39) (10) (11) 
43 (60) (66) (13) (82) (40) (87) (18) (49) (41) (99) (6) (43) (76) (81) (33) (16) (61) (17) (50) (8) (97) (22) (74) (37) (78) (92) (20) (80) (73) (88) (95) (62) (64) (63) (42) (5) (71) (54) (21) (3) (72) (67) (38) (48) (19) (98) (39) (36) (24) 
44 (58) (51) (13) (80) (36) (27) (32) (39) (99) (19) (21) (9) (16) (55) (34) (94) (54) (56) (68) (8) (22) (66) (92) (100) (93) (25) (91) (98) (2) (7) (50) (20) (45) (17) (23) (1) (67) (53) (87) 
45 (62) (95) (9) (16) (82) (90) (15) (93) (79) (1) (81) (38) (88) (94) (45) (35) (100) (84) (51) (27) (30) (53) (5) (34) (64) (4) (6) (11) (60) (23) (28) (59) (10) (17) (42) (78) (20) (55) 
46 (87) (58) (81) (74) (41) (24) (3) (85) (8) (21) (46) (52) (100) (4) (60) (12) (97) (51) (38) (42) (48) (78) (2) (36) (35) (15) (53) (75) (55) (91) (5) (20) (88) (62) (67) (98) (93) (44) (94) (40) (65) (92) 
47 (61) (15) (85) (77) (91) (26) (35) (11) (43) (20) (49) (5) (1) (65) (28) (93) (53) (83) (72) (29) (19) (63) (80) (2) (78) (94) (84) (56) (95) (36) (76) (75) (6) (27) (4) (21) (81) (31) (71) (3) (9) 
48 (58) (12) (6) (41) (18) (53) (86) (10) (30) (81) (34) (38) (15) (74) (24) (99) (39) (32) (83) (4) (44) (77) (97) (54) (5) (87) (72) (80) (25) (23) (63) (96) (33) (16) (51) 
49 (22) (79) (12) (38) (64) (93) (7) (11) (14) (33) (92) (66) (28) (85) (25) (36) (37) (40) (80) (53) (47) (58) (57) (88) (45) (15) (100) (6) (77) (17) (98) (3) (97) (75) (91) (81) (44) (29) (54) (70) (9) (34) (43) (60) (65) (4) (1) 
50 (48) (16) (47) (54) (9) (46) (94) (50) (60) (25) (81) (93) (68) (75) (10) (14) (100) (23) (5) (19) (56) (6) (98) (51) (88) (45) (82) (26) (73) (92) (32) (80) 
51 (74) (95) (4) (7) (2) (69) (59) (54) (77) (96) (42) (68) (62) (58) (6) (64) (88) (37) (82) (17) (22) (48) (23) (76) (79) (5) (65) (66) (94) (26) (99) (39) (100) (60) (53) (38) (87) 
52 (55) (46) (90) (98) (6) (84) (28) (24) (74) (49) (77) (21) (41) (51) (20) (73) (61) (62) (18) (96) (47) (44) (54) (42) (83) (79) (25) (36) (37) (69) (38) (91) (75) (68) (95) (52) (72) (100) (71) (48) (93) (3) (43) (12) (76) (10) (4) 
53 (73) (55) (13) (56) (63) (6) (98) (43) (3) (57) (90) (25) (23) (74) (89) (40) (24) (17) (22) (70) (61) (30) (34) (1) (21) (28) (83) (10) (66) (76) (45) (27) (75) (85) (81) (2) (93) (97) (94) (44) (31) 
54 (82) (24) (55) (33) (73) (47) (58) (30) (96) (68) (3) (76) (23) (26) (81) (27) (38) (17) (13) (21) (59) (19) (37) (66) (6) (53) (18) (61) (28) (60) (97) (14) (35) (70) (5) (84) (75) (1) (78) (32) (36) (83) (56) (94) (77) (12) (65) (71) 
55 (67) (87) (38) (32) (53) (43) (69) (41) (4) (68) (66) (49) (55) (2) (48) (54) (47) (59) (18) (40) (96) (50) (46) (22) (58) (85) (61) (7) (89) (56) (51) (79) (64) (60) (39) (17) (27) (1) (45) (99) 
56 (72) (3) (20) (25) (74) (17) (15) (79) (9) (23) (83) (70) (51) (14) (50) (60) (58) (57) (76) (6) (63) (47) (28) (39) (65) (67) (52) (41) (91) (100) (5) (86) (78) (53) (36) (22) (81) (71) (93) (56) (87) (12) (85) (32) (16) 
57 (3) (39) (75) (57) (47) (96) (93) (19) (21) (53) (63) (73) (27) (6) (2) (54) (88) (67) (79) (98) (35) (34) (76) (66) (60) (89) (26) (46) (33) (18) (99) (92) (20) (69) (37) (62) (42) (65) (91) (74) 
58 (40) (47) (73) (87) (33) (22) (70) (16) (85) (71) (18) (36) (95) (46) (56) (49) (76) (29) (24) (50) (100) (74) (17) (20) (57) (11) (84) (80) (67) (35) (12) (15) (66) (8) (61) (78) 
59 (92) (62) (87) (27) (90) (65) (88) (48) (63) (36) (16) (3) (15) (40) (78) (60) (20) (11) (52) (14) (75) (8) (64) (91) (18) (19) (31) (45) (46) (93) (50) (72) (10) 
60 (54) (86) (90) (71) (57) (87) (44) (65) (14) (49) (80) (16) (23) (37) (93) (66) (62) (19) (100) (60) (77) (91) (5) (68) (13) (97) (2) (48) (28) (27) (72) (63) (42) (24) (75) (10) (9) (70) (43) (45) (12) (26) 
61 (24) (30) (68) (85) (32) (18) (52) (97) (80) (79) (98) (77) (60) (75) (42) (54) (5) (3) (7) (66) (6) (82) (15) (57) (40) (4) (59) (23) (11) (8) (99) (31) (74) (67) (43) (28) (38) (9) (35) (37) 
62 (71) (9) (70) (99) (23) (97) (55) (89) (43) (36) (77) (61) (88) (74) (51) (91) (42) (69) (13) (5) (86) (81) (50) (78) (65) (34) (84) (35) (87) (20) (12) (94) (96) (7) (60) 
63 (13) (85) (97) (17) (77) (44) (68) (51) (86) (94) (19) (73) (21) (40) (11) (98) (58) (81) (47) (46) (65) (27) (80) (7) (4) (14) (70) (16) (25) 
64 (11) (23) (94) (35) (27) (1) (41) (67) (15) (87) (34) (95) (53) (6) (85) (63) (44) (59) (28) (33) (84) (90) (55) (50) (86) (80) (64) (99) (16) (39) (42) (40) (58) (25) (38) (69) (18) (54) (43) (57) 
65 (44) (29) (47) (6) (97) (10) (66) (41) (77) (100) (5) (8) (16) (54) (31) (78) (42) (20) (9) (19) (4) (12) (72) (38) (79) (1) (2) (85) (98) (26) (63) (94) (70) (21) (37) (15) (93) (61) (28) (92) (18) (71) 
66 (28) (46) (96) (62) (67) (38) (87) (85) (59) (4) (47) (42) (11) (26) (48) (68) (17) (91) (70) (23) (78) (30) (98) (9) (33) (24) (34) (21) (73) (5) (60) (1) (75) (56) (76) (97) (40) (86) (54) 
67 (32) (44) (7) (15) (41) (77) (97) (92) (73) (5) (91) (98) (30) (39) (12) (62) (61) (58) (31) (95) (1) (88) (45) (64) (82) (48) (81) (65) (20) (24) (60) (21) (34) (23) (33) (68) (72) (89) 
68 (69) (51) (85) (25) (88) (7) (95) (31) (50) (12) (76) (32) (59) (86) (57) (82) (26) (18) (97) (45) (55) (3) (92) (33) (62) (38) (61) (4) (14) (46) (65) (10) (6) (29) (39) (49) (19) (44) (68) (64) 
69 (84) (6) (53) (5) (36) (1) (82) (44) (77) (73) (32) (8) (52) (29) (65) (47) (81) (2) (97) (24) (90) (96) (68) (33) (83) (54) (37) (14) (86) (99) (92) (88) (59) (74) (45) (61) (75) (26) 
70 (10) (25) (95) (97) (26) (20) (100) (56) (47) (30) (73) (44) (83) (28) (46) (77) (98) (90) (64) (31) (16) (35) (2) (49) (13) (70) (87) (33) (74) (55) (63) (43) (15) (62) (93) (78) (39) (41) (81) (79) (80) 
71 (3) (9) (97) (96) (20) (33) (91) (88) (92) (42) (93) (61) (85) (60) (82) (87) (34) (59) (74) (51) (98) (39) (70) (68) (100) (63) (77) (57) (38) (12) (90) 
72 (4) (33) (12) (3) (70) (96) (15) (31) (49) (14) (7) (94) (1) (100) (59) (44) (82) (23) (5) (32) (64) (29) (17) (20) (85) (36) (10) (77) (54) (56) (43) (8) (78) (45) (61) (42) (11) (25) 
73 (46) (35) (68) (28) (49) (11) (25) (39) (36) (76) (82) (85) (72) (19) (77) (14) (79) (94) (17) (55) (91) (47) (92) (83) (75) (5) (23) (10) (66) (45) (81) (37) (18) (63) (29) (88) (57) (59) (96) (80) (52) (73) (4) (95) (100) (54) 
74 (58) (96) (90) (35) (16) (53) (98) (57) (13) (30) (76) (22) (77) (32) (69) (43) (64) (54) (50) (70) (47) (41) (59) (37) (12) (87) (5) (28) (88) (20) (14) (24) (86) (39) (36) (31) (9) (42) (11) (34) (71) (6) (99) (82) (95) (78) 
75 (56) (74) (43) (84) (26) (80) (2) (87) (30) (28) (54) (90) (36) (99) (21) (69) (52) (19) (25) (51) (97) (76) (98) (42) (94) (37) (88) (20) (77) (55) (60) (59) (23) (12) (83) 
76 (72) (41) (84) (62) (43) (60) (69) (64) (32) (83) (5) (100) (86) (22) (98) (39) (67) (88) (14) (70) (25) (66) (7) (15) (40) (94) (48) 
77 (94) (62) (16) (53) (50) (30) (37) (29) (88) (95) (78) (24) (10) (57) (25) (63) (6) (14) (48) (72) (92) (43) (20) (85) (52) (34) (4) (35) (64) (65) (90) (75) (46) 
78 (84) (61) (83) (95) (29) (67) (74) (79) (52) (11) (15) (18) (41) (85) (46) (75) (86) (28) (58) (6) (70) (5) (37) (14) (20) (26) (59) (24) (22) (33) (92) (51) (1) (35) (19) (12) (8) (49) (47) (48) (73) (93) (98) 
79 (57) (34) (13) (2) (71) (74) (23) (58) (60) (9) (11) (39) (19) (42) (48) (10) (93) (50) (85) (41) (70) (92) (66) (72) (15) (32) (68) (1) (63) (56) (75) (81) (21) (26) (88) (37) (84) (100) (64) 
80 (85) (3) (1) (15) (53) (62) (36) (13) (24) (51) (72) (52) (39) (99) (96) (2) (61) (75) (11) (49) (68) (87) (98) (83) (91) (42) (63) (48) (40) (45) (60) (97) (71) (44) 
81 (51) (72) (80) (84) (18) (30) (26) (6) (74) (44) (52) (95) (71) (31) (70) (53) (45) (96) (85) (3) (42) (93) (8) (33) (25) (54) (66) (75) (81) (92) (94) (49) (64) (41) (58) (83) (67) (7) (90) 
82 (27) (73) (97) (34) (80) (54) (44) (95) (26) (100) (83) (5) (14) (20) (57) (72) (67) (3) (25) (38) (37) (78) (21) (61) (35) (13) (53) (12) (96) (71) (39) (30) (99) (68) (16) (79) (29) (19) (70) (90) (2) (93) (98) (85) (76) 
83 (82) (76) (39) (7) (40) (51) (43) (47) (77) (31) (23) (26) (27) (62) (10) (55) (91) (37) (48) (9) (95) (41) (35) (36) (22) (19) (59) (88) (11) (53) (64) 
84 (42) (39) (25) (94) (19) (38) (96) (41) (60) (24) (21) (83) (26) (43) (91) (2) (16) (77) (89) (87) (14) (54) (98) (27) (61) (95) (63) (48) (8) (55) (1) (99) (66) (34) (68) (75) (85) (10) (57) (76) (31) (49) (50) (17) (46) 
85 (96) (83) (92) (55) (57) (80) (91) (97) (1) (59) (64) (8) (84) (94) (85) (30) (19) (56) (26) (73) (93) (95) (24) (62) (98) (27) (4) (20) (81) (89) (72) (88) (75) (70) (10) (34) (3) (47) (33) (13) (67) 
86 (74) (35) (11) (19) (44) (61) (89) (12) (32) (17) (54) (68) (53) (57) (96) (75) (30) (28) (81) (80) (9) (73) (3) (5) (13) (15) (88) (55) (94) (91) (25) (20) (100) (23) (83) (77) (10) (36) (97) (63) (92) (84) (18) (4) 
87 (95) (12) (28) (18) (1) (90) (75) (9) (71) (58) (30) (100) (63) (33) (6) (27) (36) (17) (77) (49) (16) (53) (67) (19) (60) (54) (8) (70) (41) (78) (37) (51) (43) (57) (87) (50) 
88 (75) (89) (76) (17) (14) (100) (90) (29) (57) (55) (95) (9) (94) (78) (49) (66) (62) (63) (67) (68) (91) (22) (84) (64) (18) (20) (44) (35) (25) (40) (86) (43) (82) (30) (51) (59) (98) (10) (52) (26) (47) 
89 (90) (28) (16) (58) (60) (7) (12) (95) (2) (93) (63) (41) (73) (5) (54) (3) (29) (6) (10) (85) (94) (23) (86) (1) (57) (69) (81) (31) (55) (43) (18) (52) (26) (65) (15) (82) (42) (47) (98) (38) (75) (61) (77) 
90 (59) (96) (79) (67) (80) (18) (89) (44) (13) (40) (48) (19) (57) (97) (9) (77) (64) (27) (88) (99) (34) (46) (32) (53) (26) (68) (35) (83) (85) (20) (4) (5) (76) (28) (16) (45) (37) (66) (1) (93) 
91 (22) (67) (99) (30) (50) (7) (41) (1) (20) (93) (82) (88) (71) (91) (95) (90) (46) (72) (83) (97) (98) (17) (65) (23) (49) (21) (70) (9) (6) (16) (8) (34) 
92 (2) (19) (83) (12) (76) (31) (67) (97) (55) (59) (62) (95) (18) (52) (34) (35) (61) (21) (44) (9) (69) (4) (50) (90) (11) (75) (1) (92) (22) (89) (53) (39) (74) (28) (23) (99) 
93 (91) (95) (74) (27) (45) (67) (28) (7) (29) (88) (73) (33) (55) (16) (86) (12) (38) (78) (4) (85) (25) (98) (66) (37) (36) (50) (75) (72) (79) (17) (6) (46) (5) (89) (44) 
94 (19) (93) (77) (22) (38) (70) (24) (8) (18) (20) (42) (99) (11) (80) (33) (61) (14) (60) (71) (4) (32) (46) (25) (94) (73) (85) (90) (96) (89) (13) (88) (6) (92) (87) (48) (84) (35) (49) (30) (69) (54) 
95 (2) (16) (50) (79) (33) (53) (1) (42) (24) (49) (36) (85) (61) (43) (66) (48) (14) (87) (65) (64) (6) (51) (46) (58) (10) (45) (57) (26) (93) (55) (3) (81) (4) (35) (60) (73) (97) 
96 (12) (37) (100) (49) (33) (72) (66) (86) (14) (77) (25) (83) (73) (16) (87) (17) (46) (76) (5) (56) (65) (82) (53) (67) (93) (84) (85) (60) (23) (24) (62) (91) (43) 
97 (70) (20) (95) (28) (35) (22) (74) (32) (81) (63) (10) (41) (4) (99) (52) (85) (49) (87) (36) (67) (86) (30) (94) (37) (11) (19) (12) (57) (78) (72) (33) (80) (97) (43) (64) (18) (92) (50) (58) 
98 (79) (60) (14) (33) (52) (15) (20) (32) (96) (39) (2) (91) (18) (87) (11) (95) (24) (30) (62) (90) (45) (74) (98) (6) (31) (89) (47) (99) (50) (56) (36) (69) (93) (16) (5) (70) (88) (63) (9) 
99 (31) (10) (48) (38) (19) (68) (59) (25) (77) (21) (44) (71) (8) (14) (5) (23) (82) (69) (85) (81) (35) (66) (29) (70) (20) (40) (87) (54) (78) (74) (57) (33) (83) (39) (47) (76) 
100 (67) (94) (97) (70) (53) (89) (48) (71) (5) (44) (75) (68) (22) (51) (33) (4) (17) (91) (47) (49) (1) (7) (84) (54) (12) (78) (60) (63) (58) (86) (99) (3) (2) (20) (9) (46) (64) (13) (72) (29) (16) (100) (37) (19) (45) 
