0
100
100
1 (97 60 69) (100) (76) (15) (10) (83) (30) (40) (65) (96) (93) (92) (5) (52) (46) 
2 (95) (69) (11) (80) (96) (68) (58) (83) (43) (87) (20) (28) (13) (75) (15) (23) (70) (3) (35) (89) (97) (9) (65) 
3 (45 4) (94) (70) (74) (97) (76) (58) (18) (14) (29) (17) (51) (9) (77) (99) (85) (53) (96) (23) (28) (1) (7) (65) 
4 (68) (23) (78) (81) (67) (66) (8) (56 86) (35) (20) (62) (21) (40) (31) (46) (45) (10) (64) (51) 
5 (19) (27 87) (4) (61) (2) (98) (3) (22 12) (97) (41 7) (15) (47) (100) (72) (99 30) 
6 (49) (77 28) (29) (27) (70 62) (35) (51) (89) (20) (92) (48 36) (55) (60) (96) (32) (68 63) (47) 
7 (100) (53) (33 6) (21) (69) (67) (2) (46) (41) (88) (61) (63) (30) (47) (42) (83) (15 84 59) (85) 
8 (51) (10) (93) (67) (46) (96 56) (68) (15) (64) (72 74) 
9 (65) (84) (66) (5) (7 71 56) (96) (35) (79 17) (73) (27) (69) (67) (48) (78) (90) 
10 (52) (42) (1) (94) (2) (92) (81) (75) (49) 
11 (41) (94) (82) (85) (97) (34) (57) (59) (65 39) (77 15) (52) (90) 
12 (82) (59) (34) (61) (19) (69) (11) (96) (16) (23) (95) (75) (31) (100 43 37 62) (98) 
13 (28) (73) (82) (23) (10) (20 69) (60) (34) (62) (57) (51) (58) (17) (53) (100) (15) (1) (78) (40) (98) (79) (38) 
14 (21) (8) (22) (91) (13) (5 59) (27) (32) (85) (48) (53) (61) (44) (77) 
15 (42) (82) (35) (53) (34) (76) (91) (74) (37) (38) (99) (40) (13) (64) (49) (51) (94) (95) (36) (85) (100) (88) (31) (32) 
16 (12) (86) (52) (65) (94) (87) (89) (88) (85) (44) (34) (84) (93) (5) (78) (42) 
17 (29) (43) (47) (35) (8) (49) (38) (65) (39) (16) (84) (15) (20) (96) (58) (30) (64) (61) (46) 
18 (90) (94) (65) (24) (46) (56) (51) (8) (11) (21 42) (31) (28) (62) (73) (32) (49) (95) (2 3) (7) (83) (43) (67) (44) 
19 (91) (2 78) (8) (93) (69) (17) (88) (66) (72) (75) (87 38) (47) (50 97) (89) (61) (64) (79) (84) 
20 (18) (33) (69 14) (42) (73) (10 56) (52) (63 3) (84) (37) (23) (90) (49 21) (55 11) (58) 
21 (81) (4) (38) (18) (2) (74 48) (47) (63) (35) (46) (16) (41) (99) (67 39) (27) 
22 (88) (5) (24) (45) (31) (34) (4) (67 19) (77) (17) (40) (100) (55) (49) (26) (13) (51) 
23 (29) (28) (42) (82) (23) (71) (11) (48) (55 14) (88) (66) (20) (22) (35) (34) (8) (18) (12) (15) 
24 (38) (9) (46 55) (73) (80) (60) (81) (74) (41) 
25 (27) (36) (98) (50) (76) (92) (1 89) (25) (52) (41) (44) (81) (88) (28) (37) (56) (45) (8) (91) 
26 (2) (100) (73) (85) (99) (93) (80 92) (29) (5) (37) (35) (40) (66) (91) (18) 
27 (39) (68 32) (70) (42) (30) (81) (73) (31) (63) (57 4 1) (43) (80) (22) (56) (93) (35) (44) (24) 
28 (94 15) (32) (99) (8) (82) (88) (29) (19) (42) (48) (70) (16) (33) (55) (89) (36) (53) (93) 
29 (28) (68) (84) (91) (56) (80) (45) (81) (34) (100) (53 37) (6) (94) (13) (8) (21) (90) (49) (63) (88 39) 
30 (67 53) (80) (63) (84) (86) (26) (14) (57) (65) (6) (38) (47) (95) (89 96) (11) (87) (78) (55) 
31 (66) (52) (60) (3) (74) (49) (85) (45) (77) (22) (73) (92) (12) (69) (11 88) (13) (63) (27) (90) (87) (5) 
32 (4) (10) (40) (24) (26) (80) (57 55 90 20) (86) (70) (98) (89 52) (63) (19) (2) (94) (67) (47) (21) (3) (33) 
33 (56) (95 57) (5 40 79) (80) (14) (63) (85) (1) (62) (55) (93 11) (91) (17) (15) (32) (65) (41) 
34 (50 2 15) (48) (9) (73 51) (14) (78) (16) (8) (58) (75) (30) (23 77 47) (27) (1) (98) (62) (32) (56) (96) (44 17) 
35 (41) (37) (27) (79 31) (28 64) (98) (36) (47) (40) (77) (17) (29) (70) (56) (42) (67) (81) (5) (1) (78) 
36 (9) (85) (88) (41) (32) (83) (59 96) (93 71) (8) (74) (82) (91) (52) (81) (12) (2) (75) (54) 
37 (42) (80) (58) (46) (28) (36) (76) (55) (22) (95) (67) (15) (68) (54) (17 69) (77) (9) (24 50) (60) 
38 (31) (22) (76) (45 94 73 53) (46) (78) (54) (98) (90) (18) (100) (89) (88) (5) 
39 (99) (33) (82) (87) (51) (100) (42 63) (92) (75 65) (88) (15) (19) (37) 
40 (94) (63) (67) (14) (81) (52) (23) (65) (83) (2) (42) (75) (98) (64) (19) (40) (60 33) (31) (82) (69) (90 50) (84) (21) (57) (56) (51) (86) (28) 
41 (89) (37) (35) (22) (6) (64) (59) (98) (24) (4) (39) (21) (84) (92) (13) 
42 (8) (69) (1) (42) (86) (92) (48 81) (79) (84 77) (49) (62) (28) (4) (61) (17) (80) (54) (53 3) (74) (56) 
43 (81) (14) (91) (84) (60) (50) (66) (9) (74) (1) (16) (22) (86) (53) (24) (6) (73) (4) 
44 (2) (21) (35) (47) (37) (30) (95) (71 79) (57) (13) (6) (92) (76) (15) 
45 (87) (14 43) (23) (34) (56) (69) (40 1) (30) (31) (37 33) (67) (96 11 36) (65) (3) (24) (60) (76) (90) (71) (92) 
46 (5) (97) (23) (84) (62) (24) (94) (39) (53) (68) (10) (2) (70) (91) (6) (66) (33) (98) (60) (17) 
47 (4) (68) (36) (88 46) (69 91) (62) (3) (30) (63) (6) (28) (75) (8) (12) (95) (55) (53) (29) (9) 
48 (86 22) (12) (26) (14) (62) (2) (94) (46) (61) (68) (7) (21) (49 66) (87) 
49 (73) (65) (4) (27) (57) (35 6 49) (70) (63) (95) (1) (92) (94) (55) (78) (52) (18) (15) (31) (46) (51) 
50 (91 50) (67) (86) (61) (77) (30) (17) (73) (31) (47) (80) (75) (1) (60) (92) (96) 
51 (56) (37) (90) (74) (4) (38) (34) (8) (84) (28) (48) (52) (41) (45) (3) (91) (71) (85) (93) (94) (98) (49) (47 69 78) 
52 (37) (80) (60) (33) (85) (97) (7) (95) (94) (5 65) (4) (41 74) (84) (52) (69) (35) (53 62) 
53 (79) (42) (24) (74) (1) (83) (99) (20) (55) (9) (13) (58) (12) (96) (7 64 57) (38) (34) (50) (10) (69) (85) (61) (27) 
54 (90) (71) (52) (45 74) (33) (14) (65) (96) (6) (7) (53) (97) (79) (48) (72) (23) (32) (41) (82) (25) (85) (84) 
55 (34) (24) (71) (65) (93) (40) (47) (11) (8) (96) (19) (88) (25) (82 64) (7) (1 15) (59) (62) 
56 (5) (1) (56) (28) (88) (84) (42) (40) (6) (46) (62) (58) (98) (75 69) (95) (21) (78) 
57 (63 27) (100) (79) (84 16) (10) (24) (95) (76) (2) (69) (25) (32) (19 37) (98) (20) 
58 (89 63) (62) (38) (40) (21) (7) (43) (93) (95 23 85) (98 78) (61) (34) (24 2) (92) (30) (54) (49) 
59 (69) (57) (50) (24) (81) (29 3) (63) (97) (70) (79) (12) (6) (1) (54) (5 64) (72) (89 42) (84 28) (33 25) (16) 
60 (44) (81) (3) (77 63) (85) (51 6) (42) (56) (54) (45) (21) (37) (25 47) (43) (5) (8) (14) (69) (82) (74 12) (9) (59) 
61 (53) (68) (72) (77) (22) (16) (60) (34) (89) (58 23) (61) (14) (27) (25) 
62 (70) (30) (31) (48) (46) (67) (35) (96) (59) (37) (74) (68) (41) (29) (52) (10) (44) (97) (6) (3) (55) (99) (88) (82) (25) (14) (54) 
63 (5) (45) (3) (39) (80) (95) (57) (58) (71) (68) (84) (17 73) (74) (94 85) (79) (9 10) (18) (8) (75 99) 
64 (63 56) (60) (66) (1) (31 47) (26) (79) (9) (77) (28) (72) (59) (74) (95) (19) (10) (54) (30) 
65 (48) (2) (55) (29) (82) (50) (100) (76) (90) (25) (51) (85) (27 37) (69) (31 98) 
66 (63) (25) (54) (27) (53) (20) (22) (85) (17) (83) (40) (10) (3) (51) (58) (23) (9) (56) (33) (97) (45) (98) (57) (74) (47) (73) (66) 
67 (21) (18) (94) (40) (97) (50) (46) (55 3) (58) (85) (73) (5) (38) (66) 
68 (35) (31) (92) (53) (16) (20) (33) (32) (80) (17) (15) (14) (85) (34 3) (73 69) (76) 
69 (98) (20) (74) (30) (53) (27) (9) (86) (59) (56 73) (44) (75) (76) (83) (63) (87) 
70 (55) (69) (84) (57) (72 51) (27 5) (92) (83) (75) (47) (76) (67) (77 21) (37) (34) (56) (43 74) (16) (23) 
71 (74) (54 19) (6) (95) (83) (84) (92) (61) (79) (16) (1) (22) (89) (52) (60) (75) (49) (78) 
72 (42) (60) (43) (55) (27) (56 82) (100) (19) (39) (36) (69 1) (66) (53) (93) (38) 
73 (17) (64) (10) (94 98) (13) (32) (88) (90) (59) (82) (86) (58) (75) (80) 
74 (65) (45) (82) (14) (74) (8) (75) (55) (72 49) (59) (9) (68) (77) (80) (86 3) (22) (19) (35) (42) (70) 
75 (39) (16 100) (51) (80) (21) (17) (83) (62) (6) (19) (15) (35) (65) (25 90) (95) (73) (98) (7) (46) (14) (47) (44) (53) 
76 (12) (45) (27) (79 36) (92) (67) (4) (48) (100) (66) (71) (52) (91) (78) (1) (9) (29) (85 90) (34) (11) (31) 
77 (76) (67) (19) (74) (10) (79) (44) (13) (47) (57) (56) (7) (41) (91) (38) (14) (98) (46) (37) 
78 (76) (82) (46) (81) (39 34) (2) (22) (96) (10) (72) (17) (93) (65) (6) (88) (94) (15) (58) (56) (97) (54) (55) (48) (35) 
79 (58) (52) (73) (7) (29) (28 50) (80 72) (51) (99) (13) (21) (44) (66 26) (57) (100) (93 84) 
80 (37) (40) (80) (71) (98) (18) (25) (50) (77) (20) (73) (79) (16) (42) (61 64) (10) (99) (84 92) (4) (89) (87) 
81 (36) (1) (67) (73) (82) (20) (45) (34 83) (46) (27) (60) (25) (90) (54) (85) (9) (8) (16) (24) 
82 (34) (78) (29) (42) (67) (41) (44) (64) (46) (38 2) (88) (28 60) (52) (10) (58) (59) (51) (14 22) (49) (63) (98) (82) 
83 (37) (3) (6) (63) (40) (99) (77) (68) (56) (66) (10) (52) (20) (93) (41) (62) 
84 (42) (54) (41) (55) (59) (95) (27) (39) (37) (72) (21) (20) (94) (49 74) (98 80) (34) 
85 (8) (35) (60) (34) (70 57) (61) (17) (75) (36) (7) (59) (6) (43) (53) (84) (51) (28) (65) (98) 
86 (47) (55 18) (49) (24) (93) (43) (7) (67) (53) (12) (97) (38) (90) (37) (40) (56) 
87 (86) (85) (46) (3) (88) (81) (84) (52) (80) (67) (45) (24) (60 72) (39) (19) (97) (78) (73) 
88 (10) (5) (19) (15) (13 26) (90) (17) (1) (33) (32) (43) (74 27) 
89 (43 62) (7) (6) (86) (59 67) (61) (69) (71) (50) (54) (13) (49) 
90 (60) (91) (67) (55) (27) (34) (19) (22) (42) (45) (53) (69 65) (95) (44) 
91 (47) (38) (21 62) (54) (6) (53) (11) (13) (15) (12) (44) (8) (46) (34) (36) (84 56) (57) (98) (51) 
92 (27) (15) (45) (38 6) (17) (69) (83) (89) (9) (30) (20) (77) (33 1) (87) (40) (11) (75) (78) (84) (67) (74) (94) (59) 
93 (59) (74) (20 30) (75) (42) (76) (44) (27) (17) (45) (69) (80) (100) (88) (61 58) (57) (5) 
94 (18) (51) (33) (50) (84) (76) (4) (29) (7) (72) (53) (57) (22 68) (81) (11) (80) (39) (31 75) 
95 (29) (19) (50 32) (48) (18) (87) (100) (3) (63 92) (77) (15) (73 69) (83) (75) 
96 (74) (95) (84) (54) (36) (72) (20) (78) (82) (45) (60) (41) (26) (11) (56) (64) (93) (16 53) (90) (38) (12) (17) (96) (67) 
97 (88) (18) (38) (8) (11) (21) (20) (95 70) (90) (25) (30) (58) (13) (96) (93) (59) (19) (26) (39) 
98 (87) (45) (64) (36 37) (43) (60) (81) (68) (17) (40 51) (6) (61) (10) (80) (35) (54) 
99 (44) (15) (14) (65) (8 13) (71) (45) (34) (11) (97) (90) (52) (92) (58) (64) (20) (29) (46) 
100 (20) (90) (74) (29 68) (78) (91) (33) (35) (51) (4 69) (46) (3) (96) (7) (93) (88 87) (18) (1) (61) 
1 (56) (76) (49) (13) (27) (64) (34) (33) (71) (92) (100) (55) (50) (35) (45) (43) (42) (53) (72) (3) (88) (59 81) (10 25) 
2 (44) (65) (10) (82) (48) (34) (57) (21) (26) (36) (19) (40) (18) (78) (5) (7) (46) (58) (32) 
3 (68) (87) (45) (5) (60) (32) (100) (67) (42) (63) (74) (47) (59) (18) (51) (95) (31) (20) (62) (83) (2) (66) 
4 (22) (49) (32) (52) (42) (27) (51) (5) (41) (76) (47) (80) (21) (94) (3) (100) (43) 
5 (31) (70) (52) (60) (38) (1) (93) (59) (33) (14) (46) (26) (22) (35) (56) (88) (9) (67) (63) (16) 
6 (83) (41) (59) (29) (54) (71) (62) (92) (85) (60) (7) (89) (44) (49) (98) (56) (30) (91) (78) (43) (47) (46) (75) 
7 (58) (75) (52) (5) (79) (86) (55) (9) (3) (53) (89) (94) (18) (85) (48) (77) (54) (100) 
8 (99) (36) (51) (29) (47) (17) (81) (34) (91) (14) (18) (42) (23) (25) (19) (60) (55) (28) (4) (74) (97) (85) (63) 
9 (60) (64) (36) (43) (92) (66) (24) (53) (76) (81) (3) (37) (2) (47) (69) (74) (63) (34) 
10 (83) (57) (64) (4) (77) (8) (62) (66) (73) (32) (78) (98) (63) (13) (20) (88) (46) (1) (80) (82) (53) 
11 (91) (12) (55) (76) (18) (30) (31) (99) (23) (96) (45) (92) (97) (2) (20) (94) (33) 
12 (96) (60) (91) (48) (47) (59) (31) (23) (53) (86) (36) (5) (76) (16) 
13 (97) (99) (41) (91) (22) (88) (15) (73) (44) (31) (89) (14) (77) (79) (29) (53) (2) 
14 (75) (61) (45) (62) (68) (77) (30) (3) (60) (23) (33) (99) (54) (48) (82) (74) (40) (34) (43) (20) 
15 (78) (99) (44) (95) (68) (2) (88) (8) (39) (5) (92) (91) (23) (75) (11) (28) (37) (55) (1) (13) (7) (33) (17) (34) (49) 
16 (12) (28) (81) (70) (71) (34) (43) (59) (61) (80) (75) (17) (96) (68) (21) (57) 
17 (33) (9) (46) (93) (50) (63) (19) (22) (73) (75) (78) (68) (88) (37) (98) (42) (85) (92) (13) (66) (34) (96) (35) (3) 
18 (23) (100) (38) (26) (97) (67) (80) (49) (21) (20) (3) (94) (63) (86) (95) 
19 (64) (90) (95) (28) (72) (87) (12) (71) (22) (40) (5) (88) (97) (39) (32) (55) (75) (57) (74) (77) 
20 (6) (17) (80) (23) (32) (93) (13) (66) (4) (53) (2) (92) (83) (68) (96) (97) (81) (100) (69) (57) (99) (84) 
21 (20) (41) (56) (97) (79) (40) (70) (67) (29) (48) (18) (60) (7) (44) (91) (32) (14) (4) (75) (58) (84) 
22 (37) (78) (66) (94) (23) (74) (43) (31) (41) (38) (48) (90) (61) (82) (27) (5) (71) (14) 
23 (20) (2) (58) (23) (66) (3) (54) (34) (4) (13) (46) (45) (70) (40) (12) (61) 
24 (37) (41) (87) (46) (55) (57) (58) (86) (27) (45) (59) (22) (43) (32) (81) (53) (18) 
25 (66) (65) (54) (75) (97) (80) (55) (59) (25) (81) (57) (60) (62) (61) 
26 (30) (96) (88) (64) (97) (22) (32) (79) (48) 
27 (81) (53) (31) (14) (49) (35) (65) (84) (61) (5) (92) (69) (9) (25) (34) (21) (57) (70) (6) (93) (90) (72) (88) (76) (66) 
28 (25) (40) (59) (85) (47) (13) (64) (51) (37) (23) (18) (2) (79) (82) (6) (29) (56) (35) (42) (3) 
29 (17) (26) (65) (47) (59) (100) (94) (62) (3) (35) (79) (82) (95) (6) (23) (99) (76) (28) 
30 (5) (34) (69) (58) (93) (62) (44) (45) (97) (92) (47) (50) (27) (17) (7) (1) (64) 
31 (65) (45) (64) (94) (18) (22) (68) (15) (40) (76) (4) (12) (49) (35) (27) (62) (50) (38) 
32 (54) (95) (15) (73) (33) (6) (34) (68) (36) (27) (14) (57) (88) (28) (18) 
33 (88) (54) (68) (32) (92) (45) (52) (59) (20) (7) (94) (40) (39) (100) (66) (28) (46) 
34 (15) (90) (70) (51) (68) (22) (55) (13) (11) (53) (91) (12) (84) (81) (61) (29) (78) (99) (16) (76) (82) (23) (45) (58) (85) 
35 (85) (15) (23) (21) (52) (17) (62) (98) (68) (78) (4) (44) (2) (75) (49) (26) (9) (74) (41) (100) (27) (6) 
36 (6) (76) (45) (85) (72) (25) (47) (91) (81) (98) (15) (35) (28) (96) (37) 
37 (77) (44) (51) (20) (29) (12) (62) (80) (15) (60) (57) (35) (26) (25) (65) (83) (84) (52) (45) (39) (86) (98) (41) (70) 
38 (92) (77) (21) (24) (96) (82) (30) (17) (97) (72) (19) (15) (91) (53) (58) (86) (51) (67) (13) 
39 (21) (11) (63) (29) (46) (75) (72) (94) (27) (97) (41) (84) (17) (87) (78) 
40 (15) (13) (92) (58) (33) (4) (98) (83) (86) (22) (56) (1) (80) (26) (66) (40) (55) (32) (67) (35) (45) 
41 (7) (36) (35) (5) (25) (52) (84) (62) (21) (96) (77) (33) (11) (51) (54) (82) (24) (83) 
42 (27) (80) (18) (72) (53) (42) (56) (35) (90) (28) (39) (74) (15) (84) (59) (37) (82) (20) (93) (7) (10) (40) (60) (16) (23) 
43 (17) (58) (60) (72) (89) (98) (12) (18) (27) (88) (86) (2) (85) (45) (70) 
44 (60) (27) (25) (90) (93) (14) (62) (79) (91) (75) (18) (16) (99) (77) (82) (34) (69) 
45 (60) (4) (25) (90) (92) (51) (81) (76) (98) (63) (3) (74) (66) (87) (54) (96) (99) (31) (93) (22) (38) (29) 
46 (21) (67) (8) (99) (38) (48) (49) (82) (47) (62) (91) (56) (81) (7) (17) (24) (75) (78) (1) (87) (37) (4) (100) (77) (18) 
47 (32) (7) (86) (44) (70) (66) (50) (75) (60) (30) (91) (51) (17) (5) (34) (64) (55) (19) (35) (21) (77) (6) 
48 (34) (14) (23) (76) (54) (9) (95) (78) (6) (62) (65) (28) (51) (42) (21) 
49 (6) (58) (17) (48) (22) (86) (84) (89) (31) (51) (20) (18) (10) (15) (82) (42) (29) (71) (49) (74) 
50 (34) (80) (67) (89) (37) (53) (40) (19) (25) (79) (50) (94) (59) (43) (65) (95) 
51 (34) (70) (8) (3) (40) (13) (85) (15) (66) (18) (22) (94) (100) (39) (98) (79) (6) (82) (75) (91) (65) (60) (4) (49) 
52 (83) (25) (32) (71) (99) (31) (36) (10) (79) (16) (49) (62) (51) (20) (1) (40) (76) (52) (11) (54) (87) (82) 
53 (68) (29) (86) (91) (30) (47) (3) (46) (15) (13) (54) (94) (14) (72) (52) (38) (28) (85) (61) (90) (66) (43) (7) (69) (42) (96) (75) 
54 (64) (42) (36) (59) (84) (60) (37) (78) (91) (81) (98) (66) (38) (71) (62) (58) (96) (89) 
55 (65) (62) (6) (78) (37) (24) (90) (86) (23) (74) (30) (49) (47) (33) (28) (32) (84) (70) (53) (22) (67) (20) (72) 
56 (91) (69) (70) (77) (27) (60) (42) (40) (51) (33) (29) (83) (4) (86) (18) (20) (35) (96) (56) (66) (25) (9) (8) (34) (72) (45) (78) (64) 
57 (13) (79) (66) (27) (33) (94) (53) (32) (85) (11) (91) (44) (49) (93) (40) (70) (59) (77) (63) (30) 
58 (82) (56) (2) (61) (13) (53) (73) (93) (63) (67) (34) (79) (3) (66) (78) (37) (17) (99) (97) (20) 
59 (62) (82) (64) (14) (55) (73) (84) (97) (60) (85) (69) (36) (12) (89) (74) (41) (92) (7) (93) (11) 
60 (81) (40) (87) (52) (98) (6) (31) (43) (64) (61) (85) (50) (45) (1) (71) (13) (72) (82) (96) (24) (37) (90) (46) 
61 (85) (5) (71) (12) (42) (61) (14) (100) (7) (50) (53) (93) (80) (48) (19) (89) (58) (98) (17) 
62 (12) (48) (34) (56) (55) (6) (52) (89) (47) (91) (33) (4) (58) (83) (13) (18) (46) (75) (42) 
63 (21) (49) (27) (47) (31) (66) (30) (58) (59) (40) (39) (20) (6) (83) (64) (29) (82) (69) (57) (32) (7) (33) (60) (95) 
64 (99) (98) (55) (53) (80) (40) (15) (35) (59) (73) (17) (4) (8) (82) (96) (19) (41) 
65 (99) (11) (17) (49) (39) (52) (55) (74) (1) (40) (33) (78) (75) (30) (85) (45) (90) (9) (16) (54) (3) (18) (2) 
66 (19) (9) (79) (83) (66) (72) (43) (48) (4) (46) (64) (31) (76) (67) (23) (26) 
67 (22) (90) (18) (82) (81) (92) (8) (30) (96) (21) (62) (35) (7) (50) (32) (70) (45) (89) (77) (86) (37) (40) (4) (87) (9) (76) 
68 (98) (2) (27) (100) (47) (46) (8) (37) (6) (63) (61) (94) (74) (29) (48) (83) (62) (4) 
69 (40) (90) (59) (56) (13) (57) (70) (65) (95) (92) (7) (45) (72) (53) (93) (42) (68) (100) (51) (1) (31) (47) (2) (19) (12) (52) (89) (20) (60) (37 9) 
70 (46) (62) (49) (97) (85) (28) (74) (6) (27) (59) (32) (35) (2) (3) 
71 (76) (63) (55) (99) (23) (54) (80) (51) (44) (36) (45) (9) (89) 
72 (87) (84) (5) (79) (74) (78) (94) (19) (64) (8) (59) (70) (61) (96) (54) 
73 (13) (67) (20) (95) (75) (66) (49) (80) (9) (24) (27) (79) (69) (34) (31) (18) (68) (26) (43) (81) (38) (63) (50) (87) 
74 (77) (63) (21) (51) (53) (69) (84) (100) (64) (52) (70) (36) (66) (74) (92) (71) (31) (43) (8) (15) (24) (96) (88) (62) (54) (93) (42) (3) (60) 
75 (47) (56) (36) (94) (95) (69) (71) (19) (73) (93) (34) (85) (40) (2) (63) (74) (10) (70) (50) (12) (39) (92) 
76 (44) (65) (38) (37) (15) (69) (93) (25) (94) (68) (57) (70) (77) (45) (3) (78) (1) 
77 (64) (37) (6) (3) (74) (50) (83) (92) (14) (95) (42) (61) (60) (34) (31) (11) (70) (35) (80) (22) 
78 (87) (19) (82) (51) (76) (100) (34) (35) (58) (30) (4) (9) (49) (13) (92) (38) (71) (96) (16) (56) 
79 (9) (44) (19) (53) (57) (42) (63) (54) (33) (35) (71) (77) (76) (80) (59) (13) (64) 
80 (79) (42) (26) (33) (2) (63) (52) (75) (30) (37) (68) (27) (73) (93) (32) (24) (87) (98) (80) (74) (84) (50) (94) (29) 
81 (29) (21) (87) (43) (59) (98) (60) (27) (78) (42) (35) (25) (10) (36) (94) (40) (24) (4) 
82 (11) (39) (62) (78) (65) (28) (73) (23) (96) (54) (81) (40) (15) (60) (82) (12) (55) (13) (72) (36) (74) 
83 (70) (7) (18) (92) (75) (40) (2) (95) (69) (81) (53) (71) (1) (66) (36) 
84 (17) (41) (57) (91) (46) (63) (9) (80) (20) (59) (43) (70) (16) (94) (30) (87) (92) (29) (85) (71) (96) (54) (52) (42) (40) (51) (19) (79) (7) (56) 
85 (31) (87) (53) (33) (16) (76) (26) (65) (52) (36) (3) (58) (14) (63) (66) (67) (11) (60) (7) (51) (15) (68) (54) (81) 
86 (32) (4) (43) (50) (69) (40) (74) (87) (89) (48) (73) (16) (42) (30) 
87 (31) (100) (80) (19) (95) (2) (5) (69) (16) (30) (92) (39) (98) (45) (48) 
88 (100) (31) (38) (97) (62) (78) (25) (16) (29) (7) (28) (82) (55) (22) (47) (15) (93) (39) (73) (56) (87) (36) (23) (19) 
89 (32) (2) (92) (38) (30) (59) (25) (6) (41) (71) (16) (61) (19) (28) (80) (58) 
90 (73) (81) (97) (18) (20) (76) (31) (32) (9) (29) (96) (65) (86) (11) (100) (75) (45) (38) (99) (88) (40) (54) (51) 
91 (76) (77) (14) (26) (15) (33) (47) (43) (29) (100) (51) (36) (25) (50) (90) (19) (46) 
92 (58) (31) (49) (6) (50) (42) (70) (68) (39) (10) (41) (76) (45) (1) (80) (26) (95) (25) (71) (44) (99) 
93 (97) (16) (28) (8) (78) (36) (33) (55) (83) (1) (51) (72) (79) (19) (86) (27) (100) (96) (26) (58) 
94 (92) (73) (48) (18) (15) (63) (3) (49) (16) (10) (51) (52) (29) (32) (46) (28) (11) (78) (40) (38) (67) (84) 
95 (56) (18) (84) (63) (52) (33) (75) (15) (71) (90) (57) (58) (96) (97) (64) (44) (30) (37) (47) (2) (49) (12) 
96 (50) (54) (30) (36) (96) (12) (55) (100) (1) (8) (6) (3) (78) (45) (17) (34) (2) (9) (53) (97) (62) 
97 (2) (5) (11) (66) (19) (99) (1) (87) (86) (52) (46) (3) (67) (54) (78) (59) (62) 
98 (82) (5) (73) (46) (12) (80) (51) (38) (25) (65) (13) (84) (66) (85) (58) (40) (75) (56) (69) (41) (35) (57) (91) (32) (77) (34) 
99 (21) (80) (53) (63) (62) (83) (26) (79) (3) (28) (5) (15) (39) 
100 (22) (26) (93) (79) (1) (95) (65) (39) (76) (12) (75) (5) (13) (7) (72) (57) (15) (38) (29) 
