0
100
100
1 (29) (44) (24) (34) (1) (77) (60) (49) (5 3) (85) (58) (20) (99) (65) (86) (72) (43) (94) (28) (81) (9) (56) (2) (83) (19) (87) (59) (78) 
2 (21) (33) (59) (44 62) (74) (37) (55) (40) (86) (26) (73) (90) (9) (34 91) (68) (42) (50) (85 96) (94) (88) (72) 
3 (50) (73) (85) (74 81) (21) (80) (77) (39) (17) (92) (29) (7) (86) (89) (42) (20) (36) (54) (52 38) (48) (35) (55) (95 28) (93) (40) (83) (24) (99) 
4 (3) (91) (33) (50) (80) (5) (61) (39) (100) (41) (73) (12) (94) (32) (18) (43) (10) (7) (81) (11) (9) 
5 (92) (53) (86) (95) (39) (59 100) (65) (90) (91) (97) (41) (74 3) (31) (5) (15) (89) (9) (83) (63) (70) (17) (35) (22) (34) (68) (85) (57) (62) (81) (48) (69) (44) 
6 (10) (5) (23) (62) (73) (19) (22) (46) (99) (89) (79) (13 93 11) (36) (27) (74) (49 20) (25) (32 16) (6) (56) (17) (54) (39) (21) 
7 (46) (9) (28) (13) (10) (2) (92) (22) (3) (65) (15) (5) (21) (49) (42) (98) (52) (41) (71) (95 89) (38) (53 80) (12) (27) (8) (51) (19) (73) (50) (90) (78) (100) (54) (79) (63) (84) (14) (85) (68) 
8 (36) (5) (10) (16 26 74) (72) (89) (84) (52) (97) (83) (51) (60) (6) (22) (66) (30) (95) (80) (40) (24) (75) (50) (86) (28) (99) (3 59) (73) 
9 (72) (55) (30) (48) (50) (62) (87) (24) (75) (37) (84) (85 29) (74) (41) (57 64) (81) (33) (88) (94 51) (20) (47) (23) (27 63) (49) (1) (46) (92) (82) (54) (5) (32) 
10 (89) (82) (40 19) (27) (73) (77) (48) (1) (17) (90 86) (74) (34) (84) (47) (11) (13) (37 22) (49) (93) (36) (52) (5) (65) (45) (60) (30) (41) (25) (4) (69) (56) (42) 
11 (91) (96) (31) (11) (82 54) (84) (21) (50) (90) (95) (17) (75) (97) (85 83) (76 18) (47 40) (69) (61) (36) (58) (63) (57) (89) (77) (88 38) 
12 (48) (20 27 57) (29) (49) (54) (95) (24) (77) (6) (59) (25) (66) (73) (91) (76) (69) (88) (79) (61 46) (83) (38) (32) (19) (65) (90) (86) 
13 (53) (92) (48) (60) (76) (20) (43) (74) (40) (4) (12) (27) (56) (89) (91) (26 93) (90) (8) (84) (54 14) (82) (94) (55) 
14 (40) (80) (95) (13) (22) (42) (75 29) (98) (77) (7 87) (11) (49) (78) (55) (57) (72) (18) (6) (26) (73) (82) (2) (23) (60) (54) (51) (94) 
15 (20) (23) (84) (89) (62) (57) (40) (91) (75) (86) (56 58) (21) (99) (25) (49) (63) (93 60) (51) (31) (78) (65) (64) (66) (92) (95) (83) 
16 (20) (99) (59) (78) (50) (22) (39) (15) (29) (26) (71) (18) (35) (96) (44) (3 10) (57) (32) (40) (62) (19) 
17 (60) (46) (83) (42) (31) (14) (90) (89) (28) (12) (93) (96) (45 24) (22) (32) (92) (48) (47) (78) (86) (66) (40) (53) (63) (64) (84) 
18 (19) (92) (80) (93) (84 50 52) (39) (33) (44) (73) (95) (88 15) (89) (1 59) (11) (62) (91) (18) (82) (54) (86) (9) (97) (71) (14) 
19 (71) (52) (91) (97) (22) (51) (73) (59) (94 93) (53) (11) (95) (34) (12) (35) (2 81) (26) (48) (37) (55) (24) (87) (16) (98) (85) (58) (77) (44) (99) (14) (25) 
20 (79) (11) (53 15) (71) (70) (19) (85 63 60) (93) (98) (12) (8 2) (51) (20) (1) (84) (9) (4) (29) (77) (36) (21) (48) (80) (64) 
21 (17 7) (46) (73) (65) (68) (96) (74) (41) (52) (72) (86) (40) (29) (30) (39) (88) (66) (79) (38) (71 13 2) (70) (8) (93) (91) (69) (78) 
22 (10) (25) (27) (12) (69 91 77) (9) (47) (4) (93) (40) (11) (33) (3) (20) (13) (36) (60) (16) (48) (99 86) (58) (75) (39 82) 
23 (17) (44) (93) (32) (86) (88) (24) (28) (40 12) (83) (77) (64) (80) (21) (57) (70) (99) (22) (14) (72) (66) (31 29) (15) (55) (73) (94) (47) (34) (11) (89) (60) (3) (48) 
24 (64 21) (13) (10) (23) (32) (56) (68) (20) (16) (79) (14) (9) (100) (12) (67) (74) (73) (63) (15) (70) (50) (94) (3) (46) (89 58 92) (78) (66) (42) (47) (82) (62) (17) 
25 (51) (21) (68) (34) (88) (5) (100) (8) (92 26) (71) (16) (76) (18 78) (52) (83 91) (36) (66) (12) (40) (9) (82) (55) (44) (38) (64) (42) (6) (65) (57) (23) (10) 
26 (100) (68) (2) (47) (25) (59) (21) (66) (56) (77) (50) (3) (7) (54 97) (24) (55 15) (36 27) (12) (1 57) (9) (64) 
27 (73 14) (48) (17 49) (22) (12) (68) (16 77 90) (54) (3) (20) (51) (21) (40) (93) (74) (89) (78 8) (25) (61) (62) (67) (50) (98) (2) (33 13 31) (47) (80) (15 18) (60) 
28 (17) (28) (59) (53) (49) (99) (100 91) (50) (31) (33) (52) (10) (87) (81) (5) (60) (84) (79) (43) (58 98) (27 89) (36) 
29 (23) (68) (27) (50) (20) (83) (13) (73) (25) (7) (17) (33) (60) (31) (19) (14) (67) (75 30) (78) (37) (100) (12) (84) (97) (2) (64 51) (42) (71) (45) (49) (8) (11) 
30 (19 26) (100) (35) (51) (52) (55) (62) (39) (15) (49) (43) (75) (97) (12) (48) (72) (93) (36 29) (5) (50) 
31 (48) (87) (37 12) (44) (39) (35) (53) (71) (3) (95) (4) (42 65) (93) (10) (58) (20) (24) (17) (79) (32) (46) (11) 
32 (30) (52 49) (58) (2) (86) (63) (67) (71) (79) (61) (5) (60) (94) (14) (56) (85) (33 34) (9) (48 51 37) (81) (76) (90) (29) (10) (45) (43) (55) (69) (22) 
33 (18) (50) (48) (96) (78) (40 55) (93) (47) (67 68) (28) (23) (57) (24) (91) (84) (79) (32) (3) (22) (88) (19) (86) (97) (71) (7) (95) (37) (35) (8) 
34 (55 96) (39) (19) (93) (69) (17 46) (27) (74 58) (57) (83) (13) (56) (41) (18) (30) (54) (66) (11) (44 35) (26 5) (98) (86) (24 85) (8) (72) (59) (45) (4) (76) (80) (84) 
35 (52) (29) (20 6) (5) (43) (12) (33 79) (37 73 86) (31) (88) (47) (10) (39) (84) (1) (11) 
36 (65) (85) (57) (50) (28) (44 40) (41) (74) (99) (6 82 92) (37) (96) (72) (12) (80) (67) (13) (51) (24) (19) (93) (60) (10) (29 59) (64) (39) (20 98) (55) (89) (31) (84) (47) 
37 (75 84) (20) (63) (28) (54 12) (92) (83) (48) (2) (86) (31) (36) (93) (70 52) (35) (43) (76) (89) (38) (44) (24) (80) (67) (37) (27) (100) (56) (16) (85) (9) 
38 (10) (9) (6) (81) (56) (78) (95) (30) (65) (11) (97) (7) (80) (21) (73) (86) (53) (3) (96) (39) (4) (69) (83 99) 
39 (75) (2) (44) (29) (92) (7) (97) (16) (38) (28) (51 52) (42) (14) (50) (89) (78) (11) (69) (99) (5) (61) (86) (93) (79) (76) (80) (65) (23) (32) (45) (24) (31 90) (39) 
40 (91) (9) (95 26 52 61) (58) (87) (59 88) (85) (82) (73) (28) (74) (5) (70) (15) (20) (62) (63) (39) (24) (29) (75) (27) (78) (40) (54) (22) (56) (37) (4) (71) (94) (50) 
41 (89) (42) (24 40) (35) (81) (38) (57) (97) (60) (71 25) (22 27) (26) (93) (87) (74) (98) (20) (3) (49) (45) (64) (50) (2) (14) (48) (23) (96) (79) (11) 
42 (20) (31) (44) (41) (77 17) (34) (48) (5) (33) (12) (19) (50) (83) (52) (85) (40) (32) (72) (37) (63) (6) (35) (73) (97) (51) (28) (67) (95) (43) (26) (87 3) (10) (66) (76) (55) (75) (99) (45) (18) 
43 (58) (68) (18) (63) (39) (75) (4) (27 17) (86) (89) (45) (54) (80 69) (31 21) (13) (10) (16 91 32) (50) (12 25) (51) (34 43) (52) (99) (26) (8) (97 35) (6) (66) (48 70) (9) (44) (78) 
44 (14) (76) (20) (2) (87) (88) (86) (21) (44) (35) (45) (58) (80) (69) (37) (72) (40) (53) (71) (19) (48) (29) (4) (94) (27 61) (28) (3) (73) (9) (65) (66) 
45 (84 81) (54) (97) (39) (31) (64) (9) (2) (40) (15) (92) (45 7) (10) (27) (91) (78) (8) (52 62) (44) 
46 (94) (85) (51) (76) (98 5 72 58) (11) (16) (84) (73) (35) (87) (68) (29) (69) (13) (78) (86) (6) (75) (39) (79) (80) (97) (92) (18) (37) (28 41) (49) (34) 
47 (99) (14) (64) (54 16) (96) (17 38) (76) (57) (80) (29 63) (25) (45) (52) (95) (1) (56) (2) (88) (7) (79) (10) (50) (70) (3) (85) (87) (20) (39) (21) (86) 
48 (65) (64) (24) (37) (85) (57 30) (95) (61) (63 21) (80) (51 20) (76) (33) (77) (49 13) (62) (10 42) 
49 (5) (16) (78) (52) (41 1) (36) (45) (80) (84) (63) (94) (73) (87 47) (89) (43) (61) (68) (26) (6 81) (21) (79) (100) (31) (75 91) (44 27) (99) (25) (51) (37 85) (69) (24) (14) 
50 (86) (69) (49) (85) (35) (80) (54 97) (66) (99 39) (64) (51) (68 44) (79) (13) (36) (37) (57) (76) (15 63) (93) (21) (82 53) (77) 
51 (94) (92) (7) (10) (84) (17) (71) (75) (67) (87) (82) (9) (77) (99) (33) (48) (4 46) (85) (53) (30) (22) (72) (62 65) (20) (74) (1 61 24) (40) (98) (54) 
52 (83 25) (32) (10) (88) (96) (38) (17 53 70 79) (64) (39) (46) (21) (87) (4) (28) (72) (44) (68) (42 57) (58) (91) (19) (2) (20) (1) (69) (3) (50) (60) 
53 (34) (30) (18) (78) (72) (15) (97) (53) (25) (57 3) (75) (31) (32) (48) (16 8) (24) (76 71) (74) (21) (92) (95) (26) (38) (59) (79) (84) (88) (86) 
54 (75) (28) (52) (97) (32) (87) (30) (23) (27) (35) (82) (41) (20) (83) (45 58) (96) (40) (69) (46) (62) (42) (68) (25) 
55 (56) (94) (57) (16) (23) (71) (10) (95 48) (100) (53) (73) (36) (22 20) (8) (75) (89) (32) (69) (80) (83) (11) (46) (7) (31 60) (79) (21) (41) (97) (15) (19) 
56 (61) (90) (48) (50) (31) (86) (76) (45) (52) (57) (75) (11 40) (22) (58) (51) (36) (13 93) (30) (55) (47) (35) (18) (98) (44) (88) (43) (14) (87) (21) (49) (80) (70) 
57 (20) (76) (43) (48) (64) (18) (56) (62) (81) (40) (100 66) (99) (5) (28) (51) (14) (21) (75) (95) (91) (1) (74) (92) (35) 
58 (74) (49) (86 81) (2) (31) (46) (41) (13 17) (63) (72) (60) (70) (66) (90) (44) (62) (91) (64) (33) (38) (73) (4) (88) (6 57) (37) (27) (50) (69) 
59 (9) (89) (16) (79) (7) (63) (3 43) (42 21) (64) (8 88) (70) (44) (68) (35) (10 1) (52) (60 14) (81 85) (59) (99) (93) (22) (92) (77) (6) (46) (57) (62) 
60 (29) (90) (2) (41) (33) (84) (79) (100 81) (14) (15) (95 30) (72 92) (3) (77) (59) (17) (83) (7) (38) (32) (24) (12) (88) (28) (54) (73) 
61 (40) (47) (59) (81) (23) (72) (55) (66) (17) (3) (62 33) (11) (13) (39) (85) (95 28) (76) (63) (36) (88) (86) (68) (12) (14) (92) (20) (52) (48) (27) (51) 
62 (99) (48) (62) (75) (11) (23) (41) (87) (12) (16 2) (8) (86) (74) (18 94) (31) (65) (83) (92) (10) (40) (44) (17) (91) (78) (82) (67) (66) (45) (33) (77) 
63 (45) (25 67) (26) (93) (19) (70) (35) (58) (89) (87) (10) (98) (82) (64) (34 3) (62) (91) (7) (23) (55 5) (40) (13) (92) 
64 (97) (3) (50) (23 62) (41) (36) (64) (24) (27) (90) (72 87) (84) (80) (22) (52) (83) (13) (28) (45) (42) (4) (25) (70) (32) (55) (100) (65) (63) (69) (5) 
65 (74 69) (66) (76) (67) (12 1) (61) (82) (71) (88) (60) (62) (25) (52) (28) (95) (32 55) (91) (6) (80) (54) (83) (96) (68 8 41) (2) (24) (9) 
66 (65) (80) (66) (55) (16) (74) (38) (98) (29) (10) (57) (37) (76) (73) (95) (33) (81) (68) (90) (56) (61) (32) (23 26) (47) (64) (49) (86) (67 82 77) (1) (84) 
67 (4) (78) (76) (41) (7) (31) (49) (98) (29) (88) (85) (2) (39) (59) (60) (89) (51) (77) (45) (37) (83) (70) (6) 
68 (89) (67 3) (7 39) (92) (65) (77) (97) (96 8) (32 49 63) (68) (24) (31) (79) (10) (37) (40) (75) (62 26) (2) (69) 
69 (61) (92) (99) (22) (20) (97) (6) (74) (100) (93) (31) (30) (33) (21) (96) (40) (17) (15) (75) (80) (29) (79) (59) 
70 (81) (43) (89) (69) (4) (38) (39) (57) (34) (5) (22) (11) (62) (78) (44) (83) (49) (93) (32) (59) (60) (23) (48) (9 73) (30) (80) (71) (94) 
71 (99) (56) (96) (24) (72) (51) (81) (64 70) (4) (88) (45) (95) (97) (63) (90) (43) (28) (23 53) (92) (93) (38) 
72 (79) (90) (14) (41) (73) (48) (54) (47) (27) (37) (59) (10) (58) (22) (81 6) (36) (55) (67 91) (5) (72) (80) (43) (50) (20) (19) (49) (24) (74) (94) (89) (83) 
73 (16) (70) (52) (4) (20 13) (60) (93) (3 11) (71) (28 49) (34) (38) (92) (41) (47) (69 43) (18) (86) (14) (33) (51) (57) (2) (100) (23) (19) 
74 (82) (79) (30 24) (14) (61) (77) (19) (12) (76) (81 97) (33) (6) (58) (72) (27) (18) (57) (46) (7) (90) (34) (38) (3) (47) (67) (59) (55) (42) (85) (41) (4) (15) (71) (78) (70) (5) 
75 (92) (55) (70) (7) (82 49) (54) (67) (77 39 53) (4) (63 27) (45) (91) (62 93) (36) (44 69) (87) (1) (14) (78) (46) (8 48 23 26) 
76 (26) (13) (68) (42) (87) (59 62) (60) (80) (89) (91) (34) (54) (37) (79) (2) (46) (28) (49) (58) (84) (77) (53 15) (93) (22) (36 61) (75) (3) (21) (71) 
77 (99 41) (92) (75) (53) (12) (4) (56) (93) (34) (28 86 60) (36) (47) (45 64) (90) (95) (20) (51) (63) (65) (17) (16 82) 
78 (30) (43) (42) (96) (61) (26) (59) (68) (17) (16) (14) (79) (7) (54) (90) (45) (84) (36 31) (99) (15) (12) (76) (91) (11) (66) (89) (33) (32) (48) (1) (95) 
79 (24) (99) (95) (66) (37) (75) (56) (20) (79) (30) (27 13) (18) (94) (1) (90) (88) (81) (31) (69 58) (6) 
80 (4) (95) (47) (22) (12) (35) (24) (73) (64) (58) (10) (40 21) (80) (54) (90) (11 46) (66) (37) (27) (100) (8) (83) (78) (98) (53) (68) (49) (82) (5) (42) 
81 (76) (28 77) (93) (73) (18) (72) (55) (5) (70) (51) (81) (52) (7) (69) (100) (20) (1) (35) (49) (38) (67) (10) (22) (39) (15) 
82 (64) (78) (65) (22 1) (88) (95) (4) (94) (44 90) (49) (68) (42) (66) (86) (5) (87) (51) (75) (38) (71) (14) (93) (91) (69) (67) (99) (81) 
83 (38) (7) (86) (72) (90) (32) (15) (97) (5) (94) (37) (23) (1) (49) (20) (91) (57) (77) (14) (21) (81 9) (29) (61) (3) (64) (78) (63) (53) (41) (85) (52) 
84 (9) (31 95) (70) (69) (82 16) (62) (23) (61) (65) (58) (52) (4) (3) (64) (100) (73) (75) (14) (78) (60) (41) (24) (79) (8) (10) (94) (92) (48) (22) (80) (15) (12) 
85 (93) (86) (60 31 4) (68 55) (80) (52) (78) (54) (39) (92) (57) (62) (38) (36) (85) (56) (11) (6) (40) (53) (10) (74) (47) (82) (37) (44) (50) (34) (33) (7) (99 84 76) 
86 (70) (65) (40) (4 56) (9) (86) (80) (94) (62) (72) (45) (12) (51) (2) (54) (74) (95) (57) (61) (82) (75) (29) (35) (93) (78) (24) (46) (48) (43) (16) (68) (11) (87) (1) (47) (3) (59) (85) (49) (37) 
87 (59) (17) (43) (34) (38) (2) (1) (68 64) (89) (90) (66 79) (62) (35) (72) (76) (7) (19) (58) (46) (69) (33) (13) (94) (23) (45) (10) (21) (39) 
88 (34) (7) (29) (92) (18) (67) (73) (77) (37 38) (98) (12 40 6) (56) (23) (20) (42) (44) (86) (4) (3) (59) (62) (36) (10) (45) (85) (11) (70) 
89 (53) (51) (59) (70) (88 83 84) (81) (20 61) (73) (13) (66) (3) (4) (77 54) (14) (18) (47) (10) (36) (37) (24) (34) (25) (78) (1 67) (80) 
90 (33) (24) (19) (34 39) (50) (30) (18) (20 44) (76 73) (87) (56) (51) (41) (57) (97) (100) (47) (58) (43) (91) (77) (35) (37 99) (60) (88) (96) (62) (53) (3) (66) (90) 
91 (40) (60) (92) (32) (34) (33 3) (29) (52) (76) (4) (98) (11) (78) (7) (1) (72) (62) (36 82) (73) (74 93) (26) (99) (8) (22) (35) (91) (66) (84) (14) 
92 (33 98) (6) (31) (29) (12) (61) (76 37) (83 68) (14) (92) (72) (48) (21) (56) (63) (41) (71) (58) (32) (52) (74) (27 38) 
93 (3 23) (91) (59) (96) (92) (72) (12) (97 47) (70) (54) (83) (49) (5) (20) (74) (8) (39) (63) (65) (40 82) (13) (95) (94) (35) 
94 (30) (67) (74) (62) (70) (93) (37) (13) (51) (16) (57) (10) (9) (45) (24) (5) (69) (96) (85 80 19) (78) (22) (15 75) (94) (47) (84) (14) (91) (27) (65) (25) (20) (59) 
95 (44) (47) (57) (39) (9 19) (86) (67) (12) (32 11) (82) (83 1) (87) (8) (96) (43) (90) (53) (3) (56) (45 38) 
96 (17 46 66) (90) (59) (61) (7) (63) (13) (4) (37) (99) (24) (47) (82) (86) (5) (92) 
97 (89) (77) (94) (95) (59) (53) (23) (13) (17) (45) (21) (29) (3) (15) (73) (6) (82 91) (19) (100) (48) (58 37) (60) (26) (2) (64) (98) 
98 (6 17) (50) (68) (75) (27) (23) (30) (36) (61) (16 21) (100) (86) (97) (7) (34) (87) (39) (92 4) (42) (15) (64) (19) (37) (57) 
99 (14) (13) (21) (78) (4) (15) (49) (26) (55) (16 68) (91) (77) (96) (2) (71) (88 90) (99) (40) (9) (98) (65) (11) (31) (50 81) (97) 
100 (49) (7) (33) (34) (48) (62) (67) (15) (79) (82) (13) (93) (50) (91) (57) (31) (83) (72) (53) (23) (95) (18) (3) (98) (41 38) (28) (5) 
1 (78) (81) (26) (35) (57) (20) (10) (49) (47) (82) (51) (66) (59) (9) (52) (89) (86) (83) (65) (79) (1) (18) (91) (95) (87) (75) 
2 (37) (86) (97) (44) (65) (45) (47) (7) (29) (67) (27) (19) (26) (39) (21) (58) (41) (62) (20) (73) (32) (99) (68) (87) (76) (14) (52) (60) (1) 
3 (68) (64) (63) (91) (22) (61) (95) (4) (27) (90) (47) (100) (8) (83) (60) (74) (31) (89) (52) (44) (38) (84) (88) (26) (33) (16) (53) (73) (86) (23 24) (5) (59) (41) (1) (42) (7 93) (97) (76) 
4 (88) (73) (52) (91) (86) (70) (99) (89) (44) (75) (43) (31) (98) (22) (74) (13) (67) (64) (51) (82) (34) (58) (71) (96) (80) (77) (85) (38) (20) (10) (84) (40) 
5 (94) (63) (40) (5) (4) (96) (35) (42) (39) (80) (7) (9) (100) (81) (6) (34) (72) (46) (49) (64) (57) (10) (25) (1) (83) (74) (70) (32) (93) (82) (8) (30) (28) 
6 (14) (97) (8) (49) (12) (46) (72) (58) (74) (42) (65) (85) (38) (35) (6) (59) (98) (69) (43) (36) (92) (25) (88) (67) (79) 
7 (91) (96) (51) (74) (33) (60) (39) (85) (26) (83) (47) (45) (29) (63) (14) (87) (3) (75) (98) (55) (4) (78) (21) (100) (81) (67) (68) (38) (88) (59) 
8 (20) (53) (21) (80) (91) (75) (43) (55) (7) (93) (29) (65) (95) (84) (62) (68) (27) (34) (13) (33) (25) (45) (59) 
9 (7) (44) (65) (20) (95) (40) (25) (4) (99) (84) (37) (24) (2) (86) (83) (1) (70) (5) (51) (32) (43) (45) (26) (38) (18) (22) (94) (59) 
10 (42) (28) (59) (72) (8) (45) (88) (22) (68) (89) (6) (25) (36) (4) (55) (35) (80) (66) (24) (94) (47) (52) (32) (84) (51) (43) (62) (38) (7) (85) (87) (16) (48) (81) (63) (31) 
11 (78) (11) (85) (99) (73) (22) (88) (70) (10) (23) (31) (62) (41) (20) (95) (46) (29) (55) (56) (86) (80) (14) (61) (34) (6) (91) (18) (39) (4) (38) (35) (19) 
12 (61) (7) (27) (84) (78) (26) (24) (13) (86) (37) (62) (35) (80) (31) (19) (60) (22) (77) (43) (92) (88) (17) (65) (95) (30) (93) (29) (23) (25) (74) (36) (4) (20) (42) 
13 (50) (76) (46) (14) (89) (99) (87) (61) (29) (94) (21) (10) (100) (7) (24) (58) (34) (48) (22) (36) (93) (64) (56) (43) (73) (97) (63) (27) (96) (79) (6) 
14 (89) (44) (83) (17) (99) (56) (59) (24) (47) (41) (84) (32) (92) (18) (60) (82) (27) (78) (91) (29) (13) (23) (75) (61) (74) (72) (73) (94) (39) (57) (7) (19) (49) 
15 (45) (50) (97) (20) (98) (55) (18) (81) (76) (5) (100) (74) (24) (27) (60) (99) (83) (94) (78) (40) (7) (69) (53) (23) (84) (26) (30) (16) 
16 (49) (46) (59) (84) (43) (6) (22) (55) (86) (66) (62) (39) (8) (99) (94) (27) (37) (24) (25) (47) (78) (53) (73) (98) (19) (77) 
17 (34) (97) (51) (96) (28) (60) (31) (62) (87) (43) (21) (5) (29) (23) (10) (3) (24) (11) (6) (77) (58) (98) (27) (78) (47) (42) (61) (52) (69) 
18 (4) (16) (90) (89) (56) (34) (18) (33) (73) (11) (27) (43) (57) (53) (74) (81) (46) (88) (79) (25) (100) (62) (42) (14) 
19 (63) (97) (1) (36) (29) (6) (44) (87) (34) (42) (7) (98) (10) (73) (33) (20) (55) (12) (90) (95) (16) (72) (52) (30) (74) (18) (94) 
20 (79) (41) (42) (12) (27) (73) (69) (16) (51) (93) (88) (81) (31) (94) (13) (57) (3) (24) (40) (72) (61) (47) (20) (55) (29) (77) (6) (22) (37) (90) (1) (35) (89) (52) (9) (48) (36) (83) (15) (44) (54) 
21 (53) (24) (25) (27) (44) (57) (76) (97) (26) (47) (80) (20) (50) (87) (38) (92) (55) (59) (49) (23) (15) (56) (43) (69) (2) (7) (99) (3) (52) (98) (6) (48) (83) (11) 
22 (14) (40) (41) (17) (8) (19) (80) (64) (69) (59) (5) (55) (7) (32) (72) (33) (51) (56) (6) (94) (91) (76) (82) (23) (70) (84) (16) (10) (81) (27) 
23 (98) (14) (6) (63) (88) (39) (9) (84) (61) (66) (75) (70) (64) (33) (54) (24) (73) (100) (25) (71) (87) (62) (41) (29) (15) (97) (83) (93) (55) 
24 (96) (84) (79) (36) (12) (86) (49) (72) (89) (48) (39) (9) (19) (37) (8) (23) (31) (53) (80) (3) (26) (51) (68) (60) (41) (17) (90) (34) (65) (1) (74) (40) (71) (64) (94) (33) 
25 (64) (94) (27) (29) (26) (10) (53) (54) (41) (19) (22) (47) (15) (49) (52) (89) (63) (43) (6) (12) (65) 
26 (41) (68) (75) (8) (19) (78) (43) (14) (40) (91) (76) (63) (2) (16) (99) (49) (42) (25) (13) (53) (97) (30) (66) (34) 
27 (74) (49) (29) (72) (40) (12) (75) (80) (26) (37) (41) (34) (22) (45) (7) (9) (79) (58) (92) (54) (64) (6) (94) (61) (13) (10) (44) (98) (28) (43) 
28 (76) (17) (1) (57) (37) (46) (40) (100) (64) (81) (3) (33) (28) (65) (60) (36) (8) (71) (23) (44) (42) (73) (52) (54) (7) (39) (77) (61) 
29 (36) (16) (9) (92) (20) (91) (23) (47) (67) (30) (69) (46) (40) (97) (39) (60) (86) (12) (21) (88) (35) (83) (14) (32) (3) (66) (1) (44) 
30 (60) (10) (38) (74) (69) (21) (51) (54) (94) (70) (78) (34) (48) (79) (29) (32) (90) (9) (8) (98) (56) (53) 
31 (67) (99) (100) (56) (69) (28) (49) (53) (37) (17) (43) (92) (55) (85) (29) (23) (45) (84) (35) (42) (39) (36) (58) (15) (11) (27) (68) (78) (5) (79) (62) 
32 (23) (95) (54) (52) (16) (60) (39) (43) (4) (33) (9) (83) (42) (55) (91) (70) (65) (6) (78) (12) (31) (17) (64) (68) (53) (24) (66) (92) 
33 (48) (66) (51) (32) (78) (4) (2) (9) (87) (22) (73) (29) (100) (61) (62) (27) (85) (91) (58) (18) (90) (60) (28) (42) (69) (35) (92) (74) 
34 (77) (90) (2) (46) (63) (10) (32) (5) (19) (100) (74) (89) (23) (42) (98) (53) (87) (91) (73) (76) (43) (25) (85) (1) (70) (88) 
35 (43) (33) (54) (56) (44) (16) (87) (30) (59) (41) (91) (81) (93) (5) (31) (80) (63) (34) (42) (19) (57) (3) (90) (86) (46) (50) (37) 
36 (25) (76) (98) (8) (91) (3) (72) (20) (88) (49) (89) (77) (61) (22) (30) (75) (28) (64) (55) (37) (50) (85) (26) (56) (6) (11) (78) (10) 
37 (2) (80) (68) (37) (33) (50) (88) (44) (42) (9) (86) (36) (29) (92) (49) (10) (19) (58) (97) (67) (40) (96) (66) (32) (76) (98) (46) (79) (72) (48) (35) (83) (94) (31) (90) (89) (85) 
38 (73) (87) (12) (25) (82) (39) (53) (58) (81) (47) (95) (37) (88) (71) (21) (74) (3) (60) (70) (92) (11) (85) (41) (52) (66) (83) (7) (100) 
39 (45) (18) (85) (39) (98) (61) (38) (46) (35) (47) (50) (75) (6) (70) (43) (30) (16) (36) (21) (5) (68) (31) (90) (22) (3) (40) (67) (34) (87) (81) (93) (52) (95) (4) 
40 (22) (10) (44) (13) (80) (99) (17) (88) (36) (41) (85) (54) (25) (16) (91) (33) (2) (62) (14) (40) (27) (69) (45) (8) (21) (3) (15) (68) (86) (23) (56) (63) (57) (93) (11) (51) (42) (61) 
41 (54) (10) (55) (77) (5) (67) (58) (92) (100) (83) (34) (60) (65) (90) (84) (9) (42) (62) (73) (7) (4) (74) (36) (64) (72) (49) (46) (21) 
42 (59) (64) (31) (29) (88) (82) (80) (14) (10) (24) (41) (74) (76) (7) (39) (52) (3) (2) (25) (78) (54) (17) (98) (48) 
43 (30) (43) (59) (90) (87) (72) (71) (73) (13) (42) (86) (1) (28) (32) (35) (37) (4) (78) (95) (56) (70) (49) (57) 
44 (95) (39) (2) (31) (75) (44) (43) (58) (85) (5) (36) (88) (19) (82) (42) (52) (23) (59) (49) (70) (25) (50) (18) (16) (45) (56) (34) (1) (37) (90) (62) 
45 (87) (95) (17) (88) (77) (63) (10) (43) (94) (34) (54) (75) (97) (45) (42) (62) (71) (64) (56) (32) (47) (29) (44) (78) (39) (86) (41) (49) (67) 
46 (24) (17) (52) (34) (21) (80) (55) (86) (54) (59) (7) (96) (51) (58) (6) (75) (9) (74) (87) (31) (12) (76) 
47 (23) (85) (94) (35) (73) (36) (22) (74) (86) (80) (56) (11) (10) (77) (24) (49) (27) (17) (93) (9) (96) (33) (66) (90) (26) (61) (72) (89) (95) 
48 (44) (32) (55) (86) (41) (100) (61) (72) (92) (9) (51) (19) (5) (33) (27) (31) (78) (97) (75) (56) (62) (13) (70) (23) (37) (53) (20) (17) (57) (12) (3) (84) (42) (30) (43) (10) (22) 
49 (6) (50) (12) (66) (30) (41) (70) (7) (76) (86) (46) (73) (93) (68) (29) (32) (58) (82) (1) (14) (72) (56) (9) (99) (10) (48) (67) (15) (100) (81) (75) (80) (28) (27) (83) 
50 (18) (100) (72) (39) (11) (28) (85) (41) (7) (99) (3) (33) (16) (64) (27) (30) (52) (36) (47) (24) (98) (42) (4) (9) (43) (58) (29) (40) (8) (26) (2) (56) (90) 
51 (42) (50) (8) (30) (48) (57) (71) (49) (20) (7) (9) (86) (82) (15) (89) (61) (39) (67) (77) (43) (36) (94) (14) (25) (73) (90) (46) (81) (32) (56) (27) (29) (19) 
52 (18) (92) (54) (39) (7) (19) (59) (40) (35) (85) (8) (91) (83) (56) (49) (32) (81) (61) (28) (73) (65) (45) (84) (37) (21) (3) (25) (42) (30) (43) (10) (64) (47) 
53 (55) (50) (85) (17) (76) (100) (5) (7) (95) (31) (71) (44) (89) (53) (90) (28) (51) (13) (20) (19) (77) (80) (52) (38) (83) (75) (97) 
54 (3) (13) (34) (12) (80) (75) (7) (89) (37) (76) (86) (26) (9) (93) (40) (14) (78) (6) (85) (51) (45) (11) (47) (27) (72) (50) (60) (43) (18) (65) 
55 (63) (2) (64) (34) (66) (99) (9) (26) (19) (33) (56) (65) (23) (74) (42) (85) (3) (14) (13) (36) (72) (32) (30) (81) (61) (25) (75) 
56 (88) (24) (86) (66) (13) (92) (85) (1) (71) (95) (6) (79) (38) (77) (57) (10) (32) (26) (34) (40) (90) (55) (47) (15) (37) 
57 (94) (90) (47) (16) (9) (23) (36) (66) (41) (12) (74) (100) (26) (50) (86) (33) (58) (98) (70) (48) (14) (56) (55) (11) (5) (52) (25) (59) (95) (53) (85) (73) (15) (34) (83) 
58 (24) (28) (90) (32) (46) (76) (84) (72) (54) (79) (97) (44) (31) (40) (74) (22) (34) (63) (11) (92) (19) (56) (43) (52) (15) (80) (1) (87) 
59 (60) (76) (59) (93) (97) (74) (34) (69) (5) (36) (26) (18) (89) (72) (96) (19) (61) (8) (70) (87) (40) (53) (12) (86) (28) (88) (2) (78) (94) (16) (1) (67) 
60 (13) (27) (77) (28) (85) (76) (32) (70) (97) (36) (65) (20) (10) (41) (91) (22) (8) (52) (23) (73) (29) (15) (55) (59) (67) (17) (58) (84) (90) (1) (14) 
61 (96) (32) (65) (76) (78) (69) (12) (27) (4) (66) (83) (92) (56) (11) (98) (40) (49) (86) (84) (44) (48) (51) (39) (89) (74) 
62 (30) (62) (58) (76) (94) (75) (9) (88) (68) (16) (54) (57) (64) (24) (6) (70) (27) (85) (63) (40) (65) (91) (86) (5) (84) (100) (18) (15) (61) (90) (2) (87) (48) (51) (45) (59) 
63 (20) (83) (77) (47) (42) (11) (93) (68) (17) (58) (9) (75) (40) (32) (43) (61) (49) (71) (37) (50) (96) (5) (15) (64) (48) (7) (92) (59) (24) 
64 (87) (9) (29) (23) (59) (47) (66) (45) (97) (77) (26) (24) (82) (80) (98) (63) (41) (48) (84) (58) (15) (71) (83) (36) (17) (20) (52) (64) (57) (25) (50) 
65 (36) (1) (12) (48) (99) (15) (51) (44) (82) (64) (5) (66) (10) (94) (38) (39) (62) (7) (21) (93) (68) (77) (31) (25) (86) (84) 
66 (12) (65) (34) (96) (24) (62) (80) (17) (50) (87) (58) (26) (15) (21) (66) (23) (25) (79) (42) (78) (43) (57) (8) (91) (89) (44) (82) (61) (90) 
67 (68) (32) (65) (88) (75) (63) (74) (66) (33) (27) (82) (81) (94) (29) (95) (36) (24) (42) (72) (62) (37) (89) (51) (100) 
68 (99) (61) (85) (25) (2) (98) (33) (50) (78) (66) (46) (86) (27) (26) (92) (59) (76) (29) (49) (87) (82) (43) (5) (24) (21) (7) (52) (80) (68) (54) (65) 
69 (44) (84) (11) (82) (39) (81) (49) (10) (50) (52) (22) (32) (64) (55) (21) (12) (79) (5) (46) (54) (68) (65) (94) (34) (70) (38) (58) (43) (73) (87) (75) 
70 (23) (88) (21) (58) (71) (5) (43) (24) (63) (93) (64) (74) (67) (37) (89) (86) (81) (56) (73) (47) (20) (52) (75) (84) (59) (40) (94) 
71 (7) (21) (82) (76) (19) (55) (51) (65) (53) (70) (99) (44) (25) (20) (41) (29) (33) (73) (31) (92) (74) (32) (40) (16) (18) 
72 (9) (58) (44) (23) (100) (34) (14) (51) (21) (42) (52) (60) (2) (46) (91) (71) (81) (1) (53) (93) (64) (8) (87) (30) (86) (83) (72) (36) (92) (74) (61) 
73 (38) (91) (66) (80) (3) (27) (81) (2) (84) (60) (72) (58) (29) (55) (12) (90) (49) (40) (23) (19) (6) (42) (4) (88) (70) (10) (44) (24) (14) (8) (89) (21) (7) (46) (97) (35) (18) 
74 (85) (3) (93) (34) (40) (94) (13) (86) (72) (27) (5) (36) (58) (6) (51) (21) (8) (2) (41) (53) (69) (24) (91) (66) (62) (92) (65) (9) (10) (57) 
75 (76) (29) (56) (82) (53) (94) (37) (68) (30) (11) (77) (22) (14) (62) (86) (98) (57) (40) (8) (69) (15) (49) (42) (51) (39) (79) (55) (84) (46) (43) (54) (9) 
76 (90) (32) (13) (50) (74) (48) (78) (44) (66) (67) (57) (61) (53) (34) (12) (92) (91) (81) (25) (11) (65) (56) (47) (87) (37) (42) (39) (85) (46) 
77 (89) (68) (66) (14) (67) (48) (75) (22) (81) (90) (74) (50) (76) (19) (1) (99) (26) (83) (88) (97) (11) (51) (62) (23) (42) (60) (10) (12) (20) (3) (59) (27) 
78 (29) (67) (25) (17) (86) (45) (7) (74) (99) (21) (1) (53) (14) (33) (16) (94) (49) (38) (46) (84) (85) (83) (91) (62) (82) (89) (27) (24) (43) (80) (70) (75) (39) (15) (40) 
79 (20) (49) (32) (33) (76) (24) (52) (12) (79) (53) (35) (87) (31) (78) (74) (39) (72) (69) (7) (60) (47) (100) (50) (59) (21) (55) (28) (6) (68) (41) (46) (84) 
80 (23) (47) (76) (84) (72) (8) (85) (20) (18) (65) (39) (48) (89) (3) (44) (37) (50) (94) (34) (66) (49) (55) (7) (38) (43) (69) (36) (86) (56) (14) (27) (70) (80) (4) (46) (64) 
81 (83) (38) (89) (57) (79) (99) (59) (58) (19) (74) (4) (1) (45) (60) (66) (81) (82) (71) (32) (28) (3) (72) (61) (9) (41) (70) (5) (49) 
82 (24) (97) (100) (80) (22) (85) (65) (93) (40) (9) (96) (91) (10) (25) (77) (74) (14) (11) (62) (51) (86) (54) (13) (84) (75) (63) (18) (50) (66) (36) (95) 
83 (12) (62) (11) (89) (1) (5) (38) (70) (65) (67) (55) (54) (42) (3) (25) (8) (64) (95) (23) (17) (15) (60) (72) (93) (37) (52) (80) (92) (100) (29) (34) 
84 (91) (94) (33) (37) (9) (64) (49) (66) (46) (53) (89) (76) (17) (18) (78) (15) (34) (45) (11) (28) (7) (29) (13) (20) (8) (60) (85) (36) (51) (35) (10) 
85 (9) (40) (51) (88) (47) (46) (7) (48) (67) (83) (20) (61) (94) (2) (1) (34) (5) (85) (74) (36) (50) (42) (11) (19) (3) (32) (59) (49) (37) (86) 
86 (46) (56) (47) (1) (43) (77) (8) (38) (66) (82) (37) (98) (61) (12) (83) (88) (35) (5) (73) (15) (23) (22) (18) (10) (96) (17) (34) (39) (2) (33) (58) (3) (32) (86) (62) (85) (21) (95) (50) (53) (44) 
87 (95) (54) (49) (1) (51) (52) (47) (56) (63) (75) (86) (28) (82) (42) (40) (44) (9) (41) (76) (64) (90) (46) (31) (19) (62) (14) (98) 
88 (2) (44) (9) (61) (71) (47) (82) (11) (33) (67) (25) (56) (79) (60) (59) (40) (35) (53) (52) (21) (12) (99) (65) (89) (58) (23) (90) (18) 
89 (23) (28) (24) (37) (3) (97) (6) (7) (67) (43) (76) (78) (27) (68) (70) (41) (39) (87) (49) (36) (8) (72) (5) (13) (17) (15) (18) (11) (55) (10) (59) (63) 
90 (60) (82) (95) (10) (74) (77) (11) (13) (90) (12) (87) (64) (17) (99) (66) (83) (79) (80) (7) (27) (5) (71) (78) (56) (39) (32) (58) (72) (2) (96) 
91 (19) (63) (11) (45) (15) (75) (22) (78) (12) (25) (76) (28) (40) (90) (91) (18) (57) (82) (100) (49) (65) (62) (21) (5) (43) (52) (58) (94) (72) (2) (93) (13) (99) (33) (97) (83) (4) 
92 (15) (91) (17) (36) (24) (51) (77) (68) (46) (37) (63) (71) (69) (84) (88) (7) (92) (5) (25) (61) (18) (59) (57) (93) (75) (96) (39) (60) (53) (73) (13) (98) (62) (85) (9) (45) (3) 
93 (10) (63) (15) (36) (69) (41) (13) (21) (23) (56) (39) (77) (75) (70) (50) (18) (34) (30) (31) (73) (22) (27) (37) (100) (71) (59) (82) (94) (19) (17) (76) (3) (85) (81) (20) (91) (86) (33) (6) 
94 (86) (13) (24) (55) (82) (40) (9) (14) (94) (72) (4) (79) (49) (23) (83) (44) (1) (87) (97) (84) (93) (2) (70) (51) (46) (19) (62) (32) 
95 (84) (79) (61) (66) (53) (78) (60) (86) (12) (19) (42) (3) (97) (65) (55) (77) (7) (100) (82) (14) (18) (8) (33) (38) (11) (80) (15) (40) (93) (71) (31) (57) (47) (48) (5) 
96 (68) (34) (78) (16) (90) (94) (38) (36) (71) (99) (41) (17) (95) (33) (54) (65) (52) (47) (2) (93) (11) (21) (69) 
97 (54) (50) (39) (45) (46) (38) (98) (74) (42) (90) (55) (19) (64) (83) (33) (5) (93) (29) (41) (68) (53) (99) (30) (71) (11) (69) (26) (8) (43) (18) 
98 (34) (28) (46) (91) (14) (99) (19) (7) (92) (56) (66) (80) (36) (88) (51) (67) (20) (27) (100) (63) (41) (97) 
99 (78) (22) (38) (85) (16) (36) (90) (39) (82) (47) (28) (3) (77) (23) (96) (43) (62) (49) (69) (71) (15) (42) (50) (59) (1) (57) (8) (51) (99) (79) (91) (19) (6) 
100 (28) (49) (84) (90) (80) (69) (57) (24) (26) (29) (37) (5) (55) (73) (81) (97) (98) (25) (7) (64) (60) (4) (30) 
