0
100
100
1 (47) (43 23 68) (91 42) (71 32 64 79 17 83) (16) (26 33) (21 82 66 52) (56 41 78 90 37 94 7 85 20 31 80) (28 29 55 19) (34 11) (98) (25 3 22) (5) (92) (62) (60 6 54 49 59 14 15 97) (45 53 70 99 67) (81 4 27 88 10 73 87 35) 
2 (12 87) (96 6 38) (81 95 78 10) (23 54 36) (34) (29 67) (59 37 41 88) (82 64 21 48) (11) (24 18 80) (7) (45) (31 58) (39 90 50 84 17) (53 56 47) (16 57 2) (91 51 92) (46 8 5) (100 63) (60 66 42 99) (93) (28 1 14) (65) (19 70 86 9) 
3 (84 54 13 31 76 5) (17 73 16 33 57 99) (68 85 15 32) (82 30 97 48 6 74 24 26 63 39 7 77 45 40) (60) (81 46) (29 52 38 61 78 35 91 10 88) (70) (23 90 2) (3 66) (95 80) (51 42 59) 
4 (43) (96 58 78 13) (73 23) (61) (31 44) (42) (34) (62) (69) (7 75) (22) (63) (59) (27 39 64 35) (25 30 81) (24) (29 33 86) (70 65 67) (89 28 38 3 47 77 45 53 11) (60) (72 1 99) (12) (92) (56) (97) (19 32 52 100 74 98 18 66 76 93 9) 
5 (42 54) (65) (86) (68) (50 64) (98 9 73) (83) (55) (8 94 80 51 60 39) (2 62) (96 76 71 75 38 4 25 93 88 45) (36) (34 46 5 31 67 19 3 87) (99 92 89) (10 15 30 13 79 33) (85 48 52 16 27) (97 72) (63) (22) (14) (53 28 40 59 41 84 66 18 43) 
6 (63 23) (59 74 26 66) (61 80 24) (10 79 69 16 25 84 94) (81 15) (64) (65 14 12 29 83 95) (28 98 90 11 32) (21 8) (53 19) (89) (1 45) (36) (7) (72) (2 30) (18) (35) (58) (52 93 78) (38) (42) (4 20 51 75) (37 27 39) (44) (3 85) (57) 
7 (90 18 65) (26 68 51) (88 30 40 55 61 95 62 70 36) (42) (11 86) (56 53 49 76) (12 96 72) (97 71) (48) (43 5 50 87 92) (31) (16 52) (69 57) (8) (93) (66) (45 100) (41) (46 10 9 64) (74 94 44 7) (58 82 79 34 19) 
8 (65) (53 12 50 71 26 45 66 19 92 48 20 1 90) (88 41 100 8 23 39 91 74) (13) (56 81 49 18 68) (86 24 80 17 10 69 62 59) (84 25 37 34 44 35) (28) (16 94) (55) (46) (14 47) (27 42 15 89 72) (76 67 98) 
9 (15 27 23 79) (56) (70 45 58 9 78 80 36 42) (81 44) (30) (11) (68 51) (96 40 71 92 97 25 94 74 3) (95 22 50 53) (46) (52 61) (13 19 77) (33 31 85 32 48) (57 59) (54 84) (63 12 83 82) (17 35) (34) (67 14 5) (2 76) (29) (55 65) 
10 (79) (96 31 27) (1 3 38) (63 46 51 77 74) (32 99) (47 43 94 23) (6 18 17 25 92 88 56 60 54 85 48 39) (81) (15 35) (64 10 45 44 98) (78) (52 5 66) (91) (41) (65 59 87) (69 73 29 86) (97) (71 58 2) (55 30 50 89) (57) (90 53 93 7 67) 
11 (32 66) (60 37) (45) (82 39) (48 91 49) (63 81 78 95 29 6 62 41 96 28 68) (94 100) (47) (74) (16 65) (17 85 53 51 14 23) (19 93 52 42 71 7 15 70 80 33) (75 8 56 36 10 99 55 43 77) (21) (76 67 86) (25) 
12 (57) (18 12 66 26) (60 7 88 58 4) (89) (56) (35 20) (75 65) (99 45 22 55 52 85 71 69) (77 96 78 46 91 8 68 79) (10 49 1 62 92 59) (47 19 93 74) (37) (50) (40 31 24) (97) (17 34 67) (42) (86 94 84 51) (83 100) (73 87) (29) 
13 (54 80) (51 96 60 33 32) (13) (6 50) (24) (41 63 88 87) (74) (39 26) (17 19 94 35 55) (53) (89 42 5) (28 73 67 23 98 72 71 25) (75) (43) (3) (30 93 4 9 64 92) (83 66 27 47) (12 70 44) (10 34 78 7 100 45 82 36 56) (14 15 76 58 52) 
14 (49 22 34 27 95 39) (69 14 1 98 96 10 67 84 82 12 79 46 83 30 65 97 78 91 23) (19 9 93 5 31 38 2) (16 28 74) (71) (6 88) (72) (32) (63 40 87 81 50) (75) (3 11) (60 59 56 21 8 42) (55) 
15 (69 54 90 63 68 21 7 26) (64 8) (92 13) (33 97 31) (11 43 98 55) (61 18) (72 86 3 29 4 82 83 19 36 70 22) (12 30 20 40) (80 76 65) (27 88) (56 59 58 50 84 74 73 28) (100) (1) (45 62 9) 
16 (85 94) (13 25 93 43) (34) (92) (8) (38) (17) (41 65 95) (62) (99 53 72) (4 90) (16 77 26 11 84 75 63 82 60 45 50) (35 6) (20 5 71 36) (59 80) (46) (48) (89 68 100 54 67 74 33) (7 44 19 32 76) (51 14) (73 61 97 1) (30 47) 
17 (69 60 64) (56 87 29) (54 8 68) (31 3 63) (55 38 100) (20 14 53 71 80 37 21) (89 22 94 83 11 48) (42 6) (50 52 85 19 23 70 58 9) (45 39 40 27 26 35 46) (25) (99 77 65 92 86 67) (91) (96 61) (32 97 36 28) 
18 (98 86 55) (49) (89) (18 90) (69 23) (51 16 56 65 67 57 42 97 100 66 92 4 71) (2 88 81 47 46 78 80 91 8) (62 38 61) (68 45) (87 20 31 15) (84 10 52 99 93 95 12 29 37) (33 7 96 14 22) (73) 
19 (93) (51 95 20 54 63) (92) (99 55 15 86) (45 23 90 98) (18 69) (39 61 97 94 73 9 41) (78) (88 28 62 96 31) (35 3 13) (49) (48 59 50) (80 29 24 42 32 33 43 4) (10 6 72 34 70) (79 71) 
20 (13 99 11 10) (31 73) (9) (72 66) (23 16 15) (77 61) (39 32 59) (91 20) (60) (70 90 83 49 30 58) (97 84 1) (37) (48 7 79 69 86) (5) (41) (67 42 19 92 94 33 2 36 26) (38 55 65 74 14 28 25 21 52 95 24 54) 
21 (61 58 71) (70 23 26 88 91 11 35) (19) (55 44 93 54 68 72 42) (89 78) (83 74 73 29 17 38) (76 40) (86) (7 62 41) (24 63 99 45) (77 37 22 100 67 52 90 14 49) (94 66 2 28 95) (97) (53) (34 96 5 48) 
22 (19 33 95 14 31 54 53 85 21) (13 55) (77 78 11 36) (92 81 76 72 49) (1 38 96 86 71) (45) (41 25 30 44 37 66) (6 22) (40) (47 89 43 29 84 34) (98 35) (39 63) (73 18 59) (56 10 15 46) (91) (64) (88 8 65 3 97) (52 4 26) (94) 
23 (36 81) (6 84 90 79 59) (71 13 97 63) (95) (23 47 58 69 30 35 39 98 60 93 24 70 28 51 11) (74 18 7) (8 100 75 31 22 77 21 66) (9 38) (88 46 52 78) (27 4 50) (2 20 1 12 96) (49 37) (19 56 83 41 64 26) 
24 (43 87 65 37 56 61 83) (91 46) (98 50 67) (89 63) (72 33) (82 52) (92 93) (10 15 45 81 8 41) (40 73 84 7 39 48 85 38 12 79) (27 88 34 31 53 47 97) (9 21 59 13 42) (19 6 20 1 60 35 100) (11 95) (22 16) (32) (75) (5 44 17) (90 66) (29 25) 
25 (54 40 79 14 89) (22 82 52 69 42 21 30) (23 3 18) (17 98 49 93 41 60) (50 56) (24 59 51) (81 48) (100 96 26 28 88) (38) (74 32) (47) (57 20) (87) (29 9 58 12 11 37) (8 35 64 10) (78 73) (25) (34 94 6 61 66 84 16) (80) (43) (13) (4 68) 
26 (17 81 70) (26 12 37 76) (58 55 85 77 67 97 82 36) (74 100 32 21 39) (84 90 30 40) (86 42 64 9 18) (5 78 59) (79) (46 54 66) (53 27 92) (94) (25) (13 34) (50 2 15) (6) (61) (47 96 63 38) (4 20 68 83 52 98) 
27 (19 88 61 25 65 4) (52 67) (66 35 9 39 6 48 76 73 44 55 32 82) (90 5 38 54 31 64) (49) (93 2 16 75 27) (56) (41 3 23 84 81 51 60) (80) (40 30) (33 95) (37 100) (34 77 96 14 99 62 68) 
28 (99 8) (37 97 88 33) (73 21 16 67) (27 79 31 25 18 87 30 43) (96) (52 85 83 1 23 15) (29 89) (47 66 26 14 32 41 36 71 100) (69) (95 44 82 56 19) (59) (91) (48 28 93 5) (9 64 76) (34 78) (42) (61 50 65 72 38 80 22 70 4 49 62 90 13 74) 
29 (37 94 51) (29) (43 99) (19 70 50 5 1 6 9 23 36 13 16) (34) (4 85 46 91 92 18 28) (41 21 97 12) (69) (45) (96) (55 66 2 11) (40 24) (67 100) (8) (10 62 78 35 3) (58 38 74) (49 57 59 7 87 93 88 72 60 65 79 56 95) 
30 (48 64 9 87 65 30 34 79 19 24 54 97 41) (15 31 40 49 68 12) (72 58 74 6 94 39) (100 10 90) (17 89 59 33 85 4 52 16) (21 78) (50 80 36 38 14 62 43 45) (63) (53) (95) 
31 (31 27) (14 6) (97 52 81) (85 15 88 54 47 92 23 73) (89 58 12) (42 1 21 41 18) (74 8) (66 82 90 77 16) (76) (68) (55 56 67 22) (98 75 65 69) (46) (87 13) (39 9) (20) (60 44 24) (2 25) (49) (45) (94) (36 79 57 70 43 83 72 78 33 93 100 51 32 53) (48 62) (80) 
32 (42 84 6 4 36 5) (15) (67 33) (14) (52 91 7 32 86 98 19 30 61) (75 82) (80 72 74 60) (27 10 46 28) (53) (26 81) (92 1 37 99 55 3 87 51 70 47 23) (93 40 76 95 88 43 17) (54 13) (57 12 83) 
33 (26) (13) (93 28 34 61 38) (10 11 92 33 7 87) (77 46 23) (54 2 14) (72 52 16 79) (48 71 32) (60 45 9) (66 19 97 3 81) (53) (63 31 76) (99 89 17) (43 58 1 68 41 35 21 39 5 80 15 24) (37) (6 49 18 69 47 88) 
34 (78) (97 19) (61) (87 34) (41 51 33 3 65) (1 84) (25) (44) (60 20 95 46 2 39 35 48 32) (68) (67 7 56 22 98 8) (99) (23) (52 36) (30) (81) (69) (16 63 4 18 27 75 88 74 54 66) (92) (26) (100 79 83) (11 86 73 31 85) 
35 (12 52 61 41 97 27 90 53 87 30 33 50 54) (57) (88) (73 58 72) (63 62 35 24 3 84) (79 15 89 96 9 11 83 98 94 7) (47 25) (8 22 13 16 60 70) (4 21 80 37) (32) (1 91 67 65 68) (51 78) (82 100 45 71) (93) 
36 (81 59) (86 80) (78 66 1 48 68 32 72 96 70 22 49) (69) (91 61) (84) (19 87 97 89) (30 7 39 98 54 65 4) (63 11) (53) (18) (17) (14 45) (44 12 90 31 35) (20) (100 13 21) (28) (92) (99) (93 64 29 94 23 15) 
37 (5) (48) (18 100 41) (64) (87 75 30 62 38) (1) (46) (39 61) (19) (55 65) (54 78) (24) (80 10 73) (94) (29) (17 98) (45) (12 3 60 63 90) (44 37 32) (96) (43) (8 59 34 97) (84 31 86 56) (66 26) (77 21 72) (13 92 70) 
38 (88) (85 58 7) (66) (26 42) (65 69 57 20) (52 86) (13) (77 73 60 11 97 36) (39 9) (55 10 80 53 79 50 74 5 82 46) (61 22) (51 48) (92) (41 64 33 91) (87 34) (4 76 56 43 100) (21 23 70 78) (27) (28) (32 96) (14 45) 
39 (15 44 8) (28 92 79 56 95 94 76 13) (59 43 62 42 7 33 70 74 63) (51) (60 64) (97) (52 2) (65 27) (48 98) (99 22 53 40 50 23 32 90 87 91) (55 80 16) (25 81 35 17) (3 1) (89 69 45 46) (38 49) (84) 
40 (12 73 64 72 85) (5 65 34 24 62 88 13 100) (60 25 83 48) (53 46 47) (11) (27 95) (43 63 22 14 54 50) (38) (82 59) (99) (89) (84 23) (94) (19 86 97 68 77 8 32 45) (9) (90 6) 
41 (75 14 86 6 5 22) (90) (47) (33) (19 58 17 4) (29 93 26) (37 1) (87 13 25 68) (85 36 96 21 20 28 95 97 81 54 51) (52 7 71 8 62 63) (10) (66 42 18 61 82) (65 31) (70 11) (94) (100 56) (40 23 24) (89 60 35 49 43 53 32 91 12) 
42 (65) (11 67 93 16 19 73) (37 17 63 2 24) (59 71) (72 66 95) (1) (32 41 86 28 43) (7 89) (3 80 51 60 68 29 76) (46) (26 47 69) (12 48 35 83 87 55) (74) (45 20 79 10 42 15 23 9 84 61) 
43 (85) (29 10 21) (55 9 18) (57) (59) (41 48 60 97 43) (77 90 2 78 88) (17) (52 62 31 50 4) (5 32) (3 91) (36 73 44 51 79 49 61) (80 76) (39) (65 96 35 98) (82) (14 19 63 26 38 40 70 68) (1 47) (87) (67 46) 
44 (47) (44 6) (26) (76 39) (45) (63) (22 24 10 49 27) (21 95 12 29 57 25) (55 99) (92 71) (15 56 80) (66) (9 18 87 82 84 19) (100 5) (43 81) (75 97) (34) (50 68 78 77 88 86) (67 40 61) (14 2 30 35 90 16 37) (17 54 53 28 4) (98 42 13) 
45 (71 16) (13 33 57) (31 76 14) (27 24 47 21 96 4 37) (23) (64 7 56 95) (61 97 44) (48 68) (85 38) (50) (75 35) (87 65 100) (49 39 30 73) (28 11 18 41) (8 17) (2 22 72 79 74 86 15 29 60) (12 63 55 46 25 84 99 69 90 36 53) 
46 (53 78) (31 15 16 68 47 1 17 4 38) (28 30) (50 24) (72 10) (34 49) (32) (82 95 41 86) (75 43 59 5 9 22 54) (8) (36 33) (62) (7 57 12 81 39 90 25) (67 27 60 46) (55 97 56) (73 45) (58) 
47 (62 90 72 96 57 13 18 45 78 17 67 100 59 9 84) (5 58 41 7) (50 92 42 94 74 47 16 52) (37 36 32) (63) (76 64 71 61 68 91 27 24 75) (29 23) (12) (81 70) (20) (4) (43 88 66 31) (80) (87 83 15 85 46 21) (35) 
48 (74 62) (82) (93) (79 67 96 75 6 69) (41 15 98) (72 25 77 38 11 30) (2 46 44) (14 57 1) (43 31) (28 64 60 32 94 59 87 34) (52 49 42 4 51) (10 86) (84 76 3 29) (45 33) (23) (85 91) (9 39) (27 92 80) 
49 (41) (62 38 56 64 10 67 26) (69 92 95) (55 63) (98) (21 73 48 54 15 2) (8 53 6 57 22 5 86) (85) (12 71) (96 28 49 24) (40 37) (4) (16 93 61 43) (94 89 74) (11 20 50 9 33) (58 35 32 30) (88 27 13) (100) (60 51 76 46) (83) 
50 (9) (57 78 100 53 11) (66 55 30 12 88 47 70) (33 10) (65 69 49 71 21) (82) (18 76 4) (20 39 7) (60) (28) (22 59 62 97 85 31 5 92 73 80) (68) (50) (79 94) (99 27 40 41 14 17 63) (93 2 45 58 42 52 16 38 56) (98 8 61) (29 35) (15 77 74 91) 
51 (10 99 17 36 24 49 73 32 64) (13 25 82 79 41 22 29) (62 6 60) (12 3 34 35) (9 96) (74 47 26 66 54) (75) (42 69) (56 94 5 81 38 43 59 14 52 97 18 65) (58 84 67) (85) (76) (40 46) (70 95 61 51 27) (21) (92 23 1 2 11 45 50 37) (39) 
52 (78 49 71) (14 33 41 4) (73 85) (27) (89 39) (18) (62 84 23) (56 10 72 7 42) (60 90 26 8) (37) (94 99 53 67 75 47 44 45 20 22 24 31 54 21) (61) (9 32 15 58 5 59 76 69) 
53 (70 88 93 24) (23 75 35 25 77) (49 43 60 37) (28 63 62 39) (47 87 22 44 92 97 91 73 79 99) (10 7 84) (64 26) (57 5 55 54) (20) (36 65 59) (51 29) (16 58 9 69) (98 41 12) (80) (27 89 74 18) 
54 (50) (47) (91 23 45 76 59 64 74) (51) (77 35 56 17 55 60 65 62 83 49 52) (93) (12) (48 88 81 30 41) (10 46) (18 22 9 2 14) (100 84 75) (1 20 79) (69 34 19 73 68) (36) (72 25 27 16 98 99 86) (39) 
55 (22 16 64 60 76 57 58 62 98) (94) (47 4 54 27 86 67 100 83 50) (45) (33 71) (46) (11 14 39 85 73) (29 37 25 69) (15 48 26) (87 40) (97 93 59 81) (21) (84 23 74 77 88 44) (34) (90 51 43) (3 31 8 53 36 20 65) (78 66 10 9 68 79) 
56 (48 5) (53) (16 26) (42) (14) (28) (91 27 75 33 7) (82 12) (13 93 61 84 74) (64 55 49 99 9) (50 69 4 90) (88) (65 97 8 77 80 60 32) (41 6 94 47 95) (51) (45 63 36 54 100 35 98) (57 72 31) (96) (83) (34) (43 24 58 87 18) (81 68) 
57 (58 67 22 88 34) (8) (42 41 89 23 4 46 1 43 25 76) (33 3 61 77 45 97) (60 74) (48 20) (83 84 55 59 63 36 79) (49) (6) (95 14 100 7) (86 19 96 16 91 31 68) (26 90 99 32) (37) (92 72) (52 73 56) (21 40) 
58 (1) (26 27) (31 13 76) (46) (41 78 14) (30) (53 67 75 50 37 62 42 63 22 91 15 79 7) (61 84 73 88 25 87) (35 64 83) (66 48) (81) (70 9 85 56) (49 36) (58 77) (17 24) (8 19 68) (51 99) (82 34 43 93 100 3 89 6) (52 55) (47) 
59 (25 100 44) (94 8) (33 83 30 57 11 65 50 22 98) (32 4) (49) (36 68) (64 9 3) (88 86 45) (58 89) (14 74 72) (12 18 38 54 29 73 19 70) (15) (85) (67 37 24 1 17 34 16) (78) (59) (93 27) (52 40 92 35 61) (81 43 6) (23 82) (56) (66 55) 
60 (67) (86 28 58 75 18 3) (42) (62 80 89) (95 13 40 91 48 36 83 69) (26 68 22 45 47) (78) (90) (25) (87 55 16 12 4) (53 10) (70 79 2 96 98 35 27 84 41 56 17 100 77 64) (63 57 20) (88) (37 49 71 60 61 29 24) (31 54) 
61 (91 79) (96 78 50) (71 63) (36 49 89) (18 28) (6 40) (65) (41 54) (27 34) (73 22 25 99 61 15 64) (94 38 37 39 81 80) (56 59 93 11) (76 30 13 42 52) (66) (23 51 29 55 67 83 46 58 12) (19) (68 8 20 47) (84 92 75) 
62 (39 94 14 77 8 25) (70 89 42 5 12) (36 43 74 62) (17) (7 96) (3 11 10 84) (61 67) (51 55) (69 38 83 41 73 97) (54 29 4 64 81 48 75 22) (13 1 82 6 27 26 57 20) (18 93 9) (58 68) (56) (72 92 24) (88 37 40) (53) (2) 
63 (87 13) (15 64) (57) (2) (32 45 7 41 9 95 84 71 30 40) (72 36 93) (17 25 11 46 59) (12) (66 16) (69 3) (18 52 4 62) (49 14) (10 78 97 98 82) (77 29 21) (60 19) (91 50 83 24 48) (79 28 88) (33 94 92) (89) (43 55) 
64 (12 56 37 49 75) (53) (16 7) (94 14 61) (80 78) (4) (25) (86 97 41 98 17) (34 62 42) (23) (57) (2) (96 63) (5 84 70 71 90 69 29 38 59) (82 99 9 31 6 60 46) (68 44) (48 20 43 3 19 54 30) 
65 (63 33 35 87) (76 21 19) (51 79) (93 73) (72 56 84 23 50 96 99) (65 36 88) (2 22 15 43) (70) (11) (52) (18 17 44) (42 24 48) (30 94) (12 46 10 92 39) (69) (40 85 62) (26 75 8) (13) (5 98) (100 55 64 34) 
66 (74 10) (65) (96 18 35) (44 15 99 32 31 9 29 33) (45) (59 69) (72 64 90 84 55 98) (91 19 70 40 51 30 75 14) (38 41 16) (71 28) (8 52 95) (80 93 25 43) (63 88 54 83) (67) (22 24) (48 50) (49 42 21) (5 53 39) 
67 (43 45) (79 24) (92) (70 62 25 88 76 40 31 83 65 33) (84 69) (41) (5) (97) (73 63 87) (58) (90 22) (75 1 11 29 10 36) (86) (15 74 42) (12 47) (81 7 34) (80 59) (28) (57 93 20 72 48 8 68 78 51) (96 14) (91) (94 53 6 26) (61) (16 19 95 60 27 46 49 3 37) 
68 (69 38 60 25 65) (62 82 45 66 33 44 23 72 78 71 77 7 75) (63 76 58) (4 6 8 73 36 13) (95 15 17) (49) (20 61 5 99 97 67 54 79 56) (32 14) (88 26) (80 48) (91) (92 22 52 24) (16 86) (41 27 11) 
69 (89) (57) (85) (48 20) (31) (37 94) (67) (71 90) (44) (38) (77) (65) (98 60) (10) (68 6) (52 28) (100 3 9 97 36) (80) (33 43 47 29 42 70) (92 5 72) (2) (13 30 66 1 27 51 45 39 23 26) (58 4 14) (15 81 82) (8 54 11) (78) (88 99) 
70 (23 82 73 87 15 100 42 92 12 61) (98) (8 57 72 58 74 67 52) (86 54) (95) (79) (69) (1 80 37 5 90 14 96 41 60 13) (55 32) (48 97 71) (85 77 19 11 89 38 33 20 70 49 51 40 30 68 83 7 76 43) (34) (21 94) 
71 (95 28) (65 60 8 99 27 79 46) (23) (18 88) (50) (64) (87 83 48 67) (38 51 74 81) (75 14 16 32 94 26) (91 17 93 5 56 12 3 39 44) (72) (98 84) (13) (85) (90 35 77) (30) (49 69 36) (54 31 66 1 76) (42) (29) 
72 (9) (1 50 40 51 3 31 14 57) (35 86 89 92 91) (6 54 85 24 20) (100 25 23) (98 66 43) (32) (10) (16 12 90 87 71 83) (46) (95 75 30) (59) (70) (82 48 88) (81) (18 74 79 65 15) (13) (41 78 34) (8) (99) (28 80 49) (19) 
73 (98) (38 24 86 58) (78 100 90 22) (17 79) (60 61 88) (67 25 94 39) (26) (64) (84 59 10) (68 42 20 30 43 75) (56 74 5) (80 96 89 50 99) (63 3 28 87 83 31) (70 69) (47 27 44) (82 45) (65) (29 2) (92 9 51) (34 52) 
74 (65 84 95) (25 12 34 87) (79) (30) (26 99 16 94) (45 55) (62 28) (9 69 92 61) (44) (32) (76 78 80 73 21 6) (89) (64 91) (18 71 68 43) (52 82 77) (81 88 31) (4) (33) (98 66 3 70) (54) (29 8 11) (20 24) (58) (36 42 56 39 57 74 40 5) (60 59 37) 
75 (72 14) (93 98) (26) (44 89 84 9 86) (94) (46) (78 13 73) (6) (51 91 17 53 99 62 27 2 47 59 30 50 39) (90 34 52 43 45 66 67 1 24 87) (37 85 10 83 29) (79 69 70 68 33 4 36 25 71 40 41 63) 
76 (9 24 89) (63) (44 23) (39) (75) (33) (14) (11 71) (73 81 31 17) (48 3 64 70) (92 8 45 53 2 34 6) (61 99 42 47) (18 1) (96 4 84 28 43 65 19 100) (30 32 10 85 80 36) (91) (21 62 97) (93 98 60 26 41 55 76 57 50 78 16 38 66) (13 95) 
77 (4) (5 30) (36 48 89) (90 68 14 71 100) (27 93 59 25) (21 43 64) (79 12 74 92 69 56 84 44) (17) (85) (95 73 35 31 81 24 61 13) (32 98 58 1 52 47) (83 2 3 54 55 66) (62) (51 7) (50 10 33) (16 87 37 22 20) 
78 (39 78) (25 32) (48 8 94 24 19) (100 51 66 52 20 56 13 33 16 93 10 23 71 46 6 14 81 98) (61) (91) (3 80 50 76) (82) (12 2 60) (97 17) (84) (30) (58 88) (77) (38) (26 21 62 86 36 96 18) (57 47 40) (69 22) (73 83 7 92 4) (28 29) (55 31 90 1 64) (85) 
79 (53) (54 16 83 73 51) (90 43 2 6 85 60) (13) (34 76 36) (64 96 79 71 30 82 37 65) (3) (23 11 67 61 57) (45 31) (29 14 28 38) (91) (1 52 24 10 19) (15 42) (69) (8 81 100 87) (21) (84) (86 17 93 99 97 80 18) (20 56 47) (55 89 35 95 25) 
80 (52) (46) (84) (45 47) (61 30 93 86 77) (90 96) (36 85) (17 16 70) (89 29 20) (63 9 68 74 19) (24 33 91) (67) (38 37 81 55 2) (97 54 60 28 32 78) (72) (62 65 57) (82) (64) (58 94 31) (43) (10) (8) (34 49 56 92 6 44 98 42 50) 
81 (71 54 33 4) (12 16 82 57 69 53 25) (64 61 78) (87 30 83 73) (55) (47) (15 60) (41 59 44) (17) (68 1) (11) (75) (10 8 52 31) (90) (46 79) (26 48 5 50 99 62 65 45 43) (2 86) (7 23 20 96 63 39) (97 21) (28 88) (72) (56) (80) 
82 (22) (83 34 30 56) (99 8) (2 71) (81 91 3 89 20) (57 48 52 90 40 93) (38) (92 43 67) (84 75 19 35 74 54 1 69 31 26) (86) (14 44) (25 80 73) (65 42) (37 58 59 28) (66 53 76 12 68 24) (94 6) (9 33 46 17 62 78 72) 
83 (84) (30) (46) (53) (58 40 22 74) (51) (55 71 82 26 10 12 50 63) (48 72 69) (1 98) (92 65) (35 67) (75 90 39 52 37 3) (87 93 24 13 79 4 42 43) (77 6 44 27) (21) (97) (49) (89 68 31 59) (80) (62 36 9 56 99 7) 
84 (12 3 63 98 95 96 61 86 74 66 94) (78 93 29) (39 90 59) (46 43 4) (57) (38 40 23) (79 42 77) (13 58 5 15) (87 41) (68 47 97 9 80 28) (22 27 89) (85) (10) (48 73) (31) (19) (99) 
85 (67 21) (46) (7) (61 3 44 19 55) (84 37 56 15 69) (27 36) (47) (38 23) (45 79 98) (71) (87 88 70 22 26 95) (35) (76 16 60) (40) (85 13 99 18) (20 39 34 54) (10 28) (90 12) (43 66) (81 73 11 49 72 78 41) (5 96) (2 58 77) 
86 (4 58 99 35) (18 25 9 92 74 22 36 57 11 54) (90 15 96 49) (21) (62 33 61 27 95 7) (44 65 41 46 3 64) (59 10) (45 75 80 93) (32 19) (81 70 24 66 13 39 60 52 40 43 85 51 89 28 86 47 91 34 17) (16 50) (30) (38) (48 42) (5 100) 
87 (82) (28 2) (52) (53 20 46 78 66) (49) (47 59 89) (84) (39 87 9 50 16 38 45 67) (86) (14 92) (65 35) (6 64 40 60 1 22 54 10 17 56) (55 98 83) (93 19 61 4 85 5 96 95) (70 34) 
88 (23) (97) (44) (47) (75 38 55) (51 63 89) (82) (93 71 11 84) (34 76 98 95 70 88 67 33) (96) (16) (87 78 27 61 83 53) (62 100) (54) (17 52 9 56 6 80) (85 40 36) (29 50) (79) (1) (45 35 64 30 14 48 90 8 59 13 7 39) (5 73) (69 68 28 91 92) (19 18) (42) 
89 (11 29) (66 12 42) (3 87 24 75) (89 28) (76) (37 58) (64 1 85 55 6 98 88 91) (9) (95 50 22) (100 31 61 27) (43) (39 38 97 74 79) (78 86) (54 53 69) (94) (17 59 26 40 84) (72 67 49 21) (34 20 4 15 60) (5 41) (65 36) (47 35 56) (32) 
90 (17 90 11 63 74 96 67) (20 62) (7) (28) (85 55 34 48 12) (18 32 24) (29 88) (58 44) (59 30) (35 10 87) (95) (92) (49 99 19) (25 45) (41 89) (57 82 40) (79) (76) (47 66 37 56 80 33 65 50) (3) (84) 
91 (21 30 57 50 45 98) (23) (63 38) (87 6 71 68 13) (62 97 94 61 47 35 51) (56 11 77 25 9) (44 5) (19 24 37 73 82 95) (70 15 76 17) (53 69 18 58 43 79 64 99) (36) (20 2 49 42 16 86 78 66 60 1 96) (80 22) (3 65 54) (29 67) 
92 (57 65 37 2 73 1) (23) (68 10) (14 82 52 30) (19) (4) (55) (75 100) (64) (33 21) (96 63 50 81) (80 66) (16 76 13 99 78) (28 53) (18 60 74 95 47 6 27 54 26 44 71 29 36 79 62 34 41 20 84) (38) (93 92) (59 67) (9 45 24 25 83) 
93 (91 96 69 15 30 55) (37) (60) (63 36 29 26) (17 5 35 23 95 76 66) (59 32 25) (42 41) (92 57 9) (48 50 54) (64 61) (82 7 10) (62 31 89) (80 6 20 28 100 79 18 51 94) (34 78 85) (33) (21) (14) (1 24 72 90 19 84 83 45 8 58) 
94 (8) (10 50) (71 40 63) (91 20 61 69 49) (92 76 59 22) (6 75 33 77 29 37 2 27) (96 23 12) (34) (66 11) (73) (93 14 53 70) (48 72) (87 100 38 44) (57 18) (35 45 16) (67 47 1 43) (30 54 82 51 39 88 52) 
95 (12 89 58) (63 84) (79 11 52 42 74 35 61 1) (2 24) (93 19) (49) (15) (46 30 5 8 20 17) (48 97 96) (45 72) (14 22 67 71 91) (16) (34 18 39 38 44) (86 90 56 29) (68 82) (100 83 3) 
96 (40 35) (3) (13 60 22 63 97 37 59 48 32 82 23) (4 81) (93 27) (57 10) (73 7 18) (39) (51) (72) (92 34) (96) (5 79 24 21 68 91) (41) (53 52) (19) (45) (25 49 99 29 80) (61 62 14) (36 31) (12) (86 15) 
97 (83 74) (100 80 40 52) (85 42) (25 32 13 59 49 23 82 96 56 53 4 24 55) (39 73 88) (18 1 62 3 21 92 89 34 98 30 65 19 15 41) (97) (81 69 79 2) (9 45 17 66) (12 31) (60 70 8 6 20) 
98 (28 49 57 44 26 37) (24) (70 38) (31 94 33) (45 55 35 40 41 91) (54 16) (83 46 4 17 15) (27 80 30 71 92 5 34 36 89) (43) (84 53 79 73 62 81 19) (29) (82 88 51) (6 39 12 78 72 22 11 66 14 86 3 95 52 90) (87) 
99 (46 71 91 18 58) (55 95 4 74) (85) (83) (45 11 56 9 7 73) (68 19 52) (48) (90 63 28) (22 77 94) (99 93 84 16 92 15 5 10 21) (76 97 42) (43 70 79) (36 8 60 20 62) (37 30 100 33 57) (35 27 59) (13 31) 
100 (38 9 47) (55 97 80) (66 10) (70 89 93 71 100) (24 59 63 56) (42) (40) (31) (53 51 72 16) (57 90 14) (15 85 45 29 62 78) (94 87 73) (23 3 88) (67 43 17 84) (48) (50 77 8 7 79 26 5) (95) (83) 
1 (22) (83) (42) (32) (88) (14) (12) (77) (2) (43) (28) (58) (57) (82) (75) (4) (16) (95 70 29 8 23 78 87 35 34 20 81 94 51 97 67 41) (69 24) (31 92) (91 6 33 10 36 48) (62 59 39 15 72) (71 76 54 93) (46 37 79 89) 
2 (49) (27) (82) (77) (69) (94) (54) (50) (92) (48) (87) (60) (2) (20) (29) (75) (80) (63) (9) (65) (6) (64) (10) (33 62) (73 85 42 34) (81 44) (5 91) (18 51 76) (23 95) (45 78) (14) (43 21 79) (97) (31 26 39 3) 
3 (17) (19) (83) (32) (10) (84) (6) (69) (60) (89) (4) (14) (33) (79) (34) (39) (77) (64) (15) (63) (98) (29) (57) (13) (48) (27) (78) (43) (1) (37) (62) (58) (51) (9) (3) (91 76 90) (100 72 73) (22 95 82 25 59) (85 97) (71 74 67 35 96 42 5 55) (86) 
4 (55) (5) (63) (35) (15) (68) (98) (62) (69) (59) (6) (60) (30) (16) (89) (86) (75) (28) (74) (83) (97) (1) (13) (84) (41) (32) (27) (48) (92) (47) (34) (25) (38) (56) (87) (43) (76) (29) (19) (52) (45 44) (46) (18) (12) (23) (36 57) (81 50 49 77 96 22) (78 64 99 26) 
5 (43) (3) (73) (86) (74) (1) (40) (56) (26) (38) (95) (33) (87) (21) (28) (71) (9) (13) (14) (70) (50) (81) (49) (65) (62) (47) (44) (84) (16) (91) (77) (52) (7) (29) (93) (32) (51) (66) (85) (53) (98) (69) (20) (88) (68) (10) (41) (37 5) (67) (2 46) (27 96 89 24 64 100) (99) 
6 (31) (41) (91) (67) (16) (3) (51) (13) (10) (82) (30) (93) (56) (14) (64) (29) (88) (40) (11) (94) (61) (75) (87) (83) (98) (2) (33) (32) (27) (48) (58) (26) (79) (25) (19) (80) (44) (1) (78) (74) (89) (92) (72) (17) (57) (22) (24) (49) (23) (59) (68) (76 97) (62 69) 
7 (47) (96) (38) (83) (70) (10) (20) (62) (41) (39) (45) (57) (34) (4) (29) (16) (90) (12) (18) (100) (67) (13) (42) (2) (99) (1) (93) (21) (78) (23) (88) (52) (77) (68) (24) (81) (3) (50) (53) (15) (33) (35) (86) (63) (36) (58) (46) (64) (56) (32) (6) (7) (85 11) 
8 (56) (69) (55) (79) (52) (28) (71) (82) (95) (88) (50) (97) (70) (2) (99) (100) (74) (12) (46) (62) (22) (94) (57) (58) (66) (34) (81) (49) (93) (80) (8) (40) (24) (5) (29) (17) (41) (16) (72) (61) (76) (65) (78) (23) (45) (25) (68) (7) (37) (67) (59) (15) (31) (35) (18) (39) (14 6 11) 
9 (100) (35) (50) (9) (25) (19) (80) (99) (31) (33) (13) (40) (69) (52) (17) (88) (83) (2) (47) (29) (82) (7) (93) (92) (4) (30) (27) (23) (14) (15) (56) (59) (48) (58) (53) (76) (28) (91) (63) (62) (73) (84) (75) (66) (55) (20) (51) (86) (89) (43) (24) (54) (44) (46) (42) (72) (5) (26) (38) (74 97) (49 64 87) 
10 (43) (2) (49) (79) (96) (19) (12) (18) (52) (69) (32) (81) (51) (66) (6) (92) (41) (38) (24) (84) (42) (44) (7) (85) (30) (48) (33) (11) (1) (72) (80) (65) (50) (29) (5) (77) (100) (94) (46) (20) (3) (83) (73) (93) (78) (67) (10) (14) (62) (87) (25) (54) (60) (53) (22) (76) (63) (99) (90) (75) (8 13 86 37 55) 
11 (50) (25) (65) (45) (85) (98) (51) (22) (20) (48) (14) (99) (69) (21) (88) (76) (36) (40) (7) (91) (59) (74) (95) (94) (29) (81) (6) (15) (38) (49) (17) (89) (4) (9) (61) (90) (1) (67) (16) (63) (86) (24) (55) (34) (41) (79) (23) (2) (68) (62) (42) (33) (70) (35) 
12 (45) (29) (65) (72) (8) (85) (95) (81) (24) (14) (49) (47) (51) (31) (71) (13) (36) (2) (74) (56) (35) (30) (4) (6) (32) (59) (44) (84) (50) (97) (54) (62) (67) (9) (83) (61) (64) (7) (77) (46) (53) (98) (82) (15) (25) (42) (94) (12) (37) (78) (89) (26) (23) (60) (41) (70) (96) (40) (90) (18) (63) 
13 (20) (49) (26) (68) (47) (24) (25) (61) (88) (86) (60) (39) (85) (77) (16) (28) (37) (97) (40) (5) (15) (65) (99) (96) (70) (19) (76) (91) (13) (51) (38) (8) (29) (62) (45) (44) (71) (33) (3) (22) (63) (58) (79) (78) (36) (32) (83) (35) (31) (92) (41) (4) (72) (56) (9) (84) (75) (69) (23) 
14 (52) (94) (63) (55) (48) (28) (68) (67) (38) (6) (75) (32) (72) (22) (9) (40) (95) (44) (21) (100) (1) (77) (5) (2) (70) (62) (71) (98) (17) (27) (92) (31) (82) (76) (36) (57) (13) (51) (14) (30) (66) (78) (79) (58) (8) (93) (11) (33) (25) (43) (54) (50) (64) (16) (96) (45) (69) (41) (59) (87) (88 20 18) (56) 
15 (47) (9) (11) (46) (91) (68) (39) (84) (10) (49) (8) (26) (44) (33) (79) (20) (93) (59) (100) (81) (52) (98) (99) (1) (24) (55) (13) (50) (89) (58) (35) (5) (30) (31) (96) (61) (18) (72) (95) (42) (19) (66) (48) (67) (70) (6) (65) (32) (22) (63) (36) (45) (28) (97) (3) (85) (69) (86) 
16 (79) (57) (94) (49) (28) (46) (25) (27) (45) (85) (91) (7) (80) (1) (72) (11) (8) (53) (18) (60) (34) (16) (67) (54) (30) (14) (39) (42) (74) (100) (76) (78) (33) (6) (29) (63) (71) (44) (92) (56) (24) (20) (50) (55) (99) (35) (5) (87) (81) (64) (3) (31) (88) (59) (47) (66) (2) (86) (95) (98) (68) (77) 
17 (12) (2) (60) (77) (42) (73) (63) (97) (24) (1) (98) (87) (78) (9) (81) (37) (10) (45) (25) (89) (95) (68) (26) (33) (51) (88) (75) (79) (36) (76) (43) (11) (46) (71) (80) (64) (100) (44) (62) (47) (39) (86) (32) (82) (21) (65) (58) (13) (90) (50) (54) (8) (91) (16) (3) (93) (30) (59) (41) 
18 (96) (12) (92) (88) (56) (93) (74) (76) (2) (36) (41) (62) (91) (72) (28) (61) (4) (66) (99) (50) (53) (78) (26) (97) (95) (5) (6) (60) (65) (33) (37) (22) (94) (63) (19) (15) (31) (29) (52) (7) (71) (90) (34) (59) (18) (79) (47) (44) (8) (51) (10) (43) (23) (25) (45) (54) (86) (85) 
19 (11) (5) (99) (79) (24) (28) (9) (90) (61) (82) (78) (23) (7) (57) (72) (16) (70) (32) (64) (67) (13) (96) (8) (29) (63) (41) (36) (58) (21) (22) (42) (65) (84) (92) (2) (98) (59) (87) (33) (4) (40) (44) (93) (86) (54) (34) (43) (12) (97) (14) (88) (27) (1) (20) (95) (37) (15) (80) (30) (17) (85) (76 6 91) (66) 
20 (53) (94) (18) (25) (8) (41) (36) (67) (87) (42) (74) (70) (64) (92) (79) (99) (15) (61) (55) (62) (49) (97) (47) (95) (60) (1) (89) (77) (85) (24) (93) (26) (20) (31) (80) (73) (23) (52) (82) (16) (19) (50) (34) (57) (90) (72) (68) (91) (54) (17) (81) (38) (12) (6) (69) (78) 
21 (24) (30) (83) (14) (22) (15) (1) (6) (28) (23) (44) (81) (93) (26) (55) (2) (70) (99) (45) (76) (37) (77) (65) (52) (51) (85) (74) (47) (78) (31) (96) (63) (92) (89) (43) (35) (11) (86) (29) (91) (97) (36) (50) (38) (57) (17) (79) (41) (49) (33) (66) (25) (20) 
22 (25) (53) (77) (98) (39) (86) (49) (91) (12) (35) (41) (99) (4) (89) (95) (17) (28) (87) (50) (18) (96) (15) (62) (59) (34) (73) (67) (85) (23) (14) (46) (54) (40) (94) (84) (65) (58) (52) (55) (1) (82) (66) (24) (51) (38) (78) (22) (31) (68) (36) (83) (44) (60) (45) (9) (5) (61) (21) (57) 
23 (47) (40) (57) (2) (61) (38) (14) (85) (72) (41) (18) (4) (28) (64) (20) (93) (36) (53) (78) (97) (84) (33) (6) (48) (71) (51) (79) (3) (100) (94) (96) (32) (55) (70) (39) (76) (88) (8) (92) (17) (19) (23) (42) (11) (54) (13) (34) (65) (69) (68) (29) (52) (21) (1) (59) (81) (31) (27) (25) (91) (10) (9) (45) 
24 (82) (44) (66) (78) (49) (83) (74) (97) (8) (13) (56) (47) (62) (89) (79) (29) (6) (93) (100) (35) (2) (52) (75) (77) (80) (4) (76) (73) (95) (63) (23) (37) (72) (65) (25) (41) (3) (68) (91) (19) (59) (60) (30) (20) (92) (31) (98) (21) (53) (40) (45) (46) (96) (51) (33) (12) (67) (42) (86) (58) (90) 
25 (62) (86) (59) (66) (27) (97) (9) (55) (51) (63) (74) (22) (34) (28) (40) (57) (53) (78) (60) (64) (75) (13) (44) (35) (8) (96) (61) (46) (4) (20) (67) (17) (48) (90) (24) (6) (79) (45) (82) (68) (31) (81) (5) (16) (73) (93) (1) (91) (39) (58) (41) (10) (72) (25) (11) (77) (92) (26) (54) 
26 (37) (41) (16) (98) (58) (28) (13) (89) (12) (62) (25) (71) (92) (52) (33) (15) (82) (26) (65) (49) (74) (67) (78) (32) (57) (42) (17) (1) (34) (43) (60) (8) (56) (6) (22) (3) (68) (44) (93) (53) (23) (21) (81) (7) (20) (73) (76) (83) (51) (75) (69) (38) (55) (85) (100) 
27 (40) (6) (84) (60) (83) (38) (45) (59) (71) (31) (1) (77) (75) (54) (35) (96) (10) (85) (88) (39) (44) (52) (24) (17) (5) (32) (67) (56) (61) (23) (58) (98) (86) (26) (34) (14) (13) (55) (15) (46) (62) (69) (9) (51) (49) (50) (53) (27) (4) (48) (92) (68) (8) (94) (28) (99) (89) (47) (73) 
28 (6) (5) (86) (74) (14) (41) (42) (20) (71) (44) (53) (39) (46) (81) (32) (13) (84) (99) (72) (49) (2) (17) (21) (36) (1) (69) (50) (29) (38) (63) (23) (66) (61) (92) (82) (90) (85) (88) (98) (87) (56) (19) (76) (67) (28) (4) (60) (79) (48) (25) (33) (45) (8) (15) (11) (78) (73) (80) (93) (89) 
29 (6) (37) (28) (64) (42) (9) (61) (71) (73) (36) (19) (84) (74) (21) (69) (78) (41) (4) (47) (66) (29) (1) (75) (62) (60) (2) (90) (89) (79) (15) (3) (55) (92) (48) (91) (95) (22) (12) (88) (63) (93) (45) (94) (43) (17) (98) (24) (25) (53) (18) (96) (59) (11) (44) (100) (67) (80) (51) (50) (10) 
30 (58) (26) (61) (80) (46) (98) (86) (50) (83) (32) (10) (72) (91) (4) (45) (35) (22) (49) (76) (20) (88) (75) (15) (70) (78) (81) (63) (30) (93) (34) (97) (23) (79) (44) (59) (66) (5) (37) (90) (92) (69) (54) (71) (77) (99) (3) (9) (27) (48) (25) (65) (6) (94) (95) (16) (14) (7) (74) (13) (73) (82) (36) (28) (64) 
31 (1) (14) (12) (58) (45) (56) (96) (82) (18) (77) (74) (23) (22) (89) (93) (27) (98) (55) (97) (34) (67) (78) (60) (46) (37) (30) (5) (57) (81) (20) (28) (31) (52) (71) (72) (7) (69) (79) (3) (50) (36) (48) (24) (10) (84) (64) (76) (9) (66) (17) (99) (41) (73) (15) (47) (2) (100) (33) (43) (83) (19) (4) (80) 
32 (1) (90) (89) (26) (10) (72) (40) (38) (52) (68) (74) (11) (27) (14) (97) (59) (17) (35) (86) (49) (39) (42) (3) (78) (20) (6) (19) (28) (36) (48) (9) (47) (93) (46) (31) (96) (71) (76) (66) (56) (13) (63) (37) (4) (16) (51) (34) (80) (77) (32) (33) (41) (70) (57) (43) (25) (24) 
33 (30) (59) (13) (78) (3) (68) (63) (19) (20) (46) (76) (22) (41) (66) (33) (65) (9) (98) (56) (50) (45) (1) (18) (74) (57) (4) (69) (11) (86) (38) (49) (5) (39) (82) (80) (28) (92) (24) (90) (67) (93) (52) (81) (94) (55) (75) (88) (27) (35) (99) (70) (48) (15) (31) (32) (16) (77) (34) 
34 (22) (4) (7) (85) (88) (37) (61) (67) (93) (95) (74) (75) (64) (98) (46) (73) (1) (40) (59) (16) (8) (14) (92) (89) (25) (21) (2) (24) (30) (79) (27) (82) (86) (38) (97) (55) (57) (80) (72) (34) (9) (76) (54) (94) (28) (12) (5) (33) (48) (90) (29) (87) (96) (13) (51) (44) (56) (26) (70) (19) (58) (65) 
35 (85) (43) (45) (39) (56) (94) (58) (79) (34) (82) (96) (41) (47) (53) (77) (36) (23) (17) (51) (29) (42) (24) (66) (44) (1) (93) (25) (90) (98) (9) (35) (49) (89) (50) (10) (8) (16) (59) (65) (91) (60) (83) (33) (22) (3) (27) (86) (95) (72) (12) (21) (88) (19) (54) (6) (4) (13) (99) (87) (71) 
36 (58) (79) (47) (63) (96) (15) (53) (76) (69) (26) (92) (62) (88) (13) (2) (43) (16) (80) (68) (85) (98) (57) (20) (91) (51) (74) (67) (34) (78) (93) (59) (71) (86) (23) (65) (77) (45) (11) (46) (55) (89) (83) (54) (28) (7) (17) (5) (41) (99) (9) (31) (6) (32) (22) (29) (56) (61) (75) (30) (60) (38) 
37 (98) (35) (85) (94) (22) (2) (41) (52) (75) (96) (20) (29) (17) (61) (49) (83) (18) (28) (37) (24) (42) (11) (57) (74) (70) (53) (92) (79) (90) (89) (62) (80) (67) (23) (60) (55) (47) (12) (33) (51) (91) (8) (58) (44) (21) (77) (99) (82) (6) (26) (45) (1) (64) (25) (32) (27) (59) (69) (93) 
38 (46) (62) (100) (37) (51) (95) (71) (6) (40) (79) (18) (87) (33) (50) (78) (59) (92) (82) (64) (73) (68) (22) (76) (29) (49) (66) (27) (94) (16) (21) (17) (28) (98) (20) (30) (61) (48) (14) (2) (23) (88) (86) (45) (25) (89) (80) (3) (70) (85) (24) (39) (91) (26) (4) (5) (43) (84) (10) (69) 
39 (87) (14) (69) (81) (3) (23) (38) (30) (8) (22) (6) (36) (5) (46) (50) (44) (76) (97) (88) (48) (89) (85) (31) (74) (27) (66) (51) (19) (52) (61) (62) (26) (17) (2) (10) (71) (53) (54) (55) (98) (83) (73) (94) (4) (20) (95) (13) (65) (24) (37) (33) (96) (78) (11) (86) (84) (45) (34) (43) (75) 
40 (90) (61) (98) (55) (44) (43) (67) (39) (65) (17) (66) (26) (50) (22) (97) (30) (74) (62) (15) (85) (70) (96) (87) (86) (5) (25) (88) (49) (83) (21) (59) (41) (82) (12) (9) (24) (3) (75) (29) (72) (60) (14) (27) (63) (100) (57) (94) (32) (89) (7) (78) (51) (84) 
41 (63) (62) (22) (76) (60) (43) (75) (11) (38) (2) (85) (5) (1) (96) (54) (37) (58) (27) (25) (97) (90) (30) (20) (66) (64) (89) (86) (13) (29) (49) (46) (31) (10) (61) (28) (24) (47) (68) (84) (98) (93) (23) (8) (33) (21) (52) (92) (19) (45) (35) (16) (72) (67) (48) (50) (56) (7) (53) (51) (42) (81) (70) (57) (34) 
42 (48) (88) (44) (62) (70) (42) (41) (83) (84) (18) (7) (32) (17) (4) (100) (91) (21) (76) (20) (95) (12) (60) (13) (66) (67) (86) (47) (26) (80) (14) (79) (69) (82) (97) (65) (73) (19) (89) (99) (52) (61) (58) (38) (28) (51) (5) (9) (11) (1) (74) (25) (93) (3) (2) (57) (6) (50) (39) (8) (56) (24) (64) (71) (31) 
43 (39) (94) (32) (79) (48) (82) (85) (62) (73) (76) (47) (25) (28) (42) (65) (40) (59) (70) (55) (56) (91) (83) (13) (75) (5) (80) (24) (19) (41) (86) (1) (64) (100) (77) (46) (22) (49) (29) (11) (38) (99) (53) (10) (33) (66) (89) (57) (74) (81) (15) (69) (4) (7) (84) (43) (67) (37) (31) (72) (16) (63) (98) (30) (51 44) (58) 
44 (43) (39) (24) (85) (10) (44) (68) (73) (22) (34) (74) (91) (80) (53) (55) (8) (88) (64) (76) (65) (59) (27) (13) (82) (9) (45) (71) (95) (21) (69) (4) (28) (86) (7) (16) (37) (52) (94) (92) (36) (66) (90) (77) (83) (48) (31) (75) (6) (81) (98) 
45 (31) (46) (33) (51) (1) (98) (90) (68) (97) (52) (3) (75) (8) (7) (44) (79) (76) (40) (6) (54) (4) (12) (93) (24) (5) (16) (59) (91) (15) (74) (67) (38) (2) (39) (21) (30) (55) (36) (85) (42) (96) (37) (94) (48) (29) (100) (17) (10) (87) (92) (95) (13) (99) (73) (80) (22) (57) (35) (56) (50) (18) (81) (60) (69) (19 9) (63) (47 66 88 86 11) 
46 (64) (63) (18) (57) (43) (81) (46) (37) (24) (33) (17) (51) (26) (42) (9) (75) (49) (78) (65) (45) (71) (31) (58) (38) (14) (7) (39) (12) (54) (10) (48) (82) (34) (8) (84) (23) (99) (22) (5) (86) (95) (98) (61) (29) (83) (55) (40) (16) (85) (72) (80) (47) (67) (2) (87) (3) (32) 
47 (91) (55) (46) (13) (41) (81) (53) (45) (16) (73) (92) (58) (80) (85) (12) (90) (61) (67) (28) (23) (56) (78) (77) (8) (42) (40) (87) (76) (32) (1) (52) (26) (35) (60) (22) (33) (43) (51) (89) (75) (18) (24) (47) (100) (31) (54) (11) (25) (84) (94) (79) (2) (50) (10) (4) (86) (44) (69) (88) 
48 (24) (69) (38) (90) (88) (27) (66) (49) (67) (60) (95) (76) (20) (39) (82) (65) (45) (8) (19) (11) (31) (86) (7) (71) (42) (57) (43) (36) (70) (33) (34) (37) (100) (64) (81) (28) (2) (77) (40) (58) (17) (54) (56) (68) (25) (96) (63) (62) (3) (94) (99) (78) (10) (93) (5) (21) (9) (55) (72) (30) (16) (83) (84) 
49 (67) (31) (23) (7) (72) (91) (86) (59) (56) (63) (68) (51) (43) (27) (39) (21) (46) (25) (14) (8) (52) (66) (11) (85) (95) (61) (30) (36) (64) (12) (89) (18) (1) (57) (20) (22) (29) (96) (44) (19) (53) (45) (87) (50) (71) (49) (97) (41) (70) (28) (80) (94) (54) (58) (48) (83) (33) (98) (60) (90) 
50 (63) (15) (75) (51) (73) (45) (56) (17) (25) (23) (58) (55) (92) (78) (2) (7) (13) (44) (38) (100) (91) (59) (19) (46) (81) (72) (50) (12) (30) (9) (83) (88) (86) (66) (29) (76) (10) (28) (24) (94) (26) (49) (43) (87) (89) (65) (47) (90) (77) (16) (5) (61) (54) (93) (35) (14) (80) (40) (8) (39) (71) 
51 (79) (7) (88) (31) (70) (3) (83) (35) (78) (73) (41) (72) (91) (96) (38) (2) (34) (53) (6) (16) (23) (61) (27) (69) (94) (18) (9) (49) (75) (100) (43) (42) (67) (29) (66) (13) (86) (32) (65) (98) (19) (54) (12) (39) (48) (11) (25) (62) (51) (58) (55) (93) (77) (5) (56) (10) (71) 
52 (65) (75) (99) (86) (6) (30) (74) (21) (5) (77) (58) (83) (35) (54) (18) (47) (9) (33) (63) (17) (98) (79) (25) (23) (59) (88) (82) (26) (13) (78) (66) (51) (3) (10) (57) (38) (87) (32) (41) (81) (1) (80) (43) (20) (69) (48) (27) (7) (68) (4) (22) (31) (96) (12) (97) (39) (50) (24) (92) (70) (34) (11) (28) (61) (94) (73) (95) 
53 (5) (58) (44) (32) (98) (97) (46) (16) (26) (76) (81) (8) (66) (40) (67) (100) (55) (35) (87) (9) (10) (17) (33) (21) (75) (2) (52) (79) (62) (89) (7) (50) (6) (13) (64) (96) (22) (1) (56) (91) (83) (88) (38) (31) (60) (49) (36) (4) (39) (92) (94) (11) (30) (24) (45) (41) (82) 
54 (36) (93) (19) (46) (22) (85) (55) (10) (2) (40) (74) (77) (68) (61) (31) (3) (72) (44) (32) (17) (82) (25) (21) (30) (15) (91) (1) (41) (81) (64) (16) (62) (79) (20) (37) (94) (35) (49) (66) (13) (70) (26) (88) (60) (92) (98) (5) (59) (53) (27) (56) (71) (33) (86) (69) (80) (34) (89) (87) (52) (9) (51) 
55 (100) (39) (19) (50) (43) (10) (45) (99) (46) (78) (62) (7) (98) (60) (54) (66) (9) (27) (31) (42) (14) (21) (89) (65) (87) (38) (79) (56) (97) (26) (58) (70) (77) (59) (81) (61) (53) (32) (90) (8) (80) (29) (76) (13) (63) (85) (15) (5) (22) (37) (18) (1) (57) (93) (92) (83) (11) (74) (20) (49) (12) (44) (88) (17) 
56 (9) (46) (81) (27) (10) (31) (15) (28) (60) (38) (71) (57) (2) (62) (73) (95) (23) (1) (87) (85) (65) (97) (77) (82) (4) (91) (37) (39) (25) (58) (51) (45) (79) (89) (59) (22) (90) (7) (13) (50) (52) (68) (54) (41) (18) (64) (14) (100) (11) (80) (61) (24) (29) (34) (88) (74) (8) (78) (12) (49) (17) (83) (44) (99) 
57 (29) (18) (35) (78) (38) (7) (25) (90) (100) (64) (74) (53) (92) (91) (93) (12) (70) (80) (31) (96) (9) (48) (82) (84) (69) (45) (43) (72) (94) (46) (79) (62) (6) (47) (56) (3) (86) (67) (59) (81) (44) (49) (63) (99) (76) (10) (55) (98) (2) (60) (32) (50) 
58 (12) (80) (9) (57) (58) (13) (85) (29) (61) (59) (7) (41) (30) (55) (89) (53) (69) (23) (31) (21) (6) (10) (95) (70) (38) (15) (35) (82) (51) (99) (17) (4) (74) (56) (50) (46) (90) (20) (78) (26) (67) (86) (60) (47) (73) (2) (52) (77) (68) (49) (93) (33) (84) (83) (62) (91) (25) 
59 (2) (36) (99) (57) (42) (88) (89) (30) (6) (61) (16) (75) (82) (83) (64) (15) (50) (93) (96) (63) (19) (26) (12) (53) (4) (37) (97) (24) (87) (84) (8) (92) (86) (20) (90) (10) (54) (72) (100) (1) (52) (59) (51) (55) (14) (73) (46) (77) (47) (29) (22) (48) (39) (43) (74) (94) (5) (25) (28) (9) (81) (23) (67) (66) (40) (3) 
60 (37) (69) (13) (97) (38) (78) (50) (34) (35) (93) (89) (20) (1) (68) (85) (92) (70) (52) (79) (86) (42) (67) (60) (2) (80) (31) (16) (71) (76) (91) (87) (32) (54) (10) (24) (43) (57) (4) (64) (45) (51) (29) (33) (99) (40) (96) (23) (55) (5) (14) (27) (12) (17) (46) (25) (63) (3) (41) (53) (49) (39) (74) (81) (73) (48) (11) (56) 
61 (73) (21) (34) (47) (38) (33) (80) (6) (77) (87) (50) (35) (96) (58) (68) (91) (25) (93) (18) (37) (81) (95) (57) (88) (42) (28) (26) (19) (52) (94) (76) (79) (41) (17) (3) (51) (32) (89) (74) (64) (24) (61) (45) (85) (4) (9) (15) (49) (27) (67) (70) (20) (44) (7) (62) (60) (86) (84) (78) (16) (36) (59) (43) (56) 
62 (96) (83) (99) (50) (75) (28) (77) (27) (67) (54) (58) (48) (76) (82) (52) (63) (31) (40) (81) (55) (29) (86) (100) (47) (68) (78) (93) (18) (98) (46) (39) (62) (15) (7) (60) (43) (8) (51) (16) (74) (97) (37) (35) (21) (92) (88) (65) (1) (80) (49) (19) (11) (30) (4) (90) (5) (64) (91) (53) (12) (41) 
63 (36) (94) (58) (43) (3) (19) (93) (13) (41) (57) (49) (6) (30) (45) (50) (17) (15) (96) (81) (56) (64) (65) (66) (88) (68) (84) (26) (16) (24) (44) (60) (67) (22) (2) (73) (34) (90) (33) (23) (76) (4) (83) (42) (47) (92) (14) (5) (10) (80) (35) (39) (75) (99) (61) (40) (11) (53) (95) (21) (9) (91) (100) (37) 
64 (78) (7) (59) (4) (87) (22) (13) (40) (17) (92) (63) (65) (66) (80) (2) (48) (55) (86) (58) (26) (77) (88) (5) (54) (38) (49) (39) (23) (60) (91) (10) (15) (47) (36) (79) (93) (6) (56) (28) (61) (27) (37) (1) (89) (74) (30) (73) (25) (76) (62) (71) (81) (51) (45) (53) 
65 (79) (73) (43) (8) (71) (81) (41) (2) (39) (24) (16) (42) (83) (80) (50) (22) (37) (6) (45) (87) (76) (38) (34) (54) (66) (14) (35) (90) (86) (55) (69) (53) (15) (89) (20) (27) (59) (91) (67) (40) (61) (12) (18) (31) (56) (82) (9) (74) (36) (29) (7) (92) (17) (97) (5) (68) (28) (30) (4) (65) (10) (51) (72) (11) 
66 (37) (78) (47) (77) (1) (11) (97) (86) (74) (90) (31) (72) (10) (55) (34) (94) (63) (27) (89) (82) (13) (76) (50) (61) (84) (71) (18) (29) (23) (8) (24) (2) (42) (4) (21) (98) (26) (44) (25) (6) (28) (58) (33) (69) (93) (5) (59) (3) (7) (68) (38) (91) (20) (75) (36) (92) (22) (41) (87) (100) (51) (85) (12) 
67 (91) (2) (32) (20) (80) (11) (87) (90) (1) (83) (14) (51) (5) (43) (9) (57) (46) (42) (69) (49) (47) (21) (31) (88) (60) (55) (16) (10) (48) (34) (95) (71) (79) (70) (27) (82) (12) (61) (52) (75) (89) (24) (13) (29) (66) (73) (28) (59) (26) (68) (4) (44) (35) (62) (94) (17) (92) (18) (58) (85) (100) (8) 
68 (59) (3) (75) (81) (95) (18) (42) (33) (31) (74) (16) (44) (88) (84) (62) (43) (41) (8) (21) (12) (57) (56) (73) (58) (80) (35) (99) (11) (1) (36) (45) (91) (46) (83) (92) (55) (77) (5) (54) (15) (50) (61) (27) (9) (40) (70) (17) (47) (96) (25) (26) (7) (64) (30) (60) (34) (69) (82) (67) 
69 (38) (20) (8) (54) (60) (4) (53) (28) (91) (23) (75) (94) (18) (14) (77) (51) (79) (78) (31) (63) (29) (70) (7) (50) (66) (36) (82) (34) (73) (67) (74) (25) (65) (15) (68) (93) (19) (33) (97) (6) (49) (39) (10) (52) (88) (17) (81) (64) (83) (85) (55) (62) (89) (71) (42) (12) (45) (48) (56) 
70 (1) (3) (36) (64) (72) (47) (41) (60) (38) (17) (2) (7) (69) (91) (62) (58) (4) (67) (11) (20) (98) (35) (73) (43) (9) (21) (32) (85) (28) (39) (88) (99) (80) (100) (65) (13) (66) (19) (59) (50) (97) (26) (75) (29) (15) (51) (37) (86) (76) (70) (53) (74) (94) (23) (31) (87) 
71 (64) (52) (98) (95) (50) (85) (92) (5) (14) (81) (9) (19) (49) (82) (22) (18) (21) (77) (8) (47) (11) (100) (45) (94) (10) (60) (68) (76) (28) (91) (88) (99) (23) (79) (69) (78) (70) (75) (66) (13) (83) (74) (61) (16) (42) (7) (12) (44) (72) (55) (41) (33) (17) (1) (63) (35) 
72 (96) (29) (75) (62) (28) (7) (93) (35) (71) (54) (15) (16) (21) (22) (48) (69) (83) (68) (59) (65) (4) (100) (52) (56) (30) (57) (24) (8) (36) (37) (20) (45) (95) (5) (46) (89) (13) (47) (70) (67) (14) (82) (42) (40) (33) (98) (19) (32) (66) (31) (63) (6) (85) (80) (94) (81) 
73 (34) (67) (79) (92) (13) (78) (75) (24) (55) (65) (40) (74) (51) (53) (5) (91) (97) (98) (81) (37) (61) (21) (10) (38) (70) (28) (84) (42) (1) (31) (49) (82) (58) (100) (19) (18) (20) (12) (3) (43) (57) (35) (94) (99) (62) (59) (54) (68) (76) (16) (46) (52) (77) (85) (22) (4) (45) (15) (50) (27) (25) (88) (96) 
74 (62) (54) (13) (29) (12) (20) (71) (89) (67) (70) (47) (95) (74) (9) (28) (7) (99) (56) (25) (23) (48) (14) (92) (55) (45) (10) (83) (82) (97) (30) (8) (38) (66) (11) (39) (50) (26) (31) (3) (15) (57) (73) (34) (53) (80) (42) (90) (4) (6) (32) (59) (84) (72) (86) (16) (49) (51) (77) (21) 
75 (66) (41) (14) (52) (32) (23) (73) (71) (76) (56) (16) (11) (24) (12) (6) (31) (4) (48) (51) (62) (92) (67) (54) (82) (61) (58) (72) (65) (88) (64) (27) (89) (68) (5) (86) (37) (83) (13) (44) (60) (34) (47) (45) (94) (53) (46) (81) 
76 (15) (16) (90) (54) (68) (49) (22) (42) (27) (11) (61) (52) (94) (5) (32) (44) (43) (71) (31) (99) (70) (39) (47) (79) (58) (48) (92) (7) (74) (21) (67) (85) (51) (57) (76) (50) (38) (89) (88) (65) (55) (13) (45) (26) (9) (8) (93) (91) (3) (28) (82) (78) (4) (33) 
77 (31) (48) (69) (37) (60) (10) (40) (50) (27) (16) (33) (84) (94) (4) (85) (9) (3) (78) (44) (21) (70) (54) (23) (53) (43) (58) (56) (63) (100) (62) (74) (68) (26) (55) (91) (99) (83) (57) (12) (17) (20) (71) (11) (22) (80) (38) 
78 (6) (3) (22) (73) (19) (98) (43) (25) (63) (93) (78) (35) (64) (91) (2) (47) (12) (31) (46) (84) (82) (34) (18) (60) (10) (1) (68) (9) (38) (59) (13) (14) (50) (55) (26) (80) (81) (23) (69) (76) (85) (21) (88) (11) (29) (37) (74) (67) (30) (89) (4) (52) (36) (44) (75) (58) (72) (100) (87) (61) (92) (28) 
79 (70) (35) (75) (57) (85) (14) (99) (100) (19) (25) (42) (91) (28) (90) (73) (20) (51) (72) (88) (55) (48) (45) (30) (29) (93) (1) (63) (61) (60) (81) (39) (92) (97) (33) (98) (23) (54) (9) (89) (12) (10) (38) (5) (96) (6) (50) (24) (26) (77) (83) (67) (84) (74) (58) (43) (95) (65) (31) (68) (53) (34) (79) (71) (7) 
80 (38) (36) (66) (27) (76) (17) (32) (1) (11) (74) (67) (42) (64) (70) (72) (6) (43) (84) (97) (88) (44) (69) (16) (15) (39) (68) (25) (28) (100) (18) (5) (92) (83) (53) (33) (98) (31) (82) (78) (48) (8) (37) (30) (47) (3) (2) (61) (50) (35) (73) (79) (96) (60) (91) (86) (81) (93) (19) (90) (13) (56) (9) 
81 (2) (58) (97) (82) (9) (78) (67) (61) (86) (44) (11) (56) (6) (33) (8) (32) (23) (71) (18) (4) (72) (27) (36) (80) (96) (46) (62) (55) (24) (85) (34) (31) (1) (39) (10) (47) (51) (3) (98) (69) (92) (41) (14) (26) (54) (25) (22) (77) (59) (79) (74) (76) 
82 (44) (90) (56) (35) (69) (72) (62) (95) (68) (13) (96) (91) (15) (38) (78) (2) (73) (32) (97) (81) (50) (59) (40) (88) (58) (51) (26) (16) (64) (74) (46) (31) (9) (1) (41) (98) (11) (7) (70) (28) (92) (83) (14) (94) (87) (48) (27) (79) (3) (24) (43) (80) (93) (63) (25) 
83 (54) (14) (60) (77) (66) (57) (20) (12) (42) (6) (79) (92) (15) (62) (23) (70) (98) (88) (61) (87) (28) (47) (59) (5) (21) (24) (34) (1) (95) (17) (56) (97) (81) (99) (26) (72) (13) (58) (73) (32) (9) (31) (67) (82) (71) (35) (55) (93) (100) (40) (78) (63) (49) (75) 
84 (75) (16) (95) (92) (34) (23) (78) (73) (87) (85) (63) (90) (37) (100) (20) (47) (42) (14) (9) (65) (18) (56) (77) (12) (54) (6) (26) (98) (27) (25) (82) (60) (35) (45) (24) (36) (89) (32) (5) (3) (88) (67) (58) (74) (15) (80) (62) (22) (8) (76) (83) (40) (51) (99) (66) (2) (64) (93) (53) (39) (79) (71) (52) (57) (48) (44) (55 61) 
85 (6) (11) (10) (31) (22) (55) (30) (34) (84) (78) (99) (100) (28) (80) (3) (1) (86) (90) (38) (89) (79) (47) (58) (5) (52) (97) (17) (16) (50) (87) (24) (12) (72) (93) (51) (41) (70) (40) (49) (76) (69) (26) (45) (65) (43) (85) (75) (29) (88) (59) (77) (71) (48) (9) 
86 (72) (7) (64) (68) (75) (45) (4) (8) (86) (67) (91) (11) (89) (54) (57) (38) (12) (78) (84) (42) (10) (34) (18) (37) (40) (21) (81) (41) (5) (60) (46) (70) (15) (20) (19) (59) (17) (36) (22) (96) (80) (73) (95) (55) (26) (2) (48) (87) (82) (79) (44) (49) (98) (32) 
87 (84) (63) (1) (7) (94) (35) (33) (74) (32) (75) (12) (31) (45) (48) (58) (81) (14) (88) (44) (38) (71) (60) (77) (91) (47) (17) (65) (10) (24) (53) (87) (5) (73) (72) (89) (70) (29) (39) (13) (43) (79) (28) (34) (83) (85) (90) (18) (100) (30) (25) (36) (42) (41) (55) (98) (2) (67) (37) (56) 
88 (49) (24) (19) (29) (78) (35) (12) (44) (88) (38) (47) (85) (72) (66) (15) (100) (58) (31) (68) (67) (13) (40) (81) (18) (60) (1) (63) (55) (90) (34) (3) (71) (43) (73) (22) (98) (5) (32) (21) (25) (59) (53) (8) (33) (7) (69) (54) (89) (65) (74) (2) (62) (50) (10) (23) (97) (94) (56) (14) (57) (27) (28) 
89 (24) (60) (36) (74) (62) (30) (4) (87) (69) (73) (35) (70) (12) (25) (63) (90) (6) (77) (95) (16) (28) (75) (21) (97) (84) (49) (42) (39) (93) (41) (5) (13) (52) (57) (8) (72) (79) (80) (18) (98) (59) (83) (10) (82) (17) (40) (61) (53) (76) (88) (31) (58) (33) (100) (86) (22) (89) 
90 (3) (56) (31) (36) (75) (44) (8) (79) (6) (100) (30) (93) (26) (43) (81) (18) (46) (7) (16) (28) (88) (85) (90) (41) (64) (80) (19) (82) (73) (57) (10) (47) (24) (69) (70) (77) (21) (84) (39) (2) (35) (98) (86) (1) (60) (72) (40) (15) (20) (71) (99) (45) (83) (78) (95) (37) (55) (66) (67) (27) (52) (23) 
91 (3) (96) (78) (80) (89) (36) (54) (1) (57) (93) (39) (41) (14) (71) (98) (61) (88) (76) (20) (67) (18) (58) (43) (2) (11) (47) (72) (66) (63) (82) (35) (50) (38) (10) (99) (95) (74) (56) (28) (12) (75) (86) (32) (29) (17) (24) (94) (8) (48) (21) (79) (53) (60) (22) (68) 
92 (94) (61) (96) (2) (88) (98) (72) (62) (51) (17) (18) (48) (4) (74) (67) (82) (99) (34) (10) (7) (5) (53) (24) (38) (97) (57) (39) (32) (29) (33) (44) (78) (22) (63) (50) (76) (26) (36) (73) (12) (37) (90) (83) (69) (86) (80) (1) (16) (93) (8) (49) (87) (59) (70) (31) (15) (20) (19) (13) (68) (47) (65) (9) (92) (77) 
93 (33) (88) (27) (58) (62) (35) (54) (24) (83) (25) (94) (86) (100) (13) (23) (53) (78) (10) (2) (80) (75) (95) (49) (6) (4) (61) (65) (63) (79) (66) (48) (11) (16) (36) (41) (82) (50) (19) (59) (55) (31) (92) (56) (21) (87) (12) (42) (96) (5) (18) (76) (28) (32) (71) (67) (99) (84) (77) (7) (14) (29) 
94 (71) (84) (100) (98) (93) (89) (12) (91) (6) (9) (99) (64) (13) (22) (52) (17) (31) (65) (61) (63) (37) (8) (62) (75) (10) (67) (16) (26) (25) (55) (47) (74) (20) (56) (39) (21) (36) (5) (7) (51) (80) (19) (35) (78) (49) (70) (40) (41) (29) (1) (69) (30) (73) (48) (50) (59) (82) (11) 
95 (90) (44) (86) (89) (46) (3) (66) (56) (92) (2) (60) (49) (21) (19) (70) (68) (42) (72) (22) (16) (67) (63) (27) (71) (41) (23) (9) (98) (91) (84) (77) (40) (87) (45) (85) (24) (51) (79) (57) (93) (74) (39) (18) (14) (28) (34) (32) (100) (20) (29) (76) (6) (88) (11) (7) (30) (99) 
96 (45) (85) (23) (81) (38) (48) (21) (37) (86) (47) (78) (41) (9) (36) (12) (27) (29) (19) (67) (92) (70) (10) (51) (88) (95) (17) (11) (28) (84) (65) (66) (73) (90) (80) (7) (4) (2) (97) (13) (25) (64) (94) (57) (61) (35) (96) (26) (22) (18) (93) (87) (62) (5) (60) (14) (79) (43) (76) (56) (49) (91) 
97 (40) (67) (78) (10) (4) (80) (45) (36) (89) (26) (99) (64) (50) (84) (23) (95) (22) (96) (16) (43) (17) (7) (5) (68) (100) (30) (37) (63) (79) (55) (1) (97) (81) (9) (39) (56) (57) (70) (41) (24) (38) (3) (46) (88) (21) (28) (34) (35) (91) (33) (44) (15) (69) (14) (83) (19) (12) (29) (76) (53) (31) (18) (20) (62) (51) 
98 (88) (78) (73) (50) (80) (56) (72) (39) (5) (83) (84) (55) (71) (53) (23) (13) (8) (14) (76) (35) (37) (77) (49) (60) (25) (31) (74) (64) (10) (6) (89) (87) (19) (69) (97) (36) (22) (66) (4) (54) (48) (70) (1) (24) (85) (44) (91) (32) (15) (26) (59) (65) (63) (75) (18) (43) (34) 
99 (56) (45) (74) (68) (76) (1) (75) (96) (52) (10) (86) (40) (28) (99) (51) (91) (20) (90) (64) (69) (44) (11) (79) (21) (32) (50) (18) (58) (65) (12) (3) (5) (83) (19) (36) (53) (73) (27) (54) (81) (16) (66) (82) (2) (84) (17) (72) (61) (39) (57) (85) (33) (71) (92) (29) (4) (34) 
100 (47) (40) (95) (58) (78) (34) (28) (16) (49) (11) (86) (25) (73) (4) (72) (29) (36) (44) (50) (70) (41) (89) (18) (30) (2) (15) (31) (92) (69) (56) (76) (100) (45) (99) (24) (88) (79) (8) (57) (93) (13) (38) (23) (37) (65) (54) (97) (17) (60) (12) (7) (21) (77) (27) (59) (55) (35) (26) (94) 
