0
100
100
1 (92 18 97 84) (49) (11 64 69 43 57 87) (71 38 80 5 35) (7) (61 90 15 8 51 17) (4) (73 79 1 32) (42 93 29 83 98 24 19) (25) (62 22 53) (34 41) (27) (60 9 47 68 13) (52 70 3 85 72 67 82) (99 20 77 37 21) (46 26) (40 81 45 31) (55 58 96) (6 89 28 76 48) (56) (30 94) (2) (91 44) (36) 
2 (80 43) (64) (65 81 5) (18 33 90 3) (17 31 70 94) (16) (59 15 100 19 98) (36) (68) (9 49 89) (44 8) (62 20 24 37 67) (51 53 77 52 95 91 61 45) (93) (25) (96 11) (50 42) (1) (63 72 97 73) (22 10 7 82 60 30 57 29 21) (13 71 85 55) (88 87 79 76) (6 27 99) (75 46) (56 12) (39 38 69) 
3 (57) (83 40 44) (75 76 24 9 16) (25 79 19 38 29 5) (46) (82 13 41 28) (61) (55 43 65 26) (62 45) (87 47 92 10 39 56) (31 84 52 8) (42 18 20) (34 86) (64 33 2) (81 21 4) (80 72) (88 90 51 3) (17 48 1 78 58) (49) (15) (93 27 11 96 85) (32 63 53) (100 77) (22 14) (91 60 37) (73 50 12 23 89) 
4 (16 31 40 26 61 9 73 77 12 30 72 49 62) (100 11 71 27 95 29 19 68 6 70 76 22 8) (63 21 81 44 82) (92 51 80 55) (50 60 67 75) (32 54 91) (48 53 97) (86 46) (66 74) (43 4 2 83 18) (3 20 69 37 98 25) (89 14 10 59 1) (36 17 52 23 93) (84 34 64 99) (65) (5 56 88 58 28 47 39) (87) (45) 
5 (6 45 53 22 57 95 58 5) (41 3) (89 74) (20 38 25 32 54 88) (46) (71 30 75 19 26 9 94 33 70 49 52 18 7 43 10 59 31 17 28 72 85 48) (47 15) (36 4 68 80) (99 24 76) (11) (66 79 60 21 1 92 44 34 14 90 13 100 2 27 67 56 37 62) (69) (50 16 61) (42 65 51 87 82) 
6 (73) (67 4 99 77 42 49) (5 22 98) (1) (19 68 16) (35) (33) (15) (23 45 32) (9 13) (30 8 94 92 53 3 75 84 69 43 47 78) (54 59) (29 28) (12 79 88 25 95 17) (44) (82 76) (10 56) (100 11 87 40) (91 27) (81 97) (38 7) (26 65 18 85) (41 61 55 93) (64 57 96) (52 62) (2) (63 39 70) (24 48 66) 
7 (32 46) (64) (48) (44 47 54) (83 63 49) (27 28 37 2) (92) (10 33 68) (62 91 56 72 29) (73 69 6 40 14 51 67 8) (75 74) (58 11 38) (7 84 96 26 45) (43 42 24 61 9 87 78 23 13) (53 79) (36 97 100 15 55) (77) (71 93 89 21 39 35 22) (99) (34 25 82 41 3 85 94 98) (12 65 50 18 59 80) (19) 
8 (84 76 75 22 58 99) (59 11 2 90 35 62 97 38) (23 54 95 28 3 66 7 12) (64 1) (96) (78 55) (91 72 37 13 81 77 80 49) (79 89) (82 27) (88 56 57 43 85) (32) (30) (14 51 40) (41 20) (34 48 29) (73 93 83 53) (100 36) (24 46 45) (44) (17) (61) (10) (9 19) (21 87 42 92 63) (16 52) (25 50 60) (68 71 70) 
9 (76) (50) (29 37) (91 62 28 43) (59 27 21 42 65 61 85 44 54 68) (81 51) (11 71) (86 30) (63 99 5 94 96 97 20 56 46) (92 90 93 2 8) (69 72 74 18 64 47) (9 23 77) (79) (7 66 84 14) (57) (95 1) (34) (89 6 22 17 83 4 35 88 75 53 24 12 73 78) (36 87 26) (70 25 41 58 82 40 80) 
10 (23) (51 56 70 81 68 66 62) (86 37 77) (45 89) (15 72 9 38 87 4 46 100 20 97 25 57 61) (48 69 95 30 21 49 12 96) (26) (73 82 2 59 55 24 76 54) (94 13) (34 91 83) (99 67 52) (29) (88) (85) (17 93) (79 74 8 35 39) (63 6 50 47 7 33 28) (5 98) (16 44 22 42 43 71 1) (84 19) (14 90 41 78 92) (11 60 36 75) 
11 (52 24 92 9 50 4 58 6 23 65 98 36) (33) (46 95) (29) (19 72 97 18 32) (39 55) (51 56 94 53 78 67) (86 60) (28) (11 44 1) (8) (16 13) (84 91 85 15) (75 68 87) (45) (22 59 54 61 76 30 27 74) (79) (57 93 100 31 62 47) (81) (12 99) (40 70 90) (73 82 49 17 5) (34 66 83 38) 
12 (47 64) (86 60) (67) (51) (89) (82 91 43) (15 61 97 2 59 52 48 31) (30 74 73 9 27 36 20 63 1) (78) (6) (40 10 21 50) (42 19) (56 16 62) (99 35 4 98) (11 85 72 84 33 7 68 65 17 37 90) (18 71 14 75 53 38 100 23 8) (5 55 96 95 58 88) (22 94 25 77) (26 93 13 12 34 32) (79 24 28 45) (80) (41 44 83) 
13 (25) (22 80) (55 16 18 50 81 24 41 13) (26 57 14 8) (7) (84 30) (56) (67 58) (95) (75) (54 23 65 66 29 82 59) (32 39 91) (76 78 79) (49) (73 2 1 96 93 61 87 46 9) (97 34 38) (47) (77 62 11) (44 12 100) (40) (63 92 94 83 5 64 90 86 6 17 60 20 31 21) 
14 (97) (25 18 19 46 9 88) (39 81 71 3 41) (90) (14 47 72 15 37 54 34 58) (35 92 96 8 74 87 86 62 66 85 36) (5 13) (32 52) (83 30) (6) (79) (67 94) (31 4) (60 26) (68) (99 63 42 98) (27) (29) (78 84 44 16 11 95) (17) (70) (22 12) (20 49 33) (21 43) (91 2 7 93) (10 23) (57 45 89 82 64) (69) 
15 (31) (94) (11 49 36) (91 18 95 24 68 84 78) (57 63) (80 64) (82 69 4 16) (99 5) (6 40 90 34) (41 38 98) (74) (7 67 61) (12) (17 3 77 8) (66 9 26 51 92 83) (50 19) (56 43 46 20 60 89 30 75) (55 48 86 10 58 32 96 2 62) (42 22) (37 93 79 81 15 65 47 71 28 59 73 70 25 88 13) 
16 (37 11 59 55 24 26) (39 18 43 25) (97 5 73) (85 47 28 78 58 83 89) (34) (54) (53 12) (91) (74 64) (35) (95 22) (40 93 51 15) (71) (81 52 65 41) (90 50 60 1 76 46) (87 3 49 67 21) (100) (56 75) (70) (92 7) (14 57) (45 8) (48 62 82) (66 98 16 17) (33) (42 4) (20 84 68) (44 23 72 27 86 29) (10 77 63) 
17 (28 91) (96) (67 89) (8 16 11 23 63 10 3 34) (48 60 9 32 53 39) (26 50) (100 54) (37) (78) (31 99 15 93 7 20) (5 22 79) (76 69) (52) (77 57) (44 86 41 49 68 84) (65 55 94 74 4 42 87 98 58) (61) (24) (35) (46) (29) (97 38) (56) (95 45 66) (18 43 81 6 70) (19 85 27 40 82) (17 25 36) (75 2) (80 30 12 73 64) (59) 
18 (19 67 63 60) (87 53 72 45 88 52 25 27) (31 1 91 34 3 38 17) (69) (15 13 70) (97) (18 35 100 9 54) (73) (92) (41 66) (26 20 90 37 40 83) (74 62 76) (51) (57 23 7 96) (64 8 21 95) (93) (22 50 10 78) (55 14 43 39 98) (71 61 44) (47 79 65) (80 28 30) (86 77) (6) (56) (68 32) (5 49 12 84) (75) 
19 (55 38) (4 5) (86) (42) (16) (51) (47 60 1) (67) (22 50) (100) (13 98 15) (56 49 61 11 8) (20 3 91) (9 19 26 96 74 30) (99 90 66) (83 81 89 59 85 78 36) (62) (31) (12 21 63 23 48 97 35) (52) (45 69) (54 39 84 40 72 68 14 10 27 64 77 87 70 75) (17 33 65 29 25) (93 24 2 34) (43) (53) (28) 
20 (98 68 1 80 85) (57) (62 71 93 82) (21 52 66 76 43) (15 41 51) (63) (7 96 46 84) (58 87 100 20 90) (39 94 37) (16 95 31 29 60 99 18 81 14) (9) (38 48 72 86 44 88 70 97) (69 6 64 75) (26) (67) (54 73 10 25 59 79 35 2 13) (12 24 32 89 4 34 77) (19 27 17) (49 47 5) (30 40) 
21 (8 71 24 9 64 51 88 54) (27) (28 46 48 49 2) (34 17 53) (23) (14) (18) (76) (56 96) (37 41) (74) (32 1) (80 38) (13) (55 39) (35 82 79 22) (100 77 62 70) (19 31 91 97) (44) (10) (83 67 60 59) (72 42 86) (94) (36 12 21 45 6) (47) (5 40 87 29 3 73 33 63 75) (90 81) (85 95 58 16 93) (20 7 25) (99) (30) (92) (4) (15) 
22 (83 67) (30 73 77 48 59 41 22 91) (58 60) (56) (37 21 39 80) (38 57 43 85 79 33 29 4 63 97) (64) (10 18 49 3 94) (11 23) (66 52) (1 26) (71 13 44 99) (95 69 31 2 20) (86 55 51 68) (74) (16) (54 27 36 93) (8 88 61) (45 25) (46 34 82) (87 89 40 70) (42) (100) (84 6 47 78) (76 19) (72) 
23 (43 20) (1 70 33 61 21 36 34 91 56 49 77 73) (10) (5 51 82) (69) (67 62 42 13) (19 8 12 89 14) (81) (99 22) (95 35 76 52 98) (88 75 4 66 18 83 25) (15 30 39 59 55) (74 37 46 53 24) (94) (93 32) (100 3 57 90) (47 31 29 41 40 44 48 11) (9 54 26) (84) (96 58 92) (7 60 87) (27) (64 2) (78) 
24 (71 77 26) (69 1 24) (93) (90 8 34) (99) (16 50 76 82 56) (35 5 41 52) (47) (49) (28 46) (39 30) (31 38) (18 12 88 81 94) (98 51 97 75 84) (43 32) (6 61 37 89 17 73 72 83 13 45) (60) (67 33 78 48 44) (54 79) (9 100) (36 57) (23 4 27 53 58) (15 92) (59 74) (14) (85 62 2 70 42 66 65) (55) (68 63) (20) 
25 (84 93 65 61) (9 68) (20) (46 26 79 55) (13 54) (77) (18 81 50 97 17 29) (12 38) (7 87 53 15) (4) (98 11 23) (32 27) (59 58 25 66) (95 69 57 72 21 2 90 86 85) (5) (64 39 74) (30 60 89 75 24 70 37) (80 8 63) (43 91) (49) (52 40 1 34 100) (83) (16) (82 73 28) (92 3) (42) (88 71 96 6 48 31 19) (99) (10) 
26 (28 42 72) (95 54 45 99 57 31) (37 98 66 96 4 91 97 13) (92) (73 15 7 43 25) (34 84 87 100 48 23) (3) (46) (89 50) (36 80) (9 24 78) (94 85) (67 76) (86) (56 51 88 22) (58) (81) (2) (33 60 47) (19 14 18 93 53 27 68) (11 69) (32) (59 20 83) (40 49 71 17 38 10 90 62) (79 5) 
27 (68) (24 55) (84 74) (18 97 1) (44) (17 63) (26) (3 78) (14 4) (25 51 30 2 100) (41) (11 49 73) (57) (48 8 81 43) (50 65) (80 62 12 85 45 5 23 96 15 61 86) (35 32 58 67 69 70) (91 60 95 13 76 71 34 99 66 47) (16 20 94) (93 64) (6 33 90 92 82 98) (83 89) (22) 
28 (62 86) (9 84 11 92 79) (44 42 95 7 68 47 40 26 69) (56 30) (49 73 46 54 5 71) (10) (81 2 55 8 93) (64 82) (25) (72 45) (78 17 15 59 29 88 24 41 37 85 31 52 14 77) (65 98 83 99 91 80 58 87 36 90) (38 16) (13) (1 21 6 48 75 28) (34 4 39 23) (50) (100 76 94 63) (61) (3 33) (70) 
29 (37 70 39 30 16 33 95 87 41) (23) (49 77 53) (75 67 25 92 38 2 17 43 81 93) (14 4 66) (55 35 45 28 76 56 86 84 58 90 78 88 64) (9) (6) (31 1) (91 54 99 20 52 40 57 74) (46 61) (82 47 100 26 80 62 63) (18) (22) (19) (42 79 10 27) (11 44 59 71 96 7 32 68 36 69 73) (85 12) 
30 (23 87 84 55 20) (54 22 39 90 25 68 19 72) (75) (10) (11 76 99 42 13) (2 30 29 98 44 9 6 36) (92 31 83) (96 34 82 18) (41 73) (35 7 5 60 70 21) (56) (33 66 17 27) (43 51 49 71 12 38 61) (46 14 91 1) (45 16) (88 48) (80 4 53 65 85) (95 77) (50 8 52 69) (78 3 94 86 67) (15) (40) (58) 
31 (68 16) (51) (97 31 30 83) (37 94 69 18 82 77 74 54 5) (6 22 28 61 92) (79) (14 81 71 89 76 33 43 78) (13 98) (57 99 88 23 58 2 20 86) (11 66 64 21 50) (39 8 38) (25 100 87 44 32 96 29 4 3 9 35 91 1 56 34 15 27) (59 12 72 40 41 24 62 42 26 73) (80) 
32 (74 50 94 31) (79 69 15) (85 20 72) (14) (37) (70 89) (5 81 1 26 91 30) (11 41) (42 66 64) (82 25 7 54) (68) (28 34 92) (4 6 71) (49 58 96 90 36 97 44 84 76) (63 56 32 95 77 38 73 27 43 35) (57 65 2 87 60 47 39 23 3 52 100 53 61 8) (99 40 59) (21 13 16 55 51 24 12 88 86) (29) (67 93) (17 80) 
33 (40 63 67 70) (44 37) (56) (8 94 74 53 30 83 15 95 72) (90 99) (61 60 93 33 32 97 22 6 52 55 4 92 75) (16 13 47 9) (84 46 100 24) (23 48 98 89 57 77 5) (51) (49 88 35 81) (82) (43) (80 66 50) (31 41 18) (28) (17 59 1 38 71 36) (78) (85 27 86) (25) (2 11 7) (45 54 10 73) (87 62 39) (69 76) 
34 (81 82) (20) (39 22 11) (46 75) (80 67) (57 78 24) (1) (84) (87) (98 9 23 99 34 50 6 35) (93) (27 89 88) (71 25) (68) (95 79 3 47 54 53) (61 66 37 52 58 29) (12 21 32 100 4 45) (13 19) (14 62 86 91) (31 10) (77 73 5 49) (70 15) (41 51 96) (72 92 38 94 26 65 18) (63 56) (30) (8 7) 
35 (93 60 48 15 1 62 40 98) (20 22 16 70 69 79 80 75 73 33 4 77 14 25 92 24 94) (97 71 28 91) (7) (54 2 86 31 3 52) (12 21 74 10 9 66) (45 32 13 61 23 68 8 90 83 72 30 27) (29) (39 50 42) (49 57 55) (59) (53 47) (88 58 19 84 85 44 67 18) (95 63) (65 26 5 51 36 41 76 17 81) 
36 (37 67) (87 62) (64 20) (99) (74 82 98) (81 97 49 51 47 60) (10 34 53 44) (73 94 95) (35 31) (33 18 56 92 2) (21 77) (80 59 1) (96 29 100 83) (24 63 41 75 3) (5 36) (30 54 27) (91 43 25 39 52) (89 28 45) (13) (57 17) (68) (11 70) (66 71 46 38 65 26 85 86 7 93 32 90) (50 42 22 19 69 79) (72 78) 
37 (1) (29) (85 51 27 96 32 59 36 91) (31 95) (40 6 30) (41 37 21 49 38) (86 22 87 5 46) (35 11 7) (74 50 79 47 3 25) (62 28 71) (56 45 84) (20 9) (18 57 66 24 80 23) (16) (43 52 63 69 19) (17) (44 33) (10 78 4 34 76 73) (42 68 53 15 8) (98 99) (97 58 64 77 82 94 75) (65) (92 81) (88) (39) (60 83) 
38 (28 42 64 80 43 45) (17 75 8 54) (39) (47 96 62) (19 56) (76 33 15 38 20) (70 46 88) (4) (7) (9) (91 16) (74 10) (52 18 65) (85) (61 27) (78) (79 92) (53 24 82 77) (40 36 83 2 84) (32 55) (57 89 25 73 35 90 93) (68 29 98 97 81 3) (44 100 71 11 58) (69 86) 
39 (34 52 84) (16) (43 66 91) (90 38) (79 70) (72) (65 85) (94) (61 33 32 71) (31 69 49 22 89 10) (46 2 64 17 75) (45 93) (21 97 40 68 9 13 95 67 82 76 55 74 98 44 39 77) (29 25 42 56) (6 3 8 80 57 73 63) (81) (41 11) (96 62 53 37 51) (4) (24 12 1 30 99 15 28) 
40 (62 77 15 86 63 48) (83 76 96) (17 73 36 5 99 52 25) (45 21) (91) (26) (19) (29) (94 92 80 57 71 20 60 100 23 78 54 35 43 68) (88 72 32 74) (53) (7 84 10 30 81 31 1 89 37 38 16 58 95 79 9) (47 98 51) (6 64 11 41 2 55 65 22 70) (13) (4 82) (3 66 49) (75 34 50 69 18 8) (24 97) (59) (90) (56 87 44) (67 40 12) 
41 (66 1 50) (40 39 32 74) (71 35 77) (87 91) (24 51 98) (61 43) (31 9 33 41 42 30 70) (62 52 14 16) (44 95 6 90 73 60) (97) (55) (7 5 80) (72 81) (13 12 100 46 65) (19 76 20) (67) (47) (83 69) (92 27) (2) (85 94 37 10 49 8 63 28 11) (88) (82 56 53 25 54 36 21) (38) (57) (48 45 78 26 96 23 84 17) (29) (64) 
42 (2 66) (32) (64) (35) (62) (7 71) (47 61) (79 77 10) (52) (42 9 81) (96 36 26 100 86) (69 38 60 83) (21 93 45 48 87 70 65 58 1) (95 75) (34 3 28 67 22 94 78 23) (39) (54 33 74 17 88 41 44 84) (49 8) (40 76) (99 13 90) (98 72 6 19 5) (43) (15) (53 63 51 82) (89) (68 12 50) 
43 (47 34 4 46 55 56 7) (94) (54 33) (41) (5 11 70 18) (49 25 64 42 78 83 91) (16 96 87) (29 69) (30 10 15 88 85 76 80) (81) (39 60 14 13 68) (17 95 93 53 92) (90 20 9) (23 74 77) (43 32 36) (63 98) (72) (84 57 24 40) (73) (52 97 45) (75 99 8 48 86 100 21) (66) (35 26 50) (38 37 19 28 6 31 27) 
44 (53 94 90 82 65) (39 26) (13) (1 84) (95 33 4) (31 38 79) (63 89 78 52 99 71 10 97 9 36 88) (30 18 23 28 12 96 98 72 15 58 51) (41 34 25 91 56 76) (11 27 16) (62 87 29 46 37) (93) (74) (67 6 61) (43 42) (73 2 21) (55 77 57) (47 48 45 60 19 54 70 59 64 5 32 92 66 75 81 68) 
45 (12 57 46 73 100) (20) (2) (68 31 15 27 65 77) (24) (48 41 79) (64 93 29 51 63 62 98 72 75 95 14 37) (45) (47 81 42 53) (3 89) (86 5 34 13) (16 60 54) (44 78) (11 70 69) (28) (74 71 19 26 7 61 10 83) (84 1 66 4 21 25) (99 50) (33 97 8) (17 88 18) (96 90 91) 
46 (40) (19 6 55 90 29) (26) (71) (56 46 73 70 62) (24 14 74) (36 93 49 45 4) (12 83) (57 51 81 21 9 95 78 97 33) (59 82) (30 41 53 80 98) (31) (13 48) (16) (94) (96 92 38 32) (43) (67 47) (39) (15 35) (84 5 91 60) (25 87 88 63 85 42 58 66) (37 44) (64 89 34 27) (22) (18) (72) (79 17) (11 20 7) (52) 
47 (6) (77 92 28) (39 69 53) (27 66) (35) (57) (49) (84 46) (97 85) (59) (38 81 88 64) (93 58 63 75) (61 65 43 95) (25 17 82 45 21 56 10 19 50 72) (40) (47) (13 55 12 71 90) (4 60) (68 34 54 98) (62 16 99 26 51 29 18 89 22) (41 32) (96 14 80 36 74 37 67) (52 100 23 8) (1) (87 94 30 24) (83) (76) 
48 (87) (75) (69 74 15 28 38 89 53 95) (93 39) (9 55 60 65 8 52 45 41) (100) (96 50 40 68 29 22 73 56 48 11) (3 82) (36) (37 61 90 63 94 77) (58 99 13 34) (98) (24 2 42 79 33 16 10 84) (43 21 20 19) (71) (27 47 32 23 88) (64 31 7 97 92 51 72) (44) (30 54) (62 67) 
49 (42 63 75 68 80 100 62) (97 92) (96) (1) (88) (64) (6 23 37 5 51 84 82 20 87 70 73 60 89 57 45 46 93 26 28 98) (81 10 7 38 72 17) (71 67 76) (33 86 8 16 4) (85 32 90 79 14 34 3 69 53) (83 22 91 47) (95) (11) (66 18 59 2 54 31) (25 99 40 78 94) (36 41) (58) 
50 (96 3 34 55 77 75 80) (16 97 5) (11 57) (20 6 91 98 78 29) (66 71) (65 25 30) (18 52 9 44) (70) (69 59 86 24) (22 88 67 89 23) (90 82 43 1) (4) (8 100 2 60 50) (37) (79 19) (58 94 68 31) (74 33 13 32 7) (93 49) (99) (35 63 39 92) (46 61) (73 38) (83 72 56 27 36 48 21 42) (10) (62) (87) (12) 
51 (49 51 70) (73 99 12) (81 58 4 76 68 1 77) (3) (89 14) (56 54 94) (16 63 29 37) (87) (28 6 57) (20) (100 36 95) (31 46) (90 47 75 11) (22 69 85 83) (88) (65 62 42) (61) (97 48) (21) (93) (98 9 17 60 7 82) (71 86 52) (35 2 43 55) (66 96 67 92 33 27) (39) (44) (50 25 74) (18) (45) (8 19 80 24) (91 32) 
52 (55) (36 92) (37 48) (40 95 39 79 31 23) (99 16 56) (76 20 91 41 96 98 94 10) (75) (47 89 61 29 50) (51 26 81 25) (73 78 88 72 4) (57) (32 3) (22 38 93) (60 45 84 86) (82) (43) (42 69) (7) (21 19 77 83 6 63 80 2 100 1) (24 67 64 14 8 15) (85) (87 71 90 12 97 65 27) (54 58 33 17 46 44) 
53 (16) (72 69 88 73 59) (61 42 89 13 10) (47) (36 86 41 22 53) (11 32) (20 27) (29 80 18 52 54 19 55 95 48 49 68 37) (43 8 2 63 31 57 97) (66 64) (70 21 17) (12 85) (35) (5 78 79 82 3 14 46 45) (76 84 33) (7) (25 34 67 39 83 38) (15) (50 98 4 9 6) (93 28) 
54 (57) (69 84 94 27) (78 64) (25 11 48 45 82) (83 66 58 12 99 10 89 61) (38) (22 62) (30) (6) (1) (93 9 2) (49) (39 19 47) (60 91 59 79) (14 34) (88) (20 24 36 81 70) (73 77 33 23 8 97) (74 15 85) (55 28 4 44) (100 7 54) (29 40 87 41 51) (50) (37 76 80 95 35) (53 42) (75) (43) (17 90) (31 3 5 98) (67 46) (18 96) 
55 (68) (29 32 41 18 92 23) (54 9 87 26 39 82) (83) (80 99 3) (22 53 21 1 96) (38) (28) (33 35 85 15 78 36 19) (89 70 58 67 74 46 77 43 48 14 7 60 63) (62 27 91 42 16 75 94) (4 61) (84 37 13) (97 86 66 34 69 59 71 93 44 98) (81 11 8 30) (6 95 17) (20 72 52 88 90) (31) 
56 (63 19 82 67 89 13 39 5 86 90 37 12) (42) (55 29 71 64 100 75) (69 2) (50) (60 46 8) (78 99 14) (61 56 51) (17) (80) (79 30 87 95 26 20 88) (9 48 40 96) (68 62 97 34 25) (91) (92 53 73 54 21 57) (84 35 58 6 47 52 28 59 81 1 38) (15) (93) (72 7 41 77 85 83) (45) (74 11 98) (43) 
57 (8 19 67 48 41 32 4 28) (76 89) (100 50 80 34 81 6 37 14 39 62) (17) (44) (23) (22 11) (65 13 70) (93) (16 2 7 92 95) (52 61 83 49 33) (46 53) (56 10) (35 74 36 98 59 90 79 54) (99) (43 1) (57) (24 97 85) (68 71) (20 94) (88 40 21 25) (72) (69 58 51 55 60) (30) (3 26) (77) (29) 
58 (74 24) (78) (47) (25 98 41 90 65 26 2 49 88 13) (9 62) (44) (21 31) (89) (68 69) (94 4 97) (91 5) (46 14 30) (82 75 3 7 99 40 63 18 76 100) (27 86) (6 71) (83 79) (45 8 60 56 93 15) (36 80 53 37) (23 92) (34 1 67 61 54 87 66 81 58 50) (33) (28 38 32) (35 20 11 16 70) 
59 (60) (55 32 28 95 94 100 23) (99 69) (11) (17 6 62 50 43 91) (8 37 77 61) (5 14) (46 13 21) (78 79 83 73 10) (1 53 67 59) (68 57 81) (96) (64) (29 70 85 47 33 51 93) (42 49 82) (30 41 97) (24 4 56 34 22 35 20 16 48 90 36 66 25) (45) (38 26 92 40) (12 31) (44 15) (72 54 74 18 65 86 63) 
60 (54 13 12 88 66) (49 41 18 78 71 82) (33 4 67) (44 24 30 47 39) (80 15 14 99) (55 1 36 27 35 93 64) (16 50 86) (34 53) (75 38 31 77 10 95 9) (91) (21 23) (17) (90 68 22) (94) (65 40) (97 84 19) (63) (32 87) (8) (62 45) (61 46 83) (48) (29) (42) (26 25 79 51 56 92 100 81 37 70 72 57 96 2 98 89 7) 
61 (55 75) (49) (97 42) (27 3 17 94 61 59 15) (60) (13) (93 96) (95) (44 74 7 9 98 47) (45) (80 48 66 76 69 100 24 50 8 2 54 92 99 77 91 14 12 19) (88 73 46 21 37 65 57 25) (1) (28) (70) (34 26 20 52 79 36 35) (83) (18 11 81) (63 10) (86) (90 38 29) (33 78) 
62 (88) (72 51 48) (91 42 96 28 57) (60 44) (81 15 14 35) (66) (58 82) (4 31) (54 38) (18 94 10) (29 75) (6 68 36 99 26 21 3 39) (80 47 63) (70 64 59 5 95 41) (85) (65 12) (62) (43 55 98 27 33) (19) (92) (20 69 93) (30 37) (74) (67 77 73 22 76 87 71) (32 1 53 97 78 11 13 86) (25) (50) (2 17) 
63 (29 95) (87) (36 72 61 46 55 22 54 86 98) (49) (74 9) (99 56 6) (7 90 77 67 81 12) (71 39) (10) (70 41 37 97 18) (94) (4 15 52 47 51 21 60 19 96 79 28 68 80 13 57) (76 82 91 42) (45 40 38 66 3 44 17 48 1) (26 24 30 25 8) (84) (83) (75) (92 59 27 93 73 65 58) (20 69 32) 
64 (13) (9 27 58 29 81 48 84 93 96 17) (43) (87 49 89 68 12 11 6 67 52 50) (23 14) (69 38 46) (97 76) (94 73 2 91 99) (22 80 75) (5 15 30) (44 16 31 65 95 79 8 28 32) (45 33 61 39) (36) (10 20 18 25) (74 1) (51) (34 83 35) (26 3 62 63 53) (40 21) (77) (47) (98 66) (37) (57 86) (56 88) 
65 (53 31) (77 84 76) (8) (7 78 30) (34 16) (51 41) (54 87) (86) (42 58 56 29 17) (85 46 23 73 15 61) (69) (22 89) (20 88) (63) (91) (47) (70) (82 67) (49) (43) (62 44 10 99 2 96 19 12) (11 35 57 28 80 65 21 68 60) (50 14 4 48 18 26 75 83 3 9 37) (71) (92) (59) (94 98) (79) (24) (5 25 36 52 33 55 72 39) 
66 (43 18 60) (13 2 96 84 6 27) (89 46 33 35 82 92 99 20 41) (87 75 64 16) (52) (53 45 48 32 25 68 93 72 67 76 10) (69 49 97 54) (91 61 15) (19) (95 7 50 24) (37 21 80 65) (51) (57 4) (36) (100) (28 34 14) (86) (31 12 59 77) (44) (85 81) (73) (63) (1 55 23 26 70 17 74) (5) (94) (83 98) (38 40) 
67 (43 89 31 66 23 54) (67 98 78 60 22) (73) (39 7 81) (92 69) (63 17) (41 83 34 55) (44) (13) (74 95 75) (45 96) (86 64 80 85 24 11 40 65 68 88 3 9) (93 2 70) (33 29 4 1 15 42 46 48 97) (77) (52 90 99 100 18 5) (50) (25 82) (36) (27 84) (16 28 79 47 58 8 91 14) (20) (94) (53) 
68 (48) (90 72) (3) (63) (94) (77 30 2) (27) (88) (23 53 80) (51 62 71 22 59 54 65 13 40 33 15 31) (92 76 57 55 68 46 73 86) (61) (45 66) (49 14 5 36) (98 89 52 12 39 74) (82 19) (17 93 20 1 81 67 69) (96 29 9 70 99) (8) (26) (83) (4 58 25 91 64) (32 37 85) (60 7 42 35 16 24) (43) (100 6) 
69 (8) (45 77 50 7 42 41 20 55 15 73) (36 18) (6 40) (22 91 11 80 56 59 31 30 58) (75 99 38 92) (65) (98) (13 78 61 51) (68) (12 81) (44 69) (70 90 46) (26 93 52 57) (71 28) (94 60 89 25 35 14 83 48) (79 19 87 1) (34 66 49 72) (2 74 86 27) (67 76) (10 16 96 85) (82 33) 
70 (60) (51) (66 52 27) (92 67 47 1 89 16 59) (37 38 72 11 43) (99 55) (77 20) (34 9) (41 75 84) (63) (93) (46 48 83 17 14 85) (82 8) (74 4) (3 70 69) (36 95) (28) (58 25 100 42) (40) (65 7) (13) (10) (87 32 26 21) (64 68 80 96) (22 23) (94 29) (50) (49 86 90 30 61) (19) (45) (73) (71 62) (53 54 91 76 15) 
71 (26 14 88 9 67) (65 33) (75 1 31 8 2 41) (61) (15 30 96 66 95 74 16 51) (100) (18 64 70) (85 68 84) (40) (11) (77) (7 79 6 93) (63 42 91 53 10 92 44 20 71 60) (22) (12) (39 97) (43 24 29 89) (25 50 46) (57) (78 32 48) (87 49) (37 23 28 59) (90) (36 86 5 27 62) (94) (58 76 52 38 19) 
72 (60 3 13) (8) (94 98 48 71 15 22 27 89 61 42 35 51) (39) (67 87) (72 78) (88 6 75 68 44 28 91 10 90 58) (82 37 49) (56 25 62 83 65) (34 38 55) (69 86 32 100 66 26 23 80 77 18 14 85 43 57 20 95 29 9 24) (54) (30 50) (11 53) (79 84) (46 31) (40 52 93 63 74) (7 81) (73) (45) (12 5) (21) 
73 (68) (91) (7) (30 54) (27 83 82 86) (32 58 37) (20) (67 19 41 84 71 62) (18) (35 29 36 3 23 88 65 90 50 8 53 95) (6) (74 70 9) (63 16) (97) (59) (26 77 39 42 5 52) (72 73) (85 28) (93) (79) (17 57) (80 51 96) (34 43) (38 99 10 46 100 78) (94 55 2) (11 31) (98 45 12 40 4 44) (21) (89) (61 64 75 49 47 1 22) (92) 
74 (91 18 41) (75 45 63 12 1 84) (64 27 35 62 34) (68) (58 13 98 48 40 74) (90) (31 92 78 44) (82 67 71 99) (28) (100) (65 25 24) (7 46 83) (70 22 26 11 97) (60 19 23) (81) (95 85 8) (37 14 50 54) (30) (36 87 69 51 88) (3 10 29 6 94 55 47) (77) (43) (89 42 59 79 57 96) (38 4 2 33) (52) (20) 
75 (87 28) (2 49 79) (73 31) (98) (26) (29 85 72 62) (93 1 67 83 81 46 96 36) (80 20 63 76 91) (33 11 54 88 74 61 39 77) (5 44 35 25) (34 92) (99) (27) (53) (4) (32 19 97) (13 60 50 75 56 6 12) (52) (78 89 65 21) (55) (17) (71 42 22 48) (18 82 94) (66 15 69) (58) (68 9 16) (43 57 90) (41 45 38) (100) 
76 (6 12) (50 28 69 79) (32 48) (11 17) (98 26 16 65 55 5) (45 14 22 100 15 19 58 31) (59 83 8 21 85 20 62 24 27) (96 74 30) (10) (34 56 25) (57) (70 94) (67 43) (82 75 97 2 90 36 18 51 66 81 72) (77 4) (3) (60 78 73 87 71 61 40 38) (89) (76) (41 7) (88 64 1 46) (47 84 44 91 63) (37 9) 
77 (56 99 20 3) (98 30 46) (25 44 18 68 38 94 87 13 66 41 80 8 58) (76 63 23) (49 33 74 29 42) (15 27) (53 32 57) (28) (45 89) (31 75 93 100 47 54) (69 9 96 39) (48 70 52) (24) (65 61 95 71 97 34 43) (59 5) (88 92) (1 26) (55) (73 36 12) (79) (16 90 35 85 60) (86) (37 7) (91) (14 19) 
78 (89 67 12) (16 26) (41) (82 51) (80 60 44 11) (33) (32) (74 64) (87) (68 42 15 78) (22) (47 40 4) (5 53 57) (14 46 69 79) (1) (2 34) (50 37 27 17 21 54 6 92 23 91 20 55 94 9) (96) (98 71) (76 19 73 13) (49 31 3) (70) (48 62 59 25 7 28 61 72) (36 39 99 65) (77 75 84 38 88 56 97 100 90) (18) 
79 (16 34 57) (7 83 43) (15 56) (69 73) (4 85) (27 61 5) (32 97 38 66 51 91 12 63) (80 22) (82 90 9 79 48 98) (87 70 36 81 19 13) (17 11 86 54) (25) (65 24) (62 71 93) (76) (99 88) (67 64 3 92 2 1 50 94) (47 58 72 31 84 46) (77 10 23 60) (68 28) (52) (21 39 33) (20) (44 49 37) (26 35 53 14) 
80 (88) (35) (80 99 14 71 41 73 54 30 18 16) (96) (28 75 79 6 86 31 49 84 1 27) (38 82 48 39 29 2 25) (11) (45) (37 65 5 76) (68) (3 98 36) (53) (22 52 58 93 61) (10 66 20 32 57 94 23 78) (51 83) (42 97 69 34 81) (13 64 62 87 77 19 85 95) (92 8) (89 56 46) (70 26 7) (60 21 44 72 24 63 12) (9 100) 
81 (70 43) (96 66 92 26) (14 9 51 82 90 12 24 97) (4 16 78 61 13 55 60 57) (76) (53 7 38 30 31 6) (83 80 17 65) (85 89 3 44 40) (84 81 48 41 32) (27 8) (54) (2 1) (42 39) (19 46 25 71 93 79) (50 28 100 74 94 49 29 20 5 86 47 35) (88 98 69 11 45) (63 52 33 58) (22 87) (34 73 72) (21 18) (75) 
82 (73) (58 11) (93 74 24 26) (53 55) (56 33 76 99 6 29 23 39 51) (41 38) (65) (30) (78 10 9 42 37 31 20) (86 62) (54) (57 14) (80 69 2 15) (64) (50 5 19 34 66 43) (90 84 61 92 94 22 16 82 12 96 59) (25 17 3 32 71) (87 48) (52) (40 95) (89 8 44) (70) (97) (100) (91 83) (98 77) (63 81 60 72) 
83 (26 77) (28 73) (57 69 5 97 78 99 84 55) (34 12 3 88 43) (15 46) (81 32) (30 54 72) (63 19 65) (60 20) (48 71 10) (61 64 51 89 8 16) (91 14 4 74 96 82 67 33) (24 92) (22 41) (21 79) (53 52) (45) (75 90) (59 9 66 11 83 42) (86 100 50) (31 17 6) (94 80 68 62) (27 38 49 40) (93) (39 58 76 87) 
84 (1 89 83 21) (77 64) (9 41) (55 54 5 82 63 48) (27 42 60 20 71 12 39 61 24) (88 46 3 65 36 7 85 11) (81 30) (69 31 87 75) (18 34 96 43) (38 13 35 93) (90) (56 23 53 74 70 51 33 26) (58 32 10 52) (2 57) (97 4) (91 100) (25 86 19) (16 66 95 72 68 84 40) (59 37 94 99 67) (44 14 62 49 8) (78 50 45) 
85 (60 26 67 17 8) (78) (80 95 73) (100 39 2 58) (18 51 98 9 82) (71) (11 49) (41 6) (70 91 50) (40 19 85) (15) (76 81 55 92) (23 7 31 33 42 87) (69 35) (25) (29 94 68 62 36 48) (24 16) (65 22 75) (57) (27 54 63 96 5 53 12) (46 1) (28 21 30) (43 52 83 86 4) (59 74 93) (88 47 64 14) (20 72 13) 
86 (34 78 18) (87 73 66 16) (20) (57) (27 22) (15 97) (14 47 99 30) (83 59) (61 82 39 9 54 1) (96) (84) (28) (10 7 62 41) (31) (93 40 49 25 50 21 46 36 69) (11 13 42 79 35) (80 37 68) (4 2 29 63 85 12) (70 23 95 3 33) (6 44 17) (24 52 38) (58) (98 88) (71 26 8 90 45 75 32 65) 
87 (57 69 54 40 11) (70 14) (37 6 79 46) (71 28 65 16) (60 94) (72 9) (80 1 22 68 63) (33) (15 48 21) (82 42 67 51 66 45) (88) (50 35) (100 61) (4 84 24 83 17 47 78) (90 19 18 97 95 31 3 49 89) (32 34) (86 93 53 75 12 36 59 39 20) (52 25 2 23) (10 87 41 64) (62 55 29 76 99) 
88 (21 37 8) (96 7) (74 57) (42) (23) (25 54) (72 63 20) (29 1 15) (40 46 70 52 88 26) (59 45 10 32 18 56 16) (31 41) (9 44) (27 48 28 49 98 53 99 24 77 2 75 86 11) (94 79 73 93 82) (68) (22 71) (91 83) (97) (87 17 55 89) (39 64) (90 19 65 14 12 35) (84 81 61 62 3) (13 30 85 5 60 51 50 33) (100) 
89 (11) (3) (45 76 6 16 50) (15) (44) (88) (75) (47) (73 96) (5 92 85) (66 24 42) (81) (62 37 56 14 35) (74) (86 68 13 34 67 38 32 36 21 52 20 41 84) (70 28 64 71 63 18) (61 94 60) (78 40 7 82 53 33 8 80 10 48 69 65 54 98 2 59 95 17 72 39 31) (58 43 90 79 22) (29) 
90 (46 2) (25) (9 97 84 38) (65 53 74) (8 66) (3 43 70) (83) (17 7 55 6 50 4 20) (72) (76 39 40 48) (5 18 86 98 31) (69 16) (22 45 56) (23 29 93 81 41) (77 28 57 34 90) (63 61 71 47 67 87 27) (85 36 73 12) (26 88) (37) (79 11 80 82 30 14 59 44 15 64) (54 62) (75 60) 
91 (8 33 13 97 76 82 4) (98 78) (63 20 17 74 66) (14) (37 58 28 56 50 59 31 93 30 7 25 60 15 44) (99 29 3 53) (71 5) (42 21) (27 80 96 62 41 73) (12 39 81 65) (1 18 19 46 9 49) (95) (79 91 87 89) (23 6 88) (47 38 35 86 16 67 26) (22 52 100 92 75 83 43 2 24 84 61 54 55 34 40 11 51 45 94 36) 
92 (78) (20 38) (97 98 17 8 95 82) (50 33 84 70) (79 89 48 28 56) (60 6 91 57 7) (68 99 100) (77 45 86 51) (19 27 31 63 41 16) (54 88) (62) (74 23 65 75 14 64 5 53) (9 55 73) (12 85) (24) (92 93 32) (37) (21 71 81 3) (43 29 58 61) (36 15 67 30 11 13 46) (40 66 42 59) (34 39 18) (1) 
93 (42) (58) (83 71 85 65) (34) (25 23 69) (94 54) (47) (24) (49 63) (32) (26 79 37) (15 66) (72 9 11 14) (88 17) (46 1) (41 22) (2) (3 39 59 64) (73 6 91 99) (45 78 50) (48 4) (53 62) (75 70 30 20) (87 43 98) (60 38 7 74 51) (12 56 93 57 33 44 10 80 55 92 36 21 61 84 40) (18 82 76 52 29) 
94 (84 57 73 74 31 12) (50 8 5 86) (65 100 47 24 35) (42 63 55 89) (98) (97 27) (79 43 83) (68 69) (53 36 1) (48) (95 90 49 34 32 81) (88 15 70 3 41) (54 33 10 59 23) (52) (9) (80 71 19 30) (22 6) (25 75 76 67) (18 91 46 51) (61) (62 64 72 17 60 96) (26) (44 78 85 16) (14 21) (87 29 7) (58 94) (82 28 38 99) (20 40 13) 
95 (82 62) (11 40 99) (2 10 39) (41 49 67) (51 88 24 16 53 37 45) (9 70 93) (30 89 28) (23 92 83) (95 6 27 98) (32) (78 64) (19 47 86) (7 35 90 14) (34 81 87) (94 33 36 31 25 12 73 60) (1) (80 38 20 77 4) (46 15 61 3) (63 74 54 50) (18 79 44 97 29 48 5) (71 26 69) (91 65) 
96 (18) (26 66) (19) (82 45 44 27) (5 16) (89 30) (31 88) (98 4 49 74 51 12) (7 56 58 33 35 11 78 38 52 77 20 85 43 93 57) (70 75) (42 69 10 17 65 25) (39 8 76 48 90 100 6 73) (2 55 3 94 28 61 63) (64 24 62) (9 67) (54 60 36 13 71) (80) (86 72 32 29 15 34 87 68) (1) (50 92 79 22) (41) 
97 (52) (25 47) (23 76 2 81 38 89 94) (69) (53 60 86 92 54 1) (44 24 96 56 46 65 87 16 83) (13) (77 20 42 100 71 39 28) (12 35) (63 36 84) (5 55 79) (58 30) (57 11 21) (98 90) (22 7 48 78) (31) (75 61 37) (26) (82) (51 59 66 85 29 34 67) (93) (99 27) (32) (14 18 62) (9) (15) (88) (68) (43 40 33) (70) (73 4) (45) 
98 (80 16) (42 51 59 76 17 78 94 11 29 88 40 6 5 8 23) (37 86 56 49 89 41 25 43) (68 2 38 63 77) (21) (12 39 50 67 93 32 79) (73 48 91) (47) (98 54 31 28 22 84 24 46 52 70 27 92) (87 14 9) (69 90 81) (19) (61) (33 4) (1 44 72) (96) (36 45 13 83 82 18) (10 34 97 26) (3) 
99 (92) (94 20) (51) (37) (54 83 7 77) (22 12 71) (14 67 73 64 33 62 43 10 21 41 100 52 4 91) (28) (45 11) (19 26 65 78) (57 70) (59 46 56 86 76 98 68 90) (24 58) (16 38 99) (9 23) (49 63) (1 74 2 5 13 3) (18 25) (80 81) (55) (36 35 34 96 40 72 6 66) (82 61 8 17 44 29) (84 93 60 79 75 69 53 42) 
100 (40 34 82) (47 69) (58 55) (27 31) (78 46 10) (14) (96 89) (20 57 50) (79 62) (23 8) (66) (65 56 98 24 13 12 36) (95 15 49 53) (87) (41 5 9 68 86 91 17 33 90) (75 25 94 80) (18) (61 39 30 48 64 83 4 74 43 76 77 26 67) (7 85 70 45 11 52) (97) (93 54 3 92 37 2 88 22 6) 
1 (69) (60) (79) (91) (6) (42) (33) (88) (27) (64) (22) (59) (28) (39) (21) (87) (84) (49) (3) (9) (31 45 1 51 62) (86 29 18) (81 50 76) (47) (30) (75) (57 34) (58 25) (37 98) (71 36 52 80 78 32 24 63) (11 73 41 95 99 77 23 19) (61 85 12 93 92) (4 40 74 8 56 96 70) (67 66 55 5 20 44) (16 94 35 2 68 54 97 10 13) 
2 (27) (95) (15) (93) (57) (42) (99) (84) (17) (100) (87) (58) (40) (38) (50) (22) (76) (78) (54) (32) (31) (62) (1) (80) (20) (74) (67) (61) (4) (98) (79) (36) (12) (68) (86 14 21 90) (13 69 5 64 45 81) (82 75 48 33 8 26 89 44 73 66) (71 39 53 56) (51) (25) (24 10 65 41 29 19 96 35 88 91) (6 3 23 9 52 60) (28 85 97 49 7 30) 
3 (42) (65) (61) (90) (55) (53) (34) (87) (79) (67) (1) (31) (58) (63) (62) (19) (80) (15) (78) (49) (39) (70) (45) (16) (64) (52) (5) (83) (23) (3) (98) (27) (40) (91) (96) (4) (100) (30) (7) (74) (22) (89) (77) (57) (94 38) (54) (18) (6 86 25 99 81) (8 76) (28) (2 84 51 35 50 48) (32) (37) (36 93) (82 95 92) (68 88) (26 73) (14 72 17) (21) 
4 (11) (23) (79) (85) (6) (90) (19) (58) (59) (86) (37) (100) (4) (25) (95) (34) (76) (97) (83) (84) (10) (93) (55) (32) (50) (28) (54) (35) (46) (20) (75) (98) (26) (31) (29) (52) (17) (53) (1) (24) (63) (15) (99) (87) (91) (12) (68) (74) (3) (78) (62) (9) (96) (70) (30) (5) (33) (73) (43 66) (16 47) (22) (67) (21 60) (39 27 14 57 65 38) (40 49) (44) (45 51 81) 
5 (27) (75) (72) (85) (30) (77) (4) (42) (41) (35) (5) (19) (23) (24) (83) (21) (94) (88) (97) (49) (90) (71) (9) (79) (84) (17) (64) (3) (66) (15) (37) (16) (2) (18) (56) (12) (76) (80) (36) (99) (28) (95) (98) (62) (40) (100) (65) (78) (91) (13) (46) (58) (92) (20) (67) (45) (34) (6) (33) (81) (68) (50) (32) (89) (43) (10) (31) (54) (1 14) (44 96) (11 53) (59 25 73 82 26) 
6 (27) (21) (18) (28) (55) (25) (52) (54) (9) (92) (15) (94) (75) (13) (37) (57) (95) (63) (24) (87) (93) (89) (96) (83) (81) (1) (31) (59) (90) (39) (99) (5) (2) (43) (51) (85) (42) (22) (50) (62) (17) (47) (30) (78) (14) (34) (20) (64) (49) (100) (4) (44) (86) (72) (10) (56) (74) (58) (98) (69) (41) (91) (76) (71) (66) (46) (73) (68) (7) (12) (33) (40) (11) (82) (53 80 32 29) 
7 (86) (84) (72) (9) (69) (57) (99) (42) (85) (45) (20) (96) (71) (35) (77) (16) (41) (81) (66) (63) (50) (36) (21) (28) (48) (95) (65) (26) (13) (33) (92) (67) (79) (68) (46) (37) (1) (5) (6) (32) (90) (8) (29) (56) (7) (54) (30) (70) (52) (89) (97) (74) (55) (25) (60) (43) (91) (58) (40) (14) (93) (80) (53) (10) (61) (23) (18) (88) (78) (100) (38) (76) (34) (12) (94) (73) (51 17) (15 2 49) 
8 (92) (59) (70) (39) (67) (43) (9) (86) (21) (15) (98) (65) (58) (7) (32) (69) (10) (50) (56) (63) (99) (71) (40) (61) (80) (30) (16) (84) (3) (82) (45) (51) (2) (24) (74) (55) (48) (25) (85) (49) (57) (37) (77) (60) (89) (41) (22) (1) (4) (52) (91) (81) (19) (38) (17) (33) (83) (34) (42) (68) (90) (13) (72) (88) (27) (35) (6) (94) (47) (54) (28) (12) (18) (100) (23) (31) (96) (64 73) (14) (53 76) (11) 
9 (24) (58) (64) (53) (95) (12) (84) (56) (78) (98) (20) (13) (39) (51) (48) (25) (3) (50) (35) (67) (1) (85) (42) (17) (76) (79) (96) (75) (8) (44) (55) (60) (26) (100) (10) (77) (5) (90) (34) (70) (6) (37) (21) (7) (80) (81) (28) (33) (14) (88) (9) (30) (41) (54) (97) (94) (18) (43) (40) (73) (61) (83) (99) (92) (68) (11) (63) (19) (93) (15) (87) (72) (38) (65) (91) (46) (2) (29) (82) (23) (86 71 4 31) 
10 (63) (35) (64) (57) (28) (5) (53) (7) (82) (25) (94) (84) (43) (14) (62) (40) (100) (52) (39) (49) (69) (93) (70) (48) (76) (45) (18) (98) (73) (36) (74) (20) (99) (2) (19) (6) (96) (4) (66) (89) (21) (17) (33) (47) (30) (65) (22) (50) (8) (15) (95) (54) (26) (72) (41) (59) (60) (37) (80) (23) (12) (87) (38) (16) (29) (61) (88) (44) (71) (79) (83) (42) (34) (86) (3) 
11 (97) (92) (23) (31) (93) (86) (2) (43) (72) (11) (73) (48) (62) (36) (6) (1) (9) (13) (88) (65) (70) (10) (27) (56) (5) (39) (33) (90) (100) (34) (71) (83) (38) (45) (95) (54) (51) (16) (28) (32) (4) (96) (80) (87) (50) (15) (22) (69) (53) (25) (59) (74) (75) (46) (78) (99) (81) (84) (37) (7) (41) (79) (3) (44) (85) (17) (12) (98) (8) (55) (40) (30) (82) (19) (14) (64) (26) (91) (49) (57) (89) (76 61 58 29 67) 
12 (84) (85) (52) (41) (79) (15) (30) (54) (44) (72) (76) (12) (53) (39) (80) (65) (94) (78) (47) (7) (97) (69) (17) (46) (95) (14) (42) (29) (82) (62) (90) (51) (40) (96) (18) (56) (63) (9) (19) (66) (61) (2) (60) (68) (71) (13) (99) (87) (59) (98) (35) (74) (11) (21) (92) (64) (32) (25) (50) (93) (73) (45) (23) (88) (24) (83) (75) (34) (20) (10) (86) (16) (100) (27) (81) (31) (4) (77) (8) (3) (6) (91) 
13 (80) (21) (32) (47) (36) (62) (13) (3) (5) (92) (45) (20) (94) (99) (48) (19) (15) (88) (2) (91) (40) (31) (78) (67) (61) (26) (77) (22) (42) (39) (97) (14) (8) (50) (72) (89) (84) (56) (23) (86) (68) (75) (28) (27) (46) (41) (12) (85) (18) (44) (66) (25) (70) (1) (35) (43) (100) (6) (57) (81) (69) (55) (11) (98) (24) (7) (63) (64) (10) (30) (33) (53) (59) (96) (74) (34) (58) (79) (60) 
14 (3) (64) (9) (59) (68) (24) (56) (7) (98) (43) (32) (57) (54) (16) (8) (53) (82) (88) (10) (70) (19) (91) (46) (26) (95) (84) (58) (80) (13) (14) (45) (27) (28) (65) (86) (29) (60) (99) (5) (61) (47) (31) (90) (4) (21) (23) (69) (71) (34) (94) (51) (87) (78) (97) (76) (66) (30) (74) (20) (79) (89) (12) (72) (67) (85) (100) (62) (93) (55) (35) (49) (52) (83) (18) (81) (41) (77) (92) 
15 (86) (1) (64) (88) (66) (69) (55) (83) (10) (79) (71) (24) (28) (100) (90) (21) (95) (45) (23) (94) (19) (3) (85) (78) (32) (43) (15) (89) (34) (48) (59) (67) (93) (61) (72) (7) (75) (33) (20) (97) (2) (63) (40) (37) (53) (76) (56) (35) (82) (31) (5) (30) (44) (27) (17) (18) (77) (68) (91) (14) (87) (60) (6) (58) (39) (42) (26) (46) (62) (92) (54) (65) (96) (12) (52) (16) (70) (11) (25) (38) 
16 (14) (27) (12) (38) (88) (83) (8) (31) (17) (48) (77) (20) (86) (97) (6) (29) (53) (90) (64) (52) (67) (50) (51) (73) (89) (68) (41) (40) (78) (33) (39) (82) (85) (92) (55) (81) (65) (13) (5) (15) (4) (99) (75) (2) (11) (58) (22) (47) (35) (21) (32) (28) (70) (37) (43) (98) (19) (49) (46) (3) (25) (57) (66) (96) (24) (87) (69) (71) (59) (44) (91) (79) (60) (76) (30) (95) (84) (16) (80) (45) (10) (94) 
17 (99) (62) (9) (29) (24) (27) (3) (45) (78) (33) (28) (30) (41) (79) (57) (51) (38) (16) (19) (17) (54) (12) (56) (42) (76) (75) (96) (59) (39) (37) (15) (67) (83) (47) (10) (60) (86) (89) (35) (14) (82) (26) (73) (46) (68) (36) (85) (53) (65) (32) (2) (18) (20) (13) (92) (8) (88) (4) (63) (100) (64) (1) (93) (87) (52) (43) (40) (91) (66) (25) (6) (21) (55) (90) (11) (70) (5) (81) (49) (98) (61) (94) 
18 (100) (93) (81) (66) (16) (14) (1) (6) (69) (30) (24) (97) (78) (4) (89) (96) (17) (26) (44) (84) (59) (74) (55) (95) (15) (43) (88) (5) (62) (18) (7) (34) (50) (11) (9) (22) (73) (21) (51) (80) (64) (58) (20) (99) (37) (91) (49) (92) (67) (98) (54) (27) (29) (12) (76) (46) (61) (90) (36) (86) (31) (2) (35) (45) (40) (25) (72) (33) (71) (65) (87) (85) (94) (13) (63) (47) (53) (23) (77) (3) (60) (38) (75) 
19 (91) (54) (37) (48) (36) (87) (15) (8) (79) (44) (60) (4) (57) (68) (21) (73) (55) (88) (71) (43) (61) (26) (5) (99) (47) (17) (76) (7) (63) (6) (35) (83) (92) (77) (34) (46) (66) (19) (74) (51) (62) (98) (96) (3) (18) (20) (14) (22) (85) (2) (50) (84) (29) (1) (12) (65) (42) (25) (82) (95) (52) (38) (81) (94) (45) (40) (23) (53) (78) (80) (10) (75) (56) (11) (70) (41) (69) (30) 
20 (78) (99) (35) (46) (68) (51) (38) (4) (8) (14) (54) (10) (67) (81) (31) (50) (62) (5) (96) (21) (55) (82) (94) (48) (1) (74) (85) (34) (72) (100) (12) (92) (17) (59) (93) (86) (73) (84) (88) (15) (13) (27) (29) (20) (37) (83) (66) (63) (80) (26) (3) (52) (64) (57) (61) (23) (58) (30) (89) (95) (53) (70) (69) (49) (91) (16) (36) (79) (43) (19) (9) (97) (90) (25) (87) (76) (40) (2) (56) (22) (32) (75) (71 18) (41 45) (24) (65 77) 
21 (55) (60) (85) (48) (56) (88) (92) (16) (52) (13) (5) (46) (3) (30) (45) (12) (66) (63) (78) (37) (20) (79) (65) (8) (39) (23) (42) (1) (40) (62) (58) (99) (59) (57) (91) (83) (18) (73) (72) (70) (14) (75) (7) (47) (2) (51) (89) (61) (86) (34) (4) (64) (36) (41) (50) (53) (35) (19) (93) (32) (31) (44) (22) (81) (98) (76) (43) (28) (97) (9) (94) (80) (25) (21) (10) (87) (84) 
22 (16) (9) (89) (55) (2) (79) (19) (17) (34) (50) (93) (39) (98) (54) (14) (12) (36) (46) (83) (80) (91) (18) (88) (75) (26) (70) (47) (71) (86) (100) (63) (10) (4) (13) (69) (5) (35) (68) (74) (21) (94) (99) (60) (22) (72) (85) (7) (37) (33) (65) (67) (78) (82) (52) (6) (1) (30) (40) (11) (3) (51) (62) (76) (23) (73) (8) (57) (96) (49) (53) (27) (59) (15) (87) (90) (31) (48) (29) (42) (81) (97) (64) 
23 (27) (42) (26) (57) (85) (95) (55) (47) (29) (87) (80) (35) (86) (78) (58) (21) (24) (33) (77) (93) (64) (25) (59) (37) (41) (72) (44) (6) (32) (16) (97) (7) (43) (84) (79) (22) (98) (9) (88) (12) (4) (18) (74) (3) (49) (8) (66) (34) (52) (19) (54) (13) (91) (11) (40) (92) (82) (100) (48) (65) (99) (73) (68) (67) (30) (60) (10) (31) (28) (14) (90) (71) (94) (70) (17) (50) 
24 (93) (100) (31) (66) (26) (96) (63) (88) (94) (68) (99) (33) (91) (21) (60) (2) (86) (51) (17) (89) (8) (65) (6) (25) (97) (5) (58) (84) (28) (83) (23) (85) (3) (48) (74) (35) (46) (38) (98) (7) (13) (36) (54) (43) (67) (45) (80) (71) (16) (40) (34) (95) (15) (87) (76) (81) (1) (77) (9) (10) (27) (50) (37) (59) (79) (24) (47) (82) (11) (32) (20) (72) (41) (57) (61) (19) (92) (12) (39) (52) 
25 (82) (35) (51) (96) (43) (84) (72) (58) (25) (1) (99) (38) (26) (27) (22) (80) (57) (50) (70) (53) (34) (28) (12) (29) (31) (67) (15) (68) (5) (63) (93) (75) (97) (32) (8) (69) (78) (3) (65) (74) (16) (41) (85) (66) (61) (76) (62) (6) (90) (23) (7) (64) (47) (2) (45) (79) (39) (18) (87) (60) (54) (49) (59) (52) (10) (19) (44) (100) (20) (88) (9) (13) (98) (71) (81) (14) (30) (56) (37) (94) (17) (21) (86) (91) (33) (40) (95 36 77 46 4) 
26 (36) (72) (75) (3) (59) (58) (99) (9) (95) (40) (62) (29) (61) (46) (42) (6) (13) (16) (17) (31) (22) (78) (52) (7) (57) (18) (47) (70) (44) (68) (85) (10) (96) (60) (64) (65) (55) (49) (25) (81) (27) (41) (74) (100) (15) (1) (24) (14) (20) (79) (69) (56) (77) (91) (34) (63) (28) (98) (71) (5) (12) (19) (88) (82) (4) (43) (32) (80) (45) (73) (94) (97) (93) (23) (35) (86) (66) (84) (76) (90) (83) 
27 (94) (97) (23) (22) (63) (91) (14) (33) (51) (47) (21) (7) (48) (80) (86) (98) (3) (43) (73) (5) (52) (78) (44) (69) (30) (35) (68) (67) (46) (37) (79) (61) (85) (29) (100) (18) (41) (90) (95) (81) (60) (19) (6) (2) (66) (16) (88) (64) (54) (62) (36) (24) (71) (58) (74) (26) (34) (9) (8) (75) (50) (45) (76) (53) (72) (4) (83) (77) (84) (17) (32) (70) (96) (55) (12) (1) (38) (11) (92) (20) (31) (25) 
28 (94) (99) (7) (86) (77) (38) (6) (76) (80) (73) (1) (28) (72) (36) (91) (81) (25) (49) (21) (78) (43) (97) (32) (70) (8) (41) (58) (4) (31) (62) (90) (67) (12) (75) (17) (45) (88) (98) (55) (5) (64) (96) (89) (59) (71) (87) (54) (63) (47) (69) (61) (26) (83) (79) (95) (85) (48) (39) (37) (3) (42) (56) (11) (74) (66) (92) (24) (44) (18) (51) (35) (10) (9) (15) (19) (29) (65) (16) (57) (53) (33) 
29 (77) (90) (46) (93) (8) (51) (85) (88) (9) (50) (39) (34) (87) (68) (38) (82) (19) (44) (31) (10) (55) (28) (94) (57) (64) (17) (36) (53) (72) (11) (92) (54) (13) (7) (37) (89) (3) (74) (32) (60) (80) (20) (86) (59) (4) (35) (2) (75) (30) (21) (99) (91) (81) (23) (47) (52) (73) (98) (22) (67) (25) (65) (1) (16) (70) (40) (43) (56) (96) (95) (6) (62) (63) (41) (71) (48) (61) (45) (97) (14) 
30 (13) (17) (80) (37) (88) (70) (64) (55) (43) (63) (76) (65) (86) (12) (73) (50) (71) (59) (84) (21) (40) (9) (19) (32) (22) (58) (56) (5) (90) (48) (77) (35) (10) (24) (6) (1) (20) (69) (68) (81) (8) (34) (62) (54) (94) (47) (36) (74) (92) (27) (82) (41) (4) (23) (97) (96) (44) (33) (91) (46) (14) (85) (28) (25) (95) (31) (30) (93) (11) (100) (18) (60) (57) (83) (2) (15) (39) (29) (72) 
31 (88) (40) (66) (43) (87) (69) (35) (77) (34) (82) (14) (36) (89) (95) (86) (12) (51) (79) (22) (29) (49) (18) (91) (5) (52) (1) (76) (23) (74) (58) (80) (97) (72) (78) (28) (24) (45) (2) (3) (75) (94) (11) (68) (19) (48) (71) (73) (64) (83) (41) (31) (53) (17) (39) (44) (55) (96) (32) (30) (37) (21) (92) (81) (62) (90) (33) (85) (84) (100) (50) (54) (67) (65) (25) (20) (59) (98) (60) (13) (4) (15) (46) (26) 
32 (73) (41) (44) (50) (18) (62) (58) (98) (13) (57) (31) (36) (75) (39) (95) (55) (72) (53) (11) (92) (25) (59) (34) (5) (89) (1) (52) (60) (64) (93) (3) (94) (17) (71) (23) (77) (48) (46) (80) (82) (76) (88) (43) (33) (15) (97) (4) (42) (84) (8) (21) (20) (35) (78) (32) (79) (6) (24) (83) (40) (49) (47) (14) (86) (37) (27) (63) (81) (66) (29) (7) (87) (26) (51) (12) (70) (96) (38) (68) 
33 (36) (10) (29) (28) (39) (57) (55) (35) (22) (43) (78) (100) (65) (51) (6) (84) (48) (96) (88) (38) (92) (45) (66) (97) (19) (98) (42) (91) (14) (30) (75) (60) (99) (52) (86) (93) (85) (89) (44) (82) (26) (27) (67) (49) (53) (21) (81) (77) (2) (69) (94) (31) (59) (62) (50) (24) (5) (23) (3) (64) (41) (11) (37) (71) (58) (83) (16) (74) (61) (68) (95) (7) (46) (12) (79) (33) (87) (54) 
34 (9) (21) (83) (23) (12) (98) (60) (26) (67) (84) (64) (91) (81) (56) (49) (25) (93) (34) (31) (58) (5) (73) (53) (59) (37) (3) (24) (39) (94) (54) (96) (57) (42) (28) (43) (89) (50) (79) (22) (99) (40) (74) (55) (7) (78) (47) (80) (16) (87) (61) (36) (15) (46) (45) (8) (72) (65) (30) (44) (32) (1) (90) (10) (18) (14) (17) (97) (13) (75) (27) (11) (69) (19) (48) (92) (76) (20) (82) (100) (77) (95) (66) (70) (86) (4) 
35 (27) (84) (53) (8) (38) (72) (80) (56) (17) (87) (99) (77) (75) (89) (60) (12) (36) (47) (64) (19) (51) (57) (94) (69) (46) (10) (16) (50) (79) (24) (18) (65) (73) (95) (23) (14) (96) (29) (61) (9) (85) (81) (42) (34) (43) (37) (31) (32) (40) (88) (6) (7) (58) (97) (41) (91) (86) (54) (20) (55) (30) (74) (66) (59) (68) (1) (62) (21) (33) 
36 (97) (38) (52) (70) (55) (40) (89) (76) (19) (98) (46) (73) (48) (17) (11) (93) (9) (59) (50) (29) (35) (69) (49) (10) (44) (41) (8) (90) (100) (96) (77) (22) (57) (80) (30) (28) (58) (2) (12) (99) (23) (71) (60) (63) (84) (61) (68) (21) (32) (26) (95) (75) (37) (4) (14) (79) (67) (24) (42) (66) (53) (62) (43) (74) (47) (94) (7) (64) (92) (54) (1) (86) (78) (91) (51) (36) (15) (85) (5) (33) (87) (65) 
37 (9) (34) (40) (17) (50) (80) (28) (56) (18) (55) (93) (8) (60) (99) (84) (44) (26) (48) (87) (66) (73) (49) (90) (22) (25) (65) (79) (58) (97) (43) (57) (100) (20) (47) (86) (10) (1) (24) (33) (5) (46) (71) (82) (92) (41) (62) (72) (78) (51) (21) (95) (37) (54) (3) (14) (53) (89) (61) (32) (39) (23) (91) (45) (68) (31) (88) (2) (52) (29) (36) (98) (7) (63) (59) (4) (12) (74) (16) (70) (15) (76) (64) (77) 
38 (63) (37) (30) (53) (98) (31) (50) (2) (77) (47) (28) (78) (81) (33) (90) (75) (72) (52) (46) (84) (26) (82) (91) (70) (17) (38) (62) (73) (80) (58) (60) (97) (11) (6) (66) (86) (42) (48) (59) (44) (94) (15) (39) (34) (76) (18) (20) (74) (8) (3) (32) (93) (41) (83) (64) (61) (19) (7) (1) (79) (89) (49) (43) (96) (29) (13) (92) (10) (71) (54) (55) (40) (5) (99) (25) (69) (95) (36) (21) (56) (24) (22) (12) 
39 (95) (97) (87) (24) (28) (43) (50) (100) (90) (19) (29) (37) (68) (88) (56) (41) (78) (23) (77) (67) (35) (39) (52) (14) (48) (75) (13) (53) (3) (86) (30) (32) (6) (80) (83) (96) (55) (38) (36) (17) (4) (16) (60) (10) (65) (81) (93) (44) (79) (51) (25) (98) (2) (57) (91) (7) (22) (31) (89) (84) (47) (73) (71) (72) (54) (33) (92) (21) (18) (42) (85) (63) (20) (11) (64) (82) (62) (46) (34) 
40 (70) (19) (43) (37) (63) (90) (97) (40) (89) (92) (91) (11) (85) (95) (84) (28) (17) (25) (64) (76) (31) (12) (99) (26) (15) (42) (23) (9) (8) (7) (18) (16) (66) (93) (48) (83) (21) (56) (38) (72) (6) (82) (22) (98) (4) (46) (13) (52) (87) (3) (67) (41) (100) (86) (39) (88) (71) (69) (58) (81) (94) (33) (68) (59) (74) (78) (60) (47) (32) (35) (54) (1) (29) (57) (30) (49) (73) (20) 
41 (75) (36) (29) (77) (82) (92) (14) (55) (30) (59) (83) (13) (53) (71) (63) (20) (12) (93) (49) (91) (43) (70) (99) (46) (33) (44) (73) (65) (48) (89) (1) (10) (80) (81) (74) (52) (16) (32) (86) (6) (85) (24) (17) (62) (67) (3) (8) (54) (39) (41) (34) (95) (21) (23) (100) (7) (87) (28) (98) (90) (27) (60) (56) (40) (18) (96) (84) (78) (31) (45) (57) (69) (88) (15) (76) (58) (35) (94) (42) (66) (9) (22) (5) (37) (47) 
42 (81) (44) (72) (61) (12) (69) (35) (68) (73) (50) (5) (14) (32) (38) (23) (54) (21) (99) (89) (97) (30) (10) (22) (87) (19) (93) (55) (43) (51) (88) (78) (91) (31) (70) (8) (41) (26) (16) (28) (24) (60) (82) (17) (83) (37) (59) (53) (29) (62) (67) (46) (96) (98) (36) (74) (84) (15) (42) (2) (6) (56) (77) (48) (86) (80) (3) (75) (71) (65) (52) (45) (25) (85) (63) (49) (94) (7) (1) (92) (9) (39) 
43 (23) (50) (71) (5) (76) (22) (73) (4) (1) (56) (67) (31) (7) (27) (57) (55) (40) (6) (59) (96) (90) (48) (89) (44) (10) (36) (46) (91) (37) (79) (20) (30) (81) (75) (77) (39) (70) (9) (85) (62) (100) (83) (19) (72) (14) (52) (51) (82) (53) (64) (92) (84) (8) (3) (38) (74) (25) (66) (47) (94) (93) (54) (98) (43) (15) (42) (12) (17) (65) (97) (2) (18) (29) (68) (16) (32) (33) (24) (41) (26) (99) 
44 (59) (50) (36) (93) (48) (3) (32) (38) (91) (30) (61) (76) (79) (97) (13) (9) (31) (67) (5) (72) (21) (33) (20) (96) (81) (80) (78) (23) (99) (16) (69) (66) (41) (45) (42) (62) (90) (40) (35) (63) (57) (17) (55) (71) (7) (51) (64) (28) (54) (65) (2) (22) (89) (77) (86) (74) (4) (24) (98) (1) (29) (46) (95) (88) (39) (27) (10) (73) (82) (58) (12) (75) (37) (60) (84) (8) (6) (94) (52) (11) (18) (14) 
45 (14) (80) (12) (86) (43) (75) (92) (22) (64) (29) (11) (68) (99) (41) (67) (17) (37) (61) (96) (30) (73) (60) (42) (26) (44) (7) (81) (90) (1) (19) (51) (88) (45) (16) (27) (52) (53) (48) (3) (4) (72) (97) (87) (8) (100) (95) (83) (33) (58) (84) (59) (18) (91) (63) (38) (54) (6) (46) (89) (40) (21) (93) (28) (2) (66) (49) (47) (56) (77) (36) (98) (10) (70) (34) (39) (76) (74) (24) (69) (5) (35) 
46 (51) (97) (11) (70) (61) (26) (65) (33) (9) (23) (28) (39) (98) (100) (75) (81) (5) (87) (29) (16) (49) (60) (59) (10) (36) (91) (20) (78) (90) (83) (34) (47) (2) (45) (64) (52) (76) (79) (94) (80) (56) (38) (68) (88) (86) (15) (66) (99) (37) (71) (14) (53) (46) (69) (73) (22) (21) (85) (92) (1) (55) (67) (43) (25) (58) (74) (3) (50) (17) (8) (63) (13) (54) (4) (30) (77) (57) (72) (24) (93) (44) (84) (7) (41) (95) 
47 (21) (85) (36) (35) (10) (56) (15) (54) (16) (98) (1) (91) (9) (24) (22) (86) (27) (89) (41) (49) (81) (61) (18) (79) (87) (14) (53) (3) (42) (52) (43) (76) (60) (44) (64) (65) (29) (45) (51) (74) (97) (4) (47) (6) (12) (78) (93) (28) (63) (77) (90) (23) (7) (73) (26) (70) (48) (11) (100) (32) (33) (67) (19) (46) (5) (59) (40) (34) (95) (13) (37) (62) (94) (38) (20) (58) 
48 (46) (12) (88) (81) (74) (44) (92) (66) (87) (21) (1) (43) (65) (62) (98) (25) (78) (71) (60) (85) (61) (54) (33) (24) (84) (67) (57) (5) (72) (51) (26) (3) (70) (76) (23) (6) (19) (93) (94) (15) (27) (97) (41) (22) (35) (16) (90) (95) (100) (48) (28) (82) (50) (63) (80) (7) (55) (83) (40) (8) (96) (56) (77) (53) (64) (30) (42) (59) (17) (20) (52) (75) (68) (45) (79) (69) (10) (4) (89) 
49 (21) (5) (16) (4) (85) (95) (65) (17) (29) (75) (93) (32) (33) (30) (37) (28) (57) (26) (18) (96) (46) (70) (63) (59) (72) (10) (86) (14) (64) (100) (43) (84) (66) (41) (87) (35) (79) (42) (15) (99) (88) (60) (11) (51) (78) (53) (61) (27) (68) (83) (24) (23) (73) (25) (20) (6) (71) (22) (13) (2) (19) (3) (1) (69) (80) (39) (47) (91) (40) (77) (8) (98) (58) (94) (34) (50) (81) (7) (54) (36) 
50 (78) (60) (27) (64) (91) (12) (45) (25) (86) (88) (76) (7) (28) (51) (56) (65) (96) (50) (57) (94) (89) (36) (13) (82) (17) (24) (79) (92) (8) (71) (9) (87) (58) (83) (52) (75) (18) (33) (37) (15) (98) (47) (48) (40) (34) (62) (100) (53) (10) (16) (74) (84) (11) (31) (93) (2) (32) (95) (72) (73) (41) (54) (85) (81) (69) (4) (43) (59) (61) (67) (66) (90) (5) (26) (70) (42) (35) (19) (30) (3) 
51 (96) (63) (47) (49) (36) (84) (59) (2) (94) (9) (99) (76) (80) (8) (65) (10) (20) (22) (39) (93) (98) (51) (26) (97) (23) (7) (30) (95) (11) (21) (44) (78) (41) (54) (81) (87) (57) (70) (73) (60) (62) (88) (34) (45) (42) (27) (72) (92) (82) (69) (4) (71) (46) (79) (15) (64) (32) (5) (52) (40) (35) (16) (37) (85) (12) (74) (1) (48) (68) (83) (19) (56) (24) (91) (3) (66) (33) (31) (18) 
52 (44) (28) (56) (61) (33) (80) (82) (81) (38) (41) (22) (47) (50) (77) (14) (100) (85) (25) (94) (57) (87) (83) (74) (84) (35) (18) (8) (10) (96) (20) (55) (37) (86) (73) (88) (99) (36) (48) (40) (89) (71) (30) (19) (64) (75) (65) (72) (46) (17) (70) (63) (6) (12) (91) (43) (32) (11) (1) (23) (4) (67) (97) (5) (29) (66) (2) (51) (42) (39) (53) (16) (3) (34) (69) (93) (24) (68) (79) (98) 
53 (3) (44) (88) (37) (45) (79) (5) (32) (6) (62) (39) (100) (93) (33) (82) (80) (24) (60) (16) (25) (95) (56) (40) (17) (34) (2) (29) (84) (38) (1) (77) (30) (11) (19) (36) (35) (4) (12) (49) (41) (48) (81) (9) (78) (43) (90) (26) (94) (58) (73) (68) (8) (99) (91) (59) (64) (57) (42) (89) (67) (7) (70) (54) (72) (47) (75) (92) (65) (85) (87) (18) (23) (53) (83) (55) (46) (71) (21) (66) (97) 
54 (95) (84) (16) (91) (77) (30) (5) (62) (41) (45) (48) (4) (59) (65) (7) (6) (66) (81) (75) (9) (11) (70) (29) (92) (19) (98) (32) (56) (90) (21) (87) (24) (93) (74) (97) (99) (78) (43) (57) (58) (54) (85) (28) (72) (88) (34) (73) (22) (60) (47) (20) (80) (14) (49) (8) (100) (10) (25) (40) (96) (17) (53) (68) (42) (86) (94) (61) (79) (38) (55) (35) (82) (13) (31) (51) (67) (89) (63) (83) (52) (33) (23) (26) (36) (44) (18) 
55 (67) (1) (4) (72) (30) (40) (32) (63) (66) (46) (62) (23) (83) (25) (6) (57) (7) (87) (51) (81) (59) (85) (90) (60) (78) (48) (38) (17) (27) (96) (68) (74) (19) (10) (33) (15) (54) (82) (100) (70) (73) (29) (47) (75) (92) (53) (94) (11) (69) (12) (28) (88) (24) (35) (22) (3) (43) (52) (8) (76) (61) (2) (84) (41) (93) (77) (91) (97) (21) (44) (65) (18) (16) (99) (56) (39) (13) (50) 
56 (77) (6) (40) (46) (15) (97) (32) (1) (96) (16) (12) (48) (23) (64) (7) (51) (4) (56) (30) (36) (60) (99) (38) (84) (26) (79) (69) (21) (9) (78) (13) (41) (44) (92) (33) (2) (47) (88) (82) (90) (18) (80) (24) (22) (50) (72) (19) (11) (63) (39) (10) (34) (43) (98) (93) (65) (76) (57) (37) (28) (29) (75) (58) (3) (17) (5) (100) (91) (52) (31) (89) (59) (8) 
57 (40) (33) (87) (9) (27) (44) (83) (74) (18) (76) (49) (59) (57) (85) (66) (82) (97) (69) (64) (14) (68) (71) (80) (88) (72) (5) (75) (35) (81) (13) (22) (65) (1) (43) (73) (99) (6) (90) (34) (41) (17) (39) (78) (16) (37) (24) (79) (60) (2) (84) (26) (56) (52) (54) (86) (23) (11) (100) (20) (50) (32) (29) (46) (94) (93) (3) (15) (8) (53) (47) (36) (38) (51) (61) (31) (96) (25) (10) (63) (92) (62) (45) (77) 
58 (56) (12) (9) (42) (52) (28) (55) (68) (100) (97) (72) (99) (54) (67) (26) (70) (11) (22) (83) (20) (79) (35) (62) (71) (16) (27) (77) (32) (89) (93) (34) (58) (40) (29) (96) (49) (38) (81) (30) (7) (13) (4) (51) (84) (21) (86) (69) (31) (64) (75) (50) (1) (63) (92) (91) (14) (17) (76) (48) (85) (23) (65) (15) (24) (73) (37) (47) (57) (44) (3) (94) (74) (5) (46) (82) (80) (25) (8) 
59 (13) (91) (50) (87) (56) (90) (4) (99) (20) (55) (85) (92) (6) (61) (84) (24) (93) (17) (8) (78) (70) (35) (22) (25) (26) (5) (29) (12) (57) (63) (33) (21) (2) (36) (37) (54) (62) (31) (46) (83) (76) (10) (11) (71) (77) (69) (66) (49) (7) (89) (73) (16) (59) (86) (74) (98) (88) (47) (94) (23) (40) (82) (15) (68) (9) (53) (32) (44) (65) (97) (19) (28) 
60 (94) (15) (82) (83) (19) (71) (85) (17) (96) (54) (77) (92) (66) (44) (55) (88) (84) (56) (62) (50) (18) (78) (5) (16) (25) (90) (58) (42) (81) (91) (37) (59) (48) (69) (76) (72) (67) (3) (89) (22) (24) (93) (68) (70) (63) (40) (8) (61) (47) (52) (65) (51) (43) (49) (33) (32) (74) (57) (27) (14) (1) (87) (11) (26) (23) (4) (97) (95) (2) (79) (30) (35) (21) (45) (99) (20) (80) (46) (36) (13) (12) (10) (41) (75) 
61 (22) (39) (82) (35) (25) (42) (83) (3) (89) (38) (80) (34) (68) (28) (4) (17) (87) (50) (18) (52) (97) (29) (47) (65) (57) (61) (60) (95) (63) (66) (58) (54) (94) (44) (70) (88) (93) (12) (15) (78) (59) (33) (13) (24) (90) (6) (48) (27) (99) (84) (45) (92) (79) (23) (72) (10) (19) (77) (11) (9) (71) (2) (76) (32) (8) (75) (31) (41) (5) (7) (81) (91) (30) (55) (53) (96) (64) (56) (69) (98) (73) (51) (1) (86) (100) 
62 (46) (83) (1) (99) (51) (39) (10) (86) (41) (29) (23) (20) (35) (58) (74) (27) (28) (94) (56) (62) (24) (91) (3) (85) (4) (64) (60) (26) (68) (75) (50) (42) (76) (19) (88) (79) (82) (36) (92) (49) (45) (14) (2) (71) (97) (13) (57) (93) (5) (12) (8) (34) (89) (90) (80) (95) (16) (31) (54) (59) (48) (73) (6) (9) (21) (87) (15) (96) (78) (18) (65) (7) (55) (44) (70) (38) (72) (40) (47) (100) (11) (84) (37) (33) 
63 (9) (98) (88) (66) (15) (59) (77) (22) (82) (47) (4) (86) (97) (72) (46) (56) (96) (25) (18) (74) (6) (91) (39) (34) (67) (7) (20) (65) (61) (35) (2) (93) (28) (40) (16) (48) (81) (32) (94) (71) (55) (64) (84) (79) (19) (85) (12) (52) (45) (90) (37) (73) (41) (33) (44) (80) (87) (75) (58) (21) (10) (42) (99) (43) (50) (70) (62) (3) (14) (8) (27) (36) (53) (60) (89) (92) (95) (17) (83) (68) (13) (24) (49) (29) (51) (76) 
64 (78) (76) (74) (88) (40) (70) (27) (68) (79) (20) (73) (83) (52) (28) (25) (67) (48) (99) (47) (29) (9) (12) (18) (66) (44) (36) (23) (17) (2) (53) (49) (87) (46) (16) (14) (13) (19) (8) (1) (82) (56) (37) (15) (62) (39) (38) (92) (85) (45) (94) (59) (7) (31) (54) (100) (90) (32) (84) (21) (4) (60) (96) (22) (93) (3) (80) (43) (6) (89) (42) (71) (41) (95) 
65 (90) (41) (87) (44) (13) (99) (57) (50) (80) (58) (59) (68) (66) (19) (85) (6) (94) (62) (40) (83) (72) (71) (45) (93) (91) (95) (78) (48) (74) (35) (39) (79) (82) (65) (97) (24) (9) (2) (73) (67) (42) (100) (15) (17) (51) (25) (60) (75) (12) (61) (18) (70) (89) (84) (92) (5) (16) (34) (96) (36) (81) (11) (32) (3) (47) (28) (37) (76) (38) (7) (64) (30) (88) (77) (52) (27) (69) (4) (63) (86) 
66 (93) (83) (75) (26) (8) (36) (54) (68) (59) (77) (20) (46) (96) (14) (10) (27) (5) (69) (64) (90) (24) (19) (31) (72) (60) (62) (23) (17) (47) (11) (87) (89) (33) (84) (79) (67) (91) (81) (15) (32) (97) (45) (18) (35) (80) (70) (4) (37) (92) (99) (51) (16) (13) (55) (25) (40) (53) (49) (41) (43) (82) (71) (6) (30) (100) (76) (39) (50) (58) (86) (9) (29) (42) (61) (34) (44) (63) (22) 
67 (21) (98) (95) (48) (90) (67) (75) (91) (58) (29) (79) (50) (20) (65) (39) (10) (22) (69) (18) (49) (7) (94) (96) (62) (30) (34) (97) (71) (55) (72) (16) (53) (66) (33) (41) (2) (40) (44) (74) (76) (47) (60) (84) (17) (5) (46) (92) (68) (78) (70) (1) (14) (32) (19) (42) (89) (73) (4) (99) (6) (87) (56) (36) (13) (52) (15) (26) (27) (64) (12) (57) (100) (11) (54) (59) (85) (51) (35) (24) (23) (63) (83) 
68 (85) (50) (26) (49) (19) (12) (89) (1) (35) (80) (39) (22) (55) (98) (88) (14) (37) (87) (20) (38) (34) (63) (9) (74) (31) (68) (24) (15) (42) (30) (56) (2) (86) (53) (11) (64) (25) (28) (92) (71) (73) (65) (8) (97) (40) (99) (57) (44) (7) (100) (83) (70) (96) (62) (6) (17) (84) (75) (10) (78) (66) (45) (29) (60) (67) (48) (72) (16) (4) (51) (94) (58) (77) (47) (36) (43) (69) (32) (59) (27) (79) (5) (18) 
69 (7) (59) (81) (58) (15) (85) (99) (56) (69) (74) (50) (23) (63) (93) (100) (79) (2) (32) (19) (20) (62) (72) (66) (76) (77) (18) (55) (53) (45) (27) (26) (31) (5) (96) (43) (14) (68) (70) (82) (9) (24) (61) (48) (37) (30) (65) (52) (4) (38) (47) (28) (22) (95) (75) (78) (17) (83) (1) (39) (42) (94) (90) (25) (80) (36) (29) (89) (35) (40) (51) (54) (98) (49) (87) (6) (97) (41) (33) (64) (86) (10) (57) (67) (84) 
70 (86) (60) (57) (100) (62) (14) (63) (96) (35) (54) (38) (99) (1) (73) (44) (50) (95) (40) (59) (41) (22) (5) (27) (24) (16) (58) (92) (33) (94) (42) (17) (69) (82) (46) (30) (9) (8) (32) (70) (97) (43) (28) (71) (61) (36) (21) (4) (6) (93) (77) (78) (45) (98) (79) (68) (20) (90) (2) (84) (81) (49) (51) (67) (88) (80) (87) (23) (65) (10) (34) (11) (76) (74) (53) (55) (19) (66) (85) (39) (15) (29) (89) (18) (25) 
71 (65) (48) (4) (58) (26) (33) (56) (49) (32) (27) (50) (45) (31) (15) (85) (95) (28) (79) (72) (24) (29) (73) (10) (46) (70) (47) (69) (81) (21) (87) (77) (96) (35) (63) (68) (40) (80) (7) (92) (37) (89) (14) (12) (51) (44) (57) (5) (91) (99) (22) (86) (97) (34) (90) (42) (30) (41) (74) (8) (1) (25) (18) (55) (78) (83) (38) (62) (76) (20) (39) (94) (88) (2) (16) (9) (60) (36) (82) (93) (84) (52) (71) (75) 
72 (79) (88) (68) (56) (22) (39) (52) (43) (69) (62) (99) (35) (3) (26) (55) (24) (65) (40) (5) (36) (30) (89) (9) (2) (48) (34) (7) (90) (16) (93) (53) (25) (63) (19) (32) (1) (21) (87) (18) (57) (47) (94) (72) (81) (73) (14) (12) (8) (59) (41) (98) (70) (80) (96) (49) (44) (75) (60) (28) (66) (78) (85) (33) (82) (11) (10) (46) (42) (4) (76) (50) (20) (45) (83) (84) (31) 
73 (3) (15) (24) (40) (54) (26) (25) (32) (13) (6) (96) (86) (17) (63) (37) (81) (7) (92) (33) (89) (28) (67) (9) (35) (59) (43) (1) (76) (93) (2) (48) (78) (52) (94) (49) (56) (4) (66) (21) (95) (45) (16) (11) (91) (22) (80) (23) (82) (20) (39) (90) (29) (34) (12) (83) (85) (72) (64) (98) (41) (99) (88) (46) (61) (10) (65) (44) (36) (30) (27) (8) (73) (51) (68) (70) (53) (18) (31) (50) (38) (75) (97) (79) (62) (77) (69) 
74 (66) (94) (85) (14) (72) (37) (88) (22) (62) (31) (16) (82) (25) (10) (40) (32) (41) (38) (47) (76) (90) (73) (11) (95) (71) (29) (77) (70) (75) (46) (18) (100) (59) (17) (54) (23) (93) (64) (99) (27) (48) (15) (4) (74) (9) (92) (96) (55) (63) (61) (24) (7) (5) (57) (35) (68) (81) (84) (36) (45) (33) (83) (44) (56) (58) (89) (12) (67) (39) (78) (43) (50) (91) (69) (19) (21) (42) (51) 
75 (91) (33) (5) (76) (100) (29) (12) (96) (37) (16) (7) (49) (51) (28) (62) (47) (99) (52) (50) (58) (48) (3) (21) (80) (63) (83) (66) (97) (54) (25) (61) (2) (17) (93) (43) (10) (35) (78) (6) (71) (84) (44) (64) (87) (85) (42) (60) (72) (24) (74) (70) (11) (56) (55) (92) (15) (94) (8) (88) (34) (89) (69) (9) (75) (67) (19) (77) (38) (4) (23) (81) (40) (30) (18) (36) (73) (13) (39) (86) (90) (45) (65) (20) 
76 (63) (96) (31) (65) (81) (62) (93) (4) (3) (79) (22) (76) (39) (58) (44) (75) (9) (6) (47) (32) (23) (49) (89) (68) (20) (2) (53) (54) (100) (78) (38) (11) (83) (8) (43) (13) (37) (5) (28) (82) (30) (85) (42) (77) (70) (33) (10) (1) (69) (40) (27) (97) (91) (71) (41) (61) (52) (80) (99) (29) (51) (94) (64) (18) (16) (90) (66) (26) (87) (24) (17) (57) (98) (35) (21) 
77 (41) (22) (73) (42) (39) (40) (75) (92) (54) (76) (34) (74) (88) (7) (60) (29) (99) (1) (48) (32) (44) (67) (25) (17) (52) (95) (47) (96) (61) (16) (37) (79) (33) (65) (38) (63) (97) (30) (80) (50) (24) (8) (84) (3) (6) (71) (82) (28) (43) (13) (35) (100) (98) (78) (69) (31) (15) (2) (4) (36) (23) (57) (12) (18) (10) (55) (64) (66) (45) (62) (51) (9) (21) (68) (83) (56) (72) (90) (70) (19) (59) (20) 
78 (11) (24) (84) (69) (81) (80) (8) (93) (14) (50) (73) (13) (94) (40) (61) (12) (42) (31) (59) (36) (62) (9) (49) (82) (44) (15) (76) (58) (3) (96) (75) (72) (98) (30) (65) (19) (91) (99) (53) (78) (45) (95) (41) (33) (89) (54) (46) (55) (38) (43) (74) (26) (29) (27) (56) (6) (23) (71) (92) (22) (10) (97) (100) (17) (7) (18) (85) (28) (67) (87) (16) (83) (86) (37) (34) (60) (52) 
79 (57) (90) (63) (6) (44) (99) (93) (81) (8) (86) (7) (58) (37) (88) (34) (52) (56) (92) (97) (36) (45) (38) (26) (75) (25) (74) (11) (3) (59) (94) (87) (2) (20) (9) (53) (40) (95) (17) (54) (31) (14) (91) (28) (79) (32) (76) (10) (15) (1) (5) (89) (71) (35) (67) (13) (64) (50) (83) (24) (60) (29) (22) (39) (18) (69) (73) (96) (78) (77) (100) (80) (72) (65) (21) (49) (98) (12) (61) (48) (46) (42) 
80 (5) (22) (64) (4) (70) (32) (56) (50) (58) (89) (12) (60) (26) (67) (80) (90) (7) (52) (82) (51) (38) (87) (41) (99) (17) (46) (2) (85) (29) (43) (62) (21) (18) (93) (25) (72) (20) (81) (28) (100) (86) (40) (15) (94) (49) (35) (83) (57) (69) (13) (63) (75) (8) (37) (47) (27) (3) (9) (66) (77) (39) (54) (91) (68) (1) (61) (36) (73) (65) (78) (96) (34) (31) (33) (53) (95) (55) (79) (30) (98) 
81 (81) (34) (20) (62) (41) (94) (42) (11) (49) (13) (59) (2) (64) (25) (51) (79) (57) (95) (4) (6) (47) (29) (60) (38) (91) (43) (97) (98) (88) (80) (21) (3) (67) (99) (52) (31) (90) (46) (58) (35) (9) (36) (72) (61) (83) (74) (28) (54) (10) (15) (92) (17) (32) (68) (40) (56) (82) (39) (55) (69) (14) (89) (27) (66) (33) (75) (45) (84) (23) (76) (19) (26) (85) (1) (16) (37) (8) (44) (24) (63) 
82 (32) (87) (23) (9) (66) (75) (53) (93) (6) (22) (11) (33) (34) (28) (79) (90) (94) (2) (50) (48) (65) (8) (88) (58) (52) (41) (38) (56) (67) (47) (4) (84) (83) (14) (20) (13) (55) (72) (5) (62) (98) (78) (92) (31) (51) (15) (37) (74) (29) (86) (21) (30) (97) (60) (68) (46) (10) (1) (39) (40) (69) (91) (16) (63) (36) (80) (3) (76) (27) (49) (25) (12) (59) (24) (70) (17) (42) (96) (7) (99) (54) (95) (89) (100) (81) (82) (85 44 73) 
83 (10) (64) (68) (15) (59) (26) (87) (50) (1) (74) (52) (9) (61) (46) (69) (100) (98) (30) (4) (16) (49) (25) (40) (75) (97) (85) (36) (51) (79) (43) (65) (23) (63) (18) (91) (33) (13) (35) (28) (88) (82) (81) (11) (57) (67) (73) (76) (7) (22) (41) (93) (42) (86) (37) (47) (8) (19) (31) (58) (90) (24) (94) (80) (72) (60) (14) (21) (66) (56) (27) (55) (45) (83) (95) (12) (84) (70) (3) (99) (38) (54) (53) 
84 (11) (98) (28) (83) (20) (60) (66) (13) (26) (6) (81) (49) (54) (94) (46) (71) (33) (87) (16) (43) (63) (29) (4) (19) (12) (24) (23) (93) (39) (48) (91) (88) (44) (55) (25) (8) (73) (97) (34) (45) (17) (82) (10) (38) (37) (3) (22) (72) (30) (84) (15) (52) (86) (79) (1) (65) (70) (9) (41) (32) (27) (56) (64) (47) (90) (40) (80) (74) (18) (35) (53) (89) (67) (78) (92) (14) (99) (76) (7) (42) 
85 (37) (3) (52) (36) (66) (28) (17) (54) (88) (68) (6) (65) (93) (94) (43) (21) (72) (47) (76) (46) (80) (53) (73) (25) (90) (89) (74) (85) (38) (70) (22) (26) (29) (56) (67) (41) (24) (35) (1) (39) (20) (59) (27) (30) (55) (49) (7) (71) (81) (19) (5) (79) (51) (14) (97) (33) (12) (92) (10) (8) (84) (100) (57) (11) (96) (2) (75) (86) (62) (9) (16) (32) (77) (69) 
86 (55) (70) (81) (88) (21) (89) (38) (92) (69) (59) (94) (11) (33) (96) (62) (58) (90) (95) (63) (64) (98) (52) (18) (72) (30) (100) (29) (80) (26) (37) (14) (36) (3) (65) (97) (79) (28) (9) (31) (16) (99) (73) (87) (17) (85) (67) (82) (45) (53) (35) (43) (68) (10) (12) (83) (22) (32) (20) (51) (4) (49) (13) (84) (56) (91) (40) (25) (61) (71) (77) (66) (19) (42) (15) (50) (34) (27) (60) 
87 (44) (20) (11) (56) (18) (3) (70) (93) (79) (31) (2) (71) (47) (42) (8) (62) (90) (21) (6) (81) (91) (36) (96) (66) (7) (50) (4) (83) (17) (65) (78) (40) (22) (1) (63) (84) (16) (80) (95) (60) (69) (85) (76) (74) (28) (87) (88) (33) (29) (46) (9) (30) (25) (41) (43) (98) (55) (26) (10) (37) (14) (5) (72) (32) (23) (52) (77) (13) (34) (54) (97) (58) (19) (100) (82) (64) (48) (51) (94) (86) (49) (75) 
88 (56) (24) (72) (87) (67) (58) (97) (61) (43) (48) (18) (38) (30) (78) (73) (77) (83) (37) (96) (79) (14) (49) (20) (54) (47) (2) (76) (60) (64) (51) (6) (95) (71) (23) (84) (90) (10) (91) (74) (33) (55) (5) (57) (53) (22) (21) (40) (4) (8) (35) (42) (32) (94) (45) (15) (93) (46) (81) (89) (52) (100) (80) (31) (65) (68) (62) (12) (3) (88) (34) (29) (26) (92) (28) (98) (9) (41) (50) (25) (85) (86) (75) (44) 
89 (69) (54) (23) (94) (12) (66) (1) (24) (10) (48) (83) (20) (38) (55) (27) (8) (16) (60) (70) (49) (81) (47) (58) (45) (14) (74) (15) (33) (77) (78) (76) (73) (65) (4) (22) (3) (96) (72) (2) (44) (56) (25) (91) (39) (97) (42) (5) (64) (92) (9) (88) (31) (52) (26) (71) (98) (87) (17) (80) (36) (82) (7) (40) (46) (57) (51) (34) (95) (32) (50) (84) (53) (75) (100) (67) (19) (68) 
90 (46) (44) (82) (56) (45) (32) (94) (30) (89) (19) (51) (21) (26) (52) (35) (3) (2) (79) (36) (72) (100) (70) (15) (57) (96) (39) (25) (12) (88) (60) (68) (63) (1) (49) (55) (50) (40) (42) (67) (28) (71) (38) (10) (11) (74) (8) (90) (69) (43) (61) (18) (76) (33) (98) (54) (9) (48) (86) (27) (59) (29) (41) (13) (5) (83) (84) (20) (47) (58) (81) (73) (75) (78) (99) (97) (95) (87) (77) (16) (14) (23) (24) 
91 (39) (23) (27) (62) (58) (31) (88) (68) (17) (44) (36) (38) (84) (64) (70) (16) (94) (73) (83) (71) (55) (74) (63) (51) (79) (66) (98) (75) (72) (43) (85) (76) (65) (52) (19) (34) (7) (41) (61) (6) (11) (12) (67) (54) (37) (13) (1) (30) (29) (60) (100) (92) (25) (15) (4) (46) (26) (8) (3) (32) (49) (35) (45) (82) (78) (93) (95) (56) (99) (9) (59) (50) (14) (21) (69) (77) (10) (22) (40) (2) (18) (91) (28) 
92 (74) (62) (15) (96) (8) (69) (34) (37) (41) (31) (61) (89) (30) (63) (23) (10) (58) (81) (65) (99) (49) (46) (92) (78) (95) (80) (24) (67) (25) (70) (91) (66) (18) (5) (44) (51) (83) (93) (52) (59) (3) (38) (85) (13) (60) (48) (29) (47) (6) (35) (75) (27) (71) (73) (55) (14) (21) (56) (82) (36) (100) (57) (77) (1) (32) (7) (4) (9) (98) (28) (50) (68) (26) (40) (43) (16) (79) (33) (11) (97) 
93 (67) (33) (53) (20) (3) (46) (87) (50) (99) (97) (4) (75) (28) (12) (72) (23) (2) (14) (43) (29) (55) (96) (16) (80) (59) (11) (56) (25) (60) (82) (10) (6) (15) (54) (57) (98) (32) (81) (7) (36) (48) (35) (44) (18) (17) (100) (1) (61) (85) (95) (84) (63) (58) (91) (93) (27) (77) (19) (90) (66) (79) (88) (21) (64) (42) (45) (62) (26) (38) (13) (68) (70) (8) (52) (34) (69) (24) (47) (83) (49) (9) (86) (71) (73) (39) (51) (22 92) 
94 (71) (17) (78) (93) (23) (73) (66) (24) (75) (80) (68) (50) (82) (57) (39) (74) (41) (59) (21) (81) (13) (11) (62) (60) (7) (22) (6) (33) (46) (43) (32) (54) (69) (52) (1) (44) (87) (79) (58) (40) (94) (48) (77) (36) (10) (14) (70) (83) (85) (12) (51) (65) (72) (64) (100) (89) (9) (91) (15) (99) (20) (84) (98) (61) (88) (55) (97) (42) (27) (47) (26) (30) (31) (2) (95) (34) (76) (63) (67) (28) (37) (35) (96) (49) (5) 
95 (23) (37) (41) (45) (15) (80) (94) (66) (95) (62) (59) (30) (16) (4) (91) (40) (2) (63) (92) (33) (70) (10) (47) (8) (18) (48) (42) (77) (11) (87) (28) (9) (25) (64) (55) (84) (43) (61) (85) (29) (26) (34) (74) (51) (49) (67) (5) (82) (86) (72) (57) (53) (60) (12) (17) (14) (89) (54) (32) (52) (56) (21) (20) (22) (39) (44) (35) (71) (73) (6) (13) (36) (46) (100) (27) 
96 (19) (55) (40) (98) (71) (97) (88) (15) (59) (23) (34) (27) (14) (32) (37) (18) (75) (86) (2) (6) (46) (12) (21) (61) (25) (17) (41) (20) (84) (94) (39) (50) (56) (81) (44) (13) (30) (82) (99) (10) (49) (36) (47) (80) (63) (65) (60) (100) (42) (70) (67) (76) (54) (77) (83) (91) (45) (62) (68) (9) (26) (29) (1) (85) (73) (89) (74) (52) (43) (69) (66) (8) (64) (7) (3) (48) (38) (51) (31) (78) 
97 (92) (79) (17) (82) (81) (58) (48) (27) (18) (84) (50) (13) (44) (86) (19) (94) (80) (51) (16) (53) (47) (2) (74) (64) (25) (9) (62) (90) (40) (45) (77) (20) (6) (71) (56) (12) (91) (24) (32) (31) (63) (55) (60) (26) (83) (67) (100) (4) (66) (39) (98) (57) (49) (11) (8) (41) (21) (88) (38) (59) (7) (61) (35) (73) (36) (76) (87) (43) (14) (22) (33) (1) (75) (95) (10) (52) (54) (37) (78) (46) 
98 (76) (24) (51) (80) (97) (56) (46) (6) (63) (62) (85) (86) (77) (93) (45) (75) (65) (54) (20) (99) (17) (90) (16) (2) (73) (82) (91) (57) (49) (12) (7) (33) (31) (11) (67) (96) (88) (64) (26) (1) (55) (19) (40) (44) (92) (39) (68) (52) (69) (4) (18) (58) (78) (98) (38) (41) (81) (23) (10) (94) (53) (95) (50) (35) (30) (14) (27) (66) (25) (48) (28) (36) (43) (42) (47) (15) (37) (100) (79) (60) (89) (72) (74) (34) (61) 
99 (86) (92) (93) (15) (25) (43) (33) (58) (26) (14) (75) (61) (68) (56) (73) (40) (57) (39) (42) (36) (51) (32) (70) (87) (17) (6) (67) (24) (22) (54) (55) (49) (80) (10) (52) (27) (44) (82) (12) (2) (59) (84) (8) (47) (65) (11) (4) (23) (64) (88) (66) (5) (48) (69) (21) (9) (77) (94) (29) (97) (45) (20) (79) (1) (60) (83) (74) (19) (34) (30) (37) (7) (63) (50) (62) (31) (95) (78) (91) (99) (28) 
100 (61) (22) (70) (45) (56) (99) (82) (96) (28) (29) (17) (60) (92) (3) (21) (12) (84) (73) (25) (78) (26) (57) (19) (11) (50) (41) (91) (85) (8) (34) (72) (74) (5) (80) (4) (97) (13) (18) (27) (54) (20) (33) (38) (43) (83) (42) (7) (87) (24) (94) (36) (59) (58) (71) (6) (88) (52) (40) (23) (32) (31) (16) (77) (47) (67) (49) (66) (68) (48) (51) (2) (81) (76) (75) (10) 
