0
100
100
1 (62 29) (86 20 52) (97 58 11 88) (85 89) (35) (28 71) (59) (16) (48 84) (73) (66 39) (10) (56) (17 8) (24 61 1) (82) (96 18) (42) (27 12) (74 26) (79) (45 70 77) (54 7 23 5 46) (100) (47) 
2 (66 53 93 14) (52 71) (96) (94) (30) (8 76 95) (73) (28 39) (91 56 54) (9) (51) (19 60) (84 89) (67 15) (97 40) (36) (25) (79 7 88) (43) (17) (42) (18 6 77 99) (5 50) (90) (69 98) (33 38) 
3 (99) (38) (10) (67) (97 37 6 47 68) (4 77 9) (82) (73) (29) (48 98 86) (94 22) (58) (54 55 2 27) (84) (12 11) (60) (66 88 41) (18) (5) (92) (33 71) (7) (80 30 69) 
4 (19 58) (81) (92 74) (63) (9) (27 75) (5) (97) (18) (91) (85 57) (8 39) (55) (100 17 43) (21 64) (46) (51 83) (36 45 32 79) (29 67 42 3) (23) (99 35) (94) 
5 (69 92 34) (87 35) (84 80) (67 94) (2) (76) (79 68) (90) (36 10) (72) (8 22) (60) (23) (43 50) (30 95) (1) (82) (38) (46) (81) (65 26) (55) (99 51) (41) (31 15) (12) 
6 (39 5) (24) (50) (99 2 83) (89) (85) (84 25 56) (69) (59 34 77) (60 32) (26) (40) (28) (6 13) (27 35 4) (81 100) (82) (87 19) (7 14 38 68 80 37) (66 21) (22 48) (88 47) (55) (96) 
7 (46 10 65) (2) (86 30) (50 4) (68 85 66 26) (77 28 38) (42 35) (21 11) (70) (71 62 78) (83) (57) (63 7 27) (87 12 9) (17) (90) (60 84) (51 36) (82 75) (72) 
8 (93) (6 79) (44) (96 91 81 25 50) (8) (47) (35 28) (20) (59 1) (34) (39) (38 12) (29) (46 14 42 54) (2) (83 100) (57) (58 70 65) (84) (15 69 82) (27) (37) 
9 (41 61) (81 58) (31) (17) (95) (4 64 100) (56 24) (37 36 97) (16 57 96) (62 55) (21) (99 42 73 69 86) (7 23 26) (93) (39 15 13) (33) (75 68) (53 19) 
10 (89) (56) (37) (76 49) (71) (46) (30) (79) (59 34) (84) (97) (5) (62) (45) (20) (63) (67 17) (65) (85) (40) (10) (77) (18 86) (91 21) (19 73) (81 35 53 15) (26) (90) (70) (58) (88 43) (14 61) 
11 (34 10 68 43) (90 57) (31) (60) (82 4 19) (89 37 24 39) (76 50) (96) (2) (93) (83 32 47) (25) (85) (27) (66) (94 21 13) (63) (78 5) (33) (7 54) (88) (81 28) (52) 
12 (68 36) (11 76 51) (24 71) (22) (35) (92) (79) (88) (84 32) (54) (58 37) (56) (72) (14) (62) (3) (38) (44) (47 20 69) (12) (70) (50) (91 82 95 19) (80) (87 77) (86) (90) (2 64 5) (16 63 1) 
13 (15 70) (33) (12) (11) (58) (76 52 31) (47 40) (86) (25 1 66) (8) (35) (51) (74 94 32) (27 38 34 53) (82) (20 17) (77) (6) (63 61 48) (14 81) (78) (65 99) (3 16 22) (42) (46) (72 21) (49 100 98 28) 
14 (48 89 31) (87) (92 34) (5) (93) (73 51 45 9) (43 97 18) (56 62 38) (11) (76) (46 64 23 83) (54) (85 49 55 53 35 94) (65) (8) 
15 (10 83) (64 25) (30 71 51 28) (84 94) (37 55) (58 93 73) (29) (53) (12) (81 46) (22 95 63) (65 43 13) (57 91) (69) (87) (50) (18 80 7 48 75) (36) (19 27 100 92) 
16 (14) (59) (89 32) (15 69 33 83) (35 7) (5) (90) (46) (91) (94 85 73 54 61 75) (74) (80) (10) (64) (43) (58) (65) (81) (6 24) (41 25 17 93) (77) (62 30) 
17 (72 53 45) (100 68) (22 57 9) (54) (74 82 79 5) (43) (55) (56 76) (10 50) (15) (18 35) (48 38) (13 25) (60 40) (33) (71) (98) (36) (28) (47 86) (6) (96) (11) 
18 (59 2 72) (68 58 49) (50) (78) (12) (22) (74) (93) (25 61 80 88 66 32 37 14) (65) (98 83 96) (34) (17) (30) (87) (53 10 77 82) (99 19 57) (52) (70 41) 
19 (64) (14 11) (94 80 57 70) (93 86 62) (30) (96) (53) (85 89 82) (67) (36 60) (68 43) (10) (90) (81) (16) (42 63) (50 28) (69 24) (76) 
20 (76 71) (11) (15) (28) (62 80 41 59 93) (56) (34) (51 100 66) (27) (84) (73 95 60 98 47 67 43) (99) (68) (1 53) (58) (65) (45 42 10 7 88) (31) (48 36) (4 63) (92) (46) 
21 (86) (12 9 62 26) (45 55 72 78 75 11 19) (58) (65) (100) (67 43 79 4) (48 50 59 90) (53) (84 73) (97 27 41) (91) (36) (18 71) (47) (35) (16) (68) (88 30) (10) (34) (22) (23 93) (69) (2 70 98) (49 81) (63 42) 
22 (93) (57) (61) (44) (18) (78) (73 49) (1 55) (36 86 82) (40) (6) (50) (92 77) (96 3 28) (9) (56 83 16) (75) (76) (87 23 13 8) (25) (29) (38) (10) (46) (64) (90 35) 
23 (35) (85) (44 45) (58) (94 22 12) (24) (39 42 80 68 59 71) (28) (27) (2 3 23 19 56) (95 79 52 13) (29 16 7) (89 11) (25 41 5) (10) (76) (54) (37 66 26) (48 90) (77 63) (15) 
24 (16 83) (89) (94) (46) (44 53) (78) (4 97 12) (84 79) (34 17 22) (56 95 64) (66) (14 37) (6 75 1) (26 47) (76 35) (61 50) (51) (58 57 74 73 52 28 36) 
25 (63) (13) (26) (53 49) (56 68) (95 22) (14 51) (71) (29 54) (24) (16) (87) (20) (44) (85) (72) (88 40) (84 57) (59) (23) (91 46) (80 32 48) (9 67) (50) (3) (33 86 77 6 47 94 2 98) (58) (10 34) (66) 
26 (68 25) (36 66 71) (85 60 38 15 64) (3) (69 28) (43) (7) (26 57 44) (24 33) (27 2) (82 77 4) (93) (20 34) (72 17 88) (40) (96) (91) (98) (8 59 10) (63) (46 13) (11 62) (16 21) 
27 (63) (53 100) (57 78) (39) (45) (6 15 30) (23) (17) (34 80 32) (56 2) (77 11) (7 96 40) (64 13 66 33 3) (5 86 12 26 90) (36 84) (42 83) (93) (98) (67) (99) (91 46 10 70) 
28 (24) (72) (39 38) (50 61 25) (89) (7) (69 15) (27) (70 55) (75 48) (96) (21 22) (19 8 100) (1 62) (77) (80) (87) (26) (56) (52 41 33 31 71) (32 58) (9) (34) (81 78 29 63 46 30 73) (68 86) (54) (93 53) 
29 (64) (68 76 45) (24 15) (18 4 48) (59) (49) (78) (12 67) (55 7 26 36 57) (88) (53 73 5) (63 28) (2) (84) (81) (79) (13 19 30 71 47) (74 46) 
30 (3 42) (23) (73 9 68 20 26) (67 85) (15 87 80 53 51) (91) (98 63 64) (7 56) (4) (70 65) (1) (11 69) (24 36 35 44) (79 55) (46) (28 16 75) 
31 (92 75 93 85) (40) (77 57) (79) (9) (37 1 56 29 71) (51) (30 62 3) (90 17 7) (28) (63 36 66 24) (83) (15 61 25 88 89 34 13 31) (44 47 74) 
32 (73 10) (65 29) (61) (15) (16) (77 52) (78) (98 12) (37 1 83) (30 20 27) (51 85 92 31 53) (70 86) (63) (24 91) (54) (75) (43) (6) (93 90) (97) (81) (44) (18 36 56) 
33 (85) (16) (38 63) (86 25 19 100) (71 3) (48 29) (23) (4) (61 36) (74 55) (60) (46 11) (13) (17 80 43 39 31 6) (33 90) (79) (26 56) (34) (83) (58) (76) (40 42) (27 95) (51 64 37) 
34 (97) (44) (31 32 92 99 91) (87 52) (3) (21) (5) (100 38) (45) (57) (17) (90 79) (30 71 19 56) (28) (53) (8) (75) (20 6 63) (16 11) (51 81) (62 80 37 4 26 68) (96 73) (74) 
35 (32 41) (69 76) (33) (28) (89 86 62) (20 80) (65 23) (31 40 68) (5 81 49) (48 95 78) (47 43 46 36 74 92 34) (56 83 11 97 42 82) (98 79 8 87) (70 37) (53) (64 88) 
36 (80) (3 49) (14 16 33 54) (68 85) (59) (64) (45 25 48) (5 83 55 53 11) (7 8) (100 93 13 22 60) (77 95 65) (81 88) (2) (36 62 27) (96) (9) (72 78 41) (28) 
37 (37) (48 25 29) (3) (92 11) (99 35) (27) (20) (56 62 49) (17) (55) (77) (80 61) (30) (97 19 36) (58 54 40 28 5) (86) (6) (64 53) (38 82 32) 
38 (98 37) (16) (34 43 73 82 71 2 72 85) (76) (52 58 50) (63) (60) (80) (74) (13) (27) (56 61 70 5) (40 68 7 3 79) (92 91) (95 30) (9) (96) (49) (51) (97 4 75 77) (19 8 35 1) (84) (94) 
39 (87 45) (51) (32) (83 47) (21 89 11) (13 2) (37) (7 81) (77 84 90) (34) (12 67) (95) (74 53) (10) (30 58 72) (62 50 96) (71) (97) (17) (88) (86) (82) 
40 (64) (99 32) (46 55) (37 28) (11) (72) (54) (20 49 13 75) (74 66 83 63 5 27 51 1) (84 57 41 26 79 36) (25) (86) (7 59) (70 58 19) (76) (92) (43 53) (31 69) (18 87) (45) (78 15) (98) 
41 (60 2) (9 84) (29) (70 69) (94 38 20) (49 62) (64) (12) (71) (25 87 85) (13) (52 5) (14) (81 27 44 96 55) (7 54 37) (91) (79 4) (42 35) (19) (93) (11 51 45 3) (6 15 40) 
42 (89) (96) (88) (16) (22 55) (18 53 12) (46) (34) (76) (73 61) (90) (49) (2) (33 24 74 78 50 79 84) (15) (43 83 23) (1 32) (37) (57 4) 
43 (94) (36 54) (38 52) (60) (8 5) (20 32 50 35) (39 89) (95) (13) (34 56) (73) (53 69 23 87 47) (7) (64) (98) (45 31 75 65) (97) (3 49) (82 4 44 80) (59 72) (63 30) (68 67) (11 99) (6) 
44 (34 19) (3) (44 11) (14) (93) (55 83 18 74) (54) (29 78 32) (64) (62) (85 65 100 56 84 39 91) (28) (27) (45 96) (72) (90) (89) (75 5 48) (33 31) (63) (35) (15 6) (21) (99 25) (41 88) 
45 (46 33) (60) (51) (64 27) (5) (14 69 67) (87) (85) (34) (37) (77 24 86) (62) (68 80 20 52 81 58) (70) (12 90) (63) (89) (95 40 43) (6 13) (88) 
46 (25) (24) (37 52 64 96 13 22 98) (14 49) (61) (74) (34 16 7) (21) (89 86 5) (62) (36) (58) (17 87) (75) (19 28 10) (99) (70) (3 100 59) (54 1 29) (83 91 55) (68 42) (72 4) 
47 (43) (31 96 70) (7) (37 9) (87 20 100) (40 52 48) (63) (28 75) (6) (16 4 33 77 26) (11) (56) (2 19) (15 58 60) (45) (25) (30 78) (89) (65) (93) (76 32 51) (62) (13 99 42) (91 66) (72) (17) 
48 (62) (57 12 49 76 93 35) (6) (48) (81) (36 9 90 85 61 4 45 16 71) (15) (79) (2 18) (89 66) (33 77 10) (54) (8 91 38 41 97 11) (94 7 60 67) (99) (86) (72 42) 
49 (59) (11 94 43) (81) (96 99) (35) (22 42) (90) (63) (30) (23 37 84 58) (77 51) (13 87) (95) (86) (24) (9) (32) (12) (92 57 16 17) (67) (36) (4) (85) 
50 (73 7 79 12 15 59 37 89 86 8 72 87 84) (49) (22 80) (85) (1) (43 4) (57) (76) (64) (97) (29 16) (33 41 44 48 99) (60) (94 10) (34 98) (40 58) (42) (11) (45) (65 5 35) (83) 
51 (54 82 22 70) (30 31) (85) (25) (21) (73 75) (46) (36) (23 84 35) (79 39) (78 27 10 19) (33 80 4) (94) (90) (77 67 87 65 16) 
52 (64) (96) (1 24 11 91) (42 2) (22 70) (7 72) (94 86 75) (15 8) (82) (85) (4 20) (92 33 37 88 47 31) (100 32 99) (27) (19 16 14 71) (23) (80) (3) (12 44) 
53 (8 80) (18) (69 5) (100) (95 39 68 16 45) (24 71 78) (50) (54) (61) (56 20) (92 22 99 2) (67 46) (65) (70) (21) (34) (63) (31) (33) (97 91) (66) (26 62 44) 
54 (13) (2) (93) (90 54 35) (60 10 5) (53) (26 3 36) (73 27) (28 59) (42 49 6) (98) (78 44 69) (100 15 31) (87 55 39 45 91 48) (30) (70) 
55 (46) (18 25 41) (53 100) (56 75) (29) (72 11 16) (94) (36 62 31) (19 69 58) (89 44 78 45) (34) (39) (23 28) (6 43 67) (4 86) (9 82) (83 96) (8 7 51) (95) (42) (3) (88 59 14) 
56 (66 16) (64) (50 97) (31) (51 82 75) (18) (88 67 25 8) (27 45) (96 69) (76) (39 78) (56) (58) (17) (6 59 57) (87) (81 79 43 95 62 47) (84) 
57 (60 24 93 58) (62 13) (36 66 53 1) (28 6 71) (30 37 7) (76) (94 82 91 65) (2) (34) (63) (80) (90 39) (29 5 84 85) 
58 (58 85 69 11) (24 22 81 64 26 84) (93 42 46 59) (95) (25) (60 94 56) (15 9 33 1) (13 67 23) (32) (8 92) (63) (36) (57) (87) (96 91 79 2 48 27) 
59 (72 81) (34 70 48 85 62) (12 71) (37) (94) (98) (19 58 68 47 97) (2 36) (32 95) (41 51) (79) (87 99 3) (52) (38 56 35 39 6 61) (69 55 64) (13 11) (82 92) (46) 
60 (96) (17 69) (65 93) (47) (5 97) (71 13 32) (49 56 88 53) (8 52) (15 20) (37 35 41) (83 66) (90) (91) (64) (57 19 87) (48) (43) (50) (99 86) 
61 (14 58) (94) (18) (2) (1 69 77 87) (84 30 29 64 17) (71 4) (11 62) (35 25 6) (3) (39) (50 92) (89) (48) (21 61 32) (16 13) (34 65 78) (99) (93 27 46) (49 9 60) 
62 (8 63) (87 48) (88) (72 13) (31 86) (79 80 44) (9) (78 20 17 6 30 69) (84) (56 38 29 21 5) (93) (66) (99) (83 41) (1 52 89) (47 16) (24 7 14 96 57 33 3 26 74 64 81) 
63 (54) (36 91 2 53 15) (93 1) (83 63 46 94) (59) (32 97 52) (60 43) (21) (56) (50 71 76 30 67) (85 42) (17) (68 77 31 80) (45 51) 
64 (26 27) (30) (24) (52) (90) (9 85) (54) (46 28 93) (68) (99 63 16 25) (92 73 80 55) (42 40 31 2 78 4 32 45) (22) (65) (23) (49 53 79 86 96) (59) (89 8 91) 
65 (82 32 91) (67) (1) (17) (89 50) (10) (6) (95) (99 34 49 86) (40 73) (20 74) (19 28) (60) (31) (38) (58 11 69 33) (76) (79 80 18) (97) (87) (24 26 75) (98) (84) (77) (52 72) 
66 (3 44 53) (78) (6) (27) (46) (52 39 48) (83 14 18) (62) (91 96 4 30) (51) (54) (73 66 2 69) (42) (43) (60 55 97 79 59 5 28 31) (61 9 45 29) (88 56 82 33 24) (87) 
67 (28 70) (93 29 37) (36 64) (71 46) (92 74) (60 8 67) (88) (18 39 51 98) (2 84) (58 9) (91 90) (7 96) (99) (73) (44 68 34 50 79 89) (77) (30 81) (32) 
68 (98) (35 85) (84 36 33) (72) (48 8 24) (43) (3 4 96 45 56) (12 93 6) (81 50 76) (15) (79 42) (86 16) (14) (83) (63) (34) (25) (88) (49 37) (57) (100) (30) (99 41) 
69 (38) (80 84) (87) (11 27) (77 7 32) (61) (35) (33 36 97) (37) (96) (65) (6 15) (41) (72 21) (31 73 90 44) (83 60) (25 8 9) (78 42 100 93) (12 14 29) (10) 
70 (4) (24 77) (70) (84) (5 21) (71) (59) (25 47) (32 68) (88) (11 66) (91 54) (31) (6 23 55) (39 61) (79 83 40) (76 85) (58 38 10 60) (7 3) (52 75) 
71 (35) (57) (5 20 60) (36 40 98 25 69 1) (63) (45) (92) (19 65) (37 27) (54 15) (18 49 53 59) (31 3) (43 48) (24 97) (17 81 33 8) (85 41 13) 
72 (47 5) (67) (45 46 25) (89) (54 16 31 60 21) (71) (66) (86) (40) (56) (17) (44 62 95 19) (99) (94 88) (15) (33) (92 72) (78) (58 7) (81 11) (80 97 20) (93 27) (70 2) (50) 
73 (7) (22 79) (93) (57 34) (52) (65) (90) (84) (48) (21) (45) (4) (18) (75) (83) (59 13 77) (16 12) (62) (92 91 66) (61 20 8 60) (89) (64) (76 15 73 85) (42 9 96) (97) (46) (99) (86 19) (29) (55) (35 26) (27 44) (69) 
74 (22 93) (67 51) (81) (17) (43 52 42 2 1) (99) (34) (82) (84 94 100 11) (6) (69 97) (50) (29) (71) (62) (92 87 59) (14) (76 27 53) (35 57 48) (64) 
75 (54) (13 67 39) (41 81 22 66 45 84) (49 28 82) (14 24) (29 92 83) (19) (47 89 88) (9) (64) (20 94 2 43 37) (86) (61 48) (56) (99) (79 42) (59 1) 
76 (67 72 30 100 25) (1) (28 32 23 87 47 95 48 86 17) (21 35) (63) (98) (31 70 94 9 29) (39 92) (91) (19) (27 96 7) (52 13 22) (37) (62 93 69 65 57) (51 10) (64) 
77 (91) (57) (46) (97) (60 41 30) (67 18 77) (72 29 48 9 69 83 38 24) (89 78) (45 37 53) (44 100) (40) (63) (79) (96 87) (27 31) (42) (99 22) (21 14) 
78 (100) (65 36) (93) (30) (60) (82 11 97 14 43) (54) (5 33) (90) (17 4) (76) (83 89 55) (67 85) (28) (51) (63 40 20 42 6 27 58) (61 19) (95 26) (32) (25 99 77 31 23 92 98) 
79 (96 35) (68) (3) (12) (95) (10) (90) (23 16 76 50) (4 91) (53 77) (89) (65) (81) (27) (20) (18) (55) (49 15) (39 70 75) (1) (24 36 84) (63) (2 71 58) (62) (78 34 60 14) 
80 (8) (36) (81 20 84) (13) (70 23) (16) (19) (53 98 68 47 57) (27 100) (38) (87 50 60 91) (79 35 59 58 15) (45 64) (75) (44) 
81 (19) (6) (75 61) (29 22 1 18 49 33 30 57 94 72 38) (93) (12) (46) (48) (28 88) (8 78 83) (81) (4 13 56 99) (55) (35 41) (71 23) (82) (54) (63) (66) (68) (73 52 97) (39) 
82 (90) (77) (72 43 15 86) (54 10 11) (83) (78) (37) (61) (69) (16 40 21) (25 13) (97) (26 55) (52) (17) (23) (92 32 36 50) (14) (93 66) (44) (51 3 48) (33) (60 4) (98) 
83 (44 62) (100 43 36 29 6) (23 15 76) (37 90) (13) (39 32) (61) (2 70 71) (16) (3) (7) (74) (31) (52 26) (75) (77) (94 57 10 40 53 80 84) (64) (72 35 82) (65) 
84 (43) (74) (14 53 29 42) (83 73 60 10 80) (28 52 15) (65) (31 97) (16 54 76) (55) (64 71 51) (45 12 89 32 25) (26 9) (59 68) (99) (100) (78 98) 
85 (15) (24) (1 62 21 30) (7) (9 33) (70 54 100 38) (81) (74 67) (6 79 14) (27 5) (8) (92) (49) (31) (84) (34) (93 71) (13 50) (95) (65 39) (47) (56 98 59 57 77 11) 
86 (52) (26 12) (97 2 17 92 33 20 6 91) (59 44) (42) (99) (5 30 73 60 39) (63 49) (25 64 98 4 78) (1 96) (61 83 32 95) (13) (68 10 84 19) (65 41) (70) 
87 (3 73) (70) (75) (20 90 67) (49 7) (4 18) (72 32 89 56) (71 95 97) (83 12) (26 59) (51 2) (30) (63) (24) (62) (47) (100) (53) (38) (8 11) (55) (45) (14) (34 50) (44) (54) (64 66) 
88 (25) (50 46 77 6) (73 56) (98) (92 53) (12 62) (44 59) (11 42 22 40) (10 33 58) (80 38) (14 9 13) (48) (45) (8) (68) (32 84 30) (21) (67) (52 49 96) 
89 (13) (71) (34) (68) (83 6) (14) (53) (41 23 77 87 30) (54 15 36 59 45) (21) (65) (72) (29) (62 19) (7) (61) (96 11) (81 27) 
90 (48 31) (36 89 50 98 96) (75) (47 69 37) (85) (58 88 14) (28 26 82) (41) (38) (8) (77) (18 72 32 63 94) (61 92 99) (79 68 17 29) (73) (44 19) (25) (10) (70 24) (6) (91) 
91 (60) (51 10) (27 79 63) (65 48) (17 59) (61) (35) (11) (45) (22 25 83 5) (21 54 30) (46 34 12 14 39) (29 33) (64 58 55) (93) 
92 (18) (53) (34) (46 93) (59) (38) (45) (23) (63 16) (70) (19 48 8 28 94 7 33) (67) (35 65) (97 20 99) (96 15 73 42 24 32 87) (2) (29) 
93 (24 95) (53) (79 56 68) (60 62 14 23 84) (35 97 8 76) (17) (19 57) (3) (80 85) (29 1 33) (67) (70) (39 49) (46) (65) (32) (78 52 25) (38) (13 100 81) 
94 (19) (29) (91 18 93) (28) (6) (71) (68) (67) (49) (80 58) (41 25 52 2 55 81 69) (39 1) (59 31) (40 100 33) (97 53) (72) (78) (54 35) (14) (88 87) (92) (7 13) 
95 (50) (33) (62) (6 13 63 31) (24 76) (36) (29) (12 52) (64 5 39 82 23 65 53 2) (26 20 40) (84) (32) (74 58 71) (47 34 35) (91 17) (68 92) (49 37) (55) 
96 (8 37 72 33 23 28 19 11) (24 89) (38 85) (52) (87) (25) (77 100 92) (15 50 97 2 12) (70 7) (26) (75 16) (94) (49) (41) (59) (22 32) (6 36 80) (76) 
97 (39 92) (4 80 91) (74 81 27) (96) (2) (18) (51 79) (42 19 46 10 33 73) (45 26) (50) (22 58 3 97 37 88 20) (71) (9 53) (56) (24) (93) (87 69 49 54) (28 98) (63) (57 41) (15) 
98 (91) (32 33) (95 2 100 8) (55 66 92 20 11 53) (30 39 50) (70) (61) (47 60) (57) (87) (76) (24) (27 68 98 26 93) (64 72 82) (31 19 94 77) (12 88) 
99 (15) (56 82) (81) (49 13 85) (93) (55 30) (39) (54) (64) (90 88) (3 69) (24) (96 29) (100 4 33) (78 19) (20) (66 22 41 37) (1) (57) 
100 (30) (74) (18 51 25) (16 38 76) (87) (54 13) (24 22) (5 45 66 72 59) (23) (21 57) (56) (48) (47 9 70 50) (90) (39) (75) (98 14) (52 80) (10 86 67) (73) 
1 (24) (86) (52) (76) (94) (63) (5) (30) (13) (20) (46) (8) (75) (40) (42) (61) (62) (28) (32) (22) (74 71 65) (79) (38 1 99) (57 50) (85 58 12) (31 81 93) 
2 (25) (75) (74) (39) (18) (27) (96) (58) (98) (67) (12) (72) (47) (97) (29) (38) (94) (59) (42) (63) (83) (5) (26) (3) (79) (57) (86 54 41 53) (92) (21) (23 11 87 95 6) (7 66 61) (64 48) (8) (36) (52) 
3 (44) (33) (12) (22) (79) (82) (23) (70) (30) (13) (83) (99) (25) (4) (66) (61) (71) (36) (41) (37) (59) (43) (93) (97) (87) (54) (38) (62) (46) (31) (68) (52) (26) (55) (34) (27) 
4 (24) (33) (9) (34) (64) (26) (48) (21) (30) (81) (97) (68) (20) (43) (50) (49) (29) (51) (70) (6) (66) (73) (82) (55) (46) (99) (7) (3) (41) (78) (52) (61) (87) (11) (42) (38 79 86) (47) 
5 (2) (46) (53) (34) (10) (35) (100) (57) (45) (60) (54) (72) (44) (66) (62) (17) (27) (40) (91) (86) (78) (11) (14) (37) (3) (1) (85) (70) (41) (12) (71) (50) (29) (23) (4) (38) (6 36 43 95) (16) 
6 (56) (3) (78) (59) (74) (16) (17) (88) (70) (54) (2) (68) (22) (27) (62) (32) (90) (48) (83) (34) (37) (61) (69) (13) (43) (25) (86) (94) (6) (55) (8) (41) (96) (24) (57) (45) (95) (89) (47) (66 33) (44 81 65 85) 
7 (48) (39) (70) (40) (92) (87) (1) (43) (72) (47) (2) (83) (36) (76) (89) (38) (3) (15) (29) (6) (9) (23) (46) (27) (96) (16) (31) (7) (30) (67) (55) (73) (41) (57) (20) (94) (52) (11) (26) (62) (50) (28) (85) (69) 
8 (4) (5) (60) (1) (85) (36) (93) (90) (2) (98) (96) (64) (88) (14) (50) (56) (80) (52) (67) (68) (38) (92) (48) (81) (58) (26) (69) (35) (8) (34) (28) (55) (71) (22) (62) (73) (53) (13) (43) (87) 
9 (3) (97) (88) (69) (31) (21) (85) (55) (14) (67) (7) (36) (28) (49) (66) (25) (62) (73) (84) (75) (2) (30) (64) (38) (47) (61) (100) (48) (76) (58) (22) (4) (41) (77) (17) 
10 (22) (27) (5) (100) (10) (97) (32) (50) (90) (3) (11) (26) (48) (46) (17) (39) (1) (76) (69) (79) (84) (88) (70) (65) (21) (25) (16) (54) (91) (20) (23) (19) (18) (51) (86) (82) (15) (83) (7) 
11 (14) (3) (49) (59) (69) (82) (91) (39) (27) (36) (7) (85) (19) (34) (72) (61) (17) (41) (43) (44) (48) (21) (12) (23) (70) (89) (98) (33) (47) (96) (88) (35) (58) (50) (65) (1) (13) (30) (52) (87) (74) (78) (37) (40 20) (55 26) 
12 (73) (42) (79) (48) (69) (95) (21) (96) (91) (81) (84) (50) (15) (3) (98) (49) (13) (8) (27) (39) (86) (41) (5) (29) (12) (52) (24) (88) (87) (32) (59) (45) (1) (68) (18) (7) (23) 
13 (23) (9) (54) (47) (80) (94) (93) (60) (85) (33) (86) (82) (62) (71) (31) (99) (36) (40) (27) (88) (81) (29) (73) (39) (76) (45) (11) (17) (61) (15) (46) (26) (43) (95) (100) (59) (41) (75) (25) (6) (58) (89) (38) (22) (49 83 57) 
14 (25) (41) (68) (82) (74) (10) (62) (16) (100) (90) (24) (19) (87) (78) (18) (44) (12) (77) (61) (69) (75) (88) (52) (85) (6) (89) (94) (2) (84) (91) (46) (79) (36) (45) (13) (66) (8) (55) (93) 
15 (58) (29) (2) (16) (72) (79) (69) (27) (8) (82) (10) (85) (83) (41) (54) (44) (50) (97) (13) (48) (30) (20) (9) (71) (60) (84) (42) (17) (99) (5) (40) (23) (26) (73) (28) (63) (89) (52) (96) (47) (68) (80) (32) (31) (92) 
16 (33) (79) (49) (34) (19) (73) (30) (48) (52) (72) (25) (92) (47) (42) (36) (9) (38) (56) (13) (55) (80) (84) (12) (61) (96) (46) (50) (32) (100) (51) (62) (23) (21) (53) (24) (64) (68) (82) (22) (26) (83) (1) 
17 (74) (46) (62) (95) (1) (63) (33) (2) (24) (56) (90) (91) (13) (18) (49) (7) (34) (37) (39) (76) (86) (60) (61) (71) (82) (10) (4) (93) (26) (65) (72) (47) (16) (9) (27) (78) (31) 
18 (56) (29) (48) (100) (65) (61) (81) (66) (40) (42) (1) (92) (77) (73) (22) (97) (94) (4) (87) (14) (90) (79) (3) (17) (53) (71) (55) (44) (2) (32) (67) (21) (15) (10) 
19 (65) (38) (99) (73) (80) (60) (21) (23) (29) (18) (96) (78) (90) (2) (86) (59) (9) (46) (34) (37) (75) (28) (72) (93) (81) (94) (47) (6) (12) (52) (55) (89) (40) (51) (41) (98) (4) (44) (15) (97) (11) (71) (76) (10) (92 33) 
20 (37) (80) (95) (62) (99) (86) (30) (73) (35) (79) (25) (8) (52) (32) (65) (78) (10) (45) (60) (92) (72) (12) (43) (1) (40) (98) (53) (41) (71) (13) (26) (75) (47) (87) (97) (34) 
21 (44) (34) (10) (39) (53) (26) (13) (63) (72) (91) (77) (85) (69) (9) (62) (89) (70) (76) (73) (61) (46) (100) (28) (7) (88) (51) (11) (6) (82) (4) 
22 (77) (81) (46) (23) (99) (28) (88) (52) (50) (17) (24) (42) (18) (96) (76) (97) (51) (5) (91) (73) (49) (53) (58) (36) (3) (12) (6) (15) (13) (100) (21) (25) (75) (74) (64) 
23 (76) (14) (93) (25) (22) (42) (100) (52) (95) (81) (30) (80) (9) (23) (51) (82) (49) (55) (27) (33) (96) (78) (58) (35) (70) (79) (5) (64) (21) (92) (43) (83) (4) (1) (89) 
24 (49) (1) (12) (71) (46) (52) (25) (19) (92) (16) (68) (9) (58) (98) (11) (70) (6) (26) (100) (53) (79) (77) (30) (42) (90) (31) (65) (96) (62) (95) (29) (99) (45) (23) (32) (87) (28) (75) (66) (57) (93) (97) (85) (64) 
25 (58) (46) (76) (31) (16) (23) (13) (61) (47) (68) (37) (28) (71) (22) (94) (17) (84) (64) (11) (82) (88) (86) (51) (96) (6) (8) (41) (78) (15) (70) (18) (36) (26) (91) (40) (56) (55) (93) (33) (69) (2) (100) (90) (72) (44) 
26 (65) (84) (1) (28) (33) (40) (54) (78) (23) (58) (98) (29) (5) (25) (97) (73) (53) (47) (30) (10) (6) (96) (82) (7) (83) (24) (27) (95) (87) (64) (26) (34) (62) (21) (9) (90) (86) 
27 (72) (38) (66) (8) (74) (45) (6) (77) (1) (11) (56) (7) (3) (21) (78) (51) (44) (98) (32) (64) (4) (54) (23) (61) (41) (33) (15) (91) (97) (76) (85) (71) (52) (36) (73) (40) (80) (28) (89) (58) (37) (79) (13) (69) (20) (26) 
28 (97) (26) (6) (11) (15) (24) (40) (31) (94) (23) (36) (35) (30) (8) (96) (66) (20) (37) (7) (1) (84) (55) (17) (75) (34) (65) (78) (67) (81) (2) (90) (54) (92) (22) (13) (64) (19) (47) (44) (29) (57) (46) (76) 
29 (15) (93) (89) (74) (25) (31) (90) (46) (55) (44) (99) (83) (37) (66) (61) (1) (92) (73) (94) (77) (33) (81) (41) (4) (62) (69) (3) (8) (32) (84) (95) (76) (91) (75) (22) (23) (57) (50) (67) (28) 
30 (76) (57) (61) (99) (3) (19) (88) (87) (34) (68) (38) (27) (91) (51) (86) (37) (64) (5) (39) (89) (43) (100) (77) (29) (67) (15) (54) (21) (78) (62) (66) (28) (7) (10) (98) (47) (85) (81) (31) (49) (18) (32) (63) (2) (16) 
31 (54) (90) (85) (13) (69) (9) (72) (56) (44) (33) (52) (70) (51) (78) (77) (84) (32) (28) (40) (83) (55) (64) (62) (43) (35) (71) (20) (31) (98) (53) (66) (76) (65) (94) (34) (5) (63) (11) (47) (14) (95) 
32 (16) (11) (44) (92) (42) (40) (64) (4) (78) (98) (90) (84) (88) (58) (43) (28) (63) (61) (6) (87) (67) (82) (76) (83) (18) (96) (37) (65) (86) (69) (52) (13) (25) (27) (47) (93) (35) (60) (95) (34) (39) (70) (59) (12) (49) 
33 (69) (68) (88) (3) (9) (85) (44) (98) (51) (95) (92) (86) (2) (58) (93) (48) (52) (13) (35) (72) (17) (94) (81) (78) (96) (71) (36) (53) (62) (50) (91) (82) (45) (47) (16) (97) (25) (28) (42) (66) (27) (26) (99) (33) (11) (65) 
34 (43) (44) (35) (67) (24) (26) (89) (45) (18) (38) (42) (91) (5) (53) (10) (59) (25) (11) (79) (46) (31) (65) (57) (13) (28) (21) (74) (27) (61) (33) (73) (39) (50) (14) (8) (55) (68) (6) (20) (85) (95) (87) (92) 
35 (22) (94) (59) (68) (1) (43) (81) (14) (50) (51) (21) (17) (37) (16) (54) (91) (93) (13) (61) (24) (60) (10) (30) (41) (71) (8) (5) (74) (49) (80) (83) (48) (73) (6) (76) (12) (44) (38) (95) (92) (69) (4) (79) (23) (7) 
36 (69) (21) (59) (37) (89) (46) (17) (79) (96) (24) (32) (27) (67) (20) (49) (12) (43) (68) (33) (63) (29) (78) (82) (55) (40) (71) (22) (54) (31) (7) (30) (4) (58) (57) (90) (95) (26) (80) (5) (15) (83) (48) (36) (2) (9) (35 51 19) 
37 (67) (71) (24) (31) (57) (3) (68) (42) (34) (9) (15) (83) (60) (41) (75) (77) (35) (69) (10) (50) (45) (59) (37) (12) (97) (8) (52) (6) (38) (40) (39) (46) (90) (32) (95) (49) (96) (47) (11) (18) (23) (33) (76) (82) (99) 
38 (90) (22) (34) (69) (26) (92) (13) (28) (33) (81) (96) (80) (41) (100) (43) (3) (37) (5) (87) (14) (12) (7) (88) (93) (65) (62) (48) (17) (6) (59) (2) (85) (70) (8) (77) 
39 (66) (91) (43) (75) (94) (44) (61) (56) (8) (33) (93) (81) (70) (86) (100) (79) (54) (2) (4) (85) (97) (67) (1) (99) (9) (6) (23) (53) (59) (27) (11) (95) (76) (83) (57) (55) (28) (98) (51) 
40 (65) (25) (77) (17) (35) (22) (27) (10) (64) (70) (95) (50) (26) (94) (78) (71) (82) (33) (6) (41) (13) (31) (88) (2) (37) (47) (83) (45) (38) (72) 
41 (18) (86) (55) (94) (89) (90) (21) (97) (44) (60) (28) (71) (36) (20) (62) (5) (40) (35) (9) (50) (96) (69) (68) (16) (77) (81) (3) (48) (59) (23) (75) (99) 
42 (47) (54) (55) (30) (69) (1) (27) (20) (66) (8) (78) (92) (68) (9) (75) (73) (23) (52) (46) (33) (49) (88) (97) (19) (84) (35) (64) (2) (4) (21) (86) (48) (63) (7) (41) (77) (74) (58) (13) (50) 
43 (10) (38) (4) (33) (21) (5) (32) (40) (63) (20) (42) (68) (45) (16) (74) (49) (83) (2) (82) (11) (14) (78) (66) (17) (55) (75) (50) (26) (56) (47) (19) (35) (71) (84) (60) (15) 
44 (43) (12) (22) (73) (30) (72) (80) (50) (52) (54) (44) (88) (26) (55) (62) (90) (8) (77) (87) (83) (66) (67) (34) (25) (82) (41) (86) (32) (69) (24) (23) (53) (31) 
45 (97) (84) (64) (75) (56) (72) (44) (68) (40) (89) (1) (10) (53) (21) (14) (17) (92) (100) (91) (43) (34) (48) (77) (80) (54) (27) (41) (20) (87) (36) (63) (66) (23) (88) (4) (71) (29) (47) (73) (50) (39) (55) 
46 (33) (13) (63) (64) (45) (30) (14) (27) (59) (66) (67) (35) (1) (16) (7) (15) (4) (97) (5) (72) (42) (92) (25) (93) (29) (81) (22) (91) (24) (20) (55) (10) (8) (40) (28) (26) (88) (77) (58) (51) (73) (53) (61) 
47 (6) (25) (29) (39) (8) (13) (76) (95) (21) (1) (43) (59) (70) (90) (17) (24) (98) (3) (56) (31) (60) (80) (62) (72) (11) (75) (87) (52) (20) (35) (85) (100) (12) 
48 (13) (76) (6) (3) (66) (28) (14) (48) (29) (71) (1) (21) (35) (68) (61) (82) (36) (90) (50) (23) (58) (59) (15) (74) (60) (37) (54) (25) (81) (47) (17) (75) (62) (73) (100) (44) (77) (91) (20) (92) (88) (33) 
49 (13) (65) (81) (71) (21) (43) (40) (29) (60) (46) (38) (35) (41) (25) (94) (61) (68) (10) (75) (37) (79) (85) (36) (22) (48) (97) (18) (99) (96) (64) (87) (50) (42) (95) (86) (14) (54) (88) (93) 
50 (8) (61) (72) (100) (18) (22) (11) (7) (60) (5) (85) (63) (43) (97) (79) (74) (15) (67) (87) (82) (88) (6) (21) (95) (96) (24) (17) (25) (2) (53) (12) (42) (19) (28) (39) (68) (98) (56) (80) (65) (38) (90) 
51 (74) (45) (76) (82) (97) (55) (100) (38) (2) (39) (32) (78) (59) (20) (14) (15) (40) (34) (5) (66) (84) (4) (87) (91) (67) (24) (33) (25) (31) (47) (63) (13) (12) (49) (56) (7) (30) (41) 
52 (83) (70) (81) (43) (13) (95) (45) (96) (24) (38) (82) (63) (28) (76) (94) (66) (32) (100) (46) (34) (64) (41) (65) (73) (84) (23) (86) (59) (88) (1) (2) (11) (74) (60) (47) (93) (18) (62) 
53 (37) (43) (55) (60) (36) (63) (13) (21) (35) (24) (29) (25) (83) (71) (20) (87) (27) (94) (79) (42) (14) (98) (17) (32) (2) (40) (88) (28) (95) (15) (92) (66) (54) (84) (34) (93) (64) (18) (74) (30) (19) (57) (10) (39) (80) (9 89) (97 77) 
54 (48) (53) (3) (85) (40) (51) (16) (99) (36) (17) (1) (28) (75) (23) (81) (32) (78) (94) (41) (64) (84) (100) (46) (87) (70) (63) (44) (12) (37) (43) (14) (25) (91) (66) (82) (11) (8) (2) (54) (97) (89) (71) (72) 
55 (36) (28) (84) (81) (40) (14) (41) (15) (54) (64) (73) (46) (59) (70) (9) (33) (6) (29) (17) (44) (37) (98) (94) (21) (4) (22) (91) (79) (87) (66) (95) (42) (82) (3) (30) (5) (99) (78) 
56 (27) (60) (25) (62) (9) (1) (37) (100) (59) (63) (93) (43) (33) (28) (47) (12) (2) (32) (85) (31) (81) (24) (17) (53) (14) (72) (99) (44) (75) (6) (87) (34) (97) (88) (30) (56) (22) (68) (23) (55) (35) (66) (58) (10) (38) (20) 
57 (8) (50) (19) (97) (7) (11) (29) (62) (15) (40) (80) (56) (71) (58) (76) (48) (73) (83) (25) (17) (99) (18) (22) (77) (68) (60) (9) (27) (81) (74) (31) (24) (49) (85) (4) (93) (34) (42) (100) (98) (26) 
58 (39) (90) (58) (24) (21) (50) (88) (94) (59) (3) (47) (57) (10) (9) (49) (40) (4) (16) (20) (61) (80) (70) (95) (65) (97) (78) (13) (79) (72) (67) (55) (8) (18) (33) (37) (28) (15) (12) (25) (23) (56) (45) (38) (91) (1) (46) 
59 (80) (29) (40) (74) (88) (94) (70) (46) (89) (71) (92) (23) (1) (16) (54) (18) (73) (91) (100) (55) (86) (49) (56) (10) (96) (58) (85) (36) (21) (63) (43) (87) (8) (26) (50) (25) (64) (75) (6) (66) (20) (84) 
60 (80) (48) (63) (33) (26) (79) (73) (43) (93) (71) (78) (6) (65) (17) (69) (50) (41) (5) (54) (36) (77) (2) (38) (57) (66) (67) (45) (11) (91) (7) (98) (72) (82) (20) (70) (86) (47) (84) (3) (61) (19) (58) 
61 (18) (28) (53) (69) (75) (31) (33) (66) (13) (81) (9) (37) (48) (98) (61) (59) (38) (73) (22) (90) (82) (83) (91) (78) (42) (32) (46) (24) (16) (1) (70) (10) (86) (89) 
62 (83) (72) (31) (55) (85) (56) (47) (7) (12) (10) (59) (48) (88) (41) (20) (44) (53) (26) (95) (39) (36) (45) (34) (57) (76) (14) (28) (79) (16) (19) (37) (21) (87) (89) (35) (9) (61) (93) (46) (74) (1) (73) (66) 
63 (7) (19) (47) (95) (12) (4) (31) (71) (32) (10) (38) (23) (25) (77) (58) (15) (81) (43) (26) (76) (40) (33) (63) (78) (62) (49) (27) (44) (45) (79) (13) (20) (86) (53) (68) (21) (57) (90) (91) (64) (28) (34) (29) (97) (92) (30) (11) (87) 
64 (16) (40) (59) (73) (15) (62) (46) (99) (9) (41) (56) (74) (86) (36) (30) (75) (14) (24) (43) (91) (84) (95) (67) (29) (4) (35) (98) (12) (27) (52) (76) (44) (80) (61) (22) (37) (83) (26) (87) (50) (19) (45) (60) (33) (58) 
65 (32) (76) (15) (16) (20) (35) (91) (85) (78) (36) (21) (93) (51) (89) (47) (60) (43) (14) (64) (69) (79) (86) (44) (92) (95) (7) (84) (83) (8) (10) (5) (53) (18) (61) (73) (30) (13) (57) (71) (50) 
66 (1) (53) (18) (31) (75) (87) (62) (60) (23) (73) (99) (26) (13) (40) (25) (56) (47) (11) (70) (72) (7) (24) (66) (20) (27) (82) (3) (48) (81) (57) (98) (100) (6) (2) 
67 (19) (78) (93) (88) (87) (29) (63) (27) (100) (10) (94) (74) (43) (48) (51) (49) (5) (4) (30) (92) (21) (20) (53) (67) (76) (25) (3) (55) (77) (45) (39) (85) (58) (72) (75) (56) (2) (65) 
68 (86) (64) (63) (23) (79) (5) (29) (38) (20) (11) (25) (89) (84) (93) (81) (43) (98) (70) (36) (45) (59) (35) (95) (12) (53) (28) (19) (6) (17) (30) (34) (21) (94) (46) (88) (9) (26) (80) (18) (7) (3) (67) (90) 
69 (66) (2) (19) (53) (43) (16) (28) (60) (3) (54) (97) (94) (77) (15) (59) (45) (21) (12) (6) (99) (41) (90) (76) (71) (62) (40) (8) (35) (74) (73) (65) (82) (5) (26) (55) (9) (61) (58) (56) (30) 
70 (12) (79) (51) (54) (100) (53) (27) (98) (83) (70) (46) (87) (10) (45) (76) (90) (52) (30) (7) (18) (40) (80) (38) (1) (32) (93) (72) (67) (85) (86) (28) (96) (92) (8) (59) (21) (35) (41) (13) (47) (19) 
71 (79) (38) (41) (94) (61) (17) (20) (28) (97) (67) (31) (3) (57) (74) (83) (52) (39) (26) (10) (2) (87) (29) (33) (72) (15) (60) (81) (89) (23) (70) (53) (48) (21) (1) (95) (34) (25) (59) (63) (85) (12) (7) (84) 
72 (17) (5) (50) (76) (46) (83) (96) (40) (36) (77) (69) (98) (81) (43) (28) (90) (89) (87) (25) (55) (59) (72) (52) (18) (44) (39) (65) (47) (38) (48) (100) (62) (12) (21) (13) (94) (68) (82) (26) (7) 
73 (50) (24) (73) (67) (88) (34) (90) (97) (22) (66) (28) (87) (65) (30) (29) (42) (86) (84) (10) (3) (54) (92) (51) (32) (21) (14) (69) (15) (9) (100) (38) (64) (43) (81) (20) (1) (2) (16) 
74 (44) (29) (33) (84) (16) (42) (97) (35) (38) (1) (95) (31) (24) (83) (13) (40) (67) (39) (18) (4) (100) (34) (85) (65) (17) (46) (62) 
75 (31) (81) (24) (80) (30) (51) (22) (32) (4) (47) (40) (7) (79) (28) (46) (15) (87) (21) (44) (70) (55) (56) (83) (90) (65) (34) (43) (73) (52) (100) (16) (9) (96) (38) 
76 (13) (35) (100) (22) (93) (96) (74) (57) (63) (47) (48) (83) (70) (95) (38) (12) (50) (42) (56) (14) (29) (5) (98) (78) (40) (2) (17) (23) (33) (65) (68) (24) (73) (11) (20) (19) (10) (84) (79) 
77 (48) (63) (89) (27) (2) (47) (25) (69) (78) (12) (22) (38) (65) (28) (82) (85) (13) (96) (1) (10) (73) (45) (70) (36) (61) (51) (7) (6) (18) (49) (90) (16) (31) (67) (77) (26) (3) (88) (23) (37) (79) (83) (32) (39) (98) 
78 (84) (66) (86) (24) (32) (72) (44) (53) (79) (35) (36) (42) (51) (18) (11) (22) (62) (94) (21) (77) (47) (7) (28) (64) (40) (54) (55) (13) (93) (61) (29) (99) (69) (27) (82) (56) (81) 
79 (48) (80) (41) (93) (12) (91) (21) (70) (38) (56) (2) (34) (85) (10) (62) (51) (1) (30) (58) (50) (66) (90) (4) (8) (35) (31) (17) (33) (23) (24) (65) (40) (77) (68) (64) (73) (75) (5) (42) (59) (97) (29) (67) 
80 (83) (23) (65) (88) (52) (12) (97) (69) (34) (33) (63) (94) (18) (93) (64) (27) (37) (38) (84) (51) (96) (35) (72) (50) (45) (3) (53) (19) (20) (28) (100) (30) (5) (25) (57) (16) (15) (36) (6) (43) (62) 
81 (56) (5) (19) (59) (49) (21) (36) (29) (85) (39) (34) (75) (45) (16) (35) (71) (58) (74) (94) (48) (8) (10) (81) (15) (99) (6) (4) (41) (13) (62) (79) (9) (97) (72) (68) (93) (32) (89) (67) (11) (80) (28) 
82 (90) (66) (12) (38) (5) (19) (26) (78) (3) (43) (59) (13) (95) (75) (98) (35) (1) (52) (22) (18) (74) (7) (55) (81) (99) (51) (57) (17) (65) (56) (6) (39) (37) (11) (83) (8) 
83 (78) (86) (40) (70) (84) (27) (36) (69) (4) (50) (82) (14) (6) (62) (31) (77) (44) (73) (60) (55) (68) (91) (24) (39) (15) (66) (32) (75) (42) (11) (87) (63) (33) (18) (22) (7) (81) (46) (16) (8) (89) (35) 
84 (44) (41) (42) (39) (86) (5) (7) (24) (56) (20) (10) (69) (25) (85) (40) (8) (79) (1) (80) (88) (38) (2) (74) (29) (21) (68) (93) (62) (50) (3) (6) (27) (57) (67) (65) (61) (73) (51) (58) (15) (49) (95) (75) (12) (83) (70) 
85 (14) (50) (45) (1) (96) (58) (19) (64) (38) (52) (71) (33) (4) (10) (99) (59) (11) (7) (73) (44) (31) (93) (90) (49) (63) (26) (32) (6) (57) (25) (36) (48) (70) (30) (51) (41) (68) (78) (23) (16) 
86 (65) (64) (55) (46) (50) (76) (13) (19) (39) (17) (7) (35) (82) (37) (32) (22) (49) (40) (33) (68) (1) (9) (48) (72) (28) (21) (25) (45) (3) (100) (12) (60) (73) (62) (52) (10) (75) (27) 
87 (94) (15) (34) (25) (39) (28) (7) (58) (76) (77) (59) (18) (98) (5) (89) (43) (80) (92) (61) (6) (100) (45) (54) (22) (46) (96) (50) (65) (40) (66) (60) (35) (49) (74) (62) (51) (14) (47) (41) (30) (56) (12) (97) (69) 
88 (35) (21) (94) (10) (26) (90) (66) (12) (36) (11) (70) (67) (56) (45) (31) (75) (39) (81) (2) (60) (3) (6) (98) (20) (97) (1) (62) (68) (52) (55) (72) (29) (99) (44) (42) (25) (18) 
89 (55) (50) (1) (39) (48) (67) (24) (90) (65) (11) (6) (42) (10) (79) (75) (87) (72) (61) (14) (46) (31) (16) (64) (47) (35) (77) (62) (23) (73) (45) (28) (96) (2) (19) (44) (84) (43) (78) 
90 (39) (2) (99) (16) (44) (12) (27) (73) (21) (23) (33) (10) (11) (82) (79) (5) (67) (69) (34) (60) (51) (83) (54) (87) (42) (7) (22) (64) (45) (78) (48) (100) (49) (57) (31) (19) (32) 
91 (86) (97) (27) (48) (16) (80) (58) (65) (77) (53) (52) (47) (94) (73) (66) (25) (15) (21) (46) (8) (98) (57) (67) (12) (95) (2) (60) (30) (4) (41) (76) (34) (70) (38) (79) (64) (63) (26) (90) (54) (32) (44) (10) 
92 (58) (61) (37) (67) (3) (20) (53) (38) (15) (76) (4) (86) (52) (85) (74) (73) (96) (95) (78) (14) (75) (97) (22) (88) (72) (71) (12) (5) (98) (82) (40) (64) (90) (59) (94) (34) (32) (31) (49) (35) 
93 (28) (73) (57) (94) (14) (21) (92) (47) (36) (27) (2) (9) (41) (54) (76) (97) (20) (61) (11) (44) (48) (67) (16) (31) (58) (62) (98) (64) (26) (72) (32) (8) (15) (68) (85) (82) (19) (74) (81) (91) (69) (63) (18) (78) (99) (60) (22) 
94 (11) (3) (83) (74) (24) (2) (63) (41) (49) (4) (13) (61) (15) (59) (96) (58) (14) (76) (90) (98) (43) (55) (23) (16) (72) (52) (92) (51) (81) (19) (5) (75) (25) (57) (48) (38) (50) 
95 (78) (59) (9) (20) (2) (53) (24) (36) (79) (38) (65) (76) (58) (45) (15) (25) (35) (56) (72) (49) (43) (55) (85) (93) (98) (23) (87) (5) (33) (39) (12) (86) 
96 (9) (19) (56) (34) (42) (97) (6) (64) (22) (99) (79) (62) (39) (58) (17) (41) (8) (77) (46) (11) (55) (36) (88) (66) (38) (68) (44) (60) (86) (28) (18) (92) (67) (52) (69) (2) (89) (47) (49) (90) (1) (26) (76) (27) (73) 
97 (3) (93) (92) (39) (65) (24) (35) (48) (56) (59) (1) (71) (4) (53) (86) (77) (38) (97) (2) (43) (34) (37) (60) (72) (69) (63) (21) (73) (14) (84) (87) (94) (96) (50) (10) (32) (9) (81) (66) (82) (74) (78) 
98 (40) (100) (80) (71) (50) (65) (20) (84) (67) (86) (38) (26) (30) (32) (78) (43) (82) (88) (46) (90) (59) (25) (85) (17) (35) (68) (21) (3) (97) (13) (54) (76) (98) (2) (18) (27) 
99 (73) (44) (53) (84) (49) (90) (67) (86) (47) (92) (3) (64) (50) (20) (78) (77) (2) (72) (74) (81) (61) (13) (9) (68) (52) (18) (48) (62) (27) (6) (40) (46) (34) (75) (43) (65) (5) (59) (37) (4) (60) 
100 (98) (34) (13) (54) (68) (8) (1) (27) (80) (85) (52) (87) (94) (9) (53) (55) (77) (17) (83) (46) (84) (78) (96) (69) (21) (47) (99) (93) (28) (74) (33) (36) (76) (4) (44) (15) (6) (20) 
