0
100
100
1 (49) (4 24) (38) (15) (79) (44) (5) (99) (50) (87) (63) (68) (69 48) (52) (62) (85) (98) (40) (47 64) (12) (41) (11) (2) (82) 
2 (85 74) (71) (35 40 3) (99) (30) (44) (98) (56) (89) (12 16 97 88) (6) (45) (32) (9 60 42) (38) (66) (54) 
3 (70) (91) (94) (57 77) (36) (71) (80) (78) (9 24) (39) (89) (23) (66) (7) (53) (100 25) (68) (93 88) (73) (11) (83) 
4 (9 56 87) (21) (63 15) (37 60) (19) (55) (68) (96 72) (8 45 13 54 11) (25) (97) (18) (88 81) (26) (36) (50) 
5 (91) (11) (99) (44) (51) (2) (53) (58) (67) (73) (60) (71) (82) (47) (12) (61) (38) (22 20) (57 42 83) (92) (49) (37) 
6 (88) (22) (84) (81) (39) (65 10 80) (47) (45) (32) (8) (67 4) (79) (69) (43) (90) (31) (63 1) (12 87) (98) (7 56) (38 93) (50) 
7 (52) (83) (72) (95 62) (22 21) (3 31) (59) (11 8) (37) (47) (51) (82 43) (6) (60 18) (54) (84) (27) 
8 (98) (4 71) (44) (6) (87) (57) (81) (79) (12) (49 92 62) (31) (22) (93) (61) (78 42) (25) (27 33) (58) (15) (5) (41) 
9 (67 64) (33) (87) (35) (45) (24) (49 84) (78) (57) (75) (83 59) (40 70) (36) (9 96) (44 32 47) (68) (8) (30) (42 61) (95 85) (86) 
10 (24) (93) (77) (90) (17) (2) (97) (54) (40) (42) (63) (50) (46) (96) (82) (61) (6) (66) (15) (74) (20) (32 16) (12) (98) (91) (43) (69) 
11 (19) (4) (57) (45 29 9 79) (39) (15) (42) (67) (32) (37) (33) (66) (24) (83) (95) (48) (85) (90) (31 12 73) (14) (52 8) (41) (28) (69) 
12 (74) (2) (81) (95) (47) (33) (5) (96 90) (44) (14 83) (58) (18) (28 19) (34) (37 3 43 87) (27) (72) (92) (100) (35) (76) (52 80) (41) (50) (71) (86) (99) (1) 
13 (34 56) (9) (85) (7) (97) (75 44) (8) (60 65 73) (31) (57) (90) (4 24 5) (17) (59) (51 41 76) (77) (89) (20) (30) (46) (80) 
14 (17) (77) (87 76) (51 80 30) (57) (91) (41) (44 16) (93 85 92) (13) (69) (78 66) (95) (79) (90) 
15 (76) (14) (42) (19) (99) (51) (83) (23) (54) (29) (12 36 56 33) (85) (50 84) (47) 
16 (65 27) (15) (21) (38) (54) (44) (53) (61) (9) (73) (33) (63) (79) (87 71) (89) (84) (26 36) (17) (42) (90) (20) (4) (14) (35) 
17 (25 47) (18) (87) (19) (13) (11 59) (29) (77) (31 71) (74 48) (98 84) (34) (69) (89) (23) (12) (54) (58) (26) (38) (5) (52) (76) (53) (78) (50 37) (30) 
18 (85 17 23) (10) (24) (57) (40) (68 34) (67 65) (22) (2 39) (89) (64) (5) (21) (48) (63) (32) (69 14 100) (99) (37) (52) (61) (91) (45 43) (59) (83) (60) 
19 (100) (74) (68) (64) (37) (15 11) (46) (89) (56) (65) (23) (93) (96 14 75 60) (48 94 58 4) (31) (43) (27) (91) (38) (41 12) 
20 (38 9) (45) (4) (90) (65) (100) (21) (59 63 72) (71 40) (35) (54 11) (27) (28 55) (91) (25) (2) (93) (73 78 17) (5 80) 
21 (39) (94) (64) (100 48 20) (43) (91) (50) (33) (89) (23 99) (92 38) (22) (81) (1 52) (76) (44) (3 7 79) (61) (69) (87 51) (96) (71) (59) (14) (16) (8 10) 
22 (63) (46 19) (31) (69 55) (93 47) (77) (26) (1) (23 17) (22) (48 54) (86) (79 80) (3) (11) (58) (9) 
23 (1) (86 22) (49 63 47) (88) (38) (17) (74 35) (41) (56) (15 24) (72) (13) (30 26) (89) (14) (78) (85) (44 5) (71) (79 31) (27) (90) (8) (57) (68) (9 83 80) (18) (60) (19) (40) 
24 (86 14) (6 87) (98 30) (33 76) (17) (74 41) (18) (64) (10) (20) (73) (34 56 21 23) (13) (60) (93) (15) (45) (90) (53) (39 95) (28) (59) (44) 
25 (86) (35) (27) (23) (28) (50 32) (11) (98) (99) (13) (57) (3) (6 77) (58) 
26 (46) (45 98) (99 90) (83) (68) (62) (28) (100 50) (5) (31) (29) (16) (73 61) (17) (82 93) (94) (7) (19 60 76) (49 51) (24) (44) (25) (42) (27) (34) 
27 (18) (39 59) (77) (32) (65) (60) (100) (2) (40) (57) (30) (63) (28) (91) (81 97) (53 74) (42) (89 23) (67) (85) (8) (95 73) (41 51) (7) (68) (44) 
28 (61) (84) (70) (36) (24) (83) (90) (51) (6 25) (48) (43) (74) (40) (46) (8) (64) (56) (76) (77 17) (75) (98) (73) (23) (32) (58 19) (93) (45) 
29 (92) (53 26) (45) (62) (87) (38) (58) (76 11) (4) (2) (56 99) (55) (54) (24) (95 37) (73 51) (100 98) (3) (84) (96) (39 29) (48) (70) (88) (85) (43) 
30 (97) (7) (69 24 77) (10) (19 23) (85) (92) (73 66) (53) (38 76) (44) (98) (28) (14) (100) (93) (42 3) (56) (45) (49) (32) (61) 
31 (50) (7) (51 73) (14) (44) (56) (34) (31) (58 6) (60) (40) (72) (68) (3) (46) (27) (77) (74) (85) (62) (90) (97 63) (92) (4) (1) (55) (59) (21) (33) (26) (95) (67) (89) 
32 (13) (34 56) (95 9) (39) (60) (84) (1) (72) (66 22) (82 61 44) (51) (69) (58 3) (7 20) (67) (93) (23) (35) (38) (48 12) (63) (37) (32) (78) (2 62) 
33 (40) (45) (58 24 31 2) (35 95) (19) (12 98) (47) (46 11) (52 78) (43) (36) (96 79) (3) (59 32 50) (41) (16) (83 1) (57) (74 61) (94) (73) (97) 
34 (53) (22) (17) (80 91) (7) (64) (77) (33) (99) (48) (5 63 61) (83) (4) (38) (94) (93) (70) (40) (55) (92) (66) (44) (57) (54 19) (67 49) 
35 (25) (92) (42) (27) (20) (5) (29) (82) (14) (94) (74) (81) (84) (2 76) (33 41) (46 85) (58) (89) (99) (26) (13) (43) (90) (72 19) (36 100 97) (75 96) 
36 (2) (50) (51) (99 1) (93) (81 40) (32) (92) (10) (88) (72 62) (44) (13) (79) (9) (75) (52) (90) (16) (80 53) (56) (74 48) (60) (100 28) (57) 
37 (97 99) (9 33) (78) (5) (82) (65) (69) (29) (46) (24) (86) (68 40) (79 20) (48) (70) (49) (88) (45) (32 80) (89) (96) (59) (4 100) (93) (43) (27) 
38 (1 64) (10 33) (97) (95 65) (60 69 9) (5) (48) (35) (94) (36) (46) (24) (56 66) (59) (92) (54) (34) (44 7) (45) (79) (19) (2) (13) (80) 
39 (12) (8) (97) (1) (67 70) (91) (78) (99 62 23) (9) (59 22) (100) (53) (61) (35 5) (87 79) (38) (29) (73 77) (39) (64) 
40 (46) (2) (43) (71) (30) (91) (3) (35) (17) (64) (79 32) (24) (45) (4 23) (93) (65) (86) (87) (82) (12) (63) (36) (27) (89 90) (26) (7) (9) (99) (98 52) (66) 
41 (99 8) (12) (51 88) (13) (18) (95) (50) (71) (32) (36) (37) (7) (63 96) (30) (91) (45) (49) (25 97) (83) (61) (41) (40 66) (80 46) (62 29 79) (5) (76) (14) (43) 
42 (3) (88) (51) (15) (42) (41) (64) (22) (84) (73) (9) (72) (65) (96) (71) (68 80) (52) (87) (16) (69) (93) (75 98) (91) (39) (8) (90) (100) (86 62) 
43 (82) (86) (64 88) (28) (23) (39 34) (75) (1 70 98 5) (11) (49) (73) (29) (51) (93) (81) (63) (62) (66 42) (68) (22) (15) (6) (26) (53) (54) (3 94 100) (59) (13) (30) (96) (19) (20) 
44 (90 72) (70) (19) (2) (97) (5) (98) (15) (4) (40) (39) (44) (50) (21 95) (87 46) (67) (45) (73) (65) (17) (34 62) (38) (27) 
45 (23) (84) (36) (80) (64) (90 43) (55) (8) (61 33 94) (5) (85) (35) (77) (72) (42) (15) (86) (27) (18) (46) (37) (1) (92) (39) (65 2) (6) (81) 
46 (11) (10) (62 42 95) (85 100 22) (3) (69) (26) (47) (38) (53) (63) (74) (56 6) (18) (55 29) (92) (68 99) (12) (98) (77) (25) (80) (58) (16) (86) (32) 
47 (55) (87) (15) (75) (81) (37 68) (14) (29) (27) (61) (93) (39) (38) (60) (43 97 72) (62) (45) (4) (100) (49) (25) (76) (70) (94 21) 
48 (16) (67 54) (70) (85) (55 44) (80) (49) (38) (95) (94 65) (53) (64) (37) (32) (26) (91) (14) (22) (93) (36) (66) (4) (13) (24) 
49 (21) (95) (40) (29) (53 9) (77) (69) (88) (54) (39) (57) (19) (28) (87) (27) (37 41) (50 31) (43) (60) (44) (33) (80) (83) (38) (8) (89) (26) (17 84 51) 
50 (83) (64) (86 52) (78) (51 72) (20) (21 77) (58) (5) (45) (92) (17) (59) (15 43) (1) (85) (81) (33) (44 16 37) (42) (46) (75 50) (80 68 60) (27) 
51 (81) (49 76) (66) (80 99) (62) (35) (55 45) (11) (57) (2) (17) (67 37) (29) (5) (65 96) (36 7) (31) (19) (61) 
52 (10) (94) (88 30 60) (83) (15) (38) (91) (68) (46) (42 81 36) (52 32) (40) (4) (13) (31) (6 66 7) (20) (5) (61 51 22 17) (92) 
53 (85) (50 89) (43) (87) (93) (80) (64) (94) (65) (19) (23) (100) (86) (91) (39) (31) (45) (7) (15) (11 29 55) (97 81) (41) (2) (22 4) (59 76) (34) 
54 (88) (63) (48 92) (39 23) (33 34) (67) (19) (18) (68) (15) (70) (96 4) (97) (24 35 38) (83 90) (60) (72) (73) 
55 (100) (82) (36) (12) (42) (60 27) (26) (6) (71) (37) (50) (81) (39 25) (15) (61) (45) (54 86) (73) (68) (51) (49) (52) (56) (23) (62) 
56 (81) (32) (82 63) (50 90) (12) (52 68 93 39) (72) (27 42) (96 1) (44) (84) (30) (92) (61) (19) (38 49) (100) (54) (77) (33) (36) (3) (18) 
57 (49) (52 98) (51) (54) (94) (91) (38 5) (97) (87) (35) (57) (77) (95) (44) (61) (93) (85) (28 3) (65) (6) (29) (58) (56 84) (13) (81) (66) (36) 
58 (57) (12) (96) (13) (42 9) (22) (83) (21) (98) (73) (58) (99) (7) (10) (76) (48) (82) (23) (61) (43) (66) (24) (19) (3) (8) (40) (41 18) (44 95) 
59 (4) (94 68) (25 43 30) (69) (19) (54) (7) (6) (98) (74 59) (23) (13) (20) (92 37) 
60 (54) (27) (39) (34) (63) (3) (32) (55) (61) (4) (62) (56) (19 20) (16) (29) (87) (84) (67) (26 38 28) (10) (50 92) (93) (58) (49) (24) (89) (79) 
61 (58) (68 9) (75) (26) (31) (54 30) (25) (90 35 96) (13) (15 72) (29 73) (7) (19) (86) (76) (53) (27) (42 4) (3) (82) (34) (97) (8) (69 22) (28) (37 71) 
62 (18) (55 35) (56) (11) (36 29) (77) (66 60 68 62) (48) (67) (33) (49 82) (80) (5) (98) (42) (30) (78) (59) (89) 
63 (4) (57) (34) (8) (75) (25) (42) (14) (91) (27 31) (6) (23) (51) (88) (10) (36) (95 50) (16) (78) (38) (92) (66 49) (74) (58) (89) (54) (72) (13) (44) (67) (17) 
64 (76) (45 11) (5) (57) (53 20) (1 7) (70) (96) (60) (50) (73 99) (49) (86) (12) (61) (75) (25) (65 32) (100 58) (63) (52 2) (27) 
65 (79 42) (89) (92) (95) (51) (69) (38) (48) (80) (64 86) (33) (16) (77) (45 56) (72) (6) (96) (28 36) (70 57 24) (85) (99) (39) 
66 (28 60) (62) (31) (67 19 87) (25) (68) (70) (82) (27 41) (92) (88) (12) (58) (1) (53) (85) (29) (61) (45) (36) (46) (90 47) (5) 
67 (27) (31 38) (68) (57) (34 13 44) (79) (20) (17) (54) (92) (8) (64) (85) (47) (83 55) (10) (71) (42) (49) (84) (88) (33) (74) (40) (69) (99 77) (29) (30) (39) 
68 (69) (85 37) (43) (60 82) (10 70) (24 95) (16) (22 93) (46) (86 4) (14) (6) (36) (39 9) (27 13) (65 90) (54) (23 15) (28) (20) 
69 (1) (83) (78) (3) (57) (71) (95) (36) (19) (90 26) (74 73) (27) (67) (7) (39) (10) (62) (37 48) (65 47) (46) (12) (23) (22) (96 58) 
70 (63 100) (34) (46) (25 5) (32) (83) (29) (44) (23) (20) (6) (86 99) (18) (73 70) (60) (61 28) (36) (13) (21) (78) (74) (40) (10 11) (79) (19) (42) 
71 (67) (50 45) (31) (91 88) (84) (1) (17) (74) (89) (38) (26) (77) (95) (56) (13 19) (64 8) (11) (75) (97) (2) (90 14) (55 78) (68) (93) (30) (72 83) (80) (54) 
72 (72) (55) (96 65 1) (74) (50 47) (86) (60) (2 38 93) (83) (24 87 11) (42) (44) (61) (69) (8) (13) (80) (18) 
73 (63) (39) (90) (91) (61) (37) (20 14) (84) (19 88) (11) (27) (7) (8) (58) (76 33) (93) (54) (67) (100) (77) (38) (96) (10) (35) (60) (13) (59) (97) 
74 (67 74) (23) (44 100 56 11) (30) (21) (18) (82) (98) (60) (75 43) (50) (78) (97 66) (22 10) (48 28) (64) (34) (9) (88) (42) (29) (37) (16) (63) (36) (17) (55) (31) 
75 (61 73) (32) (70 36) (29) (34) (67) (12) (35) (93) (63 22) (10) (76) (17) (64) (82) (24) (100) (89) (98) (99) (94 72) (84) (49) (48) (83) (11 4) (79) (77) (40) 
76 (14) (66) (88) (37) (26 44) (80) (81) (69 13) (56) (77) (99) (70) (15) (65) (5) (51 46 27) (75) (20) (79 94) (53) (30 22) (3) (39 36) (40) (18) 
77 (55) (6 20 56) (11) (54) (73) (66) (21) (60) (32) (8) (80) (27) (9) (13 34) (99 95) (65 41 74) (92) (15) (83 68) (58 90) (39) (78) (93 17) (26) (5 47) 
78 (36) (89 97) (76) (15 28 12) (38) (59) (40 51) (2) (100) (49) (26) (55) (94) (46) (74) (13) (50) (33) (17 93) (20 96) (70) (57) (11 85) 
79 (23) (41) (11) (92 94 3) (78 40) (67) (91) (52) (35) (50) (62) (55) (46 70) (63) (42) (49) (24) (16) (48) (25) 
80 (31) (14) (75) (23) (91) (29) (86 27) (44) (64) (22) (65) (15) (28) (38) (54) (51) (93) (16 4 78) (9) (1) (95) (53) (7) (99) (39) (55) (62) (61) 
81 (79) (98) (43) (29) (94) (39) (31 96) (27) (4) (72) (67) (32) (18) (93) (17) (22) (5) (61) (83) (48) (46) (2) (78) (91) (70) (47 24) (30) 
82 (45) (63) (81) (1 41 85) (46) (17) (31 2 71 99) (57) (77) (20 73 13) (93) (18) (64) (98) (90 72) (56) (54) (12) (62) 
83 (95) (15 22) (12) (87) (17 20) (2) (86) (76) (45) (7) (5) (27) (70) (31 11) (9) (92 94) (44) (36) (52) (82) (63 42) (19) 
84 (43 37) (7) (92 53) (94) (50) (17 23) (67) (52) (39) (74) (95) (31) (42 62) (83) (73 9) (29 27) (78 45 91) (65 24) (20) (49) (77) (59) (60 28) (15) (84) (26) 
85 (81 85) (93) (45) (76) (78) (31) (24) (15 84) (75) (69) (95) (49) (14) (1) (30) (46) (63 96) (86) (9) (35) (65) (17 32) (3) (20) 
86 (28) (91) (80) (90) (92 10) (98) (64) (27) (3) (72 99) (77) (44) (85) (78) (53 69) (95) (50) (68) (57 71 70) (23) (82) (8) (29) (11 48) (32) 
87 (99) (65 41) (88) (89) (50) (23) (29) (78) (69) (20 66) (90) (56 1) (31 80 32) (62) (40) (73 25) (86) (18) (4) (48) (19) (51) (77) (52 74) (28) (87 16) (45) (55 84) 
88 (44) (57 20) (51) (96 29) (35 62 34) (38 89) (98) (100) (30 77 1) (7) (25) (72) (79 40) (81) (26) 
89 (44) (67) (4 100) (54) (1) (57) (20 55) (90) (86) (8) (43) (70) (81) (30) (17) (77) (72) (21 45 37 6) (68) (38) (16) (80) (91) (5) (71) (12 13) 
90 (91) (14) (27) (82) (79) (18) (26 48) (88 24) (20 87) (51) (19) (83) (89) (75) (25) (90) (73) (93) (71) (97) (23) (4) (22) (94) (92) (5) (52) 
91 (43) (51 49) (100) (74) (10) (5) (77) (62) (71) (28 97) (3) (13) (58 45 95) (54) (88) (6 38) (68) (32) (33) (50) (85) (91) (94) (46) (89 7) (42) 
92 (13) (38) (63) (6 93 80 2) (86) (72) (75) (39 99) (44) (18) (22) (43) (60) (71 73) (33) (49 3) (45) (41) (56) (52) (21) (89) (47) (76) (31) (50) (35) (24) (28) 
93 (58) (75) (45) (27 64) (68) (61) (62) (77) (60) (100) (35 90) (11) (65) (21) (74) (56) (99) (9 20) (25) (52) (67) 
94 (72) (93) (22) (26) (57) (67) (46) (53 27) (12) (71) (55) (52) (18 79 51) (11) (17) (75) (32) (87) (3) (2 29) (94) (54) (80) (49 45) (66 13) (48) 
95 (20) (3) (52) (81) (73) (40 16) (2) (60 83) (23) (66) (34) (95 53) (42) (45) (29 65) (51) (56) (55) (18 37) (7 97) (35 1 64 47) (69) (61) (46 71) 
96 (83) (63) (61) (56) (69 72) (35) (90) (19 49) (78 58 12) (50) (3) (82 70) (73) (29) (16) (7) (53) (74 43 25) (20) (99) (37 39) (17) (51) (81 18) (28) (1 85) (55) (4) (27) (15) 
97 (93) (14) (11) (36) (44) (68) (20) (43) (15) (66) (99) (45) (94) (10) (81) (30) (52 39) (78) (28) (42) (13 25) (83) (72) (46) (84) (41) (63) (6) (40) (97) (75) (49) 
98 (9) (20) (74 72) (38) (65) (31) (39 23) (37) (14) (62 63) (3) (85 73) (96) (51 4) (67) (77) (27) (100) (66) (46 2) (84) (70) 
99 (22) (4) (79) (65) (47) (25) (50) (34 52 32) (70) (73) (98) (36) (21 57 43) (8) (38 15) (11 39) (18) (49) (71 93) (41) (30) (27) (89) (51) (81) (28) 
100 (28) (92) (34) (18 56) (97) (25) (87) (49 55) (17) (64) (58) (29) (85 3) (65) (81 67) (33 47) (77 32) (51) (76) (70) (83 42 53 74) 
1 (50) (43) (22) (96) (45) (36) (33) (82) (39) (21) (72) (89) (6) (12) (80) (23) (38) (64) (56) (69) (85) (66) (87) (32) (88) (71) (95) (31) 
2 (38) (92) (64) (72) (27) (81) (82) (71) (1) (44) (35) (40) (18) (10) (53) (12) (33) (98) (5) (51) (83) (78) (32) (95) (20) (36) (94) (45) (29) 
3 (85) (12) (61) (69) (21) (86) (46) (76) (25) (100) (60) (29) (42) (56) (33) (58) (2) (43) (94) (40) (32) (30) (7) (92) (57) (96) (95) (79) (22) (98 31 91) 
4 (99) (68) (48) (19) (60) (61) (47) (81) (44) (59) (31) (16) (6) (80) (75) (52) (8) (90) (89) (40) (87) (53) (29) (37) (13) (63) (96) (1) (54) (98) (34) (11 20) 
5 (35) (20) (50) (52) (51) (13) (18) (43) (45) (44) (37) (41) (38) (39) (12) (62) (64) (34) (76) (26) (81) (8) (77) (89) (66) (23) (1) (57) (91) (70) (90) (83 17) 
6 (68) (55) (28) (92) (46) (8) (97) (2) (10) (59) (31) (91) (25) (70) (43) (63) (52) (77) (7) (65) (24) (45) (57) (89) 
7 (34) (61) (64) (3) (6) (91) (52) (21) (30) (69) (51) (96) (32) (53) (58) (83) (27) (84) (26) (95) (73) (40) (31) (80) (13) (41) (38) (88) (59) 
8 (49) (72) (61) (58) (73) (9) (23) (21) (67) (11) (13) (99) (27) (7) (41) (89) (63) (4) (45) (28) (77) (39) (71) (6) (86) (42) 
9 (9) (93) (22) (37) (2) (77) (98) (23) (58) (16) (20) (42) (61) (3) (49) (85) (83) (40) (74) (13) (36) (32) (38) (84) (80) (68) (4) (39) (11) 
10 (6) (73) (18) (24) (70) (38) (69) (68) (21) (30) (75) (97) (60) (67) (74) (58) (52) (86) (63) (46) (91) (36) 
11 (3) (62) (19) (93) (29) (74) (73) (77) (86) (99) (46) (70) (78) (64) (97) (79) (51) (94) (72) (83) (71) (25) (5) (20) (53) (43) (4) (7) (22) (17) (1) (75) (33) 
12 (46) (78) (8) (15) (66) (83) (10) (82) (17) (69) (41) (89) (64) (33) (56) (40) (6) (1) (39) (58) (75) (19) (11) (5) (96) (94) (55) (32) (2) 
13 (48) (82) (70) (94) (59) (36) (38) (43) (78) (89) (57) (97) (68) (92) (63) (24) (67) (14) (71) (77) (76) (17) (61) (72) (32) (35) (58) (23) (25) (73) (52) (41) (4) (91) 
14 (15) (41) (63) (76) (31) (80) (98) (71) (24) (68) (18) (97) (12) (30) (21) (47) (19) (16) (90) (85) (73) (48) (23) (35) (11) 
15 (54) (43) (11) (83) (76) (68) (61) (96) (47) (50) (24) (77) (19) (55) (45) (4) (8) (23) (80) (1) (97) (85) (52) (16) (84) (78) (10) (42) (53) (44) (99) 
16 (50) (36) (95) (80) (68) (96) (2) (33) (60) (79) (74) (21) (10) (42) (65) (26) (48) (14) (46) (89) (63) (87) 
17 (67) (78) (51) (20) (96) (23) (40) (13) (71) (84) (24) (49) (18) (52) (28) (16) (34) (85) (83) (81) (94) (74) (22) (100) (63) (75) (10) (82) (26) (89) (44) (14) (77) (50) 
18 (17) (7) (90) (94) (96) (54) (72) (74) (100) (12) (27) (82) (23) (46) (87) (58) (45) (76) (24) (56) (95) (81) (99) (92) (4) (41) (70) (62) 
19 (56) (33) (60) (11) (66) (71) (15) (26) (69) (90) (83) (17) (70) (43) (54) (58) (59) (34) (23) (30) (38) (4) (61) (87) (28) (53) (35) (51) (12) (44) (96) (49) (22) (73) 
20 (5) (67) (59) (64) (84) (78) (70) (83) (76) (82) (93) (77) (95) (88) (97) (35) (10) (24) (87) (89) (37) (73) (90) (13) (52) (98) (96) (43) (68) (50) (32) (16) (85) (21) (60) 
21 (16) (99) (31) (18) (93) (92) (7) (89) (74) (70) (50) (20) (58) (49) (24) (77) (4) (44) (47) 
22 (7) (39) (22) (58) (83) (69) (46) (52) (42) (21) (34) (74) (99) (94) (23) (92) (68) (80) (61) (48) (32) (53) (43) (75) (81) (8) (5) (18) (90) (6) (76) 
23 (18) (28) (53) (32) (30) (24) (98) (15) (63) (54) (25) (21) (68) (69) (19) (3) (84) (70) (87) (80) (45) (74) (95) (22) (39) (17) (86) (55) (59) (58) (43) (79) (27) (90) (40) 
24 (13) (3) (1) (29) (79) (60) (30) (84) (81) (11) (85) (65) (75) (26) (40) (92) (72) (33) (68) (54) (23) (38) (37) (90) (58) (18) (10) (9) (28) (48) 
25 (8) (46) (61) (96) (100) (97) (17) (64) (55) (4) (47) (26) (35) (90) (20) (63) (41) (93) (87) (3) (28) (88) (99) (70) (59) (66) (79) 
26 (61) (84) (78) (31) (55) (29) (77) (23) (4) (69) (22) (88) (43) (71) (60) (16) (17) (76) (40) (46) (35) (48) (49) (94) (90) 
27 (77) (50) (90) (81) (8) (93) (96) (23) (55) (20) (84) (76) (61) (86) (31) (98) (94) (73) (56) (63) (19) (67) (80) (16) (64) (7) (60) (49) (26) (69) (99) (25) (68) (47) (83) (44) (45) (12) (37) (40) (35) (66) 
28 (26) (68) (80) (65) (70) (66) (11) (25) (43) (92) (99) (87) (78) (12) (86) (61) (60) (49) (20) (24) (57) (30) (96) (84) (100) (36) (97) (91) (27) (74) 
29 (29) (74) (51) (66) (15) (96) (75) (11) (26) (17) (53) (47) (35) (57) (41) (86) (37) (100) (70) (81) (84) (61) (46) (62) (60) (49) (80) (95) (94) (67) (39) (87) (88) (43) 
30 (88) (59) (97) (2) (76) (85) (9) (71) (27) (41) (23) (89) (67) (62) (56) (24) (14) (13) (17) (61) (43) (40) (99) (81) (74) (52) 
31 (80) (63) (84) (51) (81) (13) (11) (49) (66) (92) (6) (22) (53) (74) (82) (85) (7) (17) (98) (19) (71) (26) (8) (83) (23) (52) (33) (87) (31) (61) (67) 
32 (18) (64) (87) (11) (41) (2) (30) (91) (81) (6) (28) (27) (32) (37) (75) (56) (70) (9) (100) (99) (33) (77) (85) (60) (36) (48) (86) (10) (52) (94) (25) (40) (46) 
33 (78) (67) (65) (35) (21) (92) (16) (8) (24) (34) (9) (56) (73) (49) (15) (45) (37) (31) (12) (11) (38) (100) (62) (91) (50) (54) 
34 (38) (95) (13) (74) (61) (99) (54) (17) (31) (12) (63) (43) (75) (18) (88) (77) (53) (24) (44) (100) (32) (26) (67) (70) (60) 
35 (32) (16) (93) (45) (62) (57) (88) (12) (38) (33) (54) (23) (39) (95) (85) (9) (51) (40) (75) (20) (96) (25) (92) (2) (61) (73) (79) 
36 (56) (68) (69) (75) (40) (74) (3) (16) (48) (35) (4) (76) (63) (38) (62) (57) (83) (66) (28) (41) (78) (15) (97) (52) (45) (33) (65) (99) (70) (55) (9) (51) 
37 (49) (68) (76) (29) (95) (55) (4) (12) (61) (96) (17) (19) (98) (41) (74) (51) (32) (84) (69) (50) (48) (89) (73) (5) (47) (7) (18) (45) (59) (11) 
38 (98) (17) (72) (60) (39) (6) (54) (67) (71) (56) (91) (65) (20) (57) (29) (23) (46) (78) (49) (92) (16) (44) (30) (48) (47) (73) (1) (32) (19) (2) (89) (52) (88) (34) (21) (63) (99) (5) (80) 
39 (55) (3) (69) (47) (77) (99) (80) (39) (32) (53) (44) (56) (68) (42) (54) (67) (92) (60) (43) (73) (81) (21) (18) (84) (27) (96) (98) (97) (29) (49) (11) (24) (6) (65) (45) (76) 
40 (33) (2) (36) (88) (78) (9) (10) (44) (67) (41) (75) (70) (31) (20) (52) (95) (23) (18) (76) (37) (34) (97) (1) (49) (87) (28) (58) (27) (79) 
41 (92) (13) (99) (12) (27) (35) (33) (14) (11) (66) (24) (19) (1) (49) (53) (23) (79) (41) (97) (8) (58) (77) (82) (42) (87) 
42 (83) (45) (97) (42) (58) (10) (56) (30) (9) (100) (79) (61) (70) (27) (16) (52) (2) (15) (5) (91) (74) (63) (8) (11) (43) (65) (55) (26) (50) (35) (84) (46) (95) (72) (62) (67) 
43 (99) (97) (68) (59) (19) (89) (74) (53) (84) (45) (41) (91) (29) (21) (7) (40) (96) (18) (47) (37) (35) (58) (12) (6) (33) (49) (81) (92) (28) (50) (10) 
44 (16) (44) (36) (63) (86) (13) (31) (38) (27) (26) (32) (57) (5) (97) (14) (23) (48) (2) (30) (88) (83) (58) (24) (67) (92) (70) (9) (34) (80) (50) (74) (8) (72) (21) (76) (12) (56) (49) (1) (89) 
45 (40) (53) (24) (93) (38) (64) (2) (37) (44) (30) (6) (94) (92) (83) (87) (97) (51) (82) (91) (85) (28) (50) (71) (4) (26) (29) (65) (84) (89) (33) (9) (47) (18) (41) (95) (20) (11) (66) (55) 
46 (97) (40) (38) (37) (69) (81) (76) (28) (35) (26) (10) (52) (33) (45) (95) (91) (13) (41) (22) (70) (44) (98) (68) (79) (94) (50) (66) (19) (31) (82) (78) (85) 
47 (95) (81) (6) (12) (69) (23) (15) (72) (92) (22) (33) (67) (1) (5) (7) (77) (17) (46) (66) (100) (9) (99) 
48 (34) (74) (54) (28) (32) (86) (11) (29) (75) (62) (79) (37) (87) (36) (65) (1) (69) (19) (21) (17) (94) (38) (58) (81) (22) (90) (18) 
49 (43) (48) (63) (23) (64) (34) (37) (75) (100) (84) (94) (67) (30) (57) (91) (51) (78) (9) (97) (41) (92) (1) (85) (62) (26) (60) (55) (56) (47) (79) (99) (96) (5) (8) 
50 (84) (4) (78) (50) (15) (26) (72) (99) (92) (41) (87) (21) (60) (63) (74) (12) (31) (64) (53) (56) (91) (17) (79) (71) (86) (25) (49) (44) (33) (1) (36) (55) (10) (96) (6) 
51 (63) (27) (100) (36) (42) (21) (90) (52) (43) (94) (88) (14) (49) (50) (13) (87) (28) (76) (26) (31) (15) (78) (98) (96) (80) (57) (91) (32) (95) (65) (5) (55) (41) (7) (99) (29) 
52 (64) (36) (79) (33) (83) (7) (21) (40) (99) (84) (11) (1) (55) (50) (95) (56) (57) (17) (87) (97) (42) (90) (92) (52) (94) (93) (18) (12) 
53 (66) (48) (17) (94) (80) (36) (84) (27) (96) (39) (5) (16) (34) (86) (100) (46) (43) (95) (76) (29) (24) (61) (3) (30) (49) (64) 
54 (34) (22) (10) (67) (60) (94) (17) (7) (57) (80) (61) (48) (43) (56) (91) (63) (29) (15) (2) (49) (89) (20) (4) (38) (68) (71) (77) (16) (82) (59) (73) (55) 
55 (100) (71) (95) (77) (78) (80) (45) (20) (29) (67) (31) (48) (4) (72) (94) (96) (62) (51) (46) (34) (87) (89) (79) (74) (60) (22) (47) (53) 
56 (82) (76) (6) (74) (96) (46) (38) (87) (71) (24) (30) (65) (19) (15) (62) (100) (36) (28) (92) (55) (57) (95) (77) (31) (13) (4) (93) (29) (2) (60) (32) (23) 
57 (18) (36) (25) (64) (88) (33) (57) (23) (27) (3) (13) (14) (82) (65) (11) (58) (49) (94) (67) (51) (34) (9) (5) (69) (78) (8) (63) (86) (89) (99) 
58 (60) (69) (12) (25) (91) (19) (5) (61) (35) (22) (50) (57) (8) (96) (28) (64) (29) (33) (46) (31) (73) (93) (100) (66) (58) (32) (17) (77) (63) 
59 (13) (24) (73) (53) (21) (43) (50) (20) (18) (62) (7) (84) (37) (39) (27) (31) (33) (78) (59) (9) (17) (38) 
60 (26) (55) (73) (5) (50) (4) (62) (70) (72) (49) (19) (2) (77) (38) (36) (66) (68) (23) (74) (95) (27) (84) (54) (13) (31) (64) (7) (92) (52) (47) (93) (18) (24) (32) 
61 (81) (21) (33) (75) (52) (95) (60) (18) (58) (47) (16) (64) (80) (56) (57) (96) (5) (73) (34) (70) (9) (8) (10) (66) (26) (51) (41) (28) (30) (72) (55) (45) (32) (39) (93) 
62 (1) (80) (8) (29) (31) (82) (84) (91) (43) (42) (51) (98) (46) (26) (93) (62) (7) (55) (69) (60) (39) (87) (44) (32) (66) (36) (41) (79) (47) (88) 
63 (79) (74) (4) (27) (6) (96) (73) (54) (83) (97) (31) (56) (41) (20) (18) (16) (32) (40) (64) (82) (22) (23) (34) (46) (75) (92) (43) (85) (1) (10) (98) (60) (70) 
64 (40) (39) (65) (71) (75) (45) (9) (43) (82) (1) (93) (19) (50) (86) (67) (21) (42) (38) (53) (34) (95) (100) (74) (80) (18) (28) (24) (48) 
65 (6) (16) (85) (72) (27) (53) (19) (57) (13) (99) (45) (20) (87) (51) (38) (100) (77) (42) (98) (80) (68) (64) (95) (44) (18) (48) (93) (40) (76) (84) (69) (37) 
66 (30) (76) (52) (97) (43) (40) (38) (58) (98) (48) (14) (63) (62) (41) (74) (2) (94) (95) (51) (32) (57) (3) (11) (87) (34) (10) (77) 
67 (39) (69) (98) (94) (66) (93) (32) (5) (89) (73) (6) (63) (79) (18) (100) (11) (9) (81) (27) (84) (34) (51) (62) (31) (74) (75) (54) (48) (44) (71) (60) 
68 (77) (26) (71) (56) (93) (4) (66) (52) (23) (91) (42) (18) (54) (50) (67) (43) (1) (27) (3) (31) (47) (86) (89) (37) (59) (9) (55) (19) (97) (61) (46) (62) 
69 (1) (10) (76) (30) (86) (72) (95) (38) (67) (85) (21) (46) (42) (49) (61) (6) (87) (17) (65) (14) (18) (96) (32) (22) (37) (68) (59) (11) 
70 (78) (29) (86) (68) (79) (44) (66) (75) (39) (83) (54) (96) (9) (28) (64) (81) (70) (43) (47) (34) (48) (99) (98) (37) (100) (65) (3) (76) (89) 
71 (86) (16) (41) (95) (2) (5) (92) (99) (23) (21) (55) (82) (8) (69) (91) (89) (3) (12) (61) (90) (40) (94) (20) (67) (17) (42) 
72 (65) (96) (61) (86) (98) (54) (92) (97) (32) (44) (36) (12) (35) (50) (23) (88) (81) (7) (72) (4) (42) (94) (63) (31) (20) (56) (75) (47) (45) (89) (82) (71) 
73 (39) (84) (13) (28) (96) (5) (90) (64) (61) (42) (16) (20) (82) (54) (24) (77) (92) (44) (58) (99) (31) (55) (69) (11) (70) (87) (95) (75) (98) (27) (43) (33) (3) (29) (30) (26) 
74 (98) (72) (100) (46) (59) (31) (63) (71) (69) (36) (93) (23) (70) (78) (33) (67) (84) (12) (91) (19) (35) (74) (87) (27) (96) (2) (17) (28) (10) (77) (24) 
75 (50) (9) (93) (19) (97) (63) (43) (64) (94) (90) (76) (61) (35) (13) (74) (71) (80) (47) (92) (85) (42) (36) (28) 
76 (13) (100) (75) (51) (21) (61) (35) (78) (30) (24) (64) (83) (28) (15) (58) (12) (53) (14) (29) (85) (26) (47) (17) (41) (73) (92) 
77 (50) (17) (76) (39) (86) (82) (57) (30) (28) (73) (13) (84) (3) (87) (89) (31) (65) (56) (71) (75) (93) (14) (34) (25) (46) (49) (100) (88) (45) (98) (67) (62) (91) (27) (22) (10) 
78 (80) (85) (84) (79) (77) (33) (8) (70) (9) (81) (17) (97) (62) (86) (37) (20) (63) (14) (74) (50) (32) (87) (69) (71) (3) (23) (39) (96) 
79 (14) (1) (99) (11) (39) (41) (81) (40) (8) (21) (65) (75) (36) (60) (23) (16) (67) (88) (37) (90) (70) (38) (22) (76) (33) (94) (6) 
80 (77) (65) (87) (38) (71) (42) (14) (48) (86) (94) (49) (23) (13) (22) (89) (51) (72) (37) (20) (76) (50) (6) (3) (12) (34) (92) (53) (62) (41) (36) (45) (46) 
81 (35) (97) (47) (57) (99) (52) (12) (100) (96) (45) (50) (89) (4) (85) (53) (21) (43) (76) (8) (36) (6) (51) (88) (95) (27) (55) (56) (82) 
82 (86) (74) (68) (37) (1) (35) (40) (32) (55) (5) (83) (61) (66) (10) (43) (56) (75) (26) (58) (7) (96) (90) (62) 
83 (50) (33) (49) (12) (77) (23) (3) (90) (52) (15) (71) (70) (75) (84) (96) (67) (72) (34) (7) (54) (100) (41) (95) (5) (58) (11) (81) (26) (28) (69) (97) (9) (18) 
84 (85) (29) (60) (17) (98) (42) (57) (97) (73) (32) (84) (28) (16) (7) (56) (87) (9) (35) (49) (6) (15) (75) (45) (67) (71) 
85 (82) (35) (53) (45) (86) (29) (23) (85) (1) (27) (57) (13) (50) (100) (66) (18) (11) (31) (30) (91) (9) (98) (14) (2) (65) (96) (48) (78) (68) (46) (67) (15) 
86 (68) (72) (42) (43) (25) (9) (37) (87) (80) (53) (22) (85) (50) (40) (24) (70) (92) (89) (45) (64) (83) (12) (61) (23) (55) (65) (46) 
87 (17) (16) (4) (14) (1) (83) (6) (53) (87) (8) (90) (40) (94) (47) (42) (24) (9) (21) (44) (57) (12) (72) (39) (29) (60) (66) (100) (49) 
88 (4) (3) (73) (42) (52) (63) (87) (43) (36) (2) (74) (71) (90) (23) (67) (6) (41) (37) (66) (54) (91) (49) (29) (76) 
89 (40) (35) (19) (65) (62) (2) (49) (60) (18) (91) (99) (63) (27) (75) (88) (17) (13) (90) (87) (37) (53) (21) (3) (78) (92) (23) (31) (16) (71) 
90 (10) (16) (31) (66) (24) (61) (23) (89) (42) (86) (73) (90) (71) (35) (68) (6) (56) (44) (96) (54) (82) (93) (20) (14) (12) (36) (11) (87) (26) (77) (69) (40) (45) (13) (28) 
91 (27) (90) (5) (52) (40) (79) (86) (73) (48) (71) (14) (21) (3) (19) (41) (34) (10) (20) (39) (81) (63) (53) (80) (84) (57) (91) (18) (42) (89) 
92 (31) (60) (12) (34) (30) (21) (36) (29) (56) (86) (38) (90) (65) (79) (54) (5) (84) (52) (45) (46) (83) (59) (14) (50) (77) (35) (63) (67) (100) (66) (8) 
93 (75) (14) (77) (56) (94) (48) (97) (19) (36) (22) (92) (78) (37) (81) (20) (60) (8) (72) (28) (10) (57) (40) (53) (42) (68) (34) (24) (82) (73) (47) (43) (3) (80) (6) (99) (30) (85) (71) (32) (90) (26) 
94 (38) (53) (57) (26) (75) (19) (3) (97) (90) (34) (21) (59) (78) (45) (94) (47) (35) (48) (76) (84) (33) (83) (79) (43) (91) (52) (81) 
95 (31) (95) (57) (69) (63) (12) (48) (71) (11) (44) (41) (77) (68) (46) (65) (84) (38) (49) (85) (86) (14) (83) (9) (80) (27) (58) (33) (32) (24) (91) (29) (7) 
96 (9) (51) (58) (73) (54) (42) (29) (85) (43) (10) (64) (61) (98) (78) (21) (33) (4) (88) (37) (69) (41) (56) (12) (81) (65) (19) (35) (72) 
97 (47) (31) (2) (100) (57) (74) (33) (97) (27) (38) (71) (78) (35) (10) (39) (53) (95) (73) (41) (90) (54) (4) (91) (37) (44) (30) (13) (61) 
98 (26) (33) (8) (86) (46) (42) (57) (99) (25) (17) (2) (81) (30) (1) (88) (6) (40) (28) (10) (75) (43) (62) (82) (29) (58) (59) (74) (24) (44) 
99 (64) (70) (35) (40) (37) (77) (82) (65) (67) (76) (36) (21) (80) (87) (97) (12) (5) (39) (96) (41) (86) (29) (34) (26) (1) (93) (2) (15) (92) (46) (51) (25) (58) (75) (18) 
100 (35) (42) (88) (78) (70) (73) (75) (18) (21) (30) (27) (93) (89) (39) (20) (12) (53) (55) (3) (56) (37) (43) (98) (29) (36) (74) (91) (46) (64) (19) (47) (26) 
