0
100
100
1 (24) (57 99) (6) (23) (43) (14) (56) (37) (81) (9) (5) (36) (79) (85) (47) (98 22) (87) (3) (25) (44) (80) (48) (70) (69) (95) (83 62) (39) (33) (1) (89) (11) (66) (26) (49) (72) (53) (64) (74) (7 19) (12) (34) (46) (20) (28) (29) (76) (30) (54) (88) (60) (68) (4) (65) (35) (31) (61) (55 58) (78) (18) (16) (27) 
2 (61) (100) (16) (46) (70) (35) (59) (37 40 69) (5) (9) (97) (3) (79) (8 45) (65) (13) (56) (22) (57) (66) (88 24) (42) (77) (93) (4) (20) (15) (43) (63) (99) (84) (32) (68) (78) (51) (92 52) (30) (89) (75) (76) (96) (23) (62) (95) (19) (47) (21) (55) (80) (86) (72) (90) (91) (10 31 36) (49) (54 50) (26) (29) (94) 
3 (15) (98) (56) (96) (67) (88) (83) (94) (6) (38 21) (57) (62) (70) (71) (79) (93) (61) (86) (3) (31) (92) (81) (28) (25) (55 80) (39) (48 18) (95) (13) (26) (63 11) (24) (42) (60) (5) (47) (40 89) (76 69) (72) (100) (41) (82) (74) (87) (68) (90) (59) (46) (9) (54) (52) (27) (8) (14) (65 30) (97) (44 16) (66) (32) (22) (99) (17) (85) (1) (91) 
4 (50 84) (16) (68) (18) (3) (7) (15) (22) (75) (97) (13) (69) (19) (23) (88 40) (51) (20) (72 66) (29) (59) (27 85) (48) (14) (25 47) (8) (78) (2) (93) (42) (79) (67) (74) (94) (54) (46 11) (10) (49) (73) (57) (92) (37 35 82) (71) (96) (89) (99) (65) (91) (17) (55) (63) (28) (61) (38) (80) (86) (83) (41) (5) 
5 (98) (68) (6) (45) (57) (86) (71) (33) (50) (93) (17) (85) (8 54) (10) (49) (21) (44) (40) (2) (84) (69) (63) (30) (66) (12) (77) (41) (27) (52) (22) (56) (90) (5) (36) (83) (7) (55) (48) (92) (91) (43) (60 82) (72) (13) (88) (16) (3) (76) (11) (35) (61) (42) (78) (58 46) (32) (39) (14) (31) (37) (28 79) (64 25) (96) (97) (70) (24) (1) 
6 (25) (90) (87) (39) (71) (67) (5 57) (74) (86) (45) (35) (43) (37) (36) (41) (96) (88) (13) (27) (53) (1) (18) (12) (66) (92) (20) (65) (26) (70) (58) (4) (75) (31) (68) (42) (47 28) (17) (15) (73) (63) (48) (8) (76) (52) (77) (99) (9 85) (7 32) (16) (50) (95) (79) (40) (59) (55) (38) (23) (64) (54) (24) (83) (21) (82) (91) (69) (30) (81) (94) (51) (97) (49) 
7 (77) (64) (96) (51) (63) (10) (42) (35) (67) (47) (21) (5) (30) (28) (85) (9 4) (33) (43) (98 56) (45) (79) (7) (94 11) (36) (2) (88) (49) (50) (1) (60) (31) (75) (39) (48) (83 29) (54) (8) (90) (38) (23) (93) (70) (40) (15 73) (99) (52) (26) (87) (32) (25) (97) (86) 
8 (10 69 56) (42) (89) (91) (75) (35) (96) (32) (57) (73) (36) (17) (67 99) (2) (78) (39 25) (46) (1) (22) (58 66) (68) (54) (50) (5) (98 44) (13) (4) (16) (43) (40) (29) (18) (23 6) (27) (60) (51) (87) (95) (8) (88 62) (53) (86) (15) (41) (45) (7) (38) (9) (55) (24 71) (59) (33) (79) (49 61) (77) (76) (94) (64) (12) (3) (65 93) 
9 (81) (51) (74 11) (80) (3) (97) (72) (53) (73) (36) (100) (32) (79) (69) (76) (56) (66) (60) (82) (9) (16) (55) (99 27) (43) (14) (92) (17) (6) (47) (71) (65) (91) (85) (20) (25) (35) (75) (52 12) (58) (18) (39) (84) (83) (48) (46 87) (70) (24) (93) (29) (90) (50) (59) (41) (2) (61) (78) (10) (44) (45) (77 86) (33) (95) (4) (1) (40) (63) (8) (64) (26) 
10 (75) (62) (27) (34 92) (37 6) (93) (26) (94) (41) (65) (74) (13 24) (9) (63 78) (35) (69) (81) (30) (10) (96) (33) (98) (39) (68) (32) (3) (83) (7) (1) (19) (67) (18 61) (28) (21) (90) (15) (59 40) (52) (64) (58) (29) (5) (17) (38) (87) (22) (20) (89 57 60) (80) (91) (48) (85) (31 23) (49) (71) (76) (100) (42) (86) (47) 
11 (27) (85) (45) (29) (41) (78) (26) (7) (66) (36) (8) (23) (12) (42) (17) (91) (75 4) (51) (92) (13 60) (76) (70) (6 35) (79) (11) (67) (80) (84) (44) (63) (1) (96) (48) (57) (53) (97) (68) (40) (61) (31) (100) (55) (99) (32 3) (56) (18) (9) (25) (87) (49 19) (59) (95) (2) (94 52) (28) (38 34) (82) (74) (72) (77) (39) 
12 (8) (2) (10) (25) (38) (96) (74 60) (83) (55) (52) (32) (95) (57) (13) (27) (31) (18) (30 54) (20) (41) (34) (45) (26) (3) (79) (17) (62) (7) (48) (98 93) (22 36) (59) (39) (92) (68) (9) (88) (66) (75) (33 80) (14) (35) (51) (64) (12) (84) (87) (97) (71) (86) (91 37) (47) (46) (72) (94) (63) (19) (58 56) (40) (90 49) (89) (21) (28) 
13 (93) (72) (21) (78) (48) (66) (44) (75) (30 97) (18) (23) (64) (63 34) (94) (59) (36) (1) (19) (3) (49) (6) (8 5) (17) (81) (43) (62) (33) (41) (50) (27) (40) (89) (73) (46) (31) (95 52) (56 79) (22) (80) (55) (38) (12) (92) (2) (39) (65) (54) (29) (57) (99 7) (53) (51) (13) (83) (77) (14) (35) (96) (60 98) 
14 (96 37) (88) (15) (46) (84) (93) (52) (30 83) (29) (57 82) (73) (22) (58 13) (1) (34) (50) (16) (48) (45) (24) (42) (71) (19 36) (14) (20) (41 94) (32) (56) (27) (44 40) (28) (69) (86) (8) (12) (54 25 31) (79 61) (99) (67) (65) (4) (2) (7) (51 38) (11 97) (23) (76) (47) (21) (9) (5) (95) (66) (55) (64) (92 90) (3) 
15 (58) (3 64) (55) (11) (30) (76 94) (60 20) (69 7) (13) (10) (97 77) (44 31) (8) (73) (41) (95) (83) (71 39) (92) (89) (82) (22 35) (72 98 93) (99) (80) (63) (68) (51) (100) (48) (86) (2) (47) (43) (15) (36) (17 52) (50) (79) (61) (87) (5) (12) (90 27) (78) (91) (81) (28) (65) (45) (75 19 14) (70) (62) (25) (66) 
16 (28) (41) (96) (80) (72) (37) (65) (15) (49) (20) (2) (18) (95) (3) (16 22) (91) (57) (54) (46) (78) (94) (74) (50) (14) (63) (64) (77) (67) (11) (52) (17) (81) (43) (38) (48) (70) (89) (19) (66) (55) (32 26) (9 42) (35) (40) (79) (92) (93) (7) (88) (33) (100) (27) (71 90) (73) (1 5) (97) (6) (21) (31 58) (84) (25) (53) (8) (87) (60) (99) 
17 (23) (37) (41) (76 75) (18) (62) (43) (12) (96) (52) (21) (26) (70) (2) (77) (19) (14) (79) (36) (54) (51) (85) (60) (53) (95) (87) (72) (8) (1) (94) (38) (42) (3) (92) (58) (89) (48) (4) (90) (56 86) (34) (13) (82) (32) (5) (29) (98) (16) (65) (6 45) (97) (30) (61) (39) (28) (55) (68) (9) (83 50) (15) (71) (17) (74) 
18 (66) (76) (7) (41) (1) (100) (29) (44) (97) (39) (28) (16) (85) (34) (98) (63) (91) (65) (21) (32) (15) (77) (52) (9) (64) (38) (18) (27) (11) (31) (33) (93) (10) (96) (58 54) (73) (45) (43) (90) (75) (42) (53) (57) (68) (88) (55) (47) (78) (6) (8) (49) (83) (26) (72) (25) (79) (48) (30) (62) (12) (82) (35) (24) (51) (37) 
19 (58) (34) (80) (76) (26) (45) (37) (85) (5) (32 59 54) (67) (2) (82) (83) (24) (62) (96) (6) (57) (95) (60) (52) (98) (25) (97) (8) (7) (55) (84) (9) (100) (99) (65) (89) (71) (21) (70) (51) (18) (36) (40) (29) (75) (1) (88) (14) (27) (23) (81) (92) (78) (91) (39) (50) (68) (35) (63) (13) (42) (56) (41) (17) 
20 (9) (30) (28) (46) (16) (67) (27) (53) (40) (82 65 89) (12) (88) (49) (66) (81 52) (10) (70) (31) (98) (19) (3) (62) (13 32) (77) (4) (20 7) (35) (99) (61) (42) (68) (50) (90 21) (15) (36) (56) (43 45 76 93) (71) (44) (24) (84) (33) (39) (85) (17) (64) (87) (34) (69) (22) (63) (18) (2) (95) (97 54) (6) (59) (83) (38) (25) (29) 
21 (15) (36) (83) (29 61) (27) (99) (95) (56) (66) (7) (13) (84) (1) (90) (81) (98) (68) (41) (4 37) (63) (8) (3) (25) (43) (80) (96) (75) (16) (33) (86) (10) (47) (42) (9) (26) (89 72) (40) (58 6) (38) (22) (11) (54 82) (14) (100) (87) (62) (65) (60 46) (97) (70) (88) (34) (39) (24) (76) (52) (28) (23) (45) (74) (85) (17) 
22 (16) (28) (30) (65) (38) (67) (77) (60 91) (68) (3) (87) (55) (32) (70) (23) (57) (22) (31) (74) (54) (63 36) (44) (47) (100) (15 84) (13) (72) (62) (4) (99) (19 90) (49) (51) (97) (5) (85) (80) (45) (98) (61 52) (37) (79) (39) (59 9) (26 10) (20) (64) (24) (56) (95) (34) (12) (73) (82) (89) (48) (41) (42) (71) (33) (17) (92) (21) (83) (8) 
23 (27) (85) (68) (72) (87) (65) (7) (60) (32) (41) (8) (50) (40 94) (10) (88) (86) (69) (17) (48) (2) (55) (57) (63) (22) (49 70 97) (44) (96) (98) (52) (71) (91 18) (56) (21 62) (39) (36) (3) (76) (23) (82) (28) (99) (5) (67) (64) (1) (92) (35 80) (95) (4) (33 15) (14) (37) (20) (43 100) (93) (25) (29) (89) (79) (34) (30) (11) (51) (26) (47) (31) (84 73) (19) 
24 (9) (16) (44) (37 50) (43) (31) (73) (13) (77) (72) (10) (79) (11) (88) (23) (82) (98) (35) (1) (56) (75) (42) (97) (39) (4) (71) (67 91) (94) (84) (38) (69) (32) (41 99) (21) (48) (17 19) (18) (62) (33) (58) (49 70) (45) (28) (36) (83 8) (20) (24) (27) (100) (25) (78) (65) (29) (74) (34) (59) (89) (61) 
25 (67 46) (15) (25) (53) (10) (52) (86) (93) (80 26) (3) (34) (50) (5) (11) (43) (9 62) (55 28) (91) (14) (37 84) (16) (8) (70) (48) (4) (1 89) (72) (36) (99) (57) (58) (32) (35) (79 39) (44) (98) (21) (6) (90) (96) (27) (30) (12 92) (13) (31) (97) (85) (76) (95) (60) (64) (45) (56) (69) (63) (41) (87) (18) (23) (17) (100) (47) (77) (78) (88) (61) (73) (82) (75 7) 
26 (69) (9) (92) (34) (58) (59 77) (45) (94) (19) (73) (86) (64 22) (100) (7) (10) (63) (23 1) (21) (17) (97) (53) (33 26) (18) (28) (93) (71) (74) (84) (88) (99) (47) (91) (96 52) (66) (39) (38) (95) (8) (48) (46) (2) (42) (16) (44 12) (56) (83) (54) (82) (4 89 60) (80) (49) (78) (27) (62) (41) (57) 
27 (22) (1) (91) (58) (49) (71) (52) (50) (4) (10 89) (46) (48) (47) (86 19) (67) (97) (13 77) (34 90) (18) (2) (33) (17) (29) (76) (32) (65) (60) (70) (82) (94) (84) (3) (95) (42) (40) (51) (30) (43) (14) (74) (64) (9) (21 88) (41) (59) (66) (35) (44) (68) (39 23) (63) (73) (57) (26) (55) (72) (5) (83) (16) (12) (7) (25) (75) 
28 (49) (4) (81) (84) (79) (67) (38) (5) (55) (50) (45) (7) (37) (91) (63) (8) (77) (11) (3) (58) (24) (15) (68) (88) (94) (73) (2) (25) (51) (39) (16) (41) (19) (69) (59) (78) (12) (71) (18) (30) (98) (42) (10) (92) (32) (43) (34) (40) (17) (54) (97) (76) (95 65) (99) (44) (96 22) (47) (61) (87) (31) (57 89) (66) (75) (13) (26) (70 86) (74) (1) (100) 
29 (71) (56) (34) (82) (27) (43) (32) (62) (94) (65) (21) (91) (98) (24) (39) (47) (31) (10) (64) (88) (69) (19) (46) (37) (86 59) (97) (72) (81) (38) (25) (92) (83) (41) (36) (54) (63) (51) (35) (8) (78) (66 80) (87) (99) (79 20 49) (50) (42) (73) (5) (75) (74) (58) (9) (14) (11) (76) (61) (22) (6) (23) (90) (1) (100) (4) (53) (30) (89) (70) (40) (2) (84) 
30 (67) (50) (71) (62) (92) (53) (49) (93) (61) (25) (65) (79) (11) (54) (69) (91) (40) (13 8) (3) (17) (5) (100) (72) (45) (86) (30) (63) (52) (23) (46) (70) (59) (77) (48) (89) (24) (73) (78) (85) (37) (15 74) (58) (39 35) (84) (81 36) (16) (83) (7) (88) (60) (31) (82) (99) (96) (97 18) (75) (47 64) (41) (28) (19) (44) (20 26) (6) (57 32) (95) (76) 
31 (84) (70) (37 54) (100) (65) (34 31) (68) (32) (48) (72) (26) (5 67 58) (91) (36) (56) (85) (86) (83) (6 43) (10) (4 40) (63) (74) (50) (99) (80) (76) (98) (87) (23) (64) (11) (42) (25) (2) (49) (52) (27) (35) (88) (45) (78) (66) (61) (3 82) (24) (89) (17 28) (93 60) (96) (16 94) (33) (1) (41) (46) 
32 (89) (99) (37) (40) (18 100) (59) (58) (21) (35) (80) (94) (19) (50) (4) (57) (44) (8) (64) (38) (5) (69) (54) (56) (36) (91 67) (20) (11) (9) (55) (88) (41) (16 26) (79) (76) (71) (39) (65) (62) (51) (7) (53) (24) (74) (15) (25) (81) (48) (84) (47) (90) (45) (87) (13) (97) (92) (77) (75) (83) (85) (73 43) (98) (17) (78) 
33 (68) (75) (14) (39) (41) (13) (98) (32) (86) (99) (64) (100) (62 28) (61) (42) (77) (15) (43) (17) (93) (50) (19) (30) (79) (9) (71) (60 97 54) (23) (96) (36) (91) (33) (27) (25) (46) (16) (69) (87) (59) (66) (40) (47) (58) (78) (11) (2) (8) (44) (48) (95) (88) (89) (26) (90) (56 67) (18) (38 21) (3) (55) (45) (5 52) (82) (12) (70) (83 22) (29) (92) 
34 (50) (10 89) (68) (1) (26 97) (72) (2) (51) (95) (41) (18 56) (92) (60) (98) (11) (16) (87) (33) (40 69) (48) (86) (42) (36) (29) (17) (83) (15) (62) (74) (61) (99 47) (4 24) (19 25 3 78) (9) (32) (38) (7 66) (6) (13) (88) (84) (28) (80) (54 79) (44) (49) (70) (34) (82) 
35 (88 19) (43) (22) (70) (7) (11) (93 83 54) (47) (36 41 77 67) (76) (78) (75) (13) (55) (26) (5) (1) (97) (60) (17) (28) (80) (34) (81 56) (44) (90) (15) (74) (49) (31) (37) (66) (85) (87) (3) (30 14) (2) (38) (64) (48) (99) (73 79) (65) (51 39) (16) (59) (42) (40) (45) (10) (96) (12) (32) (27) (24) (53) (92) (94) (86) (61) (18 82) (57) (72) 
36 (2) (23) (86) (97) (99) (20) (36) (67) (98) (33) (39) (41) (75) (6) (25) (70 83) (77) (26) (1 44) (24) (22) (28) (59 49) (62) (71) (58) (84) (57) (56) (43) (38) (55) (91 3) (94) (40) (68) (16) (74) (11) (4) (64) (42) (5) (51) (15) (18 100) (31) (92) (50) (27) (76) (9) (8) (65) (7) (95) (14) (29) (35) (37) (88) (79) (46 12) (72) (48 78) (47) (60) (96) (93) (81) 
37 (22) (21 90 62) (39 98) (66 87) (64) (7) (3) (81) (10 72) (82) (79) (54) (12) (89) (41) (50) (100) (95) (43) (40) (44) (70) (67) (48) (57) (51) (23) (15 29) (11) (52) (4) (35) (20) (5) (91) (99) (86) (69) (1) (26) (8) (88) (94) (19) (58) (31) (93) (80) (28) (18) (73) (61 27) (76) (56 17) (36 47) (65) (85) (45) (34) (13) (42) (68 32) (24 2) (30) 
38 (57 40) (13) (3 7) (80) (50) (94) (61) (68) (5) (8) (81) (32) (93) (79) (77 24) (29) (38) (15) (19) (96) (54) (16) (34) (51) (1) (72) (47) (10) (92) (46) (25) (89) (78) (44) (12) (31) (22) (66) (75) (23 88) (91) (17) (99) (6 49) (42) (27) (87) (95) (11) (63) (9) (56) (2) (71) (52) (45) (60) (58) (39) (62) (69) (64) (18) 
39 (34) (91) (58) (93) (85) (65) (71) (49) (59) (20) (51) (74) (40) (73) (42) (66) (88) (70) (52) (72) (35) (37) (95) (22) (77) (10) (2) (79) (7) (81) (45) (14) (92) (61) (90) (18) (27) (53) (8) (67) (63) (87) (46) (31 6) (43) (15) (23) (94) (21) (33) (44 1) (69) (99) (48) (64) (13) (19) (55) (78) (89) (24) (11) (28) (100) (98) (29) (47) 
40 (96) (30) (19) (70) (15) (61) (43) (80) (73) (74) (91) (39) (99) (97) (47) (46) (67) (51) (38) (53) (93) (98) (18) (72) (55) (57) (1) (82) (22) (7) (45) (31) (23) (48) (16) (69 6 71) (32) (83 44) (11) (66) (33) (25) (49) (88) (20) (54) (79 78) (95) (4) (62) (92) (8) (81) (100) (24) (40) (2) (10) (35) (27) (12) (75) (60) (65) 
41 (56) (18) (73) (59) (98) (51) (71) (41) (14) (58) (12) (55) (42) (11) (69) (75) (97) (90) (86) (64) (92) (23) (28) (65 21) (82) (37) (6) (20) (70) (40 67) (46) (81) (13) (44) (1) (47) (43) (78) (22) (36) (9) (100 27) (53) (93) (89) (61) (24) (54) (68) (32) (39) (3) (17) (2) (33) (77) (79) (99) (63) (88) (25 76) (38) (66) (45) (19) (84) (15) (50) 
42 (48) (70) (85) (43) (71) (98) (92) (13) (56) (40) (95) (89) (19) (7) (12) (15) (22) (46) (81) (75) (88) (9) (58) (36) (20) (17) (30) (6) (16) (18) (93) (26) (47) (91) (38) (29) (42) (72) (62) (99) (37) (68) (67) (1) (25) (55) (33) (74) (52) (66 54) (49) (59) (76) (14) (60) (83) (21) (50) (28) (86) (31) (45) (53) (64) (2) (3) (57) (11) (24) (90) (61) (84) 
43 (58) (79) (82) (85) (91) (46) (89) (66) (94) (53) (59) (30) (31) (50) (95) (51) (69) (42) (23) (14) (37) (29) (22) (17 12) (20) (68) (25) (10) (16) (3) (64) (5) (78) (56 49) (40) (11) (34) (54) (1) (90) (19 43) (55) (73) (48) (75) (39) (57) (80) (13) (74) (27) (38) (21) (83) (84) (15) (70) (6) (63) (65) (71) (33) (67) (61) (72) (7) (98) (92) (2) 
44 (50) (34) (4) (86 75) (54) (70) (64) (2) (41) (24 100) (16) (73) (71 32) (6) (87) (33) (39) (52) (19) (83 1 5 93) (47) (37) (88) (40) (42) (48) (9) (72) (58) (45) (84 74) (66) (30) (69) (22) (11) (98) (94) (51) (27) (57) (81) (35) (79) (78) (97 14) (25) (49) (56 65) (46 95) (61) (44) (23) (18) (82) (36) (89 80) (26) 
45 (2) (100) (37) (60 31) (73) (69) (64) (34) (28) (90) (57) (91) (72) (93) (15) (68) (43) (74 78) (38) (85 19) (52) (82) (3) (55) (45) (50) (17 9) (20) (86) (71) (80) (46 1 83) (63) (95 27) (87 94) (33) (24) (16) (92 49) (61) (11) (23) (81 70) (29) (67) (79) (66) (98) (44 6) (7) (8) (77) (41) (35) (36) (5) (12) (75) (56) (97) (40 99) (89) 
46 (41) (77) (38) (83) (9 62) (99) (14) (4) (94) (23) (51) (85) (72) (6) (16) (57) (26) (91) (44) (21) (95 42) (3) (31) (61) (25) (75) (45 84) (60) (39) (58 47) (46) (48) (24) (32) (67) (66) (15) (17) (49) (35) (34) (81) (40) (90) (55) (50) (87) (33) (52) (88) (37) (96 65) (63) (59) (86) (68) (53) (18) (98) (28) 
47 (36) (35) (42) (14) (19) (29) (96) (64) (84) (33) (57) (18) (11) (8) (5) (7) (22) (23) (65) (48) (94) (13) (54) (88) (56) (3) (10) (34) (70) (66) (30 76 41) (89) (12) (99) (9 4 71) (69) (27) (58) (93 53) (86) (15) (21) (16 59) (43) (82) (55 73) (62) (25) (98) (6) (91 32) (85) (68) (80 45) (79) (61) (77) (75) (92) (63) (28) (72) 
48 (34) (4) (52) (65) (28) (13 19) (75) (92 80) (30) (100) (99) (87) (61) (79) (98) (3) (39) (64) (31) (21) (68) (56) (74) (45) (77) (26) (41) (14) (17) (81 43 44) (67) (63 86) (25) (90 48) (53 1) (49 15) (71) (9) (85) (5) (69) (88) (33) (89 66) (36) (94) (27) (22) (55) (12) (20) (83) (70) (62) (96) (24) (54) (18) (2) (97) (46 23) (76) (84) (40) (8) 
49 (91) (56) (22) (9) (75) (89) (6) (57) (84) (11) (5) (27) (71) (74) (38) (43) (24) (72) (60) (37) (12) (85) (33) (34) (51) (15) (62) (65) (7) (79 54 66) (32) (44) (2) (98) (29) (96) (21) (20) (99 39) (90) (73) (31) (86) (83) (47) (36) (88) (69) (67) (45) (52) (19) (25) (48) (46) (97) (16) (14) (17) (55) (28) (78) 
50 (3) (87) (66) (91) (92) (25) (58) (43 60) (97) (39) (23) (13) (4) (45 52) (50) (27) (96) (74) (35) (20 73) (17) (99) (10) (8) (22 82 7) (19) (81) (41) (57) (64) (18 24) (80) (48 16) (26) (9) (42) (72) (59 79) (14) (65 46) (6) (83) (86) (63) (33) (90 51 71) (28) (68) (31) (85) (40 36) (78) (1) (54) (69 15) (100) (75) (84) (5 88) (55) (29) 
51 (32) (37) (84 42) (89) (28) (46) (16) (9) (29) (97) (5) (79) (63) (91) (61) (87) (44) (49) (23) (68) (67) (1) (75 70) (50) (26) (34) (14) (52) (2) (100) (19) (57 38 90 81) (78) (3) (20) (55) (71) (25) (7) (88) (17) (83) (51 73) (69) (6) (99) (35) (4) (12) (39) (92) (58) (47) (21) (41) (11) (53) (22) (74 30) (60) (96) (24) (65) (62) (45) (93) 
52 (29) (41) (73 42 74) (48) (88 99) (62) (8) (100) (16) (20) (87) (14) (56) (80) (30) (40) (82) (36) (34) (76) (49) (54) (38) (22) (37) (53) (93 92) (94) (71) (18) (63 39) (96) (84) (11 90 97) (23) (27) (52 5) (26) (70 9) (67) (77) (1) (13 17) (85) (78) (25) (81 7 24) (98) (4) (19) (55) (68 33) (89) 
53 (46) (53) (43) (80) (58) (79) (38) (14) (61) (33) (99) (36) (84) (100) (76) (13) (3 91) (25) (8) (2) (42) (31) (7) (17) (86) (63 35) (62) (32) (34) (69) (93) (10 4) (77) (57) (68) (78) (48) (44) (12) (92) (96) (95) (73) (74) (45) (55 21) (98) (49) (64) (39) (85) (40) (90) (11) (87) (1) (52) (56) (82) (50) (89) (51) (83) (22) 
54 (2) (65 40) (85) (89) (92) (23) (36 93 37) (1) (70) (62) (31) (18) (69 84) (22) (95) (60 80 24) (13) (58) (74) (82) (21) (90) (79) (43) (39) (45) (29 6) (96) (5) (99) (66) (46) (56) (98) (50) (53) (64) (61) (10) (28) (32) (94) (81) (12) (3) (59) (75) (63) (78) (30) (38) (8) (83) (91 35) (68) (25) (54 4 72) (34 76) (27) 
55 (98) (76) (4) (46) (73 75) (85) (79) (56) (92) (42) (18) (24) (3) (81) (69) (80) (41) (95 20) (100) (35) (65) (50) (90) (30) (63) (59) (29) (47 53) (86) (60) (49) (15) (33) (51) (27) (96) (77) (55) (64) (43) (16) (12) (8) (11) (45) (94) (39) (13 32 26) (89) (38) (88) (61) (54) (40) (93) (36) (84) (71) (72) (91) (22) (83) (5) (97) (14) (62) (67) (10 19) (17) 
56 (83) (33) (4) (94) (26) (59) (9) (13) (91) (39) (35) (76) (15) (8) (71) (78) (66) (86) (61) (84) (75) (14) (87) (38) (63) (85 5) (43) (52) (47) (62) (24 29 73 68) (56) (96) (46) (88) (82) (40) (20) (98) (6) (67) (58) (30) (36) (17) (48) (81) (3) (79) (74) (97 44) (55) (65) (89) (57) (41) (12) (28) (45) (11 10) (34) (99) (16) (49) (7) (25) 
57 (56) (39) (85) (99) (23) (87) (66) (86) (89) (61) (26) (81) (24) (95) (43 40 5) (47) (58 18) (51 3) (16) (10) (59) (91) (69 12) (2) (55) (77) (27 71) (44) (28) (6) (35 34) (21) (1) (70) (90) (48) (73) (38) (14) (52) (19) (93 88) (60) (8) (57) (78) (33) (83) (67) (13) (49 15) (29) (74) (84) (31) (42) (72) (97) 
58 (57) (29) (43) (60) (13) (2) (90) (22) (53) (39 35) (78) (4) (72) (38) (70) (82 74) (84) (67 20) (79) (75) (25) (11) (9) (48) (27 37) (44) (5) (68) (1) (30) (36) (26) (21) (85) (66) (76) (87) (14 12) (58 55) (97) (88) (64) (65) (10) (63) (24) (42) (91) (40) (49) (93) (7) (28) (33) (62) (69 73) (19) (6 92 51) (96) (34) 
59 (12) (68) (8) (81) (25) (51 42) (4) (66) (74) (69) (95 97) (86) (16) (61) (52) (71 14) (24) (98) (43) (44) (50) (72) (77) (88) (73) (93) (1) (89) (64 30) (37) (53) (87 19) (40) (57) (3) (31) (84) (70) (6) (26) (32) (15) (48) (60) (21) (90) (54) (39) (85) (63) (62) (91) (18) (46) (99) (45) (58) (94) (27) (35) (2) (20) (78) (11) (33) 
60 (68) (69) (34 10) (100) (4) (3 28) (74) (22) (93) (81) (5) (15) (36 72) (8) (51) (95) (80) (37) (16) (84) (20) (27) (64) (31) (86) (88) (17) (46) (91) (45 55) (18) (32) (60) (19) (83) (25) (43) (58) (94) (23) (6) (47) (57) (11) (29) (97) (7 70) (30) (61) (98) (66) (26) (35) (44) (33) (89) (54 12) (76) (63) (49) (24) 
61 (11) (77) (56) (41) (64) (51 43) (14 9) (74) (75) (83) (30) (22 89) (17) (35) (93) (80) (28 40) (67) (96) (68) (94) (8) (72) (12) (4) (38) (33) (24) (59) (86) (90) (37) (5) (32) (79 55) (78) (47) (95) (15) (29) (18) (48) (57) (46) (65) (31) (39 26) (88 49) (69) (60) (3) (23) (92) (91) (99) (13) (71) (44) (97) (50) (82) (53 98) (100) (1) (10) (27) 
62 (80) (64) (73) (92) (91) (41) (30) (79) (22) (4) (94) (5) (24) (39 100) (85) (20) (15) (49) (93) (34) (14 61) (6) (59) (16) (37) (36) (13 21) (42 7) (50) (8 3) (71) (97) (32) (47 51) (45) (82 81) (67) (33) (31) (69) (96) (18) (89) (74) (53) (12) (2 25) (19) (88) (95) (86) (60 17) (56) (54) (70) (35) (9) (62) (99) (27) (40) (48) 
63 (88) (98 53) (87) (7) (48) (36) (71 67) (46) (17) (64) (86 3) (52) (2) (39) (55) (68 58) (31) (32) (60) (38) (45) (19) (27) (77) (75) (47) (18) (79) (65) (74) (44) (37) (13) (28) (100) (12) (69) (97 20) (72) (10) (62) (83) (34) (42) (89) (21) (54) (96) (56) (94) (15) (23) (93) (40) (29) (73 76) (4) (95) (84) (25) (22) (43) (90) (91) (59) (63) (99) (1) (11) 
64 (24 95) (66) (19) (16) (28) (2) (5) (27) (20) (97) (38 76) (56) (77) (70) (21 71) (3) (9) (42) (59 36) (17) (11 67) (96) (33) (58) (64 30) (91) (53) (51) (49) (60) (31 35) (62) (40 78) (93) (22) (12) (54) (34) (37) (18) (73) (14) (23) (86) (52 79) (10) (32) (7) (41) (15) (13) (83 89 44) (47 72) (50) (39) (63) (80) (8) (69) (84) (4) (92) (65) (81) (48) (88) (46) 
65 (87) (19) (61 90) (49) (95) (51) (25) (22) (96) (12) (48) (68) (15) (38) (28) (86) (18) (7) (55) (16) (29) (2 47) (76) (63) (60) (64) (23) (77) (8) (24) (89) (84) (40) (13) (17) (30) (66) (98) (100) (44) (39) (70) (99) (10) (69) (46) (52) (85) (21 36) (31) (6) (72) (74) (94) (75) (81) (65) (11) (3) (34) (33) (1) (62) (80) (78 9) 
66 (88) (16) (76) (48 72) (55) (17) (15) (74) (57) (21) (52) (97) (24) (98) (65) (34) (6 77) (58) (78) (59) (29) (5) (3) (50) (14) (56) (85) (28) (60) (86) (81) (18) (8) (25) (53) (80) (20) (62) (23) (44) (42) (67) (51) (35) (100) (45) (69) (37) (46) (49) (71) (93) (84) (91) (30) (7) 
67 (88) (18 67) (96) (76) (38) (21) (69) (55) (22) (23) (72) (8) (94) (48) (70) (28) (90) (17 59) (14) (39) (74) (4) (93 27) (73) (43) (41) (62) (54 35 19) (25) (16) (64) (50 91) (71) (79) (87 60) (81) (56) (29) (78) (61) (51) (1) (57) (33) (2) (7) (9) (24) (5) (26) (75 36) (97) (20) (66) (42) (45) (3) (92) (98) (40) (85) (10 32) (44) (34) (65) (68) (12) 
68 (71) (47) (49) (34) (2) (33) (86) (46) (3) (1) (67 89) (48) (44) (64) (70) (88) (7 65) (6 36) (55) (79) (9) (38) (73) (82) (50) (40) (80) (29) (23) (25) (98) (85) (45) (17) (99) (60) (76) (69) (21) (32) (91) (37) (61) (77) (87) (12) (92) (84) (81) (96) (68) (24) (15) (31) (19) (39) (41) (66) (16) (4) 
69 (1) (66) (53) (19) (52) (54) (94) (63) (25) (92) (71) (21) (79) (42) (44) (90) (97) (59) (18) (91) (12 14 55) (32) (98) (85) (77 33) (2 29) (64) (61) (88) (17) (22) (41 27) (34) (48) (99) (20 95) (67) (30) (89) (72) (8) (75) (80) (93) (24) (39) (6) (38) (57) (86) (28) (49) (31) (43) (100 87) (26) (82) (65) (10) (58) (83) (15) (69) 
70 (11) (12) (65 84) (51) (63) (44) (43) (9) (56 14) (21) (15) (2 13) (28 60) (25) (89) (50) (98) (41) (67) (40) (71) (34 37 66) (91) (18) (87) (33) (88) (100) (92) (45) (90) (53) (19) (55) (69) (74) (26) (39) (94) (57) (47) (75) (29) (83) (35) (5) (27) (96) (49 79) (42) (17) (7) (97) (54) (95 72) (32) (1) (8 48) (80) (3) 
71 (96) (73) (39) (34) (91) (59) (23) (78 51) (52) (90) (61) (22) (55) (53) (13) (6) (19) (48) (25) (65 92) (87) (83 63) (3) (50) (43) (8) (27) (66) (32) (17 21) (97) (28 89) (77) (4) (33) (93 70) (2) (42) (74) (38) (84) (95) (47) (36) (41) (58) (7) (62) (69) (20) (45) (88) (44) (98) (68) (15) (14) (80) (40) (26) (29) (9) (5) (94) (49) (56) 
72 (93) (9) (56) (47 23) (63) (70) (53) (6) (7 11) (78) (40) (66) (35) (10) (44 17 52) (21) (30) (84) (98) (28) (39) (22) (32) (80) (74) (4) (8) (26) (15) (62) (24) (77) (82) (18) (100) (13) (43) (72) (91) (61) (42 14) (60) (79) (97) (31) (67) (71) (51) (55) (58) (64) (57) (87) (20) 
73 (86) (37) (26) (52) (22) (14) (32) (6 47) (83) (92) (65) (5) (79) (34) (20) (71) (31) (44) (46) (19) (33) (4) (30) (2) (53) (48) (29) (96) (61) (78) (73) (21) (88) (64) (42) (38) (1) (8) (93) (60) (89) (62 40) (17) (13) (68) (97) (15) (9) (74) (81) (66) (80) (28) (49) (87) (11) (75) (7) (63) (57) (100) (94) (90) (27 67) (35) (50) (95) (24) (76) 
74 (3) (34) (74) (57) (46) (100) (75) (27) (58) (72) (93) (71) (90) (95) (69) (29) (94) (18) (91) (86 54) (17) (84) (73) (35) (96) (22) (1) (8) (15) (41) (97) (9) (39) (85 48) (53 21) (13) (63) (33) (59) (99) (49) (37) (55) (38) (82) (64) (87) (79) (14 92) (80) (7) (45) (11) (23) (50 47) (6) (12) (43) (28) (76) (16) (56) (81) (5) (62) (2) (24) (31) (88) (98) (44 42) (36) (83) (4) 
75 (88) (32) (66) (31) (43) (47) (96) (95) (37) (89) (34) (61) (3) (9) (54) (12) (93) (97) (27) (73) (19) (77) (22 56) (70) (28) (1) (33) (40) (4 75) (5) (100) (59) (15) (10 67) (98) (78 45) (90) (99) (94) (92) (36) (39) (82) (64) (58) (2) (21) (87) (35) (48) (72) (20) (83) (8) (11) (55 85 74) (44) (76) (23) (41) (71) (25) 
76 (93 11) (22 56) (46) (29) (27 4) (3 100 67) (25) (94 10) (15) (31) (90) (42 34) (78) (85) (49) (18) (40) (91) (51 13) (86) (79) (47 24 72) (57) (75) (59) (39) (80 82) (64) (26) (17) (98) (6) (81 74) (45 71) (19) (62) (54) (89) (95) (77) (73) (38) (20) (14) (92 69) (68) (12) (28) (8) (87) (35 1) (21) (65 84) 
77 (71) (61) (16) (6) (24) (46) (66) (45) (82) (75) (99) (84) (77) (93) (35) (78 60) (27) (11) (76) (91) (68) (67 5) (83) (86 38) (52) (79) (8) (30 80) (74 21) (13) (31) (7) (36) (25) (10) (41) (22) (63) (70) (3) (9) (96) (4) (42) (28) (47) (14) (69) (97) (19 64) (2) (57) (87) (44) (23) (26) (39) (15 18) (100) (81) (33) (50) 
78 (72) (69 11) (47) (32) (26) (93) (22) (88) (95) (41) (96) (23) (81) (86) (71 58 37) (79) (89) (13) (43) (19) (65) (54) (55) (27) (21) (61) (35) (84) (10) (53) (87) (57) (64) (8) (97) (31) (1) (17) (28) (82) (70) (59) (25) (74) (5) (51) (98) (77) (92) (83) (91) (56 49) (73) (2) (99) (14) (85) (62) (52) (45) (68) (78) (100 16) (90) (15) 
79 (61) (13) (92) (1) (83) (72) (29) (10 54) (55) (100) (30 18) (25 26) (97) (79) (94 2) (24) (51) (45) (60) (40) (48) (85) (69) (44) (59) (84) (22) (17) (9) (41) (82) (95) (49) (14) (73) (91 99) (38) (74) (3) (8) (88) (52) (81) (65 77) (90) (67) (70) (12) (66) (57) (20) (4) (87) (62) (31) (5) (76) (36) (86) (21 53) (89) (98) (93) (23) (63) (42) (16) (96) 
80 (51 8) (46) (67) (36) (18) (39) (7) (16) (89) (71) (11 44) (5) (35) (24) (63) (88) (4 54) (28 22) (94 10) (13) (78) (41) (72) (47) (74) (61) (83) (79) (87) (31) (23) (91 84) (96) (99 85) (38) (92) (57) (80) (58) (62) (53 81) (93) (50) (65) (48) (40) (69) (15) (86) (19) (45) (26) (55) (20) 
81 (85) (92) (47) (79) (45 58) (8) (14) (18) (38) (33) (40) (61) (70) (98) (80) (2) (21) (64) (19) (6) (16) (77) (54) (5 89) (41) (96) (32) (53 13) (24) (23) (99) (60) (10) (84) (72) (59) (74 90 66) (55 88 63) (94) (65) (87) (37 52) (22) (51) (68) (93) (25 27) (4) (12) (3) (71) (57) (17) (95) (75) (73) (46) (34) (56) (69 67) (48) (82) (50) 
82 (56) (44) (84 35) (87) (33) (92) (51) (7) (38) (88 2 16) (79) (47) (54) (69 61) (13) (82) (94) (55) (97) (43) (70) (27) (25) (28) (21) (85 12) (15) (95) (8) (65) (58) (62) (86) (50) (10 64) (71) (3) (67) (46) (39) (52 34) (9) (91) (59) (6) (66) (32) (63) (30) (20) (29) (93) (4) (89 74) (26) 
83 (50) (76 45 74) (59) (78) (70) (39) (81) (44) (100) (87) (80) (84) (56) (6) (20) (14) (67) (19) (22) (28) (26) (72) (12) (40) (66) (1) (35) (73) (60) (88) (23) (53) (38) (71) (3) (54) (15) (49) (24) (32) (4) (43) (58) (68) (91) (94) (8) (83) (16) (31) (95) (34) (63) (92) (62) (33) (98) (69) (30 97 61) (7 41) (42) (52) (25) (99) (65) (48) (36) 
84 (35) (98) (74) (88) (52) (38 51) (96) (61) (87) (57) (77) (3) (43) (33) (23) (62) (55) (21) (27) (2) (94) (39) (44) (49) (65) (83) (31) (66) (95 82) (78) (6) (1) (91) (40) (8 13) (86) (100) (24) (30) (50) (11) (99) (80 28) (14) (92) (42 63) (58) (79) (53) (81) (56) (37) (71) (12) (68) (15) (73) (47) (18) (17) (36) (41) (72 46) (84 19) (7) (45) (89) (34) (10) (59) (4) 
85 (35) (28) (71) (4) (51) (97) (63) (77) (62) (25 27) (46 39) (42) (29) (56 45) (7) (11) (65) (98) (64) (59) (86) (85) (81) (3) (52) (40) (78 83) (76) (74) (21) (24) (8) (68) (55) (49) (38) (41) (84) (13) (50) (19) (31) (66) (93) (88) (53) (26) (23) (43 54) (87) (37) (99 33) (1) (9) (91) (61) (57) (12) (72) (10) (30 48) (94) (73) (89) (67) (44) (96) (20) 
86 (42) (2) (20) (82) (28) (94 34) (61) (77) (92 38 21) (6) (67) (96) (84) (98) (36 11) (8 12) (45) (65) (32) (3 39) (83) (95) (17) (91) (13) (50) (68) (63) (33 97) (1) (55) (88) (60) (93) (73 23) (35) (79) (5) (53) (99) (52 48) (58) (59 74) (4) (15) (37) (26) (18) (100) (9) (81) (22) (57) (10) (62) (78) (51) (71) (14 86) (85) 
87 (62) (89) (32) (72) (31) (82) (15) (63) (59) (85 73) (91) (14) (56) (13) (61) (44) (12) (79) (58) (69) (36 40) (19) (48) (70) (64) (54) (67) (92) (100) (80) (18) (71) (50) (97 17) (34) (16) (60) (10) (39) (55) (20) (1) (77) (66) (33) (84) (11) (24) (96) (87) (94) (47 95) (7) (27) (5) (46) (41) (68) (78) (49 37) (98) (75) (93) (22) (3 38) 
88 (80) (88) (84) (78) (53) (91) (92) (13) (82) (30) (25) (22) (90) (37) (95 75) (33) (64) (4) (48) (60) (29) (52) (14) (89) (73) (72 32) (46) (100) (36) (97) (96) (15) (26) (35) (71) (77) (18) (66) (93) (45) (50 41) (56) (99 2) (17) (6) (74) (87 42) (34) (16) (54) (79 31 39) (85) (28) (5) (49) (58) (7) (40) (11) (21) (51) (20) 
89 (43) (17) (9) (30) (15) (36) (41) (54) (45) (29) (65) (50) (91) (37) (61) (79 8) (93) (26) (62) (40) (48) (55) (49) (57) (51) (39) (98) (53) (70) (100) (20) (34) (13 82) (22) (80) (10) (72) (75) (1) (85) (76) (23) (47) (46) (77) (86) (7) (88 6) (3) (5) (35) (19) (32) (28 42) (89) (52) (18) (78) (59) (21) (94) (90) 
90 (35) (81) (11) (57 80) (74) (91) (99) (70) (21) (55 13) (38) (8) (5) (98) (52 54) (67) (10) (2) (85) (49) (86) (72) (30) (9 82) (87) (29) (90) (20 15) (25) (51) (16) (58) (37 7) (43) (68) (1) (97) (24) (3 62) (33 42 83) (41) (75) (65) (56) (89 96) (63) (26 34) (61) (66) (46) (77) (39) (71) (40) (84) (88) (28) (17) (48) (18 22) (92) 
91 (30) (45) (57) (52 26) (71) (77) (41) (36 68) (53) (94) (29) (86) (22 76) (50) (62) (17) (60) (72) (61 66 96) (10) (2) (43) (3) (44) (20) (33) (11) (87) (75) (7) (54) (16) (67) (32) (23) (93 55) (35) (100) (19) (27) (31) (40) (6) (88) (34) (89) (82) (74) (9 37) (56) (65) (99) (69) (8) (80) (78) (42) (5) (92 85) (1) (24) (25) (4) (38) 
92 (98) (14) (56) (73) (85) (72) (1) (41 59) (66) (10) (62) (68) (29) (84) (36) (100) (94) (53) (35) (96) (37) (44) (42) (5) (9 21 3) (25) (13) (61) (23) (87) (30) (69) (27) (52) (71) (50) (81 76) (97) (89) (18) (93) (11) (46 57) (90) (54) (6) (88) (12) (65) (64 38) (19) (32 26) (79) (83) (49) (8) (95) (78) (91) (74) (20) (75) (7) (80) (60) (55) (45) 
93 (54) (33 85) (50) (21) (80) (66) (73) (22) (84) (91) (19 2) (51) (60) (18) (25 29) (62) (10) (44) (9) (88) (16) (6) (100) (58) (71) (28) (99) (31) (68) (57) (90) (41) (92 34) (76) (49) (32) (7 30) (53) (45) (14 78) (98) (52) (27) (74) (42) (55) (63 87) (61) (36) (48) (86) (94) (97) (39) (15 93) (17 79 3) (20) 
94 (13) (30) (73) (32) (89) (22) (10) (29) (63) (18) (98) (74) (93) (48) (8) (26) (81) (21) (41) (61) (6) (84) (96) (33 67 47) (86) (54) (83) (71) (95) (64) (14) (2) (92) (80) (35) (87) (69) (43) (12) (75 50) (56) (52) (79) (36) (16) (44) (76) (49) (60) (7) (37 51) (23) (77) (72) (3) (9) (4) (45 31 97) (82) (90) (17) 
95 (25) (24) (28) (47) (50) (93) (78 21) (88) (72) (89) (59) (37) (26) (44) (77) (41) (29) (52 55) (95) (22) (11) (64) (82 9) (38) (53) (2) (76) (34) (63) (66) (54) (99) (92) (56) (27 62) (42) (45) (16) (1) (35 75) (12) (79) (10 40) (68) (7) (3) (80) (90) (19) (48) (20) (39) (100) (86) (94) (87) (6) (65) (43) (46) (70 18) 
96 (59) (58) (5) (84) (50) (81) (91) (82) (15 14) (77) (86 29) (39) (8) (11) (96) (89) (76) (99) (90) (16) (10) (69) (68) (53) (52) (100) (67) (44) (75) (2) (56) (4) (94) (54) (48) (97) (24) (18) (21) (26) (92) (12 37) (66) (30) (49) (43) (80) (36 73) (95) (85) (31) (55) (6) (25) (9) (74) (93) (60) (23) (65) (42) (83) 
97 (95) (8) (75) (78) (58) (46) (51) (24) (63 47) (31) (10) (48) (82) (92) (100) (6) (37) (22) (28) (77) (39 9) (53) (1) (30) (42) (67) (57) (76) (93) (85) (79) (91) (27) (2) (84) (64) (74) (96) (99) (55) (73) (54) (97) (29) (72) (62) (17) (15 33) (23) (13) (19) (81) (43) (36) (41) (7) (86) (40) (21) (20) (69) 
98 (86) (3) (60) (68) (74) (30) (16) (99) (24 93) (22) (56) (12) (48) (65) (25 50) (33) (66) (94) (14) (38) (7) (35) (10) (83) (63 88) (4 44) (32) (20) (15) (2) (73) (70) (1) (51) (95) (43 89 72) (87) (39) (80 17) (40) (67) (42) (92) (41) (69) (100) (75) (58) (23) (45) (78 77) (62) (91) 
99 (56) (63) (17) (57) (91) (80) (27) (30) (64) (41) (78) (82) (31) (45) (49) (93) (83) (87) (37) (88) (92) (18 53) (55) (75) (14) (1) (51) (48) (98) (20) (94) (52) (21) (81) (84) (16) (69) (26) (38) (74) (11) (6) (96) (42) (12) (95) (29) (66) (35) (39) (5) (77) (97) (60) (85) (61) (34) (7) (76) (71) (54) (36) (68) (86) (72) (99) 
100 (92) (6) (36) (26) (46) (9) (40) (1 91 84) (20) (13) (2 18) (25) (32) (38) (59) (54) (55) (50) (49) (66) (4) (62) (19) (89) (94) (96) (68) (87) (16) (28) (31 72) (100) (27) (75) (64) (70) (5) (21) (35) (99) (12) (57) (47 61) (22) (7) (44) (10) (24) (3) (76 33) (58) (56) (39) (74) (78) (85) (11) (23) (98) (51) (37) (71) (69) 
1 (52) (39) (14) (90) (7) (86) (74) (67) (58) (63) (38) (50) (97) (57) (25) (19) (70) (89) (100) (48) (9) (37) (27) (87) (40) (65) (35) (28) (13) (8) (73) (76) (99) (79) (59) (95) (24) (53) (21) (42) (85) (41) (31) (61) (26) (23) (29) (43) (10) (69) (18) (17) (45) (84) (5) (44) (3) (83) (11) (91) (78) (54) (98) (34) (1) (16) (51) (6) (75) (68) (92) (36) 
2 (33) (12) (42) (77) (70) (39) (58) (15) (98) (91) (29) (35) (57) (20) (14) (63) (96) (74) (81) (17) (16) (62) (69) (67) (9) (68) (27) (73) (71) (37) (19) (41) (8) (79) (95) (45) (64) (7) (13) (53) (84) (86) (90) (51) (31) (82) (4) (93) (26) (11) (43) (44) (65) (88) (49) (28) (48) (5) (54) (75) (97) (34) (78) (40) (94) (59) (23) (36) (100) (38) 
3 (61) (37) (20) (8) (1) (70) (67) (93) (76) (74) (15) (23) (34) (62) (56) (83) (92) (55) (94) (86) (31) (2) (4) (79) (87) (85) (10) (82) (22) (71) (57) (12) (35) (13) (65) (60) (100) (47) (53) (38) (59) (16) (89) (25) (42) (50) (90) (41) (21) (30) (54) (36) (28) (11) (43) (3) (75) (27) (68) (84) (91) (48) (77) (66) (98) (64) (17) (46) (9) (51) (45) (95) (81) (33) (5) (14) (63) 
4 (27) (44) (60) (53) (36) (75) (61) (83) (37) (9) (91) (100) (85) (76) (80) (94) (14) (22) (79) (24) (96) (7) (55) (51) (63) (31) (62) (1) (28) (20) (82) (17) (11) (50) (58) (86) (77) (2) (73) (48) (71) (21) (34) (29) (56) (72) (26) (81) (40) (47) (8) (59) (64) (25) (32) (6) (68) (84) (88) (67) (52) (23) (98) (54) (46) (74) 
5 (80) (71) (49) (79) (29) (91) (66) (19) (8) (87) (73) (31) (86) (89) (7) (38) (1) (32) (81) (30) (10) (14) (22) (54) (55) (51) (75) (52) (2) (28) (44) (62) (13) (88) (16) (35) (60) (23) (57) (15) (48) (74) (25) (33) (6) (5) (92) (90) (43) (56) (64) (100) (61) (67) (36) (78) (50) (77) (45) (3) (99) (17) (4) (47) (70) (27) (96) (37) (58) 
6 (43) (73) (84) (8) (100) (47) (17) (74) (72) (16) (69) (34) (76) (13) (49) (45) (31) (95) (86) (42) (89) (96) (54) (82) (3) (59) (21) (81) (41) (51) (36) (83) (19) (58) (56) (46) (40) (39) (92) (1) (29) (44) (97) (11) (68) (18) (62) (88) (93) (94) (5) (25) (77) (60) (38) (9) (91) (71) (50) (65) (99) (20) (30) (10) (66) (57) 
7 (100) (43) (36) (90) (66) (51) (53) (6) (97) (98) (87) (62) (40) (94) (82) (25) (52) (80) (60) (68) (10) (88) (38) (92) (47) (15) (23) (35) (14) (67) (13) (19) (56) (63) (83) (16) (8) (11) (77) (89) (4) (12) (50) (84) (7) (58) (27) (45) (34) (32) (39) (42) (28) (70) (18) (71) (65) (64) (99) (5) (91) (93) (37) (85) (30) (95) (74) (26) (1) (20) (49) (73) (21) (72) 
8 (89) (91) (6) (55) (70) (38) (5) (37) (60) (84) (13) (66) (12) (47) (17) (71) (36) (85) (9) (3) (22) (26) (15) (14) (94) (80) (59) (25) (54) (92) (86) (67) (76) (83) (4) (52) (45) (39) (75) (7) (65) (81) (90) (32) (77) (24) (33) (2) (79) (56) (82) (64) (30) (28) (72) (78) (61) (62) (74) (48) (96) (23) (8) (53) (29) (16) (11) (40) (57) (73) (21) (19) (69) (97) (50) (18) 
9 (17) (47) (16) (48) (36) (21) (6) (73) (25) (2) (82) (22) (51) (27) (67) (33) (89) (85) (50) (52) (97) (86) (26) (64) (41) (8) (29) (12) (70) (95) (79) (94) (1) (96) (90) (91) (42) (10) (34) (19) (14) (45) (100) (93) (72) (77) (75) (7) (9) (49) (20) (58) (68) (11) (56) (3) (65) (44) (92) (24) (71) (18) (32) (38) (61) (46) (74) (62) 
10 (47) (15) (7) (90) (87) (91) (24) (57) (54) (37) (20) (38) (26) (27) (76) (31) (34) (82) (50) (29) (98) (100) (92) (56) (2) (23) (81) (69) (96) (28) (40) (22) (89) (79) (63) (65) (64) (21) (67) (35) (39) (61) (5) (12) (80) (93) (95) (9) (4) (43) (78) (55) (72) (77) (60) (75) (84) (10) (86) (53) (8) (94) (58) (97) (18) (85) (25) 
11 (73) (61) (87) (80) (100) (91) (49) (64) (55) (45) (60) (88) (38) (25) (11) (9) (51) (92) (28) (34) (77) (4) (84) (36) (14) (90) (47) (75) (15) (5) (78) (70) (29) (86) (21) (42) (32) (3) (16) (24) (95) (59) (56) (65) (74) (85) (7) (23) (1) (58) (72) (43) (31) (40) (52) (96) (18) (37) (63) (99) (41) (33) (53) (30) (39) (44) (35) (76) 
12 (86) (36) (13) (65) (20) (82) (57) (33) (54) (35) (61) (47) (48) (74) (85) (60) (27) (26) (76) (56) (98) (63) (41) (96) (55) (15) (38) (25) (17) (53) (58) (40) (49) (22) (100) (84) (92) (99) (95) (59) (11) (18) (5) (70) (62) (83) (1) (14) (28) (69) (87) (67) (68) (45) (94) (64) (12) (81) (42) (8) (51) (43) (9) (6) (79) (37) (75) 
13 (24) (54) (97) (74) (37) (92) (30) (73) (21) (10) (17) (6) (32) (58) (89) (3) (39) (55) (5) (42) (43) (41) (78) (35) (15) (25) (11) (63) (84) (33) (52) (79) (65) (100) (76) (85) (71) (94) (88) (20) (38) (87) (62) (34) (53) (27) (28) (72) (13) (81) (2) (50) (8) (47) (56) (14) (82) (64) (70) (12) (48) (57) (22) (61) (4) (90) (86) (80) (77) (19) 
14 (59) (98) (55) (44) (14) (17) (39) (16) (25) (83) (99) (87) (50) (51) (49) (86) (52) (84) (69) (88) (62) (78) (27) (77) (41) (57) (94) (9) (1) (46) (47) (5) (48) (92) (19) (12) (72) (81) (21) (42) (71) (64) (13) (15) (73) (96) (4) (43) (53) (61) (29) (33) (93) (36) (66) (23) (3) (67) (70) (74) (79) (76) (56) (58) (35) 
15 (20) (76) (90) (84) (69) (78) (73) (64) (96) (37) (60) (39) (48) (70) (16) (66) (57) (83) (41) (30) (25) (42) (4) (28) (86) (47) (15) (50) (2) (45) (33) (49) (22) (68) (77) (7) (93) (82) (75) (10) (21) (3) (46) (80) (40) (74) (6) (32) (59) (18) (43) (56) (35) (55) (63) (89) (38) (72) (88) (8) (14) (61) (36) (87) (65) (17) (23) (62) (71) (97) (98) (34) 
16 (49) (28) (99) (95) (33) (3) (43) (80) (91) (18) (66) (65) (62) (90) (17) (31) (35) (78) (81) (67) (22) (34) (8) (26) (14) (32) (2) (42) (50) (96) (47) (44) (9) (21) (27) (30) (74) (94) (20) (6) (100) (55) (16) (36) (4) (79) (93) (88) (60) (68) (56) (59) (45) (1) (82) (77) (98) (24) (40) (83) (64) (25) (38) (52) (57) (5) (46) (87) (51) 
17 (66) (37) (17) (55) (19) (62) (41) (49) (74) (63) (67) (87) (28) (24) (94) (69) (42) (84) (13) (79) (64) (48) (91) (61) (46) (15) (65) (56) (70) (23) (98) (26) (27) (76) (38) (45) (6) (3) (71) (52) (11) (33) (99) (12) (32) (10) (8) (50) (93) (31) (5) (73) (81) (21) (86) (34) (51) (72) (20) (60) (43) (22) (30) (68) (16) (90) (97) (4) (88) (9) (25) (35) (89) (53) (78) 
18 (100) (16) (35) (28) (86) (19) (74) (52) (4) (17) (66) (18) (38) (32) (81) (1) (46) (24) (57) (62) (6) (95) (92) (47) (50) (41) (88) (59) (12) (13) (54) (80) (55) (30) (61) (36) (67) (77) (48) (63) (72) (84) (3) (99) (69) (64) (27) (94) (44) (87) (37) (11) (10) (93) (34) (79) (20) (39) (76) (25) (96) (90) (23) (33) (40) (89) (9) (26) (60) (8) (65) (70) (42) 
19 (38) (14) (39) (95) (45) (89) (30) (34) (55) (2) (50) (97) (32) (80) (71) (69) (63) (26) (12) (76) (1) (10) (75) (83) (85) (92) (51) (87) (47) (78) (13) (91) (40) (70) (11) (77) (33) (100) (35) (17) (4) (68) (24) (49) (84) (20) (65) (27) (67) (37) (93) (48) (81) (22) (43) (41) (28) (64) (23) (16) (58) (57) (44) (62) (15) (73) (52) (59) (42) (29) (60) 
20 (71) (49) (90) (93) (97) (76) (40) (88) (64) (59) (58) (29) (63) (75) (32) (37) (86) (83) (99) (2) (39) (14) (6) (50) (51) (85) (87) (24) (67) (36) (91) (30) (100) (80) (56) (10) (12) (43) (89) (52) (9) (15) (69) (95) (42) (60) (82) (4) (45) (55) (1) (92) (16) (66) (20) (48) (73) (98) (41) (72) (22) (23) (79) (62) 
21 (26) (27) (70) (64) (66) (32) (3) (90) (81) (6) (72) (46) (96) (39) (12) (18) (94) (58) (59) (63) (62) (25) (5) (2) (24) (23) (79) (7) (48) (41) (69) (13) (75) (14) (93) (57) (86) (17) (20) (68) (74) (37) (82) (53) (76) (88) (89) (97) (54) (99) (16) (78) (73) (51) (100) (43) (84) (77) (71) (33) (29) (85) (92) (47) (22) (10) (49) (65) (42) (95) (67) (19) 
22 (8) (65) (74) (14) (76) (26) (22) (38) (5) (90) (63) (75) (40) (81) (42) (4) (50) (72) (78) (10) (47) (77) (36) (80) (52) (35) (51) (16) (67) (33) (27) (62) (20) (97) (43) (88) (93) (95) (1) (54) (13) (79) (98) (48) (73) (86) (89) (37) (71) (64) (61) (91) (12) (44) (69) (41) (100) (3) (83) (60) (53) (94) (87) (29) (2) (23) (21) (49) (55) (28) (15) (58) (39) 
23 (22) (84) (48) (47) (98) (4) (86) (74) (44) (1) (60) (61) (17) (77) (83) (11) (8) (7) (79) (37) (100) (81) (65) (13) (75) (96) (78) (91) (30) (63) (43) (41) (33) (51) (72) (31) (45) (29) (85) (67) (6) (57) (2) (26) (50) (24) (52) (39) (38) (92) (14) (64) (10) (46) (68) (19) (25) (97) (71) (27) (21) (40) (89) (66) (36) (80) (54) (94) (23) 
24 (45) (39) (6) (48) (36) (90) (21) (14) (41) (1) (72) (65) (55) (20) (69) (35) (76) (81) (34) (30) (9) (28) (18) (42) (24) (54) (29) (77) (3) (79) (59) (74) (57) (2) (85) (38) (10) (31) (56) (95) (66) (91) (87) (40) (100) (32) (68) (80) (52) (60) (37) (83) (67) (96) (84) (51) (49) (73) (61) (64) (5) (44) (50) (19) (8) (22) (58) (62) (46) (98) (97) 
25 (50) (59) (92) (48) (9) (100) (14) (98) (62) (83) (56) (4) (32) (5) (34) (66) (1) (51) (44) (65) (70) (43) (81) (12) (54) (41) (95) (52) (6) (79) (21) (71) (60) (27) (63) (53) (75) (31) (8) (29) (88) (69) (18) (46) (93) (24) (19) (78) (67) (68) (91) (38) (40) (7) (25) (36) (42) (3) (76) (20) (15) (82) (30) (11) (90) (28) (33) (49) (58) (85) (96) (77) (16) (47) (23) 
26 (88) (2) (22) (30) (46) (82) (36) (7) (79) (12) (58) (71) (1) (86) (100) (51) (9) (17) (69) (89) (50) (26) (67) (27) (91) (76) (85) (72) (44) (23) (60) (92) (33) (73) (25) (59) (48) (94) (10) (52) (18) (57) (21) (16) (34) (32) (99) (19) (42) (96) (95) (70) (78) (31) (80) (77) (56) (35) (55) (11) (28) (37) (6) (83) (3) (90) (61) 
27 (23) (20) (99) (61) (63) (19) (81) (69) (54) (82) (95) (59) (100) (91) (1) (3) (35) (38) (16) (57) (36) (77) (5) (8) (93) (24) (70) (48) (39) (33) (84) (25) (40) (11) (87) (47) (75) (71) (76) (52) (73) (97) (26) (6) (92) (31) (18) (67) (43) (45) (12) (37) (4) (49) (14) (55) (13) (58) (60) (62) (15) (78) (41) (50) (85) (9) (10) (21) (64) (74) (44) (29) 
28 (58) (48) (77) (45) (72) (57) (85) (24) (34) (30) (54) (42) (12) (4) (83) (88) (22) (41) (73) (47) (100) (76) (51) (61) (1) (5) (7) (78) (50) (15) (82) (11) (75) (67) (84) (95) (14) (6) (66) (46) (80) (89) (97) (90) (60) (71) (33) (16) (25) (36) (10) (31) (69) (23) (86) (21) (39) (37) (70) (26) (63) (74) (18) (93) (20) (17) (56) (3) (35) (49) (64) (65) 
29 (89) (97) (37) (19) (79) (14) (8) (58) (68) (33) (36) (27) (2) (38) (90) (1) (47) (7) (95) (88) (43) (82) (85) (96) (56) (92) (99) (73) (42) (39) (54) (11) (9) (93) (51) (70) (50) (65) (61) (20) (45) (17) (57) (60) (24) (76) (21) (69) (18) (34) (91) (49) (10) (71) (74) (94) (63) (52) (23) (4) (13) (55) (67) (66) 
30 (48) (30) (13) (58) (97) (7) (91) (61) (42) (64) (77) (28) (44) (82) (47) (72) (2) (84) (88) (60) (20) (22) (79) (66) (25) (37) (29) (96) (12) (43) (59) (10) (1) (83) (40) (23) (89) (92) (56) (62) (85) (99) (73) (3) (54) (17) (18) (33) (52) (93) (14) (5) (94) (55) (65) (6) (27) (90) (51) (35) (15) (98) (69) 
31 (42) (49) (93) (84) (38) (63) (97) (14) (13) (30) (11) (83) (23) (28) (77) (43) (40) (6) (100) (91) (36) (69) (62) (80) (65) (79) (12) (57) (64) (1) (54) (39) (5) (22) (85) (88) (20) (68) (15) (35) (72) (75) (50) (25) (60) (3) (78) (73) (45) (96) (48) (7) (31) (2) (10) (99) (59) (53) (61) (24) (16) (46) (37) (18) (76) (87) (29) (94) (74) 
32 (69) (41) (92) (5) (54) (94) (24) (86) (7) (35) (3) (91) (9) (18) (25) (64) (100) (88) (87) (93) (23) (75) (73) (17) (82) (83) (78) (20) (28) (33) (16) (44) (30) (10) (29) (27) (14) (71) (72) (19) (51) (8) (12) (70) (6) (98) (55) (68) (40) (60) (46) (34) (62) (81) (63) (89) (31) (47) (2) (22) (53) (37) (67) (38) (59) (49) (61) (11) 
33 (42) (57) (20) (41) (16) (86) (43) (34) (1) (77) (64) (91) (45) (62) (69) (9) (84) (65) (49) (61) (58) (83) (26) (33) (46) (5) (48) (59) (71) (18) (22) (56) (82) (94) (85) (87) (97) (50) (23) (44) (53) (39) (75) (73) (70) (74) (52) (47) (10) (60) (36) (31) (8) (40) (68) (55) (7) (67) (93) (27) (13) (12) (98) (21) (100) (90) (24) (88) (81) 
34 (13) (17) (67) (66) (65) (95) (99) (10) (35) (57) (24) (68) (52) (90) (12) (54) (91) (69) (48) (73) (23) (39) (26) (47) (38) (74) (1) (76) (84) (21) (29) (44) (18) (93) (14) (45) (70) (28) (53) (37) (81) (86) (60) (20) (62) (83) (27) (34) (71) (56) (19) (63) (64) (58) (75) (25) (49) (51) (88) (43) (87) (89) (46) (11) (22) (31) (82) 
35 (27) (98) (90) (84) (75) (53) (9) (95) (86) (16) (83) (74) (11) (7) (82) (44) (32) (58) (31) (78) (30) (23) (46) (94) (67) (1) (92) (24) (70) (20) (12) (37) (15) (40) (50) (85) (2) (61) (47) (72) (88) (64) (36) (8) (77) (91) (100) (39) (13) (18) (99) (73) (51) (56) (4) (80) (6) (76) (25) (62) (19) (66) (5) (29) (60) (59) (45) (89) (10) (57) (55) (54) 
36 (2) (62) (17) (31) (86) (74) (14) (60) (47) (48) (36) (77) (42) (56) (20) (55) (53) (58) (1) (79) (83) (8) (89) (97) (21) (25) (34) (33) (52) (7) (19) (99) (94) (30) (6) (80) (32) (13) (87) (9) (93) (91) (44) (35) (75) (50) (65) (92) (84) (49) (68) (41) (23) (5) (22) (67) (63) (12) (24) (11) (45) (37) (88) (71) (15) (64) (29) (100) (96) (54) 
37 (84) (36) (46) (35) (52) (12) (100) (25) (51) (97) (89) (96) (62) (18) (41) (64) (60) (1) (4) (68) (19) (70) (99) (49) (39) (66) (2) (43) (94) (73) (30) (29) (16) (78) (58) (74) (54) (81) (22) (91) (87) (14) (32) (61) (10) (23) (86) (85) (95) (5) (6) (31) (90) (59) (44) (21) (63) (28) (24) (45) (17) (88) (92) (75) (42) 
38 (12) (42) (82) (49) (33) (84) (4) (16) (55) (87) (79) (6) (36) (38) (28) (22) (73) (10) (67) (51) (63) (43) (68) (46) (69) (35) (7) (57) (80) (29) (24) (74) (14) (41) (40) (71) (26) (18) (83) (90) (54) (21) (76) (81) (95) (32) (45) (64) (77) (61) (11) (100) (65) (98) (8) (86) (52) (3) (13) (20) (17) (91) (53) (58) (56) (99) (34) (85) (92) 
39 (59) (5) (70) (54) (63) (95) (77) (21) (65) (1) (50) (74) (61) (48) (93) (32) (40) (26) (9) (23) (7) (99) (6) (36) (56) (28) (12) (18) (75) (10) (30) (83) (67) (76) (51) (3) (89) (85) (57) (71) (87) (15) (33) (64) (98) (29) (19) (72) (84) (53) (13) (24) (8) (25) (90) (41) (100) (49) (46) (55) (58) (88) (80) (97) (44) (82) (68) (86) (27) (69) (22) (62) (37) (35) (11) (17) (43) (96 38) (20) (52) 
40 (3) (35) (52) (7) (62) (27) (28) (12) (85) (75) (88) (70) (57) (13) (42) (45) (34) (19) (84) (65) (6) (50) (67) (72) (71) (31) (63) (39) (80) (11) (89) (4) (23) (33) (100) (5) (48) (83) (43) (73) (95) (20) (91) (8) (53) (54) (30) (37) (10) (90) (97) (61) (16) (14) (55) (40) (68) (46) (21) (9) (41) (58) (44) (32) (64) (29) (98) (76) (81) (79) (56) (38) (59) (2) (87) (36) 
41 (99) (4) (69) (11) (27) (94) (16) (75) (56) (22) (8) (13) (26) (21) (44) (78) (9) (77) (5) (3) (31) (33) (91) (23) (87) (95) (17) (29) (74) (85) (97) (80) (24) (30) (18) (19) (81) (12) (90) (92) (51) (41) (84) (93) (89) (47) (34) (70) (37) (28) (50) (67) (64) (52) (98) (68) (83) (46) (15) (48) (14) (62) (35) (71) (45) (25) (36) (10) (32) (79) (88) (61) (55) (6) 
42 (44) (99) (67) (11) (97) (42) (69) (22) (96) (90) (31) (88) (38) (33) (50) (85) (70) (66) (41) (37) (29) (93) (98) (91) (16) (83) (14) (74) (62) (71) (19) (89) (92) (4) (6) (72) (18) (5) (46) (17) (34) (43) (26) (47) (73) (21) (64) (63) (52) (76) (59) (55) (10) (51) (95) (86) (77) (3) (7) (39) (27) (36) (57) (35) (28) (2) (84) (8) (53) (24) (20) (79) (58) 
43 (27) (75) (84) (16) (8) (91) (53) (85) (29) (94) (60) (56) (83) (36) (54) (42) (72) (7) (69) (49) (28) (55) (71) (90) (50) (45) (47) (17) (43) (32) (15) (37) (63) (33) (35) (23) (13) (48) (24) (39) (6) (74) (67) (98) (18) (95) (31) (61) (97) (82) (57) (40) (1) (9) (59) (41) (96) (70) (21) (78) (58) (89) (2) (20) (25) (5) 
44 (20) (11) (82) (56) (63) (92) (41) (95) (71) (61) (68) (74) (45) (23) (24) (48) (79) (75) (98) (69) (37) (73) (49) (66) (100) (72) (8) (64) (93) (14) (38) (44) (35) (60) (77) (58) (67) (94) (25) (59) (26) (87) (70) (18) (36) (9) (3) (65) (46) (84) (22) (30) (5) (53) (27) (34) (28) (91) (85) (83) (80) (13) (51) (39) (40) (1) (33) (96) (32) (57) (15) 
45 (48) (63) (95) (62) (47) (56) (8) (2) (79) (45) (91) (78) (77) (55) (50) (21) (19) (53) (59) (60) (42) (44) (26) (66) (28) (81) (46) (85) (41) (12) (86) (25) (70) (31) (39) (18) (35) (11) (30) (6) (67) (9) (99) (49) (89) (14) (7) (80) (93) (54) (94) (32) (40) (20) (5) (33) (24) (38) (92) (68) (88) (22) (75) (83) (71) (74) (17) (51) (84) (76) (37) (98) (15) 
46 (84) (92) (31) (14) (43) (54) (80) (21) (95) (87) (81) (59) (55) (16) (20) (46) (76) (44) (1) (12) (33) (68) (9) (48) (42) (61) (38) (30) (39) (27) (36) (65) (64) (26) (50) (29) (41) (2) (97) (85) (8) (60) (51) (53) (82) (73) (77) (63) (45) (74) (13) (66) (89) (90) (40) (25) (100) (5) (49) (3) (4) (56) (88) 
47 (100) (10) (22) (29) (12) (6) (42) (72) (63) (61) (81) (77) (33) (97) (26) (28) (38) (57) (82) (1) (62) (51) (15) (95) (49) (74) (78) (55) (14) (40) (80) (9) (27) (89) (36) (87) (2) (73) (21) (37) (23) (76) (46) (4) (94) (7) (18) (70) (68) (3) (34) (56) (65) (39) (64) (71) (44) (75) (41) (25) (84) (32) (30) (60) (35) 
48 (5) (44) (63) (64) (68) (97) (49) (35) (71) (11) (62) (70) (87) (98) (50) (59) (99) (61) (43) (34) (66) (42) (94) (22) (48) (96) (47) (25) (26) (24) (9) (53) (17) (79) (15) (6) (1) (93) (90) (86) (65) (88) (40) (85) (31) (80) (57) (33) (56) (10) (12) (37) (3) (83) (27) (18) (14) (52) (58) (73) (36) (89) (69) (7) (75) (30) (23) (74) (67) (95) (39) (32) (13) (46) (4) (81) (16) 
49 (56) (39) (88) (93) (4) (96) (36) (55) (8) (5) (29) (94) (53) (38) (66) (48) (64) (73) (79) (76) (90) (71) (27) (35) (78) (44) (69) (6) (2) (100) (31) (22) (30) (43) (92) (99) (1) (34) (18) (45) (12) (65) (83) (24) (20) (11) (46) (87) (57) (68) (28) (23) (51) (89) (40) (84) (60) (42) (7) (10) (74) (61) (52) (16) (58) (13) (70) (62) (26) (85) 
50 (74) (42) (6) (62) (77) (55) (8) (30) (43) (84) (96) (41) (36) (27) (38) (20) (16) (25) (7) (24) (33) (95) (81) (2) (14) (53) (93) (83) (88) (85) (19) (4) (89) (80) (34) (59) (73) (92) (44) (94) (31) (91) (46) (13) (70) (71) (61) (17) (23) (45) (5) (32) (54) (9) (51) (64) (29) (37) (87) (66) (15) (98) (67) (50) (82) (28) (86) (68) (100) 
51 (34) (43) (2) (17) (82) (12) (44) (81) (4) (7) (13) (19) (46) (51) (49) (84) (71) (38) (70) (27) (86) (62) (67) (89) (36) (28) (37) (90) (57) (53) (64) (78) (29) (22) (41) (97) (99) (59) (88) (66) (32) (18) (6) (9) (100) (79) (40) (85) (60) (8) (55) (11) (94) (65) (50) (98) (72) (58) (61) (23) (76) (15) (35) (80) (93) (14) (39) 
52 (6) (20) (30) (53) (3) (99) (57) (37) (13) (64) (81) (78) (14) (22) (39) (69) (44) (63) (19) (83) (51) (73) (50) (27) (79) (90) (66) (23) (96) (65) (93) (59) (82) (25) (56) (9) (11) (15) (38) (52) (88) (86) (46) (42) (16) (26) (91) (12) (95) (72) (7) (49) (94) (45) (92) (85) (5) (18) (71) (77) (33) (2) (21) (48) (17) (84) (10) (89) (31) 
53 (80) (96) (53) (79) (92) (9) (95) (70) (93) (39) (61) (54) (20) (73) (30) (78) (17) (85) (11) (64) (13) (88) (46) (97) (83) (29) (72) (18) (6) (69) (91) (55) (62) (63) (74) (84) (25) (32) (47) (86) (81) (52) (42) (58) (16) (1) (59) (40) (35) (8) (99) (51) (89) (26) (41) (71) (48) (43) (66) 
54 (70) (52) (33) (89) (95) (3) (14) (67) (41) (54) (80) (91) (50) (13) (21) (8) (47) (88) (18) (78) (29) (49) (62) (79) (59) (83) (69) (1) (34) (99) (63) (93) (76) (31) (100) (40) (22) (28) (64) (26) (92) (74) (82) (5) (81) (17) (42) (48) (43) (75) (55) (2) (44) (96) (20) (97) (90) (30) (87) (35) (38) (12) (16) (4) (60) (19) (7) (6) (37) (32) (85) (94) 
55 (66) (52) (32) (87) (65) (4) (89) (22) (6) (49) (92) (12) (23) (2) (81) (43) (13) (3) (50) (11) (82) (69) (25) (86) (85) (17) (27) (19) (55) (79) (47) (68) (35) (56) (57) (60) (53) (40) (16) (96) (48) (8) (41) (72) (33) (39) (78) (100) (67) (84) (74) (42) (1) (71) (61) (15) (9) (80) (75) (90) (99) (63) (46) (95) (45) (28) (36) (18) (14) (97) (5) (58) (93) (91) (51) (70) 
56 (31) (95) (21) (91) (34) (57) (20) (2) (52) (76) (36) (88) (67) (75) (25) (99) (42) (43) (47) (9) (71) (41) (62) (44) (66) (92) (13) (98) (72) (83) (81) (19) (96) (12) (61) (64) (90) (100) (26) (45) (14) (94) (37) (8) (84) (33) (17) (85) (70) (74) (49) (32) (63) (82) (56) (54) (55) (23) (5) (24) (48) (3) (22) (29) (53) (38) (1) (87) (11) (7) (35) (78) 
57 (5) (19) (42) (46) (27) (74) (47) (60) (77) (99) (43) (86) (58) (73) (35) (26) (49) (25) (81) (13) (80) (56) (6) (57) (23) (76) (3) (69) (44) (90) (79) (32) (40) (38) (100) (61) (30) (8) (51) (22) (91) (66) (45) (18) (85) (70) (59) (78) (89) (84) (11) (28) (16) (36) (92) (14) (1) (53) (67) (97) (72) (50) (10) (93) (2) (4) (12) (37) 
58 (80) (56) (50) (90) (71) (5) (69) (96) (98) (32) (19) (6) (37) (14) (25) (47) (30) (88) (29) (66) (31) (41) (12) (97) (16) (39) (83) (93) (43) (64) (57) (63) (58) (10) (36) (9) (82) (44) (87) (15) (33) (72) (46) (75) (78) (100) (8) (60) (54) (42) (28) (74) (1) (17) (18) (84) (53) (81) (26) (59) (38) (51) (21) (24) (86) (27) 
59 (85) (28) (76) (81) (84) (32) (26) (33) (8) (27) (96) (69) (10) (47) (22) (56) (29) (62) (36) (61) (100) (83) (71) (57) (66) (24) (63) (39) (74) (86) (78) (92) (4) (64) (46) (20) (13) (3) (67) (12) (41) (42) (11) (54) (19) (43) (95) (2) (89) (50) (30) (9) (55) (87) (35) (82) (79) (75) (6) 
60 (96) (88) (15) (59) (50) (38) (49) (87) (86) (62) (10) (42) (40) (34) (25) (98) (66) (65) (83) (67) (7) (12) (92) (99) (35) (60) (1) (3) (94) (33) (77) (17) (51) (73) (70) (31) (11) (54) (22) (55) (63) (91) (45) (36) (26) (68) (16) (21) (72) (58) (23) (57) (13) (64) (61) (30) (79) (27) (9) (81) (8) (5) (19) (93) (46) 
61 (69) (15) (10) (59) (84) (78) (17) (55) (71) (20) (53) (39) (91) (89) (40) (4) (31) (75) (28) (60) (94) (72) (81) (29) (83) (80) (100) (30) (14) (1) (2) (87) (24) (68) (79) (99) (25) (11) (67) (86) (35) (3) (57) (92) (38) (43) (44) (47) (33) (73) (77) (90) (46) (22) (51) (21) (42) (34) (93) (8) (5) (41) (9) (45) (65) (62) (82) (85) (37) (56) (48) (54) 
62 (15) (51) (40) (98) (97) (52) (24) (25) (85) (49) (53) (12) (82) (21) (32) (36) (33) (78) (10) (20) (48) (93) (34) (22) (80) (1) (56) (89) (100) (30) (26) (29) (55) (65) (37) (13) (3) (86) (72) (90) (87) (8) (64) (19) (18) (62) (73) (92) (38) (58) (54) (42) (59) (47) (83) (67) (91) (17) (63) (95) (46) (66) (2) (84) (23) (74) (76) (79) (71) 
63 (27) (43) (83) (25) (19) (65) (26) (72) (93) (58) (97) (51) (95) (23) (12) (21) (48) (98) (28) (94) (30) (81) (11) (29) (59) (4) (5) (86) (9) (38) (46) (15) (90) (41) (69) (2) (82) (54) (16) (70) (53) (74) (6) (22) (63) (85) (80) (84) (52) (56) (10) (31) (64) (47) (20) (55) (39) (45) (73) (77) (50) (79) (7) (87) (18) (60) (71) (13) (99) (3) 
64 (61) (30) (81) (23) (67) (22) (14) (78) (36) (59) (94) (18) (92) (72) (58) (85) (37) (32) (60) (87) (43) (69) (26) (13) (5) (41) (38) (76) (35) (54) (95) (50) (25) (53) (75) (7) (45) (42) (82) (8) (62) (63) (47) (9) (1) (16) (55) (88) (74) (39) (27) (29) (99) (77) (10) (20) (33) (65) (97) (31) (100) (48) (44) (68) (12) (64) (6) (15) (73) 
65 (23) (6) (70) (65) (68) (85) (54) (96) (89) (2) (86) (27) (40) (46) (8) (14) (50) (66) (55) (10) (19) (22) (1) (64) (16) (58) (13) (80) (24) (32) (17) (15) (81) (83) (36) (37) (78) (9) (48) (41) (18) (31) (84) (43) (76) (51) (35) (91) (61) (4) (28) (20) (39) (29) (56) (92) (73) (30) (69) (67) (98) (79) (49) (47) (95) (21) (90) (44) (3) (63) (71) (82) 
66 (44) (5) (82) (59) (67) (14) (95) (13) (11) (43) (65) (33) (60) (77) (68) (91) (28) (27) (40) (47) (2) (29) (85) (38) (54) (20) (57) (81) (58) (9) (96) (49) (87) (16) (15) (42) (84) (90) (93) (31) (12) (92) (79) (72) (6) (26) (21) (46) (41) (48) (100) (71) (69) (75) (35) (73) (18) (56) (37) (70) (4) (45) (88) (34) (1) (3) (39) (8) (50) (99) (64) (98) (83) 
67 (69) (98) (45) (20) (51) (63) (90) (25) (6) (11) (27) (14) (23) (49) (75) (30) (40) (43) (3) (82) (77) (10) (56) (96) (83) (81) (91) (70) (57) (31) (85) (68) (86) (4) (76) (48) (79) (46) (37) (33) (73) (66) (87) (8) (32) (80) (22) (61) (52) (67) (35) (7) (62) (58) (55) (16) (72) (36) (28) (42) (94) (19) (39) (64) (41) (97) (24) 
68 (86) (59) (71) (53) (50) (48) (87) (93) (2) (77) (63) (91) (31) (34) (54) (6) (46) (56) (78) (1) (4) (12) (60) (20) (96) (42) (23) (84) (18) (100) (22) (73) (19) (92) (37) (83) (52) (11) (47) (43) (58) (36) (65) (95) (38) (45) (98) (27) (8) (85) (3) (99) (51) (68) (90) (17) (67) (21) (15) (61) (28) (10) (33) (41) (5) (76) (81) 
69 (2) (63) (99) (92) (25) (32) (67) (69) (14) (49) (30) (71) (4) (26) (44) (60) (45) (54) (81) (77) (78) (51) (100) (74) (80) (15) (57) (83) (8) (55) (66) (50) (37) (33) (48) (64) (65) (1) (6) (97) (38) (41) (28) (40) (59) (53) (43) (34) (68) (98) (39) (3) (91) (29) (47) (20) (5) (24) (23) (61) (82) (10) (94) (62) (9) (96) (58) (70) (76) (87) (79) 
70 (21) (29) (58) (22) (23) (67) (5) (71) (89) (81) (87) (47) (78) (90) (15) (34) (100) (17) (59) (6) (1) (54) (52) (83) (30) (57) (77) (33) (7) (98) (19) (28) (72) (41) (27) (31) (37) (24) (16) (9) (60) (40) (20) (75) (35) (36) (62) (39) (25) (79) (68) (51) (2) (95) (43) (64) (3) (82) (65) (42) (45) (44) (48) (11) 
71 (39) (67) (70) (51) (12) (56) (45) (50) (99) (9) (73) (77) (16) (85) (84) (36) (75) (59) (88) (42) (83) (64) (48) (28) (47) (66) (15) (55) (93) (8) (33) (91) (38) (87) (90) (22) (41) (5) (57) (68) (40) (44) (20) (32) (49) (17) (81) (4) (80) (74) (76) (61) (72) (94) (24) (27) (82) (6) (26) (86) (62) (3) (23) (10) (29) (63) (43) (69) (78) (30) (14) (100) (19) (92) (52) 
72 (74) (47) (11) (100) (50) (9) (40) (21) (36) (55) (99) (83) (54) (91) (60) (23) (25) (3) (88) (61) (92) (90) (70) (95) (27) (65) (66) (34) (43) (13) (63) (22) (2) (1) (84) (72) (76) (59) (45) (18) (64) (89) (42) (75) (58) (46) (24) (30) (80) (29) (67) (81) (49) (39) (78) (97) (38) (94) (85) (35) (98) (37) (69) (4) (17) (5) (12) (16) (79) (31) (44) (87) (15) (57) 
73 (30) (97) (83) (58) (56) (79) (14) (24) (78) (57) (64) (68) (92) (6) (87) (88) (53) (32) (8) (43) (85) (84) (25) (73) (4) (45) (41) (98) (71) (7) (51) (96) (22) (9) (23) (50) (59) (75) (52) (18) (67) (37) (63) (93) (74) (40) (62) (44) (26) (55) (15) (86) (29) (47) (94) (76) (81) (28) (16) (13) (27) (49) (39) (35) 
74 (97) (94) (70) (79) (56) (60) (34) (73) (52) (44) (6) (31) (53) (12) (54) (98) (82) (59) (72) (50) (100) (92) (66) (74) (57) (88) (40) (29) (21) (4) (67) (28) (9) (35) (17) (91) (48) (84) (86) (65) (76) (10) (1) (75) (26) (3) (24) (71) (27) (32) (39) (45) (16) (51) (30) (85) (83) (36) (93) (96) (49) (90) (78) (62) (22) (43) (80) (99) (81) (77) (58) (63) (11) (61) (42) 
75 (4) (15) (56) (63) (33) (92) (35) (89) (38) (6) (21) (73) (65) (10) (81) (97) (54) (48) (69) (7) (8) (67) (45) (30) (2) (88) (46) (41) (58) (36) (94) (17) (12) (50) (96) (28) (77) (11) (55) (98) (76) (61) (40) (24) (13) (18) (99) (9) (29) (49) (42) (70) (43) (51) (74) (91) (44) (90) (27) (47) (75) (19) (87) (32) (100) (25) (95) 
76 (27) (14) (28) (37) (58) (55) (100) (92) (66) (96) (93) (29) (85) (65) (18) (2) (52) (75) (15) (1) (54) (63) (91) (56) (31) (42) (30) (20) (6) (83) (25) (32) (11) (41) (36) (35) (74) (8) (48) (47) (97) (68) (89) (73) (60) (67) (9) (5) (3) (17) (10) (99) (79) (77) (64) (21) (23) (19) (94) (53) (95) 
77 (16) (99) (36) (75) (15) (45) (68) (81) (52) (30) (78) (5) (57) (13) (22) (8) (38) (47) (2) (48) (84) (79) (71) (18) (6) (64) (26) (35) (72) (41) (33) (24) (7) (96) (66) (39) (53) (27) (95) (28) (94) (69) (20) (32) (98) (77) (86) (76) (55) (91) (88) (90) (17) (61) (89) (87) (9) (11) (85) (59) (46) (63) (25) (97) (65) 
78 (66) (30) (91) (59) (49) (89) (58) (51) (92) (31) (43) (35) (29) (11) (8) (64) (41) (71) (25) (78) (28) (76) (95) (83) (54) (38) (85) (24) (73) (75) (53) (72) (26) (33) (80) (10) (98) (86) (61) (65) (32) (50) (52) (13) (34) (56) (45) (100) (57) (9) (19) (99) (40) (1) (36) (44) (84) (15) (93) (4) (18) (67) (5) (39) (16) (88) (87) (97) (77) (2) 
79 (12) (23) (61) (79) (78) (69) (81) (13) (40) (28) (77) (68) (56) (70) (63) (84) (49) (39) (37) (92) (76) (1) (5) (25) (14) (22) (55) (74) (45) (38) (11) (53) (3) (9) (17) (87) (4) (88) (41) (72) (30) (58) (16) (48) (33) (51) (43) (80) (67) (6) (62) (32) (18) (24) (7) (94) (50) (64) (97) (95) (15) (29) (73) (35) (2) (34) (44) (36) (8) (89) (54) (82) (86) (93) (47) 
80 (19) (53) (66) (32) (22) (72) (16) (4) (48) (98) (81) (84) (12) (68) (87) (80) (65) (95) (29) (13) (55) (89) (21) (76) (2) (47) (44) (50) (61) (15) (90) (73) (37) (38) (3) (92) (40) (91) (77) (9) (11) (60) (52) (45) (69) (31) (99) (26) (64) (74) (25) (23) (83) (71) (62) (1) (94) (96) (70) (34) (10) (54) (43) (88) (35) (93) 
81 (97) (64) (36) (42) (48) (54) (20) (45) (66) (77) (32) (86) (10) (1) (3) (55) (38) (19) (92) (9) (37) (50) (21) (99) (6) (52) (29) (62) (35) (57) (16) (83) (60) (74) (39) (46) (80) (84) (44) (15) (96) (56) (94) (28) (67) (59) (40) (68) (51) (78) (13) (73) (41) (30) (65) (90) (76) (79) (85) 
82 (17) (47) (87) (23) (5) (58) (15) (76) (25) (54) (91) (69) (29) (11) (97) (50) (35) (43) (34) (78) (95) (86) (77) (94) (20) (56) (62) (24) (18) (84) (27) (41) (33) (21) (89) (26) (31) (9) (81) (88) (90) (68) (40) (61) (45) (53) (22) (72) (37) (19) (99) (96) (4) (52) (79) (74) (75) (82) (44) (3) (14) (30) (6) 
83 (55) (53) (30) (3) (96) (22) (20) (73) (10) (31) (17) (94) (27) (60) (49) (6) (48) (24) (64) (9) (15) (29) (18) (21) (70) (75) (4) (32) (13) (98) (43) (40) (69) (86) (12) (7) (90) (46) (71) (99) (63) (14) (84) (74) (54) (33) (92) (35) (56) (85) (77) (78) (34) (45) (83) (80) (19) (50) (57) (61) (51) (26) (1) (44) (79) (5) (36) (42) 
84 (52) (85) (65) (41) (72) (90) (56) (27) (76) (92) (86) (14) (77) (21) (29) (79) (68) (97) (71) (58) (34) (100) (19) (24) (55) (88) (28) (36) (87) (49) (43) (46) (11) (26) (25) (50) (96) (16) (23) (57) (94) (32) (44) (81) (12) (60) (59) (42) (78) (64) (20) (84) (53) (80) (82) (54) (93) (5) (4) (63) (66) (31) (99) (9) (83) (48) (51) (22) (30) (70) (47) (74) (2) 
85 (47) (3) (79) (99) (20) (93) (39) (76) (18) (5) (35) (96) (10) (1) (55) (88) (31) (67) (74) (17) (62) (50) (11) (42) (9) (100) (68) (85) (87) (97) (90) (56) (92) (66) (49) (4) (19) (23) (86) (69) (37) (6) (43) (82) (53) (25) (22) (75) (89) (30) (7) (32) (48) (52) (80) (54) (45) (46) (21) (57) (65) (81) (58) (91) (59) (78) 
86 (17) (56) (99) (44) (66) (82) (4) (29) (5) (50) (37) (2) (62) (98) (60) (47) (3) (14) (65) (30) (76) (74) (53) (25) (57) (69) (49) (9) (95) (94) (73) (55) (10) (6) (23) (89) (59) (93) (96) (21) (86) (35) (45) (97) (91) (90) (41) (36) (33) (78) (85) (31) (7) (64) (84) (79) (63) (48) (42) (46) (28) (12) (68) (26) (80) (34) (61) (77) (15) (8) (27) 
87 (15) (50) (80) (85) (10) (91) (70) (7) (95) (82) (11) (67) (35) (32) (99) (34) (63) (39) (37) (25) (22) (58) (76) (75) (56) (81) (69) (94) (31) (12) (38) (1) (21) (88) (52) (9) (44) (93) (98) (3) (53) (6) (74) (59) (51) (77) (78) (29) (84) (100) (45) (72) (83) (68) (79) (73) (87) (92) (65) (17) (28) (46) (71) (48) (16) (33) (57) (23) (8) (90) (20) 
88 (62) (81) (74) (55) (56) (42) (71) (5) (88) (58) (27) (25) (61) (83) (48) (79) (28) (64) (35) (60) (1) (24) (52) (6) (75) (16) (23) (7) (44) (90) (34) (57) (98) (31) (82) (8) (84) (14) (70) (3) (2) (66) (89) (92) (95) (47) (67) (51) (4) (41) (38) (69) (21) (49) (30) (20) (12) (39) (86) (19) (29) (93) (40) (99) (91) (32) (63) (78) (36) (59) (80) (73) (85) (33) (18) (68) (37) (50) (26) (46) 
89 (90) (65) (10) (62) (56) (73) (95) (42) (70) (76) (30) (98) (21) (80) (78) (59) (20) (28) (79) (37) (52) (33) (43) (15) (34) (89) (32) (41) (22) (25) (16) (88) (17) (92) (64) (63) (69) (39) (26) (81) (12) (3) (55) (13) (75) (19) (48) (4) (87) (100) (54) (61) (23) (51) (60) (47) (38) (31) (2) (45) (53) (49) (29) (8) (44) (96) (85) (82) (57) (1) (71) (24) (94) (68) (27) (84) (91) 
90 (41) (45) (90) (18) (10) (89) (70) (7) (29) (93) (94) (20) (74) (55) (46) (3) (15) (22) (39) (35) (65) (32) (49) (71) (92) (75) (69) (95) (73) (63) (57) (25) (58) (17) (88) (9) (6) (43) (67) (2) (16) (79) (14) (42) (50) (59) (21) (54) (53) (96) (5) (76) (33) (48) (78) (37) (12) (52) (81) (27) (61) (51) 
91 (4) (93) (24) (18) (19) (76) (89) (2) (100) (51) (80) (77) (58) (87) (63) (16) (78) (79) (83) (84) (67) (90) (33) (11) (12) (97) (28) (96) (10) (61) (57) (74) (68) (3) (99) (39) (25) (69) (6) (37) (43) (88) (66) (64) (36) (45) (98) (22) (70) (23) (53) (60) (29) (32) (55) (31) (40) (26) (72) (50) (71) (5) (46) (8) (30) (62) (86) (9) (56) (38) (42) (49) (27) (47) (92) (85) (15) (82) (54) (59) 
92 (81) (5) (3) (19) (96) (67) (68) (78) (50) (86) (9) (39) (100) (48) (12) (79) (34) (25) (69) (83) (10) (82) (76) (15) (53) (32) (36) (74) (70) (94) (30) (73) (40) (29) (80) (84) (97) (90) (62) (2) (13) (42) (64) (17) (41) (71) (38) (43) (54) (23) (51) (93) (47) (28) (55) (22) (95) (11) (16) (98) (6) (61) (45) (58) (87) (75) (52) (14) (91) (4) (99) (26) (35) (33) (88) 
93 (54) (51) (3) (86) (15) (97) (52) (81) (60) (75) (33) (2) (31) (96) (98) (72) (44) (14) (4) (16) (12) (66) (58) (53) (8) (9) (93) (76) (78) (71) (42) (99) (20) (89) (41) (37) (18) (59) (61) (79) (69) (13) (30) (23) (80) (38) (88) (94) (26) (7) (40) (36) (10) (87) (74) (47) (73) (35) (25) (82) (62) (91) (55) (64) (85) (63) (5) (67) (92) (57) (77) (95) (39) (45) 
94 (36) (99) (55) (100) (27) (74) (91) (73) (54) (71) (83) (46) (82) (75) (28) (70) (79) (48) (93) (32) (87) (61) (62) (81) (29) (92) (47) (56) (59) (80) (10) (23) (16) (12) (44) (7) (60) (2) (17) (35) (3) (43) (26) (14) (31) (89) (65) (95) (84) (45) (6) (8) (98) (69) (11) (13) (38) (85) (67) (76) (39) (63) (96) (86) (15) (52) (24) (4) (37) 
95 (74) (26) (73) (23) (28) (46) (97) (2) (69) (78) (42) (70) (65) (9) (43) (81) (27) (16) (99) (92) (61) (44) (75) (54) (64) (71) (87) (98) (17) (39) (53) (45) (36) (33) (40) (84) (57) (82) (59) (76) (95) (12) (62) (11) (34) (15) (38) (25) (14) (96) (19) (79) (60) (21) (8) (86) (88) (55) (13) (37) (30) (94) (63) (20) (6) (22) (3) (1) (83) 
96 (5) (48) (18) (46) (13) (90) (52) (85) (78) (87) (50) (62) (17) (71) (28) (74) (49) (12) (11) (7) (51) (31) (97) (30) (64) (94) (21) (14) (36) (86) (84) (79) (63) (40) (26) (61) (2) (75) (65) (58) (91) (77) (92) (23) (47) (33) (68) (55) (73) (3) (16) (96) (80) (54) (67) (19) (99) (38) (10) (53) (70) (35) (88) (6) (56) (8) (100) (4) (25) (81) 
97 (62) (66) (45) (22) (2) (61) (83) (21) (20) (3) (15) (16) (30) (79) (5) (14) (24) (69) (93) (18) (11) (90) (9) (33) (29) (59) (56) (87) (26) (17) (25) (50) (96) (52) (4) (78) (77) (75) (48) (27) (58) (73) (85) (82) (44) (99) (94) (57) (28) (6) (86) (35) (60) (55) (67) (23) (70) (12) (63) (74) (19) (40) (51) (34) (92) (41) (32) (7) (64) (88) (97) (71) (72) (36) (13) (49) 
98 (90) (37) (63) (75) (7) (49) (15) (70) (87) (47) (100) (76) (33) (41) (24) (45) (72) (36) (1) (3) (34) (13) (93) (66) (25) (23) (81) (94) (79) (32) (55) (44) (40) (22) (59) (8) (17) (68) (60) (84) (78) (71) (69) (39) (10) (19) (56) (46) (21) (28) (12) (5) (83) (42) (31) (29) (67) (20) (74) (54) (48) (99) (86) (18) (53) (92) (89) (61) (43) (65) (52) (85) 
99 (56) (29) (13) (90) (39) (80) (83) (8) (32) (99) (85) (54) (91) (59) (65) (4) (97) (75) (3) (88) (86) (95) (20) (47) (9) (28) (36) (84) (7) (30) (24) (38) (37) (50) (96) (98) (69) (74) (40) (49) (57) (22) (46) (52) (48) (53) (16) (26) (6) (42) (77) (33) (23) (81) (63) (93) (15) (68) (78) (25) (61) (51) (62) (14) (2) (1) (34) (31) (79) (11) (21) (35) (41) (45) (19) (100) 
100 (53) (55) (23) (96) (41) (52) (48) (60) (95) (45) (70) (40) (63) (39) (98) (61) (97) (25) (28) (37) (93) (75) (44) (100) (29) (33) (91) (21) (88) (11) (74) (79) (24) (87) (9) (86) (78) (72) (76) (3) (30) (32) (73) (66) (31) (83) (2) (26) (51) (19) (50) (16) (69) (84) (36) (89) (18) (22) (65) (15) (62) (92) (10) (77) 
