0
100
100
1 (50 45) (83 81) (91 9 92) (85) (51 59 73 71 11 52 13 72) (32 24 56) (93) (15 44) (12 62) (41) (16) (82 30 87 60 99 18) (33 36) (69) (47) (25) (66) (38 4) (68) (90 17 64 27 76 77) 
2 (35 10 36 42) (19) (51 41) (81) (28) (7 4 96 92 48 26 63) (94) (30 43) (25 2 78 69) (13 93 15) (90) (24 59) (72 73 88 31 75) (45) (98) (23) (57 67 84 22 95 49 70 65 44 37) (87 86) 
3 (26 8) (64 51) (41 72 16 43 29) (31 33 46) (70 74) (9 2) (56) (32) (78 24) (82 21) (18) (77 53 91) (48) (87 38 11 55 68 95) (42 96) (45 37 28) (47 67 88 22) (86) (93) (92 58 27) 
4 (5) (90 69 27) (23 98 46 43) (68) (55 79 10 50 86) (66 84) (38 31 21) (37 44 76 83 58 59 15 97 70 62) (88) (32) (73) (39 96 85) (14 95) (61 75) (77) (64 81 6) (56 34) (94) (26 57 8 87 47) 
5 (63) (10) (48 68 77 41 4) (54 23) (32 26 50 72 88) (31) (89 15 47) (55) (18 16 62 71) (35 44 60 70) (45) (27 96 93 69) (30) (80) (2 91) (95 66 38) (98) (79 97 81 59) (64) (65) (36 86 40) (99) (52 53 83 17) (21) (19) (39 85 84) 
6 (75) (79 78 40 68) (63 91) (73) (4) (96) (13 3) (93 21 51) (27 98 1 57 41 81 64 55) (52 58 76) (65 25 46 54 50 71 9 74) (22 97 88) (61) (70 59 47) (44 2) (30 95 19 92 33) (43 94 15) (56 12 84 53 82 6) (86) 
7 (32 72 53 73) (22 79) (65 27) (25 62) (11 74) (97 55 66) (8 81 17) (52 10) (57 38) (47 35 91 6 85) (96 28) (41) (88 68 14 80 56 60 18 63 69 16) (89 94 31) (33 82) (75) (71 46 77 70) (83 34) 
8 (24 32) (33) (46 34) (92 81 76) (59 5) (41) (90 6 100) (9 8 45 44 96) (26) (25 73) (1) (91) (64 27) (28) (84) (22 16 74 29) (47 15) (30) (39) (68) (14) (70 38 12 71) (98) (80) (57) (77) (4 78) (75 17 87 79) (11) 
9 (83 2) (8 87) (63) (7 25 93) (81) (39) (74) (76 16 50 52 6) (23) (90) (84) (61 40 10 58 13) (9) (21) (45 69) (5 36) (99 82 96 91) (30 66 64 94) (29) (15 32 86 19) (37 20 53 85 72 95) (60 98) 
10 (76 18 26 49) (1) (68 30) (64) (5 13 11) (87 72 80 82 67) (17 52 3) (69 19 10 20 39) (50) (81) (43 47) (84 93) (95 53 100) (73 8 89 38) (12) (23 29 91 48 4 35 86) (6) (31 21 55) 
11 (82) (13 65 2) (62) (67) (6) (9 68 36) (22 51 40 86 31 71 89 96) (26 79 85 100 32) (94) (35) (16) (77 60) (17) (74) (47 83) (70) (92) (43 20 57 24) (14) (55 41 80 78 12) (49 88) (1 72) (99) (44 81 34 93 4) (48 15) 
12 (18 52 14 89 67) (45 12 4 21 99) (72) (20) (56) (2 31) (97) (5 38 84 39) (26 64 22 58) (24) (41 68) (57 16) (49) (100 61) (25 86) (81 88 32 69 91 15 1) (96) (87) 
13 (32) (49 5) (89 38 40 9 74) (1) (39 76 13 2 33 37 88) (18 77 57) (73 66) (90) (4 59) (82 54 27) (19 97) (56 84 65 44 75 100) (23 53 28) (81) (10) (87) (91 43 55 21) (85) (61 52 31) (51) (80) 
14 (3 54 19 61) (65) (50 76 4) (91 89) (69) (14 51 53) (12) (66 27) (80) (85 40) (42) (38 87 34) (55 39 71) (68) (79) (49) (93 22 29 36) (28 64 59 1 62 75) (17 82 58 2 21) (5 35) (44) (26) 
15 (46 99) (44 69) (94) (23 4) (1 5) (87 28 43 10) (64) (30 70 31) (74 16) (61) (3 9 8) (58 20) (93 38 47 83) (13 92) (17) (55 15) (49) (68 21) (27 78) (98 73 26 96 82 80) (89 72 95) (51) 
16 (25 16 89 53 24 61 67 45 10 84) (63) (97 31 79) (77) (18 47) (74) (27 76 17 30) (9) (41 64) (57) (55) (36 95 46) (39 68) (92 80 33) (58 96 90 21 71) (40) (50) 
17 (30 82 46) (62 17 65 75 18 94 15 14) (70 4 26 24 99 54 7) (98) (66 6 76) (74 78 88 5 93) (77 59 58) (57) (10) (34) (83 60 16 42) (92) (95 39 33) (45 11 73 40 49 29 72) (85 3 13) (23) (84) 
18 (25 16 89) (67) (23 43) (9 26 94) (48) (83) (12) (31) (68 19) (84 10 81 15 1 52) (91) (63 97) (18 17 77 74 57) (2 41 38) (64 65 8) (47) (73) (93 6 45 95) (72 33) (39 85) (5) (79) (82 59 100 69) 
19 (95 6 2) (24 25 18 7) (20 90 83) (32) (40 75 21 5 26) (58 71 37 69 1 65) (38 73 78 99 14 98 74 64) (100 59 42 35) (44 89 50 56) (77) (86 33) (19) (72) (79) (80) (54 45 23 97 3) 
20 (79 83 45 14 19) (15) (1 78) (18 20) (60 7) (76 48) (39 31) (32 68 98) (93) (4 58) (17 86) (87) (11 91 84) (56) (55) (81) (6 36 71) (88 23) (90 64) (53 27 100 89) (74 3 22 92) (33 94 97) (75) (9) (10) (82 46 65) 
21 (26 89 8) (72 61) (62) (40 81 25) (82 100) (55) (58) (13 22) (41) (94 28) (43) (47) (69) (57) (52 63 33 64 99 35) (20 44 42 46) (21 14) (50) (16 84 71 48) (77) (59 90) (98) (66 19) (27 76 3 29) 
22 (66) (80 33 46 100 2 27 83) (16) (97) (11) (73 21 17) (75 20) (54) (22 99 79 28 77 70 23) (68) (84) (92 7 69) (96 85 45 78 88) (49 74) (71) (37) (34 26 6 67 3) (90) (25) (64) (9 50 93) 
23 (57) (73 40 25 59 71) (56) (35 44 3) (43) (53 98 61) (79) (94 31) (37) (29 100 1 66 8 15) (86) (36 85) (21) (38 32 58 92) (96) (74) (45) (54 41) (91 10) (80 93 39) (63) (55 11 60 89 7) (23) 
24 (15) (93) (55) (65 35) (29 92) (19 42 79) (83) (95 58 68) (99 31 54 49 6 37) (57 16 26 43 22 25) (80) (73) (64 44 71 48 7 59) (41 88 32 11 63) (9 13 14 76 98 34) (62 4 10) (56 77 74) (75 38) (8) 
25 (83 33) (86 54 85) (58 39) (13 44) (67 46 41 94 29 62 70 75 48 15) (21) (11 23 18 72) (91 47) (38) (12) (80 84) (95) (68) (89) (100 9) (88 57 74 90 78 32) (66 19) (14) (98) 
26 (1) (61 35 64 14) (12) (5) (10 42 45 85 28) (40) (31 97) (3 37 51 72) (8 91 60 78 15 32) (94 6) (22 26) (49) (29) (71 83 79) (54) (62) (67 65 24) (56) (16) 
27 (22 23) (55) (1 35 57 43) (29 51 5 92) (74 87 78 99 37) (61) (31 100) (63) (64) (56 77) (20) (91 30 33 34 95 28) (59 89) (8 62) (45) (54 94 84 2 93 15 38 97) (16 7 65 6) 
28 (59 89 91) (82 33 34 39 29) (53 95) (18 13 94) (42) (30 48 80 66 60 84) (31) (71 67) (40 58) (85) (47 14 90) (8) (55 62 79 21) (37 72) (24) (87) (81) (83 22 4 6 96) 
29 (72 93) (57 62 77 60 49 32) (34 61) (9 28 76 26 58 67) (71) (80 100 86) (45 98) (2 46) (94) (82 64) (40) (87 55 97 59) (84 43 88 27 56 8) (48) (16 4) (81) (22) (29) 
30 (92 66 83) (58 61 64 78) (84) (43 39 95) (28 34) (79 27) (24 72) (37) (33) (14) (41 42 9 36) (68 80 57 91 94 49 55 48) (54 50) (17 46 71 87) (63 30 65 13 21 29) (18) (70 47 89) 
31 (11 17) (96) (30 68 64) (27) (4) (60 54 45) (85) (14 32 3 1) (9) (55 44) (81 21) (49) (38 86 13) (66 71) (84 7) (53 19) (56) (20) (88) (48) (94 98 83) (51 93 22) (34 78 97) (87) (23 41 75 59 42) (82) (25 10) (39) (65) 
32 (89 8) (15 63) (39 19) (73 57) (58 40 33 100) (67 71 43 64 94 32 70 27 68 35 79 31) (87 62 51 6) (77) (48 16 42) (2) (24) (29) (17) (23) (22 45 85 52 3) (14 92) (50 38) (47 26) (88 96 5) (93 95) (59 25 30) (11 28) (4 34 7) (44) (66) 
33 (50) (61 32) (45) (57) (91) (2 65) (40 89 100) (15) (20) (19 42) (67 73 99 49 85 39 18) (81 4) (10 38 11 37 22) (41 97 5 72) (69) (76) (78 33 77) (52) (95) (58 1 93) (46) (7 8) (64) (54) (31 3 9 94) (84) (51 74 86) 
34 (66 34) (20) (85 14) (63) (41) (7 79 9 95 84 31) (18) (3) (69 49 67) (46 78) (42 77 62 11) (29 50 61 97 39 48) (71 98 92) (59 82 99) (2 94) (60 27) (83) (55) (57) (26) (88 10) (81 12) (76) (56) (52 6) (17) 
35 (36) (63) (34 66) (32 52 56 83 5 81 60) (65) (75 96) (10 93 88) (95 64) (20) (41 31 42 15 37) (12 53 72) (39 58 57 27 49) (84) (4 61 8 14 7) (91 18 87 89) 
36 (27) (36 10) (17 97 37 21 9 75 99 34 16 68) (19 6 83 18 100 63) (78) (52) (11 30 98 77) (50 3) (49 46 93 88 60 31) (14 86 2) (62 70) (25 91) (38) (69 84 61) (4) (79) (45 23 40 15) (64) (89) (29 1) (53) 
37 (36 24 42 12 52) (17 68 61 13) (76) (46 77) (14 34 4 51 16 83 89 38) (26 79) (82 94 56 18) (97 73) (40 30 21 54 91) (27 2 85 58 23 72 93 66 47 57 29) (44 5) (71) (80 8) (64) 
38 (58 5) (94 74 26 92 99 83) (55 30 67 24 68) (81 7) (95) (46) (21 97) (23 1 54 34 10 84 71 63 82) (51) (78 12) (61) (39 8) (90) (35) (87 98) (60 80 19 48) (32 62 27 70) (3 77) (75 64) (69 85) (45) (66) 
39 (24 18 73) (77 47 54 100 40 65 27 67) (12 61) (82 9) (32 74 45 70 39 76 99 3 69 59 56 2) (55 29 8 80) (87 58 33 25) (22 81 60 49) (43) (91) 
40 (5 2) (26) (98) (46) (73 49 53 76 54 10 4 93 59) (27 45) (42 12) (30 43) (77 34 7) (13 20 86) (38 72 57) (58 60 23 88 89 91) (84) (81) (18 63 32 28 50) (97 83 92) (90 24 55) (78 96 69 67 8) 
41 (21) (26 31 39) (37 22) (85) (44) (2) (86 9) (47 16 52 87 49 40) (90) (60) (94) (96 30) (15 4) (53 48 33) (83 91) (41) (97 68 70) (63 78 71) (27 36 65 92) (34) (84) (56 57) (7 46) (45) (58) 
42 (6) (21 57) (66 17) (3 69) (5 39) (31 80 77) (9 53 30 23 59 97) (92) (24 12 76 75) (41 13) (36) (1) (96) (71) (65) (93) (26 4 11 68 58 78 44 91 43) (85) (45) (40 8) (2 51 72 99 32) (83 46 19) (73) 
43 (83) (50) (25 79 89 35) (38) (27) (68 54) (21) (92 55 78) (12 37) (63) (62) (64) (51) (17 41) (44 40 70) (69) (100 20) (23 73 2) (99 84 47 26 32 61 36 11 43 65) (39 94 59) (6) (57) (15) 
44 (57 72) (51 29 33) (73) (90) (92 9 63) (60 100 56) (89 86 16 77) (47 45 13 52 96) (4 20) (44) (70) (22) (79 75) (3 61 59 49) (15 68) (97 38) (25 18 67) (31 19) (50 30 82 40 58 64) (84 91) 
45 (44) (83) (56 87) (33 54) (36) (7 73 91 3 66) (90) (82) (10 64) (51) (1) (38 65 6) (92 24) (31) (48 22 27 84 52) (60 98 18) (21 61 9 63) (12) (67 46 29 23 30 74 62) 
46 (96) (19 88 73 43 81) (97) (35 15 67 18 80 33) (2 12 76) (79 52) (63 24) (26 44 47 49 25) (66) (39 69 99 74) (31) (55 84 57) (34 78 17 51 72 3) (68 98 64 23 61) (46) (40) 
47 (91) (58 24 93 80 70 49) (88 57) (48 79 92) (25 9 27 42) (53 44) (35) (5 90 86) (39 21) (33 82) (100 19) (78 84) (67 98 94 45 43) (64) (52) (41) (77) (23 97) (2 87 96 34 10) (7) (75 85 81) (99 54) 
48 (5 94 69) (7 62 52 31 36) (49 53) (98) (29) (15) (8 6 67 57 35 38 75 32) (76 21 22 54 83) (28) (13 44 41 34) (71) (39) (50) (58 95) (81 17 66 63 20) (85 47) (48) (33 84) (80 14 18) 
49 (81) (51 46 21 69 58) (89 64 15) (66 86 20) (70 19 26 52 5 55 49) (84 88 94 8 50 35 74) (96 40) (82) (59) (57) (28 31 3) (76 9 65) (23 91) (73) (34) (99 4) 
50 (3) (54) (72 88) (67 87) (91 14) (46 83) (36 98 8 66 18 5) (76) (4 58 79 50 100) (69 63 6) (23 86) (92) (75 90) (19) (59 38) (51 49) (73 47 12) (78) (56 24) (85) (89) (7) (16 42) (11) 
51 (7) (93 8 79 85) (82 89 99 49 54) (46) (62 74 40) (67) (51 2 32 1 41 22 81 98 26) (66 29 36 47) (53 83 72 78 87) (6) (27) (45) (55 37 43 24 11) (80 28) (63 58) (100 10 95 38 65 16) (90 14 18) 
52 (98) (17 46 89 27 96) (13 51 15) (68 63) (47) (94 40) (72 11 44) (32 53) (36) (21) (83 56) (20) (85 6 4) (45) (66) (35 25) (74 18 54) (95) (43 90) (76 2 24 7 28) (84 92 60) (65) (79) (12) 
53 (6) (52 11) (42) (17 1) (47) (27 2 91 3 74 79) (7) (32 50) (31) (70 89 64 43 28) (53) (78) (57 44 20 99) (25 33) (100) (62 90 98) (40) (16) (45 92) (48 82) (55) (35) (93 58) (66 12) 
54 (44 100 4 38) (12 78 39) (73 13) (20) (53 30 59) (65 6 25 70 49 8 26) (67) (88) (64 71) (58 2) (23 55) (45 35) (84 14 66 98 41 63) (62 21 48 11) (42) (10 81) (36 1 82 94) 
55 (18 31 70) (51 83) (62) (33) (57 54 58 43 68) (92) (42) (39 37 98 79 82) (93 25 56 5) (27 97 84 90) (64 32) (23 40 26 8 88 20 52) (17) (44 19) (85 41) (14 29 38 50 24) (55) 
56 (20 27 47 8) (10) (17) (62) (68) (11 21 42) (1 22 77 54) (69) (100) (4 60) (33 50 30 14 16 96) (84) (66 35 52) (18 78 26 53) (32 82 34 5 48) (90 88) (58) (63) (70) (7 6 31 81) (56) 
57 (73) (94 46) (25 56) (39 57 71 80 96 23) (88 93 58) (35 70 53) (54 21) (10 24 16 32 52 34) (19) (45) (22 36) (26 91 30 76) (20 62 43 15 90 75 31 84 74 17) (37 77) (60 47 82) (99) (38) 
58 (12) (33 54) (34) (45) (40 5 10) (11 44) (57 72) (93) (2 60) (38 46) (98) (65 58) (94 96 14) (91) (28) (36 42) (30 78 25 67 74 13 32 89 16) (9 76) (80) (50 81 85 87) (27) (51 61) (1 53) 
59 (95) (36) (9 15 37) (54) (63) (47 22) (90) (93 71) (73 23 59 82) (8) (29 1) (65) (19 62 87 92 11 5) (57) (77 32 91) (14) (66 89) (45 21 51 49) (28) (41 27) (13 56 94) (50 44 42 20 75 33 99) (39) (48) (53) 
60 (45) (50 18 57 97) (100 4 19 64 5 89 66) (29) (25 51 11 65 27 83) (15) (7 77 81) (99 55) (46 16 68) (2 31) (14 90 63 69) (35 98 36 92 87 23 53 37 79 67) (28 70 80 72) 
61 (55) (15) (20 79 67 36) (35 30) (17 9) (11 81) (64 89) (42 61 38 41 1) (8 47 75 87 54 78 97 58) (85) (66) (82 49 99) (69) (63) (59 22) (91 84 13) (12 3) (29) (31) (7 74) (37) (26) (83 93 92 90) (10 94 40) (23) 
62 (79) (67 88) (69) (33) (46 45 74) (84 57 37 78 99) (34 80 72 51 73 98 59) (28) (96) (91) (52) (68 64) (39 41) (2 40 65 10 89) (86 42 58) (25) (97 22 3) (50 20) (62) (27 24 76 87) (14 1) (95) (26 6) 
63 (51 45) (49) (26 74) (58 75 60 32 20 46 5) (70 84) (28 42 22 97 63) (10 38 95 29 44 67 35) (19) (79 31 77) (12) (91) (1 65 100 89 78 56) (9) (94 17 30 85 90) (21) (88 16 99) 
64 (90) (10) (61 77) (54 65 78) (11 75 67) (39 93) (59) (46 16 49 95 64) (89 82 69 98) (97) (56) (80 6 22) (32) (86 2) (17 23 99 79 58) (1 50) (12) (84) (29) (91 5 31) (8 60 88) (19 96) (37) (47) (74) (20 25) 
65 (54 5) (30) (75 89) (97 15) (2) (87) (59) (67) (23 28) (34) (91 93 41) (62 1) (44 29 4) (66 53 65) (21) (43 81 32) (70) (19 100 27 88 3) (7 10 18 38) (12) (25) (24 96) (84) (47) (51) (17 77 36) (72) (83) 
66 (98 53 25) (14) (82 89) (36) (12 60 69 10 5) (42 80 95) (1 65 17) (68 71) (90 91) (62) (72 24 20 50) (32 48) (63) (29 22) (100) (75 55) (92) (4 19) (16 47 43 2 52) (23) (18 79) (64) (51) (8) (85 74) (66) 
67 (44 64 36 39 69 30) (75) (62 28) (89) (87 53 65) (98) (35) (7 13 33) (77 54 25) (31) (27 23 63 91) (82 34 8 14 46 71) (57 60 90 20 21 43 80 47 88 94 72) (100 45) (38 73 79 5) (11 93 92 96 51) (16) 
68 (6 15) (28 11) (4 90) (14 87 17) (16) (59) (58) (54 44 61) (96 71 85 5 98) (43 83 74 40) (22 79 2 29) (24) (18 73 78 12) (32) (36) (50) (31) (42) (30) (70 67 86 84 82 51 95) (64 100) (94 34) 
69 (7 11 1) (34 38 71 88 21) (94 33) (5 58) (55) (83) (48) (52) (76) (49 90 53 63) (32 20) (69) (65) (50 37 54 68) (60 57) (4 29 93 64 27 45) (42 3 86) (22) (59) (99) (30) (16 44 56 24 81 78) (73 84 40 72) (70) (47 31 18) (28 51) (36 66) 
70 (2) (83 81 66 8 71) (25 91) (49 43 85 6 55 80) (26) (92) (20 4 51) (47 7 73) (38) (72 15) (74) (30) (56) (76 63 79 75) (70) (45 18) (19 58 42) (62) (88) (34) (11) (53 90) (68) 
71 (36 54 73 74 63) (19 30 44) (40 86) (13 39 6 71 83) (50) (97 43) (67) (28 23) (90 33 65) (34) (48 100 60 53) (9) (84 59) (31 81) (27 5 69 17) (77) (14) (92) 
72 (37 34 9) (58 12) (69) (31 44) (3 71) (22 60) (41 27) (93 51 62) (45) (1) (43 61 20 90 95 64 56 73) (68 54 2 66 81 26 74 55) (7) (38 85) (30) (8 21 46 76 50) (83 86 82 5) (52) (18 47) (4) (91 49) (63) (19) 
73 (89) (35 97 90 85 62 93 23 17 37) (57 34 19 39 53) (91 27) (4) (50 56) (2 42) (33) (43) (22) (24 9 12) (30) (26 63 47 20 65 31 77) (83) (15 71 72) (13) (59) (52 7) (66 75 14 49) (10 73) 
74 (88 100) (44 75) (12) (98 79 1) (7 2) (14) (34 40) (87 85) (30) (24 72 86) (45 48) (74) (6 76) (50 15 52 20) (37 9) (80) (47 83 46) (56) (93) (95 36 57) (17) (53 84 23) 
75 (72) (100) (46 91 53) (16) (11 35 65) (84 97) (74) (73) (43 98) (41 6 50 60) (29) (61 2 75 42 80) (58) (32 12 59) (47) (86) (70 85) (9 69) (82) (26 10) (71 15) (21) (78 62 81 79) (55) (66 20) (48) 
76 (79 55 19 28 73 45 6) (1) (53 33 21 86 11 40) (91) (68 57) (97 35) (7 30 31) (70) (3 77 59 38 15 16) (71 66) (47) (32 88) (67) (36 95 60 39 17 22 41 4 63 89 49 93 8 56 5) (46) 
77 (51 95) (49 96 61 7 68) (70 66 97) (21 2 75) (27 54 12) (26) (88 16 58) (32 11 14 35 85 77) (15) (5) (59 92 99 29 31) (46) (4 74 71 86 55 91 56) (37 45) (40) (73) (100) (3) 
78 (29) (59 42 28 49) (14 62 77) (93) (35) (54 94) (21) (47) (73) (12) (2) (86) (64 31 22 20) (44 91 90 72 97) (79 30) (5 1 65 70 16 36 17 19) (41) (7) (82) (75) (38 6) (48 45 37) (85 71 89 60) 
79 (39 61) (2 16 42 69 86 23 93 99) (8) (28 32) (65) (55 62) (83 3 87) (53) (100 21 94) (19) (13 31 79) (49) (35 95 72) (88 22 4 34 81) (51 1 45) (17 64 25) (70 30 63 71 44 10 18) (66 67) 
80 (89 72 95 85) (58) (91 60 69) (48 88) (49) (39 45) (44 28 21) (41 38) (6) (87) (8 92 55) (67) (11) (15) (94 16 59 70) (3 98 14 74 81) (54 31 52 22 27 42) 
81 (33) (6 74 27 52 59) (35) (100 57 54 86 15 30) (12 11 51 49 70 71) (91) (36 17 29) (22 76) (42) (3 72 45) (55 46 14 79) (21) (31) (24) (69) (90 73) (39 26) (32) (53 84 88 66 83 9 38 60) (95) 
82 (37 4 15 41 39 100) (86 87 88 58 14) (33 27) (47) (66 8) (48 45 69) (16 50 59 53 26) (85 51 92) (91) (64) (73 82) (96 18) (61) (40 42 78 7) (6 2 17 67 44 93 81 56) (22 36 89) (31) (34 28 3) (10) (38 12) 
83 (61) (14) (9) (34 18 81) (59) (64 48) (27 49 75 7) (78) (90 84 62) (19) (26 29 12 87) (70 4) (30) (35 71 51 99) (28 60) (33 95 53 91 57 37) (55 11 13) (68) (56 54) (80 85) (10 36) (2 50 76) (39) 
84 (40 83) (15 63 99) (52) (61) (96) (36) (46 34) (5 76) (8 77) (23) (81 79) (80 31) (75 69) (35 64 54 87 56 48 84 22 73) (39 51 2 71) (59 88) (41) (98 4) 
85 (40 38 46 90 28 64 20 60) (68 27) (7 10 59) (37 1 94 89) (26) (5) (21) (73) (80) (11 55 8) (82) (76) (71) (14) (9 29 97 33) (99) (93 79 75 48 49 95 17 16) (65 77 18) (44) (12 19) (69) 
86 (73) (69 4) (39) (41) (42 64 58 56) (30) (45 57 53) (44 33 59 26) (62) (75 19) (90) (18 17) (49 84 22 37) (93) (60 76) (7 3 21 11 66 70 32 91 95 63 35 99 54) (36 68) (80 5) 
87 (50) (30) (61) (4 88 83 19 56) (66 97 6 34) (89) (26 16) (98) (84 96 42) (62) (63 47 49 22 58 39 92) (13 41 29 5 90 44 11) (10 59) (37) (8) (99 87 1) (38 53) (75 12) (69 72 60) 
88 (11 38) (73 53) (55) (85 95) (63) (86 49 24 45 43 7) (25 96 9) (81 18 10 57 58) (12 97 37) (46) (68) (93 60 2) (22 8) (20 4) (51 79 87 78 40 88) (80 5 30 82) (19) 
89 (75 46) (32) (79 86 44 80 10 61 83) (55 81) (89) (71 70) (92) (52 40 54 45) (28) (82) (51 22 36 97 37) (100 84 27 95 67) (41 99 20) (16 6) (78 66) (3 5) (53 12) (47 69 13) (9) (59) (64) (87 77 18) (50 1) 
90 (72 18 87) (55 81 85 99) (80) (76 50 36) (7 54 11 33) (29 65) (3 92 39 73) (1 47 95 6 75 25) (91 5 43 77 20) (2) (35 24) (44) (46) (19 38) (82 9 83) 
91 (28 4 14) (87 29 100 89 84 96 75 57 30 1) (52) (65 85 86) (48) (18 35 8 16) (10) (2) (5 58) (67) (88 9 27 95 51 32) (31 63 71 44) (47) (81 46 33) (97 53 60 76) 
92 (3 54) (49) (63) (50 74 37 21) (85 93 12 34 30 67 92 52) (8) (81 72 24 84 87 47 1) (62 4) (48 77) (56) (58) (95 51 91 59 94 33 43) (90 61 36 20 86) (89 78) (88 80 6) (38 68) 
93 (19 40 37 83 45 13) (58) (94 82 71 69) (78 95 25 65 17 7 2) (67 32 72 100) (18) (84) (20 76 39) (27 43) (62) (89 33 80 81 23) (36) (90 8 1) (6 92 26 77 91 68 50) (56 66) (30 85) (54 73 46) 
94 (15) (75) (78 56) (94 12) (83) (40 67 13 65 32 77) (79) (89) (90) (59 35) (2 62 76 47 53) (71) (95 45 61 30 5) (85) (52 8 88 48) (99) (64 74) (98) (38) (82) (49 25 70 63) (11 73) (72 1 22 27) (84 14) (17) 
95 (80 77 94 16 70 72 21 5 31 38) (51) (53 35 10 71 27) (18) (85 61 67 96 9) (73 56 30) (22) (14 36) (64 99 6) (7) (87) (32) (69 81 57) (41) (13 92) (83 97 86) (79) (50 54) 
96 (51 17 45 74) (41 2) (5 66) (23) (30) (25) (18 15) (28) (98) (1 87 59) (43) (24 68) (26) (79 34) (72 16 93) (82) (31 53 61 60 35 62 76 92 47 89 84) (55) (3 4 39) (19 32 50 78) (37 54 64 71) (95) (20) (88 52 21 36) (42) (29) 
97 (24 63 20) (64) (39 18) (36 22 98 55 29) (31) (17 32 80) (7 13) (9) (71 83 40) (26) (19) (57 79 33) (5 87) (21 15 38 49 75 25 96) (53 59 37 82 92) 
98 (98 25 9 17) (73 33) (48) (99) (29 65) (46 14 5) (36) (24) (56 57 54 34) (18 91 13 40) (32) (15) (79) (55 88 7 44 69 26) (6) (43) (80 90 94 1 27 68) (76 42 78) (8 45 62 47 86) (21) 
99 (49) (83) (8 74 65 21) (67) (81 48) (50 100) (92 28 14 52) (37) (51 15 44 53 41) (84 5 40) (13 88) (66 9) (12) (60 46 31 86) (64 90) (68 18) (93 26 82 94) (63) (27 98) (39 6 72 73 75) (29 10) (32) (23) (96) (79) (71) 
100 (78) (43 39) (35 69) (10 36) (66 79 52) (89 42 100 68) (80 64 37) (71) (76) (95) (15) (75 99) (23 40 55 2) (18 57) (94 67 47) (12 14) (65 59 54 24) (73 87 88 70 60 9) 
1 (18) (54) (93) (96) (61) (6) (66) (19) (92) (72) (76) (15) (26) (12) (56) (74) (94) (90) (53 87 91 58 10) (51) (89) (85 36 14 69) (20 64 27) (78 13) (62 11 33 59 45) (23) (65 31) (38 98 63 79 42) (8) 
2 (3) (77) (96) (51) (14) (34) (79) (66) (37) (27) (22) (9) (12) (70) (39) (68) (74) (73) (83) (78) (54) (90) (29) (32) (62) (53) (65) (41) (72 19 13 6) (36 75 18) (33 46) (94) (5) (52 93 42 88) (64) (100) (91 60 2) (82) (40 47) (11 43 84 58) 
3 (76) (39) (20) (6) (80) (42) (92) (17) (38) (36) (26) (14) (19) (10) (34) (69) (33) (45) (96) (23) (15) (82) (53) (31) (21) (44) (65) (90) (50) (32) (22) (81) (89) (86) (62) (46) (61) (72) (77) (49 79) 
4 (8) (36) (60) (44) (5) (14) (2) (12) (86) (87) (54) (91) (31) (6) (11) (56) (79) (17) (42) (65) (33) (70) (49) (66) (83) (92) (84) (77) (29) (24) (15) (69) (40) (35) (1) (73) (72) (52) (88) (68) (41) (28 37) (96) (13 82 50) (76 20 10) (32) 
5 (42) (68) (77) (10) (47) (56) (35) (37) (84) (4) (26) (17) (67) (96) (64) (13) (12) (65) (48) (86) (19) (49) (59) (66) (40) (88) (32) (85) (78) (38) (87) (18) (99) (15) (90) (72) (50) (89) (97) (91) (14) (69) (76) (8) (60) (55 95 33 58) (94) (98 71) (63) (9) (27) 
6 (42) (74) (8) (11) (19) (28) (26) (56) (43) (90) (64) (7) (34) (92) (4) (70) (54) (93) (10) (6) (76) (89) (75) (78) (27) (82) (45) (50) (36) (48) (22) (80) (32) (53) (71) (9) (98) (99) (52) (20) (87) (51) (81) (17) (95) (18) (68) (62) (24) 
7 (53) (82) (73) (77) (90) (86) (98) (70) (76) (56) (52) (72) (48) (22) (51) (97) (93) (85) (17) (31) (65) (27) (88) (83) (95) (40) (24) (23) (33) (74) (20) (41) (67) (9) (35) (61) (2) (34) (38) (60) (45) (50) (69) (78) (19) (32) (47) 
8 (7) (80) (54) (72) (50) (61) (56) (35) (79) (39) (48) (84) (87) (67) (4) (9) (99) (49) (28) (42) (32) (93) (98) (15) (29) (51) (23) (38) (88) (40) (66) (85) (3) (70) (18) (33) (10) (59) (24) (27) (82) (37) (64) (94) (26) (76) (8) (55) (91) (92) (21) 
9 (49) (9) (72) (58) (39) (63) (24) (61) (100) (99) (95) (42) (1) (36) (90) (85) (31) (81) (18) (11) (33) (59) (15) (6) (30) (22) (25) (91) (89) (88) (29) (98) (45) (16) (74) (83) (97) (47) (13) (71) (73) (34) (8) (3) (44) (20) (41) (75) 
10 (17) (62) (82) (13) (73) (99) (51) (24) (20) (85) (87) (45) (4) (75) (58) (66) (89) (61) (7) (15) (57) (54) (16) (9) (64) (56) (31) (40) (91) (47) (10) (34) (18) (63) (26) (79) (83) (33) (100) (36) (5) (88) (65) (2) (35) (95) (38) (23) 
11 (42) (54) (1) (32) (22) (17) (70) (88) (56) (34) (36) (77) (50) (60) (8) (83) (76) (3) (20) (90) (86) (75) (85) (81) (80) (23) (69) (25) (24) (58) (43) (68) (31) (33) (87) (7) (51) (64) (59) (67) (52) (94) (10) (53) (61) 
12 (12) (26) (85) (10) (65) (54) (64) (25) (61) (66) (8) (52) (53) (18) (89) (99) (35) (1) (78) (34) (43) (6) (94) (92) (87) (88) (75) (50) (68) (100) (42) (63) (40) (39) (77) (58) (38) (11) (45) (72) (83) (46) (37) (81) (74) (14) (73) (82) 
13 (48) (24) (10) (98) (9) (17) (40) (30) (31) (25) (11) (15) (28) (37) (97) (6) (21) (71) (99) (59) (87) (79) (83) (95) (58) (73) (67) (89) (94) (13) (54) (2) (52) (93) (44) (61) (1) (42) 
14 (17) (98) (30) (74) (20) (55) (81) (36) (34) (54) (25) (8) (60) (51) (32) (26) (99) (28) (73) (35) (95) (7) (77) (21) (59) (80) (78) (68) (85) (14) (12) (82) (50) (67) (83) (37) (58) (48) (56) (71) (91) (94) (31) (11) (100) (19) (62) (4) (66) (24) 
15 (41) (84) (52) (2) (49) (27) (68) (12) (8) (48) (43) (61) (74) (17) (15) (24) (77) (20) (97) (75) (46) (98) (35) (57) (59) (9) (44) (25) (11) (26) (96) (100) (76) (81) (32) (65) (23) (82) (99) (1) (94) (80) (36) (70) (60) (33) (73) (5) (18) (6) (4) 
16 (12) (36) (58) (77) (32) (41) (3) (63) (96) (37) (78) (75) (91) (79) (44) (5) (87) (95) (11) (18) (8) (51) (16) (27) (76) (1) (85) (64) (82) (21) (29) (69) (26) (53) (24) (7) (68) (66) (17) (57) (60) (15) (9) (80) (56) (89) (50) (22) (67) 
17 (64) (17) (61) (68) (97) (1) (10) (96) (65) (36) (37) (34) (11) (18) (73) (74) (52) (48) (81) (71) (32) (22) (85) (56) (82) (98) (20) (7) (16) (57) (14) (53) (31) (76) (94) (15) (93) (66) (5) (42) (43) (55) (63) (86) (78) (46) (8) (79) (30) 
18 (55) (90) (3) (91) (96) (66) (44) (93) (79) (48) (39) (34) (69) (65) (18) (7) (83) (82) (46) (28) (97) (10) (36) (17) (86) (99) (45) (25) (98) (100) (89) (52) (12) (56) (5) (88) (72) (51) (68) (20) (50) (60) (30) (37) (19) (33) (95) (40) (35) (16) (85) (1) (13) (70) 
19 (66) (46) (10) (31) (97) (88) (73) (44) (79) (78) (5) (50) (13) (72) (2) (93) (21) (57) (25) (71) (87) (70) (6) (9) (76) (90) (65) (18) (36) (59) (32) (19) (63) (47) (85) (55) (33) (64) (96) (24) (20) (38) (42) (60) (49) (83) (14) (86) 
20 (66) (96) (22) (48) (89) (20) (69) (73) (33) (56) (34) (61) (57) (90) (64) (40) (31) (55) (19) (44) (85) (97) (43) (53) (75) (10) (27) (67) (74) (78) (52) (62) (63) (88) (35) (21) (9) (70) (59) (72) (93) (92) (12) (11) (15) (49) (54) 
21 (28) (12) (9) (54) (79) (30) (67) (69) (37) (78) (15) (48) (76) (4) (57) (96) (80) (72) (22) (6) (47) (43) (31) (42) (5) (63) (19) (97) (45) (75) (16) (25) (10) (81) (21) (77) (23) (85) (38) (95) (56) (65) (14) (41) (13) (86) (49) (98) (92) (52) (99) (59) (3) (36) 
22 (32) (51) (86) (78) (7) (79) (6) (73) (56) (62) (68) (45) (97) (44) (22) (24) (14) (89) (61) (12) (21) (27) (26) (29) (69) (39) (76) (31) (64) (82) (94) (81) (2) (66) (88) (28) (20) (87) (33) (41) (63) (72) (95) (8) (59) (3) (80) (48) (84) (11) (57) 
23 (20) (79) (43) (13) (19) (60) (65) (37) (96) (57) (54) (23) (73) (71) (50) (4) (42) (47) (22) (61) (67) (100) (64) (5) (55) (36) (40) (25) (45) (10) (38) (27) (49) (93) (2) (84) (17) (32) (46) (66) (18) (99) (74) (59) (15) (9) (31) 
24 (47) (73) (62) (100) (65) (39) (50) (8) (52) (19) (69) (74) (32) (92) (38) (88) (12) (45) (42) (55) (17) (11) (28) (1) (51) (68) (37) (26) (81) (2) (46) (98) (90) (3) (96) (97) (40) (57) (30) (66) (16) 
25 (36) (79) (53) (46) (58) (70) (47) (6) (97) (90) (64) (88) (24) (7) (18) (57) (23) (44) (16) (19) (65) (52) (1) (93) (55) (12) (54) (66) (62) (60) (22) (98) (21) (9) (2) (96) (67) (43) (8) (32) (39) (94) (31) 
26 (77) (87) (63) (85) (72) (34) (5) (55) (96) (12) (38) (14) (46) (93) (19) (26) (54) (57) (17) (75) (43) (70) (97) (15) (10) (49) (18) (51) (99) (41) (62) (21) (8) (42) (24) (61) (83) (56) (22) (32) (40) (82) (98) (81) (4) (11) (29) (86) (37) (73) (2) (3) 
27 (72) (4) (80) (41) (55) (7) (38) (1) (82) (34) (30) (36) (43) (22) (5) (29) (45) (13) (94) (51) (65) (32) (95) (60) (37) (3) (77) (58) (16) (20) (47) (81) (62) (73) (8) (31) (6) (39) (83) (98) (71) (89) (14) (35) (15) (52) (21) (40) (85) (99) (56) (53) (93) (67) (59) (91) (69) 
28 (15) (65) (78) (3) (62) (29) (8) (53) (82) (26) (59) (99) (52) (63) (67) (89) (96) (71) (49) (32) (48) (51) (60) (22) (68) (13) (30) (83) (58) (91) (2) (40) (79) (69) (7) (76) (14) (80) (85) (21) (27) 
29 (77) (27) (85) (99) (83) (48) (29) (75) (81) (32) (63) (44) (65) (87) (59) (17) (64) (69) (23) (55) (36) (91) (37) (10) (39) (96) (66) (68) (9) (3) (78) (28) (21) (30) (61) (25) (14) (90) (98) (45) (97) (26) (51) (34) (8) (60) (24) 
30 (78) (69) (58) (94) (32) (73) (5) (36) (79) (15) (45) (68) (61) (2) (44) (81) (9) (95) (76) (16) (65) (17) (42) (54) (10) (96) (71) (92) (31) (30) (8) (1) (91) (88) (74) (6) (72) (28) (70) (57) (83) (27) (56) (40) (63) (41) (38) (37) (67) (93) (87) (86) 
31 (15) (12) (78) (63) (35) (81) (46) (41) (57) (80) (24) (45) (49) (4) (48) (36) (13) (82) (44) (2) (84) (28) (16) (55) (95) (34) (72) (26) (67) (91) (10) (68) (76) (53) (7) (3) (60) (27) (33) (23) (20) (97) (56) (18) (32) (42) (11) (79) (99) (69) (64) (96) (61) (77) (73) (71) (5) 
32 (97) (75) (59) (55) (98) (31) (39) (76) (48) (95) (89) (19) (13) (53) (3) (32) (25) (58) (9) (42) (24) (38) (7) (91) (12) (56) (40) (29) (33) (66) (77) (64) (99) (79) (57) (86) (69) (52) (11) (35) (4) (51) (5) (26) (93) (68) (94) (20) (8) (96) (43) (81) (63) (23) (65) (1) 
33 (41) (25) (17) (86) (7) (71) (8) (97) (6) (85) (3) (69) (19) (33) (13) (22) (56) (55) (21) (73) (18) (67) (1) (93) (53) (27) (44) (83) (58) (20) (39) (16) (90) (45) (76) (82) (59) (98) (32) (28) (47) (30) (91) (92) (62) (81) (46) (48) 
34 (11) (48) (65) (36) (22) (38) (70) (68) (8) (62) (27) (32) (69) (7) (98) (87) (37) (35) (24) (4) (31) (49) (58) (40) (73) (30) (67) (71) (17) (84) (14) (82) (34) (83) (57) (96) (28) (79) (46) (72) (74) (92) (56) (41) (29) (47) 
35 (2) (54) (67) (84) (86) (14) (49) (48) (5) (43) (10) (47) (91) (63) (46) (100) (94) (83) (21) (26) (76) (53) (23) (57) (27) (95) (38) (61) (73) (52) (79) (60) (96) (78) (11) (24) (90) (77) (75) (81) (32) (7) (19) (56) 
36 (2) (59) (92) (54) (90) (98) (69) (57) (67) (9) (43) (74) (83) (61) (52) (95) (37) (45) (11) (100) (14) (48) (5) (97) (23) (36) (89) (60) (81) (51) (96) (93) (1) (84) (86) (78) (30) (68) (82) (71) (42) (65) (50) (16) (20) (35) (41) (66) (58) (76) 
37 (23) (77) (78) (87) (86) (74) (88) (72) (61) (96) (13) (99) (36) (59) (28) (97) (35) (100) (43) (41) (26) (22) (4) (2) (51) (92) (89) (33) (82) (85) (69) (27) (93) (60) (62) (30) (64) (55) (57) (24) (9) (83) (73) (19) (3) 
38 (88) (55) (65) (50) (69) (14) (37) (10) (23) (7) (80) (15) (87) (51) (4) (82) (33) (72) (1) (5) (81) (40) (24) (54) (43) (48) (44) (97) (18) (67) (45) (36) (57) (19) (85) (13) (31) (78) (27) (25) (3) (76) (92) (70) (8) (94) (90) (12) (61) (95) (63) (32) (58) 
39 (18) (90) (8) (67) (71) (32) (57) (4) (35) (87) (39) (84) (46) (99) (62) (31) (30) (96) (33) (81) (55) (14) (80) (59) (97) (83) (64) (9) (23) (43) (82) (73) (34) (100) (20) (86) (5) (17) (10) (12) (48) (28) (54) (93) (47) (16) (13) (25) (76) (42) (79) (41) (38) 
40 (98) (42) (19) (5) (33) (53) (41) (88) (85) (9) (13) (16) (71) (94) (58) (51) (23) (28) (74) (62) (43) (37) (55) (39) (93) (49) (26) (76) (36) (14) (68) (89) (52) (44) (97) (21) (82) (32) (69) (6) (100) (77) (84) (46) (11) (17) (29) (99) (61) 
41 (75) (59) (8) (2) (65) (87) (11) (3) (5) (21) (33) (82) (25) (62) (78) (72) (89) (1) (47) (95) (41) (80) (42) (31) (51) (6) (16) (34) (54) (7) (76) (18) (30) (84) (12) (35) (43) (23) (61) (55) (86) (24) (99) (48) (96) 
42 (96) (86) (14) (62) (80) (35) (82) (26) (100) (63) (58) (47) (17) (54) (75) (69) (24) (55) (70) (68) (32) (87) (28) (19) (2) (81) (73) (50) (34) (56) (31) (37) (53) (21) (30) (98) (61) (66) (59) (78) (33) (40) (3) (79) 
43 (27) (32) (75) (13) (24) (65) (42) (10) (47) (96) (66) (29) (21) (88) (51) (98) (53) (18) (68) (52) (43) (90) (2) (57) (4) (92) (71) (73) (11) (72) (93) (6) (55) (40) (67) (23) (30) (39) (15) (100) (46) (3) (70) 
44 (23) (91) (19) (47) (63) (79) (42) (43) (44) (8) (2) (82) (15) (90) (53) (69) (85) (6) (58) (31) (68) (86) (11) (1) (5) (80) (72) (32) (25) (41) (54) (59) (14) (67) (98) (48) (99) (13) (78) (46) (45) (21) (71) (55) (52) (87) (74) (65) (89) (24) (4) (37) 
45 (62) (29) (60) (72) (38) (44) (70) (12) (1) (96) (88) (52) (89) (74) (19) (82) (57) (23) (22) (78) (2) (69) (9) (80) (79) (51) (39) (53) (27) (8) (59) (16) (93) (67) (3) (20) (33) (18) (86) (40) (26) (32) (5) (77) (17) (81) (58) (54) (47) (98) (94) (31) (41) (76) (36) (42) (63) 
46 (45) (16) (85) (41) (36) (74) (25) (84) (72) (46) (4) (7) (62) (58) (57) (89) (60) (37) (8) (22) (51) (50) (17) (88) (91) (29) (75) (98) (77) (15) (64) (81) (52) (93) (76) (6) (40) (33) (3) (90) (21) (30) (38) (20) (34) (42) (99) (63) (49) (67) 
47 (72) (96) (28) (10) (32) (18) (11) (65) (5) (82) (1) (73) (41) (75) (98) (44) (64) (69) (39) (89) (53) (78) (74) (66) (59) (48) (70) (57) (16) (76) (87) (67) (56) (6) (52) (43) (100) (90) (7) (46) (25) (30) (15) (94) (21) (3) (61) (37) (51) (92) (91) (4) (8) (50) 
48 (10) (20) (5) (69) (38) (29) (94) (34) (66) (32) (74) (11) (41) (21) (2) (85) (92) (28) (99) (30) (82) (25) (84) (78) (3) (91) (83) (59) (45) (48) (24) (53) (98) (31) (56) (71) (54) (75) (18) (80) (47) 
49 (14) (10) (44) (73) (48) (41) (59) (97) (15) (26) (30) (34) (13) (78) (46) (54) (85) (61) (76) (63) (86) (22) (80) (87) (12) (83) (92) (72) (17) (79) (36) (51) (88) (11) (70) (64) (77) (94) (47) (40) (39) (29) (50) (31) (24) (69) (99) (33) (81) (2) (35) (49) 
50 (73) (62) (40) (34) (48) (33) (69) (68) (64) (87) (30) (89) (95) (99) (75) (93) (66) (5) (19) (56) (53) (55) (9) (74) (82) (83) (4) (92) (59) (96) (6) (1) (44) (14) (60) (72) (21) (58) (36) (10) (22) (50) (16) (90) (49) (43) (32) (71) 
51 (68) (3) (70) (33) (82) (55) (50) (72) (99) (84) (92) (11) (6) (13) (88) (67) (91) (37) (96) (69) (66) (59) (27) (62) (51) (31) (81) (52) (58) (79) (42) (1) (89) (32) (83) (43) (14) (26) (46) (65) (44) (15) (77) (63) (60) (49) (2) (95) (38) (45) 
52 (35) (72) (74) (44) (99) (46) (10) (21) (33) (96) (66) (36) (48) (9) (62) (32) (73) (7) (13) (47) (37) (57) (84) (56) (53) (18) (89) (41) (55) (12) (92) (45) (34) (100) (49) (91) (81) (94) (69) (5) (80) (6) (1) 
53 (59) (99) (73) (88) (5) (41) (97) (35) (54) (20) (48) (95) (81) (82) (9) (76) (16) (51) (36) (31) (28) (75) (3) (87) (83) (70) (96) (23) (56) (91) (7) (94) (10) (79) (74) (57) (86) (40) (14) (71) (69) (58) (47) (65) (13) (60) (53) (66) (52) (67) (42) (89) (6) 
54 (19) (71) (43) (83) (95) (65) (38) (5) (90) (24) (6) (17) (72) (100) (89) (45) (13) (37) (69) (25) (51) (98) (64) (39) (47) (50) (22) (48) (78) (61) (96) (57) (59) (56) (23) (14) (52) (27) (80) (31) (93) (33) (77) (86) (92) (81) (30) (26) (58) (55) (40) (84) (67) (68) 
55 (21) (72) (39) (34) (30) (77) (3) (54) (80) (10) (69) (81) (43) (7) (49) (76) (88) (28) (46) (38) (29) (14) (13) (15) (51) (55) (27) (66) (40) (97) (83) (75) (60) (90) (5) (70) (79) (96) (11) (20) (23) (16) (31) (98) (85) (89) (6) (61) (100) (24) (53) (4) 
56 (76) (31) (37) (94) (73) (84) (44) (24) (64) (29) (55) (50) (92) (6) (95) (27) (74) (12) (57) (23) (56) (26) (3) (93) (45) (35) (69) (7) (77) (86) (87) (19) (4) (83) (1) (63) (82) (13) (39) (70) (59) (41) (72) (52) (34) (98) (20) 
57 (47) (53) (30) (67) (17) (88) (32) (37) (43) (49) (76) (11) (18) (33) (44) (24) (2) (100) (98) (86) (55) (13) (29) (42) (25) (74) (6) (21) (58) (23) (16) (4) (95) (12) (48) (81) (57) (27) (69) (8) (40) (73) (41) (7) (46) (34) (35) (60) (83) (97) (59) (62) (91) 
58 (72) (24) (86) (38) (62) (61) (70) (91) (37) (19) (40) (29) (41) (33) (48) (56) (9) (75) (35) (53) (21) (63) (12) (49) (64) (50) (92) (30) (58) (87) (55) (57) (3) (77) (44) (39) (32) (51) (25) (6) (68) (4) (28) (20) (16) (80) (42) (14) (17) (54) (88) (82) (15) (47) (93) (23) (69) 
59 (76) (27) (71) (85) (78) (40) (8) (87) (69) (34) (13) (77) (1) (59) (21) (89) (82) (5) (24) (64) (94) (18) (81) (100) (44) (43) (97) (75) (86) (50) (83) (80) (68) (73) (2) (65) (23) (17) (42) (14) (28) (62) (19) (39) (32) (6) (96) (31) (84) (29) (92) (4) (49) (54) (61) 
60 (80) (58) (44) (86) (45) (26) (38) (91) (76) (56) (71) (75) (96) (35) (9) (7) (31) (23) (17) (39) (83) (99) (52) (100) (28) (1) (67) (29) (5) (85) (36) (69) (88) (64) (66) (78) (41) (11) (81) (63) (57) (87) (72) (40) (20) (34) 
61 (12) (6) (83) (87) (45) (9) (13) (30) (37) (27) (79) (61) (82) (36) (4) (43) (96) (77) (44) (14) (75) (39) (38) (92) (29) (72) (26) (58) (15) (84) (33) (21) (64) (23) (94) (68) (89) (34) (35) (46) (95) (16) 
62 (73) (54) (32) (72) (79) (5) (53) (66) (21) (28) (14) (98) (83) (34) (87) (36) (62) (38) (25) (78) (65) (93) (75) (55) (27) (70) (4) (92) (43) (57) (86) (51) (17) (7) (67) (56) (45) (29) (1) (94) (26) (96) (11) (24) (59) (48) 
63 (92) (34) (72) (86) (43) (32) (18) (27) (87) (7) (23) (97) (51) (5) (35) (79) (52) (41) (67) (76) (73) (69) (54) (38) (30) (9) (24) (70) (71) (61) (66) (91) (88) (84) (21) (16) (60) (6) (44) (40) (48) (2) (56) (50) (46) (99) (63) (59) (94) (36) (45) 
64 (4) (45) (33) (46) (95) (60) (37) (6) (53) (86) (100) (44) (26) (31) (14) (8) (10) (49) (30) (78) (94) (29) (12) (84) (9) (89) (27) (18) (1) (82) (36) (62) (64) (85) (99) (67) (16) (38) (32) (61) (83) (97) (21) (69) (35) (19) (22) (66) (47) (5) (43) (24) (15) (96) (3) (20) (79 68) (54) (55) (72) 
65 (17) (65) (71) (94) (59) (60) (42) (41) (78) (31) (43) (24) (93) (35) (62) (75) (66) (100) (54) (85) (2) (20) (30) (79) (98) (51) (63) (14) (18) (58) (13) (99) (91) (45) (90) (5) (6) (39) (69) (52) (33) (64) (67) (73) (7) (26) (11) (27) (49) (19) 
66 (37) (82) (4) (72) (25) (35) (54) (66) (13) (96) (93) (87) (50) (65) (48) (23) (46) (28) (77) (7) (52) (42) (100) (75) (21) (99) (22) (14) (51) (34) (30) (1) (60) (9) (81) (5) (69) (17) (70) (38) (31) (59) (86) (32) (76) (73) (56) (79) (53) (89) (49) (45) (61) 
67 (28) (91) (62) (71) (80) (76) (33) (54) (51) (79) (10) (63) (45) (34) (12) (48) (16) (82) (46) (2) (40) (64) (26) (44) (18) (100) (29) (93) (65) (39) (58) (92) (94) (11) (89) (25) (68) (47) (3) (32) (50) (99) (38) (22) (61) (60) (95) 
68 (32) (10) (85) (42) (15) (37) (46) (36) (12) (31) (76) (11) (52) (83) (69) (14) (18) (98) (1) (43) (86) (41) (56) (20) (3) (16) (62) (60) (24) (66) (30) (70) (25) (6) (96) (93) (100) (44) (7) (38) (92) (8) (5) (4) (77) (55) (88) (72) (22) (99) 
69 (50) (60) (61) (67) (1) (9) (85) (15) (79) (69) (43) (95) (46) (22) (72) (48) (62) (93) (12) (39) (42) (49) (36) (64) (33) (89) (98) (2) (34) (10) (56) (7) (66) (75) (5) (80) (18) (14) (21) (4) (81) (40) (38) (19) (86) (82) (84) (87) (100) (71) 
70 (7) (86) (36) (77) (79) (25) (4) (81) (70) (94) (3) (76) (89) (41) (57) (47) (63) (95) (44) (83) (55) (6) (49) (17) (54) (8) (11) (2) (53) (43) (38) (32) (69) (68) (5) (56) (65) (22) (30) (39) (100) (60) (15) (78) (75) (80) 
71 (71) (34) (100) (69) (84) (94) (95) (66) (72) (22) (16) (21) (78) (32) (38) (75) (26) (30) (89) (54) (8) (24) (73) (76) (41) (29) (23) (77) (93) (7) (97) (14) (5) (48) (99) (83) (11) (59) (96) (31) (19) (6) (20) (85) (1) (42) (81) (57) (91) (67) (68) (70) (28) (37) (79) 
72 (26) (96) (33) (44) (46) (65) (12) (73) (7) (25) (62) (28) (9) (75) (5) (50) (15) (74) (66) (21) (67) (87) (94) (30) (29) (37) (60) (95) (80) (69) (1) (52) (99) (11) (40) (93) (19) (90) (70) (81) (17) (2) (18) (58) (10) (92) (78) (51) (35) (42) (3) (79) 
73 (50) (69) (88) (44) (45) (78) (62) (72) (68) (84) (39) (71) (75) (57) (93) (99) (76) (77) (6) (82) (49) (1) (67) (18) (19) (10) (90) (24) (73) (32) (81) (13) (4) (54) (70) (7) (33) (17) (46) (98) (37) (86) (95) (85) (94) (23) (40) (22) (43) (8) (59) (42) (15) (2) (100) 
74 (52) (62) (70) (38) (9) (20) (15) (33) (17) (19) (51) (61) (53) (58) (6) (63) (16) (66) (71) (46) (64) (96) (49) (22) (25) (57) (94) (11) (27) (24) (99) (92) (74) (80) (18) (75) (13) (8) (81) (23) (3) (68) (7) (39) (72) (45) (77) 
75 (50) (42) (48) (89) (31) (99) (87) (65) (67) (7) (24) (91) (4) (86) (44) (59) (97) (84) (83) (19) (38) (85) (47) (8) (66) (77) (17) (70) (61) (63) (90) (22) (25) (94) (73) (2) (35) (14) (36) (13) (6) (74) (100) (78) (57) (20) (75) (64) 
76 (91) (85) (21) (62) (81) (42) (20) (93) (1) (6) (90) (58) (24) (13) (8) (69) (50) (37) (29) (10) (74) (49) (96) (72) (48) (9) (34) (86) (46) (17) (52) (98) (100) (4) (70) (94) (57) (16) (14) (84) (40) (33) (39) (83) 
77 (77) (13) (94) (34) (64) (67) (56) (33) (29) (19) (11) (95) (78) (22) (8) (3) (21) (92) (65) (93) (63) (76) (90) (85) (84) (89) (4) (73) (36) (37) (5) (27) (32) (16) (60) (39) (7) (71) (47) (1) (59) (42) (24) (17) (18) (44) (38) (40) (57) 
78 (47) (69) (26) (56) (2) (61) (54) (98) (62) (64) (8) (94) (15) (36) (22) (63) (58) (34) (89) (51) (92) (31) (3) (46) (38) (83) (53) (30) (100) (20) (17) (19) (25) (68) (41) (75) (88) (6) (82) (40) (93) (96) (27) (50) (33) (42) (43) (11) 
79 (99) (84) (32) (61) (67) (34) (7) (20) (97) (95) (36) (6) (5) (24) (47) (89) (28) (44) (98) (30) (53) (79) (81) (52) (68) (60) (18) (96) (63) (75) (51) (26) (43) (62) (23) (76) (74) (88) (22) (100) (14) (16) (64) (4) (46) (50) (78) (8) (11) (37) (70) (66) (94) (19) (85) (55) 
80 (39) (70) (51) (8) (88) (84) (24) (64) (100) (10) (86) (75) (28) (89) (11) (38) (22) (85) (58) (62) (42) (57) (90) (16) (93) (37) (47) (98) (74) (14) (67) (48) (5) (13) (15) (60) (83) (25) (29) (23) (46) (30) (19) (7) (92) (66) (97) (95) 
81 (10) (70) (33) (58) (56) (4) (84) (12) (80) (93) (60) (72) (5) (38) (7) (51) (40) (90) (31) (28) (11) (47) (34) (20) (21) (61) (65) (6) (71) (49) (99) (69) (1) (92) (89) (13) (88) (48) (54) (82) (39) (79) (8) (29) (95) (83) (75) (18) (46) (9) (2) (35) (91) 
82 (99) (14) (75) (20) (72) (28) (6) (17) (85) (66) (44) (55) (47) (11) (37) (53) (68) (38) (89) (61) (88) (9) (57) (82) (34) (39) (21) (59) (18) (93) (96) (51) (15) (67) (97) (3) (64) (13) (78) (29) (56) (94) (7) (49) (1) (54) (31) (45) (10) (90) 
83 (7) (61) (43) (99) (20) (15) (55) (71) (42) (22) (52) (9) (40) (87) (79) (72) (74) (70) (4) (95) (11) (19) (73) (69) (45) (36) (97) (90) (68) (89) (50) (81) (84) (5) (65) (34) (26) (51) (94) (48) (28) (17) (31) (24) (18) (37) (93) (60) (1) (30) (41) (38) (35) (25) 
84 (21) (69) (94) (74) (41) (27) (29) (8) (92) (99) (2) (54) (96) (35) (45) (62) (34) (44) (28) (86) (40) (65) (5) (9) (43) (16) (71) (6) (17) (25) (46) (64) (48) (91) (18) (4) (12) (75) (31) (13) (22) (47) (89) (30) (57) (33) (93) (83) (68) (36) (10) (55) (61) (87) (38) (52) (56) (20) (49) (84 63 81) 
85 (31) (78) (22) (66) (88) (9) (25) (92) (52) (11) (28) (83) (70) (48) (68) (75) (72) (5) (26) (50) (80) (1) (42) (95) (91) (61) (73) (63) (82) (77) (47) (13) (14) (34) (17) (7) (38) (4) (33) (58) (23) (94) (32) (41) (90) (18) (74) (37) (55) (93) (51) 
86 (40) (49) (3) (74) (91) (98) (95) (12) (77) (82) (47) (25) (31) (89) (41) (50) (75) (71) (79) (11) (19) (72) (99) (81) (36) (4) (68) (78) (5) (44) (23) (76) (92) (20) (9) (33) (2) (6) (10) (69) (64) (88) (29) (62) 
87 (4) (92) (74) (59) (68) (32) (35) (80) (58) (14) (65) (12) (100) (90) (38) (45) (91) (9) (8) (20) (30) (82) (87) (83) (3) (96) (1) (88) (95) (15) (79) (29) (13) (97) (28) (10) (31) (27) (50) (60) (62) (84) (51) (41) (89) (47) (2) (67) (39) (61) 
88 (62) (94) (91) (100) (92) (31) (20) (17) (80) (79) (57) (63) (99) (98) (67) (35) (64) (69) (84) (13) (47) (3) (32) (22) (34) (25) (96) (54) (4) (2) (65) (77) (7) (24) (36) (12) (50) (5) (88) (46) (74) (82) (87) (55) (70) (76) (6) (56) (29) (81) (40) (49) (11) 
89 (19) (85) (32) (80) (93) (73) (23) (91) (49) (25) (100) (37) (92) (43) (78) (63) (7) (60) (64) (10) (36) (62) (28) (11) (58) (16) (35) (96) (21) (20) (33) (15) (52) (27) (65) (82) (18) (51) (14) (5) (30) (59) (44) (76) (89) (50) (94) (13) (87) (67) (12) (61) (40) (66) (53) 
90 (64) (9) (2) (85) (61) (51) (56) (55) (71) (44) (16) (99) (41) (86) (53) (63) (92) (22) (38) (47) (67) (8) (68) (25) (20) (57) (40) (45) (4) (83) (69) (21) (70) (52) (87) (66) (78) (1) (81) (98) (28) (50) (59) (13) (60) (93) (72) (94) (19) (73) 
91 (61) (57) (80) (64) (33) (8) (63) (86) (76) (26) (65) (98) (49) (13) (5) (14) (66) (27) (72) (92) (25) (18) (81) (41) (40) (12) (50) (36) (6) (35) (37) (44) (7) (47) (53) (39) (1) (58) (23) (3) (75) (67) (10) (62) (28) (73) (59) (42) (20) (83) (45) (90) (93) (77) (78) (70) (82) (9) (30) 
92 (52) (89) (93) (43) (47) (71) (97) (50) (60) (90) (1) (30) (40) (24) (11) (38) (15) (99) (23) (92) (67) (32) (22) (82) (66) (41) (45) (70) (95) (3) (27) (17) (44) (87) (2) (42) (55) (77) (16) (8) (59) (96) (34) (80) (61) (6) (20) (53) 
93 (15) (58) (36) (88) (72) (92) (64) (14) (35) (33) (76) (79) (20) (5) (51) (82) (9) (32) (96) (55) (42) (47) (40) (67) (24) (1) (6) (2) (99) (27) (86) (17) (37) (11) (85) (74) (78) (65) (59) (18) (69) (22) (57) (61) (29) (10) (31) (23) (3) (53) (73) 
94 (79) (37) (61) (38) (67) (95) (30) (29) (15) (20) (100) (31) (68) (47) (98) (4) (52) (2) (33) (92) (9) (7) (28) (59) (43) (93) (34) (6) (63) (57) (99) (85) (69) (21) (23) (26) (27) (58) (11) (54) (17) (32) (18) (94) (41) (80) (25) (48) (49) (78) 
95 (66) (32) (64) (83) (28) (10) (59) (89) (15) (63) (35) (74) (9) (91) (3) (86) (81) (5) (90) (51) (72) (76) (18) (96) (6) (19) (79) (62) (92) (52) (38) (34) (30) (77) (88) (94) (80) (33) (100) (68) (48) (93) (27) (85) (16) (25) (17) (24) (4) (2) 
96 (5) (65) (47) (41) (4) (8) (57) (82) (91) (52) (28) (9) (15) (40) (77) (22) (99) (42) (88) (12) (87) (97) (46) (11) (58) (44) (6) (7) (62) (67) (3) (84) (32) (35) (49) (23) (56) (64) (31) (68) (95) (2) (16) 
97 (46) (89) (78) (19) (85) (26) (64) (13) (88) (6) (18) (22) (7) (75) (27) (12) (5) (60) (41) (36) (47) (73) (42) (63) (76) (44) (34) (91) (16) (20) (40) (62) (61) (87) (55) (77) (71) (38) (29) (33) (95) (31) (37) (4) (65) 
98 (84) (40) (23) (96) (21) (2) (19) (47) (68) (99) (6) (60) (53) (20) (15) (66) (75) (4) (94) (24) (87) (74) (54) (50) (62) (46) (31) (98) (17) (64) (36) (55) (67) (5) (51) (9) (38) (80) (45) (97) (25) (8) (34) (58) (29) (52) (48) 
99 (85) (9) (24) (95) (89) (59) (46) (98) (38) (49) (53) (94) (33) (62) (39) (69) (51) (87) (22) (11) (1) (17) (43) (64) (79) (61) (57) (100) (21) (86) (27) (60) (15) (83) (36) (90) (42) (19) (77) (12) (34) (84) (5) (47) (63) 
100 (19) (29) (13) (71) (12) (60) (23) (100) (53) (8) (77) (44) (10) (68) (21) (32) (22) (36) (82) (54) (66) (99) (65) (67) (51) (39) (56) (50) (27) (79) (25) (74) (91) (75) (93) (63) (43) (47) (89) (11) (81) (18) (33) (20) 
