0
100
100
1 (1 15) (25 17 75 39) (51 28) (10) (56) (66 40 16 74) (53) (82) (91 100 55 54) (97 89 47) (59 23 49 80) (31 77) (70) (52) (76) (18) (29) (6) 
2 (30 31 70 81 46) (73) (47) (61) (32) (89 26) (63 29) (4) (54) (55 42 28 57) (79 18) (71 99) (59) (95) (1) (7 49) (6) (5 12) (8 27 94) 
3 (51 2) (69 78) (89) (30 44 16 18 29) (33) (1) (92) (9) (81) (100 74) (32 5) (80 3) (75) (48 47 22 12) (95) (27) (88) (82) (42 79) (41 64 20 63 55 24 25) (58) (68 7) (46) (23 50) (66) (45 85) 
4 (61 17 58) (28) (18) (69 25) (64) (24) (2 8 48) (7) (89 21 31) (45) (86 12) (72) (60) (27 65) (42 90 68) (93 78 71) (4) (47) (20) (85) (22) (59 33) (44 67 57) (77 96) (29) 
5 (45) (72) (6) (17) (21 2 42) (92) (60) (35 55 20 22 87 44) (62 84) (63) (31) (89 24 61 83) (11 26 99 59 77 93) (39 52) (95 13 67) (64 73 54) (81) (41 34 58 12) (33 40) (91 46 68) (28) (50 14) (15) 
6 (4 33) (100) (60) (58 57) (85) (69) (95) (38) (37) (16 45) (89) (28) (79 52) (11) (55 36) (18) (17 47 9 24) (84) (90) (20 88 19) (12) (10 91 67) (34) (23) (26 65) (1 77 5) (97 74) 
7 (80) (34) (85 39) (36) (16 55) (86) (8) (91) (99) (43 38 41) (100) (58 82 73) (54 13 25) (33 45) (78) (10) (14) (27 7 65 4 9 42) (49 29) 
8 (85) (3) (76) (19) (79) (80 66 75) (2 18 48) (44 61) (64 98 50) (22) (47 29) (14) (25 28 39 54) (95) (93) (45 4 1) (11) (65) (57 32) (69) (67 100) (6 34 96) (42 74) (63) (36) 
9 (77) (39) (99) (13) (44 5) (10) (53 37 100) (60) (82) (46 80) (2) (24) (15) (76 61) (85) (67 71) (16) (23 25) (91) (12) (97 89) (92 33) (84) (79) (29 9) (22 27) (30) (69) 
10 (24) (80) (91 78 46) (11 100 17) (84 19 64) (31) (15) (86) (59) (73 12 6) (3) (25 8) (70) (21) (44) (77) (83 27) (39) (40) (92) (2) (51) (61 50 96 82 5) (57 55) (7) 
11 (98) (66) (40) (16 34) (54) (4) (31 42 70 24) (59) (72 1) (21) (73 74) (87) (57 71 9) (86 92 13) (82) (97) (90) (63 28) (55) (91) (46) (43) (56 35) (32) (14) 
12 (71) (78) (96) (37) (62 76 54) (44 29 60) (18) (28) (32 86) (34) (83) (38) (14 95) (94) (90) (46 43 72) (57) (11) (92 12 52 19 69) (50) (16 2 20) (42) (24 13 93 36 99) (56) 
13 (37) (55 28 14) (30) (45) (56) (62) (11) (39) (57) (36 93 73 68) (19) (44 1 5 69) (59) (66) (26 53 64) (79 49) (50) (48) (71) (87) (16 21) (20) (94 15) (60) (82) (23) (41) 
14 (51 97) (14 10) (63 48) (46) (47) (58) (62) (73) (45) (30) (92) (81) (21 99) (16 3) (69) (17 49 87 61) (13 74) (80 11) (38 76) (86 96) (78 55 50) (8) (79) (15 18 27) (44) (53) 
15 (34 58) (32) (100) (73 16) (76 17) (94 59 36) (88) (78 71) (46) (79) (40) (67) (28 90 10 91 39) (95 24 8) (7 53) (63) (9 83) (20) (96 43 87) (11) 
16 (19) (54 61) (41) (24 65 6) (46 16) (17) (90) (15) (94) (59) (87 86 67) (85 43) (74) (51) (10) (82) (53) (7 97) (27) (44) (40) (100 79 78 38 39) (98) (81) (62) (50) (35) (52) (96 36) 
17 (93 38) (21 56 84 83 61 9 70 67 68 51) (35) (14 17) (23 5) (65) (54) (34) (20 12) (85) (69) (10 44) (39) (48) (75) (95) (45 25 99) (62 81 98 78) (86) (59) (90) (96) 
18 (79) (30 55 98) (32 92) (29 48) (19) (13) (17) (49) (24) (11) (47 87) (7 97) (35) (31 85) (1 90 23) (10) (20) (52) (66 84 58) (21 54) (57) (41 18) (12) (77) (51) (27 59) 
19 (56) (22) (93 17 94 46 36 43 7 14) (13 92) (49) (58 8) (88 63) (99) (25 41) (85) (87) (11) (30) (67) (77) (3) (95 33) (91 82) (2 48) (68) (60) (40) (59 96 97) (98 51) 
20 (81) (44) (25 26 36) (56 38) (78) (96) (92) (14 2) (58) (10 76) (31) (62 7) (21 24 48 52) (50 16) (5) (71) (35) (32) (61) (23) (30 75 22 45 33) (60) (49 73 41) 
21 (60 30 96) (80 58 84) (26) (22) (93) (25) (70 78 44 9) (39) (38 40 1 52 53 51) (71 14) (33 90 16) (97) (8) (15 79) (92) (36) (3 77 34) (35) 
22 (11) (50) (81 64 66) (47) (67 29 58 28) (25) (5 73 41) (87 35) (75) (9 51 24) (14 78) (72) (65) (42 98 54 17 96) (37 13 93 33 94) (83 45) (76) (70) (59) (71 32 2) (85) 
23 (24) (43 60 5) (6 12 18) (88 98 50) (73) (87) (71) (26) (66) (72) (75) (95) (51) (79) (69) (54) (48 35 62) (45) (81 52) (99) (8 42) (9 19 77) (46) (56) (3 17 4 58) (11) 
24 (16 19) (23) (12 79) (50) (49 87 73) (71) (2) (40) (74 84 100) (61 44) (41) (45) (17 57) (66) (10 3 97) (78 14) (99) (88 64) (85 35) (89 4) (91 68 93 65) (7 77 1 80 96) 
25 (94) (83 4) (43) (36 98) (11) (97 10 59) (56) (85 21) (5) (74 51) (66 27 95 49 90 52 2) (89) (35 46) (73 61) (12) (75 84 47 82) (67) (50) (15 79 68) 
26 (88 55) (24 59 89 37 83) (58 7) (22) (92) (54 67 53 60 46) (42) (63 94) (98) (39 26) (44) (50) (29) (15) (20) (78) (3) (32 43 23) (14 70 35 45 6) (86 66) (74 64) (99) (71) (75) 
27 (18 67 68) (56 98) (81) (46) (28 85) (63 83) (62 91) (37 100 55 14) (17) (20 29 94 45 80) (96 93) (23) (78 47 95) (57) (26 35) (79) 
28 (70 38) (87) (51) (64) (27) (23) (18) (100 58 41) (68 5) (35) (39) (2) (45 89) (95 40 77 94) (19 30) (9 93) (85) (73) (12) (56 17 59) (50 69) (1 71) (81) 
29 (8) (55) (53) (24) (15) (12 99) (83) (73) (76) (3) (26) (78) (61) (9) (34) (38) (2) (92 98) (95 47 41) (35 1) (80 39) (49) (100) (70) (84 33) (58) (6 69) (46 16) 
30 (60 91 35) (70 61) (73) (14 74) (28 37) (65) (38) (98) (76) (80) (48) (3) (1) (29 72 47) (41 57) (86) (20) (55) (75) (52) (39 85 4) (23 34 81 100) 
31 (16 40) (54) (53) (47 3 63 60 43) (62) (30) (33 39) (85) (66) (26 24 67) (11 17 5) (59) (18) (71) (75 9) (50 56) (25) (6 82 65 44) (86 87) (10) (41) (93) (46) (13) (48 92 37) (96) 
32 (56) (39) (81) (40) (19 93) (88) (36 8 87) (58) (4) (79 95) (32 2) (73 94) (53) (26 66) (1 78 15) (89) (43) (55) (45) (34) (68) (85) (13) (22 57) (59 54) (23) (91) (28 96) (83) (97) (24) 
33 (91 77) (43 30) (2) (42) (94 76 29 31) (12) (59) (28 63 89 61) (7 85 60) (51 64 78 13) (47) (36 24 4) (100 69) (65 68 66) (9) (72 88) (99 50) (45 97) (70) 
34 (30) (25) (39) (6) (5) (64) (56) (89) (52 68) (48 4) (62 60) (32) (3) (22 92) (57) (38) (51) (87 86) (94) (42) (70 74 15 35) (71 79) (93) 
35 (87) (48 50) (32 97) (49 9) (47 12 85) (73) (30) (18) (82) (44 43) (88 65) (74 77) (40 96 54) (36) (10) (19 62 28) (14 1) (22) (60) (83 45 37) (95) (42) (99) (41) (46) (93 6) (58) 
36 (29 60) (98) (75) (34) (39) (3) (86 65) (38) (100 10) (1) (44) (11) (95) (61) (59) (73 25 51) (35) (90) (18 71 82) (21 8 14) (93 58) (24) (96) (79 31 81) (80 94 88) (78 49) 
37 (63) (41) (19) (70) (21 95 7) (29) (100 86 15) (78) (5 2) (66) (91 3) (68 69) (43) (89) (73 9) (44 96) (51) (38) (31) (99) (4) (76) (22) (6 79) (11) (32) (33) 
38 (33) (85 93 38) (15) (63) (20) (82 70 99) (31) (88) (92) (83) (90) (22) (44) (41 60) (84) (43) (98 68 75) (28) (71) (95 39) (14) (3) (37) (72) (23 57) 
39 (4) (100) (26) (8) (76) (89) (16 40) (58) (43 41) (24) (51) (21 92 86) (34) (14) (1 53) (17) (35 25) (29) (52 80) (95 71 45 5) (62) (93 33 57) (55) (74) (63 39) (7 97 15 36) (31) 
40 (31 91) (56 42 47) (94) (53 65) (5) (34 23) (12) (74 16 43 32) (37) (81) (97) (8) (76 88) (68) (79 3 71 33) (30) (49 84 100) (78) (60) 
41 (2) (7) (18) (70) (39 47 16) (12 3 65 43) (46 38 57) (21) (94) (93 28) (45) (50) (23) (88 75 34) (54) (91) (17) (36 96 90) (77 67) (89) (100) (5) (10 33) (1) (60) (41) 
42 (76) (53 29 89) (10 97) (80) (2 81) (18 11) (60 5) (79) (77) (67) (63 48) (1) (17 91 46) (85 23) (7 57 37) (27) (71 72) (35 59) (52) (30) (69 51 19) (56 66) (62) 
43 (59) (87) (49 80) (14 4) (48) (74 13) (3) (18) (17 57) (16) (43 7) (66) (50) (78) (47) (19 52 93) (2 12) (98) (21 34) (45) (99 40) (71) (69 9 38 64) 
44 (17) (7) (49) (56) (22 4 55) (9) (28 48) (27) (82) (32) (15 50) (38) (2 80) (74) (46 60) (34 92 85) (37 14) (44 93 97) (79) (89) (88) (63 64) 
45 (43 52 92) (42) (95) (58 70 91) (20) (39) (27) (3 21 75) (59) (76 57) (7 97) (62) (23 81) (2) (61 40) (55 28) (11) (73 85 1 100) (29) (84) (93 64) (98 68 65) (63) (10 60 88 22) 
46 (32 84 92) (52) (90) (33 55 28) (62 66 38) (26 44) (59) (87 34) (1 35) (8) (95 91) (6) (69) (57) (5 23) (56) (12) (10 78) (40) (9) (30 25) (70 16) (73 49 17 19 94 60) (82) (76 81 41) (27) 
47 (84) (27) (68) (42) (36) (14) (1) (50) (44) (67) (74) (30) (66) (48) (83) (57 9 89 53) (28 33 39) (7) (3 97) (52) (26) (32 58) (45) (64) (25) (35 70 86 4 76 55 47) (85) (78) (15) (5) (60) 
48 (8) (73 56) (17 26) (27 28 83) (60) (32) (43) (30 54) (24) (93) (82 20) (14) (1 65 49) (77) (61 89) (9) (50 69 31 67) (39) 
49 (4) (8 97 10 1 34 24) (29) (41 78) (26) (48) (15) (49 52) (30) (74 86 61) (99) (33) (69) (47) (56) (54) (44 66) (20) (9 82 50) (71 31) (35) (67) (81) 
50 (51 78) (81 36) (25 9) (64) (61) (8) (40) (53) (66) (96) (41 6 33) (17 43) (5) (57) (67 58 12) (50) (4) (10) (63 47) (7 97) (88) (76 70 27 68) (19) (56) (75) (55 23) (62 45 82) (84) (32) (16) (28 83) 
51 (39 76 83) (33) (13) (37) (92 66) (26) (23) (22 38 18) (64) (44 5) (75) (96 46) (73) (62) (53 65 100) (68 42 32) (87) (70 20) (34) (56) 
52 (76 98) (69 9 99) (33) (74 67 81) (37 32) (60) (13) (44) (46) (23 64) (3 16 82) (6 30 59) (55) (68) (19) (24 8 80 62) (22 89 10 90 88) (63) (91 21 1) (40 87) (50 34 43 65) (5) 
53 (52 66) (24 48) (93 4) (79 33) (78) (19) (62) (77 17 82 34) (26) (45 74) (3) (72) (6) (20 32 14 29) (27 68 50 92) (28 63) (71) (23) (96) (22 84 41) 
54 (56 62) (42 84) (78) (28) (99) (19 32) (71 55) (87 94) (80) (9) (18 60 14) (88 97 4) (76) (29 1) (69) (98) (46 36) (81) (37 40) (41 51 5 7) (52) (73 48 23) (47 96 82) (93) (45) 
55 (50 73 69 59) (85) (8 72) (9) (41) (62 34 36) (86) (10 89) (70) (1) (42 30 66) (100 76 35) (19) (24) (52 16 27) (22) (29 13) (40) (15 3 98) (20) 
56 (32) (92 2) (64 61) (15 20) (7 24) (100) (57) (94 44) (84 63 93) (1) (41 58) (28 76) (17 9) (75 65 62 34) (96) (72 38) (67 97) (42) (49) (43) (22 31) 
57 (86) (26) (48) (54) (25 16) (87) (67 46) (99 32 69 41 34) (95) (2 47 42) (82 45) (31) (79) (10) (15) (39 93) (81 36 70) (28 53) (89) (30) (76 64) (72) (92 22) (71) (90) 
58 (3) (84) (99 49) (64) (62) (66) (63 88) (95) (34) (47) (77 38) (12) (86 1 41) (50) (61 33) (4 43) (74 15 22) (46) (40) (57) (21) (58) (36) (65) (56 37 80) (68) (29 81 10 13) (51 24) (9) (14) 
59 (12 30) (33) (79 94) (1 11) (6) (56) (83 35 41) (8) (69) (20) (54) (96 72 97 60) (15) (10 89) (29) (67) (52 87) (85) (95 4 9) (36) (32 22 53) (90 99) (45 55) 
60 (30) (54) (74) (72 97) (94) (7) (95 6 90 78) (50) (40) (12 38 25 92 53 91 71) (85) (67) (96 5 20) (8) (2) (48) (57) (58) (44 76) (84) (63) (22) (23 29) (62 56) (87 75 99) (59 66) 
61 (8) (25) (84) (12) (66 43 17 83 95 62) (20) (86 14 78 2 80) (87) (32 29 89 69 52 35) (90 74 55) (82 94 71) (91 57) (38) (88) (21) (27) (59 96 65) 
62 (22) (4) (97 71 39 44) (48) (8 1) (83) (58 98) (19 61 55) (47) (94) (2 56 25) (54) (43 67 82) (65) (87) (23) (30) (13 78) (7) (24 84) (66) (36) (72 38 32) (74 60 52) (100) (33 49) (40 26 93) (81 34) (37 16) 
63 (55) (50 30 22 26 54 8) (62 28) (82) (93 72 57 24) (78) (1) (75) (16) (87) (2 96 19 25 45 40) (37) (67) (33) (6) (21 90 86) (31) (23) 
64 (63) (64) (58 22) (35 15 43 56 78) (25) (47) (16) (66) (38 90) (21) (91 40) (82) (52) (20 72 3) (12) (54 87) (7 34) (80) (83) (68) (93) (57) (61) (8) 
65 (53) (72) (35 12) (91) (67 11) (29) (48) (74 27) (17) (36) (87 96) (15) (3) (26) (95) (37 6 50) (54 34) (81 85) (9 16) (61) (63 89) (18 94 57) (90 70) (62) (4) 
66 (80) (57 19 100) (60) (52 33 46 32) (3 31) (37) (61 23) (84) (71) (21) (79) (51) (5) (16) (17 34 18) (11) (90) (36 64) (2) (87 88 35) (44 56) (50 40) (25 97) (92) 
67 (49 34 5) (56 36) (96 59 40) (21) (52) (24 74 42) (94 71) (7) (81) (13) (100) (15 89 20) (64 3) (62 14) (8) (93) (66 79) (47) (19 83 26) (38 23 97 77) (92) (50) (25 58) (16) (10) 
68 (10) (2 5 13 81 94) (77 9 71 69 60 42) (34) (88) (55 63) (72 31) (80 90) (50 44) (67 75) (64) (87 66) (3 82) (84) (37) 
69 (83) (57) (19) (36 89) (41) (45 7) (94) (2) (17) (99) (23) (91) (85) (59) (61) (74 22) (69) (92) (44) (68) (84 82) (70 95) (96 27) (29) (4) (15) (81) (93) (49) (24) (1) (51 54 26) (39) 
70 (76) (88) (86) (13) (54) (50) (63) (94 78) (26) (69 12 15 29) (39 30 20 57) (62) (22) (74) (48) (81) (7 55 6) (72) (67) (90) (83) (89) (65 87 44 100) (56) (23 75 34) (92) (71) (68) 
71 (73 51) (46) (56 32) (9 78 63) (44) (85 33 37 25 55 22) (20) (40 16) (57) (14 68 38) (74) (71) (30) (77 34) (92 1) (67) (58 94) (83) (41 91) (96) (47) (86 7) (39) (11 60) (64) (89) 
72 (34) (12) (2 13) (61) (40) (5 48) (22) (14 73) (96) (41 52 74 79) (31) (99 45) (94 46 11 58) (87) (75) (57 51) (1 16) (36 86 42 6) (38 50) (37) (9) (98) (65) (89) (81) (23) 
73 (62 63) (42) (70) (83) (16) (89 8) (23 11) (39 3) (15 88) (20) (29) (65 71) (64) (47 61) (4) (60 17 25 46 12) (1 48 86) (82) (44) 
74 (79) (40 67) (54) (75) (15 11 24) (60) (77 37 66) (25 65) (91) (98 8 59) (31 3) (38 56) (42) (95) (46 76) (72) (74) (88) (27 47) (50) (22) (5 87) (53 82) (19) (44) 
75 (54) (71) (89) (57) (27) (26 79 21 6) (70) (2 91 48) (51 77) (76 72) (5) (38) (20) (24) (8 33) (16) (58 97) (95) (62 18) (4) (44) (10) (25 99) (61) (50 96) 
76 (89) (3) (26 90 32) (12) (80 99) (79 58) (38) (52) (17) (22) (68) (23 83 60) (54 56 18 42) (81 35 49 9 25) (50) (93) (91 36 63) (24) (78 37 76 34) (45) (75 77 11) (70) (46 10 51) (62) 
77 (21) (62 81 48) (23 61) (74 92 14) (87) (24) (96 9) (56) (3) (38) (75) (89) (84) (76) (25 46 32) (57 50 99 60 100) (63 97) (83 27) (73 77 12) 
78 (17 40) (66) (82) (42 22 76 45) (87 25) (31 14) (97) (98) (89 24 78 8 9) (44 28 51 57) (100 80) (4) (86) (83 48 10) (67 56 2 1) (33 95 32) (50 29 63 68) (88) (91) (52) (65) (53 62 79) 
79 (90 25) (41) (96) (9 12) (27) (20 58 55) (72) (19 98 28) (30) (95 14) (47) (11) (78 35) (57) (37) (23) (89) (59) (53) (8) (62 66 29 68 76) (100) (70 13) (74) (56 69 50) (31 32 33 81) (80) (2) (91) (21) (97) 
80 (26) (73) (68) (50) (34 100) (91 65 32) (93) (17) (63) (54) (69 33 52) (45) (78) (20) (97) (31) (58) (39) (72 61) (66) (49 40 15) (57) (51) (44 95 43 53) (94) 
81 (30 100) (52 75) (46 81 57 34 31) (7 95) (92) (12) (33 1 51 84) (6 45 29) (42) (23 43) (86 49 13) (77) (56 58 15 66 39 65 60 20) 
82 (26) (71) (32) (20) (36 72) (30) (45 48) (37 29) (13 78 99 33) (55 60 79 88) (61) (95) (62) (12) (68) (28) (81 66) (31 70) (4) (43) (65) (82) (8) (84 94) (10) (52) 
83 (39) (40 83) (87) (27 47) (11) (8 56 50) (24) (38 43 37 48 2) (70 68) (85 6 63) (18 42) (16 76 9) (78 71 95) (45) (58) (17) (35 52) (53) (31 61 100) (54 15 12 94 44) 
84 (100) (65) (18) (62) (9) (1) (99) (36 51 7 78 81) (45 95 12) (31) (35) (43) (34) (97) (60) (47) (23 29) (73) (94) (90) (54) (3 67) (27) (56 11) (98) (85) 
85 (25 84) (93 92) (9) (99) (74) (30) (51) (14) (87 55) (28 3) (58 16) (32) (94 6 35 77) (62 91) (42 97) (53 72 85 68) (11) (48) (38) (41 78) (57) (83) (24) (66) (89 100 27) (19) (64) (22) (82) (90) 
86 (65) (37 46) (15) (86 11) (48 96) (75) (66) (5) (62) (90 3) (36) (31 22 61) (68 45 9) (63) (28) (32) (26 88 57) (24) (39) (60) (72 80) (79) (53) (81 34) (54 50) (27) (1) (6) (76) (2) (95) (82) (100) 
87 (95 33) (90 12) (31) (46 78) (9) (43) (81) (2) (89 32) (26) (5) (93) (99) (60 54) (96) (69 71 86) (98) (10 22 16) (3) (75) (61 44) (91) (97 7 84) (17) 
88 (39) (1 30 55 80) (61 2) (31 76) (57) (53 28 79 16) (86) (10) (74 90 36) (4) (27 17) (14 38) (49) (71) (35) (26) (52) (69) (6 67 93) (87 82 19) (29) (3 94) (25) (88) (43) 
89 (90) (100) (81 49) (38) (5) (55 12 7 53) (79) (26) (40) (69) (30 61) (46) (51 29) (25) (27) (88) (50) (83) (23 80) (65 71) (57) (10 74) (68) (34 41 99) (95 20) (89) (48 15) (31) (37) 
90 (73 78) (82) (85 1) (52 26) (53 17 28) (76) (32) (10) (15 23 48) (41) (58 92) (74 91 37) (13) (21) (62) (70 87) (18) (66) (72) (59 51 19 55 57) (46) (40 65 35 96) 
91 (90) (70 27) (81) (40 66 3) (54) (86) (56) (51) (2) (1 8 87) (85) (30) (12 62 26) (80) (49 20 31) (28 11) (100) (6 61 64) (18) (63 45 82) (22) (68 89 79 38) (44) 
92 (73 62) (77 40) (88 55) (76) (100) (60 47) (32 64) (95) (21) (45 84) (25 38) (4 48) (10) (27 68) (57) (28 24 16 44) (91) (72) (43) (69) (61) (35 20) (85) (37) (14 54) 
93 (81 46) (85 10) (45) (39) (35) (71) (50) (66) (98) (36) (56) (51 86) (52 15) (16) (60 84) (68) (14 91) (7 37 89) (49) (69) (26 88) (74) (96) (80) (28 40 27) (100 58) (99) (73 63) (57) (31 55) (11) (2) (87) (59) 
94 (8 73) (34 29 47) (43) (16) (12 68 6) (45) (54 36 64) (32 46) (84) (98) (61) (26 15) (79) (50 78) (22) (17 92) (96) (72) (77 99 55) (69) (28 66 56) (86) (9 85) (20) 
95 (67 9) (22) (60) (73) (51 16) (6 42) (64) (52) (48) (35) (97) (29 89) (75 3) (92 19) (65) (12 95) (34 62) (4) (96) (49 91 30) (83 80 11) (76) (18) (21) (69) (84) 
96 (16) (45) (71 33) (14) (6) (91) (10 27 59) (43) (74 92) (52) (61 95) (3) (18) (58) (86 81 9 82) (68) (69) (70) (65 49 97 98) (96) (26 46 48) (89 24 28) (22 32 47) (7) (44) (93 25) (4) (19) (63) 
97 (56 5) (46 71 78 41) (28) (30 86) (95) (55 2) (60 44) (24 33) (8) (89 51) (31 45 25 48 29 10) (4) (15) (43 92 26 87) (75) (83) (58) (49) (32) 
98 (38) (19) (36) (98) (28) (30) (57 72) (6 35 31) (99 65) (67 44 76 60 16) (56) (70) (61) (17 90 41) (51 10) (100) (89) (2) (68) (75) (64 62) (18) (23 40) (71) (20) (32) (74) (95) 
99 (10) (86) (45) (55) (18 57) (85) (95) (41 76) (92) (5) (90) (1 91 37) (75) (48 39 26) (42) (82 3) (69 66) (21 2 19) (74) (60) (46 13) 
100 (97) (62) (92) (89 4) (86) (17 8) (87 65) (38) (1) (69) (3 96) (36) (78) (18) (35 45) (39 84) (66) (57) (29 70) (100) (71) (25) (58 32) (68) (51) (28) (48) (75) (98 83 43) 
1 (39) (84) (62) (100) (2) (54) (8) (41) (1) (91) (88) (99) (73) (47) (45) (78) (49) (32) (35) (58) (6) (30) (11) (72) (42) (24) (55) (36) (86 46) (29) (56) (18) (81 90) (52) (13) (21 3) (59 48 28) (69) (71) (63) 
2 (56) (12) (78) (37) (61) (24) (28) (86) (3) (62) (9) (20) (42) (22) (91) (69) (4) (87) (25) (32) (41) (99) (79) (83) (19) (43) (98) (57) (97) (63) (75) (60) (66) (88) (5) (93) (33) (44) (45) (68) (72) (10) (29) (8) 
3 (29) (26) (86) (14) (100) (55) (40) (8) (74) (43) (21) (85) (10) (45) (36) (41) (19) (24) (3) (52) (73) (58) (76) (23) (34) (88) (67) (95) (37) (99) (77) (47) (31) (66) (87) (68) (64) (53) (65) (38) (96) (91) (84) (30) 
4 (24) (58) (95) (47) (7) (4) (37) (49) (92) (65) (50) (43) (39) (53) (54) (96) (32) (34) (44) (11) (75) (6) (100) (97) (30) (88) (23) (82) (8) (59) (33) (62) (78) (25) (2) (73) (69) 
5 (39) (97) (9) (41) (68) (50) (10) (17) (22) (28) (3) (51) (60) (86) (6) (87) (42) (52) (25) (99) (89) (37) (47) (67) (46) (2) (74) (23) (72) (75) (66) (40) (20) (31) (54) (13) (34) 
6 (72) (10) (75) (88) (96) (91) (26) (35) (70) (1) (95) (83) (65) (85) (52) (2) (53) (31) (8) (37) (59) (16) (29) (63) (94) (86) (46) (5) (60) (81) (50) (34) (98) (23) 
7 (18) (87) (42) (39) (3) (2) (45) (64) (4) (44) (41) (89) (56) (26) (33) (16) (93) (84) (10) (71) (60) (67) (24) (54) (62) (43) (7) (19) (20) (69) (96) (81) (47) (70) (50) (37) (15) 
8 (67) (52) (21) (2) (4) (75) (10) (55) (74) (62) (29) (78) (19) (100) (82) (73) (40) (79) (23) (59) (7) (32) (63) (50) (14) (97) (48) (60) (49) (61) (83) (15) (39) (94) (36) (64) (91) (46) 
9 (9) (76) (37) (15) (87) (31) (86) (79) (55) (6) (85) (72) (56) (47) (22) (21) (28) (17) (50) (48) (46) (65) (43) (68) (44) (49) (11) (7) (35) (3) (94) (58) (84) (83) (33) (52) (54) (78) (23) (96) (95) (77) (71) (59 29) 
10 (67) (57) (24) (93) (49) (35) (88) (31) (78) (92) (45) (17) (59) (98) (90) (75) (9) (25) (87) (20) (97) (7) (6) (55) (50) (36) (68) (82) (15) (89) (42) (14) (52) (41) (99) (46) (1) (16) (76) (96) (58) (18) 
11 (65) (12) (73) (45) (6) (84) (18) (85) (31) (10) (14) (13) (72) (37) (79) (19) (83) (74) (5) (66) (71) (76) (86) (23) (15) (59) (95) (8) (22) (25) (93) (42) (91) (36) 
12 (84) (79) (29) (91) (6) (43) (12) (41) (73) (46) (50) (95) (3) (87) (25) (18) (76) (65) (82) (77) (58) (64) (23) (72) (35) (60) (9) (81) (70) (40) (33) (24) (59) (94) (28) (17) (61) (83) (10) (89) (5) (4) (2) 
13 (22) (51) (68) (19) (79) (81) (14) (99) (82) (5) (67) (62) (7) (33) (11) (12) (70) (52) (58) (18) (90) (55) (43) (72) (31) (32) (9) 
14 (61) (85) (35) (43) (39) (22) (88) (53) (72) (58) (7) (78) (30) (14) (48) (96) (20) (5) (36) (67) (92) (13) (77) (17) (54) (19) (11) (38) (79) (93) (21) (27) (26) (44) (8) (71) (24) (12) (47) 
15 (29) (39) (67) (47) (83) (25) (55) (94) (59) (5) (32) (97) (13) (73) (37) (1) (86) (26) (21) (93) (16) (49) (58) (10) (89) (80) (81) (56) (70) (74) (9) (14) (34) (65) (64) (44) (38) (69) (90) (57) 
16 (12) (1) (21) (43) (92) (9) (11) (13) (29) (39) (64) (88) (50) (67) (3) (72) (6) (73) (46) (94) (40) (83) (52) (57) (96) (55) (85) (87) (71) (65) (66) (41) (95) (24) (15) (93) (20) (7) (75) (98) (63) (31) (16) (62 14) 
17 (16) (56) (31) (43) (48) (27) (23) (44) (90) (42) (14) (10) (24) (41) (73) (78) (17) (28) (66) (4) (94) (39) (15) (1) (83) (69) (46) (53) (100) (22) (76) (6) (80) (87) (88) (65) (18) (19) (98) (5) (50) (61) 
18 (36) (100) (12) (98) (1) (18) (4) (28) (3) (54) (41) (96) (51) (84) (35) (23) (76) (65) (8) (31) (43) (90) (75) (6) (91) (83) (14) (95) (2) (27) (42) (99) (66) 
19 (43) (6) (90) (18) (95) (16) (98) (67) (88) (10) (13) (24) (96) (52) (50) (74) (79) (8) (42) (69) (53) (28) (62) (85) (12) (54) (37) (35) (63) (23) (99) (66) (55) (32) (46) 
20 (80) (59) (61) (82) (12) (3) (89) (60) (94) (81) (64) (13) (5) (92) (56) (18) (48) (4) (75) (91) (67) (98) (71) (45) (73) (79) (30) (53) (6) (17) (27) (49) (70) (15) (55) (38) (51) (26) 
21 (75) (52) (92) (66) (64) (13) (39) (17) (43) (90) (18) (41) (67) (4) (61) (10) (37) (77) (11) (63) (36) (14) (45) (99) (20) (58) (5) (95) (79) (25) 
22 (21) (26) (91) (19) (62) (5) (35) (57) (86) (38) (34) (63) (95) (20) (76) (87) (55) (45) (94) (8) (3) (56) (96) (9) (51) (37) (53) (64) (4) (69) (58) (52) (32) (74) (60) (44) (72) (71) (85) (78) (70) (59) 
23 (1) (13) (60) (54) (18) (20) (6) (27) (90) (52) (67) (3) (28) (42) (66) (9) (51) (53) (77) (46) (69) (41) (76) (17) (70) (84) (50) (81) (38) (32) (98) (72) (63) (73) (45) (79) (40) (30) (62) (26) (89) (24) 
24 (69) (86) (97) (56) (96) (36) (32) (85) (16) (92) (5) (63) (4) (76) (33) (53) (9) (58) (18) (6) (52) (48) (75) (29) (26) (20) (12) (22) (11) (77) (55) (39) (15) (31) (62) (74) (67) (83) (3) (49) (10) (78) (23) 
25 (67) (36) (62) (60) (17) (66) (96) (1) (88) (61) (20) (75) (57) (21) (46) (4) (3) (97) (63) (10) (7) (78) (77) (79) (50) (34) (64) (85) (73) (39) (74) (92) (89) (47) (19) (71) (31) (8) (76) (22) (9) (100) 
26 (93) (86) (76) (80) (13) (90) (63) (47) (49) (20) (88) (51) (23) (67) (31) (94) (2) (97) (29) (48) (87) (62) (5) (39) (91) (89) (70) (65) (53) (75) (27) (99) (46) (57) (26) (32) (96) (21) (6) (69) (82) 
27 (69) (48) (3) (79) (55) (77) (83) (53) (96) (47) (46) (92) (61) (44) (45) (10) (84) (14) (93) (91) (2) (28) (42) (65) (50) (7) (16) (86) (85) (75) (9) (18) (88) (74) (89) (4) (25) 
28 (1) (32) (44) (100) (22) (98) (48) (45) (12) (4) (78) (11) (47) (38) (79) (15) (90) (2) (92) (54) (5) (27) (82) (8) (86) (88) (56) (94) (57) (6) (96) (85) (63) (35) (30) (93) (50) (91) (13) (33) (46) (97) (41) (53) 
29 (45) (3) (39) (100) (49) (73) (78) (97) (94) (70) (36) (30) (22) (58) (27) (84) (2) (8) (61) (26) (79) (42) (54) (4) (88) (55) (81) (65) (37) (60) (1) (82) (7) (12) (18) (95) (33) (59) (89) (69) (53) (9) 
30 (95) (21) (20) (98) (59) (19) (71) (63) (52) (89) (34) (97) (91) (2) (57) (70) (47) (81) (42) (55) (35) (85) (33) (82) (3) (49) (13) (31) (28) (46) (9) (18) (14) (60) (88) (79) (62) (40) (48) 
31 (74) (87) (38) (93) (98) (4) (18) (33) (11) (48) (79) (89) (37) (80) (82) (91) (49) (56) (83) (97) (10) (81) (20) (1) (57) (5) (88) (40) (63) (66) (84) (86) (78) (36) (39) (72) (68) (2) 
32 (26) (61) (85) (46) (100) (66) (18) (79) (87) (96) (57) (53) (62) (98) (82) (15) (54) (35) (97) (76) (37) (51) (56) (32) (77) (12) (22) (48) (90) (20) (44) (3) (2) (94) (52) (40) (34) (50) (47) (8) (78) (86) (11) (80) (59 92 71) 
33 (3) (31) (80) (75) (78) (49) (19) (71) (66) (38) (96) (62) (46) (40) (20) (82) (58) (39) (79) (87) (6) (47) (21) (51) (29) (50) (9) (97) (53) (7) (37) (22) (5) (4) (41) (81) (52) (63) (59) 
34 (70) (62) (46) (76) (11) (17) (15) (29) (43) (52) (30) (12) (21) (40) (58) (67) (66) (64) (56) (41) (55) (65) (57) (5) (84) (8) (44) (94) (39) (80) (71) (72) (81) (95) (32) (53) (86) (51) (7) (68) (89) (6) (36) (49) 
35 (93) (22) (88) (79) (92) (34) (46) (16) (27) (47) (95) (18) (85) (28) (36) (90) (66) (20) (65) (39) (83) (30) (11) (25) (29) (24) (76) (26) (59) (42) (17) (23) (49) (21) (61) (98) (5) (84) (64) (100) (55) 
36 (35) (93) (94) (69) (65) (62) (55) (72) (12) (67) (8) (32) (39) (66) (59) (20) (47) (50) (88) (25) (41) (13) (100) (7) (6) (21) (16) (76) (57) (82) (33) (98) (86) (54) (15) (84) (19) (58) 
37 (66) (76) (40) (92) (31) (71) (13) (51) (93) (62) (65) (12) (86) (38) (6) (99) (26) (82) (79) (9) (89) (58) (42) (72) (74) (27) (63) (90) (22) (44) (83) (30) (68) (54) (52) (35) 
38 (61) (7) (38) (29) (21) (92) (62) (16) (98) (64) (74) (14) (85) (71) (88) (100) (51) (67) (12) (30) (60) (34) (58) (36) (76) (28) (41) (75) (89) (46) (91) (6) (56) (77) (20) (83) (37) (44) (72) (43) (17) 
39 (15) (26) (41) (100) (93) (62) (45) (88) (86) (21) (51) (39) (8) (36) (57) (71) (7) (70) (99) (73) (80) (81) (5) (32) (30) (13) (34) (17) (16) (38) (10) (69) (47) (28) (83) (29) (1) (48) (9) (31) 
40 (92) (16) (52) (93) (11) (28) (78) (89) (1) (24) (45) (55) (60) (64) (46) (67) (10) (32) (98) (62) (5) (21) (80) (35) (72) (91) (43) (66) (90) (50) (54) (31) (63) (83) (71) (39) (58) (74) (15) (19) 
41 (37) (50) (69) (89) (79) (53) (71) (41) (85) (49) (19) (29) (3) (5) (22) (7) (24) (55) (18) (56) (38) (28) (99) (57) (13) (58) (30) (72) (46) (31) (54) (90) (39) (20) (35) (16) (97) (98) (59) 
42 (33) (55) (76) (23) (95) (83) (73) (40) (11) (26) (5) (72) (34) (54) (8) (85) (74) (35) (12) (99) (56) (2) (47) (51) (4) (22) (45) (67) (81) (57) (7) (3) (68) (78) 
43 (40) (43) (32) (38) (52) (97) (11) (23) (94) (7) (56) (48) (25) (62) (92) (81) (100) (26) (12) (84) (80) (45) (16) (58) (39) (37) (87) (19) (31) (35) (64) (41) (83) (33) (61) (96) (15) (88) (82) (50) 
44 (87) (66) (12) (5) (73) (3) (46) (44) (92) (8) (83) (10) (31) (51) (9) (35) (80) (60) (17) (37) (4) (47) (98) (75) (68) (21) (16) (38) (96) (24) (36) (71) (91) (14) (26) (97) (78) (62) (49) (74) (13) (56) (70) (20) (52 69) 
45 (97) (86) (47) (3) (7) (91) (100) (94) (78) (17) (32) (35) (76) (43) (54) (82) (84) (4) (24) (41) (53) (27) (81) (8) (22) (96) (23) (28) (93) (39) (5) (20) (13) (72) (57) (6) (99) (14) (63) (83) (59) (50) (80) (33) (26) (92) (69) 
46 (57) (26) (73) (72) (76) (52) (87) (89) (94) (51) (12) (29) (96) (81) (42) (90) (86) (93) (41) (97) (19) (27) (35) (10) (2) (74) (16) (71) (9) (15) (77) (99) (14) (54) (25) (44) (58) (5) (31) (23) (11) (66) (3) 
47 (25) (79) (2) (50) (27) (71) (49) (29) (18) (58) (84) (57) (83) (40) (41) (43) (74) (92) (54) (30) (8) (62) (22) (31) (14) (73) (67) (6) (1) (35) (94) (4) (47) (96) (33) (64) (3) 
48 (75) (99) (31) (90) (82) (14) (3) (44) (83) (70) (19) (23) (96) (92) (47) (35) (95) (85) (17) (18) (49) (60) (20) (78) (54) (100) (72) (42) (8) (65) (30) (73) (86) (89) (13) (43) (97) (77) (53) (4) (57) (62) (34) 
49 (43) (48) (76) (49) (91) (96) (13) (56) (95) (1) (88) (7) (24) (93) (14) (58) (44) (18) (35) (89) (67) (80) (40) (36) (69) (19) (46) (25) (20) (62) (29) (97) (2) (81) 
50 (77) (24) (72) (60) (86) (83) (5) (35) (41) (31) (93) (67) (80) (66) (52) (13) (74) (22) (33) (70) (65) (14) (28) (53) (44) (58) (43) (55) (47) (79) (25) (68) (3) (12) (20) (78) (10) (16) (50) (75) (94) (26) (49) (76) (8) (89) (63) (48) (23) 
51 (22) (71) (95) (25) (16) (50) (97) (34) (76) (75) (17) (81) (14) (58) (93) (1) (80) (89) (90) (37) (10) (66) (19) (23) (36) (78) (33) (42) (98) (28) (18) (72) (21) (54) (91) (39) (3) (84) (100) (85) (69) 
52 (18) (78) (46) (53) (47) (62) (1) (76) (67) (93) (25) (30) (96) (21) (64) (34) (6) (61) (54) (90) (16) (83) (80) (55) (82) (42) (72) (49) (95) (66) (39) (5) (12) (23) (45) (81) (20) (59) (88) (43) 
53 (42) (50) (39) (80) (86) (15) (83) (1) (51) (13) (90) (32) (57) (78) (59) (9) (60) (89) (21) (79) (14) (40) (85) (88) (16) (47) (26) (31) (74) (65) (29) 
54 (94) (18) (57) (31) (63) (49) (26) (64) (22) (87) (76) (86) (11) (2) (60) (80) (41) (84) (16) (59) (8) (83) (12) (70) (69) (92) (23) (1) (48) (7) (35) (74) (17) (32) (91) (75) (5) (62) (65) 
55 (85) (97) (32) (99) (71) (44) (92) (29) (93) (3) (61) (6) (18) (82) (52) (45) (30) (47) (70) (89) (63) (59) (46) (1) (14) (88) (54) (50) (26) (5) (68) (13) (27) (2) (11) (90) (79) (94) (10) (62) (7) (39) 
56 (46) (11) (42) (1) (78) (44) (76) (31) (67) (40) (79) (58) (51) (23) (28) (60) (77) (54) (48) (34) (70) (74) (83) (13) (17) (19) (71) (66) (62) (12) (98) (59) (27) (50) (64) (97) (32) (84) (94) (81) (93) (20) (49) (25) (91) 
57 (8) (89) (78) (99) (30) (93) (42) (92) (24) (63) (56) (72) (66) (90) (65) (6) (12) (98) (38) (70) (13) (58) (81) (85) (46) (45) (27) (80) (10) (77) (86) (100) (41) (34) (11) (43) (32) (64) (50) (18) (2) (69) (39) (47) (79) (60) (88) (61) (4) (75 71) 
58 (80) (85) (71) (47) (22) (60) (39) (29) (50) (97) (23) (67) (6) (64) (79) (28) (4) (26) (58) (45) (75) (96) (56) (76) (81) (18) (36) (32) (7) (14) (90) (20) (83) (3) (93) (100) (62) (19) (15) (21) (5) (35) (72) 
59 (15) (10) (93) (13) (52) (19) (96) (55) (26) (16) (36) (32) (43) (17) (90) (2) (61) (5) (31) (60) (46) (33) (25) (69) (22) (74) (28) (1) (45) (79) (42) (18) (4) (67) (11) 
60 (30) (20) (9) (99) (71) (46) (45) (74) (26) (73) (97) (95) (33) (21) (76) (42) (47) (35) (5) (92) (86) (54) (19) (6) (40) (62) (36) (77) (66) (41) (38) (82) (59) (13) (23) (44) (98) (48) (4) (12) (93) (81) (84) (87) (34) (68) (31) (52) 
61 (69) (94) (89) (62) (14) (58) (5) (88) (2) (29) (49) (72) (45) (64) (16) (65) (33) (80) (4) (92) (10) (98) (66) (56) (82) (17) (36) (86) (24) (96) (50) (77) (25) (75) (9) (87) (20) (73) (91) (30) (83) (48) (8) 
62 (86) (42) (45) (82) (13) (52) (95) (55) (5) (23) (20) (79) (98) (91) (100) (85) (61) (75) (54) (76) (35) (84) (17) (46) (67) (78) (16) (60) (14) (77) (39) (92) (53) (58) (65) (12) (51) (70) (34) (90) (73) (56) (27) (50) (31) (63) 
63 (96) (68) (64) (14) (53) (31) (50) (45) (78) (58) (73) (76) (86) (11) (39) (44) (37) (93) (80) (33) (38) (3) (83) (19) (56) (8) (70) (71) (5) (15) (77) (42) (26) (65) (91) (60) (2) (52) (27) 
64 (34) (43) (26) (50) (57) (24) (13) (4) (3) (33) (94) (51) (73) (91) (66) (58) (44) (98) (95) (10) (47) (71) (92) (85) (8) (45) (52) (5) (22) (68) (64) (28) (56) (67) 
65 (41) (80) (78) (35) (8) (70) (17) (51) (16) (48) (61) (81) (33) (22) (45) (6) (30) (7) (31) (62) (84) (100) (52) (90) (73) (95) (36) (24) (89) (74) (98) (82) (4) (72) (86) (58) (56) (96) (40) 
66 (60) (82) (8) (62) (49) (58) (32) (50) (80) (100) (68) (53) (3) (94) (25) (26) (31) (67) (33) (22) (93) (23) (55) (13) (42) (64) (51) (47) (79) (91) (43) (11) (81) (46) (99) (18) (86) (61) (24) (74) (37) (78) (85) (1) (90) 
67 (78) (70) (74) (63) (52) (60) (59) (8) (22) (17) (27) (5) (16) (41) (9) (62) (65) (49) (98) (95) (84) (19) (48) (42) (57) (4) (15) (25) (6) (50) (68) (31) (26) (88) (71) (47) (56) 
68 (27) (85) (69) (19) (34) (17) (52) (94) (50) (76) (13) (45) (53) (71) (80) (64) (79) (28) (4) (3) (47) (38) (83) (33) (82) (40) (58) (32) (5) (98) (93) (91) (70) (78) (51) (24) (89) (37) (92) (100) (86) (25) (96) 
69 (93) (95) (43) (4) (3) (69) (14) (6) (59) (23) (57) (8) (79) (68) (52) (46) (100) (87) (88) (55) (17) (70) (49) (37) (96) (80) (48) (92) (99) (54) (13) (33) (9) (94) (89) (42) (61) (28) (29) (12) 
70 (2) (91) (83) (17) (46) (47) (50) (21) (11) (98) (1) (41) (69) (38) (76) (82) (45) (100) (96) (37) (57) (79) (75) (28) (65) (34) (10) (26) (55) (22) (33) (29) (51) (73) (30) (90) 
71 (73) (70) (23) (98) (38) (83) (100) (89) (22) (31) (67) (34) (2) (93) (40) (54) (75) (39) (4) (12) (43) (28) (11) (49) (42) (53) (57) (97) (60) (21) (66) (36) (61) (96) (24) (87) (20) (15) (68) (82) (13) (88) (9) (71) (26) (62) 
72 (60) (62) (56) (59) (82) (70) (92) (53) (85) (11) (64) (22) (90) (23) (94) (33) (79) (5) (68) (57) (65) (30) (55) (86) (42) (75) (38) (74) (12) (80) (98) (4) (63) 
73 (71) (24) (10) (48) (20) (92) (72) (77) (35) (37) (46) (5) (84) (54) (80) (11) (22) (36) (23) (90) (25) (29) (45) (95) (51) (30) (32) (15) (28) (13) (7) (2) (94) (55) (93) (14) 
74 (43) (85) (62) (30) (52) (74) (53) (16) (70) (96) (40) (8) (69) (71) (24) (72) (65) (39) (1) (89) (47) (77) (60) (90) (99) (6) (14) (58) (11) (61) (49) (98) (25) (67) (79) (44) (35) (3) (34) (26) (93) (88) 
75 (23) (74) (72) (36) (60) (70) (25) (99) (17) (81) (95) (97) (50) (41) (8) (38) (30) (31) (87) (26) (51) (63) (76) (1) (22) (56) (77) (45) (68) (86) (98) (3) (20) (100) 
76 (15) (14) (9) (1) (95) (46) (12) (88) (30) (8) (20) (74) (90) (70) (40) (51) (42) (45) (83) (22) (56) (37) (77) (79) (57) (33) (39) (86) (50) (47) (78) (92) (76) (98) (54) (99) (52) (29) (55) (75) (60) 
77 (35) (6) (48) (19) (41) (94) (33) (1) (81) (58) (77) (92) (23) (67) (24) (53) (5) (21) (9) (85) (74) (28) (76) (18) (4) (71) (42) (10) (75) (68) 
78 (62) (63) (14) (53) (40) (4) (64) (87) (78) (26) (84) (76) (50) (22) (27) (16) (54) (47) (21) (80) (29) (83) (49) (37) (10) (82) (100) (15) (60) (61) (17) (71) (46) (94) (33) (70) (90) (97) (79) (7) (85) (12) (32) (20) (43) (3) (36) (24) 
79 (76) (25) (67) (66) (24) (36) (3) (27) (13) (78) (32) (86) (15) (88) (37) (9) (89) (34) (42) (6) (16) (91) (74) (8) (21) (75) (40) (53) (44) (94) (23) (57) (72) (82) (2) (14) (59) (18) 
80 (78) (58) (21) (44) (1) (9) (29) (91) (43) (95) (8) (68) (89) (64) (52) (76) (54) (10) (24) (61) (7) (42) (39) (93) (27) (3) (36) (14) (79) (66) (86) (88) (30) 
81 (84) (91) (46) (50) (70) (58) (28) (54) (69) (42) (32) (62) (3) (17) (72) (30) (14) (16) (76) (22) (81) (23) (82) (52) (65) (5) (86) (57) (40) (89) (45) (49) (20) (36) (96) (93) (67) (79) (68) (27) (2) (87) (77) 
82 (63) (49) (53) (74) (19) (86) (50) (52) (3) (85) (99) (31) (57) (35) (96) (1) (9) (16) (11) (90) (82) (10) (62) (38) (68) (88) (91) (73) (7) (13) (61) (48) (78) (69) (44) (25) (36) (54) (46) (64) 
83 (67) (64) (35) (61) (85) (27) (26) (62) (17) (95) (12) (5) (69) (47) (78) (100) (59) (71) (22) (32) (83) (76) (51) (70) (77) (48) (15) (97) (29) (89) (25) (10) (50) (73) (38) 
84 (61) (77) (47) (54) (50) (60) (93) (92) (5) (21) (69) (10) (45) (40) (18) (17) (66) (85) (94) (46) (68) (100) (81) (56) (87) (9) (24) (82) (62) (29) (6) (25) (95) (53) (58) (38) 
85 (31) (71) (38) (47) (30) (85) (24) (22) (83) (45) (84) (27) (32) (60) (93) (94) (65) (42) (90) (69) (59) (99) (25) (16) (35) (91) (7) (8) (92) (6) (44) (19) (18) (4) (33) (28) (55) (17) (9) (3) 
86 (31) (7) (39) (11) (78) (57) (100) (87) (97) (81) (30) (86) (17) (96) (94) (36) (73) (49) (63) (55) (12) (10) (93) (91) (71) (99) (16) (70) (4) (61) (34) (88) (26) (14) (37) (58) (72) (47) 
87 (61) (46) (11) (18) (68) (72) (19) (13) (85) (28) (74) (35) (43) (100) (62) (15) (5) (14) (97) (34) (23) (54) (31) (59) (24) (77) (57) (83) (52) (64) (65) (90) (88) (66) (93) (51) (70) (22) (91) (63) (60) (78) (32) (16) 
88 (44) (45) (3) (93) (74) (36) (24) (61) (82) (50) (52) (54) (89) (35) (6) (19) (41) (23) (68) (73) (26) (32) (33) (66) (58) (88) (70) (92) (15) (40) (86) (38) (78) 
89 (98) (72) (28) (61) (4) (70) (5) (41) (33) (95) (2) (42) (77) (97) (71) (75) (3) (25) (100) (93) (67) (52) (48) (47) (26) (73) (9) (32) (57) (79) (6) (85) (78) (91) (59) (1) (87) (55) (39) (37) (34) (24) (44) (76) (96) (89) (65) (69) 
90 (57) (4) (76) (79) (38) (70) (84) (25) (18) (36) (60) (91) (99) (15) (85) (61) (86) (87) (17) (64) (88) (11) (63) (98) (16) (52) (59) (21) (46) (65) (12) (6) (68) (41) (66) (89) 
91 (24) (93) (11) (80) (37) (30) (1) (60) (46) (85) (42) (75) (33) (96) (6) (5) (40) (95) (15) (76) (65) (74) (64) (9) (61) (79) (41) (90) (27) (19) (10) (7) (87) (69) (45) (78) (71) (99) (32) (92) (52) 
92 (71) (10) (46) (95) (39) (90) (44) (81) (97) (18) (26) (12) (56) (94) (9) (20) (19) (77) (100) (29) (34) (57) (5) (85) (53) (45) (99) (21) (38) (66) (96) (70) (67) (14) (69) (11) (31) (51) (60) (3) 
93 (62) (28) (96) (80) (12) (31) (76) (13) (4) (19) (21) (24) (69) (85) (38) (8) (34) (39) (35) (44) (48) (54) (56) (27) (57) (5) (53) (41) (36) (64) (43) (22) (87) (67) (17) (32) (88) (63) (45) 
94 (59) (65) (70) (88) (83) (82) (36) (15) (71) (32) (13) (68) (33) (16) (26) (85) (54) (56) (19) (41) (2) (69) (72) (84) (60) (27) (22) (80) (12) (46) (61) (25) (34) (28) (40) (62) (67) 
95 (15) (78) (86) (75) (25) (95) (35) (98) (8) (27) (59) (60) (45) (84) (23) (2) (96) (58) (87) (74) (65) (81) (28) (57) (82) (39) (69) (97) (37) (32) (38) (3) (61) (5) (12) (92) (99) (46) (29) (80) (36) (19) (79) (6) (17) (83) (89) 
96 (24) (56) (54) (59) (19) (36) (90) (95) (75) (71) (51) (86) (69) (31) (50) (93) (79) (60) (67) (32) (16) (27) (35) (12) (37) (77) (14) (53) (41) (15) (4) (63) (72) (17) (22) (100) (61) (65) (8) (87) (94) (96) (20) (21) (10) 
97 (9) (47) (54) (11) (77) (45) (66) (14) (50) (25) (1) (95) (79) (85) (32) (21) (35) (39) (6) (84) (16) (80) (75) (67) (18) (78) (24) (40) (42) (49) (33) (44) (87) (56) (60) (59) (100) (96) (62) (19) 
98 (94) (17) (78) (29) (45) (26) (36) (84) (18) (62) (16) (23) (96) (43) (19) (54) (27) (72) (38) (98) (79) (8) (100) (30) (11) (93) (87) (52) (74) (55) (25) (22) 
99 (37) (60) (35) (72) (23) (52) (12) (69) (93) (7) (49) (9) (75) (57) (17) (54) (87) (98) (77) (19) (84) (85) (38) (94) (26) (29) (58) (89) (14) (2) (76) (59) (24) (82) (43) (5) (33) 
100 (79) (62) (28) (8) (98) (80) (9) (45) (86) (41) (36) (92) (91) (84) (30) (67) (16) (27) (89) (55) (15) (39) (6) (1) (29) (77) (51) (78) (100) (37) (40) (66) (3) (85) (10) (24) (70) (7) (81) (56) (83) (33) (93) 
