0
100
100
1 (67 42 82 7 5 58 64 25 28) (52) (88) (3) (77 87) (29 18) (68) (73 48 47) (75 10 79 70 8) (61) (56 32) (65 53 21 63 85 6) (60 97 98) (92 41 50 93 51 80) (96 57) (38 35) (4 78) (30) (22) (36 90 43 62) (54) (81 14 33) (9) (44 83 69 74 2 19 11) (89 13) (17 95) (99) (59) (23 27 94 40) (76) (16) (39 24 91 20 34 71 12) (84 46 100) 
2 (52) (29 61 8 32) (36 100 54 62) (97 59) (27 74) (71 42) (12 33) (88) (37) (63) (19 80) (26 50) (78 34) (49 15 70) (82) (22) (21 4) (67 16) (72 96) (24) (23) (46) (5) (7 47) (66) (77) (14 11) (79) (68) (98 38 28) (55 43) (83 89 53) (35 9 6 56) (75 69) (90 92 91 65) (85 45) (41 76) (2 57 87) (17 84 40) (48) (25) (10 13 94 3) (64) (1 30) (73) (20) 
3 (40 50) (8) (32 52) (94) (67 99 2 4) (62 30 41 86) (5) (74) (26) (16 44 70 95) (35) (25 51 83 29) (49) (38) (77) (64 46 90) (76) (45 15) (54 97 11) (91) (10) (20) (93) (82 53) (96) (72) (13) (80 92 9 23) (21 42 37 34 75) (87) (7 66) (48 84) (85 57 68) (36) (18 12) (22 43 100 60 61 81) (17) (58 73 1 56) (89 79) (65 55 39) (88 59) (6 19 47 28 78) (63) (31) (33) (14) (98 24) 
4 (23 94 49) (96 56) (83) (8) (34) (86 9) (95 26 17 10) (18) (33 7 21) (46 44 13 67 48) (43 77) (50 82 20 60) (40 55 27 1 81) (69 15 36) (16 29) (72) (74 42 19 54) (99) (57) (11 85) (24 75) (90 78) (61 76 79 2) (14) (98) (35) (39 45 62) (30 80) (93 53 100) (68) (63) (65) (28 32 97 51 87) (66 71) (47) (59 73 58) (91 38) (12) (4) 
5 (26) (63) (35 100) (98 81) (82 19 23 29 95 94) (93 83) (11) (36) (89 40) (73 5 80 38 52) (24 39 3) (30) (45 66 69) (6 41) (85) (68) (78) (77) (13 86) (54) (84 31 51) (50) (91 74 96) (4 48 65 17) (49) (42 76) (22 97 14) (37) (28 15 27) (99 16) (88) (92 62 55 25 79) (12) (53 2 61) (56 70 72 20 44) (67) (34 71 47 87 7 1 8 64 75) (60) 
6 (15) (14) (46) (86 90) (75) (61) (92) (73 78) (7) (62 66 33 72 44) (70) (10 54) (53 98) (30 39) (22) (51 26 74) (31 9) (82 89 37) (83) (58 27) (80 71) (43) (41) (38) (67 94 21) (2 69 24) (29) (77 20) (100) (49 40 55 93) (48 16 19 36 81) (84) (28) (97 32) (96 64 1 85 95) (13 6 79 3 57 45 65 23 11 99 8) (60) (59) (63 18) (42 17 34 91 52) (76 12 4) 
7 (38) (65 88) (9) (14 33 79 82 54) (46 44) (67) (50 66 32 64 16) (85) (4 49 35 36) (31) (42 8 97) (2) (99) (75 3 12 74 6 23 57) (72 37) (21 17 78 25 87) (51 70 30 90) (94) (24 45) (95) (7) (86 53 29 62 92 81) (68 28 34) (83 52) (15 10 27 84 40 89) (11) (22) (5) (19 48) (61) (77 39 93) (56) (47) (1) (76) (41) (73 91) (43 13) (55) (60 69 71) (63) (18) 
8 (87) (74 89 91 38 59) (86) (40 75) (6 35 61 1 26) (20) (23 45) (99 9) (28 2) (11 3 21) (48) (31) (8 97 46 62) (10) (22 47 24 54 5 83) (90 68) (19 57 70 30 80 56 63) (69 98 85 58) (4) (95 16 71) (25 100 34 72 51 41) (39) (81) (84 76 67 50 92 7 49) (73 12 42) (29) (43) (55) (65 27 33) (32 93 64 88) (37) (15 52) (17) (96 53 18 77 14) 
9 (43) (12 2 18 13 14) (100 99 92) (1 77 61 49) (54 47) (42 95) (91 30) (44 38 23 26 24 78 59 39 82 58 66 69 60) (83 65 56) (5) (73 3 20 31 94 64 84 17 55 28 36 70 22 16) (45 48) (98 7 50) (86 10 32) (62 34) (80 40) (57 15 51) (85 93 11 6 90) (53 96 72 71) (63 67 46 81) (9 74) (97 87) (68 8 89 29 41) (88 52) 
10 (30) (65 77) (93) (80) (66 26) (62 28 25 12) (14 61 13) (43 18 1 44 96 94) (92 47 100) (79) (56 81 87) (31 85) (4 3 22 39 49 60 34 57 84 89 24 15 19) (42 67) (59 32 64) (55 95 45) (2) (54) (68) (74 17) (72) (46 33 70 20 86 9) (97) (52 58) (6) (23 78) (5) (99 37) (11 27 7) (71 10 73 75 8) (35 90) (21) (40) (51) (16 38) (83 69) (91 76 50 29 48 98) 
11 (87) (86 25 99 76) (28) (50) (92 79) (54 27) (71 48) (74) (14 84) (57) (46 45) (65 72) (21 24) (64 93) (73) (15) (52 81 47) (89 66 91 60 34) (29 53) (77 26 18) (67 42) (78 35 2) (88 83) (44) (3) (5 11 95) (39) (16 55 8 19 82 38) (9 90 7) (32 37 85 63 70) (51) (58 23) (41 17) (61) (43) (4) (10) (59 94) (12) (96) (40) (98 56) (100) (36 13 68 30 62) (75 20) (33) (49) 
12 (98) (50) (43) (9 47) (11) (77 29) (10 94 17) (67) (72) (99) (44) (66 3 21) (37 84) (31) (80 16 85 23 91) (39 81) (7 46 33 62 36 34 93) (27 53) (97) (58) (86 52) (90) (56 2 74) (40) (78 32 88) (38 89 45 30 26 79 54) (83) (57) (100) (5 61) (35) (76 41) (14 8) (95) (1 20 25 64 15) (22) (19) (12 68 60) (69) (48) (70) (75 28 6) (82) (92 87 4) (73 59 71 24) (42) 
13 (5 49 86 92 58) (8 50) (44 95 81) (21 2) (16 96) (56 69 97 80 41 14 77) (20) (70) (66 63) (78 26 84 25) (47) (23) (10 59 62) (9 55) (1) (76) (12) (43) (83 29) (48 73) (91 74 17 24 57 35 68) (4 31) (72 46 11) (42 98 64) (71) (89) (38 53 13 6 45 39 19 30 75 52 51 93) (90) (79 100 36) (85) (18 88) (82 94 67 40 3) (27 32 99 15 28 33 87) (54) (7) 
14 (34) (81) (39 41 40 33 64) (63 69) (67 22 24 8 10 35) (94 76) (36 99) (59 82) (56 14 71 65 30) (80 1) (100 90 23) (31) (47 51 95 38) (97) (27) (18 74 61 86) (32) (48) (46 43 16 93 13) (20 21) (58 53) (2) (87) (66) (73) (60) (98) (75 9) (68) (15 42) (72 17) (49) (25) (55 11 52 44 6 7 79 88 12) (28 89 45 4 92 54) (78) (5 57 77 37 3) (85 83 29) 
15 (35 24) (15 32 82) (63) (90) (79) (50) (13 17) (4 88 43) (62) (72 85 57 68 98) (60) (21 83 10 18) (71) (6) (59) (14) (95 28 76 89 100) (38 78) (87 45 41 97 36 27 23) (92 93 61) (30 55 5 29 7) (80 81) (70 54) (22 51) (33 19 34) (66) (49) (40) (8) (53 37) (56 52 74 67) (16 26 25 69 42 48 9) (44) (20) (31 1) (75 58 2) (96 47 39 86 99 94) (46) (77) 
16 (24 46 82 86) (10) (99 11 90 71 100 15 52) (19) (31 32) (18) (73 84 54 28 79 77) (48 38 92 65) (80) (7 58) (76 27) (51) (61 44) (35) (41 64 1 4) (94 36) (37 69 13) (75 2 29 49) (87 17 25 83 72 20) (14 26 21) (50 8) (67) (12) (78 34) (40 57 63 74 53) (68) (97 85 81 93) (88) (62 22) (42) (9 98 59) (23 43) (47) (30 16) (33 39) (3 96) (89) (6) 
17 (2) (62 26) (14 77 49) (95 41 74 39 9 96) (45) (54 63) (3) (21) (20 4) (71) (73 76 16) (68 91 81 67 65 11 10) (46 70) (72) (56 22 18 58) (28) (92) (24 75 12) (66) (59 64 8 85) (84 40 23) (31 1) (99) (17 29 86 93 50) (69) (51) (94) (55) (87 90) (5) (83) (34 97 15 100) (53 25) (7 82 37) (47) (52) (35 48) (6 19 43) (57) (80) (32) 
18 (62 51) (16) (50 97) (35 47 61 30) (22 33) (79 68) (26 66) (7 57) (6 53) (42) (82) (59 14) (27 94) (4 31 40 48 1 2 54) (55) (34 64) (93 41 63) (56 45 70) (87) (74) (44) (12) (20 89 85 3 13) (28) (67) (10) (76) (60 46) (80 73) (65) (58) (77) (5) (17 25 99 37 32 38) (98 83 21) (36 84 52) (8 90) (92 43 72) (75) (88 71) (91 78) (95 9) (39 24) 
19 (1) (60 92 76) (56 44) (54) (21 35) (31 57 63 95 50 98 16 7 61) (70 74 30 84 96) (6) (42) (75) (89) (45 19) (36) (5) (66 73 79 3 17 49 83 27 13) (20) (24) (32) (88) (23 77 39) (62) (48 10) (51 90) (58 81 91) (68 64) (71) (46) (29) (2) (94 22) (26 12 59 82 14 53) (33) (85) (69) (47 67) (9) (38 15 87) (65 4) (11 52) (43 78 18 93) (37) (8) (100) 
20 (47 8 60 37 10 79) (89 88 56 32) (80) (77) (20) (73) (7) (17 21 71) (31) (23 16 50 95 90 69 59) (29) (72 58 55 66) (2) (4 81 34 24) (11 9 35 36) (75) (51 63 26) (78) (96) (19) (22 52 100) (85 33 49 54 39 99) (74) (82) (94) (93 25 76) (44 62 57) (6) (5 41 27 13) (87) (70 18) (30 83) (38 28 3) (42 98 12) (15 46 45 91) (53) 
21 (70 54 19) (46 87 90 36) (1 3 76 37 31) (63 53 45) (47) (92) (38 99 74 73 55 58 32 50 86 15) (40) (22) (95 30) (16 85 65 96 21 57) (8 14) (2) (72 9 25) (82 51 75 39 41 4) (35 93) (29) (78 10 67 13) (68) (61) (91) (12) (26 43 80 71 98 23 6 5) (17 7) (27) (81) (24) (79) (94) (89 18) (97) (42 33) (56 60 59 49) (66 34 84 88) (52) 
22 (63 20) (81 34 55 72 66) (82) (24 43) (11 28 36) (9 22 67) (88 27) (45 100) (57 53) (18) (91 78) (94 33 95) (93 48) (50) (7) (96 13 99 92 40 62) (56) (76 52 97 75 31) (83 90 84 49) (19) (74) (58) (89) (68 77) (61 39) (71 16 65 86) (21) (17 79) (3 69) (8) (26 23 12 85) (54 4 14) (42 38) (5 6 80) (59) (1) (73) (29) (32) (37 64 60 51) (41) (98) (46) 
23 (16 69) (17) (45 61) (94 47) (95) (40) (93 89 76) (25) (66 33 46) (84) (3 98) (63 4 85) (56 100) (13 49) (83 24) (54) (52 75 14) (96) (73 6 15 43 30) (64 50 48) (81 51 20 8) (23 22) (72) (21 37) (1) (58) (99 12 7) (11 78 59) (86 18 19) (55 70 97 9) (26) (31 44 80 27 53 77 29 82 32 88) (57) (2 34) (90) (35 5 39 28) (74) (62 10) (87) (42 65) (67) 
24 (70 92 55) (34 98 29) (83) (38 77 80 82 13) (51 84) (78) (31 6) (36) (63 79) (15 74) (68 96) (44) (46) (16) (99 85 2 22) (27) (75) (10) (12 49 100 5 37) (19) (28 89) (76) (95 88) (53) (58) (21 91 43) (57) (8 45 11 66 3) (47 54 62 35 30 26 18 56) (73) (59 90) (33 17) (94 69 86) (93 32) (65) (71 61 41 25 72 23 1 24 97) (40 50) (52) 
25 (51 15) (75) (98) (33 66) (95 74 86 31 68) (41 12) (84 5) (73 58) (11 36 35) (100 28 10) (71) (26 22 21) (62 87) (97) (57 65 61) (89 1 29) (23 60 34 93) (88 49) (9 56) (39) (40) (2 16 46 27 94 43) (30 70 14 85 25 50 64) (52 54 44) (79 7 92) (47 96 13) (17 77 76 37 80 32 8 53 45 83 81 18 4) (20) (82) (91 3 67) (90 72) (99) 
26 (33) (45) (4 56 27 10 80) (43) (59) (34) (58 91) (55 53) (30 85 15 79) (57) (25 52) (44 73 89 83 24 68 66 18) (99 69) (16) (84) (20) (22 3) (36 62 78) (47) (28) (19) (67 6 75 98) (5) (100 71 92 96 61 11) (39 49 77 90 37 64 13 95) (70 29 38) (12 87) (65 48 1 94 26 42) (2) (40) (97 8 21 81 72 31) (74 35) (32 14 86 76) (82) (50) (88) (63 60) 
27 (69 89 42) (12) (37 15) (45) (25 73 87) (91 26 97 88 11) (5) (7) (67) (75 55) (52 98) (6) (28) (3) (90 34) (43 33 16) (63) (60) (10 62) (82) (71 39) (23) (17) (72 65 24) (44) (96) (92) (53) (100) (54 57 2 95) (99 30 79) (56) (64) (29 50 13 48 9) (58 19 35 93 4 83) (76) (86) (85) (21) (66 31) (80 18) (74) (59) (36 20) (68) (32 47) (1 61 49) (94) (8) 
28 (95) (91) (68) (34 90) (4 22 45) (66 89 7) (38 94 99 20 8 9 25) (57) (11 58) (84) (75 67 100) (52) (86 82 27 97 62) (64 74) (13 50) (29 71) (48 77) (24) (32 18) (93 56 41 30) (37 70 21) (19 92) (17 98 78 72 96) (85 65 6) (88) (1) (47) (35 55) (26) (31) (15 12 42 33 87 61 43 3 23 80 10 46) (51) (44 14) 
29 (13) (26 34 45 37 33 24 53 12) (72 69 78) (94 51) (7) (40 82 85) (64) (17) (61 5) (93) (39) (30 66 49) (54) (31) (52 6 74 67) (89) (9 59 28) (62 44) (29 65) (97 99 100) (14 50) (55 92 70 71 22 90) (46 42) (2) (56) (18) (1) (10 21) (4 15 43 87 79 73) (75) (41 23 19 68 80) (96 38 84 57 36 95 58 81) (76 3) (25 83 20) 
30 (88) (50 32 54 22) (73) (66 40 30) (14 53) (11) (29) (21 35 85 39) (44 27) (81) (94) (98) (7) (25 17 28 76 1) (58) (100) (96) (5) (38) (77 42 8 4 18 46 84 57) (6) (63 69 33) (78) (70) (92 37) (59) (36) (91 24 62) (48 55) (3 72) (82 75 56 68) (47 15) (10 52) (51) (67) (16) (20) (60 9) (2) (19) (93 61 89) (86 80) (13 64) (31 23 43) 
31 (19 30 27) (77 94 7 85) (54 10 21 14 4 23 40 100) (15) (16) (31 93) (48 62 70 26 11) (38 66 92 96 35 12) (95 78 25 73) (20) (34) (65 76) (79) (5) (33) (46 55 67 56 83 71 98) (49 45) (84) (32) (29) (51 86) (13) (69 60 99) (39 90 75 72) (91) (9) (3) (50 18 24) (82 53 81 63) (97 44) (36 58 80) (59 88 43) (42 6 68 8 37) 
32 (49 45) (7) (62 28) (33) (38 32) (91 44) (81 12 55 73 97 24) (37) (42) (10 22 23 39 64) (65 8 71) (80 13 3) (1 17) (20 74 25) (78 36 27 19) (61 35 29 14 87 58 67 95) (5) (6 43) (77) (63 21 93 92 94) (56 53 66) (59 82) (31 86) (88 89) (96 2 100 72 40 41 26) (90 54 34) (18 52 69 83 98 48 46) (85) (79) (16) (68 99 51) 
33 (17) (18 26) (53 12 95 36 8 25 58 83 92) (50 51 90) (41) (82 73) (91 86 77) (100 4 93) (40 6) (11 14) (57) (80) (94) (37 46 69 81) (99 55) (35 75 61 10 71) (9) (13 44) (49) (87) (48) (60 1 33) (32) (54 74 43) (76 72) (19 52 27) (38) (34 22 28 31) (79) (88) (42 3 66 30 29) (21 67) (39 84 63) (24 85) (15 23 5 97 56 62 59 89) (64) (2 47) (45 96) 
34 (43) (42) (76 77 59) (3 74) (31) (72 33 50) (93 7 84) (28) (69 91) (68 99) (53) (12 70) (73 60 2) (90) (34 35 37) (16 11 61 36) (51 65) (66) (82) (80 81) (24) (96) (98) (78 62 100 88) (95 39) (46 13 18) (45 54 26 92) (10 94 25 17 87 6 19 4) (97) (1 64 40 15 75) (9 32 85 79 52 89 63) (20 38 30) (58) (83 27 55) (57) (29) (23 41) (49 86 21 47 44) (22 5) 
35 (36 53 27 74) (6) (41 15 7) (78 12 66 68) (57) (13 100) (20 85) (76) (52 49 4 14 8) (50) (93 33 61) (43) (29 30 2 96) (83) (31) (69 55 94 88 24 71) (98) (16 64 63 91) (99 35) (81 87 82 37) (73 11 1) (58) (18 38 62 95) (32 26 40 5 9) (65) (80) (70) (28 3) (59 84 51 46 10 34 48 44 47) (72) (42) (97 77) (39) (79 19 90) (45 17 23) (67 75 56) 
36 (60 22 72 92) (78) (36) (25) (2 54) (21) (47) (13 33 76) (91 79 89 90 50 32 38) (19 24 57 11 73 77 71 45 70 68 74 17 96) (20) (93 63 3 61 85 14 40) (80 12) (26) (82 62 6 55 35 59 94) (97) (1 88 95 99) (9) (87) (67 4) (5 7 53) (41) (46) (8 18 65 56 86) (66 34) (84) (49) (39 29 44 75 69 51 31) (83) (100) (64 98) (10) (48 23) 
37 (11 37 94) (10 9) (60 3) (74 14 15) (95) (51 29 18) (26 72 61 44) (90 86 32) (17) (25 22) (30) (40 76) (42) (79) (80) (2 77 98 31 36) (97 12) (41 89) (75 78 88 66) (99) (85 6 35 73 100 91 59 68) (70 84 34 65 20 58) (57 23 62) (47) (19) (16) (82) (71 46 24 69 38) (48) (5 21) (39 1) (33) (96) (7 93) (52 43 45 53 81 64 87 83 13) (8 92) 
38 (32 63) (98 67) (39 97) (55 80) (72) (2) (10 91) (4 1) (46) (87 61 100) (29 89) (77 58 40) (20) (65 52) (60 44 21 51 85) (68 28) (56 49) (78 57) (71) (37) (26) (83 3) (13) (88 27) (7 31 15 5) (48) (19 35 92 66 12 22 14 45 17 30 82) (99 96 74 54 53 18 33) (42) (76) (9) (23 36) (93 38 41 90 34 25 59) (79) (24) (73) (6 81 70 84 86 8 95 43 50) (16) 
39 (88) (29 30) (33 56 14 26 16 95) (18 93 13) (77 19) (49 91 92 97 73) (44 2) (68 60 89) (96 69) (84) (11 54) (20 67) (41) (63) (62 57 74 76 59 94) (5 51 53) (35) (22 23) (81 52 27 78) (42 100 82 47) (70 24 98) (72 50 66 58 12 64 28 38) (4) (87 7 86) (46 10 6 15) (75 3 65) (90 83 45) (8) (31) (48 55 36) (1 40 21 85) (17 79 43) (80 39) (25 9) 
40 (57 25 26 38 56 44 80) (95 85 75) (70 45) (11) (46) (71) (16 41 77 49 69) (6) (74) (27 90) (33) (8 73 79 78 22 86 34 60 14 64 13) (51) (9 48) (37 21 47 24) (82) (89 100 43) (30) (58) (1 62 87 97) (31) (29 17) (65 72) (88 91) (7 93) (2 61 28) (32) (99 76 63 12) (23 94 36) (4 84 10 98 35 5 20) (18 54) (92) (83) (40 53 68 39) 
41 (86 74 20 41) (27 82 98 80 51) (9 52) (100 13 66 32 83 15 72) (44 49 1) (31 99 91 88) (92) (68 75 50) (21 3 18) (90 43 96) (23) (70 87 65 8) (46 19 53 29) (4 30 36) (69) (28 76 37 47 42) (17 25 56) (94) (12 95) (81 10 14 26 67 22 33 60 34) (57) (79) (78) (93) (16) (54 73 84 7) (35) (55 6 64 39) (2) (85) (48) (97) 
42 (92) (95) (39 36) (34 2 45) (64) (75 78) (14 94 87 37 12 99) (61) (89) (68) (5 47 23 88 13 65 15 10) (82 16 50) (100) (57 48 66) (90) (4 85 56 19 52 38) (24) (93 44 41 51) (32) (96) (21 86 28 30 58 69 97) (8) (76 70 25 91 72 46 62 71 22 40) (84 31 54) (17 67) (3) (63) (33 59 1) (77) (60 80 74) (6) (26 55) (20) (35) (98 49 29 83 73) 
43 (2 77 88) (13) (66) (14 55) (54) (45) (56) (75 80 48 32) (65 11 68 40 10) (37) (36 92) (50) (83 39 69 76) (28) (84) (97) (35 59 89 4) (58 49) (90) (19) (67 46) (16 42) (74) (12) (93) (78) (26) (57 3 99) (61 72 85) (73 87) (24 8 94) (47 1) (31 43) (30 38 63 5) (82 60 98 44) (52) (33) (25) (21) (62) (15) (70) (100 20 23 51 79 17) (96 9 29) (95) (81) (91 64) (22 18 7) 
44 (62 22 33 41 92) (3 45) (57) (54 51) (55 9) (76) (35 59) (79 66) (77) (5 20 37) (71 17 53 44 72 4 42) (47 75 89) (25 64 7 68 24) (78 38 12 48 67 1) (2 83) (16) (10) (91 58 43) (21 61 15 50) (85 11) (100) (40) (60 6) (32 49 86 98 93) (39 97 90 94) (31) (70 28 88 36 46 13) (63) (82 87) (65) (95 29) (8 34 74) (14) (84 73) (19) (80 69) (52 23) 
45 (46 63) (54 4 16) (100 86 1 96 66 47 74) (37 40 77) (18) (36) (2) (52) (84) (49 17 89) (13) (48 10 6 79) (69) (64) (51 82 71 99 26) (42 15 88 81) (57 11 9) (23) (73 43) (35 97 29 76 19 98) (28 14 75 91) (33 90 3 62 39) (45 44 70) (55 94) (7 41 92) (21) (72) (83 80 59 27 56 87) (65 95) (30 8) (25) (34) (68 32) (50 5) (12 60 78 61) 
46 (92 4 39 40) (85 36) (96) (22) (27) (6 23 61) (44 18 54 91 90 38 55 9 86 34) (25 7 33 57) (2 20) (43 35 15) (65) (62) (53 14) (26 17) (24 97) (30) (29) (71 70 32) (12 3 77) (94 28) (48 73 64) (74 31 51 16) (66 47 42 21 80 41 98 78 13 99 67 83 52) (59 60) (88 46 69 37 81 89) (82 1) (8 19 95) (49 45 93) (50) (5 87) (10 58 56) 
47 (96 100 28) (45) (21) (11 15 23 60 91) (19) (1 13) (89) (77) (16 93) (84) (55 98 79) (71 31) (90 85) (53 87 51) (97) (81 12 68 73 2) (44) (32 14 8) (49) (74 62 69) (20 38) (59 63) (66) (6 47 70 86) (80 99 33) (78 9) (56) (42 54 25 4) (5) (37 58 52 26) (34 75) (76 48 29 95 61 64) (92) (39 30) (3) (65 10 46 41 72 35 36) (17) (67) (50 94) (83) 
48 (32) (52 100 57 62) (31) (74 96) (28 34) (86) (29 10) (15 20 54 42 68 87) (99) (43 2 83) (59 65) (72 11 25 85 48 58 53) (24) (1 38 44 26) (90 27 21 91 50 49 5) (77 79 33 46 36 9 88) (6) (40) (35) (22 64 37 94 3) (41) (80) (75 23 12) (19 82 8 7) (71 67) (70) (4 84 16 60 98) (61) (63 39) (92 45) (17 30 73) (14) (78 81 93 97 76 13) 
49 (19) (74) (43 10 94) (96) (46) (54 87) (44) (23 29) (67) (17) (97) (53 18 16 95) (68) (69) (81 64 8 9) (78) (100 30 90 80 99 83 7 58) (45 20) (52 2) (15) (48 73 39 38 47 88) (57 31) (71) (34 86) (1 63 72 26 35) (24 84 4 66) (33) (56 60) (28 21 22) (85 42) (59) (77 70) (62 3) (89) (27 92 14) (65 40) (79 98) (76 32 36 91 13 61) (82 12) 
50 (13 25 71) (35) (5 85) (66 19) (14 76 9) (62 98 68 96 43) (70 29 4 65 61 50) (86 52) (21 22) (79) (55) (95 17 28 67 16 74 100) (88) (39) (89 8) (81) (56) (33 23 60) (93) (77 69) (7 36 34) (38) (58 1 73 11) (18 94 91) (57 44 78) (87 53 41) (83) (75) (64) (51) (27 97) (3 46 24) (37) (47) (10) (30 45 40) (82) (12 99) (48 20 2 32) 
51 (10 32 98) (62 31 82 25) (23) (40) (87) (81 15) (90 26 43) (84) (18 16 1) (7) (4 96) (21) (41 75) (50 9 20 5 53 42 95) (39 68 72) (66) (14) (74 85) (86) (67 64) (69) (52) (60) (77 13 59 93 8) (27 92 100) (30) (71 79 28 6) (70) (54 45) (2 58 47 17) (19 22 56 99) (91 33 89) (34) (57 36 51) (61) (38) (97) (29 35 63 55 37 46 88 80 11) 
52 (26) (64 3 43 22 39) (96) (20) (93 15 67 73) (87 54 31 30 11 46) (7 97 53) (42 37) (28 49) (61 55 50) (90 78 80) (60) (95 72 32 85 12 45) (56) (5 84 81) (4 24 69) (52) (59) (27 48 36 76 66 21) (58) (25 74 75) (47 34) (23) (13 16 57 94) (2 63 92 1) (91 35) (86) (62) (83) (89 88 40 98 41) (10) (70 8 14 18 79 68 33) (100 99 82) (71) 
53 (17) (96 65) (1) (30 84 25) (93 90 76 18 99) (41 78 48 53 79) (95 47) (16 33 66 22) (91) (26 49) (61 32 6) (57) (14) (36 63 80) (50 64) (11) (23 13 10) (71 81 100 60) (82) (19) (44) (42) (20) (7) (69 52 56) (51 70 97 4) (2) (35 37) (67 89 85) (45 55) (12) (43 38 92 88 29 86) (39) (58) (28 34 75 46) (54 73) (27) (21) (3 83) (8) (31 9 77 68 24) (59 62) 
54 (56 65 77) (20) (90) (71 57) (14) (63 21) (33) (4) (81) (43) (11) (48 73 97 29 74) (26) (10) (36) (35) (25 91) (75 6) (40 19 47) (28 51) (67 5 61 45 30) (96 87) (66 42 58 83) (62) (68) (93) (38) (98) (9 12 23 80) (60 46) (64) (52) (41) (76 32) (49 22 86) (37 54 94) (24 70 53) (18 100 82 44 92 15) (50 99) (85) (95 17) (34) (16 72) (59 78 88 7 2) (13 84) (31 1) (89) 
55 (83 31 90) (27) (32 3) (68) (52 44) (77 4 23) (1) (92 18) (61 41 86) (65) (46) (26 64 10 24) (8) (19) (60 35 91) (29 22 76 54) (6) (62 85) (100) (16) (57 50 9 82 20) (5 58 95 98 2 13 12 67) (15 71 30 11 36 81) (53) (80) (48 42 40 97 39 21 70 89) (55 73) (38 94) (7) (74 28) (47 59) (37) (79 96 49) (34) (66 63 14) (51) (78 69) (43) (25) (99) (33) (88 45 93) 
56 (1 75 93) (45 74 90 78 38) (33) (79 10) (27 30) (60 31) (91) (99 4 44) (12 7 66) (13 80) (100) (11 92 5 42 84 86 62) (96) (23) (16 25 49) (83) (61) (39 32) (52) (63 18 50) (19 70) (53) (3 68 29 58 57) (98) (36 95 73) (54 48) (20) (6) (28 88 17) (14) (94) (82 43 72 59 56) (76) (2 64 46 55 34) (71 81 26 97 41 77 65) (8 67 89 15 51 69) 
57 (64 7) (29) (38) (71 10 48 28) (92) (14) (45) (74 23 49 26 54 53 8 81 42) (59) (25 57) (27) (5 63) (75 58 6 46 35 40 83 70 3) (52 98) (76) (12) (90) (78 36) (93) (55) (88) (17 21 2) (4 16) (15 24 85 31 13 20 65) (22 86) (30 60 94) (84 47 66 39 68 62) (96 89) (77 34 72 100 80) (87 67 91) (79) (18 19 43) (73 97 11) (37) 
58 (58) (97) (48 47 86 52) (78 96) (93 76 16 13) (9 87 42 56 50 68 62 25) (8 11 32) (30 91 89) (70) (100 54 43 19) (10) (72 95 34 3 22) (55 2 85) (84 65 53 75 74) (21) (81 7 77) (29 18 38) (44 36 66 94 61 51) (35 33) (41) (17) (23 37 82) (15 28 4 39 14 99 83) (92 24) (6) (46) (64 80 12) (27 98 73 71 63) (67 45) (31 26) (79) (69) (20) (49 90 5 1) 
59 (32 52 45 62 93 4) (37) (82 14 27 38) (90 50 9 76 28) (25 69 99 35 55) (18 94 44) (49) (84 54) (97 41 66 22 13) (53 10) (51) (83) (78) (95 31 23) (11 60 2 59 67 16) (57) (70 8 39) (46 91 40 88 26 98) (85 63 47) (21) (5 71 58 100 87 34) (75 15) (43) (48 56 79 29 17 86) (73 96) (1 36 92) (7) (74 68 64 20 24 65 33) (19 30) 
60 (99) (56 5 1) (19 29) (46) (42 80 21 73) (89) (62 10) (69) (66 75 31 78 47) (93) (95 59 63) (76) (91 65 72 60 32 52 58 100 67 84 90 43) (36 92 97 23 64 25 82) (20 49 16 51 39) (54) (11 28) (15 98) (50 57) (83 77) (27) (87 18) (3 88) (9 4 24 14 71) (12) (37 17) (35) (79) (70 94 44 68 81 45 96) (53 30) (2 26 55) (40) (6 48 34 8 22) 
61 (55 61 18 8) (82) (93 99 35) (58) (3 20) (45) (31 6 71 28 100) (5 33 81) (30 36 80 43 78 27 97) (95 13) (86 29) (49 34) (65 83 42 39) (76 1) (90) (7) (23) (50) (26) (60 32) (46 67) (25) (64) (96) (72) (37) (52) (73 94 48 74 21 10 11) (16) (89) (15) (24) (53 9 70 59) (79) (92) (57) (88 54) (75 2 68) (98 38 12) (44 63) (66 69 47 41) (17) 
62 (12 89 58) (25 15 77 97) (65 37) (54 4 14) (35) (90) (22 27 94 95) (96 28 29 70 92) (39 81) (7) (38 17) (74) (19 73) (83 16) (71 40) (49 33 51 24 61 44 91) (30 62) (82) (86 63) (36 85 8 84) (21 50) (20) (32) (98) (10 34) (88) (52 26 53) (66 46 68 1 13) (75 99 42 76 80 69 64 100) (43 2 67 55) (41) (23 5 60) (56 45) (57) (93) (59) (11 9 48) (78 47 18) 
63 (68 81 3) (49 48) (63 38 6 16 95 62) (50 83 8 89) (43) (10 78 77 51 42 7 19) (99) (94) (12) (71) (14 92) (9 57 67 24) (1 39 73) (5) (90) (80) (45) (60) (72) (64 91) (58) (4 34 11) (44) (2 76 15 52 26) (93) (32 61 18 74) (23 88) (17) (28 21 86) (96 75 40 85 84 70) (65 29 33) (22 36 69 79 66 30) (46 82 53) (20 13 55 37 41 25 98 97) (35 87 100) 
64 (56 54) (70) (80) (49 24) (75 21 59 63 84 23) (29 11 53) (58 85) (93 60) (48) (22) (96 19 100) (66 99) (79) (95 9 91 27 73) (47) (28) (8) (87) (26 83 16 43) (14) (71 74) (7 78 77 97 1 18 98) (88) (92) (64 33) (25) (2 3) (68) (17 34 20) (36) (76 4) (65 41) (90 61 45 51 31) (44 32) (6 69 55) (13) (89 82 94) (12 52 37) (10 5 15 72 38) (50 46) 
65 (90) (82 48) (98) (49 74 19) (27 6 94) (1 7 75) (45 47) (61 22 51) (10) (77) (26 28) (81 14 86) (59 80) (62) (54) (39 42 17) (91 96) (25 73) (58) (20 8 57) (100 78 9 44) (84 97 50) (34) (29 72 46) (99 53) (21 30 33 23) (71 35 31) (37 66 93) (70) (88 11 36 68 85) (15 55) (2 89 32) (24 56) (13 12) (3) (52 40 83) (79 76 69 87 4) (63) (60 5) 
66 (53 37 26 56 6 44 27 10) (4) (20) (36 5 75 21 81 79 60 90 84) (58 68) (33 9) (71 42 59) (52) (95) (54 72) (16 88) (80 22) (23 41 2) (63 38) (14 40 48) (50 85 87) (62 29) (28 39) (31) (74 77) (35 69 70) (43 92 64 73) (34) (18 49 8) (93 24 67 61) (12) (78 13 98) (97) (45) (15 100 86 57) (82 94 65) (47 83 91 3 99 1 17 76 51 66 46 19) (30 96) 
67 (32 64) (7) (95 72 57 69 91 44 6 94 59 20) (15 2) (38 86 17 24) (62 42 51) (28 80 34 19 23 12 93 54 37) (73) (55 13 56) (3) (47) (98 87) (88 30 46 97 39) (58) (92) (52 99 8 31 89 4) (77 36 14 66 60 50 48 43 22 26 81) (85) (16 29) (45 33 100) (83) (71) (82 9) (65 67 96 68 78 25) (79 5) (27) (61 21) (75) (40 76 18 90) 
68 (55) (65 38 53 99) (84 40 86 41 7 57 21) (74 27) (49) (15) (93 50 14 59) (10) (87 62 47 3 26) (81) (4 96 85 37 29 80) (91 95) (25) (67 75 11 13 32 12) (56) (35 66) (79) (51) (69 22 97 39 70 42) (43 94) (19 17 31 23 82) (77 44 45 58 52) (18 36 5) (6 76) (73) (78 20 61) (30 2) (89) (16 46 48 72) (92 88 83) (68 98) (34) (64) 
69 (98) (88 74 50 79 71 86) (97) (52) (9 31) (38) (64 59 6) (66) (15) (24 99 12 76 80 94 57) (87 49) (40 28 90 33 34 18 48 5) (95 43 35 63 25 44) (65 96 27 91 39) (37) (17 3) (72) (85) (67 21 93) (42) (61) (75 73) (29) (7 56 46 2 14 54 26 77 83 16 32 10) (51 82) (47) (23) (30 55 11 78) (20 1 89 84 92 4 58) (68 100) (69 41) (62) 
70 (32) (11) (70 61 30 71 63) (86 36 81 51 65 80 16 41 10) (83) (66) (98) (82) (24) (46) (59 67) (18 69 60 93) (21 5) (47 64) (96 68 62) (88 73 100) (20 25 90) (8 45 40) (28 76 84 48) (15 52 89) (4 29) (99 13 34) (55) (9) (7) (50 44) (37) (49 54 42) (78) (57) (35 72 53 23 39 43 97) (85) (75) (14 77 74 87 26 12 3) (94) (56) (79) (95 1) (58 33 38 6) 
71 (11 74) (92 87 23) (90 33) (40 81) (25 100) (99) (73 4 49 69 52) (10 83 24 9 54) (71) (19 35 18 43) (48 27) (77) (3 32 12) (28 13 75 1 97 96) (34) (76 56 59 68) (85 60 84 16 66) (45) (5 50) (79) (44 38 26) (29 2 17) (22 61 80 7) (46) (91 42 98 63) (58 51 88) (31) (78) (94) (70 47 30) (6) (67 53 37) (65 82 21 39 95 20 72 64) (86) 
72 (94) (75 32 91) (37 49 100 5 61 4) (18 97 38 2 68) (35) (67) (17 40 53 58) (10) (22 93 27 98) (70 90) (3 47 62) (34) (89 65 43) (42 9 77 30) (13 46 85 19 28 81) (29 59 31 20 24) (51 7 6 96) (71 48) (63 72 50 88 86 16 1 74 95) (57) (64 25) (79) (60) (52) (55 36) (92 56 21 23 66) (14 82) (39 76 54 41) (44 69) 
73 (96) (35 12) (4 49) (1) (3) (47) (59 11 69 7 56 80 79 32) (10) (16 75 13 84) (77) (83) (99) (71 73) (45 97) (5 27) (20 86 38 51 40 63 91) (22 89) (36 15 64 78) (44) (66) (28 93 52) (62) (50) (26) (9 14) (29 31) (82 100 21 61 23 57 54) (81) (87 55) (92) (53) (6) (70 25 17 42) (34 33 67 88 8 68) (90 65 72) (74) (2) (60 94 95 43 30 58 48) 
74 (48) (42) (81) (92 89 74 29 80) (67) (34 59 58) (93 64 66 1 94 91 85 60) (98 16 2 49 25) (75) (62 69 82 97 88 44) (53) (100) (87 26 22 83 43 86) (79) (7) (36 55 33) (84) (52 14 10) (30 12) (63 73 90 38 41 24 68) (3) (15 6) (45 39 31 50 76) (18) (5 20) (96) (95) (13) (8 9) (35 11 57) (4 65) (17 71 61 78) (23) (77 54 47 99) (40 56) 
75 (41 19 81 48 76 28) (40) (51 84) (22) (21 90 35 3) (72 29 43) (14) (31) (18 69) (67 7) (65 20 70 79 98 49) (86 64) (30) (73 46 2) (15) (97) (16 42 59) (52) (71 93 99 32 100) (95) (80 58) (91 88) (53) (6 37 4) (68 24) (63 45) (96) (9 62 26) (55) (54 82 39) (60 5) (10) (11 87) (25 83 36 23) (61) (78 56) (27 8 50) (12 47 89 85 17 92) (74 77 75 34) 
76 (32 95) (55 89 31) (90 74 48 28 42) (54) (91 39) (45 14 99 76 12 65 83 70 21 7) (96 36) (13 11 93 1 30) (69) (46) (9) (16 61 2 80 88 59) (98 3 49) (25 66) (47 51 17 26 35) (72 15 56) (20 6 8 4 68 92 38 62 34 75 79 78) (33) (73 67) (63 100) (19) (10) (52) (77) (18) (29 64 40 5 85) (82 81) (24) (22 94 27) (86 50 60) (97) (84) (53 87) (23) 
77 (56 36) (61 16) (47 86 33) (39 75 15) (100) (83) (93) (72 99 79) (48 68 60 95 96) (52 67 53) (7) (45) (49) (98) (71) (6) (58 13 44 77 57) (85 24 92 46) (82 41 97 28) (91) (63) (12) (54) (50 81) (9 37 4 2) (27 76 74 38 22) (10 25) (5) (87 21) (43 90 14 18 40 32 70) (66 30 19 17 23 8 59 42) (80 94 62 35 51 73) (84 29) (64 55 78) (11 69 1) 
78 (50 17) (41) (57 21 75 64 84) (18 45 5 87 48 67) (12 79 62) (59 51 97 76 30 58 14 83 9 86 90 42 28) (2 80 8 88) (15) (13) (43 35) (25 19 29 27 49 61 55 94 60) (96 73) (26 36 6) (33 92) (71 16 32 24 1) (74 52 63 20) (11) (39) (98) (66 44 81 38) (82) (34) (54 7 78) (46 70 100 3 4) (37 77 56) (22 95) (89) (91 93) (85 47) 
79 (26 29 9) (22 21 36 52 14) (70 39) (62) (4) (99 49 87 61) (60 71) (82 78 38 51 55) (2) (28) (1) (50 64) (16 41 32 68) (19 30 47) (15 89) (10 57 46) (23 8) (48) (43 80 75 79) (67 88 20 84) (40) (53 44) (100 27 3) (81 93 98 63 66 76 13 56 91) (35 45 18) (97 31) (72) (59) (83 24) (34 7) (54 85 5 95 33 86 69 25) (65 11 96) (73) (17 90) 
80 (37 53 3 40 79) (92 52) (9 77 81 18 67 44) (100) (78 55 26 97 73 19) (10 16 66 28) (1) (72) (82) (30) (14 96) (63) (46 99) (68) (13) (70 54 5 71) (45 74 4 50) (6 29 61) (22) (17 15 48) (58 25) (42 11 38 36 32) (24 80 33 39 85) (59) (62 7 27 41 86) (87) (69 76) (91 34) (89) (60 12 56 20 49) (95) (21 94 75) (90 2) (84 93 23) (88) (43 47) 
81 (35) (60 37 80) (13 30 8) (94) (96 54) (32 64 95 34 77 10) (33 74) (23 1) (15) (29 44 46 11) (81 52 87 45 42 38) (70) (48) (9 85 17 63 72) (7 36) (50 68 4) (12) (43 51) (6) (67) (55) (75 82) (61 56 62 88 22 93) (19 27) (92 76) (83) (20 97 41 26) (53) (24 90) (98) (39) (3 89 100) (47 31) (78) (66 57) (79 91) (21) (71 69 40 65) (5) (84 14 58 16) (25 2) 
82 (100 40) (26) (46 20 65 11 43) (45 63) (35) (8 36 55 10 94 93) (72 80) (16 67) (57) (74) (7 73 90 87) (52 24 42) (25 61 29 23 49 32 97 48) (88 62 89 28) (19 1 31 33 3 66) (98) (30) (86 53 83) (5) (12) (95 38) (37 39) (75 47 70) (27) (4) (44 96 76) (69) (82) (56) (60 9) (85) (17 41 79) (15 2) (18 58 92 6 59) (22) (54 71) (64 34) 
83 (94 64) (20) (9 60) (8 86) (44 50) (67 95) (56 24 18) (75 21) (57 27 52 40 22 4) (6 23) (83 70) (65 54) (41 48) (71 45 30 16) (93) (79) (5 31 51) (32 96 42 91 81 58 89 63) (53 2) (15 3 90) (43) (19 72 62 36 82 59 84 12) (46) (37) (7) (29 97 87 47 14) (1 39 13) (35 55 92) (33 61 66) (80 74 100) (99 11) (68 28 69 88 49 38 10) (25 85 78) 
84 (91 36 69 21) (54) (15 44 23 48) (10 58) (100 16) (20 9 99 41 27 52) (67 34 72 19 94 88) (96) (38 42) (60) (24) (5 30 81) (82 79 83 8) (49 47) (89) (14 53 7 78 80 29) (26 39 45 87) (17 84) (6 93) (63 77) (76 37) (55 86 70) (92) (95) (35 97 98) (74 31 32) (73 33 61 18 85 65 57 2 13) (3 1 28) (66 56 46) (59 22 4 71) (12 40) 
85 (14 32 29) (83 94 12 91 19 10 47 72 64 52) (69 31 98 85) (48 20) (54) (62 49) (27) (63) (8 57 80) (78 86) (74 87 77 35) (38 89) (26) (42 7 44) (36 45) (28) (11 39 9) (55 88 16) (51) (4 43 84 50) (58) (100) (3 95 24 13) (40) (5 81 34 93) (92 6 18 30 70) (60) (61 76) (96) (73) (56 82) (33 75) (37 53 67 22 65 90) (23) (99) (25) (2) (41) (17) 
86 (24 6 5 86) (70 63) (81) (68 33) (83 52 85) (60 37 55 48 91 71 95) (25 74) (51) (22 42) (16 46 66) (47 26 13 72) (78 57) (88) (50 21 69) (11) (56 76 7) (32) (79 27 2 41 53) (64 9 93 34) (84) (31 29) (100 3 38 4) (59) (18 43) (19 45 10) (1) (62 92 36 8) (58) (23) (90) (67) (17 99) (20) (94 35) (80) (87 40) (61) (65 49 15 28 54 96 73) (44) (97 98 75 82) 
87 (44 21) (61 1 34) (49 19 39 27) (85 46 5 74 29 73) (10 100 56 11) (75) (12) (83) (96 99 26) (28 4) (7) (63 62) (80 17 43 97 82 59) (78) (69) (53 9 23 2 6) (47 38) (13 32 60 16 50) (71 24) (33 93) (67) (25 87) (84) (31 8) (55 15 14) (91 3) (30) (95 64) (20) (37 36 51 66 90 94 98 72) (45) (57 48) (70 41) (52 88) (92 35) (54) (40) (18 81 58 68) (86) 
88 (16 12) (40 35 86 62) (55) (70 91 4 60) (52 9) (74 26) (22) (14 94 98) (51 85 87 24 67) (54 45) (78) (73 71 92 32 28) (10) (76) (58 34 43 15 19 96 46 8) (59 64 77) (41) (82 11 38 75 3 83) (81) (29 65) (13 56) (100) (84 42 18 5 47 27) (7) (2 1 61 37 93 72) (88) (31) (49 89) (63 6) (25 23 50) (39 17 20 95) (80 79) (53 99 90 21 44 36) 
89 (40 39 69 18) (74 22 75) (19) (44 57 73 85 86) (53 25 7 84 52) (59) (88 87 63 100 80) (62) (83 38) (1) (90) (35) (64 94 46 58) (3) (82) (11 9) (89) (65 20) (29) (76) (56 61 14 48 15 55 92) (2 12 8 21) (79) (32 97 68 95) (10) (66) (28 99 47) (26 78 4 51 54) (33 98) (6) (34 24) (93) (36 91) (67 23 45 17) (81 49 72) (37 71) (27) (70 31) 
90 (66 50) (15) (94) (78 55 60 79 57) (37 65) (59 88) (43 2 64 76 26) (7) (33) (19) (40) (35 53) (87 89 16) (67 38 8) (10 45 27) (70 29) (6 61 14 30 90) (58 63) (92 32) (82 9) (75 34 4) (84 68) (98) (51) (48 41 96 100) (52) (23 97 18 86 44 42 54 71 62) (25 49 56 13 20) (81) (73) (1 31 12 24 72) (21 46) (95) (5) (39 99 74 36) (69) (77 83 11) 
91 (44 52 55 21) (85) (83 60 29) (51) (26) (37) (96 35 65 77) (33 36 70) (38 31 45 88) (2) (53) (6) (28 78) (91 5) (73 14 41 69 32 74) (18) (68 20 100 27 40 24) (92) (30 79 54 89 48) (3) (57 67) (61) (17) (76) (82) (99 23) (63 84) (80 13) (22) (81) (9) (34) (12 42 7 4 49) (50 59 58 43 97) (16 75) (19 98) (10 86) (62 64 1 72 47 39 46 66) (56) (11) (15 8 71) (87 25) 
92 (10) (23) (69 40) (18 75) (85 34 57 76 11) (54) (77 83 17) (95 33 7 6) (25) (2) (20 31) (71) (80) (32 12) (30 1 38 73 24 92 64 35 16 66 13) (37 63 26 3) (62 55) (99 98 90) (49 43) (78 79 91 84 21 39 72 53 65) (50) (51 27 74 87) (70) (81) (41) (100 5 4 19) (46 94 97 45 42) (15 61) (96 59) (93 67) 
93 (43 60 4 92 59 81) (48 75 27) (49 42) (83) (28 36 10 3 35) (22 94 53 71 84 2 55) (57 66) (82 51 20) (13 40 34 41 6 91) (77 87 86) (47) (37 32 52 50) (70) (12) (80) (64) (89 23 65) (69 88 100) (29 25) (67 78 56) (97 14 7 39 16 90 99) (62) (30 58 54) (73 95 15) (26) (93 45) (72 85 46 61 17 1) (19 9 74 96) (18) 
94 (6 82) (45) (79) (86) (17) (90) (53 25) (26 31 9) (71) (70 84 29 3) (57 64 74) (43 97) (55 98) (37 18) (46 22) (35 69) (100) (88 83) (81) (76) (51 7 61 4 13 21 72 19 48) (66 34 96 30) (65) (28) (23 54 20) (36 5) (93) (8 58) (33 27 60) (68 50 10 11 75 14) (41) (91 92) (32 87) (99 85 67 77 63 1) (2 95 44 59) (94 49 39 24 12 62) 
95 (42) (33 92 14 27 2 90 3 6) (57 69 91 88) (5 7) (81 46) (40 97) (51 83) (21 54) (19 73 22 52 82) (38 8 34) (30 95 18) (29) (74 86 10 87) (26) (60 32 78) (76 53) (24 35 45 13) (80 77 28 67) (12 56 63 9 66 11) (20) (72 48 23) (89 64) (98 71) (70 25) (43 15 62 37) (16) (39 65 49 85 61 47 79 68 84) (55 94) (96) (17) (75 1) (50) (41) (58 4 31) 
96 (66) (50 7) (54 63) (93) (11 75) (90) (25 81) (27 58 9) (86) (16 23 40 92 14) (94 17 70) (72) (35 57) (65) (89) (46) (100 83 74) (88) (52 45) (3) (97) (44) (49 62 82) (96 33 42) (76) (24 98 4) (12) (28) (10) (8) (87) (64 55 48 2 26) (21 32 78) (39) (22) (71) (19 99) (53) (59) (47) (73 79) (20) (15 43 30) (29 18 60) (69 34 77 38 91 61 67 5 41) (85 95 31) (84) (37) 
97 (7) (95 59 50 65 57 87) (67) (46 53) (82) (8 55) (33 90) (13 19) (100 92) (37 4 49) (85) (76 56) (64 81 2) (83 48) (32 20) (79) (91) (51) (60 58 34 69 18) (10 31 17 26 40) (89) (23 62) (24) (5 80) (29) (22 16 6) (38) (3) (73) (30 9 63 11 71) (35 84 39) (70) (77) (21 43) (97 12 98 61 25 66) (45 42 54 75 41 93) (47 86 14 44 88 74 78 72) (94) (99) 
98 (46) (17 49 83 64 94 34 92) (28 11 100 52) (67) (70) (2 7 84 54 66) (69 13 43) (93) (24 27) (85 42) (16 72) (87) (10 98) (26 77 32 30 50) (58) (74) (8 81 47) (25) (39 33 1) (86 73 37 78 5 76 95 55 59) (15 61 4 62 19 22 60 89 51) (23 14) (63 38 18 79 65 57) (3) (97) (68) (9 56 45 99) (82) (48 71 88 80) (90 91 6 12) 
99 (88) (2) (65 68 9 17 79 98) (30) (4) (75) (54 46 22) (11) (71) (28 47) (33 73) (7 43 70) (69 67) (36 48) (50 78 96 41) (40) (42 89) (27 56) (37 85 94 66 82 29 64) (77 93) (95 13) (81 24) (34) (10 86 59 99 51 80) (44 39 18) (87 16 60 92) (14) (91 8) (19 74 31) (58) (100) (32) (26 63 12 72 15) (25 90) (83) (61 23 52 6 20) (76 84 45) (55) 
100 (66 54) (75 53) (13) (46 45) (56 11) (36 33 84 63 4 96 14) (69) (72) (74) (48 77 91) (59) (50) (78 94 43 15) (6 29) (86 21 5 88) (8) (27 7 55 47) (95) (35 37 62 89 65 32 70 97 19) (79 42 60 18 40) (39 44) (73) (64 90 24 93) (52) (76 68 38) (23) (28 31 25 20 9) (22) (49) (51 2) (34 83 1 16 12) (82) (41 3 57) (92 30) 
1 (5) (19) (24) (27) (25) (65) (58) (3) (6) (98) (7) (22) (46) (86) (40) (80) (43) (35) (52) (32) (21) (10) (54) (93) (81) (30) (26) (77) (74) (87) (16) (2) (12) (92) (72 4 14) (41) (53 39 100 51) (59) (95 13 83 44) (90 55) (62) (17 70 38 28 76 82 63) (36 8 47) (84 79) (18) (91) (33 64 34) (71) (37 88 73 49 23) (61 50 66) (9) (45) (42 29 94 78) (48) (89 15 56) (60 69) 
2 (12) (6) (48) (24) (88) (50) (5) (11) (66) (17) (46) (99) (55) (64) (44) (86) (43) (10) (19) (65) (97) (26) (80) (9) (52) (62) (7) (73) (40) (33) (81) (91) (68) (95) (79) (67) (20) (14) (96) (56) (69) (100) (74) (41) (58) (8) (25) (51) (2) (35) (90) (93) (63) (57) (13) (32 72) (77 83 61 29 45 89 16) (87) (98 78 4) (38 47) (34) (53 21 85 60 82 30 1 59 15 39) (37) (71 3 49) (42 18 84 75) (54 27) (76) (36) (94 23 92) 
3 (39) (19) (86) (32) (8) (23) (44) (49) (13) (34) (12) (21) (97) (65) (24) (37) (2) (10) (7) (53) (48) (45) (81) (87) (28) (88) (16) (73) (31) (96) (75) (46) (69) (47) (91) (98) (35) (64) (63) (25) (76) (22) (89) (5) (61) (36) (100) (29) (42) (68) (85) (74) (83) (78) (92) (20) (9) (43) (17) (71) (52) (94) (50) (57) (84) (95) (26) (72) (1 60 41 93) (38) (82) (18 70) (14) (67) (58 30 33) (79 55 56 27) (11 66 6) (80) 
4 (80) (35) (70) (15) (16) (60) (91) (2) (95) (75) (92) (12) (31) (47) (67) (23) (99) (10) (63) (29) (94) (82) (39) (33) (96) (66) (6) (57) (21) (22) (8) (42) (71) (55) (1) (72) (40) (48) (50) (100) (54) (46) (44) (14) (98) (81) (49) (53) (26) (18) (43) (56) (30) (19) (38) (5) (68) (64) (84) (52) (88) (76) (89) (20) (78) (7) (13) (28) (87) (27) (83) (62) (36) (90) (17) (93) (58) (79) (74 73) (51 97) (41) (65) (86 4) (25) (11) (3) (34) (85 59 45 77 69) 
5 (56) (1) (39) (30) (42) (77) (67) (58) (84) (43) (22) (52) (46) (26) (76) (68) (59) (60) (47) (81) (88) (83) (11) (20) (61) (36) (97) (80) (82) (73) (13) (98) (64) (55) (72) (5) (25) (23) (96) (40) (100) (94) (54) (79) (17) (75) (57) (95) (63) (44) (86) (19) (38) (48) (87) (45) (37) (69) (9) (10) (91) (8) (90) (65) (34) (70) (7) (29) (21) (2) (71) (3) (78) (24) (51) (27) (12) (31) (18) (66) (92) (35) (32) (74) (33) (15) (85) (50) (14 62) 
6 (23) (20) (32) (75) (38) (64) (65) (22) (100) (2) (39) (24) (74) (1) (93) (86) (70) (34) (21) (41) (8) (35) (17) (81) (15) (85) (87) (58) (91) (7) (42) (92) (37) (69) (29) (98) (76) (89) (55) (30) (40) (31) (18) (27) (6) (97) (5) (67) (57) (95) (46) (66) (94) (90) (28) (83) (48) (77) (16) (9) (60) (45) (99) (14) (12) (61) (44) (10) (33) (88) (26) (78) (72) (51) (84) (82) (54) (53) (56) (68) (73) (36) (71) (80) (13) (19) (63) (47) (3) 
7 (52) (99) (44) (61) (71) (27) (19) (15) (45) (78) (65) (20) (11) (51) (72) (16) (49) (81) (100) (85) (83) (32) (53) (40) (31) (75) (5) (92) (41) (38) (91) (74) (69) (59) (82) (21) (14) (97) (79) (80) (70) (94) (56) (73) (4) (8) (6) (62) (28) (76) (90) (50) (46) (10) (23) (39) (7) (77) (43) (48) (87) (88) (13) (67) (22) (93) (36) (64) (68) (35) (37) (55) (54) (63) (98) (58) (12) (96) (57) (29) (95) (86) (89) (30) (34) (3) (9) (25) (17 18) (1 84 2) 
8 (47) (63) (5) (39) (77) (45) (53) (41) (81) (70) (32) (57) (65) (36) (91) (12) (90) (46) (97) (28) (42) (11) (89) (64) (99) (61) (4) (2) (13) (51) (59) (1) (20) (67) (52) (55) (50) (73) (100) (44) (22) (30) (88) (15) (25) (48) (17) (79) (37) (95) (62) (60) (35) (26) (94) (83) (7) (58) (56) (23) (24) (31) (96) (19) (33) (6) (76) (82) (49) (87) (98) (74) (27) (84) (18) (86) (10) (21) (66) (75) (43) (3) (78) (8) (85) (38) (9) (14) (16) (40) 
9 (16) (53) (100) (87) (21) (31) (91) (81) (86) (36) (48) (61) (63) (88) (89) (44) (76) (50) (13) (38) (85) (46) (93) (69) (98) (12) (18) (10) (71) (8) (23) (7) (27) (45) (19) (35) (4) (72) (49) (66) (65) (22) (34) (97) (75) (54) (90) (1) (95) (3) (2) (6) (28) (84) (73) (47) (59) (11) (17) (40) (39) (55) (20) (9) (80) (37) (51) (29) (58) (78) (70) (15) (43) (60) (83) (62) (41) (99) (79) (14) (33) (74) (77) (67) (96) (82) (25) (64) (30) (94) 
10 (15) (7) (54) (85) (72) (53) (38) (51) (75) (49) (6) (66) (32) (91) (34) (81) (95) (50) (26) (27) (65) (24) (96) (86) (42) (35) (55) (89) (33) (13) (20) (11) (82) (2) (92) (80) (17) (61) (93) (23) (70) (9) (71) (39) (25) (68) (1) (73) (29) (63) (64) (87) (18) (37) (40) (74) (3) (57) (16) (12) (76) (31) (56) (52) (44) (77) (8) (41) (19) (47) (84) (98) (46) (58) (43) (59) (48) (36) (10) (14) (99) (45) (28) (60) (83) (97) (94) (79) (88) (69) (62 4) (30 90) (21) 
11 (55) (37) (98) (64) (5) (34) (52) (6) (24) (11) (87) (86) (56) (48) (35) (82) (10) (62) (88) (90) (12) (80) (19) (76) (40) (39) (47) (26) (7) (81) (71) (43) (59) (16) (51) (28) (65) (77) (1) (57) (70) (45) (100) (53) (85) (17) (92) (74) (94) (23) (36) (61) (44) (69) (2) (27) (8) (75) (3) (9) (97) (95) (25) (68) (4) (60) (73) (30) (33) (50) (13) (22) (99) (58) (91) (96) (63) (78) (20) (54) (31) (89) (79) (83) (14) 
12 (94) (21) (32) (37) (45) (95) (74) (36) (55) (77) (18) (13) (2) (63) (90) (99) (56) (31) (49) (46) (67) (19) (14) (41) (33) (6) (83) (84) (87) (3) (57) (85) (60) (70) (92) (38) (58) (91) (73) (44) (71) (64) (12) (4) (11) (20) (17) (88) (89) (27) (66) (76) (81) (98) (35) (25) (69) (40) (50) (10) (43) (34) (47) (8) (75) (23) (62) (39) (53) (80) (61) (1) (7) (5) (16) (54) (42) (48) (52) (78) (96) (24) (9) (68) (28) (82) (93) (100) (26) (29) (97) (22) (65) 
13 (24) (13) (26) (45) (94) (97) (86) (1) (78) (7) (95) (16) (99) (76) (31) (49) (40) (28) (46) (62) (79) (90) (25) (30) (38) (57) (55) (42) (70) (34) (47) (9) (87) (48) (3) (56) (11) (66) (23) (84) (73) (10) (81) (41) (74) (33) (71) (44) (15) (68) (20) (65) (59) (98) (35) (39) (4) (53) (21) (92) (22) (58) (54) (83) (67) (6) (2) (72) (5) (32) (93) (91) (85) (18) (36) (14) (64) (100) (52) (80) (61) (88) (37) (51) (43) (27) (50) (77) (19) (29) (63) 
14 (32) (9) (47) (44) (94) (21) (17) (46) (22) (89) (100) (10) (52) (59) (2) (42) (99) (13) (73) (66) (50) (5) (18) (28) (78) (58) (40) (87) (23) (38) (77) (57) (36) (37) (67) (49) (55) (48) (85) (43) (97) (60) (8) (19) (64) (90) (81) (12) (56) (7) (91) (68) (29) (62) (11) (74) (65) (14) (95) (3) (53) (31) (54) (98) (41) (39) (63) (45) (76) (96) (1) (75) (79) (69) (83) (84) (51) (30) (4) (33) (80) (16) (93) (88) (6) (25) (72) (15) (35) (26) (70) 
15 (56) (95) (7) (59) (81) (77) (87) (47) (2) (99) (57) (17) (48) (92) (89) (20) (84) (66) (60) (91) (52) (8) (58) (33) (93) (83) (34) (31) (9) (54) (55) (11) (39) (51) (24) (49) (4) (98) (21) (3) (64) (5) (42) (96) (62) (45) (74) (90) (19) (44) (75) (65) (78) (76) (30) (16) (63) (86) (80) (82) (26) (15) (6) (37) (46) (43) (61) (79) (70) (68) (69) (29) (14) (12) (73) (100) (25) (67) (10) (13) (88) (35) (38) (28) (41) (27) (23) 
16 (34) (43) (22) (17) (48) (80) (76) (32) (16) (38) (47) (83) (40) (91) (98) (59) (30) (7) (53) (10) (62) (5) (87) (74) (1) (63) (31) (23) (99) (56) (77) (69) (60) (61) (37) (6) (4) (85) (72) (49) (64) (84) (78) (88) (100) (8) (18) (14) (92) (79) (73) (13) (66) (41) (95) (20) (2) (93) (55) (90) (46) (39) (96) (24) (45) (9) (26) (86) (3) (82) (57) (68) (81) (42) (54) (19) (52) (58) (25) (21) (67) (11) (44) (75) (35) (27) (50) (71) (12) (70) (97) (51) (15) 
17 (59) (24) (18) (11) (95) (30) (69) (99) (93) (53) (9) (38) (76) (22) (1) (42) (29) (36) (92) (97) (3) (4) (75) (48) (71) (91) (66) (65) (13) (81) (61) (88) (63) (74) (56) (94) (20) (57) (14) (68) (8) (17) (28) (64) (25) (35) (37) (84) (21) (58) (6) (98) (12) (80) (79) (60) (46) (33) (41) (5) (62) (27) (16) (50) (82) (45) (2) (67) (39) (51) (34) (7) (77) (19) (15) (10) (73) (54) (87) (96) (49) (23) (89) (47) (85) (40) (78) (86) (44) (43) (72) (32) 
18 (16) (91) (52) (71) (1) (34) (9) (70) (26) (10) (14) (89) (20) (15) (96) (69) (80) (59) (25) (78) (87) (21) (64) (92) (74) (41) (86) (77) (11) (57) (24) (27) (58) (75) (51) (56) (53) (17) (33) (8) (35) (55) (83) (36) (40) (28) (63) (61) (99) (85) (60) (45) (94) (19) (79) (31) (82) (37) (3) (39) (7) (6) (84) (23) (67) (38) (72) (66) (22) (68) (29) (13) (43) (54) (93) (98) (30) (88) (32) (97) (95) (4) (50) (46) (76) (90) (100) (62) (49) 
19 (79) (65) (20) (38) (77) (33) (95) (93) (75) (13) (34) (31) (21) (63) (47) (92) (27) (1) (60) (78) (39) (36) (55) (64) (10) (85) (42) (68) (56) (6) (87) (100) (59) (80) (67) (49) (94) (66) (37) (72) (48) (30) (11) (90) (89) (24) (58) (54) (15) (12) (46) (8) (17) (76) (44) (26) (35) (19) (3) (51) (4) (96) (22) (2) (81) (82) (23) (50) (84) (29) (41) (16) (45) (57) (71) (88) (91) (97) (43) (28) (7) (99) (62) (98) (53) (86) (32) (5) (83) 
20 (52) (89) (28) (48) (8) (81) (11) (94) (55) (39) (37) (44) (5) (61) (13) (25) (69) (32) (50) (54) (58) (17) (14) (40) (29) (96) (82) (87) (15) (99) (34) (4) (19) (86) (85) (57) (72) (51) (49) (56) (71) (80) (84) (60) (1) (6) (43) (95) (18) (23) (59) (42) (90) (30) (92) (26) (35) (31) (76) (63) (20) (65) (27) (62) (38) (93) (46) (88) (2) (10) (68) (41) (67) (83) (70) (12) (78) (64) (36) (47) (22) (3) (16) (79) (74) (53) (75) (73) (100) (97) (9) (66) (91) 
21 (54) (64) (2) (20) (50) (57) (95) (83) (86) (23) (90) (75) (43) (24) (11) (22) (49) (80) (77) (4) (29) (46) (67) (8) (41) (62) (76) (72) (79) (45) (94) (25) (100) (78) (52) (97) (14) (51) (61) (16) (60) (15) (3) (59) (37) (55) (91) (92) (69) (84) (63) (34) (17) (38) (88) (58) (33) (19) (28) (30) (70) (31) (73) (53) (87) (42) (21) (39) (96) (18) (65) (12) (48) (44) (32) (7) (89) (68) (6) (27) (13) (47) (81) (66) (36) (26) (10) (1) (40) (71) 
22 (67) (10) (74) (32) (48) (94) (100) (85) (71) (62) (12) (84) (72) (93) (30) (26) (50) (16) (40) (54) (5) (73) (36) (76) (68) (29) (63) (66) (23) (98) (33) (60) (3) (75) (57) (55) (83) (37) (95) (8) (9) (79) (64) (6) (58) (43) (21) (44) (14) (86) (91) (20) (41) (81) (80) (99) (38) (51) (46) (17) (88) (96) (59) (7) (15) (78) (22) (42) (52) (25) (24) (97) (34) (39) (53) (82) (77) (28) (1) (89) (2) (18) (49) (65) (19) 
23 (76) (96) (21) (85) (48) (71) (93) (57) (75) (32) (20) (94) (80) (40) (31) (15) (77) (87) (34) (100) (55) (12) (83) (41) (29) (25) (92) (45) (73) (37) (28) (99) (36) (79) (9) (60) (66) (82) (39) (90) (74) (1) (58) (4) (30) (17) (68) (5) (67) (88) (44) (70) (7) (33) (95) (38) (43) (84) (27) (22) (56) (51) (63) (54) (49) (24) (23) (65) (64) (98) (13) (46) (2) (72) (47) (97) (89) (42) (3) (50) (61) (62) (52) (14) (16) (6) (8) (69) (59) (86) (53) (11) (19 81) (91 10) (35) 
24 (66) (35) (74) (81) (72) (92) (21) (76) (26) (7) (38) (31) (78) (32) (23) (67) (71) (58) (27) (77) (13) (55) (8) (34) (50) (61) (28) (2) (6) (10) (80) (18) (17) (84) (44) (30) (39) (70) (52) (75) (94) (91) (33) (14) (82) (54) (87) (59) (40) (99) (53) (69) (57) (37) (63) (83) (95) (90) (49) (96) (36) (64) (22) (86) (4) (60) (9) (5) (89) (16) (12) (48) (46) (1) (88) (29) (97) (62) (100) (11) (98) (43) (85) (15) (3) (20) (24) (42) (19) (79) (65) 
25 (85) (10) (65) (73) (90) (13) (42) (69) (89) (67) (95) (34) (99) (44) (70) (74) (83) (43) (97) (93) (57) (87) (82) (28) (12) (91) (14) (33) (100) (26) (80) (17) (54) (2) (39) (36) (38) (29) (50) (16) (92) (30) (45) (71) (7) (52) (51) (55) (64) (15) (63) (60) (59) (3) (94) (53) (8) (77) (23) (81) (76) (78) (11) (47) (56) (24) (88) (58) (46) (61) (1) (27) (75) (86) (18) (21) (79) (68) (25) (20) (96) (41) (32) (62) (31) (40) (98) (5) (48) (37) (72) 
26 (19) (88) (99) (24) (27) (66) (29) (68) (87) (26) (70) (37) (55) (10) (89) (95) (25) (86) (2) (98) (41) (58) (15) (47) (51) (92) (42) (31) (54) (46) (39) (69) (60) (61) (45) (13) (22) (11) (63) (5) (53) (97) (16) (8) (84) (52) (23) (57) (48) (20) (35) (12) (36) (85) (28) (32) (3) (94) (34) (64) (74) (56) (73) (71) (80) (43) (75) (33) (6) (65) (78) (81) (21) (82) (62) (38) (91) (67) (4) (40) (79) (90) (96) (49) (17) (9) (18) (76) (59) (93) 
27 (15) (12) (21) (81) (87) (6) (46) (11) (99) (45) (53) (22) (32) (59) (95) (18) (5) (30) (4) (20) (73) (84) (94) (91) (85) (14) (98) (56) (66) (38) (69) (82) (23) (2) (34) (40) (13) (77) (1) (26) (61) (88) (65) (8) (86) (64) (60) (58) (52) (24) (33) (92) (83) (79) (76) (10) (68) (39) (67) (50) (19) (78) (89) (28) (80) (48) (90) (62) (96) (31) (93) (41) (16) (75) (55) (51) (25) (100) (57) (72) (71) (49) (7) (35) 
28 (89) (48) (82) (3) (47) (65) (29) (50) (32) (69) (72) (25) (77) (63) (59) (62) (12) (61) (53) (86) (80) (55) (10) (79) (76) (27) (64) (23) (9) (15) (43) (38) (83) (2) (17) (44) (22) (93) (46) (85) (98) (18) (35) (14) (30) (78) (52) (66) (84) (96) (67) (26) (7) (16) (6) (94) (33) (71) (87) (5) (4) (8) (1) (39) (24) (34) (40) (75) (20) (57) (73) (45) (41) (88) (95) (99) (56) (42) (100) (13) (70) (54) (49) (11) (91) (51) (58) (60) 
29 (28) (78) (16) (20) (40) (93) (38) (32) (4) (5) (68) (44) (29) (35) (99) (46) (41) (64) (69) (36) (90) (49) (57) (77) (30) (27) (14) (70) (86) (43) (66) (15) (56) (11) (54) (95) (79) (82) (91) (88) (63) (96) (25) (19) (87) (51) (85) (37) (97) (39) (83) (10) (47) (1) (81) (53) (89) (3) (80) (75) (76) (26) (74) (13) (23) (65) (100) (71) (50) (59) (55) (94) (9) (48) (72) (34) (6) (7) (24) (67) (22) (60) (31) (8) (2) (61) (45) (58) (42) (73) (33) (17) (84) (21) (12 62) 
30 (69) (23) (21) (63) (28) (65) (66) (62) (26) (60) (10) (20) (30) (39) (12) (11) (94) (97) (35) (73) (56) (85) (2) (52) (92) (53) (54) (4) (48) (51) (77) (83) (1) (37) (45) (70) (57) (78) (91) (55) (33) (96) (29) (72) (38) (59) (40) (19) (27) (76) (8) (81) (7) (41) (25) (68) (5) (90) (87) (75) (47) (15) (71) (31) (99) (46) (67) (43) (84) (9) (16) (18) (100) (93) (6) (50) (82) (24) (34) (3) (98) (49) (58) (13) (95) (61) (74) (80) (14) (79) (42) 
31 (85) (38) (19) (53) (20) (67) (75) (24) (100) (12) (60) (33) (52) (41) (17) (69) (18) (23) (28) (13) (59) (71) (51) (48) (88) (61) (86) (73) (47) (94) (7) (55) (9) (26) (25) (44) (5) (82) (64) (95) (22) (15) (89) (36) (56) (91) (46) (74) (76) (27) (43) (6) (92) (68) (31) (72) (35) (58) (30) (97) (8) (10) (49) (3) (42) (34) (96) (79) (87) (37) (40) (84) (83) (65) (32) (39) (81) (29) (21) (16) (57) (66) (14) (99) (90) (54) 
32 (24) (43) (62) (84) (8) (15) (69) (70) (4) (11) (90) (86) (72) (28) (35) (7) (92) (78) (89) (58) (99) (91) (96) (68) (51) (2) (16) (93) (20) (97) (23) (27) (48) (6) (83) (76) (64) (82) (33) (65) (88) (12) (19) (59) (98) (54) (67) (30) (14) (100) (31) (95) (61) (79) (26) (47) (53) (71) (22) (9) (3) (94) (34) (17) (50) (18) (87) (46) (52) (81) (40) (55) (38) (77) (45) (80) (56) (37) (60) (13) (36) (21) (32) (10) (75) (25) (1) (49) (44) (85) (42) (63) (41) (73) 
33 (56) (63) (13) (30) (97) (80) (90) (77) (27) (51) (3) (34) (98) (22) (82) (37) (87) (50) (61) (58) (92) (33) (14) (7) (84) (74) (100) (65) (78) (85) (10) (45) (1) (12) (41) (81) (25) (31) (11) (71) (47) (8) (70) (64) (23) (20) (21) (69) (62) (18) (66) (53) (59) (43) (54) (19) (29) (40) (39) (67) (15) (52) (2) (79) (44) (76) (73) (26) (36) (28) (94) (86) (96) (38) (6) (48) (16) (89) (24) (99) (83) (49) (42) (55) (35) (46) (91) (95) (32) (4) 
34 (49) (14) (52) (26) (16) (100) (46) (70) (80) (15) (60) (24) (51) (87) (57) (73) (3) (35) (40) (98) (79) (75) (89) (97) (44) (72) (63) (55) (95) (86) (76) (91) (71) (61) (21) (12) (58) (62) (94) (20) (18) (4) (56) (65) (90) (6) (69) (67) (23) (8) (81) (54) (33) (85) (5) (93) (22) (48) (84) (31) (92) (37) (10) (66) (25) (1) (7) (50) (74) (88) (59) (47) (53) (82) (99) (9) (64) (32) (38) (28) (11) (45) (34) (2) (41) (17) (68) (78) (42) (29) (36) (96) (27) 
35 (34) (54) (38) (68) (1) (53) (90) (30) (55) (88) (81) (33) (32) (42) (95) (15) (20) (93) (44) (58) (77) (91) (18) (51) (61) (25) (41) (97) (7) (75) (85) (5) (60) (19) (86) (94) (71) (27) (10) (87) (46) (83) (65) (50) (70) (13) (48) (12) (84) (40) (89) (24) (79) (43) (57) (59) (100) (66) (76) (28) (17) (92) (2) (3) (23) (8) (69) (96) (31) (62) (4) (16) (78) (47) (26) (45) (82) (39) (73) (74) (72) (14) (35) (11) (63) (49) (52) (37) (21) (36) 
36 (100) (63) (34) (73) (62) (56) (61) (49) (27) (1) (53) (91) (46) (77) (5) (68) (59) (57) (38) (44) (67) (18) (20) (32) (12) (58) (51) (2) (88) (11) (9) (54) (60) (81) (89) (26) (65) (85) (39) (84) (48) (14) (41) (24) (86) (82) (93) (70) (36) (35) (74) (16) (99) (72) (43) (50) (30) (13) (15) (55) (19) (87) (37) (76) (7) (80) (90) (64) (66) (4) (52) (83) (6) (40) (75) (79) (42) (29) (94) (3) (21) (33) (31) (22) (47) (45) (78) (25) 
37 (43) (83) (64) (77) (16) (62) (20) (23) (66) (75) (11) (32) (2) (26) (48) (28) (95) (31) (71) (46) (14) (35) (88) (51) (80) (59) (5) (12) (84) (53) (69) (24) (33) (44) (97) (61) (54) (94) (60) (18) (67) (42) (70) (96) (78) (87) (86) (27) (92) (57) (21) (52) (99) (3) (91) (10) (55) (17) (41) (7) (15) (29) (81) (19) (72) (34) (68) (65) (47) (45) (40) (89) (63) (38) (98) (30) (82) (37) (58) (93) (25) (8) (6) (22) (100) (85) (50) (90) 
38 (89) (92) (68) (79) (10) (31) (4) (22) (6) (37) (88) (47) (66) (71) (69) (76) (8) (73) (43) (13) (59) (2) (40) (5) (53) (97) (34) (21) (50) (32) (9) (26) (39) (28) (54) (83) (84) (86) (87) (82) (15) (74) (91) (81) (55) (64) (46) (44) (11) (7) (38) (56) (12) (90) (30) (29) (70) (58) (96) (67) (1) (36) (18) (51) (19) (16) (20) (35) (98) (14) (42) (100) (33) (62) (77) (72) (80) (3) (57) (63) (49) (95) (61) (48) (24) (85) (78) 
39 (26) (93) (82) (19) (65) (33) (36) (57) (60) (13) (53) (83) (55) (7) (11) (46) (43) (87) (18) (96) (41) (39) (75) (56) (80) (63) (14) (25) (78) (89) (50) (92) (34) (59) (95) (38) (48) (77) (74) (1) (61) (62) (49) (91) (12) (88) (21) (97) (6) (9) (29) (35) (32) (37) (79) (5) (81) (99) (47) (30) (16) (3) (98) (31) (44) (100) (40) (72) (94) (4) (68) (67) (51) (85) (27) (8) (20) (76) (42) (84) (90) (71) (69) (70) (52) (66) (15) (45) (58) (22) (17) (23) (10) 
40 (68) (77) (8) (70) (30) (9) (63) (11) (5) (36) (85) (6) (43) (32) (38) (62) (14) (34) (93) (95) (96) (29) (18) (16) (4) (35) (72) (79) (10) (82) (55) (49) (39) (92) (99) (21) (42) (87) (60) (31) (1) (23) (59) (33) (90) (88) (89) (67) (45) (44) (48) (71) (100) (25) (74) (12) (15) (81) (83) (2) (7) (17) (54) (26) (69) (52) (57) (50) (86) (13) (76) (97) (80) (22) (75) (3) (66) (73) (37) (46) (65) (51) (91) (40) (24) (84) 
41 (13) (80) (5) (50) (15) (22) (56) (1) (35) (42) (16) (7) (70) (37) (54) (97) (92) (20) (46) (93) (32) (25) (52) (100) (62) (8) (40) (24) (83) (85) (95) (11) (81) (41) (69) (12) (63) (58) (59) (91) (64) (48) (18) (61) (51) (21) (75) (28) (36) (29) (74) (84) (78) (2) (45) (14) (34) (68) (94) (55) (88) (47) (3) (79) (66) (96) (86) (87) (90) (99) (39) (72) (6) (82) (17) (44) (77) (9) (38) (33) (53) 
42 (38) (96) (60) (55) (47) (90) (53) (32) (9) (97) (41) (2) (8) (76) (95) (52) (67) (49) (83) (7) (26) (93) (37) (85) (68) (63) (61) (82) (91) (45) (43) (11) (22) (5) (35) (4) (31) (21) (56) (23) (92) (88) (33) (6) (58) (18) (44) (15) (20) (27) (10) (3) (73) (86) (54) (72) (16) (39) (46) (51) (77) (65) (81) (30) (69) (34) (75) (12) (57) (29) (13) (19) (71) (62) (98) (80) (70) (14) (28) (66) (78) (84) (100) (74) (48) (1) (99) 
43 (38) (10) (22) (13) (37) (85) (8) (44) (63) (50) (86) (77) (69) (70) (12) (99) (21) (28) (29) (31) (4) (6) (48) (35) (80) (25) (17) (78) (94) (23) (2) (34) (71) (27) (91) (96) (57) (46) (33) (11) (40) (82) (60) (51) (92) (90) (18) (64) (100) (87) (62) (1) (66) (58) (56) (81) (93) (19) (73) (79) (43) (9) (74) (24) (14) (75) (26) (67) (45) (55) (83) (72) (95) (68) (52) (32) (7) (97) (49) (15) (3) (98) (39) (54) (88) (41) (30) (59) (53) (61) (16) 
44 (48) (60) (23) (46) (39) (37) (9) (67) (86) (28) (25) (31) (69) (13) (33) (19) (36) (71) (38) (97) (64) (43) (16) (4) (58) (87) (34) (63) (1) (84) (99) (6) (12) (24) (54) (49) (53) (10) (29) (5) (42) (45) (77) (66) (40) (88) (65) (30) (90) (11) (44) (81) (61) (50) (91) (100) (70) (79) (47) (18) (15) (78) (7) (26) (80) (85) (55) (20) (27) (94) (35) (32) (62) (14) (68) (73) (3) (89) (96) (56) (83) (74) (41) (72) (82) (59) 
45 (36) (77) (88) (7) (24) (97) (40) (9) (81) (47) (27) (70) (22) (50) (34) (83) (65) (11) (55) (44) (48) (98) (6) (37) (18) (19) (74) (75) (3) (5) (64) (29) (12) (23) (78) (96) (63) (14) (71) (68) (28) (60) (87) (100) (2) (59) (82) (56) (67) (62) (46) (54) (15) (61) (84) (53) (52) (17) (32) (45) (90) (20) (35) (21) (10) (39) (86) (57) (51) (66) (76) (58) (33) (79) (99) (85) (80) (43) (91) (8) (92) (93) (25) (95) (73) (42) (13) (26) (4) (94) (38) (89) (31) (49) 
46 (58) (22) (68) (50) (81) (4) (41) (30) (32) (67) (25) (79) (3) (69) (84) (8) (83) (56) (48) (88) (10) (46) (38) (94) (55) (78) (15) (37) (52) (14) (63) (54) (87) (35) (57) (53) (49) (24) (33) (92) (42) (65) (9) (100) (11) (71) (36) (99) (72) (51) (17) (89) (39) (21) (43) (16) (66) (82) (13) (7) (18) (44) (91) (6) (23) (97) (98) (47) (61) (19) (59) (60) (31) (95) (45) (20) (28) (96) (2) (62) (40) (76) (90) (12) (86) (34) (70) (29) (1) (75) (93) (64) (80) (77) 
47 (50) (4) (82) (43) (44) (25) (5) (95) (55) (72) (59) (93) (91) (75) (35) (2) (19) (54) (85) (97) (80) (83) (27) (67) (79) (73) (9) (11) (76) (23) (14) (28) (68) (70) (84) (10) (13) (86) (60) (37) (41) (34) (18) (20) (1) (33) (42) (71) (7) (98) (47) (16) (65) (96) (100) (62) (30) (52) (64) (40) (3) (89) (12) (26) (66) (46) (51) (45) (99) (87) (88) (39) (58) (21) (77) (53) (69) (57) (49) (74) (36) (61) (17) (24) (8) (15) (81) (78) 
48 (49) (78) (19) (63) (47) (97) (79) (1) (40) (55) (26) (89) (94) (2) (41) (95) (77) (10) (33) (28) (30) (36) (9) (69) (56) (81) (70) (99) (17) (58) (67) (27) (45) (23) (53) (8) (57) (98) (18) (22) (59) (85) (74) (73) (66) (42) (43) (87) (35) (86) (32) (46) (16) (83) (6) (82) (100) (96) (4) (13) (12) (52) (5) (37) (71) (44) (38) (76) (64) (48) (84) (62) (93) (91) (90) (68) (65) (75) (50) (7) (31) (14) (11) (72) (61) (3) (39) (54) (60) (15) (80) 
49 (57) (15) (75) (31) (25) (22) (3) (82) (27) (8) (84) (62) (59) (34) (77) (94) (98) (48) (46) (92) (73) (97) (78) (20) (39) (80) (21) (17) (6) (7) (40) (44) (43) (93) (38) (24) (47) (79) (68) (16) (85) (14) (52) (32) (89) (4) (19) (54) (87) (72) (35) (69) (88) (36) (71) (63) (66) (65) (56) (2) (13) (100) (91) (10) (96) (41) (11) (86) (95) (70) (9) (23) (55) (33) (53) (5) (26) (42) (64) (76) (61) (90) (58) (74) (83) (29) (60) (45) 
50 (20) (43) (94) (63) (50) (31) (69) (19) (26) (21) (60) (99) (64) (92) (65) (5) (13) (35) (88) (70) (27) (86) (73) (11) (41) (51) (15) (77) (52) (1) (61) (47) (22) (90) (28) (16) (67) (4) (12) (76) (9) (54) (100) (7) (68) (81) (83) (53) (45) (93) (17) (62) (75) (3) (87) (80) (78) (85) (97) (42) (66) (8) (39) (44) (36) (79) (95) (56) (48) (10) (29) (98) (25) (46) (71) (55) (23) (34) (33) (30) (74) (24) (2) (91) (72) (96) (58) (18) (59) (38) 
51 (35) (60) (100) (88) (8) (53) (85) (1) (62) (3) (75) (51) (20) (89) (46) (42) (77) (43) (71) (11) (55) (39) (45) (34) (94) (86) (59) (37) (63) (50) (78) (31) (70) (25) (68) (81) (18) (58) (72) (98) (92) (41) (91) (97) (56) (54) (17) (79) (95) (13) (44) (7) (22) (9) (67) (30) (36) (24) (14) (6) (73) (87) (32) (4) (64) (28) (69) (38) (23) (93) (99) (65) (76) (21) (15) (19) (33) (47) (10) (83) (29) (16) (66) (40) (5) (90) 
52 (60) (98) (57) (58) (61) (17) (67) (68) (66) (37) (11) (72) (76) (77) (30) (90) (55) (96) (74) (73) (45) (7) (82) (56) (6) (32) (10) (78) (48) (13) (70) (38) (53) (63) (85) (71) (50) (19) (20) (21) (93) (16) (79) (54) (33) (65) (47) (83) (35) (5) (28) (41) (43) (25) (64) (80) (1) (14) (46) (88) (51) (26) (75) (34) (22) (87) (44) (62) (24) (81) (69) (89) (84) (86) (18) (9) (52) (59) (42) (12) (15) (27) (95) (49) (100) (39) (3) (29) (8) (99) (2) (23) (91) 
53 (92) (47) (49) (27) (19) (83) (48) (38) (24) (57) (46) (84) (8) (52) (17) (64) (88) (85) (12) (90) (97) (9) (44) (29) (53) (87) (40) (6) (39) (95) (32) (61) (54) (71) (66) (37) (80) (15) (100) (55) (16) (51) (68) (50) (11) (93) (36) (2) (22) (96) (7) (21) (60) (58) (23) (65) (91) (79) (94) (77) (56) (35) (62) (89) (20) (81) (31) (73) (34) (1) (76) (82) (63) (3) (70) (74) (14) (72) (25) (75) (18) (26) (41) (13) (4) (33) (30) (59) (5) (86) 
54 (41) (56) (18) (36) (3) (69) (67) (12) (14) (55) (5) (83) (79) (21) (80) (39) (76) (64) (24) (61) (10) (31) (29) (23) (4) (97) (40) (53) (6) (22) (99) (52) (8) (46) (2) (89) (94) (7) (72) (19) (43) (47) (78) (54) (73) (38) (30) (27) (25) (60) (66) (51) (13) (45) (49) (85) (42) (20) (74) (58) (11) (88) (82) (62) (92) (91) (87) (9) (65) (75) (90) (81) (96) (48) (70) (34) (32) (1) (86) (77) (93) (84) (59) (71) (95) (17) (98) (57) (15) (33) (100) (16) (44) 
55 (36) (67) (11) (92) (29) (70) (74) (89) (13) (52) (95) (38) (98) (2) (73) (15) (42) (72) (43) (18) (27) (84) (32) (63) (77) (94) (69) (3) (87) (10) (62) (65) (60) (80) (34) (76) (85) (97) (64) (61) (22) (4) (24) (21) (46) (78) (58) (83) (9) (56) (59) (50) (45) (91) (86) (47) (53) (100) (75) (39) (7) (20) (82) (68) (51) (8) (99) (17) (5) (88) (33) (96) (93) (35) (6) (57) (81) (55) (14) (26) (31) (90) (30) (41) (44) (28) (79) (23) 
56 (26) (87) (84) (30) (10) (58) (35) (62) (25) (98) (56) (47) (95) (11) (88) (13) (78) (18) (33) (71) (67) (93) (39) (89) (21) (40) (9) (29) (76) (86) (24) (80) (53) (81) (32) (75) (43) (41) (59) (90) (22) (51) (20) (100) (69) (85) (68) (4) (73) (77) (15) (70) (99) (46) (83) (1) (27) (54) (45) (72) (2) (49) (31) (97) (19) (64) (28) (65) (66) (42) (8) (36) (91) (52) (3) (82) (74) (38) (5) (79) (17) (50) (23) (14) (12) (7) (60) 
57 (74) (27) (65) (28) (78) (68) (85) (89) (79) (29) (83) (72) (84) (77) (17) (3) (86) (33) (37) (36) (53) (23) (39) (11) (2) (73) (12) (25) (52) (10) (7) (95) (87) (50) (16) (67) (42) (40) (46) (91) (62) (54) (57) (55) (82) (22) (90) (60) (30) (48) (24) (19) (18) (13) (59) (45) (96) (4) (66) (34) (98) (20) (21) (61) (14) (43) (35) (51) (38) (94) (93) (69) (9) (70) (49) (100) (56) (41) (8) (63) (1) (97) (44) (81) (6) (92) (26) (15) 
58 (52) (47) (72) (68) (16) (94) (19) (62) (97) (99) (46) (35) (48) (37) (61) (74) (93) (65) (71) (17) (70) (80) (11) (87) (13) (60) (15) (24) (20) (90) (27) (26) (32) (56) (23) (69) (33) (91) (85) (22) (98) (34) (78) (54) (89) (75) (25) (66) (12) (18) (40) (77) (59) (86) (88) (3) (21) (57) (14) (10) (39) (53) (38) (44) (84) (29) (81) (95) (49) (4) (96) (8) (6) (42) (67) (83) (51) (64) (30) (9) (31) (28) (1) (55) (63) (82) (50) (43) (58) (73) 
59 (68) (82) (64) (34) (48) (74) (94) (57) (93) (60) (75) (38) (53) (76) (83) (27) (39) (99) (78) (32) (52) (10) (87) (36) (8) (14) (45) (42) (56) (96) (24) (30) (23) (13) (72) (31) (61) (35) (80) (92) (17) (65) (89) (12) (49) (3) (21) (79) (19) (55) (33) (9) (66) (46) (91) (77) (1) (20) (54) (22) (59) (71) (4) (88) (18) (43) (15) (100) (16) (73) (51) (98) (67) (37) (62) (29) (47) (2) (11) (90) (84) (44) (70) (69) (26) (6) (97) (86) 
60 (10) (49) (37) (97) (25) (40) (1) (21) (83) (86) (71) (99) (82) (53) (7) (6) (48) (3) (84) (62) (31) (94) (88) (76) (74) (15) (50) (93) (46) (72) (4) (54) (75) (20) (52) (59) (18) (78) (19) (60) (51) (30) (77) (57) (61) (64) (34) (26) (27) (66) (96) (9) (41) (43) (73) (100) (85) (55) (45) (44) (81) (98) (90) (11) (56) (33) (14) (65) (47) (36) (22) (12) (39) (70) (95) (42) (63) (91) (38) (5) (67) (80) (79) (87) 
61 (80) (63) (72) (33) (52) (53) (16) (70) (27) (73) (78) (76) (51) (35) (84) (87) (1) (97) (54) (86) (9) (47) (65) (12) (71) (61) (14) (75) (24) (15) (85) (94) (45) (43) (69) (83) (28) (48) (34) (2) (67) (90) (66) (6) (64) (4) (23) (95) (38) (5) (18) (58) (3) (32) (25) (74) (11) (49) (40) (7) (96) (29) (50) (55) (92) (26) (98) (46) (91) (99) (37) (62) (82) (93) (77) (68) (44) (81) (22) (79) (8) (19) (42) (21) (89) (30) (10) (56) (88) (36) 
62 (51) (20) (91) (22) (77) (62) (76) (1) (12) (28) (97) (31) (13) (16) (29) (3) (7) (17) (8) (79) (93) (50) (85) (47) (4) (96) (53) (42) (45) (94) (24) (5) (23) (6) (33) (40) (63) (95) (68) (72) (49) (86) (11) (32) (25) (37) (87) (34) (69) (55) (70) (19) (67) (59) (98) (88) (81) (48) (56) (44) (2) (92) (74) (54) (10) (58) (39) (43) (27) (60) (89) (9) (90) (57) (18) (35) (52) (80) (15) (82) (30) (66) (100) (46) (83) (78) (65) (26) (73) (36) (75) 
63 (16) (72) (95) (3) (53) (39) (45) (79) (35) (51) (4) (99) (8) (2) (19) (57) (59) (6) (80) (24) (18) (44) (26) (73) (22) (77) (66) (70) (85) (9) (61) (49) (84) (11) (83) (100) (15) (65) (62) (55) (21) (92) (7) (71) (88) (31) (69) (42) (20) (14) (56) (54) (98) (96) (82) (58) (30) (1) (74) (63) (78) (32) (87) (36) (47) (60) (48) (5) (17) (91) (75) (33) (81) (43) (27) (76) (40) (52) (38) (64) (89) (97) (13) (86) (34) (94) (90) (23) 
64 (57) (97) (61) (90) (93) (6) (68) (96) (88) (71) (100) (77) (94) (46) (63) (51) (56) (13) (85) (9) (32) (91) (78) (30) (67) (42) (17) (73) (35) (82) (99) (41) (16) (3) (28) (10) (23) (62) (64) (37) (79) (92) (44) (52) (87) (47) (1) (58) (55) (39) (98) (72) (11) (26) (7) (83) (25) (54) (50) (40) (12) (81) (2) (60) (48) (53) (70) (22) (5) (89) (14) (76) (34) (59) (43) (75) (66) (27) (74) (33) (18) (95) (45) (36) (19) (86) (69) (8) (49) (29) 
65 (18) (49) (40) (60) (54) (63) (39) (62) (35) (98) (72) (97) (96) (82) (25) (22) (50) (92) (99) (95) (86) (58) (11) (31) (29) (61) (19) (8) (44) (32) (53) (90) (85) (16) (38) (57) (59) (9) (68) (23) (70) (66) (41) (91) (2) (7) (93) (100) (74) (88) (17) (48) (34) (84) (36) (43) (45) (79) (42) (6) (81) (4) (55) (10) (64) (28) (89) (26) (71) (27) (94) (69) (47) (37) (21) (46) (24) (75) (5) (56) (1) (67) (83) (76) (14) (3) (73) 
66 (32) (35) (44) (54) (10) (65) (66) (19) (12) (73) (24) (53) (43) (49) (4) (45) (52) (79) (36) (99) (23) (20) (22) (2) (31) (64) (78) (95) (38) (82) (25) (62) (57) (34) (84) (94) (93) (59) (37) (97) (11) (5) (55) (3) (67) (63) (60) (68) (58) (46) (71) (29) (6) (18) (98) (74) (61) (39) (14) (7) (90) (9) (91) (89) (51) (26) (41) (33) (80) (92) (76) (28) (100) (77) (13) (50) (56) (47) (96) (17) (83) (27) (69) (21) (87) (70) (86) (81) (72) (15) (30) (42) 
67 (29) (91) (55) (81) (26) (82) (41) (80) (56) (89) (8) (74) (50) (7) (42) (58) (62) (16) (83) (3) (36) (54) (2) (53) (51) (79) (14) (15) (70) (67) (25) (27) (47) (12) (38) (61) (46) (9) (28) (88) (77) (71) (4) (33) (94) (66) (87) (43) (10) (11) (19) (52) (5) (39) (78) (95) (13) (17) (99) (30) (44) (57) (68) (92) (60) (48) (1) (84) (97) (73) (32) (35) (96) (23) (6) (18) (69) (75) (93) (59) (63) (76) (72) (49) (90) (22) (86) (85) (31) (21) (98) 
68 (47) (13) (69) (95) (5) (61) (16) (17) (7) (73) (12) (35) (42) (86) (25) (94) (75) (39) (1) (3) (22) (41) (52) (27) (57) (44) (55) (4) (31) (49) (9) (87) (18) (89) (83) (30) (63) (56) (32) (8) (74) (36) (11) (76) (38) (37) (98) (34) (80) (90) (64) (100) (21) (67) (24) (70) (26) (19) (10) (50) (58) (60) (79) (28) (43) (59) (2) (66) (29) (62) (81) (71) (51) (91) (54) (72) (40) (14) (15) (48) (65) (45) (68) (99) (53) (77) 
69 (82) (73) (40) (51) (24) (80) (98) (37) (33) (13) (79) (72) (64) (14) (27) (17) (71) (52) (44) (61) (50) (70) (1) (7) (86) (67) (99) (36) (42) (19) (8) (2) (56) (6) (69) (35) (4) (97) (68) (12) (45) (95) (91) (60) (26) (29) (34) (74) (66) (75) (30) (100) (65) (39) (58) (87) (85) (89) (76) (31) (10) (46) (47) (83) (16) (93) (94) (62) (43) (90) (32) (77) (9) (96) (5) (84) (59) (20) (53) (63) (22) (92) (49) (81) (15) (55) (41) (23) 
70 (15) (25) (56) (95) (34) (81) (89) (44) (39) (53) (52) (38) (96) (24) (73) (49) (87) (66) (48) (60) (21) (8) (64) (10) (98) (18) (11) (12) (100) (3) (6) (41) (1) (13) (9) (46) (20) (17) (35) (90) (36) (80) (62) (50) (5) (97) (47) (72) (40) (26) (54) (57) (84) (85) (68) (94) (28) (76) (43) (23) (42) (61) (59) (29) (83) (79) (30) (2) (75) (78) (45) (70) (86) (88) (63) (37) (77) (99) (65) (82) (92) (7) (91) (58) (51) (31) (71) (55) (19) (93) 
71 (73) (37) (12) (82) (59) (93) (87) (64) (25) (98) (27) (26) (88) (6) (21) (2) (60) (84) (78) (77) (5) (16) (75) (89) (10) (65) (22) (29) (79) (18) (46) (83) (53) (57) (28) (95) (8) (81) (31) (36) (7) (49) (1) (9) (44) (50) (72) (54) (63) (33) (42) (55) (61) (71) (52) (47) (58) (96) (13) (15) (45) (97) (48) (11) (32) (74) (66) (99) (62) (69) (91) (92) (90) (56) (19) (80) (94) (35) (51) (38) (70) (14) (86) (40) (4) (20) (67) (17) (24) 
72 (36) (27) (61) (30) (58) (32) (92) (12) (63) (69) (2) (65) (85) (37) (60) (97) (81) (5) (57) (20) (38) (94) (82) (16) (80) (6) (24) (39) (48) (54) (75) (43) (83) (26) (86) (40) (51) (70) (22) (66) (10) (13) (31) (56) (29) (95) (71) (14) (9) (87) (88) (8) (64) (45) (84) (21) (11) (15) (34) (17) (99) (98) (4) (25) (76) (3) (35) (89) (91) (77) (23) (79) (68) (47) (73) (96) (72) (49) (7) (18) (90) (100) (41) (33) (44) (67) (93) (42) (28) (52) 
73 (56) (12) (44) (63) (43) (27) (33) (90) (61) (13) (79) (59) (58) (14) (73) (93) (41) (53) (23) (18) (22) (34) (16) (65) (6) (70) (68) (82) (40) (47) (10) (57) (87) (69) (92) (89) (31) (88) (75) (4) (48) (24) (74) (52) (5) (7) (26) (39) (77) (37) (91) (2) (50) (17) (1) (20) (45) (32) (78) (98) (71) (42) (84) (66) (86) (67) (8) (36) (29) (80) (60) (99) (100) (49) (25) (62) (55) (30) (38) (3) (46) (76) (35) (21) (96) (64) (95) (85) (11) (97) (54) (9) (19) 
74 (24) (98) (74) (70) (25) (46) (88) (64) (33) (76) (83) (2) (42) (47) (54) (77) (52) (49) (86) (41) (7) (28) (57) (22) (58) (55) (6) (94) (23) (11) (59) (12) (89) (87) (21) (8) (14) (90) (78) (82) (9) (15) (48) (51) (96) (56) (20) (38) (34) (85) (97) (36) (35) (62) (10) (17) (50) (100) (16) (65) (73) (4) (81) (19) (84) (99) (72) (26) (75) (80) (13) (5) (3) (44) (68) (39) (18) (93) (32) (27) (69) (43) (45) (29) (40) (1) (95) (71) (66) (92) (61) (37) (63) (91) 
75 (79) (48) (4) (77) (53) (65) (71) (16) (60) (67) (8) (27) (95) (52) (61) (91) (41) (5) (47) (13) (24) (75) (85) (34) (50) (96) (25) (81) (62) (6) (58) (82) (42) (15) (30) (17) (20) (44) (93) (76) (92) (21) (7) (10) (31) (90) (36) (26) (78) (40) (63) (88) (70) (43) (89) (69) (19) (74) (64) (37) (87) (100) (56) (39) (28) (18) (83) (86) (23) (1) (97) (29) (72) (80) (3) (14) (51) (11) (73) (35) (33) (12) (66) (99) (68) (54) (57) (2) (94) (59) (22) (45) 
76 (14) (30) (91) (6) (36) (90) (70) (37) (53) (99) (45) (55) (40) (85) (97) (78) (92) (19) (76) (61) (94) (20) (39) (21) (84) (38) (59) (71) (60) (88) (23) (52) (5) (4) (58) (96) (48) (29) (72) (31) (43) (64) (65) (50) (26) (8) (1) (3) (86) (67) (41) (95) (2) (27) (17) (75) (42) (100) (80) (79) (47) (15) (34) (22) (89) (16) (69) (10) (82) (66) (57) (98) (62) (7) (25) (63) (77) (81) (18) (13) (74) (33) (12) (56) (49) (54) (68) (35) (44) (24) (11) 
77 (62) (65) (99) (63) (31) (90) (36) (60) (18) (54) (91) (23) (26) (34) (77) (24) (28) (4) (84) (3) (40) (73) (50) (57) (6) (71) (10) (39) (96) (13) (70) (38) (75) (9) (49) (95) (69) (22) (100) (43) (53) (81) (20) (58) (85) (30) (97) (37) (78) (16) (5) (74) (76) (19) (15) (55) (98) (25) (7) (44) (67) (72) (68) (8) (17) (1) (80) (12) (48) (46) (35) (56) (42) (2) (33) (92) (94) (14) (66) (51) (93) (32) (45) (88) (11) (64) (47) 
78 (75) (35) (2) (48) (90) (15) (56) (65) (32) (58) (21) (89) (12) (37) (38) (91) (5) (40) (6) (93) (61) (64) (77) (74) (22) (98) (31) (16) (67) (99) (53) (36) (23) (42) (63) (68) (4) (87) (18) (92) (59) (76) (1) (39) (73) (46) (49) (45) (26) (50) (79) (29) (11) (14) (43) (83) (20) (44) (41) (97) (62) (7) (60) (55) (52) (80) (69) (13) (96) (47) (9) (34) (78) (85) (28) (81) (19) (95) (24) (84) (86) (100) (88) (70) (57) (71) (3) (10) (30) (54) (66) 
79 (47) (78) (56) (6) (11) (14) (34) (29) (91) (52) (71) (58) (99) (76) (63) (5) (31) (3) (66) (33) (60) (41) (43) (67) (24) (65) (36) (49) (51) (97) (20) (90) (95) (94) (57) (88) (13) (68) (81) (7) (98) (1) (44) (38) (37) (53) (2) (84) (59) (19) (79) (35) (89) (40) (92) (4) (27) (86) (22) (21) (100) (73) (18) (82) (10) (64) (80) (83) (70) (96) (48) (25) (75) (16) (55) (32) (72) (61) (77) (26) (12) (74) (45) (39) (50) (69) (15) 
80 (4) (56) (84) (66) (81) (17) (29) (3) (87) (34) (46) (40) (64) (51) (6) (44) (74) (12) (23) (91) (98) (82) (63) (47) (68) (2) (92) (80) (78) (22) (62) (67) (49) (77) (13) (61) (45) (24) (79) (32) (70) (42) (25) (53) (33) (37) (20) (89) (58) (86) (93) (65) (99) (26) (30) (5) (1) (97) (76) (48) (85) (18) (39) (75) (43) (69) (52) (27) (41) (9) (21) (95) (83) (88) (36) (60) (15) (31) (55) (73) (35) (28) (14) (10) (38) (57) (71) (16) (54) (8) 
81 (75) (6) (25) (80) (19) (96) (98) (68) (84) (7) (10) (8) (43) (57) (73) (32) (22) (72) (81) (52) (38) (62) (21) (23) (88) (56) (93) (51) (97) (71) (39) (54) (76) (14) (4) (86) (3) (95) (30) (33) (83) (53) (48) (35) (46) (90) (61) (66) (41) (99) (11) (65) (78) (85) (60) (74) (67) (34) (37) (91) (9) (79) (70) (89) (49) (31) (47) (55) (17) (50) (1) (20) (58) (5) (13) (92) (45) (26) (87) (63) (29) (94) (77) (12) (16) (15) 
82 (22) (17) (6) (66) (77) (21) (100) (26) (85) (43) (45) (97) (27) (55) (49) (71) (16) (18) (29) (28) (70) (88) (76) (81) (91) (86) (20) (7) (94) (89) (40) (46) (58) (80) (82) (98) (75) (61) (15) (30) (19) (3) (74) (63) (35) (83) (39) (51) (33) (93) (2) (4) (50) (13) (14) (73) (31) (52) (12) (68) (24) (99) (1) (72) (38) (44) (84) (64) (56) (5) (59) (60) (25) (79) (54) (36) (32) (96) (11) (67) (9) (95) (41) (23) (69) (34) (42) (87) (78) (62) (48) (37) (65) (53) (90) 
83 (24) (73) (65) (83) (94) (66) (81) (82) (91) (19) (1) (15) (45) (69) (50) (23) (88) (78) (38) (9) (35) (12) (36) (84) (92) (14) (62) (3) (41) (55) (95) (44) (18) (74) (63) (89) (96) (97) (20) (6) (31) (75) (60) (99) (93) (100) (27) (61) (43) (90) (7) (5) (53) (34) (77) (37) (46) (2) (68) (87) (85) (48) (57) (49) (22) (56) (79) (32) (47) (59) (29) (33) (54) (86) (10) (76) (40) (70) (11) (39) (98) (8) (42) (16) (52) (58) (67) (26) (17) (71) (13) (64) (4) (25) 
84 (59) (87) (1) (91) (2) (47) (25) (44) (73) (6) (81) (100) (89) (98) (65) (51) (18) (69) (3) (31) (48) (80) (90) (22) (63) (38) (42) (99) (5) (16) (64) (49) (66) (23) (35) (79) (9) (74) (75) (93) (84) (70) (52) (21) (40) (10) (76) (24) (41) (7) (85) (29) (97) (56) (37) (71) (33) (58) (8) (39) (88) (19) (43) (54) (77) (78) (28) (17) (68) (83) (86) (95) (96) (13) (92) (12) (34) (11) (53) (60) (62) (94) (30) (45) (57) (26) (36) 
85 (94) (76) (33) (65) (68) (24) (75) (14) (58) (67) (81) (43) (13) (63) (6) (28) (70) (2) (46) (66) (5) (16) (30) (53) (71) (88) (92) (82) (26) (97) (20) (91) (48) (79) (93) (95) (7) (12) (15) (72) (52) (89) (35) (84) (57) (1) (47) (21) (85) (51) (29) (39) (11) (77) (42) (44) (32) (10) (83) (41) (9) (50) (74) (54) (38) (17) (98) (36) (8) (40) (31) (59) (49) (22) (4) (62) (18) (27) (99) (37) (19) (87) (80) (69) (96) (34) (25) (78) (86) (3) (23) (64) (55) 
86 (6) (10) (21) (45) (88) (28) (90) (73) (71) (49) (98) (86) (58) (51) (77) (84) (5) (46) (38) (33) (42) (100) (93) (27) (32) (97) (74) (85) (36) (63) (22) (25) (26) (57) (3) (76) (47) (16) (55) (69) (87) (68) (41) (96) (39) (83) (31) (70) (23) (91) (44) (4) (56) (94) (99) (9) (54) (48) (30) (15) (14) (95) (62) (11) (50) (37) (17) (75) (82) (24) (67) (66) (7) (65) (8) (53) (72) (13) (59) (78) (89) (52) (80) (61) (79) (34) (40) (12) 
87 (32) (75) (8) (41) (68) (7) (25) (1) (40) (42) (84) (89) (16) (54) (93) (29) (99) (23) (35) (95) (73) (38) (86) (88) (87) (39) (27) (57) (96) (48) (74) (14) (17) (45) (71) (52) (78) (26) (36) (50) (13) (77) (92) (4) (91) (63) (21) (90) (11) (19) (12) (18) (15) (49) (67) (44) (51) (59) (46) (69) (10) (34) (94) (66) (28) (2) (60) (5) (58) (33) (79) (64) (76) (47) (20) (3) (81) (97) (80) (82) (70) (85) (43) (98) (65) (83) (9) (37) 
88 (56) (89) (36) (76) (25) (85) (28) (46) (2) (13) (57) (34) (69) (22) (43) (67) (68) (23) (38) (60) (12) (54) (11) (75) (30) (33) (81) (90) (100) (87) (3) (73) (16) (61) (72) (70) (71) (27) (31) (95) (52) (63) (91) (21) (80) (9) (14) (55) (51) (41) (8) (39) (96) (66) (79) (94) (24) (49) (40) (65) (53) (78) (7) (44) (93) (48) (5) (35) (19) (15) (45) (62) (64) (83) (84) (32) (20) (1) (99) (98) (26) (82) (37) (50) (97) (59) (42) (86) (74) (18) (88) 
89 (83) (46) (69) (11) (22) (97) (29) (65) (54) (74) (50) (14) (63) (56) (23) (37) (19) (28) (30) (72) (89) (5) (9) (44) (2) (52) (55) (96) (32) (58) (20) (76) (93) (85) (84) (26) (79) (100) (53) (98) (40) (27) (1) (45) (10) (25) (68) (8) (61) (39) (70) (78) (24) (67) (3) (88) (12) (18) (6) (42) (7) (62) (73) (38) (91) (99) (95) (47) (36) (34) (33) (43) (15) (49) (81) (64) (21) (82) (51) (75) (90) (13) (60) (16) (80) (57) 
90 (55) (27) (34) (85) (6) (69) (52) (25) (96) (59) (32) (1) (18) (73) (22) (38) (46) (88) (86) (56) (10) (83) (31) (76) (2) (79) (77) (71) (42) (51) (33) (98) (7) (67) (26) (3) (47) (39) (20) (23) (17) (89) (40) (12) (92) (41) (60) (43) (49) (70) (64) (78) (58) (61) (57) (4) (16) (13) (48) (24) (37) (90) (9) (28) (95) (35) (87) (81) (66) (15) (11) (19) (36) (14) (53) (54) (93) (44) (94) (75) (74) (80) (45) (72) (65) (97) (62) (8) (99) (29) (21) (63) (100) (82) 
91 (30) (37) (76) (33) (75) (91) (89) (10) (18) (48) (51) (8) (92) (19) (42) (97) (45) (65) (66) (84) (1) (49) (17) (40) (95) (57) (74) (79) (88) (28) (83) (80) (50) (63) (58) (62) (31) (94) (71) (56) (86) (13) (68) (6) (5) (46) (100) (24) (64) (2) (34) (36) (72) (93) (22) (39) (20) (47) (98) (69) (12) (27) (60) (32) (96) (11) (67) (38) (53) (52) (3) (7) (41) (78) (21) (25) (44) (54) (59) (43) (73) (55) (77) (81) (26) (87) (9) (35) (4) (85) (99) 
92 (24) (86) (89) (42) (51) (48) (34) (75) (21) (31) (63) (12) (22) (10) (54) (1) (19) (56) (32) (69) (58) (27) (68) (62) (8) (73) (43) (5) (38) (92) (97) (49) (53) (99) (76) (36) (74) (93) (28) (60) (9) (2) (25) (30) (33) (78) (66) (64) (6) (82) (67) (90) (100) (46) (87) (52) (17) (83) (59) (13) (29) (98) (95) (61) (55) (47) (88) (44) (37) (40) (45) (11) (81) (96) (80) (77) (14) (41) (7) (71) (94) (39) (85) (16) (18) (3) (15) (84) (91) (72) (26) (57) 
93 (50) (18) (36) (74) (97) (80) (4) (46) (9) (1) (75) (48) (29) (30) (11) (12) (5) (77) (42) (65) (51) (10) (14) (72) (41) (7) (85) (22) (13) (100) (52) (37) (19) (64) (35) (23) (17) (88) (94) (99) (79) (43) (58) (70) (39) (84) (98) (73) (87) (16) (62) (69) (67) (86) (59) (57) (24) (66) (28) (44) (81) (63) (56) (60) (53) (20) (34) (55) (93) (8) (92) (89) (38) (15) (96) (21) (32) (3) (54) (47) (68) (76) (6) (83) (27) (33) (61) (82) (40) (78) (31) (25) 
94 (88) (13) (64) (22) (19) (44) (95) (69) (82) (23) (40) (6) (45) (9) (49) (65) (92) (27) (70) (87) (100) (93) (84) (37) (48) (98) (31) (57) (26) (20) (36) (30) (4) (34) (89) (17) (59) (41) (86) (71) (42) (62) (61) (52) (68) (99) (63) (39) (77) (10) (47) (5) (18) (2) (25) (73) (35) (94) (3) (24) (46) (74) (28) (14) (54) (12) (90) (15) (58) (32) (56) (1) (16) (29) (50) (7) (55) (72) (81) (67) (21) (97) (80) (33) (11) (76) (83) (85) (96) (60) (66) (43) (78) 
95 (75) (62) (37) (27) (26) (5) (93) (32) (90) (34) (46) (15) (12) (67) (99) (74) (52) (36) (97) (77) (7) (45) (71) (85) (94) (98) (19) (100) (38) (68) (29) (42) (96) (53) (72) (31) (41) (4) (69) (95) (3) (49) (21) (23) (82) (60) (50) (43) (14) (59) (47) (13) (33) (9) (84) (64) (61) (55) (20) (78) (8) (79) (86) (6) (63) (25) (28) (24) (92) (1) (66) (51) (44) (76) (17) (83) (11) (56) (58) (40) (10) (89) (80) (39) (35) (88) (81) (73) (22) (54) (18) (70) (87) 
96 (82) (29) (70) (55) (80) (30) (45) (79) (90) (16) (52) (42) (49) (77) (75) (78) (23) (13) (69) (2) (58) (6) (73) (72) (27) (84) (5) (53) (26) (19) (24) (66) (57) (99) (31) (67) (1) (85) (100) (50) (87) (93) (96) (34) (15) (54) (47) (65) (9) (10) (83) (20) (48) (8) (59) (92) (81) (3) (22) (38) (74) (28) (95) (86) (36) (62) (56) (64) (43) (4) (76) (61) (17) (88) (33) (46) (91) (51) (37) (11) (63) (35) (71) (32) (60) (25) (94) (68) (21) (39) (41) 
97 (14) (52) (51) (13) (69) (25) (23) (22) (5) (94) (89) (4) (82) (96) (66) (84) (26) (92) (16) (76) (80) (24) (8) (93) (86) (21) (44) (10) (39) (59) (72) (49) (28) (81) (60) (79) (75) (56) (57) (50) (31) (83) (73) (29) (12) (77) (3) (1) (37) (6) (58) (65) (17) (71) (35) (18) (68) (61) (74) (43) (27) (63) (41) (34) (70) (33) (45) (48) (42) (87) (64) (90) (78) (32) (62) (98) (97) (40) (95) (55) (7) (54) (46) (36) (9) (38) (2) (67) (47) (15) (53) (100) (91) 
98 (40) (55) (31) (16) (99) (74) (76) (26) (94) (3) (82) (65) (37) (91) (77) (68) (71) (8) (21) (10) (63) (97) (34) (11) (70) (88) (72) (52) (92) (39) (30) (60) (19) (90) (57) (69) (47) (38) (35) (78) (5) (58) (96) (28) (61) (89) (86) (42) (64) (23) (43) (14) (98) (49) (4) (41) (54) (25) (62) (87) (27) (45) (67) (12) (48) (13) (50) (15) (84) (95) (1) (75) (6) (79) (9) (20) (81) (18) (46) (56) (36) (32) (22) (85) (66) (2) (51) (44) (59) (24) 
99 (22) (25) (98) (70) (49) (79) (67) (16) (10) (50) (61) (1) (33) (7) (41) (54) (48) (47) (91) (74) (58) (42) (21) (18) (3) (99) (89) (87) (6) (46) (9) (45) (4) (52) (97) (93) (8) (66) (69) (34) (80) (13) (64) (68) (84) (73) (77) (27) (15) (86) (23) (55) (24) (37) (29) (65) (28) (88) (38) (90) (11) (14) (40) (53) (85) (5) (59) (56) (17) (35) (83) (92) (71) (63) (76) (31) (51) (96) (20) (75) (60) (43) (12) (36) (94) (26) (32) (62) 
100 (34) (31) (87) (2) (82) (86) (51) (74) (65) (84) (41) (93) (89) (71) (43) (60) (76) (54) (66) (42) (58) (13) (77) (35) (33) (75) (22) (30) (52) (16) (48) (36) (24) (39) (45) (14) (64) (20) (25) (23) (50) (92) (56) (97) (11) (40) (98) (3) (61) (5) (19) (6) (37) (78) (9) (8) (63) (57) (49) (70) (29) (90) (69) (10) (80) (85) (96) (73) (55) (62) (67) (12) (59) (81) (27) (94) (32) (44) (26) (28) (38) (72) (79) (99) (53) (4) (91) (1) (47) (83) (15) (88) (17) 
