0
100
100
1 (1 73 85) (88) (49 31) (4 87) (51) (66) (78 62 91 7) (18 98 86) (56 55) (27) (5) (50) (39) (33) (99 22 46) (43) (36) (17) (57 69 58) (94) (25 71) 
2 (10 90 35 73 91) (72) (26) (65 52 50) (93) (98 13 32) (27) (66) (82 28 59) (86 53 15) (44) (21 54) (42) (79) (89 8) (83) (5 75) (70 29) (43 16 81) (77) 
3 (90 7 13) (28) (70) (58) (93) (67) (87) (35) (89 38) (34) (29) (37) (6) (15) (57) (85) (22) (64 26 3 9) (81) (94) (46 1) (8 49) (27) (80) (55 36 18 74) (88 76) (60 50) (66) (63 83) (72) (48) (25) 
4 (97) (28 67 78) (83) (43) (23 38 50) (86 69 1 48) (41 29 46) (16 66) (32) (40 22) (100 8) (54 99) (98 7) (2) (63) (37) (74 92 21 55 79) (12 26 25) (61) 
5 (77 44 41) (84) (45 24) (31) (82) (6) (88 75) (87) (90 69 8 30) (49 68 66) (32 83 1) (67) (28) (15 2 76) (17 64) (80) (72 56 19 16) (70 26) (91 42) (25) 
6 (55) (57) (82) (62 30 64) (50) (35) (83 97 43 24 28 71) (56 54 12) (81) (32) (7 47 9 68 29 8) (63 19 98 33 52 78) (89 77 42) (25 48) (39) (45 44 27) (67 73) (72) (17) 
7 (74 4 46) (65) (91 36) (60) (27) (24) (88) (25 20 99) (58 68) (37) (43 3 45) (77) (62) (93) (22) (57) (97) (34 33 63 64) (83) (85 79) (26) (92) (55 18 44 17) 
8 (76 92) (21 84 43) (52 95 37 61 47 70 40 39) (51) (36) (1) (32) (16 75) (54 2 93) (25 10) (3 24) (26 6) (94 58) (86) (62) (64) (17 91 74) (63 69 87) 
9 (20 49) (37 4) (35 56 72 75) (98) (96) (54 27 63) (30) (50 85) (83) (23) (65) (3) (16) (34 78 15 71 100 40) (97 92) (68) (66) (73) (19 70) (67) (2 8) (13) 
10 (55) (93) (6) (34) (40) (18 47 46) (74 66) (24) (28) (95) (57) (49 85) (64 91) (82) (79) (73 30) (1 14) (39 11) (87) (70) (27) (75 98) (12 96) (41) (50) (17) (3 58) (25) 
11 (75) (86) (56 6 68) (91) (43) (70 61) (39) (17 37 48) (41 87) (60) (8) (3 36) (7) (20 99 67) (59) (93 30 1) (11 35) (88 46) (98) (13) 
12 (8) (72 98 26) (35) (5) (12) (41 44 23) (17) (77 79) (24 32 49 36 42) (30) (66) (70) (55) (90) (47) (64) (21 14) (85) (96 39) (11 9) (86 38) (22 82) (48 4) 
13 (84 69) (28) (64) (38) (21 6 7 74) (63 31 16 90 22) (3) (15 25 96) (68) (66) (8 81 71 97 62) (47) (58 52 46) (93 35) (1) (78) (18) (33) (50 70 87) (61 4 86) (75 59) 
14 (70) (15) (89 39 12 7) (6) (10 99) (40) (77 92 47 84) (20) (19 3 50) (94) (1) (69) (23 31) (95 67 82 25 65) (17) 
15 (34 37 35 60) (31) (16 100 39 92) (97) (89 18) (94) (26) (82) (25) (15 72) (45 29 27) (10) (90 14) (64 87 4 44) (98) (79) (7 24 2) (8 74) (95 63) (76) (69) (68 78 96) (11 53) (70 40) 
16 (33) (20) (55 31 62) (45 43 4) (92 74) (85 84 80 39) (93 37) (86) (8 24 61 69) (79 11) (12) (17) (97) (52 23 5 38) (63) (15) (10) (40) (21 89) (46 83) (9) (88) (68) (87) (75 65 90) 
17 (98 95) (12) (93) (4 19 96 51) (84) (36 92) (77) (21 97) (2) (54 89) (72 20) (82) (75 31) (61 28 38 13 86) (22 41 35) (17) (47) (70) (76) 
18 (14 17 16) (90 82 69 81) (66) (34 27) (24 1 48 22) (79) (21 57 5 100 13) (18) (72) (11 41 49 29) (33) (32 45) (87 94 52 46 39) (56) (97 43 64) (38) (68) (28 51 9) (42 55) 
19 (44) (36) (7) (13) (55 51) (93 40) (45) (2) (87 92 81 66) (33) (19) (95 9) (53 82) (73) (59 3) (88 77) (49 16) (70 68) (71) (10 100 72 24) (83) 
20 (90) (67 58) (48) (63 49 92 28) (14) (59 96) (23) (87 2) (73) (47) (86 80) (77) (40) (18) (68) (36 19 11) (52 79) (85 97 42 94 74 20) (56) (39) (89 98 9) (38 5 71) (60) (43) (78 72 29) (4 64 46) 
21 (82) (91) (60) (29 56 94 26 72 65 40 25 8) (87) (31 88) (14 55) (84 9 10 78 13) (15) (4 75) (70) (11) (32) (41) (54 89 53) (16 97 100) (57) (2 96 24) (69) (48 19) (38) 
22 (71) (88 7) (76 45) (86 73 30 17 64) (63) (44 19) (33 95) (100 37 1) (61) (97 29 49) (55) (92) (66 77) (62) (27) (35) (11 82) (39) (50 36 41) (84) (99) (96) (79) (78) (18) (13) 
23 (81 71) (63) (2) (27) (20 53 33 58 78) (42) (66 70) (64) (47) (61) (95 21 24) (80 93) (43 5 37 11 34 7 86) (28 32 30 83 6 85 17 76 79 39) (40 56 44 3) 
24 (36) (39) (56) (54 93) (34) (59) (18) (1) (24) (100 81) (21 15 95) (5) (2 10 4 26) (11) (64 6) (68) (45) (79 97) (52 3 83) (77) (41 65 62 98) (67) (91) 
25 (12 61) (25 18 60) (51) (73 15) (92) (52 30) (55) (65 4 96) (86) (31 68 39 1) (72) (35) (91) (75 67) (27) (80 7 5) (58 63 9) (84) (98) (45 34 37) (33 22) (89 17 100) 
26 (91 96 60) (37 78 34 71) (80) (35 48 21) (81 30 79) (94 88 41 61 23 46) (62 51 58) (57) (70 22 6 93) (89) (7 44 4) (45 85 8) (84) (27) (73 75 26) (40) (1 32 74) 
27 (97) (53 91) (39 69) (37 6 79 10) (50 56) (55 90 98 71 84) (26) (72 86 83) (59 19) (99 70) (76 61) (25) (3) (48 30 20) (4 51) (88) 
28 (81 18) (65) (59) (3) (34 50) (74 10 90 35 61 76) (7) (41 12 27 21 64 68) (43) (23 45 80 20 89) (96 25 84 54 58 93) (62 77) (99 98) 
29 (71) (96 21) (82 78) (46 5) (18 87) (95) (9 57 41 3) (49 52) (91) (98) (90) (88 79) (20) (69 44) (12) (48) (89 34 61 35 24 32) (93) (38) (6 54 51) (85) (65) (55) 
30 (67) (23 64) (88 12 81) (85) (19 92) (25 80 4 38) (51) (69) (75) (84 61 9) (17 41 96) (97) (71) (53) (89) (18 58) (16 48 47) (40 66) (56) (78 43) (83) 
31 (35 91) (3 68 100 75 60 72) (86) (16 89 38 57 36 15 44 34 70 9) (81) (25) (18 26 23) (21) (13) (61) (64 5 19 52 88 39 11 14) 
32 (63) (70 11 33) (82 46 24 51) (87) (84 64 9) (65 40) (49 66 61 31 100) (10 34) (22) (97 90) (69 71) (58) (7) (45) (96) (86) (80) (60) (48 41) (39 85) (16) (4) 
33 (22 5) (14 77) (63) (11) (56) (43 49) (24) (93 68) (34) (65 41 33 95) (100) (13 72 84) (73) (3) (71 26 17) (59 88) (62 76) (52) (66) (29 54) (16 8 53 20) (79 69) (80 61) (90 51) (35) 
34 (13 9 22 52) (8) (6 11 12) (48) (69 68) (73 24 50) (60) (36) (76) (83 39 81 58) (57 41 77 88 25 55) (87 30 82 78 53 61 79 46) (80 100) (35) (49) (45) 
35 (73) (62) (86) (21 71) (95) (66) (92) (38) (45) (65 70) (41 35) (98 39 78) (33) (1 13 25) (7) (9 34) (53) (46) (52) (32) (91 12 36) (82) (58) (31) 
36 (11 27 6) (65 60 99) (67 92 64 81) (46 49) (70 28 32) (24) (12) (84 51 82) (79) (97 76 58 13) (50 61) (74 54 36 8 88 69) (34) (86) (2) (73) (93) (25 63 39) 
37 (69 30 27 40 75) (86) (24 99) (85) (21 5) (55) (100 89 59) (45) (56) (62 2 81) (18 47) (7) (97) (77 37 50) (1 16) (48) (42) (33 12) (54 36) 
38 (89 56 79) (14 27 61) (62 84) (37 46) (12) (44 87) (6) (81 52 53 86) (2 3 80) (5) (83 97 47 66) (74) (71 59 43) (38) (30) (10) (67) (4) 
39 (26) (64) (50 5) (49 100) (71 72) (67 98) (1 17) (47) (41 56) (62 3 87 78) (19) (79) (48 14 20) (25 45) (51 82) (28) (74) (75 97) (35 27) (96) (54 7) (38 12 44) 
40 (82) (43 5 76) (50 8 19 35 3) (97) (72) (4 7 68) (48 89) (2) (69) (26) (29 71 88) (52 85 42 34 44) (51) (37) (57) (39 86) (95 36 25 18 93 96) (27 40 83 92 41 53) (98) 
41 (60 64) (94 13 46) (36 82 1) (97 15 26 43 68) (93 75) (28 30 21) (19) (77) (57) (2) (11) (63) (41) (54 91 76) (79 84 22) (50) (69) (24) (16) (49) (38) (92 81) (62 65) (3) (29 83) (51) (4) 
42 (76 3) (18) (31) (32 62 53) (61) (80) (54 73) (60 40) (89 88) (69 87 48) (8) (14 44 41) (35) (4 52) (65) (51) (90 30) (10) (38) (74) (47 91) (15 99 12 28 20) (81) (79 46) (63) 
43 (75 54 91) (78) (32) (80) (5 29 66) (89 94) (96 60 53 82 28 99) (90) (49 58 76) (33 19 61) (17 40) (31) (98) (7) (18) (67) (37 70) (72 63 39 85 55) (68 59 50) (34 56) (16) (11 13 15 43 10) 
44 (72 87) (2 56) (71 74) (93 45) (63 31 5) (84 35) (67) (22) (24) (50 88) (66) (58 65 98 73) (34) (10) (30) (4 12) (9) (40 92) (20) 
45 (70 41 100) (62) (88) (37 35) (50) (22) (39 5 79 96 85) (56) (13 2 48 75 47 16 19) (55) (68) (98) (45 92 31 89 46 71) (24 58 9) (8) (65 57 76) (4) 
46 (10 63 35 98) (76) (89 2) (86) (70) (61) (83) (56 19 28 84 20) (23 58 85) (94) (78) (59) (97) (50 44 53 6 65 90 33 71) (31 13 21 40) (8) 
47 (23) (33 8) (30 35) (49) (70 87) (81) (9) (25) (72 56) (86 36 22 34 24) (50) (54 76) (16 83 38 60 4) (84 48 19) (95 12) (6 1) (88) (53) (92) (46) (96 14 26 68) (18 94) (64) (80 79) (29) (93 31 69 11) (5) (7) (47) 
48 (75) (37 55 30 60) (18) (8) (82 5 25 21 17) (13) (50 90 9 63 44 84) (35) (52) (81) (34 57) (29 94) (47 91 28) (65 71 93) (87) (99 22 32) 
49 (63 91) (14 15 31 98) (55) (1) (16 28) (100) (74) (66 10 72) (29) (58) (92 81) (85) (22 86) (33) (79 26) (93) (32 90 51) (67 73 50 7) (89) (94) (9) (71) (56 18 34 54) 
50 (79 67) (52) (36) (59 7) (64 34 85 50) (38) (32 12 78 91) (92) (23 35 10) (20) (71) (51) (29 55 76 1) (9) (24 54) (14) (30 97 16) 
51 (51) (42 77) (92 44) (80) (84 39 36 63 66 43) (98 37 70) (59) (46 47) (1) (23) (74) (89 68) (69) (9 79) (14 21) (72) (26) (90 58 15 33) (71) (41 55 38 22 16) 
52 (24) (31) (60 64) (73 12 87) (6) (49 18 61) (46) (75 57) (99) (41) (53) (58) (44) (85 20) (71 11 90) (59 68) (47) (80 52) (13 26 28) (100 14) (63 25 50) 
53 (11) (40) (4) (17) (57 95 60) (16 53) (45 73) (70) (74) (80) (5) (89 64) (78 76) (93) (23 26 13) (1) (63) (10 20) (97 39 19 27 49 30 82) (24) (44 67) (52) (22) (85) (33) (83) (55) (84) (14 28) 
54 (95) (74) (24) (29) (1 3) (86 35) (85 68 15 42 67) (22) (47 9) (71) (49) (46) (7) (43) (51) (26 94) (92) (5 10) (70) (63) (25) (40 27 41 88 30) (69) 
55 (22) (10) (72 87 32 20 67 37 90) (7) (70 81) (55) (15 100) (96 12 29) (27) (80) (41) (54) (53 63) (4 8 3 82 77) (14 25 95 24 65 58 43 62) (60) (61 66) (73 42) 
56 (79) (9 35 40) (61) (3 91) (64) (80) (16) (92 82 62) (70 13) (89) (11 4) (90) (17 60) (50 20 43 19) (47) (27) (36) (30 85) (57) (81 97) 
57 (29) (46) (76) (47 86 57) (73) (78 67 66 83) (92) (99) (5) (68) (45 93) (61 52) (21) (59) (51) (62 95 60 40 20) (32) (87) 
58 (41 9 2 70) (32 47) (64) (80 97) (31 83) (40 60 90) (61) (22) (20 98) (36 52 95 86) (62) (12 48) (76) (99 13 6) (29 51 59 57 53) (55) (26) (75) (100) 
59 (84 44) (13) (39) (60) (26) (75) (66) (68) (10 14 93 27) (18 53 92 56) (81) (2 98 41) (50) (88 85 23 63 24) (83) (55 36 43) (89) (61) (11) (65) (17) 
60 (91 10 21 79 80 98 99) (18) (11) (15) (50 85 48 39) (97 45 4) (93 6 25) (65 47) (66 57 43) (14) (34) (13) (30 53) (56 59) (92) (63) 
61 (7) (52 24 46 9) (97 58) (89 76 83) (13 40) (50 79 68 62 21) (67) (54 39 23) (99 35 5) (85 11) (34) (56 71 15) (47) (59) (42) (29) (14) (10) (45 57) 
62 (71) (9 18 56) (50 62) (57) (92) (98) (90 38 51) (95 64 63 66 19) (28) (68) (86) (39 20) (4 55) (73 29 17) (88) (76) (10) (13) (94) (32) (27) (7) (12) (77) (40) (36 43) (31 54 49) (67) (70) 
63 (78) (48) (69 43) (18) (41 84) (70) (42) (50 35) (5 19 26) (98) (92) (46 14 40) (63) (91) (38 16 3) (90) (45) (27) (47 87 80 99 17 23 97) (44 31 86 28 65) (82) (58 79) (33 62 81 94) 
64 (22 41) (64 66) (56 30) (68) (44 38) (24) (96 55) (4) (13 59 83 93 5) (79 62) (52) (63 27 53 10) (51 26 72) (70 3 8) (95) (98 76) (18) (11 82) 
65 (56) (80) (94 44) (72) (93) (95) (46 63 12) (25 57 58) (32) (7 75 36 4 99 23 24 42) (88) (49) (29) (5) (30) (20 14) (38) (98 27 87 55) (48) (16) (40) 
66 (32 28 35) (83) (97 66) (23) (81 91 41 88) (90) (20 16) (50 43 59) (77) (55) (48) (34 53) (49 60) (89 19) (69 87 8) (73 63) (86) (78) (79 14 18) (17) (29 3 5) (15 67) (26) (40) (44) 
67 (36 83 91 72 40 31) (100) (75) (98 76) (67) (77) (56) (87 30 18 43) (99) (22 27 19) (13) (62) (26 28 16 17) 
68 (47 45) (99) (89 56 7) (90) (36 49 68) (27 28) (75 64) (12) (91 35) (69) (61) (63 6) (100 46) (4) (3) (17) (18) (66) (98) (73 84) (83 54) (1) (74 37) (58) (31 52) (38) 
69 (88 53 57 29) (8 47) (99 87) (26 63 68 15) (79) (62) (60 72 14 6 66 25 61 85) (91 41 56 95 39) (42 59) (12) (9 23) (49 89 81) (37 71) 
70 (36) (83) (73) (62) (1 68 46) (71 51) (3) (12 9) (81 2) (100) (84) (97) (70) (65) (6) (13 94 44) (95) (45) (74) (31 33) (43) (47 88) (53) (63 18) (50 30) (28) (32 39) (99) (58) (67) 
71 (68 22) (64) (13) (85 62) (45) (83 60) (98) (89 39) (87 70) (67 51) (30 40 36 38 23) (80 25) (92 6) (82 74) (93 44 16 88 52 21 63) (56 3 46) (17 48) (77) 
72 (96 15 99 52) (46 38 83) (35) (8) (21) (43 74 88 33) (63 87) (11 19) (24 25 36 69) (14 82) (92 28 17) (44 97 85) (51 26 68 67 13) (48) (16 34 86) (100 27) (84 65 57) (59 20) (12 6) 
73 (27) (8 53) (99 73 18) (87 19) (86 22 24) (70 39 80) (37) (41) (43 67 74 59 79) (16) (58) (64) (2) (40 94 97) (95 90) (15 61) (62) (72) (77) (17 6) (69) (14) (20) (92) (82) 
74 (19 16) (97) (76) (61 80 1 29) (41 6) (27 44) (70 84) (38 36 3) (93) (14 78 9 37) (26) (83 45 73) (32) (86) (72) (54) (87) 
75 (54) (45) (26) (63) (12) (77 35 39) (94) (62) (76 48 1) (17) (71) (56 41 43 96 52) (30 81) (46 98) (8) (93 67) (23 57 32) (21 9) (66 37 50) (25 59 92) 
76 (46 8 10 21 42) (41) (95 32 39) (47 70) (60) (13 38) (73 19 90 20 69) (28 7) (57 44 40 18 35 55) (15) (72 59 91 82) (83) (99 43) (74) (26 29) (48 64) (3) (92 66 75 85) (2 71) 
77 (20 66) (12) (15 4) (65) (86) (18) (29 93) (67 79 51) (53) (80 25) (43) (37 32 49 95 48 14 46) (40) (73) (55) (89 84 82) (56) (96) (81 78 85 64) (71 47) (7) (60) (39) (99 54) 
78 (83) (31) (76) (45 64) (52 94) (38 49 51 24 40) (53) (1) (77) (73) (14) (8 6) (93 71) (79) (91 19) (44) (82) (15) (85) (84) (5) (26) (9) (61 18 58) (50 10) (60) (54) 
79 (51) (100 96 16) (81 66 62 23) (83 18 89 54 52 28 20) (56) (75) (68 30) (22 55 37 13) (19) (78) (4 29) (84 74) (86) (77 58) (45 44 97) (48 91 69) (46) (6) (95) 
80 (23) (32 6 79) (87 33) (49 83) (55) (73 26) (92 5 89 68 21 48 93 12 97) (1) (43) (72 19) (64) (88) (38) (50) (69 54 39) (2) 
81 (72 61 84 57) (26 59) (76 30) (87 78) (38) (47 85 95 3) (99) (92 44) (80 68) (71) (31 63) (81) (56) (22 82 23 51 32) (35 37) (18) (5) (45 24 52) 
82 (69) (5) (98) (65) (76) (73) (74) (10 58 28 63 59 61) (13 93 47 81 48) (41) (17 70) (60) (91) (29 31 4 11 42 97) (38) (8 92 79 43 88) (36 87) 
83 (96) (41 33 29 18) (31) (66 70 75 51) (56) (90 45) (89 71 24 15) (82 12) (2) (50) (79 62) (1 76) (98) (73) (47 85 35) (95) (37) (43) (84 61) (80 53) 
84 (32) (39) (97) (56 52) (63 65 74 23 31) (47) (4 79 91 57 14) (46 2) (45) (69 43 44 11) (21) (85 93) (86) (20) (12 83) (78) (6 5 28 17 67) (26 38 61 25) (18) 
85 (37) (32 52 19 35 64) (38 79 36) (29) (87 92) (89 50 8) (63) (20 60 86) (18) (43) (100) (77 5 2) (14) (62) (45) (73) (76 69) (47 9 17) (72) (12 57) (61) (40 41) (59 21 99 80) 
86 (56) (45 99) (44 52 29) (39) (78) (61) (74 40) (95 32 21 64) (91) (53 57) (65) (38 17) (63 43 7 87) (12 76 73) (41 84) (49) (82) (34) (86) (36) (77 68 59) (5 10) (20) (19) 
87 (100 77 38 21) (41 95) (74) (4 65) (16 7) (2 37 79 94) (51 81 36) (8) (98) (83) (17) (1 3) (15) (29 99 24) (78) (6 67) (93) (84 86) (64) (72 35 11) (63) (10) 
88 (88 13 17 71 96 10) (49 11 51 55 58 43) (12 28 73 31) (5 50) (6) (16) (25) (19) (80 75 38 39) (47 30) (32) (7 97 34 84 85) (98 21) (41) (66) (60) (45) (44) 
89 (11) (98 4) (57) (89) (80 29 38 74 60) (36 69) (70 77) (48 58) (21) (86) (51) (52) (90) (3 84 46 28) (67 43) (92 6) (65 15) (99 88 17 64) (71) (30) (47 24) (62) 
90 (91 94) (93) (16 84) (25) (53 95 58 80) (85) (24) (60 66) (86) (90 6 61 49 5) (51) (36 39 29) (27 17 34 10 59 45 21 99 67 48) 
91 (61 78) (90 44 94) (5 69 54 20) (66) (43) (26 4 21 75 51 97 93 15) (35 32) (59 84) (96 22 100) (41) (30 81) (89) (80) (68) (45) (24 65 1 53 73 76) 
92 (58 9) (71) (56) (83) (21) (72 13) (22) (29) (2) (23 28) (78) (62 70) (42 18 39) (85 15) (44) (98 45) (41 75 17 67 99) (31 7 6 27 61 14) (37) (94) (100) (24) (46) (65) (10 25) (60) (30) (84 68 26 86 5 47) 
93 (24) (6) (7) (40 84 92) (48 73) (68) (88) (96 21) (55) (35) (12) (57 16 34) (80) (93 90) (11) (51 85) (25) (15) (67 89 66) (61) (76) (69) (54 47 81 37 59) 
94 (30 84 67 20 16) (10 89) (100 48 59) (58 76 12) (88) (41 50 78) (73 83) (44) (90) (40 25 3 6 23 56 36) (85 53 54 42) (94 77 35) (97) (21 37 65 11 26 19 69 9) (91) 
95 (53) (88) (92 30) (74 72 9 19) (33) (26 47 34) (100) (20 35) (66 54) (11) (32) (17) (68 96 27 93) (85 59) (81 14) (91 38 97 87 84) (83) (37 42 31) (6) 
96 (29 81 91 39 42 19) (43 16 76 11) (45 49 9) (51 44) (28) (17) (99) (87) (80 98 18 58 77) (40) (35 52 57 95 1) (25 93 30 60) (62) (96) (41) (83) (56 50) (38) (90 61 3 66 67) 
97 (11 62 46) (99 30) (97 16 44) (57 83) (91 94 33 36) (7 2 19) (69) (79 84) (6 14 66 68 96 55 29 51 93 8 12 10 49) (58) (65 61 73 87 78) (71 15) (88) (39 54 81 48) 
98 (19 72) (88 32) (69) (80) (85) (95 100 57) (79) (20 96) (55) (51) (4 1) (21 82 34 31 87 99) (71) (33) (94 56 6 9 89 40 93) (73) (13) (65 22) 
99 (31) (74) (40 75) (28) (52 43) (27 56) (100) (21) (69) (9) (2 54 49 76) (42) (5 81) (68) (22) (86 50 61 63) (78) (17) (39) (95) (57) (45) (32) (4) (91 13 3) 
100 (13) (93) (75) (88) (8) (5 33) (41 42 19) (3) (32) (50) (64) (95) (2 96 7) (85) (84) (15) (80) (40 48 67 92 76 31 49) (65) (53 54 61) (26) (34) (97) (63) (55 100) (59 28) (72 70 62) 
1 (83) (24) (98) (22) (13) (78) (50) (87) (96) (53) (18) (10) (26) (25) (4) (3) (8) (75) (68) (49) (14) (51) (47) (39) (1) (54) (70) (5) (80 91 41) (37 74) (11 35) 
2 (40) (5) (59) (87) (73) (84) (23) (41) (15) (24) (85) (38) (36) (17) (37) (76) (100) (46) (97) (45) (21) (83) (4) (8) (9) (44) (58) (19) (70) (92) (99) (20) (80) 
3 (14) (89) (19) (87) (9) (99) (70) (7) (76) (31) (64) (55) (13) (94) (28) (11) (33) (66) (68) (8) (23) (56) (54) (38) (71) (81) (40) (63) (29) (100) (41) (10) (96 24 42 74 27 39 3) 
4 (25) (27) (82) (77) (9) (15) (16) (32) (62) (30) (65) (47) (38) (44) (55) (84) (21) (17) (60) (41) (7) (45) (79) (53) (40) (24) (12) (64) (87) (56) (98) (26) (89 42) (68 20 91 13 99 1) 
5 (63) (25) (78) (38) (54) (86) (99) (81) (80) (29) (88) (85) (12) (33) (65) (66) (61) (57) (24) (64) (23) (90) (20) (48) (1) (53) (37) (91) (39) (44) (84) (18) (100) (31) (45 40 2) (47 43 16 82) (92) 
6 (94) (98) (74) (90) (26) (69) (88) (5) (38) (24) (92) (10) (60) (87) (8) (71) (52) (80) (58) (68) (78) (89) (97) (27) (36) (23) (47) (13) (29) (3) (79) (73) (72) (84) (93) (46) (34 95 14) (11 70) 
7 (88) (47) (13) (14) (28) (68) (19) (97) (4) (40) (1) (77) (62) (35) (86) (76) (43) (26) (25) (6) (87) (32) (49) (15) (61) (93) (39) (3) (22) (11) (54) (37) (100) (23) (65) (50) (55) (92) 
8 (16) (97) (5) (66) (34) (4) (76) (21) (73) (72) (13) (75) (2) (15) (12) (48) (45) (100) (47) (69) (36) (46) (3) (9) (6) (64) (87) (26) (40) (33) (85) (42) (78) (82) (11) (55) 
9 (29) (16) (78) (98) (48) (47) (85) (69) (95) (31) (3) (96) (45) (19) (92) (20) (74) (21) (35) (50) (54) (32) (30) (6) (25) (12) (49) (70) (18) (34) (58) (61) (51) (99) (44) (56) (94) (62 75) 
10 (87) (92) (55) (61) (60) (28) (94) (24) (8) (46) (49) (27) (53) (14) (62) (82) (32) (2) (54) (38) (42) (64) (16) (19) (43) (97) (21) (50) (15) (88) (90) (44) (59) (86) (76) (78) 
11 (12) (84) (16) (96) (88) (56) (97) (53) (34) (20) (10) (33) (41) (36) (52) (94) (31) (59) (11) (64) (47) (93) (18) (60) (87) (82) (72) (89) (61) (21) (95) (23) (22) (24) (15) (43) (32) 
12 (12) (93) (14) (55) (83) (16) (69) (10) (77) (4) (29) (94) (36) (30) (28) (75) (47) (58) (25) (86) (72) (80) (88) (37) (65) (44) (17) (35) (84) (85) (52) (62) (39) (50) (68) (38) (6) (97 70) (42 34) 
13 (76) (21) (62) (98) (71) (41) (67) (64) (17) (19) (22) (79) (31) (45) (99) (43) (82) (34) (61) (92) (48) (53) (56) (3) (52) (60) (18) (100) (11) (36) (59) (9) (58) (35) (70) (2) (33) (46) (88 72) 
14 (84) (72) (47) (66) (10) (95) (61) (49) (20) (15) (12) (73) (60) (92) (77) (74) (18) (85) (59) (21) (53) (78) (52) (55) (97) (69) (42) (38) (39) (33) (65) (50) (51) (31) (63) 
15 (54) (69) (31) (72) (2) (55) (76) (93) (91) (41) (42) (13) (15) (60) (14) (61) (89) (66) (100) (87) (92) (97) (24) (51) (43) (49) (83) (16) (25) (77) (5) (73) (21) (9) (78) (3) 
16 (71) (87) (13) (8) (50) (72) (79) (32) (90) (88) (65) (63) (9) (66) (33) (47) (43) (93) (96) (4) (37) (15) (19) (21) (49) (18) (5) (67) (56) (73) (2) (31) (51) (94) (97) (45) (30) (53) (41 74) 
17 (92) (18) (71) (39) (11) (33) (6) (86) (8) (10) (14) (67) (75) (88) (25) (87) (5) (63) (17) (89) (23) (12) (56) (90) (53) (72) (82) (96) (22) (7) (99) (43) (95) (66) (59) (68) (16) (84) (1) (85 62 73 30 48) 
18 (24) (31) (37) (30) (52) (22) (70) (40) (92) (84) (66) (67) (59) (85) (28) (77) (7) (78) (10) (83) (18) (43) (62) (20) (42) (63) (60) (13) (79) (15) (64) (76) (49) (1) (47) (29) (3) (48) (25) (68 81) (73 96) 
19 (94) (43) (63) (53) (17) (98) (46) (21) (79) (41) (40) (31) (39) (56) (66) (27) (97) (73) (14) (96) (72) (85) (6) (67) (19) (86) (20) (76) (45) (88) (30) (95) (78) (100) (80) (5) (9) (22) (47) (62) (74) 
20 (73) (39) (85) (16) (72) (79) (9) (86) (27) (62) (53) (23) (77) (91) (33) (11) (56) (29) (55) (44) (84) (95) (52) (98) (66) (50) (7) (17) (28) (42) (14) (58) (46) (65) (20) (76) (57) (94) 
21 (16) (98) (46) (17) (23) (61) (80) (26) (2) (48) (92) (18) (99) (93) (28) (87) (24) (88) (75) (94) (60) (51) (31) (85) (57) (84) (8) (29) (86) (4) (91) (76) (12) (37) (90) (71) (89) (13) (35) (41) (72) 
22 (45) (25) (47) (98) (73) (55) (4) (7) (3) (1) (92) (48) (58) (41) (71) (99) (79) (13) (26) (54) (44) (53) (67) (18) (33) (12) (49) (32) (81) (17) (34) (51) (91) (64) 
23 (79) (63) (94) (46) (26) (20) (31) (69) (92) (80) (47) (66) (81) (12) (53) (51) (30) (14) (50) (9) (61) (75) (16) (84) (65) (71) (28) (59) (4) 
24 (92) (15) (18) (7) (65) (91) (6) (59) (24) (8) (83) (52) (23) (81) (33) (78) (41) (37) (53) (16) (21) (5) (47) (73) (29) (72) (19) (50) (45) (54) (44) (12) (10) (32) (55) (36) (34) (61) (93) (90) (64 89) (87) 
25 (31) (55) (25) (72) (47) (10) (54) (36) (90) (3) (28) (88) (52) (5) (77) (1) (84) (35) (39) (40) (27) (48) (15) (34) (60) (75) (93) (65) (8) (4) (69) (71) (92) (30) (6) (13) (94) (21) (7) (14) (96) 
26 (75) (2) (64) (69) (49) (80) (51) (12) (27) (52) (95) (67) (78) (84) (53) (5) (58) (91) (92) (31) (4) (33) (26) (74) (59) (100) (47) (40) (72) (21) (41) (39) (3) (8) (54) (76) (24) (15) (66) (63) (7) (94 81) 
27 (39) (99) (72) (18) (28) (92) (65) (90) (67) (64) (1) (37) (62) (38) (68) (6) (25) (95) (9) (3) (56) (10) (59) (23) (2) (7) (74) (15) (63) (73) (22) (36) (53) (55) (26) (54) (40) 
28 (70) (89) (53) (79) (92) (41) (76) (67) (46) (42) (84) (72) (99) (36) (68) (18) (5) (17) (63) (4) (3) (66) (2) (20) (100) (6) (62) (82) (48) (23) (13) (52) (49) (10) (88) (96) (43) (39) 
29 (4) (97) (15) (43) (87) (3) (33) (74) (85) (21) (47) (76) (61) (92) (62) (20) (18) (69) (22) (50) (2) (6) (54) (77) (48) (86) (83) (65) (41) (58) (79) (49) (57) (82) (55) (66) (89) (96) (90) (40) 
30 (94) (42) (37) (53) (41) (79) (48) (25) (91) (5) (10) (96) (65) (50) (67) (12) (23) (70) (38) (75) (47) (64) (81) (54) (95) (26) (92) (11) (60) (89) (9) (97) (6) (56) (34) (71) (22) (88) (27) (44) 
31 (63) (35) (58) (95) (52) (49) (84) (5) (45) (43) (70) (1) (83) (32) (92) (25) (15) (46) (47) (99) (82) (78) (16) (81) (98) (67) (17) (13) (100) (42) (88) (21) (62) (44) (14) (68) 
32 (86) (98) (57) (4) (18) (81) (50) (76) (88) (95) (36) (12) (29) (58) (66) (91) (100) (70) (55) (77) (48) (2) (84) (49) (42) (26) (85) (21) (99) (8) (5) (80) (6) (75) (65) (23) (35) (62) (74) (43) 
33 (100) (80) (70) (7) (97) (72) (43) (6) (35) (37) (33) (32) (18) (98) (51) (47) (53) (23) (13) (49) (25) (22) (63) (46) (1) (19) (95) (16) (83) 
34 (10) (15) (60) (72) (31) (43) (24) (28) (100) (25) (93) (44) (18) (26) (29) (88) (86) (35) (61) (90) (32) (98) (95) (49) (50) (7) (48) (33) (9) (36) (23) (3) (66) (40) (47) 
35 (94) (31) (93) (39) (47) (76) (91) (29) (66) (85) (28) (12) (42) (35) (63) (46) (33) (44) (50) (2) (83) (48) (3) (61) (54) (87) (11) (13) (75) (22) (15) (9) (25) (17) (45) (56) (72) (40) (81) (34) (6) (96) (68 26 95) 
36 (7) (51) (67) (31) (22) (34) (85) (47) (87) (1) (62) (19) (35) (40) (82) (94) (11) (74) (65) (12) (71) (41) (58) (89) (70) (59) (36) (37) (86) (68) (90) (8) (24) (72) (17) (50) (20) (3) (56) (97) 
37 (94) (51) (93) (79) (81) (15) (74) (40) (73) (38) (7) (68) (8) (4) (43) (48) (45) (25) (85) (69) (23) (11) (95) (26) (75) (22) (83) (55) (9) (37) (16) (3) (77) (87) (27) (92) 
38 (18) (71) (84) (76) (89) (82) (30) (81) (3) (21) (16) (20) (38) (42) (47) (95) (35) (86) (85) (78) (65) (41) (88) (4) (87) (80) (63) (68) (74) (96) (13) (50) (12) (72) (62) (17) (51) (39) (64) (31) (29) 
39 (53) (84) (32) (92) (73) (15) (59) (18) (23) (69) (99) (1) (75) (10) (6) (34) (97) (71) (70) (96) (88) (76) (31) (22) (20) (27) (11) (80) (35) (62) (12) (40) (60) (36) (45) (90) (24) (16) (25) (43) (77) (86) (14 51 8 61) 
40 (19) (57) (58) (54) (66) (40) (32) (65) (99) (98) (23) (76) (63) (16) (44) (4) (56) (67) (42) (93) (85) (62) (15) (78) (9) (53) (61) (37) (43) (94) (71) (21) (26) (77) (14) (20) (73) (96) (8) (30) (10) (86) (100) (46) 
41 (88) (66) (17) (39) (5) (22) (92) (82) (34) (30) (28) (35) (96) (76) (40) (55) (64) (18) (33) (10) (21) (74) (58) (11) (73) (59) (100) (45) (52) (12) (41) (94) (63) (32) (24) (26) (42) (54) (86) (69) (85) (83) (4) (29 87) (51) (75) (91) 
42 (94) (20) (5) (2) (99) (63) (18) (92) (23) (37) (6) (61) (82) (100) (95) (96) (55) (54) (69) (12) (65) (40) (76) (51) 
43 (89) (67) (63) (73) (30) (6) (1) (59) (38) (91) (70) (23) (84) (72) (40) (28) (16) (41) (51) (86) (83) (18) (11) (4) (62) (56) (82) (66) (99) (60) (76) (75) (96) (55) (54) (88) (33) (8) (80) (7) (20) (43) (85) (2) (77) 
44 (63) (78) (46) (91) (15) (66) (96) (92) (70) (12) (22) (7) (65) (52) (29) (74) (81) (23) (71) (48) (2) (38) (79) (59) (51) (94) (53) (42) (84) (26) (5) (39) (6) (40) (88) (19) (86) (97) (31) (76) (72) (64) 
45 (32) (79) (74) (99) (85) (96) (63) (60) (37) (91) (24) (22) (71) (19) (35) (75) (53) (15) (26) (16) (6) (88) (78) (68) (25) (5) (28) (86) (90) (81) (70) (92) (45) (34) (57) (84) (61) (18) (7) (39) (83) (44) 
46 (97) (13) (36) (41) (32) (1) (4) (47) (65) (35) (89) (92) (18) (75) (68) (7) (11) (10) (71) (77) (3) (29) (79) (38) (42) (61) (34) (84) (70) (63) (20) (72) (54) (45) (76) (16) (52) (26) (51) (57) 
47 (30) (42) (57) (82) (10) (20) (47) (84) (39) (54) (85) (93) (52) (63) (23) (56) (92) (95) (81) (38) (12) (51) (60) (70) (37) (88) (8) (13) (17) (83) (58) (6) (68) (69) (89) (45) (77) (61) (76) (48) (14) 
48 (26) (58) (89) (76) (63) (27) (97) (75) (20) (80) (12) (100) (72) (21) (4) (18) (47) (77) (42) (60) (82) (93) (3) (40) (30) (37) (79) (66) (94) (29) (45) (65) (32) (34) (39) (90) (11) (6) (71) 
49 (43) (5) (9) (54) (99) (10) (12) (22) (68) (78) (1) (3) (52) (100) (32) (18) (62) (97) (20) (69) (88) (19) (47) (96) (80) (90) (41) (36) (34) (66) (39) (29) (33) (86) (65) (77) (53) 
50 (39) (27) (47) (4) (61) (48) (9) (36) (52) (28) (1) (70) (83) (34) (37) (45) (60) (66) (46) (13) (22) (78) (44) (2) (14) (6) (88) (10) (43) (85) (62) (75) (99) (63) (49) (40) (59) (56) (41) (100) (3) (80) (94) (96) (50) 
51 (93) (8) (30) (79) (71) (98) (96) (26) (83) (77) (89) (32) (29) (50) (33) (25) (27) (36) (78) (90) (39) (49) (1) (88) (70) (64) (54) (18) (62) (91) (40) (97) (51) (41) (42) (87) (58) (19) (57) (81) (72) (17) 
52 (89) (58) (33) (61) (35) (18) (2) (72) (52) (29) (71) (85) (24) (31) (34) (64) (75) (42) (86) (8) (78) (99) (6) (84) (81) (96) (50) (20) (48) (68) (57) (13) (16) (38) (25) (40) (53) (79) 
53 (100) (47) (83) (70) (86) (30) (66) (42) (58) (69) (2) (33) (23) (15) (38) (60) (73) (95) (34) (64) (91) (21) (43) (19) (27) (77) (78) (40) (90) (46) (53) (35) (94) (52) (55) (59) 
54 (29) (99) (95) (77) (43) (39) (47) (100) (4) (97) (8) (6) (37) (49) (74) (28) (93) (42) (33) (17) (94) (55) (79) (9) (61) (21) (91) (80) (75) (36) (50) (78) (41) (68) (2) (62) (24) 
55 (93) (50) (62) (1) (100) (58) (34) (10) (19) (98) (21) (4) (65) (43) (80) (51) (79) (77) (76) (59) (22) (64) (29) (49) (55) (27) (7) (97) (48) (12) (25) (88) (3) (45) (37) (53) (6) (18) (16) (66) 
56 (5) (37) (21) (30) (79) (86) (98) (33) (64) (1) (61) (84) (65) (69) (67) (47) (9) (71) (44) (27) (62) (6) (83) (68) (39) (23) (77) (45) (96) (94) (81) (99) (60) (75) (92) (38) (18) (46) (11) (49) (24) (43) (20) (59) 
57 (6) (65) (99) (96) (69) (89) (21) (58) (81) (61) (26) (34) (7) (41) (60) (53) (85) (18) (1) (57) (3) (98) (31) (56) (97) (72) (29) (75) (86) (62) (76) (10) (84) (45) (40) (93) (48) (52) 
58 (35) (7) (25) (92) (30) (23) (61) (90) (82) (10) (52) (49) (46) (34) (65) (68) (44) (45) (73) (26) (28) (97) (43) (20) (32) (70) (51) (89) (88) (96) (3) (63) (55) (78) (36) (1) (94) (79) (8) (13) 
59 (24) (82) (60) (64) (58) (76) (38) (11) (2) (91) (100) (28) (94) (57) (50) (95) (33) (73) (51) (72) (43) (81) (85) (52) (37) (20) (75) (93) (61) (86) (13) (66) (19) (27) (90) (69) (46) 
60 (48) (26) (57) (71) (36) (11) (78) (89) (25) (47) (41) (42) (92) (90) (20) (3) (58) (53) (96) (55) (76) (32) (88) (52) (56) (21) (43) (85) (77) (15) (66) (34) (31) (59) (82) (69) (7) 
61 (8) (93) (90) (30) (86) (99) (13) (84) (68) (23) (59) (4) (38) (55) (25) (22) (57) (74) (26) (81) (83) (96) (78) (29) (11) (91) (56) (92) (36) (69) (58) (52) (97) (32) (17) (82) (16) (85) (34) (33) (31) (28) (43) (100) (27) (73) (42 46) 
62 (92) (58) (79) (7) (33) (45) (64) (97) (35) (22) (39) (38) (57) (75) (55) (28) (37) (8) (1) (26) (24) (56) (83) (13) (62) (100) (63) (69) (6) (61) (67) (70) (73) (71) (41) (85) (16) (42) (96) (89) 
63 (23) (64) (32) (48) (72) (41) (71) (86) (13) (87) (55) (99) (3) (66) (43) (46) (62) (68) (9) (52) (7) (65) (4) (81) (84) (25) (49) (54) (100) (44) (36) (75) (42) (6) (85) (60) (69) (59) (16) (70) (82) (53) (51) (33) (8) (20) (15 63) (22) 
64 (15) (12) (53) (47) (68) (7) (39) (85) (73) (20) (58) (24) (18) (100) (13) (36) (71) (41) (78) (6) (3) (87) (77) (28) (5) (8) (64) (31) (62) (10) (80) (22) (86) (76) (89) (52) (23) (56) (30) (32) (50) 
65 (9) (28) (29) (42) (41) (92) (87) (7) (14) (46) (100) (86) (55) (98) (25) (48) (33) (21) (89) (63) (72) (16) (82) (84) (97) (91) (44) (2) (24) (59) (77) (94) (45) (32) (36) (60) (35) (70) 
66 (30) (66) (10) (88) (5) (64) (13) (38) (57) (43) (91) (1) (55) (9) (18) (33) (97) (77) (12) (93) (4) (32) (49) (79) (3) (19) (68) (90) (60) (59) (22) (76) (69) (75) (35) (96) (23) (95) (62) (83) (44) (51) (2) 
67 (50) (43) (96) (57) (4) (9) (94) (20) (71) (49) (14) (3) (89) (53) (25) (38) (100) (84) (92) (67) (77) (6) (39) (61) (54) (87) (44) (36) (75) (70) (93) (73) (5) (66) (24) (55) (30) (72) (62) (90) (11) 
68 (79) (52) (11) (28) (33) (97) (6) (43) (51) (18) (91) (69) (54) (64) (31) (71) (92) (7) (62) (16) (61) (86) (19) (93) (41) (25) (20) (9) (34) (68) (70) (45) (15) (5) (80) (47) (95) (81) (40) (72) (13) (57) (24) (59) (99) 
69 (29) (94) (8) (15) (82) (36) (54) (4) (68) (47) (73) (89) (13) (33) (97) (37) (51) (1) (21) (80) (72) (34) (98) (63) (42) (30) (18) (40) (27) (16) (41) (85) (93) (99) (66) (79) (14) (84) (91) (5) (76) (32) 
70 (21) (36) (56) (46) (54) (35) (27) (5) (32) (47) (10) (45) (19) (83) (76) (17) (15) (92) (14) (100) (70) (26) (31) (53) (63) (2) (11) (51) (9) (8) (62) (55) (82) (73) (64) (74) (58) (3) (71) (12) (89) (43) (13) (23) 
71 (45) (75) (29) (62) (44) (40) (35) (22) (39) (78) (98) (33) (38) (89) (88) (81) (83) (19) (6) (1) (51) (48) (61) (23) (69) (13) (54) (32) (92) (20) (49) (9) (70) (77) (97) (50) (27) (26) (52) (76) (30) (46) 
72 (39) (6) (43) (18) (81) (67) (25) (76) (55) (65) (74) (64) (69) (49) (47) (85) (80) (31) (92) (21) (40) (87) (51) (20) (12) (9) (2) (33) (95) (15) (19) (27) (98) (73) (44) (3) (5) (17) (100) 
73 (94) (66) (6) (91) (55) (98) (76) (93) (88) (62) (85) (86) (82) (57) (53) (77) (2) (80) (22) (34) (9) (35) (25) (19) (36) (78) (49) (52) (20) (26) (97) (33) (42) (1) (83) (70) (68) (10) (44) (73) (74) 
74 (42) (86) (36) (3) (82) (68) (8) (72) (39) (38) (53) (15) (49) (71) (87) (95) (16) (70) (20) (54) (28) (7) (10) (13) (84) (51) (44) (4) (99) (76) (89) (79) (73) (26) 
75 (79) (11) (30) (41) (9) (31) (25) (13) (5) (76) (99) (43) (26) (21) (88) (92) (68) (16) (45) (58) (65) (48) (37) (59) (91) (17) (39) (2) (83) (52) (8) (67) (100) (10) 
76 (28) (50) (33) (86) (64) (45) (41) (81) (91) (27) (34) (58) (22) (61) (8) (5) (85) (83) (74) (17) (36) (75) (96) (43) (78) (23) (100) (15) (3) (94) (62) (40) (46) (67) (57) (93) (53) (99) (42) (47) (82) 
77 (96) (94) (75) (73) (55) (37) (28) (85) (34) (17) (71) (66) (6) (24) (5) (89) (12) (20) (87) (41) (7) (22) (33) (79) (67) (62) (19) (78) (2) (51) (14) (86) 
78 (13) (57) (46) (29) (34) (9) (87) (23) (77) (1) (20) (94) (15) (74) (84) (43) (21) (6) (4) (99) (86) (92) (26) (97) (63) (91) (22) (66) (50) (35) (81) (79) (39) (30) (53) 
79 (97) (83) (39) (73) (64) (60) (85) (18) (26) (49) (10) (69) (27) (45) (15) (80) (20) (61) (36) (2) (24) (56) (42) (7) (16) (82) (51) (23) (33) (4) (98) (87) (22) (41) (66) (12) (29) (63) (84) (38) (78) (77) (47) (34) (50) 
80 (88) (52) (51) (5) (3) (96) (60) (93) (34) (33) (28) (74) (38) (56) (91) (42) (77) (25) (65) (53) (73) (90) (89) (98) (16) (55) (43) (26) (58) (83) (47) (30) (23) (71) (63) (100) (20) (85) (32) (81) 
81 (99) (91) (13) (36) (69) (24) (56) (19) (23) (70) (41) (75) (37) (38) (93) (96) (97) (87) (3) (18) (81) (77) (55) (66) (42) (28) (59) (49) (79) (2) (63) (31) (95) (82) (47) (26) (6) (30) (34) (48) 
82 (19) (34) (98) (22) (41) (55) (18) (10) (81) (53) (86) (83) (35) (40) (77) (43) (6) (71) (56) (63) (78) (39) (5) (14) (12) (15) (32) (2) (72) (64) (17) (76) (21) (29) (73) (48) (36) 
83 (46) (9) (71) (53) (27) (64) (38) (23) (70) (7) (34) (16) (3) (5) (40) (80) (47) (66) (94) (76) (96) (74) (97) (6) (87) (67) (2) (19) (4) (72) (95) (79) (58) (84) (61) (30) (57) (92) (24) (68) (59) (78) (41) 
84 (77) (86) (21) (92) (46) (94) (74) (33) (8) (44) (22) (81) (16) (51) (17) (100) (53) (89) (28) (87) (72) (59) (93) (68) (48) (38) (41) (63) (36) (70) (26) (27) (88) (83) (30) (5) (13) (47) (78) (25) (97) (91) (32) (90) (14) (79) (95) 
85 (46) (71) (78) (40) (52) (16) (98) (61) (29) (100) (95) (93) (88) (94) (81) (84) (32) (56) (90) (50) (72) (20) (9) (76) (83) (60) (59) (49) (77) (30) (54) (12) (92) (10) (53) (43) (7) (23) (69) (3) (26) (1) (45) (37) 
86 (99) (85) (57) (86) (58) (32) (1) (77) (40) (47) (31) (54) (73) (63) (89) (12) (2) (87) (74) (90) (25) (17) (46) (84) (16) (62) (23) (13) (36) (11) (4) (49) (72) (22) (38) (20) (37) (27) (66) (8) (92) (35) (79) 
87 (47) (15) (73) (63) (39) (66) (69) (38) (97) (21) (42) (96) (98) (55) (8) (3) (29) (57) (48) (67) (86) (71) (16) (80) (10) (5) (20) (65) (1) (32) (44) (82) (85) (19) (74) (13) (11) (95) (34) (52) (18) (72) (81) 
88 (89) (80) (45) (7) (30) (5) (16) (82) (27) (59) (47) (21) (19) (29) (54) (33) (3) (1) (88) (66) (70) (72) (40) (100) (65) (26) (95) (31) (44) (94) (22) (42) (98) (93) (34) (62) (11) (71) (97) (36) (69) 
89 (49) (31) (53) (94) (20) (29) (38) (59) (25) (15) (40) (89) (93) (17) (71) (79) (98) (6) (3) (83) (2) (51) (26) (80) (61) (45) (16) (43) (14) (77) (37) (21) (69) (42) (28) (91) (46) (56) (68) (85) (66) (30) 
90 (66) (89) (48) (46) (76) (63) (28) (68) (94) (18) (32) (49) (12) (13) (42) (90) (91) (20) (96) (5) (58) (15) (3) (83) (43) (16) (55) (29) (2) (73) (62) (56) (52) (33) (27) (51) (93) 
91 (76) (5) (25) (24) (97) (66) (26) (96) (11) (90) (10) (69) (35) (84) (27) (60) (95) (49) (21) (68) (86) (1) (94) (7) (2) (99) (48) (78) (50) (56) (29) (79) (43) (42) (41) (82) (31) (63) (8) (67) 
92 (19) (95) (8) (54) (50) (82) (72) (75) (30) (85) (40) (47) (59) (81) (4) (45) (41) (93) (60) (7) (56) (14) (35) (80) (62) (36) (16) (63) (57) (17) (15) (20) (100) (9) (51) (71) (44) (49) (89) (25) (73) (22) (76) 
93 (57) (82) (29) (49) (10) (47) (91) (64) (11) (8) (95) (53) (2) (80) (16) (74) (59) (41) (36) (3) (78) (97) (7) (87) (40) (60) (48) (24) (23) (98) (17) (44) (77) (100) (28) (75) (93) (84) (33) (19) (71) (26) (65) (90) (13) (96) 
94 (91) (92) (15) (1) (62) (78) (21) (70) (94) (43) (97) (65) (48) (3) (90) (46) (73) (75) (18) (87) (47) (14) (8) (63) (26) (20) (98) (49) (41) (54) 
95 (35) (100) (54) (81) (15) (23) (19) (29) (70) (14) (69) (62) (77) (73) (87) (33) (8) (98) (53) (86) (96) (17) (76) (57) (83) (58) (40) (64) (99) (10) (24) (65) (22) (79) (90) (55) (47) 
96 (9) (13) (17) (77) (12) (45) (72) (100) (79) (21) (47) (28) (40) (22) (91) (55) (95) (20) (75) (64) (88) (98) (97) (39) (43) (83) (93) (15) (96) (26) (29) (10) (32) (30) (25) 
97 (95) (88) (46) (40) (94) (61) (36) (37) (60) (63) (97) (30) (13) (18) (79) (50) (7) (22) (21) (20) (6) (9) (100) (56) (73) (4) (66) (91) (39) (32) (82) (16) (70) (24) (41) (84) (15) (27) (17) (74) (38) (53) (80) (72) (58) 
98 (6) (17) (87) (24) (15) (11) (75) (67) (51) (60) (40) (44) (27) (2) (25) (28) (45) (83) (63) (82) (9) (62) (43) (68) (10) (96) (88) (92) (71) (49) (35) (89) (39) (65) (29) (58) (59) (12) (64) (46) (1) (20) (4) 
99 (61) (81) (7) (43) (42) (68) (67) (52) (27) (85) (4) (22) (97) (14) (77) (28) (73) (1) (89) (60) (57) (48) (96) (63) (92) (58) (11) (69) (98) (65) (36) (37) (87) (70) (72) (90) (86) (76) 
100 (25) (21) (79) (94) (72) (92) (91) (98) (85) (95) (67) (39) (9) (34) (45) (4) (19) (100) (58) (31) (52) (15) (37) (99) (33) (68) (18) (24) (55) (49) (22) (70) (32) (87) 
