0
100
100
1 (88 81 69) (64 63 79) (49 18 68) (74) (38) (72) (75) (71 6 66 24 17 60 9) (89 45 31 83 82 26 90) (19 33 21 78) (92 61 94 22 59 14 27 1 41) (13 12) (76) (53) (58) (29 93) (97 95) (55) (35) (34 99 91) (70 30) (36 62 100 7) (25 10 11) (87 57 3) (96 23 65 15 80 86 42 77 43 37 40 47) 
2 (25 3 69) (11) (100 78) (15) (89 8) (9 82) (33 53 28) (36 31 93 85 50 19 4 38) (68 64 55) (42) (71 99) (30) (77 24 34) (23 44) (37) (56 14) (87) (57) (22 95 72 90 92 6 10 2 7) (39 21) (98) (96 35) (52) (43 88 76 91) (17 49 1) (26) (97) (40 16 32 51) (84) (59 61 54 5) (27) (73) (12 94) (65 75) (79 29) (80 47 58 67) (62) 
3 (67 88 18) (22 6 7 9 72 46 93) (34 96 51) (81) (83) (23) (37) (20 74 29) (60 35) (2 28 91) (65) (77 26 5 50) (1 31 45 13 90 3) (58) (33 95) (64 89) (12 55) (99) (68 24 16 36 76 41 69) (71) (10) (4 32) (80) (44 43) (21 85) (66 86 8 70 75 40 15) (52) (25 49) (39 53 82 27) (59) (38) (98 94 57) (87) (42) (47 92) (11 14) 
4 (20 1 63 65) (58) (39) (60 32 31) (42 64 19) (8) (73) (83) (11 85) (67 30 26) (61 89) (92 91 3) (10 81 88 27 76 84) (98) (5 9 14) (6 47 77) (34 28) (72) (12 46 15) (70) (96) (80 93 37 49 52 16) (56) (90) (22 40) (100 74 33) (69 36 24) (13) (7) (95 57 35 66) (59) (82 45 17 79 97 94 53) (29) 
5 (79) (83 75 82) (8 28 72 39 78 97) (87) (84) (1 77) (12 61 37 80 19) (56 22 85 93 4 2 91 66 35 17 25) (53 45) (73 40) (57 64) (33 41 90) (34) (13 99 46 44) (31) (98) (51 32 76 88) (65) (59 14 38) (24 20 11 71) (86) (16) (94 81) (23 29) (55 100) (48 68) (47) (18 58 5 10 15 63 95 3 27 54 62 92) (21) 
6 (51 44 29 49) (40 88 75 43 62) (30) (36 83 94 84) (6 98) (61 2) (79 65) (72) (45) (58) (92 63 91) (96 22 20 87) (69 47 31 11 78) (93 41) (57 34 23) (7) (28 82 56 12 17) (18 80 21) (52 32) (100) (8) (85 97 54) (13) (39) (9 19) (53 46) (50) (76 81 67 48) (64) (24 15 1 10) (59) (16 37) (70 95) 
7 (75) (27 72 47 2 91) (30) (34 86) (7) (40 3) (60 59) (41 48) (46 85) (20 8 81 24 64) (66 45 29 10) (23) (61) (5 16 22 28) (68 80 84 67 54) (25) (79) (52 37 83 56 53) (90 17) (19 18 99) (78) (4 92) (21 43 49) (69) (87 9) (74) (42 11 57) (1 88) (100 71 63 44 62) (12 77 55) (50 65 93) (39 70) 
8 (9) (7) (34) (63) (31 75 40 89) (65) (27 56 39) (1 15) (8) (60 78 95) (66 3 33) (57 77 94) (42 47 68 18) (19) (38) (100 6 86) (55) (41) (32 16 26 85 30) (35 84) (20) (80) (64 43) (23 93) (10 67) (59) (72 70) (54 25) (74 13 71) (46) (90 52) (61 24 62) (4 99) (12) (81) (21 92 82 28 5 69 73 37 14 22 11 29 49) (17 98) 
9 (30 56 82) (15) (62 78) (66 69 34) (88 29 11 48 14 75 94 32 87 91) (36 79 5 3 41) (83 21 42 19 25 38) (74 43 18 97 93 73) (7) (44 26 31) (37 33) (24 98) (60 20) (9) (27 10) (51 45 39) (4) (22) (90) (92) (99 96 8) (71 67) (23) (68) (28 13) (35) (1 49 17) (76 85) (59 47 84 86) (70) (81 95) 
10 (71) (100 17 40 59) (36) (81) (14 92 61 94 38) (74 2 52) (75 16) (90) (3 11 5 19 54 20 64) (70) (45 33) (24 68 34 26) (95 63) (6 73) (62 65 67 23) (87) (49) (41 57) (84) (85 29) (99) (50) (77 60 12 32 96 47 80 37 30 91 18 76) (39) (48) (22) (8 15) (55 66 31) (21 7) (93) (10) (51 28 72) (58 46 89 4) 
11 (29 72) (7) (49 33 56) (16) (10 30) (4) (62) (80 18 75 35 34 26 77 86 66 60) (73 76 95 9) (94) (58 57 1) (83 15) (71) (63 46) (81 51) (53) (3 31 25) (52 45 42 89 97 5 28) (23 61 14 40 84 2) (24) (38 78 20) (65) (79 69) (50) (8 91) (48 37 21 36) (54) (32 98 74) (87 11) (17) (85) (39 12) 
12 (72 60 80 62) (69 47) (48) (68 82) (20) (3 74) (27) (1 67 53) (41 52 10) (25 64 57 34 26) (33 8) (50 5) (49) (14) (4 38 19 24) (77 12 46 56 31) (23 73) (90 54 51) (63 61 59) (45 21 70) (66 99 98 2 93 78) (87 83) (75 71) (28) (43 22) (55) (58) (91) (94 30) (42 88 95) (39) (92) (97) (17 6) (85) (79 40 13 89 16 18) 
13 (64 56 73) (89) (8) (10 29 84) (18 22 86) (77) (63) (14 97 67) (6 60 2) (50 13 79) (27 47) (37 57 65 35 98 31) (100 76 78 41 7 43 71 62) (48) (11) (24) (33) (5 59 23) (82) (3 49) (36) (30 44 88 21 26 52) (85 61) (90) (80) (99 72 69 53) (96) (32 54) (40 46) (94) (92 70) (19 55 34 28 4 81) (39) (9) 
14 (21 17 12 10 71 39 32) (89) (86) (72) (67 9) (96) (62) (27 45 8 87 77) (28 54 22 30 61) (65) (36) (92) (41 91 18 20 83) (58 85 52) (33 44 40) (42) (93 34 38 100 23 26) (73 48) (64) (51 69 57) (1 80) (99 82 7) (55 97) (49 31 43) (24 35) (16 70 53) (5 94) (50 78 68 66 74) (3) (29) (88) (63) 
15 (56 27) (17) (21) (31 6) (23) (45 73 67 76 88 55 96) (85) (40) (33 65 57 68 37 3 69) (2) (50 46) (78 5 43 91 39 59) (74 32) (35) (28) (12) (30 77 83) (42 75) (81) (87) (8 80 92) (60 100 16) (63) (7 95 24) (62 70 64) (89 48 61) (52 90 66 14) (26 10) (93 97 38) (25) (11) (1) (47) (22 99 51 79 34) (72 9 86 19) (94) (71 15) 
16 (55) (9 33) (26) (88) (60) (36 73 82 46) (50) (45) (11) (35) (79) (74) (80 71 10) (77) (25 40) (62 53) (48) (16) (76 87 38 14) (5 68 29) (65) (28) (2 41 97) (96 86) (23 92 7) (90) (84) (81) (100) (12 30 99 42) (51 3 27 17 37 94 43 58 70 22) (39 64 67) (85 15) (1) (20) (75 83) (93 44) (59) (69) (95 66 32 4) (31 54 24 89) (19) 
17 (27 76 32 42 30) (98) (15) (5 7 89 94 92 11 20 13) (63 57 86 64 74) (88) (82) (96 69) (33) (60 22) (43) (31) (67 19 36 72) (70) (87 58 66 77) (24) (37) (84) (100) (21) (34) (68 25 41 40) (48 9) (29 26) (52 10) (55) (56 53 50 81 1 65) (78 79) (90 4) (2 47 71) (28 39) (91) (61 59) (83 97 17) (12) 
18 (92 50 57) (18 94 38) (43 52) (31 42) (39 60 28 24 62 80 16 9) (26 19) (69) (66 30 84) (93) (49 81 25) (91 65 34 86 14 99 13) (72 17) (85) (75 98) (63 27) (11 22) (76 83 95 70 56) (55 12 51) (79 20) (23) (59 44 68 21 88 1 4 7 82 6 71 46 89 32 47) (58) (2) (61) (97 41) (96) (15 48) (37 73 3 74 100) (77) (33 90) (87) 
19 (19 48 60 16 92 32 93 26 59) (27) (86) (88 40 15 61 46) (20 45 10) (1 84 9 79 2 7) (33) (14) (66 50 62 70 3 91 67 72 30 36) (89) (52 29) (11) (83) (39) (24 5) (65 78 82 37) (99 56) (81 97) (25 54) (51) (6 35 4 8 69) (75 31) (23) (55 85 44) (34) (87) (80) (12) (74 73) (98 53) (90 71 68 18 49) (58) (43) (41 22) 
20 (31 12 71) (41) (63) (47 96 11) (55 17) (77) (72 69 10 1 60 21) (51 98 3) (8) (37) (15) (94 84 67 44 99) (88) (57 49 16) (83) (22 26 100 13 2 97) (38 75) (53) (86 43 48 34) (80 82) (14) (35) (93 87 30 25) (18) (39 19 92) (78 42 29) (66 33) (6 58) (20 24 74) (27 90 32 85) (62) (54 45) (59 52) (23) 
21 (66 19) (6 95 37 13) (81) (10) (85) (44 87) (74 78 100 34 92 55 54) (75) (41 21 58) (59) (63 9) (56) (68 65) (14) (51 45 82) (3) (73) (27 93 32 99) (47 16) (91 33) (97 26 8 96 89 24) (70) (2 42 7 53) (77) (48) (23 71 50 61) (18 5) (86) (17 62 67 4 46 49) (60 69 25 30 1 11 43) (38) (29 76) (40 83 88) (57) 
22 (89 8 12) (94) (13) (62) (38 66 29) (47 92 45 49 32 74) (80) (79 99 54 14) (4) (73 93) (86 5 52) (23) (1) (27 20 97 70 95 10 55 41 11 48 9) (85 60 68 81) (100 7) (3 56) (6 25 37 50 15) (90 2 83) (58 16 43 26) (53 17) (76 77) (18 57 59) (72 33) (98) (19) (67) (46 61 88 24 21 69) (34) 
23 (32) (1 92) (7 49 29) (60 12 72 95 56) (76 16 51 24 61 74) (71 17 85 10) (55 27) (48 34 41 79) (23) (5 67 63 14 4) (81 69 83 47 73 11 33) (62 99 89) (82 13) (70 31) (88 40 18 52) (38 45 98 42) (97 2) (43 25 54 91) (80 30) (39 19) (3 57) (35 66 93 8 58 68 94 50 22 44) (21) (9) 
24 (86 56) (81 38) (37 83 75 89 67 31 57 39) (26 4) (34 60) (87 93 64 45) (70) (6) (62 16) (44 32 53) (77 36) (18 69) (13 40) (14) (63 92) (96 61 33 73) (99 91 15 2 98) (51) (48 30 11) (66 10) (95 82 7 59 71) (76 50 46 68) (35) (47) (94) (97) (12) (52 27 23 54) (100 49 3) (88) (72) (5 22) (24 21 9) 
25 (65 34 63 99 93) (55 83 75) (21 8) (61 23) (17 4) (48 41) (39 46 5) (26 87) (43 92 38) (12) (98 9) (10 94 42) (70 79 20 91 18 32) (52 74 82 7 51 44 76 2 29) (69) (54 25) (11 3) (80 100) (45 22 47) (37 59) (19 50 77 81 15) (58 66) (62 13 84) (95 36 53) (68 86) (88) (30) (89) (90) (67 27) (28 49 1) (14) 
26 (84 76) (3 5) (81 94) (7 8 95) (64 91 73) (79) (86 61 52 2 19) (59 99 50 36) (55) (24 12) (42 98) (54) (22 56) (75 28 38 16 39) (25 40 15 92) (30) (68 48 72 93 26 34 71) (47 13 33) (17) (58 96) (65) (60) (11 1 32 20 46) (66 9) (97 70 88 74 83) (10 82 6) (53) (49) (87) (18) (41 90 4) (85) (51) (27) (29 31 77) 
27 (94) (38 65 66 91 70 57 48) (61 96 69) (28) (14 80 34) (83 73) (60 40 29) (79) (17 58) (63 90 30 56) (32 74 2 99) (12) (19) (86 52) (5 16 23) (49 18 98 78 4 31 44) (8) (68 21 53 97 72 84) (100) (43) (42 45 55 39) (20 7) (47 71 41 88) (93 67 92) (36 50 76 13 95) (6 85) (25 15 64 10) 
28 (73 37) (80 60) (66) (7) (40 71 36 72) (53) (92) (47 64) (15) (83 6 89) (11 58 30) (9 74 16 48 45 29 55 41 5) (19 57 70) (68) (21 99 2) (35 1 56) (33 20 87 13) (31 54 44 85) (51 79 39) (63 23 77) (94) (14 52) (96 38 98 17) (24 95 10 34 12) (61 62 91 84 28) (25 18 93) (78) (32 75) (4 100 43) (59) (42 46) 
29 (29 31 75 71 64 2 79 26) (32 99) (68 14 76) (93) (43 7 4 61 28) (63) (16) (74) (36 98 83) (49) (13 73 10 94 56 85) (3 9 19) (80 27 65) (69 66) (48 90 20 15) (42 12 89 67 45 58 17) (24) (8) (47 44) (57) (53) (82 81) (46) (51 91 22 97) (38 78 84) (60 18 96 95) (37 50 59) (5) (21) 
30 (7 59) (88 69) (97) (96 26 77) (65 20) (92) (62 66) (91 86 6) (13) (52) (25 67) (8 63) (72) (50) (39 48) (36 61 16 84 21 35 54 74 82) (5) (31 73 45 75 83 64 94) (42) (4 85 11 98) (37 32) (47 100) (29 55) (19) (71) (76 70 89) (53) (3) (60) (46) (41 57) (38 28) (51 30 44 56 90 33) (24 22 14 95) (81) (12) (99) (87 1 93) 
31 (90 32 86 84) (48) (62) (60 63 80 34) (10 37) (22 92) (83) (41 27 42 69) (25 43 39 31 53) (85 77) (98 58 16 38) (88 82) (24) (18 19 95) (23 52 47 29) (87 79 51 30) (4 99 68) (71 6 3 57 20) (73 78 5 50) (11) (70) (15 46) (36) (74 67 61) (8) (91 49 64 2) (1 12 66) (7 89) (44 21) 
32 (28 66 64 19 93) (41) (54 45) (7 37 94 9) (34 74) (60) (30) (44 51) (22) (18) (89 92 98 12 4 26 88) (33) (62) (16 20) (35 87 13 70 67) (21 25 46) (40) (77 57 79 81) (76) (59 5 50 31 99) (90) (80) (53 1 71) (83) (27 17 75) (52 85 68) (38) (32) (96 95 11 10 42 49) (69 14 55 23 61) 
33 (12) (69) (37) (63) (29) (98 87 57) (80 18) (28 49 59 76) (55) (31 78) (14 46 64) (15 22) (11 16) (2) (41 91) (65) (9 92) (97) (72) (86) (99 33) (67 23 44 40 52) (88 96 26 19 25) (10) (100 45 90) (21 70) (30 68) (20) (27 8) (61) (89) (62) (43) (56) (94 48) (73 66) (60 51) (95) (58 34 5 42) (24 54 3 39 75 7 4) 
34 (86 23 28 50 2 16) (73) (82 61 25 37 72) (39 26 14 97) (20 90) (93 60 79 56 64) (70 31) (88) (8 44 87 15 38 17 35) (54 3 18 83) (7 85 68 47 30) (49 32 89) (69) (57) (80 67 4) (59) (36) (62 46 10) (13 29 63 51 11 27 6) (94) (19) (53 52) (24 98) (65) (100 43 48 40) 
35 (35 15) (91) (41) (88 100) (24) (25) (99) (29 51) (59 4) (33) (10 73 66 47 94 26 95 67 21 18) (56) (86) (23 48 38 58) (93 14 45 76 34 61) (79) (30 28 98) (82) (31) (83) (22 71 3) (36) (43 78) (40 64) (20 53 32 19 77) (84 7 27) (63 12) (81 50 1 6 54) (97 52 49 68 74) (55 2) (37) 
36 (42) (21 47 78 2) (19) (96) (74) (84 99 55 60 45 57) (80) (62 67) (8 23) (43) (17) (4) (39) (75 46) (38 48 10 53 11 89 58) (52) (40) (88 16) (54 91 81 87 56 25) (79 86 71 5 65 85) (70 61) (27 36 64) (15 20 9 66) (93) (90 50 98 3 6 97 100 95 69 13 18) (76) (22) 
37 (50) (69) (61 24) (97) (70) (85) (47 4 41 39) (44) (18 46 99 53 78) (30) (28 64 87 5) (71) (37 2) (83 74 76 14 67) (31 81) (11 62) (20 3) (19 51) (32) (52) (13) (89) (86) (68 23 17) (48) (35 49 36 77 55 84 9 59) (94 45 72) (57 34 95 96 91) (26) (40) (88) (90 27) (100) (75 43) (6) (80 21) (60) (92 82) (93 22 1 29) (10) (66) 
38 (69 44 89 33 47) (91 73) (75 24 16) (9 77 57) (25 34) (32) (83) (15 48 20) (12) (58 19 66 35) (40) (78 23) (43 92 56) (65 72 8 52 36 67) (46) (98 82) (63 29) (59 55 60 27 50 39 86) (11 70 99 74 87 3 17 64) (81 76 18) (7 94 2 6) (1) (14 26) (96 53 38) (45) (42 28 84 22 4) 
39 (69) (93 46 64 27 11) (54 94 48 44) (91 20 81 19 82 73 29) (87) (70) (35 22 1) (79 85 18 72) (7 3) (97 5) (86 30 13 100 84 41) (21) (55 12) (76) (66) (51) (10) (37) (96) (23) (36 39) (49) (32 14 60) (67 74) (71 6 2) (61) (88 4 16 57 63 8 56 78) (25) (17 89) (26 28 68 77 47 34 40 95 75 59 15) 
40 (39) (32 41 70 73) (24 30 26 35 59) (69 54) (57 51) (8 63 18) (15 38) (16) (94) (14) (29) (7 72) (96 84) (60 23 21 3) (87 42) (75 76 25) (65 88) (93) (67 95 68) (83) (22) (52) (90) (55) (9) (34 91 100 4) (19 28 6 71) (61) (81) (40 46 97) (66) (20) (49 27 1) (62 58) (13 92 80 31 33) (10 5) 
41 (58 87) (50) (30 48 49 52 32) (44 31 95) (15 24 23 13 38 80) (59 76) (93 7) (47 89 43) (68 65 61) (28 92 5 56 98 2 41) (16 22 42 36 82 70 63) (39 64 83 11) (69) (77) (66 8) (78 9) (1) (33 74) (25) (45 97) (20 12 53 84) (3 46) (17 85 27 86) (19 40 54) (18) (75) (37) (21 79 72) (4) (51) 
42 (67 72) (48 22) (90 93 78) (81 41 28 40) (64) (95 82 29 36 80) (24 89) (17 26 11) (53 92) (55 63) (14) (84) (31) (42 15 100) (9 34 70) (58) (96) (19 33) (39 62 56) (68 99 61 21) (51 10 75 97) (73 20) (91 37 30 66 65) (13 85 27) (2) (87) (1) (79 98 23 43 12) (18 32) (38 76) (7 4 8) (52 50 3 86 77) (47) (5) 
43 (26 69) (46 57 67) (85 36 7) (89 18) (35) (12 44 90 68) (87) (21) (94 98 2 29) (24) (61 10 99) (50 82 33) (72 40) (54 75 16 27 79) (53) (92 86) (91 37) (58) (22 9 66) (41 77 42 31 83) (78 3) (15 74) (56) (71 76) (13) (23) (48 17) (43 11) (45) (65 6) (70) (93 28 73 25) (81 80 4 38 1 97 59 19 47) (62 20 63) (39) 
44 (2) (67 79) (14 23) (59) (52 63 6) (62) (51 71 16 61 32) (99 20) (33 7 94 36 39 45 98 80) (78) (19) (56 9 8) (57 85 95 48 44 100 31 34 15 22) (37) (65) (11) (3 17) (89 46) (73 25 70 27) (40) (72) (88 60 21 4 90) (91) (42 87 82 76 5 29) (58) (93 24 97) (96) (53 92) (55 13 12) (41 49 35 43) (66) (64) 
45 (18) (57 88) (69 3 58 67 56) (15) (63 79) (1 87 25 90) (55) (6 2 23 71 80 7) (73 75 30 81 44) (31) (43) (13 100 48 97 37 20 49 34 95 76 99) (29) (61 85 21 59 91 93 52 8) (66 10 26 46) (5 53 50 12 77) (42) (45) (78 82 14) (28 94 47 86 74) (22) (9 32 40 4 35 98) 
46 (65 2) (46) (26) (97) (32 81) (69 77 96) (8 79) (7) (41 63) (64) (57) (62 12 17) (89 1 78 99 29) (88) (21 54 38) (67 68 84) (82) (20 73) (39) (87 15) (36 43 9 55 52 30) (80) (48 71 66 6 86 5) (16) (75 35) (74 13 98 92 3 76 24 51 59 60) (72 45 10 50 53) (70) (61 4) (40) (28 25) 
47 (77 96) (23 52 4 49) (54 2 48 26 50 16 27 39) (53) (8 31) (61 83) (69) (36 19) (1 47) (5 81) (59 13 42) (33 80) (93 10 100) (74) (58 28 17 41) (40 87 30 71 82 85 20) (63) (97) (15 67 62 92 60 44 64) (7 14 32) (12 45 55) (89 35 86 70) (66 37) (29 91) (95) (72 22 18 75) (68) (98 94) (76 34 79 6) (84) (21) (90) 
48 (46 71) (67 50 65) (11) (89 35 27 100 60 41) (74) (22 34) (77) (93) (4) (2 25 96 57 90) (84) (66) (26 79) (5 45) (61) (72 24 1 23) (49 31) (7) (64) (16) (80) (18 78) (73 76 6) (94 63) (98) (99 86) (69 82 13) (88 17) (10 51 15 36) (21) (87) (28) (38) (29) (54) (83) (19 59) (14) (20 75 42) (43 55) (58 44 33 81 8) 
49 (88 91 77 4) (96) (28) (92) (54) (13 27 89) (40 83 67 30 34 35 15 29 47 52 75 66 68 59) (37 80 36 18 64 1) (5 71 84 86 2 39) (50 25 10) (8 87) (26 21) (31 70) (62 82 22) (20) (61) (76 45) (33) (16) (19) (100) (58) (41 51 85) (79 44) (63 97 7) (57) (43) (99 81) (65) (90 60) (9 11) (14) (73) (74) 
50 (31 93 49 8) (28) (91 77 23) (60) (89 33 47) (25 35 6 22 59) (64 87) (10 72 63) (86 81 36) (61 73 65) (90 16 88 79 12 13 21 32 34) (99 66) (74 41 26) (14) (1 70 4) (97) (15 54 80 48) (57) (76 62) (19) (2 27) (55) (11 56) (38 94) (44) (42) (95 85 68 3) (71) (69 18) (43) (53 78 75 45) (40 98 39) (84 51 58 46) 
51 (99) (66 33) (19) (11 35 48) (92 44 83 42) (76) (45) (17 98) (13 79) (72) (56 58 43 41) (61) (46 100 63) (84) (49 60) (47) (50) (21 51 7 2 62 32) (5 40 9) (75 90) (18 26 4 34) (82 87 68) (55 97 28) (57) (59 22 30 77 95 37) (29 24 36 64) (88 25) (15 23 85 67) (20 53 1) (54) (86 74) (70) (52) (73 12) (16) 
52 (21 94 86 76) (56 84) (5 96) (28 80) (33 25 18) (74 3 48) (69 54 37 20) (62 60 43 78 35) (50 15 46 64) (29 49) (32) (36) (87 31) (88 55) (44 8 58 65 2 6 97 63 4 61) (13 7 77 38) (51 42 47 27) (40) (68 22 26 52 99 79 85) (66 45) (24) (19) (57 59) (9 70 73 34 39 89) (17) (93 95 72 30 16) (71 12 10) 
53 (4) (27 44 56 87 59) (67 62 96 75) (40) (10 16) (76) (89 42 14) (99 39 50 29 91 71 34 53 83) (11 74 58 5) (68 51) (3) (52 18) (47) (30 25) (22 28) (46 37 72) (36) (69) (66) (79 24 86) (33) (78 73) (12 20 2 98 45) (88) (32 92) (85 55 31) (35) (17 97) (80) (26 7 60 54) (70) (13 38 64 95) (8 81 9) 
54 (41 54 23 52) (90 33) (92 28) (84 77 58) (53) (27 44 50) (65 29 79) (83 68 1 5 87) (24) (88 64 22) (59) (72) (95 62) (60) (38 78 20) (30 51 47 39) (11) (12 9) (80) (35 46 14 81) (17 67) (25) (73) (57 10 89 56) (40) (36 55) (96) (70 19) (82 99 91) (71) (85) (6) (13) (4) (26 37 86) (2 74 97 48 16 75) 
55 (8 12) (98) (16 21 13 74 67) (38 3 59 96 86) (62 49 73) (30) (2) (17 56 44 89 5) (51 99) (41) (81) (48 46 35) (87 71) (95 15 54 68 22) (47 60 7 88 42) (90 76) (58 79 32) (39 36 55) (14 20) (4) (33 92 50 100) (10) (57) (37) (25 70 83 29) (24) (27 18) (66 63) (72 11) (34) (28 43 91 77 85) (61) (93 75) (53) (52 64 69 1 80) (45) 
56 (59 46) (30 39 85 21 47) (35 49) (58) (26 83 48 23 41 94) (77) (38 89 55 51) (32) (100 63) (91 40 43) (82 93 7 22 9) (54 66 87) (88 76 16 65 2 78) (24) (34 80) (15 73 31 57) (64) (36 79) (74) (61 37 33) (53) (6) (69 56 75 70 27) (42 98) (72 25 8) (4 11 90) (20 97) (95) (18 5) (92 71 81 68 86) (96) 
57 (15 84) (57) (87) (6) (73 74 37 72) (14 45 90 38 96) (62 58) (95) (52 40 67) (34 77) (80 60 92) (70) (10 82) (7 20 8) (98 11 41 27 97) (2 23 59) (49) (39 54) (46 85 86) (35) (44 69) (71 16) (5) (12) (83 1) (17 18) (47 28) (89) (88) (78 22) (29) (81 4 24 19 63 3 53 42) (93 13 50 79 30) 
58 (44) (37) (60) (18) (58 82 19 81) (63 45 38 42) (70 67) (99 27 54 52 13 31) (100) (96) (51) (20 21) (22 56 30 41 66) (88) (8) (85 93 48) (36) (84) (25) (69 11) (29 73) (28 75 34 74) (76 98 33) (87) (95) (92 2 61) (71 64) (23 97 59) (78) (91 55 35 94 77 65 50 49 40 17 83 90 80 14) (89 26) (4) 
59 (31 62 11 75 12 48 15) (20) (35) (46 87 58) (23 98) (59 81 68) (91) (86 2) (80 34) (9 63 42) (89 33 69) (64 94 32 83) (3) (65 22 66 73) (88 7) (71) (49) (37) (90) (43 54 28 95 100 55 57) (47 38) (78 44 13) (51 77 19) (21) (29 96) (40 60 39) (16 5) (93 76 72 25 79 53) (56 26) 
60 (100 80 12 98 10 51) (5) (22 32) (35 90) (62 41 73) (94 25 26 45 78) (47 53) (70) (29) (11) (65 14 89) (44 13) (1 37 77) (50 61 91) (7) (83 79 6) (23 21 64) (86 54 20 33 84) (42 57) (95 38 31 74) (58 4 99 52 18 30 85 36 39 96) (71) (17 19 15 43) (24) (93) (60 3) (46) (56 76 87) (66 72 8 88) (16) (28 48 55) (34) (69 40) 
61 (27 52) (55) (87) (4 62) (90) (80) (47 100) (73) (71 41 46 82) (95 31 42) (61) (93 13) (36 6 99) (17 32) (67 11) (25 97 83 88 38) (91) (54 78 96) (2) (65) (69) (68) (84 98 14) (43) (81 51) (39) (50 15 85) (48) (75 22) (89) (49) (37 16) (10 1) (57 66) (63) (58) (29) (35) (76) (21 7) (8) (3) (53) (30) (56) (45 26) (86) (33) (24 19) (77) 
62 (68 32) (75) (74 65) (93 24) (61) (83) (40 15 55) (28) (2 85) (3) (9 64) (36 59 77 94) (48) (78) (12) (91 30) (96 70) (98 41 47) (99) (27 81) (1 6) (29 67) (43) (63 52 76 86 92 16 25 35) (23) (69) (37 97 53 22) (13) (34) (73 31 57 54 46) (11 100 88 45 62 17) (84) (56) (66 4) (33 21) (80 7) (10 60) (19) (39) 
63 (98 52 9 73) (59) (63) (90 100) (86 84) (8 16 67) (77 26 88 21 51 95 76 24 41) (4) (65) (83) (3 48 36 87) (66) (81 40 32) (61) (29) (78 43) (27 1 30) (49 2 6 93) (39 50) (94 54) (69 74 80 75 7 62 35) (37) (45) (85 68 72 53 25) (71 33 56 97) (11) (70 38 31 91) (17) (28 18 23 92 5 89 42) (15 58 55) 
64 (74 53) (63 18) (51) (73 81) (42 6 70) (17) (25 75 55) (43 89) (19) (69 29) (62 50) (57) (61) (92 59) (68) (27 87 80 32) (23 21 1 52 77) (22 40) (48 99) (96 44) (85 36 56) (90 9) (64 82 88 71 54 79 91 24) (10) (12) (3 45) (34) (98 72 95) (49) (16 94) (41) (8 35 100 28) (38 83 93) (60 97 76) 
65 (94 24 76) (21 56) (55 20) (86) (14 40) (100 37) (10) (60 43) (71 72 17 45 81 78) (50) (95 74) (19 41 88 44 23 5 57 48) (90) (3) (13 38 27) (2) (63 54 82) (61) (97) (99 16 35 83 39) (96 87) (4) (68 84) (49 36) (32 58 80 75 79 93) (89) (12 69 59 98 73 42 66) (92) (25 30 47 33 29 28 46) (91) (67 77) 
66 (16) (80 55) (36) (78) (94 24 23 98) (97) (44 74) (14 25) (33) (58) (30 13) (99) (3) (64 45) (61) (6) (85) (86) (87 56) (9 42) (15 20 48 34) (39 89 43) (52 73 50 11 93 57) (69) (4) (22) (28 92 59 41) (82 31 70 91 63 77 60 12) (38) (29) (17) (68) (90) (8 1 53 32) (40) (76) (67) (79 71) (19 75) 
67 (35) (29) (27 97 17) (15 76 85 53 49) (86 61 37 38) (95 5 32 46 91 9 83) (12 16) (44) (92 96 22) (68 51 52 75 74) (78 41 10) (90 81) (79) (18 40 88) (34 63 4 48) (3) (20) (47) (80 36 82 31) (25 64 99 13 62) (7 94 14 77) (26) (98) (84 19) (30) (59 89 11 28) (39) (45) (71 23) (50 73) (56 1 24 2) 
68 (74 43 19 69) (81 62 21 94) (71) (23) (98 65 36) (38) (67 55) (25 91 92 78) (73 56) (20) (45) (31) (48) (76) (96) (12 24 82) (2 32) (8) (90) (85 89 9 47 51) (46 83 11) (70) (10 52 93 100) (97 77 54 59 18) (34) (61 17 64) (1 60 40 57 50) (26 68 5) (99) (72) (4 3 42) (53 66 13 33 7 35 80) (15 87) 
69 (74) (1 61 86) (31) (2 18) (50 33 63 47 83 34 28 55) (41) (49) (80 77 51 37) (97 30 40) (57) (14 68 36 90 20 79 73 69) (60 76 42 93 10 7) (96 3 19 45 11 59) (8 4 56 35) (32) (46 84 23 85 13) (62) (6 54) (17 99) (43 29 64 9) (65 66) (27) (75 39) (15) (82) (78) (81 70) (53) (38) 
70 (36 67 57 91) (66 68) (50) (26 78) (3 76 18 38) (5) (97 94) (7) (21 85 74) (54) (39) (42 34 58) (25 73) (1 95 64) (23) (24 79 89 55) (35) (43 10) (47 19) (32) (60 6 17 14 72 15) (41 31) (61 52 86 65 56 69 59) (98 87) (99 27 37 70 29) (77 80) (49 96) (83) (22 45) (100 48) (53) (82) (28 2) (33 8) (11) (40 92 62 9) (71) 
71 (83 74) (94 82) (21 95) (91) (80) (75) (55) (20 67 40) (98 22) (19 51 36 15 26) (39 46 92) (62) (7 89) (56 77) (97) (84 14 58 70 79) (65 53 64) (69 48 18 49) (10 50 3) (25 9 11) (72) (88 13 57 17 8) (32 61 6 85 66) (47 35 73 5) (44 59 90) (87) (38 68 42) (96 99 4 1 2) (71 37) (86) (100 45 43) (30 29 12) (63) 
72 (35) (9 6 24 37 94 95 55 51 41) (15 48 39 5) (84) (18 4 8 29 38 99 58 70 65) (56) (82) (57) (11) (46 32 64 72 91 12) (69 10 54) (19) (92) (21 40 86) (3 31 49 83 33) (13) (50 78) (16 85 98) (27 26) (68 59 2) (22) (88 80 63) (67 81) (74 89) (75 17 97 96 25 79 62 36 93 60 14 77 90 7 28 76) (34) 
73 (19 57) (18 24 20) (47 64) (85 2 17 35 58 1) (78 83) (48 43 99 4 6 96 69 25) (93 62 86 52 8 97 80 27) (81 22 63 94) (38) (40 92 32 9) (21) (98) (72) (36 49 16 3 10) (37) (44) (7) (100 11 41 74 54) (34) (68 45 61) (31) (66) (73) (90 26 12) (88) (76) (55) (59) (60) (39 42 23 5) (13) (33 77) 
74 (30 68 55 29 90) (73 76 31 74) (98 64 71 26 66) (16 21) (62) (79) (99) (4 32) (20) (46 9 14 54) (52) (44) (69) (72) (6) (65) (77) (63 89) (39 60 22 67 15 59) (93) (47 24) (75) (34 97) (57) (96 23) (78 2 41 86 37) (58) (91 84 13) (5 19 35) (17 8) (100 92) (81 87) (28) (48 85 12 50 88) (49) (7 82 25 40) (56 80 45) 
75 (40 28 17 23 62 69 86) (80 10) (9 59) (22 84 64 82 91 51 26) (85 5 42 41 70) (25 97 53 37 2) (43) (81 8) (67 34) (94 71) (98 61 45 88 66 83 72 21) (95) (89) (30 74 54 60 55) (77) (87) (48 16 65 35 20 4 18 19 49 93 7) (31 90) (1) (38 99) (92) (56 3 73) (24) (33 47) (96) (29 32 63 75) (14) (44 13) (39 27 58 15 68) 
76 (68) (11 82 92 63 56 25) (87) (49 13) (23 73 85 86) (80) (6 84 34 94 10 59) (54 51 61 77 29 100 43) (14) (50 98 39 35 26) (37) (2 21 66 89 45 20 79) (95 27 19) (9 99) (55 69) (46 1 72) (3 36) (52) (70) (44) (88) (64) (32 38 90 8) (78 33) (15 31 96 91 58 17 4 65 53) (42 22 5) (18) (40 62) (24 71) (28 41) 
77 (29) (72 38) (95) (86) (41 40 98) (32 27) (89 47) (34) (80) (21 63) (37 79 1) (100) (97 17) (15) (65 92 28 50 16) (43) (24 12) (5 64) (52 11) (91) (18) (22 8) (13 2) (94 78 14 62) (66 20 3 74) (35 93 55) (56 9 6 57 61 19 96 58 77) (54 48 83 25) (67 73) (4 33) (85) (71) (23) (36 84 99) (60) (10) (82) (88) (69 70) 
78 (63 29) (36 62) (5 57 51) (74 69 35) (87 55 59 72) (73 44 2 79 60 11) (50 7) (43 56 1) (75 84 10 17) (71 4) (18 95 14 99) (47 19 46) (85 91 78) (53 6) (86) (54 98 90 48 3 42) (27 76 82 65 83) (15 80 49) (68) (66 64 31) (89) (94) (16 41 26 12 81 77) (23) (39 93) (9) (25) (30) (13 33) (38) (52) 
79 (2 22 65 46 82 89 90) (26 92) (85 36) (80) (16 95) (43 14 81 58) (94 54 87 48) (57 45 100 34 10 52 32 71 24 56) (73 20) (91 5 33 29 13 69 15 31 66 78 61 84 17 30 11 21 86 23) (49 59 60 50) (96) (40 51) (27 68) (72) (47 25 3 99) (98) (37) (9 28) (74 70 63 12) (42) 
80 (21 32) (49 31 76) (28 84 87) (61) (67) (75) (35 57 25) (42) (16) (34 50 98 94 56 91) (55 20 22 60) (64) (19) (58) (30) (37 44 24) (95 47) (11 53) (10 96) (23) (52 18) (6 17) (8 79 92 15 62) (80 40) (86 63 14 77 5) (99 13 1 97 54 38 73 83 7 3 72) (69 51) (89 9 29) (71) (4 39 66 93 81 88) (68 65 48) 
81 (14) (16) (36) (56) (60 19) (40) (22 41 31) (3 57 20) (9 79) (62) (15 68 45) (55 18 28) (71 4 48) (17 21) (29 47) (81 84 98) (39) (80) (65) (37 94) (66) (1) (70 38) (23 26 75) (78 88 49 46 91 73) (11 13 12) (85 6 97) (58) (59 77) (90) (86) (82 95 83) (51 33 42 24 32 99) (2 10 44 89 69) (34) 
82 (88 52) (73) (65) (82 96 24 51 20) (33 64 43 11) (67 70) (17) (83 18 85 100) (92 39 84) (30) (14) (63) (91 16) (99 87) (75) (72) (81) (89) (29 76 68) (10 35) (59 6 1) (78) (15) (5 94) (38) (31) (26) (86 56 7 48) (46) (23 69 45 80 28 25 47 4 98 60 61) (3) (50 2) (9 32) (74 97) (62 37 12 19) (8) (49 44 93 34) 
83 (37) (62 94 14) (44 42 95 73) (60) (56 9 10 59) (91) (65 89) (22) (61 25 72) (53) (90 74) (3) (12 78) (40 85) (4) (50 31 21 38 99 70 39 69 30 49 92) (27 100 77 20 67) (54) (28 34) (1 71 35 48 19 86) (51 76 96) (47 32 57 75 5 13) (79) (97 18) (16 33) (45) 
84 (11 8) (38 18 15 29 42) (7) (36 14 78 77 80) (96 87 67) (59) (37) (34 6 20 68) (69) (92 95 91 27 35 17 62) (39 99 74) (40) (23) (28 1 98 33) (24) (53) (81) (89 85 97 5) (84) (93 16 9 12 41 30 46 63) (76 79 71) (58 55) (26) (56 100) (3 22) (4) (31) (82 60) (70) (49) (75) (51) (2 48) (57 61 13) (86 19 88) (90) (65) (72 44) (64) (25 21 52) 
85 (45 21) (15) (64) (38 88) (82 23) (70) (71) (13 49 34 80) (60 46 50) (99 10 18) (40 1) (31 24) (48 94) (22 65 84 51) (79 44) (76) (95) (42 86) (62 85) (36) (72 89) (7 8) (96) (41 100 14) (92 52) (74 87 39 58) (61 5) (97 27 35 66 29 81) (73) (28) (3 6) (33 43 77) (69 17) (59) (30 19 16 90 25) (2) (56) (57 12 9 75 55) 
86 (17) (34) (52 36) (56) (83 81 33) (19) (87 23 10 74) (92) (55) (45) (16) (15 68 64) (65) (96 50 57 89 70) (63) (86) (9) (51) (29 35) (14 41) (80 91) (54 60) (99) (22 37 82 12 62 48 20 42 59) (88 97 4) (38 21 25 2 53 98) (26) (94 13) (72 18 24) (30 11) (49) (90) (44 85) (32 47 69 40 7) (46) (5 100 61) (78 58 73 79) 
87 (87) (91 81) (42) (8) (43) (5 90) (75) (100 4 11) (98 99) (94 70) (59 2 18) (48 78) (15 1 21 65) (58 46) (67 54 25 80) (97 92 86) (72 9) (73 3) (7 63 12 27) (64 31) (62) (93 36 26 83 69 20) (82 96 44 30 53 51 52) (14 49 24 23 37 89) (77 57 84) (88) (34) (40 60) (16 56 61 33) 
88 (81) (2 93 84) (64 59) (60) (40) (15 70) (90 34 83 33 36 69 13 86 7) (99) (87) (63 39 68) (97) (80) (95 27 54 47 12) (67 82 61 22) (44) (100 48 53) (58 41 73 8 57) (1 72 76) (23 18 49 79 78) (4 66) (9) (30 3 11 52) (25) (24) (32) (74 75 96) (94 42 19 88) (77 45 38 37 89 62) (50 65 29 98 20) (43 31) (35) 
89 (92) (42) (12 93) (59 55 100 74 31) (10 22 87) (47) (99 78) (68 73) (79 64 38 48) (53) (43) (84 62 25 9 69) (66) (17 41) (63 16 8 11 54) (20 67 2) (85) (56) (60) (44) (1 23 29 70) (7 34) (3) (86) (83) (21 36 72) (33 35) (82) (71) (30 88) (97) (19 13 28 80) (40 58 14) (81 49) (6 5 46 4 50 51) (52 90 45 77) 
90 (21 19 30 50 99 23) (85 8) (40) (92 62 20) (91) (44 56 69 59) (77 100) (86) (26) (38 87 33 3 53 75 54) (70 60 27 1) (73) (58 15 63 13) (47 35) (65 51) (17) (18 2 34) (4) (82 37) (93 94) (76 74 89 79 22 42 71 31) (80 95 78) (43 61 81) (83 28 55 7) (10) (16 11 64 52 98) 
91 (58 23 43) (81 83) (38) (20 79 94 2 93) (90) (1 11) (35 5) (8) (62) (85) (55) (47 82) (64) (87 17) (60 9 3) (19 25) (14 4 92 6 88 7 89) (44) (28 63 10 59) (34) (39) (22 37 97) (69) (45) (95 21 80) (36 33 27) (71 75 99 84 49 50 78 31 41 66) (77) (67) (65 68 16 48 18 91) (76 30) 
92 (79) (5) (67 50) (97) (64 43 80 12) (58) (19) (9 8) (20 96 38) (65) (21 84 17 92 87 7 33 13 55) (75 37) (22 48 90) (74 52 69 73) (6 26 60) (53 10) (40 63) (91 34 81 11 1 85) (51) (59 44 35 68 98 77 78) (25) (14 100) (70) (32 66 94 41 29 36 28) (46) (62 39 76) 
93 (75) (57 21 58) (100) (98) (20 73) (92) (30 71) (55 74) (34) (35 46 12) (27 61 2) (95 99) (51 97) (38 69 87 78 24 44 22) (90 79) (53 25 96) (49 41 70 28) (29) (42 48 63 91 16 67 62 1 68 56) (8 54) (52) (88 50 10 47 6 86 11 40) (65) (43) (19) (31) (36 23 5 7 93 32 72 66) 
94 (33) (87 46 15 65 90) (61 96 10 57) (36 43 63) (2) (3 68) (100) (75) (88 50 16) (23 19) (45) (94) (9 40 35 79) (49) (39) (74 38) (7 67) (82 25 80 12 14) (44 48) (6 56 99 66 98) (11 21 76 1 62) (41 77) (47) (60 70) (31) (51) (95 20 22 17 93) (91 89) (52 5 8 69 64) (97 27 18 58 59) (53) (4 42) (37) 
95 (19 18) (38) (83 65 33 11 34 88 16) (5 67 30) (69) (40 53) (84) (62 28) (94 2) (60) (72) (44) (57) (37) (7) (12 42 93 50 29) (36) (66 6 45 96 91 64) (75 35 54 90 61) (47 25) (23) (52 39 49 41 31) (76) (43 9) (87 81) (85 89 79 99 21) (10) (74) (55) (27 100) (58 98) (48 4 32 73 92) (51) (15) (13 46) 
96 (91) (94) (60) (68 67 6) (81) (14 1 7) (4) (76) (69 59) (15 9) (8 45 50 22 95 64) (5 58 99 27) (49) (11 20 88 28 57) (30 54 36) (82 29) (23 52) (79) (38 46) (34 25) (72) (53) (78 62) (56 65 21 51 18) (61 70 77 10 92 2 35) (89 74 47 86 84) (100 63 33 44) (17 85 31 80) (83 32) 
97 (17 74 3 43) (33) (19) (92 59 65) (75) (28 37) (97) (36) (60) (12 21 1 10) (40 57 93 82) (79 91 69 77 24 67 11) (64 41) (94 70) (34 62) (39 9 99 27 68 20 6) (47 90 80 88 72 54 5 56 26 63 8) (89 73 32 46 58 55) (42 25 30) (100 52 7 51) (16 61 14 45 71 4) (29) (53 87 50) (76 86 38) (85) (35) (15 81 84) 
98 (69) (62) (54 56 70 78 46 33) (1 87) (50 44 48) (23 31 11 40 60) (43 76 20) (29) (36) (96) (95) (26 55) (92 4 65) (73 35) (37) (45 57) (68 86 7 91) (66 49 42 17) (90 51) (79) (13 22 52) (19) (38 28 89 80 100 74) (84 15 93 41 47 88) (32 6) (12 53) (83 63) (30 14 64 3) (2 18) (75) (97 81) (24) (25 72 39 99) (82 94) 
99 (16) (27 32) (81 82) (18 88 71 6 34 64) (1 69) (79 95 29) (30 25 45 9) (43 46 39 11 65) (4 38 99) (55 68) (100) (92) (7 75 77) (96 12 33) (59 22 61 90 14) (72) (91 94 35) (87 40 52 36 70) (42) (37 89 54) (86 8 31 10 97 26 78 57) (23) (51 73 85 20 84) (76 47 53 63) (48) (66) 
100 (50 77) (27) (90 11 71) (86 36 46 39 78 29) (99) (49 2) (79 67 10 81) (32 9) (42 60 53 84 26 31 100 51 44) (97 5 95 38) (58 20 25 73 76 93 91 57 92) (45) (43) (13) (1 18 56 4) (28 65) (70 64) (34 33) (35 8 89) (74 15 23 7 88 48) (69 82 16 12) (52 61 68) (96) (40 6 80 17 24 3) (75 66 83) (54 37) (87 19) (22) 
1 (90) (18) (91) (93) (5) (70) (85) (43) (71) (64) (66) (54) (76) (84) (80) (2) (82) (4) (23) (16) (25) (47) (50) (57) (1) (41) (26) (15) (62) (32 51) (49 73) (78 68) (8 45 83 38 17) (100) (37 30 9 35) (87 69 11) (61 31 55) (12 67) (75) (89 20 46) (92 99) (48) (81 14 60 98 21) (3) (28 88 77 42) (6) (63) (39) (19) (22 97) (94 40 96) (7) 
2 (20) (98) (57) (88) (7) (23) (22) (93) (6) (71) (13) (45) (18) (77) (69) (50) (58) (16) (5) (39) (94) (34) (91) (90) (12) (95) (48) (96) (17) (2) (75) (28) (59) (41) (56) (84) (37) (67) (89) (86) (68) (10) (87) (76) (72) (81) (63) (52) (35) (70) (21) (43 29) (24 85 44) (11) (78 62) (49) (47) (46 42) (61 73) (3 82) (26) (33 79 65 36) (100) (15 19 27) (25 55) (31 53) (38 51) (54 74) 
3 (79) (10) (69) (2) (4) (64) (90) (5) (39) (37) (43) (72) (30) (65) (24) (8) (36) (68) (40) (100) (13) (71) (21) (50) (41) (45) (57) (1) (85) (7) (42) (29) (16) (55) (34) (81) (97) (98) (63) (44) (18) (87) (84) (83) (53) (80) (77) (26) (70) (31) (89) (25) (20) (22) (9) (38) (67) (19) (91) (75) (14) (62) (73) (76) (60) (23) (12) (52) (35 46 88 66) (78 82) (11) (61 59 3) (94 15) (33) 
4 (54) (18) (75) (7) (19) (80) (21) (89) (91) (44) (42) (38) (39) (28) (82) (24) (29) (94) (74) (65) (61) (73) (53) (83) (66) (47) (98) (22) (87) (10) (16) (40) (49) (76) (97) (96) (26) (32) (100) (36) (3) (41) (27) (63) (11) (88) (33) (68) (45) (90) (50) (37) (25) (48) (67) (46) (71) (78) (60) (62) (9) (12) (43) (95) (34) (72) (30) (99) (2) (55) (23) (8) (5) (35) (57) (69 58) (52) (84) (31 81 13 17 56 51 77) (86) 
5 (80) (37) (79) (27) (16) (30) (60) (82) (75) (23) (40) (8) (31) (46) (71) (36) (39) (24) (19) (63) (87) (42) (85) (26) (70) (2) (28) (17) (10) (4) (74) (3) (44) (5) (29) (13) (95) (73) (65) (67) (92) (45) (59) (96) (83) (49) (91) (86) (68) (93) (48) (47) (52) (55) (56) (32) (76) (41) (53) (14) (97) (21) (11) (9) (7) (78) (33) (72) (12) (54) (15) (94) (100) (25) (22) (57) (77) (89) (84) (51) 
6 (70) (94) (26) (98) (72) (80) (56) (27) (40) (3) (12) (28) (36) (10) (73) (6) (46) (15) (99) (47) (19) (60) (57) (24) (52) (76) (69) (81) (84) (45) (18) (96) (77) (85) (21) (82) (71) (74) (39) (44) (66) (20) (31) (48) (61) (38) (30) (1) (35) (63) (91) (2) (22) (92) (54) (8) (78) (62) (13) (4) (97) (43) (37) (50) (100) (95) (93) (64) (89) (34) 
7 (32) (53) (84) (61) (4) (7) (100) (73) (48) (31) (80) (90) (49) (28) (45) (18) (24) (11) (34) (99) (88) (43) (42) (1) (14) (6) (97) (25) (75) (51) (44) (52) (95) (16) (27) (9) (3) (22) (2) (69) (41) (47) (91) (96) (72) (71) (17) (57) (38) (67) (62) (26) (93) (59) (46) (10) (29) (86) (70) (78) (82) (63) (21) (68) (23) (89) (98) (39) (35) (92) (85) (33) (87) (30) (8) (74) (60) (19) (55) (56 94 15) (13 40) 
8 (27) (34) (55) (100) (90) (36) (50) (60) (97) (63) (58) (13) (7) (56) (19) (85) (39) (61) (57) (29) (45) (99) (80) (53) (48) (14) (49) (44) (22) (87) (76) (5) (21) (72) (23) (9) (84) (46) (12) (42) (2) (69) (71) (8) (73) (68) (91) (66) (38) (74) (75) (30) (94) (4) (92) (88) (31) (40) (93) (64) (96) (26) (25) (77) (20) (33) (11) (89) (6) (10) (82) (47) (15) (52) (3) (70) (41) 
9 (95) (75) (91) (99) (41) (74) (68) (36) (59) (29) (22) (18) (16) (19) (78) (82) (49) (25) (100) (69) (8) (45) (23) (70) (4) (2) (80) (63) (17) (6) (28) (76) (37) (21) (14) (54) (38) (43) (32) (66) (92) (79) (81) (87) (1) (3) (96) (77) (44) (24) (15) (26) (53) (52) (94) (72) (40) (33) (84) (67) (89) (62) (13) (9) (86) (71) (83) (64) (42) (85) (51) (46) (11) (73) (56) (88) (7) (97) 
10 (20) (31) (92) (43) (8) (81) (26) (19) (80) (7) (13) (96) (85) (25) (33) (67) (36) (78) (6) (95) (12) (69) (46) (76) (5) (39) (79) (21) (1) (68) (60) (14) (86) (10) (50) (16) (37) (2) (82) (40) (94) (9) (64) (32) (53) (55) (34) (61) (22) (73) (28) (70) (23) (83) (29) (71) (89) (35) (65) (3) (91) (17) (100) (93) (57) (90) (72) (45) (47) (27) (97) (54) (99) (24) (49) (77) (48) (11) (15) (75) (52 62 42) (4) 
11 (38) (37) (28) (57) (54) (32) (60) (53) (17) (24) (71) (5) (68) (88) (33) (89) (9) (25) (82) (58) (1) (77) (16) (7) (48) (18) (90) (23) (62) (78) (20) (36) (99) (100) (26) (81) (31) (22) (13) (80) (34) (96) (97) (86) (43) (39) (98) (69) (49) (51) (59) (73) (21) (4) (66) (91) (3) (2) (19) (95) (94) (56) (55) (61) (11) (76) (8) (41) (44) (87) (50) (72) (93) (79) (92) (6) (30) (15) (42) (84) (67) (70) (63) (10) 
12 (78) (15) (35) (82) (2) (72) (65) (64) (8) (43) (59) (87) (55) (38) (97) (5) (12) (33) (20) (98) (81) (27) (6) (52) (68) (62) (41) (16) (57) (14) (3) (85) (73) (42) (84) (11) (66) (60) (1) (83) (30) (99) (54) (50) (29) (47) (28) (24) (10) (71) (18) (89) (39) (46) (19) (17) (44) (94) (95) (22) (26) (7) (100) (79) (67) (53) (74) (92) (25) (23) (45) (31) (51) (88) (32) (93) (77) (4) (86) 
13 (46) (44) (62) (90) (26) (61) (20) (29) (74) (58) (52) (48) (30) (98) (5) (27) (36) (78) (37) (43) (71) (17) (22) (84) (40) (60) (68) (6) (69) (81) (100) (18) (51) (41) (47) (80) (32) (86) (53) (89) (34) (28) (42) (95) (25) (45) (55) (65) (8) (75) (9) (24) (92) (57) (12) (76) (23) (77) (54) (39) (85) (21) (73) (67) (88) (50) (79) (72) (83) (1) (59) (3) (49) (66) (13) (4) 
14 (28) (34) (3) (2) (98) (42) (89) (16) (86) (13) (94) (70) (40) (87) (66) (20) (24) (48) (12) (54) (30) (25) (21) (5) (78) (11) (85) (74) (55) (44) (60) (82) (79) (23) (71) (27) (45) (75) (8) (4) (92) (83) (38) (76) (18) (22) (80) (35) (99) (39) (10) (69) (81) (50) (61) (49) (72) (37) (33) (9) (53) (47) (19) (84) (96) (91) (15) (32) (57) (77) (65) (67) (1) (97) (29) (58) 
15 (84) (88) (56) (82) (57) (9) (74) (71) (66) (79) (24) (69) (75) (20) (17) (49) (10) (96) (95) (41) (15) (81) (6) (27) (87) (42) (46) (8) (70) (76) (59) (67) (51) (26) (90) (28) (50) (5) (44) (11) (45) (80) (22) (25) (39) (100) (60) (18) (1) (68) (29) (33) (35) (43) (63) (31) (77) (72) (97) (85) (55) (52) (16) (61) (2) (94) (34) (62) (78) (36) (98) (47) (3) (48) (4) (19) (40) (86) (38) 
16 (55) (64) (36) (32) (81) (4) (44) (95) (43) (62) (65) (66) (84) (40) (18) (80) (60) (16) (82) (51) (50) (41) (99) (91) (90) (48) (61) (67) (2) (12) (34) (21) (78) (23) (100) (20) (6) (3) (10) (59) (15) (30) (22) (24) (19) (77) (52) (94) (47) (72) (26) (83) (89) (14) (97) (86) (11) (39) (33) (93) (27) (49) (87) (5) (29) (28) (63) (7) (75) (85) (56) (8) (74) (38) (54) (79) (46) (57) (31) (73) (53) 
17 (72) (42) (92) (54) (21) (37) (79) (16) (2) (17) (5) (55) (62) (70) (61) (10) (26) (73) (15) (69) (96) (20) (67) (38) (100) (44) (78) (64) (39) (63) (8) (77) (75) (80) (11) (14) (52) (27) (41) (94) (4) (43) (23) (74) (46) (25) (68) (22) (66) (51) (85) (82) (98) (28) (53) (86) (29) (76) (91) (1) (32) (81) (65) (12) (90) (84) (97) (9) (71) (7) (6) (18) (57) (58) (36) (60) (48) (34) (89) (47) 
18 (55) (40) (48) (43) (11) (42) (31) (52) (99) (33) (50) (5) (94) (68) (20) (63) (45) (56) (38) (73) (12) (81) (41) (1) (6) (96) (47) (29) (91) (27) (85) (58) (83) (53) (67) (75) (87) (22) (34) (3) (64) (88) (10) (77) (23) (26) (80) (98) (70) (28) (78) (76) (90) (57) (51) (18) (37) (24) (21) (32) (82) (13) (7) (14) (35) (9) (69) (71) (100) (25) (84) (19) (49) (86) (72) (39) (60) (95) (36) (8) 
19 (40) (61) (47) (58) (29) (1) (70) (35) (92) (6) (91) (68) (49) (51) (65) (75) (84) (44) (97) (34) (41) (7) (83) (36) (4) (2) (28) (33) (52) (18) (66) (78) (15) (5) (22) (16) (32) (100) (30) (42) (86) (21) (73) (9) (81) (50) (23) (89) (60) (94) (88) (38) (69) (57) (48) (26) (54) (95) (37) (77) (39) (20) (64) (98) (10) (62) (82) (12) (8) (27) (85) (72) (59) (90) (67) (31) (43) (13) (25) (76) (17) (71) (93) (74) (19) (80) 
20 (55) (83) (69) (37) (47) (19) (86) (89) (10) (53) (27) (9) (57) (66) (90) (51) (11) (97) (35) (81) (77) (94) (30) (26) (42) (98) (96) (58) (49) (8) (7) (3) (39) (92) (76) (46) (34) (18) (32) (40) (82) (31) (43) (22) (75) (100) (17) (14) (16) (28) (68) (20) (41) (93) (79) (59) (88) (65) (25) (38) (91) (48) (56) (67) (73) (44) (52) (71) (87) (12) (74) (33) (54) (4) (6) (60) (29) (84) (99) (36) (5) (45) (80) 
21 (62) (33) (55) (65) (84) (43) (1) (2) (30) (35) (73) (27) (22) (93) (9) (71) (18) (91) (32) (15) (81) (13) (39) (20) (92) (24) (77) (8) (51) (46) (75) (68) (95) (28) (60) (29) (61) (21) (87) (48) (36) (59) (45) (58) (37) (6) (52) (44) (63) (47) (97) (10) (25) (3) (40) (7) (86) (94) (76) (14) (90) (83) (72) (64) (96) (5) (23) (11) (85) (49) (56) (70) (50) (17) (42) (79) (12) (80) (41) (31) (74) (89) 
22 (73) (66) (56) (86) (20) (62) (45) (30) (53) (41) (48) (44) (10) (5) (18) (84) (47) (17) (80) (89) (31) (32) (39) (15) (12) (92) (71) (51) (33) (74) (13) (35) (94) (57) (23) (2) (25) (96) (9) (50) (88) (58) (1) (90) (16) (49) (38) (85) (59) (79) (3) (60) (98) (52) (76) (75) (29) (81) (24) (7) (77) (6) (43) (61) (26) (8) (36) (54) (70) (19) (100) (40) (72) (37) (55) (67) (14) (64) (99) (83) (91) (42) (93) (4) 
23 (85) (13) (41) (70) (1) (93) (86) (19) (82) (66) (65) (58) (88) (79) (16) (75) (54) (34) (80) (69) (14) (33) (67) (73) (87) (50) (45) (22) (100) (68) (84) (47) (24) (40) (8) (51) (36) (35) (98) (38) (95) (78) (20) (15) (94) (12) (5) (60) (90) (7) (31) (62) (56) (76) (23) (64) (81) (57) (27) (96) (59) (89) (25) (77) (3) (99) (39) (63) (48) (91) (43) (32) (18) (44) (11) (10) (28) (74) (9) (21) (6) (37) (42) (2) 
24 (82) (43) (55) (34) (18) (29) (7) (22) (52) (23) (38) (85) (44) (19) (57) (54) (37) (6) (40) (84) (5) (14) (63) (77) (10) (16) (64) (70) (88) (2) (72) (33) (100) (80) (30) (13) (60) (76) (20) (48) (26) (65) (73) (66) (1) (81) (68) (56) (98) (8) (62) (42) (21) (12) (79) (15) (93) (41) (53) (67) (61) (35) (11) (51) (74) (4) (86) (75) (97) (28) (17) (9) (46) (3) (87) (31) (24) 
25 (83) (67) (89) (77) (71) (96) (39) (74) (82) (41) (75) (19) (55) (95) (27) (80) (2) (34) (35) (30) (68) (28) (21) (65) (94) (16) (58) (86) (97) (48) (88) (61) (93) (52) (33) (22) (45) (44) (8) (59) (99) (63) (38) (70) (62) (17) (72) (40) (49) (50) (20) (92) (84) (12) (60) (46) (15) (3) (91) (76) (32) (9) (25) (85) (100) (26) (5) (1) (56) (78) (23) (54) (31) (87) (73) (18) (64) (53) (51) (11) (7) (79) (66) (36) (98) (43) 
26 (40) (86) (43) (32) (13) (61) (58) (42) (16) (68) (45) (26) (79) (73) (22) (63) (67) (51) (56) (4) (59) (74) (11) (2) (70) (19) (54) (39) (10) (15) (46) (50) (87) (72) (92) (48) (33) (25) (35) (24) (17) (82) (53) (37) (71) (60) (97) (100) (12) (52) (98) (21) (99) (84) (81) (1) (34) (76) (30) (49) (29) (3) (20) (38) (75) (18) (14) (47) (8) (78) (9) (90) 
27 (73) (90) (12) (77) (18) (91) (96) (29) (50) (78) (22) (84) (15) (58) (26) (97) (42) (21) (8) (62) (53) (34) (87) (20) (19) (83) (41) (33) (16) (23) (70) (99) (40) (56) (52) (39) (36) (35) (72) (48) (47) (79) (88) (3) (69) (65) (85) (1) (55) (17) (95) (4) (24) (75) (32) (67) (94) (38) (49) (93) (37) (31) (44) (57) (13) (5) (63) (76) (2) (9) (43) (7) (64) (14) (100) (61) (54) (25) 
28 (25) (81) (48) (46) (32) (63) (60) (69) (30) (51) (34) (66) (2) (41) (64) (50) (75) (95) (14) (83) (5) (58) (29) (6) (26) (90) (43) (13) (74) (84) (12) (3) (45) (92) (11) (89) (27) (72) (53) (38) (42) (37) (79) (93) (33) (49) (10) (40) (4) (67) (55) (100) (70) (91) (98) (8) (80) (85) (97) (96) (57) (47) (35) (39) (62) (77) (82) (65) (9) (18) (59) (16) (54) (7) (28) (15) (76) (52) (17) 
29 (11) (81) (70) (98) (84) (59) (82) (2) (1) (80) (22) (3) (93) (74) (40) (54) (30) (64) (17) (27) (95) (86) (37) (79) (6) (61) (92) (5) (62) (26) (39) (63) (99) (97) (4) (29) (78) (67) (38) (58) (49) (7) (89) (21) (44) (75) (53) (43) (23) (71) (16) (88) (8) (96) (19) (57) (28) (76) (42) (66) (48) (47) (55) (45) (13) (25) (46) (69) (60) (51) (31) (14) (65) (35) (9) (52) (33) (100) (10) (20) (72) (85) (77) (34) 
30 (56) (35) (37) (17) (21) (14) (97) (65) (84) (6) (60) (18) (20) (25) (96) (15) (45) (58) (28) (1) (34) (42) (26) (51) (89) (61) (32) (82) (91) (8) (54) (11) (85) (71) (4) (88) (16) (47) (27) (80) (12) (95) (99) (93) (67) (86) (49) (30) (69) (53) (23) (66) (9) (57) (98) (24) (13) (52) (55) (39) (62) (33) (41) (2) (87) (74) (19) (46) (83) (78) (63) (7) (31) (10) (90) (79) (75) (40) 
31 (45) (95) (11) (87) (85) (90) (26) (37) (53) (62) (75) (5) (89) (48) (66) (67) (2) (52) (32) (12) (50) (68) (18) (69) (78) (93) (79) (34) (59) (83) (72) (16) (15) (28) (58) (44) (76) (61) (19) (23) (88) (56) (1) (17) (31) (80) (91) (4) (9) (3) (73) (98) (96) (99) (20) (41) (60) (8) (30) (27) (82) (84) (29) (35) (43) (49) (74) (6) (100) (42) (40) (47) (33) (63) (81) (13) (70) (10) (94) (24) (14) 
32 (82) (37) (92) (14) (32) (93) (51) (29) (88) (95) (27) (21) (30) (47) (17) (44) (18) (86) (70) (8) (72) (45) (61) (75) (9) (74) (5) (23) (77) (71) (11) (26) (28) (2) (79) (73) (67) (76) (38) (99) (98) (4) (63) (59) (100) (10) (41) (66) (52) (24) (6) (53) (96) (34) (50) (64) (3) (25) (46) (81) (39) (40) (22) (69) (20) (60) (80) (68) (83) (55) (15) (13) (31) (42) (62) (16) (35) (56) (97) (19) (65) 
33 (59) (52) (43) (96) (12) (35) (38) (10) (76) (92) (70) (56) (84) (83) (91) (99) (65) (17) (85) (58) (66) (44) (75) (55) (50) (73) (82) (53) (98) (13) (19) (11) (41) (95) (30) (78) (40) (16) (20) (62) (49) (42) (94) (2) (100) (33) (88) (51) (79) (63) (5) (89) (24) (1) (4) (32) (61) (9) (23) (86) (97) (69) (72) (47) (18) (28) (77) (60) (48) (8) (90) (87) (14) (22) (26) (15) (68) (3) (54) (81) (21) 
34 (72) (21) (26) (100) (74) (87) (91) (52) (33) (44) (59) (88) (50) (82) (2) (97) (9) (22) (11) (8) (15) (13) (40) (37) (51) (90) (6) (49) (19) (68) (85) (81) (60) (77) (17) (84) (62) (55) (95) (14) (92) (73) (24) (96) (48) (28) (56) (83) (75) (42) (58) (67) (31) (38) (3) (45) (66) (57) (27) (20) (10) (64) (4) (80) (93) (47) (35) (89) (12) (70) (5) (18) (32) (23) (69) (53) (25) (79) (99) (76) (39) (7) (1) (86) 
35 (53) (16) (94) (37) (23) (46) (97) (99) (30) (59) (54) (65) (71) (15) (34) (32) (92) (56) (82) (48) (83) (50) (5) (98) (3) (86) (11) (100) (88) (61) (57) (85) (62) (49) (73) (8) (96) (93) (2) (4) (69) (40) (76) (91) (58) (90) (1) (84) (55) (24) (39) (67) (38) (14) (20) (70) (52) (72) (44) (77) (95) (78) (28) (89) (45) (68) (43) (75) (74) (47) (80) (64) (63) (13) (19) (9) (35) (51) (60) 
36 (38) (26) (92) (67) (91) (69) (89) (25) (66) (50) (88) (98) (94) (68) (56) (63) (39) (28) (14) (85) (43) (6) (24) (27) (1) (11) (96) (34) (81) (70) (79) (47) (31) (54) (93) (49) (76) (64) (37) (44) (30) (62) (77) (35) (87) (55) (48) (13) (51) (99) (58) (2) (95) (72) (16) (84) (3) (71) (36) (97) (53) (52) (42) (17) (29) (73) (19) (9) (100) (65) (41) (4) (46) (78) (10) (86) (61) (60) 
37 (74) (73) (16) (53) (60) (70) (58) (47) (20) (10) (67) (17) (75) (29) (35) (99) (18) (34) (7) (76) (51) (94) (25) (32) (83) (8) (65) (33) (42) (21) (39) (6) (41) (62) (77) (2) (28) (90) (13) (88) (31) (5) (52) (22) (55) (59) (91) (82) (15) (72) (4) (19) (97) (3) (71) (24) (95) (80) (69) (43) (98) (45) (86) (81) (11) (63) (54) (56) (100) (87) (61) (49) (79) (44) (1) (9) (37) (30) (92) (84) (57) 
38 (90) (15) (23) (2) (70) (29) (54) (78) (38) (72) (80) (66) (30) (63) (35) (21) (94) (86) (40) (89) (68) (3) (82) (67) (91) (97) (31) (22) (25) (65) (99) (48) (69) (76) (73) (85) (14) (8) (42) (12) (100) (24) (83) (58) (11) (53) (27) (92) (52) (56) (59) (93) (64) (81) (28) (34) (36) (75) (46) (41) (32) (77) (61) (18) (71) (98) (95) (10) (43) (9) (26) (20) (88) (16) (50) (1) (55) (57) (60) (84) (96) (5) 
39 (36) (67) (82) (78) (72) (100) (24) (76) (75) (60) (83) (97) (47) (26) (20) (3) (73) (71) (30) (55) (12) (14) (27) (23) (99) (8) (74) (7) (31) (66) (61) (34) (10) (13) (85) (42) (95) (59) (54) (17) (49) (53) (18) (6) (4) (63) (57) (56) (84) (43) (91) (16) (19) (80) (33) (11) (39) (15) (88) (5) (40) (70) (2) (52) (98) (92) (81) (9) (37) (94) (62) (65) (38) (28) (41) (25) (69) (46) (50) (44) 
40 (43) (81) (72) (88) (35) (10) (85) (17) (86) (98) (93) (60) (52) (23) (56) (58) (80) (62) (3) (92) (47) (44) (1) (59) (54) (75) (15) (53) (77) (76) (65) (73) (63) (2) (70) (69) (42) (94) (90) (45) (24) (4) (27) (51) (16) (66) (11) (39) (33) (84) (8) (89) (6) (5) (74) (100) (50) (64) (14) (95) (83) (32) (71) (57) (21) (19) (34) (87) (37) (46) (7) (49) (40) (68) (79) (97) (12) (99) (28) (67) (38) (41) (26) (36) (13) 
41 (77) (26) (78) (49) (51) (92) (40) (60) (33) (16) (43) (22) (28) (62) (18) (10) (47) (54) (84) (23) (98) (13) (81) (25) (41) (89) (61) (19) (74) (67) (17) (21) (35) (42) (39) (58) (76) (72) (3) (56) (95) (20) (12) (93) (64) (70) (75) (97) (37) (91) (9) (30) (1) (5) (57) (69) (55) (48) (73) (86) (6) (32) (14) (8) (7) (65) (94) (66) (88) (63) (44) (50) (85) (46) (31) (27) 
42 (97) (20) (58) (32) (83) (4) (90) (25) (44) (52) (21) (27) (53) (55) (66) (36) (3) (47) (28) (60) (38) (50) (68) (100) (18) (71) (51) (89) (79) (76) (7) (17) (31) (87) (29) (63) (56) (16) (9) (23) (70) (64) (84) (12) (30) (85) (61) (78) (43) (99) (11) (75) (73) (88) (2) (57) (98) (81) (95) (40) (41) (69) (65) (42) (86) (93) (26) (48) (45) (33) (59) (8) (1) (94) (80) (15) (14) 
43 (18) (73) (79) (55) (76) (66) (2) (82) (21) (71) (34) (29) (62) (44) (16) (91) (56) (90) (36) (46) (59) (43) (20) (88) (1) (93) (33) (27) (9) (25) (23) (92) (60) (35) (70) (3) (13) (89) (85) (37) (87) (41) (78) (42) (51) (22) (50) (12) (49) (65) (38) (69) (97) (77) (100) (6) (19) (17) (99) (68) (8) (94) (75) (64) (14) (45) (63) (52) (7) (15) (31) (61) (95) (48) (98) (28) 
44 (91) (25) (43) (98) (67) (65) (16) (7) (33) (19) (34) (48) (81) (74) (95) (38) (20) (2) (82) (55) (14) (9) (50) (59) (57) (47) (96) (78) (44) (27) (32) (83) (84) (45) (85) (21) (88) (5) (39) (52) (60) (73) (54) (30) (29) (13) (49) (94) (90) (92) (80) (24) (28) (87) (89) (93) (76) (37) (51) (64) (100) (86) (75) (41) (18) (6) (3) (23) (31) (53) (66) (58) (71) 
45 (22) (15) (47) (98) (19) (16) (71) (64) (65) (89) (81) (14) (43) (96) (3) (99) (86) (12) (55) (53) (23) (63) (69) (68) (29) (33) (48) (50) (32) (21) (58) (9) (11) (10) (37) (30) (83) (45) (100) (57) (5) (66) (73) (70) (20) (7) (97) (27) (62) (79) (52) (67) (61) (44) (74) (60) (49) (6) (85) (41) (82) (95) (25) (38) (76) (4) (75) (88) (51) (94) (91) (35) (36) (1) (28) (24) (46) 
46 (92) (86) (98) (40) (37) (100) (82) (26) (36) (68) (71) (13) (89) (84) (61) (95) (10) (81) (11) (55) (54) (76) (57) (34) (15) (62) (65) (69) (39) (79) (7) (53) (93) (5) (51) (52) (56) (32) (12) (48) (8) (85) (33) (99) (30) (87) (67) (16) (46) (3) (21) (72) (19) (44) (60) (25) (94) (59) (96) (78) (74) (28) (41) (50) (22) (4) (29) (45) (43) (97) (6) (31) (38) (18) (24) 
47 (30) (31) (36) (24) (7) (38) (94) (69) (53) (98) (95) (62) (75) (82) (22) (15) (80) (68) (12) (5) (43) (42) (86) (83) (65) (28) (88) (99) (17) (20) (13) (47) (90) (57) (55) (27) (74) (59) (50) (21) (10) (54) (39) (41) (45) (29) (89) (73) (71) (25) (67) (70) (23) (4) (96) (34) (52) (60) (8) (77) (91) (51) (9) (35) (79) (81) (56) (6) (61) (93) (26) (78) (49) (3) (2) (37) (1) (97) (18) 
48 (19) (81) (14) (47) (31) (5) (55) (56) (54) (73) (12) (99) (15) (41) (10) (28) (94) (34) (36) (82) (50) (27) (88) (60) (78) (61) (37) (18) (65) (92) (89) (29) (84) (39) (33) (42) (9) (77) (70) (22) (64) (7) (24) (16) (62) (51) (59) (74) (71) (83) (13) (86) (67) (6) (26) (72) (87) (98) (30) (38) (79) (68) (35) (45) (52) (75) (63) (91) (85) (66) (23) (46) (21) (25) (58) (43) (17) (100) (20) (11) (80) (93) (95) (44) 
49 (87) (21) (39) (35) (27) (70) (50) (61) (14) (48) (44) (25) (22) (33) (8) (55) (83) (79) (9) (76) (64) (24) (95) (63) (96) (11) (100) (74) (98) (82) (12) (59) (78) (47) (75) (34) (89) (86) (56) (2) (52) (58) (57) (84) (80) (69) (6) (10) (51) (85) (29) (81) (23) (1) (20) (91) (13) (18) (67) (45) (32) (3) (26) (94) (65) (41) (72) (73) (19) (93) (88) (4) (31) (7) (71) (40) (37) 
50 (2) (64) (23) (15) (27) (83) (49) (63) (10) (11) (48) (25) (45) (41) (100) (57) (93) (66) (70) (61) (89) (65) (22) (53) (16) (86) (55) (36) (6) (82) (58) (42) (13) (51) (17) (34) (68) (46) (30) (72) (80) (31) (38) (92) (47) (76) (67) (78) (18) (77) (24) (90) (88) (60) (96) (43) (74) (94) (14) (37) (98) (79) (12) (85) (3) (21) (29) (52) (19) (54) (71) (91) (95) (35) (7) (69) (26) (32) (97) 
51 (82) (87) (30) (28) (44) (63) (49) (83) (72) (2) (33) (21) (42) (41) (98) (16) (26) (85) (34) (69) (56) (18) (29) (50) (90) (99) (40) (10) (20) (75) (6) (61) (52) (53) (5) (24) (68) (81) (25) (84) (46) (23) (76) (35) (78) (32) (31) (37) (89) (95) (71) (80) (51) (86) (79) (93) (97) (14) (3) (67) (19) (15) (94) (55) (48) (39) (58) (9) (54) (96) (12) (92) (60) (11) (59) (100) (64) 
52 (12) (73) (77) (86) (8) (46) (49) (99) (38) (97) (4) (57) (90) (92) (22) (18) (62) (47) (10) (27) (20) (30) (13) (40) (33) (64) (55) (82) (89) (17) (84) (41) (7) (53) (94) (2) (79) (42) (54) (37) (76) (58) (63) (34) (28) (52) (80) (70) (68) (61) (11) (45) (14) (32) (100) (35) (98) (85) (15) (19) (23) (74) (6) (67) (51) (44) (78) (31) (95) (87) (93) (88) (26) (24) (3) (60) (36) (96) (66) (25) 
53 (17) (97) (80) (42) (93) (54) (19) (25) (100) (47) (4) (99) (62) (32) (88) (68) (64) (31) (63) (20) (43) (98) (55) (13) (11) (16) (83) (84) (59) (69) (30) (78) (67) (27) (38) (45) (37) (89) (6) (41) (22) (24) (36) (75) (53) (28) (57) (1) (94) (46) (95) (12) (61) (21) (29) (86) (14) (3) (56) (70) (26) (34) (44) (66) (90) (96) (5) (50) (51) (35) (60) (87) (7) (76) (92) (71) (2) 
54 (30) (89) (58) (62) (90) (23) (79) (83) (41) (63) (59) (21) (34) (51) (6) (12) (46) (74) (50) (100) (39) (73) (53) (80) (43) (65) (98) (24) (76) (5) (55) (22) (99) (68) (13) (52) (10) (77) (49) (87) (48) (33) (64) (14) (70) (20) (97) (26) (25) (7) (96) (72) (78) (28) (32) (60) (88) (16) (69) (61) (57) (86) (36) (40) (2) (11) (95) (47) (75) (93) (19) (35) (8) (56) (54) 
55 (37) (62) (14) (76) (73) (1) (16) (84) (21) (35) (27) (95) (86) (15) (89) (7) (92) (50) (56) (52) (80) (70) (97) (98) (2) (58) (74) (39) (91) (51) (32) (66) (8) (22) (12) (3) (46) (68) (10) (17) (85) (59) (55) (47) (93) (81) (28) (25) (45) (19) (65) (23) (90) (77) (5) (38) (53) (44) (18) (20) (26) (54) (99) (36) (60) (13) (33) (71) (61) (42) (48) (72) (78) (64) (75) (30) (63) (40) (69) 
56 (28) (44) (41) (65) (34) (60) (75) (39) (82) (26) (67) (70) (97) (76) (11) (63) (72) (66) (27) (23) (35) (17) (13) (69) (84) (22) (19) (36) (64) (71) (7) (100) (15) (77) (62) (5) (59) (2) (85) (58) (18) (68) (6) (90) (87) (98) (51) (12) (30) (74) (93) (89) (79) (45) (55) (80) (96) (94) (29) (54) (52) (53) (86) (9) (8) (83) (42) (61) (33) (4) (78) (38) (50) (56) (81) (43) (24) (21) 
57 (96) (27) (51) (69) (50) (36) (97) (18) (55) (45) (85) (17) (14) (60) (12) (40) (30) (11) (68) (81) (23) (56) (33) (78) (38) (83) (54) (39) (46) (95) (77) (24) (86) (15) (7) (10) (31) (74) (93) (59) (32) (98) (57) (43) (48) (80) (34) (87) (1) (28) (61) (99) (20) (72) (64) (3) (88) (44) (49) (22) (62) (2) (70) (4) (13) (79) (37) (100) (66) (6) (5) (84) (71) (8) (52) (94) (73) (29) (65) (21) 
58 (100) (61) (77) (1) (18) (80) (2) (92) (27) (36) (75) (22) (79) (11) (26) (60) (53) (96) (71) (66) (20) (42) (38) (50) (40) (56) (97) (45) (63) (17) (21) (23) (6) (51) (86) (47) (14) (4) (44) (85) (84) (90) (49) (33) (52) (57) (70) (31) (43) (76) (81) (93) (25) (89) (87) (28) (29) (12) (94) (3) (19) (58) (16) (35) (65) (55) (72) (73) (95) (88) (41) (5) (59) (74) (91) (10) (54) (48) 
59 (16) (35) (89) (1) (21) (97) (9) (99) (96) (20) (46) (52) (28) (88) (15) (49) (90) (24) (58) (12) (7) (22) (79) (69) (82) (76) (39) (71) (25) (62) (41) (34) (87) (72) (73) (33) (56) (59) (3) (26) (30) (66) (53) (5) (37) (65) (10) (78) (4) (50) (94) (32) (54) (51) (84) (63) (48) (29) (67) (13) (8) (70) (43) (74) (2) (40) (57) (81) (75) (91) (19) (18) (47) (45) (86) (55) (38) (68) (83) (17) (92) (85) (44) (64) (6) 
60 (36) (24) (55) (18) (72) (26) (98) (84) (91) (89) (21) (27) (87) (38) (32) (10) (9) (28) (88) (65) (73) (39) (46) (70) (51) (52) (23) (94) (11) (49) (60) (95) (29) (79) (31) (20) (100) (34) (1) (75) (3) (82) (16) (17) (12) (13) (86) (53) (8) (97) (81) (7) (44) (37) (58) (66) (62) (4) (77) (47) (19) (50) (40) (22) (78) (80) (69) (15) (54) (48) (85) (74) (92) (64) (30) (96) (83) (33) (59) (90) (68) (57) 
61 (21) (26) (17) (15) (37) (100) (97) (99) (71) (75) (62) (47) (10) (35) (13) (43) (68) (82) (84) (32) (56) (49) (28) (8) (51) (22) (30) (94) (73) (90) (7) (55) (40) (70) (63) (33) (24) (87) (48) (58) (85) (39) (95) (52) (36) (42) (96) (69) (50) (4) (14) (61) (77) (64) (80) (79) (67) (31) (66) (41) (46) (25) (83) (34) (86) (19) (76) (45) (12) (88) (2) (11) (6) (29) (60) (23) (1) (65) (27) (93) (5) (44) (18) 
62 (63) (53) (51) (15) (50) (8) (21) (78) (20) (2) (96) (93) (62) (90) (75) (30) (22) (71) (7) (67) (24) (91) (54) (19) (34) (64) (44) (9) (1) (60) (92) (49) (25) (14) (18) (88) (76) (73) (33) (84) (5) (83) (87) (12) (43) (57) (46) (98) (61) (70) (80) (32) (23) (6) (52) (10) (55) (31) (37) (59) (85) (13) (94) (40) (89) (97) (36) (42) (69) (81) (72) (47) (77) (82) (95) (68) (74) (86) (16) (28) (11) 
63 (48) (28) (27) (30) (98) (58) (79) (42) (51) (34) (97) (20) (69) (39) (17) (7) (47) (94) (4) (63) (74) (46) (93) (44) (18) (38) (33) (61) (15) (64) (87) (82) (77) (8) (57) (24) (10) (92) (25) (5) (13) (56) (99) (90) (29) (50) (59) (12) (43) (55) (6) (14) (35) (78) (49) (40) (66) (45) (62) (80) (75) (72) (21) (84) (23) (31) (65) (11) (67) (41) (88) (52) (96) (1) (91) (76) (86) (89) (73) (71) 
64 (100) (4) (64) (24) (3) (32) (15) (8) (16) (26) (59) (91) (94) (49) (53) (98) (47) (12) (35) (88) (36) (84) (96) (44) (17) (27) (41) (1) (54) (13) (33) (58) (95) (52) (69) (92) (46) (51) (34) (38) (86) (67) (99) (72) (74) (66) (75) (37) (50) (78) (73) (30) (87) (14) (76) (85) (68) (89) (48) (62) (31) (82) (28) (10) (90) (60) (77) (6) (7) (39) (97) (70) (2) (5) (42) (80) (29) (56) (55) (71) 
65 (84) (40) (69) (76) (77) (61) (13) (3) (85) (10) (88) (62) (6) (56) (4) (81) (15) (34) (46) (63) (78) (5) (50) (72) (68) (25) (30) (11) (79) (27) (8) (59) (14) (60) (48) (43) (74) (83) (18) (16) (1) (93) (44) (75) (26) (36) (2) (87) (98) (41) (7) (92) (90) (17) (33) (86) (97) (96) (54) (49) (71) (94) (29) (91) (82) (42) (52) (80) (99) (100) (58) (70) (21) (95) (19) (38) 
66 (60) (25) (77) (30) (7) (69) (65) (41) (43) (92) (100) (52) (8) (98) (44) (53) (49) (23) (29) (99) (26) (42) (55) (39) (51) (33) (40) (75) (15) (46) (50) (79) (56) (19) (28) (95) (3) (85) (21) (94) (70) (71) (17) (5) (48) (68) (80) (81) (76) (11) (59) (89) (47) (62) (37) (78) (10) (35) (58) (12) (27) (73) (91) (20) (63) (18) (1) (4) (88) (32) (14) (9) (36) (38) (31) (61) (74) (16) (22) (93) (45) (24) 
67 (13) (84) (2) (33) (10) (96) (39) (7) (44) (4) (30) (74) (32) (25) (21) (58) (22) (95) (3) (68) (83) (29) (94) (77) (16) (37) (23) (46) (82) (17) (70) (65) (51) (91) (55) (53) (38) (93) (45) (57) (75) (61) (9) (100) (66) (71) (31) (24) (88) (40) (72) (89) (97) (6) (27) (35) (54) (47) (43) (49) (80) (12) (19) (14) (48) (42) (62) (92) (34) (36) (63) (15) (87) (8) (20) 
68 (69) (22) (46) (94) (61) (40) (51) (16) (62) (5) (71) (67) (10) (91) (29) (49) (66) (96) (97) (79) (9) (70) (80) (89) (28) (21) (41) (23) (59) (75) (53) (31) (72) (18) (12) (7) (55) (92) (8) (47) (99) (17) (32) (3) (98) (65) (56) (25) (33) (82) (81) (19) (43) (78) (27) (68) (63) (74) (88) (76) (37) (54) (73) (86) (50) (100) (2) (1) (14) (34) (26) (15) (35) (52) (24) (64) (93) (42) (84) (39) 
69 (85) (96) (16) (21) (40) (87) (80) (32) (57) (74) (41) (55) (63) (6) (50) (34) (48) (88) (71) (89) (56) (97) (84) (90) (66) (76) (65) (73) (86) (29) (18) (25) (43) (47) (39) (78) (77) (64) (1) (62) (13) (19) (17) (36) (59) (70) (79) (92) (60) (72) (15) (20) (11) (75) (53) (69) (37) (23) (8) (27) (68) (81) (14) (4) (100) (82) (91) (46) (33) (31) (94) (83) (52) (38) (98) (2) (3) (61) (93) (24) (99) (58) (95) (7) (12) (9) (30 45 22) 
70 (63) (40) (15) (32) (53) (49) (79) (3) (37) (83) (72) (21) (81) (50) (58) (16) (70) (56) (34) (93) (100) (90) (86) (43) (31) (8) (87) (89) (26) (68) (88) (44) (27) (69) (12) (84) (38) (4) (23) (97) (55) (96) (82) (62) (77) (18) (33) (99) (85) (30) (46) (28) (7) (10) (98) (64) (14) (71) (36) (41) (19) (22) (13) (1) (76) (17) (92) (66) (54) (6) (51) (60) (24) (75) (9) (94) (57) (52) (42) (47) (25) (39) 
71 (61) (85) (67) (52) (14) (100) (24) (9) (40) (58) (20) (77) (37) (27) (48) (74) (44) (10) (83) (3) (49) (2) (19) (29) (21) (15) (18) (36) (32) (91) (76) (99) (8) (78) (63) (35) (13) (46) (80) (7) (23) (56) (84) (66) (57) (50) (60) (59) (30) (47) (55) (1) (39) (45) (31) (68) (65) (28) (54) (53) (16) (64) (90) (97) (43) (26) (17) (93) (81) (79) (71) (89) (5) (11) (75) (70) (12) 
72 (87) (20) (2) (77) (18) (55) (17) (57) (96) (11) (27) (82) (83) (8) (53) (85) (33) (97) (93) (39) (7) (50) (41) (60) (80) (37) (89) (52) (71) (86) (59) (3) (74) (63) (65) (38) (56) (43) (34) (30) (14) (12) (73) (1) (47) (23) (10) (19) (5) (13) (54) (88) (98) (26) (79) (84) (99) (6) (48) (4) (51) (95) (76) (40) (24) (72) (28) (64) (68) (78) (15) (46) (70) (42) (44) (75) (22) 
73 (11) (77) (92) (97) (30) (62) (68) (60) (51) (70) (64) (26) (95) (93) (46) (28) (9) (57) (85) (90) (89) (80) (52) (78) (54) (63) (75) (82) (40) (13) (74) (21) (29) (76) (99) (44) (35) (71) (59) (15) (55) (38) (39) (98) (53) (58) (67) (16) (4) (79) (66) (33) (86) (8) (88) (18) (31) (42) (22) (34) (14) (49) (2) (65) (24) (43) (100) (19) (69) (12) (23) (45) (5) (56) (48) (50) (10) (61) (83) (81) (87) (27) (73) 
74 (70) (50) (90) (89) (71) (79) (31) (95) (11) (26) (56) (64) (49) (65) (53) (23) (38) (14) (8) (32) (97) (92) (46) (22) (58) (52) (68) (98) (100) (39) (18) (57) (84) (62) (10) (36) (3) (19) (72) (85) (83) (9) (54) (30) (15) (12) (63) (86) (74) (37) (88) (73) (28) (17) (75) (7) (27) (35) (69) (77) (66) (43) (82) (60) (20) (4) (67) (1) (51) (94) (78) (25) (47) (45) (55) (48) (29) (16) (96) (21) (41) (93) 
75 (20) (98) (1) (64) (47) (56) (88) (49) (2) (50) (93) (21) (12) (82) (87) (74) (99) (5) (39) (59) (58) (32) (37) (40) (66) (26) (65) (19) (97) (11) (91) (67) (94) (41) (45) (63) (75) (100) (81) (72) (71) (80) (7) (3) (30) (16) (25) (69) (95) (55) (28) (84) (90) (38) (54) (42) (46) (18) (10) (51) (24) (29) (43) (78) (48) (85) (33) (15) (36) (61) (62) (83) (8) (9) (53) (92) (6) 
76 (94) (95) (32) (44) (43) (53) (64) (88) (26) (37) (38) (42) (97) (18) (30) (65) (45) (46) (22) (98) (84) (70) (36) (90) (66) (40) (52) (2) (27) (55) (11) (23) (68) (96) (92) (69) (83) (6) (91) (24) (100) (9) (51) (1) (4) (13) (63) (48) (80) (16) (74) (72) (73) (60) (59) (41) (10) (99) (29) (58) (56) (61) (82) (49) (15) (3) (25) (39) (33) (21) (62) (5) (17) (85) (50) (78) (67) (47) (35) 
77 (39) (69) (28) (15) (16) (22) (14) (90) (2) (42) (26) (1) (43) (50) (99) (87) (71) (32) (35) (56) (58) (65) (61) (31) (7) (45) (41) (52) (59) (97) (21) (5) (51) (8) (70) (96) (72) (37) (60) (20) (12) (4) (100) (66) (78) (3) (92) (10) (89) (67) (30) (46) (11) (91) (48) (74) (57) (18) (13) (94) (64) (47) (75) (17) (88) (24) (84) (68) (63) (77) (80) (49) (62) (55) (38) (25) (76) (85) (73) (81) (54) (83) 
78 (29) (33) (91) (98) (14) (7) (9) (89) (56) (72) (6) (48) (57) (17) (52) (27) (79) (39) (53) (1) (20) (96) (35) (21) (43) (44) (50) (90) (100) (12) (76) (2) (69) (68) (87) (8) (70) (82) (74) (93) (60) (13) (41) (36) (19) (73) (66) (45) (86) (28) (65) (61) (81) (5) (46) (54) (84) (59) (99) (78) (83) (15) (38) (88) (37) (67) (62) (77) (63) (31) (11) (92) (58) (42) 
79 (65) (50) (59) (6) (92) (49) (39) (69) (27) (83) (57) (18) (29) (60) (77) (35) (71) (5) (42) (17) (72) (48) (51) (86) (96) (4) (91) (11) (54) (44) (15) (25) (67) (36) (94) (7) (43) (66) (76) (19) (52) (9) (28) (26) (45) (85) (90) (64) (23) (1) (22) (89) (97) (74) (98) (78) (56) (2) (53) (93) (12) (46) (55) (41) (81) (31) (34) (88) (47) (99) (70) (95) (16) (13) (80) (32) (100) (84) 
80 (85) (65) (29) (23) (44) (48) (2) (14) (31) (41) (66) (33) (45) (67) (98) (47) (90) (86) (32) (96) (61) (64) (55) (43) (22) (72) (27) (52) (87) (20) (25) (8) (37) (69) (58) (63) (16) (3) (53) (36) (4) (73) (84) (57) (11) (80) (56) (88) (28) (100) (13) (97) (42) (62) (60) (92) (91) (68) (40) (94) (49) (77) (89) (19) (74) (82) (78) (34) (5) (79) (7) (50) (46) (59) (6) (1) (12) (75) (81) (76) (18) (10) (71) (70) (15) (54) 
81 (92) (18) (3) (54) (9) (6) (63) (80) (85) (64) (19) (58) (35) (39) (55) (68) (21) (13) (47) (95) (65) (26) (91) (4) (45) (40) (46) (11) (61) (59) (75) (88) (5) (30) (16) (48) (98) (1) (53) (79) (15) (99) (32) (37) (7) (57) (87) (8) (43) (96) (23) (50) (81) (25) (86) (42) (90) (56) (82) (29) (73) (84) (62) (100) (22) (74) (72) (69) (24) (10) (17) (49) (36) (78) (89) (97) (38) (67) 
82 (6) (94) (41) (78) (51) (81) (89) (65) (97) (100) (24) (18) (9) (16) (39) (46) (3) (77) (58) (71) (37) (72) (48) (70) (90) (25) (30) (21) (1) (26) (56) (34) (87) (98) (85) (69) (47) (23) (54) (68) (96) (57) (14) (4) (74) (42) (8) (12) (44) (31) (19) (29) (88) (38) (84) (76) (43) (79) (17) (35) (13) (64) (67) (66) (45) (2) (75) (61) (91) (5) (86) (49) (82) (20) (99) 
83 (17) (89) (91) (23) (60) (14) (4) (78) (6) (18) (43) (29) (67) (32) (59) (80) (63) (54) (55) (37) (100) (86) (68) (49) (51) (1) (35) (25) (27) (95) (77) (40) (47) (71) (20) (56) (69) (72) (58) (24) (90) (81) (41) (65) (16) (38) (31) (5) (21) (19) (34) (22) (87) (73) (30) (75) (15) (48) (7) (57) (11) (26) (62) (28) (12) (82) (70) (64) (98) (53) (61) (88) (3) (96) (9) 
84 (65) (62) (9) (31) (80) (26) (74) (71) (58) (6) (46) (50) (100) (49) (76) (87) (67) (36) (96) (28) (18) (69) (2) (60) (8) (47) (91) (81) (54) (84) (61) (97) (75) (98) (30) (52) (39) (19) (10) (29) (42) (35) (77) (27) (63) (82) (11) (41) (5) (51) (88) (7) (37) (95) (4) (72) (85) (99) (38) (40) (92) (17) (25) (20) (48) (89) (16) (78) (79) (57) (13) 
85 (41) (3) (8) (12) (2) (21) (92) (7) (57) (14) (84) (56) (81) (55) (6) (4) (23) (77) (97) (73) (50) (58) (27) (44) (32) (53) (26) (85) (95) (16) (74) (82) (9) (60) (5) (42) (22) (20) (70) (43) (71) (18) (52) (29) (66) (51) (49) (37) (69) (89) (83) (36) (63) (72) (79) (10) (54) (47) (90) (86) (28) (13) (61) (99) (11) (30) (15) (64) (34) (75) (78) (76) (96) (19) (45) (68) (91) (67) (31) (39) (62) 
86 (63) (67) (15) (59) (74) (81) (65) (49) (79) (30) (72) (48) (5) (84) (55) (38) (82) (1) (66) (9) (31) (22) (36) (45) (43) (33) (21) (99) (62) (19) (61) (25) (93) (14) (80) (20) (7) (52) (76) (100) (88) (37) (39) (8) (73) (77) (56) (17) (75) (53) (51) (83) (70) (90) (69) (87) (71) (85) (60) (78) (24) (46) (18) (27) (57) (47) (11) (42) (41) (86) (3) (97) (54) (98) (89) (26) (13) (34) (96) (16) (35) (50) 
87 (3) (56) (68) (47) (57) (38) (71) (45) (36) (20) (48) (61) (97) (58) (75) (87) (33) (25) (80) (53) (2) (85) (40) (39) (65) (79) (1) (95) (14) (98) (64) (32) (88) (9) (41) (28) (43) (100) (37) (70) (19) (66) (91) (46) (49) (90) (16) (82) (60) (78) (31) (10) (11) (76) (63) (74) (59) (12) (51) (93) (6) (44) (94) (5) (21) (50) (34) (92) (15) (55) (7) (99) (89) (84) (86) (52) (17) (42) (26) (24) (54) (18) (30) 
88 (33) (55) (3) (54) (24) (25) (21) (100) (87) (96) (60) (31) (86) (81) (50) (97) (82) (17) (6) (4) (53) (57) (7) (49) (91) (52) (65) (44) (67) (20) (61) (98) (56) (89) (64) (73) (58) (80) (95) (14) (27) (13) (9) (15) (39) (59) (88) (18) (77) (22) (75) (30) (45) (12) (46) (16) (48) (40) (63) (19) (93) (5) (37) (74) (2) (1) (84) (99) (85) (35) (71) (36) (76) (32) (34) (72) (26) (62) (94) (23) (51) 
89 (12) (25) (85) (64) (39) (33) (91) (3) (52) (41) (72) (97) (34) (19) (77) (84) (21) (15) (81) (78) (63) (56) (24) (55) (4) (82) (46) (71) (37) (70) (65) (30) (59) (68) (11) (99) (60) (79) (57) (44) (50) (75) (2) (36) (54) (83) (80) (67) (53) (28) (95) (17) (10) (86) (100) (49) (1) (94) (16) (88) (22) (14) (61) (96) (23) (47) (90) (29) (58) (38) (13) (18) (98) (76) (48) (66) (8) (31) (74) (43) (87) (42) (32) 
90 (7) (13) (64) (66) (32) (18) (15) (36) (86) (48) (93) (2) (12) (20) (73) (42) (91) (57) (65) (79) (98) (22) (40) (29) (89) (68) (81) (78) (92) (56) (100) (97) (84) (69) (60) (49) (75) (37) (34) (31) (5) (99) (72) (43) (94) (51) (61) (54) (17) (95) (76) (19) (88) (83) (25) (9) (27) (10) (87) (1) (45) (55) (58) (67) (50) (33) (30) (44) (26) (59) (3) (47) (63) (8) (74) (4) (16) (71) (85) 
91 (19) (17) (1) (83) (27) (55) (26) (4) (28) (40) (65) (92) (63) (53) (71) (36) (47) (97) (35) (84) (56) (21) (15) (30) (86) (59) (43) (3) (75) (87) (95) (72) (66) (2) (67) (18) (74) (60) (42) (54) (7) (38) (24) (14) (9) (11) (64) (5) (50) (90) (31) (100) (68) (98) (93) (33) (61) (12) (79) (6) (94) (96) (39) (44) (77) (70) (91) (58) (23) (80) (62) (99) (49) (10) (81) (37) (78) (25) (76) (45) (29) (82) 
92 (87) (80) (93) (56) (9) (14) (17) (83) (49) (5) (99) (96) (82) (8) (32) (27) (4) (68) (2) (53) (79) (76) (63) (54) (31) (21) (74) (62) (7) (46) (85) (58) (19) (28) (97) (57) (72) (98) (73) (90) (47) (84) (10) (70) (24) (75) (16) (55) (42) (65) (33) (38) (86) (64) (100) (89) (67) (25) (51) (22) (15) (18) (41) (77) (92) (23) (43) (66) (95) (3) (6) (30) (12) (13) (37) (1) (71) (20) (40) (26) (91) (44) 
93 (50) (64) (9) (1) (41) (58) (23) (77) (42) (87) (3) (19) (14) (37) (69) (43) (10) (40) (89) (26) (73) (22) (52) (57) (61) (25) (59) (80) (68) (27) (93) (78) (98) (95) (62) (45) (91) (6) (28) (55) (82) (60) (4) (84) (2) (29) (20) (47) (74) (34) (100) (30) (75) (15) (65) (56) (44) (66) (35) (12) (16) (5) (7) (8) (32) (94) (90) (18) (72) (97) (63) (36) (24) (39) (48) (88) (21) 
94 (45) (86) (56) (47) (79) (82) (24) (67) (66) (78) (27) (90) (87) (13) (16) (85) (94) (60) (64) (95) (59) (30) (92) (81) (2) (38) (3) (4) (62) (48) (39) (1) (29) (8) (14) (33) (37) (22) (23) (32) (99) (52) (71) (20) (28) (25) (26) (96) (18) (9) (44) (11) (34) (68) (97) (80) (88) (72) (35) (91) (6) (15) (98) (5) (40) (76) (63) (70) (75) (73) (83) (65) (17) (77) (43) (12) (58) (50) (10) 
95 (78) (57) (12) (16) (41) (26) (30) (56) (37) (2) (6) (98) (18) (52) (39) (61) (60) (51) (71) (80) (91) (35) (25) (53) (40) (11) (23) (4) (58) (81) (72) (70) (21) (88) (64) (9) (54) (8) (44) (59) (47) (76) (79) (99) (36) (84) (45) (22) (77) (63) (10) (31) (33) (93) (67) (50) (32) (29) (5) (75) (85) (27) (96) (15) (94) (83) (28) (24) (42) (1) (90) (100) (55) (3) (65) 
96 (82) (57) (94) (20) (87) (37) (1) (79) (24) (9) (92) (58) (64) (47) (61) (86) (99) (2) (74) (93) (15) (46) (69) (52) (36) (32) (84) (65) (80) (100) (42) (75) (85) (83) (33) (55) (44) (68) (73) (53) (49) (72) (76) (21) (70) (60) (27) (88) (6) (29) (54) (30) (67) (62) (16) (95) (40) (98) (56) (38) (3) (14) (10) (18) (28) (71) (4) (39) (59) (48) (77) (26) (17) (13) 
97 (34) (65) (13) (82) (91) (49) (72) (11) (16) (88) (27) (86) (93) (87) (74) (83) (94) (33) (21) (73) (19) (75) (58) (44) (14) (30) (67) (80) (54) (12) (23) (89) (85) (98) (41) (17) (99) (45) (70) (77) (46) (36) (5) (97) (39) (50) (40) (43) (62) (51) (6) (26) (66) (63) (69) (1) (84) (35) (18) (52) (4) (9) (92) (64) (22) (20) (68) (57) (61) (56) (100) (71) (15) (53) (37) (47) (2) (24) (29) (81) (42) 
98 (87) (77) (32) (12) (13) (92) (80) (66) (59) (53) (46) (73) (67) (8) (94) (27) (71) (84) (35) (23) (42) (57) (31) (60) (51) (17) (62) (19) (86) (2) (9) (82) (70) (90) (5) (55) (38) (56) (33) (6) (81) (41) (75) (72) (58) (64) (34) (36) (18) (93) (63) (4) (20) (43) (11) (24) (25) (50) (45) (68) (65) (74) (76) (28) (3) (79) (78) (95) (22) (29) (48) (88) (44) (30) (26) (47) (61) 
99 (29) (60) (88) (51) (98) (21) (65) (7) (13) (66) (42) (82) (24) (61) (18) (77) (15) (95) (12) (96) (50) (5) (62) (30) (84) (53) (76) (10) (90) (58) (94) (23) (85) (3) (38) (33) (70) (14) (93) (67) (68) (89) (75) (1) (71) (22) (43) (37) (35) (8) (86) (72) (45) (46) (32) (36) (87) (73) (28) (9) (16) (81) (100) (48) (26) (54) (20) (25) (99) (31) (52) (83) (78) (97) (44) (79) (74) (27) (64) (19) (91) (2) (69) (55) (80) (49) 
100 (70) (1) (76) (84) (6) (16) (90) (22) (51) (73) (96) (85) (27) (24) (2) (44) (99) (87) (95) (55) (64) (48) (34) (88) (89) (62) (59) (79) (33) (40) (17) (39) (97) (63) (61) (28) (68) (37) (98) (36) (7) (42) (92) (35) (60) (45) (20) (15) (74) (58) (94) (71) (30) (13) (83) (4) (100) (14) (86) (65) (8) (82) (49) (18) (10) (5) (47) (77) (56) (21) (25) (93) 
