0
100
100
1 (36) (43) (84) (33) (96) (78) (71) (45) (75) (47 87) (64) (68) (95) (100) (59) (62) 
2 (29) (53) (9) (24) (31) (57) (78) (13) (46) (97) (22) (20) (12) (76) (23) (95) (86) 
3 (28) (96) (8) (11) (59 77) (54) (85) (24) (78) (29) (92) (14) (87 19) (94) (25) (40) (93) (80) (67) (6) (9) (57) 
4 (90) (59) (13) (60) (45) (88) (29) (24) (93 96) (46) (5) (58) (39 33) (15) (19) (99) (28) (66) (73) (23) (79) (10) 
5 (76) (20) (9) (11) (17) (61) (62) (13) (92) (67) (42) (80) (99) (19) (56) (6) (81) (34) 
6 (81) (53) (13) (47) (19) (43) (55) (61) (18) (28) (92) (23) (64) (30 89) (32) (96) (33) (8) (10) (21) (58) (74) 
7 (46) (65 66) (57) (78) (25) (17) (86) (100 54) (76) (80) (6) (15) (91) (37) (32) (82) (44) (61) 
8 (71) (72) (82) (77) (25) (5) (39) (52) (99) (47) (43) (85) (66) (38) (24) (13) (73) (57) (19) 
9 (1) (19) (97) (84) (7) (56) (29) (2) (54) (81) (27) (50) (85) (44 52) (73) (8) 
10 (56) (48) (68) (65 22) (35) (96) (99) (67) (57 86) (97) (36) (31) (88) (93) 
11 (32) (33) (39) (44) (15) (87) (96) (34) (54) (12) (67 98) (25) (75) (80) (5) (56) (26) (21) (95) (63) (55) (47) 
12 (66) (44) (24) (22) (27) (74) (38) (13) (94) (69) (57) (49) (86) (56) 
13 (97) (76) (30) (8) (55) (40) (75) (84 35) (82) (18) (29) (89 48) (21) 
14 (26 59) (24) (13) (85) (8 73 7) (19) (75) (1) (80) (83) (61) (36) (67) (77) (89) (46) (63) (69) (62) (95) (50) (64) (84) 
15 (74) (63) (13) (60) (75) (51) (78) (79) (70) (84) (2) (61) (73) (38) (85) (69) (58) (56) (68) (52) (20) 
16 (88) (75) (21) (76) (11) (71) (84 2) (66) (3) (90) (69) (57) (94) (25) (4) (7) (38) (43) (28) (30) 
17 (98) (29) (20) (7 81) (9) (87) (26) (45) (17) (69) (75) (35) (65) (53) (56) (43) (63) (90) 
18 (22) (69) (4) (38) (39) (18) (17) (93) (91 45) (95 31) (97) (25) (26) (52) (100) (30) (35) (16) (92) (89) 
19 (18 16) (39) (55 53) (36) (2) (37) (7) (81) (70) (4) (8) (35) (10) (73) (83) (76) 
20 (51) (2 64) (30) (9) (19) (81) (14) (35) (20) (37) (62) (24) (99) (3) (7) (21) (86) (26) (25) (66) 
21 (29) (84) (6 78) (8) (46) (16) (23) (45) (44) (65) (26) (54) (72) (49) (62) (80) (88) (79 94) (17 97) (30) 
22 (57 27) (98) (100) (96) (55 53) (70) (62) (80 71) (90) (66) (30) (36) (50) (91) 
23 (46) (51) (61 85) (33) (41) (35) (37) (36) (56 24) (32) (47) (58 26 42) (30) (79) (17) (14) (67) (60) 
24 (49) (52) (37) (29) (31) (90) (7) (23) (11) (10) (33) (44) (30) (83) (68) (62) (14) (96 67) (32) (9) (2) (98) (51) (50) (82) 
25 (64) (48) (69) (1) (61) (37) (82) (23) (7) (100) (5) (31) (55) (95) (24) (26) (63) (27) (49) (17) (56) (81) 
26 (1) (92) (55) (74) (89 98) (87) (43) (58) (23) (29) (76) (63) (48 42) 
27 (28) (57) (79 91) (22) (65) (12) (90) (2) (50) (27) (11) (83) (86) (60) (97) (99) (75 58) (24) (71) (47) (8) (80) (18) (42) (76) (7) (70) 
28 (69) (47 14) (100) (76) (10) (63 86) (18) (67) (34) (35) (95) (43) (58) (46) (20) 
29 (76 55) (54) (64) (82 22 47) (94) (19) (13) (58) (88) (93) (21) (98) (72) (33) (62) (86) (4) (77 7) (16) (52 34) (15) 
30 (68) (50) (86) (51) (34) (74) (65) (87) (37) (89 93) (45) (44) 
31 (53) (71) (40) (96) (75 72 73 88) (38) (70) (1) (33) (16 83) (97) (59) (23) (68 62) (87 54) (39) (65) (27) (6) 
32 (68) (96) (48) (60) (57) (90) (15) (25) (74) (7) (69) (6) (93 21) (14) (70) (62) (11) (41) (56) 
33 (56) (34) (20) (18) (86 16) (39) (70) (58) (99 54) (14) 
34 (80) (64) (42 59) (99) (37) (58 96) (33) (5) (29) (54) (98) (88) (71) (25) (57) 
35 (26) (40) (73) (62) (38) (24) (3) (46) (55) (84) (52) (58) (77 64) (36) (80) (81) (43) (59) (100) (94) (13) (17) (82) (16) (67 2) 
36 (12) (49) (61) (46) (93) (43) (22 21) (83) (100) (70) (67) (13) (98) 
37 (77) (57) (49) (99 3) (10) (9 91) (30) (32) (31) (71) (11) (55) (85) (21) (38) (4) (63) (56) 
38 (19) (49) (95) (69) (66) (70 62) (63 29) (65) (57) (23 77) (67) (9) (44) (2) (84) (6) (32) (80) (71) (53) (48) (42 47) (37) (96) 
39 (38) (32 14) (29) (50) (48) (81) (76) (12) (44) (77) (97) (33) (58) (10) (57) 
40 (58 14) (80) (69) (28) (29) (23) (43 88) (73) (27) (39 82) (91) (48) (19) (26) (92) (89) (18) 
41 (78) (29 31) (79) (13) (62) (92) (25) (18) (34) (22) (60) (73) (88) (97) (33) (69) 
42 (12) (84) (85) (86) (94) (24) (50) (19) (33) (74) (100) (66) (45) (95) (70) (56) (36) 
43 (8 37) (74) (24) (34) (54) (23) (65 84) (40) (91) (48) (3) (80 99) (98) (77) (41) (81) 
44 (89) (99 57) (80) (88) (1) (29) (94) (60) (42) (50) (85) (13) (21) (20 72 77) (76) (71) 
45 (90) (25) (39) (3) (62 8 54 94) (35) (45) (61) (93) (86) (42) (21) (41) (79) (49) (22) 
46 (26) (39) (10) (85) (60 49) (8) (55) (14) (1) (77) (93) (61) (27) (89) (58) (30) (12) 
47 (76) (20) (84) (69) (88) (74) (62) (43) (34 40) (64) (95) (39) (26) (8) (19 65) (7) (35) (41) (3) (47) (18) (17) (90) (30) (66) 
48 (16) (95) (24) (30) (100) (73) (60 52) (22 69) (28) (76) (5) (36) (26) (72) (38) (75) (91) (83) 
49 (9) (74 65 29) (28) (97) (72 81) (33) (61) (7 83) (96) (68 55) (80) (63) (46) (88) (41 37) (71) 
50 (69) (2) (68) (32) (16) (81) (75) (48) (47) (12) (24) (9) (77) (13) (82) 
51 (40 96) (9) (55) (7) (84) (32) (3) (27) (2) (88) (57) (94) (22) (71) (58) (13 5 29) (85) 
52 (88) (71) (57) (74) (8) (6) (33) (4) (21) (39) (66 77) (72) (20) (15) (18) (23) (12) (27) 
53 (45) (16) (74) (75) (1) (15) (91) (82) (9) (14) (80 78) (86) (96) (32) (10) (89) (20) (50) (94) (71) 
54 (20) (88) (74) (89) (15) (6) (39) (95) (55) (33 91) (37) (69) (76) (26 81) 
55 (31) (97) (88) (10) (93) (17 33) (61 15) (86) (25) (91) 
56 (68) (53 86) (72) (60 19) (15) (49) (3) (4) (56) (2) (28) (99) (44 39) (48) (65) 
57 (51) (39) (14) (62) (71) (75) (67) (10) (95) (24) (19) (12 2) (58) (97) (13) (53) (69 73) (35) 
58 (42) (49 85) (68) (69) (52 87) (21) (99) (5) (4) (11) (71) 
59 (22 71) (27) (63 52) (43) (98 76 70) (68) (64) (44 34) (73 86) (31) (8) (29) (67) (49) (99) (30) (60) (9) 
60 (85) (47) (2) (52) (15) (18) (77) (9) (32) (23) (20) (13) (24 55) (8) (74 25) (59) (83) (68) (35 51) (39) (50) 
61 (15) (93) (80) (37) (99) (35) (76) (78) (19) (86) (49) (91) (39 68) (96) (17) (13) (24) (34 11) (72) (82) (42) 
62 (35) (10) (83) (25) (42) (47) (5) (40) (89) (53) (97) (87) (56) (21) (99) (91) (28) (67) (70) 
63 (97) (85) (76) (5) (39) (7) (50) (2) (6) (93) (18) (64) (69) (89) (51) (19) (72) (11 29) (40) (62) (86) (44) 
64 (6) (53) (29) (77) (38) (39) (46) (57) (55) (75) (21) (7 3) (96) (93) (18) (86) 
65 (1) (44) (63) (65) (70) (66) (33) (86) (39) (100) (77) (90) (87) (10) (71) (38) (84) (35) (79) (52) (22) 
66 (7) (100) (52) (91) (33) (4) (72 58) (59 51) (26) (69) (64) (94) (37) (29) (49) (99) (12) (83 60) 
67 (44) (43) (11) (4) (47) (20) (78) (14) (91) (54) (28) (5) (98) (55) (1) (68) (10) (73 66) (30) (2) 
68 (88) (2) (50) (9) (91) (54) (61) (80) (87) (65) (72) (3) (21) (97) (81) (31) (43) (12) (77) (100) 
69 (92) (6) (23) (4) (53) (93 76) (94) (46) (7) (38) (25 98 8) (16) (90 62) (28) (11) (64) 
70 (38) (58) (47) (9) (6) (59) (64) (44) (18) (21) (73) (92) (55) (43) (93) (26) (19) (42) 
71 (46) (50) (23) (57) (15) (88) (60) (86) (32) (13) (27 95) (53) (69) (81) (34) (61 28) (35) (85) (52) (11) 
72 (13) (9) (17 3) (7) (98) (2) (93 95) (60) (81 48) (35) (73) (63) (43) (100) (37) (16) (29) (34) 
73 (1) (91 83 86) (32) (93) (38) (3) (35) (17) (75) (59) 
74 (12) (74) (37) (66 2) (86) (4) (6) (67) (35) (96) (70) (62) (23) (99) 
75 (36) (54) (18) (83) (51) (43) (4) (27) (70) (32) (19) (21) (38) (67) (41) (31) (71) (42) (11 34) (24) (81) (94) (77) (13) (72) (3) (64) 
76 (28) (91) (54) (77) (6) (39) (27 3) (44) (14) (29) (4) (76) (11) (18) (93) (94) (70 26) (22 33 64) 
77 (49) (87) (46) (98) (33) (43) (58) (29 30) (75) (95) (15) (93) (27) (64) 
78 (30) (44 9) (37) (59) (22) (85) (70) (54) (24) (92) (72) (3) (55) (88) (51) (71) (36) (78) (84) (28 79) (42) (74) (7) (11) 
79 (33 8) (42) (60) (91) (24) (96) (53) (99) (57) (56) (14) (54) (87) (62) (30) (4) (16 77) (10) (47) 
80 (63) (65 99) (10) (83) (1) (28) (74) (77) (96) (34) (19) (54) (86) (20) (9) (44) (17 40) (59) (57) (71) (68) (6) (3) 
81 (78) (65) (60) (45 35) (83 70) (67) (82) (91) (31) (13) (94 100) (25) (80) (34) (75) (4) (32) (74) (46) (61) (47) 
82 (27) (32) (84 14 68 63) (99) (18 90) (41 21 31) (59) (26 57) (8) (93) (17 66) (77) 
83 (97) (43) (26) (41) (100 32) (88) (15) (9) (35 28) (18) (79) (23) (52) (96) (6) 
84 (80 79) (20) (2) (24 33) (89) (34) (93) (22) (48) (57) (38) (65 27) (87) (42) (72) (76) 
85 (29) (16) (96) (23) (56) (76) (13) (15) (4) (33) (78) (79) (74 75) 
86 (20) (69) (9 89) (44 33) (47) (42 3) (40) (86) (100) (64) (94) (56) (38) 
87 (51) (20) (44) (36) (91 94) (1) (65) (56) (90) (16) (59) (47) (97 22) (82) (29) 
88 (37) (8) (41) (26) (61) (14) (87) (77) (31) (76) (88) (59) (29) (2) (98) (62) (64) 
89 (99) (71) (57 1) (22) (93) (26 61) (21) (29) (38) (41) (34 31) (36) (5) (37) (92) (86) (65) (33) (96 47) (48 14) 
90 (61) (83) (78) (39) (18) (57) (21) (13) (80) (94) (69 60) (86) (59) (48) (58) (10) (15) (26) 
91 (45) (18) (65) (72) (70) (47) (28 75) (78) (37 77) (100) (39) (6) (31) (53) (20) (36) (63) (40) 
92 (87) (50) (92) (26) (13) (30) (1 17) (37) (58) (100) (4) (22) (45) (55 82) (5) (23) (2) (68) (59) (53) (24) 
93 (94) (33) (97) (70) (76) (4) (17) (55) (28) (11) (62) (54 49 87) (42) (48) (100) (39 92) (65) 
94 (96) (27 100) (81) (85) (10) (40) (24) (19) (50) (44) (13) (33) (49) (52) (56) (92 5) (86) (41) 
95 (94) (88 63) (78) (86) (39 53) (26) (8) (13) (42) (79) (18) (38) (99) (62) (52) (83) (6) (90) 
96 (90) (55) (2) (11) (30) (76) (94) (70 80) (97) (86) (65) (6) (45) (10) (4) (13) 
97 (63) (64) (84) (5) (10) (23) (24) (31) (88) (21) (95) (37) (46) (90 65) 
98 (88) (97) (28) (71) (68) (90 37) (76) (60) (44) (98) (72) (29) (82) (89) (61) (66) (93) 
99 (43) (88) (90) (85) (95) (59) (20) (61) (33) (3) (44) (73) (34) (35) (29) (6) (49) 
100 (23) (6) (91) (26) (49) (27 16) (73) (14) (37) (79) (66) (59) (7) (3) (95) (34 41) (20) 
1 (65) (26) (53) (89) (44) (80) (92) (46) (31) (87) (67) (25) (14) (9) (73) 
2 (51) (96) (57) (15) (24) (67) (20) (50) (16) (19) (38) (60) (35) (9) (27) (84) (88) (56) (72) (63) (74) (92) (68) 
3 (86) (80) (16) (37) (100) (72) (75) (56) (45) (78) (68) (64) (43) (35) (73) (20) (51) (76) (47) (99) 
4 (75) (19) (79) (58) (18) (16) (29) (93) (52) (96) (76) (69) (37) (81) (67) (85) (66) (74) (56) (92) 
5 (62) (94) (25) (11) (34) (8) (89) (4) (92) (67) (97) (51) (48) (63) (58) 
6 (21) (52) (70) (74) (99) (83) (38) (3) (91) (80) (69) (5) (64) (63) (54) (7) (95) (32) (76) (31) (96) (100) 
7 (64) (66) (17) (16) (14) (32) (24) (29) (19) (27) (25) (9) (69) (100) (47) (72) (20) (51) (49) (63) (78) 
8 (60) (46) (45) (3) (13) (69) (59) (52) (19) (95) (9) (21) (14) (47) (6) (27) (43) (88) (79) (82) 
9 (37) (3) (5) (70) (72) (17) (50) (2) (51) (24) (83) (78) (68) (53) (80) (20) (49) (59) (60) (38) (86) 
10 (53) (24) (55) (57) (39) (4) (97) (79) (37) (62) (28) (67) (94) (96) (19) (65) (80) (90) (46) (6) 
11 (16) (5) (71) (67) (24) (27) (76) (75) (96) (58) (93) (69) (32) (3) (78) (61) (37) (63) 
12 (27) (2) (52) (50) (46) (39) (36) (66) (11) (74) (57) (42) (68) 
13 (60) (6) (61) (4) (72) (96) (2) (50) (92) (71) (85) (8) (41) (12) (94) (90) (35) (15) (44) (29) (36) (14) (51) (57) (81) (95) (75) (5) 
14 (24) (76) (32) (67) (46) (100) (39) (89) (3) (88) (33) (53) (40) (79) (20) (23) (28) (82) (57) 
15 (77) (32) (53) (55) (60) (61) (29) (83) (90) (56) (71) (52) (4) (11) (85) (7) (54) 
16 (31) (85) (21) (35) (79) (72) (48) (87) (100) (18) (50) (69) (53) (19) (29) (33) 
17 (61) (5) (72) (35) (7) (47) (92) (55) (23) (80) (82) (25) (93) (73) (21) (18) (17) 
18 (28) (6) (64) (40) (13) (19) (90) (70) (83) (41) (47) (76) (60) (82) (33) (27) (91) (52) (75) (18) (95) (63) 
19 (8) (40) (94) (42) (61) (9) (38) (70) (5) (4) (63) (29) (3) (14) (47) (75) (80) (20) (57) (56) (6) 
20 (2) (84) (60) (67) (33) (20) (15) (80) (100) (87) (44) (91) (99) (17) (53) (54) (47) (86) (28) (52) (5) 
21 (13) (89) (70) (82) (64) (11) (52) (44) (68) (45) (16) (32) (58) (75) (20) (6) (90) (62) (29) (36) (37) (97) 
22 (48) (84) (59) (87) (2) (65) (29) (41) (36) (18) (51) (10) (92) (76) (45) (78) (12) (27) (89) 
23 (21) (4) (92) (97) (40) (25) (74) (6) (85) (24) (31) (26) (43) (83) (38) (60) (71) (2) (69) (100) (52) 
24 (8) (60) (92) (97) (3) (43) (14) (42) (20) (50) (27) (48) (4) (2) (25) (12) (84) (23) (79) (57) (35) (61) (78) (94) (75) 
25 (18) (16) (32) (41) (60) (45) (81) (34) (3) (55) (20) (7) (8) (69) (62) (11) 
26 (23) (11) (88) (70) (82) (18) (40) (95) (20) (92) (76) (17) (25) (90) (47) (21) (89) (100) (46) (14) (48) (66) (83) (54) (35) 
27 (27) (22) (12) (31) (82) (77) (100) (75) (94) (25) (51) (40) (9) (46) (76) (71) (59) (52) (84) 
28 (69) (76) (48) (62) (78) (83) (6) (27) (3) (49) (16) (67) (93) (71) (91) (56) (98) (80) (40) (4) 
29 (66) (72) (2) (63) (13) (4) (88) (41) (59) (44) (34) (99) (38) (24) (89) (49) (17) (77) (87) (51) (76) (85) (26) (98) (21) (3) (64) (39) (40) (9) 
30 (24) (23) (96) (6) (78) (18) (79) (21) (37) (46) (59) (67) (16) (92) (13) (77) (20) (48) (47) (22) 
31 (55) (91) (41) (89) (81) (68) (97) (59) (18) (24) (37) (2) (10) (25) (75) (82) (88) 
32 (73) (82) (24) (38) (60) (83) (50) (23) (71) (39) (6) (37) (7) (53) (75) (11) (51) (81) 
33 (4) (86) (24) (39) (99) (55) (54) (34) (41) (6) (11) (49) (77) (1) (93) (94) (89) (52) (76) (79) (42) (66) (85) (23) (65) (31) (29) (84) 
34 (100) (43) (47) (28) (30) (71) (61) (81) (72) (89) (11) (75) (99) (33) (5) (84) (41) (80) (59) (29) 
35 (74) (20) (62) (72) (45) (18) (19) (10) (99) (60) (17) (81) (71) (23) (47) (28) (57) (83) (61) (73) (65) (13) 
36 (48) (42) (1) (91) (22) (87) (14) (35) (10) (75) (23) (19) (89) (78) 
37 (91) (66) (43) (88) (19) (30) (34) (61) (92) (24) (89) (7) (74) (20) (98) (23) (72) (97) (78) (38) (25) (54) (100) (49) 
38 (89) (70) (12) (75) (64) (8) (84) (37) (48) (65) (31) (69) (86) (15) (39) (73) (18) (35) (95) (16) 
39 (33) (95) (64) (19) (91) (8) (65) (46) (56) (90) (18) (31) (4) (40) (60) (76) (52) (54) (57) (45) (61) (47) (63) (11) (93) 
40 (35) (13) (3) (47) (62) (31) (91) (86) (51) (63) (94) (80) (43) 
41 (89) (88) (43) (47) (82) (45) (94) (100) (23) (32) (75) (83) (49) 
42 (27) (70) (93) (86) (44) (75) (78) (45) (23) (34) (38) (26) (95) (61) (79) (62) (5) (58) (84) 
43 (36) (6) (1) (16) (17) (70) (40) (75) (59) (26) (68) (72) (35) (77) (83) (67) (47) (8) (28) (99) 
44 (98) (87) (11) (21) (30) (76) (59) (7) (78) (9) (99) (67) (38) (70) (86) (80) (56) (39) (12) (65) (24) (94) (63) 
45 (91) (30) (1) (17) (4) (21) (96) (53) (81) (45) (92) (42) (18) 
46 (21) (49) (35) (69) (77) (64) (14) (97) (4) (23) (36) (28) (81) (7) (71) (2) 
47 (38) (87) (79) (28) (60) (86) (8) (47) (81) (1) (27) (50) (29) (89) (91) (62) (67) (70) (6) (11) (23) 
48 (72) (84) (93) (38) (43) (89) (56) (90) (32) (26) (40) (25) (10) (13) (50) (39) 
49 (61) (56) (24) (45) (100) (77) (66) (36) (59) (21) (93) (25) (12) (38) (94) (46) (58) (37) (99) 
50 (94) (30) (63) (53) (42) (68) (39) (71) (44) (92) (27) (60) (9) (14) (24) (22) 
51 (63) (75) (87) (15) (78) (24) (66) (23) (57) (20) (60) (30) 
52 (95) (35) (48) (58) (8) (83) (29) (66) (18) (60) (9) (65) (71) (15) (59) (24) (94) 
53 (71) (17) (62) (91) (95) (2) (19) (6) (38) (22) (56) (64) (79) (57) (92) (31) (69) 
54 (33) (34) (80) (9) (45) (31) (11) (75) (7) (43) (76) (79) (21) (3) (67) (93) (68) (78) (29) 
55 (26) (11) (78) (49) (35) (51) (19) (64) (92) (6) (93) (25) (96) (60) (46) (22) (13) (70) (67) (54) (37) (29) 
56 (42) (10) (62) (94) (17) (37) (15) (23) (86) (9) (25) (79) (85) (11) (12) (56) (5) (87) (32) (33) 
57 (37) (38) (10) (80) (22) (2) (79) (27) (82) (90) (44) (71) (3) (89) (32) (12) (16) (84) (34) (52) (39) (8) (64) (7) (51) 
58 (26) (34) (40) (70) (51) (57) (46) (77) (39) (23) (29) (66) (33) (15) (90) (4) (28) (27) (92) (35) (6) 
59 (78) (73) (60) (80) (34) (100) (87) (3) (35) (82) (66) (4) (70) (92) (90) (31) (14) (88) (1) (99) 
60 (23) (81) (46) (32) (66) (72) (79) (56) (41) (90) (4) (15) (98) (44) (59) (27) (48) (71) 
61 (7) (15) (55) (46) (81) (6) (14) (88) (68) (89) (23) (36) (5) (71) (90) (99) (25) (49) (45) (98) 
62 (63) (45) (74) (32) (38) (35) (5) (21) (69) (79) (1) (20) (14) (41) (95) (24) (47) (29) (22) (88) (57) (31) (93) 
63 (82) (26) (14) (37) (17) (49) (15) (91) (95) (59) (80) (11) (72) (97) (28) (65) (25) (38) 
64 (75) (66) (34) (20) (14) (29) (25) (76) (59) (70) (97) (88) (63) (47) (69) (86) (77) (6) (35) (1) 
65 (80) (30) (47) (96) (93) (27) (89) (31) (21) (81) (17) (65) (84) (7) (10) (68) (87) (38) (49) (43) (97) (91) (56) 
66 (74) (16) (8) (67) (20) (42) (4) (52) (22) (12) (98) (7) (47) (65) (82) (38) (100) 
67 (10) (57) (74) (3) (5) (75) (81) (35) (62) (24) (36) (28) (59) (14) (38) (23) (11) 
68 (50) (56) (60) (98) (82) (15) (67) (59) (61) (92) (49) (31) (30) (80) (24) (10) (1) (58) (32) 
69 (58) (15) (48) (86) (54) (90) (18) (32) (47) (38) (63) (17) (66) (16) (71) (14) (28) (41) (50) (40) (57) (12) (25) 
70 (27) (32) (76) (15) (74) (75) (96) (31) (91) (42) (93) (78) (38) (19) (62) (81) (59) (36) (65) (22) (33) 
71 (27) (89) (31) (65) (59) (78) (53) (22) (38) (75) (58) (49) (51) (37) (34) (8) (1) (80) (44) (16) (57) (98) (52) 
72 (31) (68) (48) (75) (56) (8) (91) (21) (29) (78) (52) (84) (49) (61) (63) (98) (44) (66) 
73 (67) (72) (57) (9) (59) (100) (14) (99) (70) (48) (41) (40) (4) (31) (8) (15) (19) (35) 
74 (26) (81) (32) (30) (52) (74) (78) (80) (53) (49) (43) (47) (85) (6) (54) (12) (60) (15) (42) 
75 (53) (81) (91) (11) (48) (57) (27) (15) (17) (1) (16) (64) (85) (50) (13) (14) (31) (73) (77) 
76 (19) (98) (28) (44) (84) (29) (54) (39) (96) (47) (2) (88) (48) (7) (13) (5) (16) (85) (93) (69) (26) (27) (59) (61) (76) (63) 
77 (35) (50) (80) (14) (44) (29) (76) (79) (37) (43) (68) (65) (38) (88) (75) (64) (52) (39) (8) (82) (46) (60) (3) (91) 
78 (90) (85) (2) (15) (1) (78) (61) (95) (91) (41) (3) (67) (21) (53) (7) (81) 
79 (27) (15) (100) (23) (45) (95) (84) (4) (85) (21) (41) (65) (78) (83) 
80 (5) (21) (61) (84) (38) (44) (96) (40) (14) (43) (3) (68) (90) (7) (22) (34) (81) (11) (35) (53) (49) (27) 
81 (20) (94) (9) (17) (6) (54) (39) (35) (72) (71) (19) (25) (5) (43) (50) (49) (68) (75) 
82 (13) (87) (24) (50) (53) (29) (40) (25) (98) (92) (7) (35) (8) (61) (81) 
83 (27) (24) (95) (81) (60) (90) (49) (48) (66) (80) (62) (73) (19) (36) (14) (31) (75) 
84 (42) (13) (43) (21) (16) (35) (38) (14) (1) (51) (15) (82) (65) (97) (78) (47) (9) 
85 (63) (78) (9) (14) (60) (58) (71) (37) (8) (99) (3) (46) (42) (23) (94) (51) (44) (15) 
86 (71) (86) (95) (27) (94) (42) (74) (59) (63) (64) (29) (10) (30) (90) (2) (89) (12) (80) (7) (56) (65) (55) (53) (28) (45) (33) (96) (73) (61) (20) 
87 (92) (88) (68) (84) (17) (62) (3) (30) (58) (65) (26) (1) (11) (31) (77) (93) (79) 
88 (99) (31) (40) (52) (83) (78) (16) (55) (51) (95) (10) (49) (98) (97) (4) (68) (29) (47) (71) (54) (34) (21) (41) (44) (88) 
89 (86) (54) (63) (98) (44) (40) (26) (62) (6) (18) (46) (30) (53) (13) (14) (84) 
90 (27) (87) (17) (16) (98) (96) (95) (82) (65) (47) (97) (45) (24) (69) (4) (99) (22) (32) 
91 (67) (22) (53) (100) (40) (55) (81) (76) (37) (43) (79) (68) (87) (66) (7) (27) (54) (73) (62) (61) (48) (18) 
92 (93) (70) (92) (94) (26) (6) (41) (40) (18) (5) (3) (89) (69) (78) 
93 (70) (3) (77) (46) (4) (72) (61) (69) (10) (98) (63) (18) (82) (89) (45) (64) (29) (73) (32) (84) (76) (55) (30) (36) 
94 (76) (3) (51) (87) (81) (21) (45) (93) (16) (53) (90) (96) (66) (44) (12) (86) (69) (35) (95) (29) (75) (42) 
95 (54) (42) (48) (99) (97) (100) (18) (25) (2) (14) (72) (57) (71) (1) (38) (77) (11) (28) (47) 
96 (4) (3) (6) (38) (10) (80) (61) (85) (51) (83) (32) (1) (79) (89) (34) (49) (31) (22) (74) (24) (53) (64) (94) (11) 
97 (63) (9) (96) (31) (2) (21) (68) (57) (62) (39) (27) (41) (98) (83) (55) (93) (10) (18) (87) (13) (49) 
98 (69) (24) (26) (59) (88) (17) (36) (43) (11) (72) (98) (22) (29) (67) (34) (77) 
99 (61) (43) (89) (4) (8) (20) (44) (10) (27) (74) (79) (5) (56) (62) (34) (59) (95) (66) (58) (37) (82) (80) (33) 
100 (93) (22) (1) (83) (35) (68) (91) (72) (36) (66) (25) (65) (86) (42) (18) (81) (94) (7) (92) (28) (48) 
