0
100
100
1 (59) (17 5) (78) (99 24 55) (39 77) (29) (90 71 81) (47 50 4 95) (42) (34) (38) (11 48) (33) (75) (46) (32) (9) (72 98 28) (23) (56) (52) (8) (74) (85) (97 94) (21) (64) (96) (40) (2) (15) (13) (30) (73 36) (58 53 43) (12) (25) (70) (92) (37 57) (62) (31 67) (49) (83) (41 3 82) (51 14) (65) (91) 
2 (22) (27) (78 43) (61 46 52) (99) (50 90) (6) (29) (91) (73) (28) (24) (62) (16) (14) (32) (85) (37) (87 51) (83) (5 19) (41) (21 74) (57) (1) (9) (2) (96 38) (10 54) (3) (8) (49) (40 77 89) (20) (64) (35) (82) (68) (100) (15) (34 67) (36 65) (11 66) (86) (70) (93) (98) (23) (31) (71) (97 55 30) (92) (75) (80) 
3 (86 62) (57) (19 46) (94) (51) (3) (24) (92 99) (63 22) (67) (18 76) (69) (34) (64) (25) (29 74) (71) (95 47 48 72) (37) (56 100) (7 77) (10) (8) (21) (43) (82 78) (98 1) (54) (49) (65) (20) (55 91) (38) (88) (80) (11) (58) (50) (12) (61 44) (40) (87) (79) (35) (6 39) (28) (27 15) (45) (68) (26) (89) (14) (36) (73) 
4 (46 95 97) (30 42) (10) (77) (14) (48) (40) (81) (27 35) (45) (51 50) (80 39) (1) (44) (8) (17 59 3) (22) (11 92) (84) (70) (98) (86) (93 15) (54) (43) (32) (34 60) (36) (61) (100) (9) (89) (49) (19) (21) (56) (72) (55 62) (82) (90) (79) (78) (67 16) (65 4 37) (64) (85) (66 33) (38 73) (69) (47) (99 26) (83 13) 
5 (68) (57 71) (52) (91) (12 46) (47 34) (92 23) (100) (9) (62) (74) (15) (10 86) (78 99) (1) (4) (30 35) (43 77 38 84 33) (53) (42) (22 63 93 61) (76) (70) (58) (75) (89) (14) (49 16) (88 3) (65) (21) (83 11) (31) (69) (6) (87 51 80) (26) (67) (36 13) (24) (32) (79) (5) (95) (81) (45) (55) (72 73) 
6 (64 100) (37) (78) (98) (13) (15) (93) (72) (45 29) (1 96 71 46 54 84) (16) (18 14) (97) (44) (27) (25 77) (19) (43) (83) (30) (33) (32) (86) (28 73) (51) (80) (68 99) (88) (31) (36) (59) (91) (94) (11) (12) (7) (39 56) (61 34 49 4) (85 38 58) (76) (62) (79) (20) (60 40) (92) (23) (70) (9) (2) 
7 (39 18) (64) (89) (21) (76) (31) (25) (5) (12 32) (45 40) (14 16) (95) (20) (52) (98) (27) (71) (10) (96 36) (63) (49) (100) (87 62) (50) (65) (1) (79) (73) (56) (51) (88 54) (9) (17) (46 80) (44 48 58 97 77) (3 47) (4 37) (83) (30) (42 11) (41 53) (60) (72 84) 
8 (20) (93) (69) (31) (58) (9 22) (19 7 78 45) (60) (15) (99) (63) (53 85 56 91) (59) (88 83 11) (87) (13) (54) (14) (29 81) (98 27) (30) (74 8) (70) (43) (80 49) (79) (100) (39) (65) (76) (4) (38 51) (64 48 72) (6) (86 75) (37) (96) (25) (2) (71) (34) (94) (89) (3) (55) (90) (10) (95 61) (77) (17) 
9 (47) (61 53 34) (2 26) (84) (46) (82) (50) (11) (92 86 49 65) (43) (32) (70) (28) (73) (59) (20) (56 52) (13) (98 74) (100) (83) (96) (9) (75 76) (71) (90) (97) (1) (17 57) (94 80) (91) (64) (93 18) (95) (44) (31) (78 21) (85 81 69) (54) (37) (14) (29 40) (79) (12) (10) (19 89 77 51 62 27) (7 35) (3) (38) 
10 (80) (86) (35) (67 25 75) (32) (17) (27) (79) (59) (3) (96) (48 11) (21) (76 73) (7 62) (37 9) (10) (5) (39) (22) (15) (23 60 98) (54 43) (45) (53) (95) (55) (12 77) (44 49) (88 18) (94) (51) (1 29 69) (82) (19) (84 40) (31) (24) (63) (36) (74) (16) (91 33) (50) (52) (85 56) (28 38) (68) (20) (81) 
11 (24 51) (22) (7) (29) (52) (98) (40 27) (14) (26) (78) (77) (71) (61 79 9) (5) (73) (23) (54) (68) (16) (89 25) (53) (88) (10 57 83 65 50 3) (41 97) (92 32) (59) (46 18 34) (43) (90 1) (37) (86) (4) (60) (6 80) (85 49 30) (93) (13) (99) (94) (64) (20) (31) (15 70) (12 66) (69) (48) (63) (11 67) (35) (39) (82) (44) (76) (75 2) (21) (38) 
12 (20) (66) (23) (9) (1) (65) (79) (7 58) (10) (87) (17 99) (43) (19) (11) (95) (22) (69) (85 48) (100 51 80) (34 3 94) (55) (73) (76) (8) (75) (6) (97) (91 70) (24) (53 74 67 88) (86) (46) (45 63) (64 54) (81) (5 31) (13) (60 29) (41) (77) (89) (82 38 61) (15 32) (96) (39) (21) (42) (12) 
13 (46 23) (22) (40) (24) (56 19 58) (13) (94) (21) (32) (17) (86) (100) (72 50) (87) (89) (57) (53) (74) (35 88) (43 64) (98) (75) (18) (69) (55) (61) (83 48) (12) (68 10) (26) (31) (77) (80 36) (51) (47 42 8) (95) (49) (6) (39) (79) (99) (7) (60) (93 59) (1) (11) (76) (25 71) (34 96 44) (28) (54) (2 81) (85) 
14 (49) (7 47) (28 70) (75 50) (66) (54) (90) (59 88) (1) (67 72) (40) (65 35) (22) (69) (83) (80 3 68) (31) (73) (11 15) (84) (81) (53) (79) (92) (12) (56) (10 5) (60) (38 37) (33) (30) (8 43) (91) (17) (45) (87 16) (20) (94) (13) (98 23) (95) (46 62) (18) (64) (74 19) (21) (63) (61) (29) (2) 
15 (69) (86 1) (66) (35) (25) (96) (79) (28) (45) (41) (24 57) (100) (60) (44) (42) (56) (85) (61) (12 16 20 3) (72) (84) (9) (13) (52) (87) (6) (95 80 53 78) (77) (83) (51 31) (40) (8 98) (89) (10) (38 92 71) (50 15 4) (75) (37 22 48 11) (7) (90) (82) (23) (93) (64) (54) (97) (32) (21 33) (27) (99 63) 
16 (60) (19) (93 89) (24) (50 9) (65) (39) (14 69 54 52 16) (40) (38 22 70) (4) (62) (27 48) (11) (78) (46) (91) (34 6) (37) (82) (100 57 64) (61) (59 66) (74) (33) (85) (95) (42) (90) (79) (7) (5 3) (25 77 8) (32) (10 29) (92 35) (86 99) (58 1) (67) (51) (96 36) (56) (68) (49 88 98) 
17 (83 5) (75) (7) (12 96) (42) (56) (10 59 35 84 15 40) (57) (97) (95) (22) (43) (49 44) (27 87) (1 66) (76) (46) (6) (41) (92) (78 17) (94) (50) (74) (30 24) (36 100) (99) (82) (61) (71) (89 58 79 86) (65 23 47) (69 81) (38) (73) (80) (31 37 51) (14) (34 11) (85) (18) (62) (72) (98 93) (52) (64) (9) 
18 (68) (44 74) (69) (19 25 96 22) (72) (16) (83) (7) (5) (58 65 47) (23) (43) (67) (3) (36) (91) (37) (94) (8) (56) (26 99 66) (30 15) (1 59 100) (89) (71) (33) (75) (34) (13) (35) (4) (49 55) (62 90) (24) (77) (18 11) (29) (64) (48 57 39 79) (20) (85) (9) (50) (84) (52) (76) (70) (81) (31) (6) (46) (40) (41) (14) (92) (28 95) 
19 (18 54) (83) (87) (67 23) (36 65 75) (16) (12) (43) (39) (38 92 46) (33 82) (48) (41) (59) (10 5) (61 76) (47 45) (35) (72) (62 97) (69) (30) (57 53) (78 26) (58) (99 32) (73) (52) (64) (95) (3 19) (29) (50 84) (93) (9) (81 49) (21) (34) (90) (7 79) (17) (27 68) (66 42) (91) (77 22) (94) 
20 (46) (64) (37) (39 80) (58) (32 15 29) (100) (54 28) (33) (79) (47) (90) (91) (74) (8 96) (88) (81) (1) (94 95 42 62 44) (75) (13 71) (85) (51 60 3) (89) (7) (65 69) (48) (77) (10) (19) (52) (31) (5) (35 45) (56) (49) (93 78) (68) (11) (63 82) (97 98) (4 50) (53 87) (70 38 2) (34 76 55) (14) (67) (17) (73) (16 22) 
21 (53) (31) (52) (34) (54) (16) (46) (99) (88) (33) (18) (56) (64) (65) (1) (20 57) (84 49 72) (40) (3 71) (44) (92) (47) (93) (37) (26) (29) (82) (15) (27 67) (19) (86 24) (43) (23) (14 21) (95) (2 38) (74) (85) (39) (45) (50) (9) (100) (58) (7) (5) (87 62) (80) (28) (60) (8 97 36) (4) (11) 
22 (12) (48) (85) (76) (51) (23) (56) (96) (59) (43 3) (83) (22) (47) (55) (57 93 5) (10) (7) (25) (27 60) (80) (16) (91) (38) (13) (94 97) (9) (17 100) (2) (40) (31) (79) (1 50) (70) (62) (61) (4) (77 39 21) (67) (64 6) (75) (71) (19 41) (99 15) (92) (44) (54 49) (46) (87) (36) (18) (66 84 29) (32 42) (14) (35 98) (90) (74) (63) (68 30 89) (26 34) 
23 (79) (23) (27) (61 94 62) (54) (46) (75) (89) (49) (93 96) (63) (29 66) (13) (18) (22) (71) (42) (73) (100 67) (88) (16) (15) (81 10 70 28) (4 9) (8 87) (47) (78) (72 5) (58) (1) (25) (32) (56 83) (7) (60) (68 91) (17) (21 26 52) (11 34) (20) (86) (50 82) (77) (76) (74) 
24 (54 21 18) (22 89 37 97) (24 42) (9 69) (81) (100) (84 64) (43) (6) (70) (23) (72) (78) (82) (94) (62 38 95) (5) (4) (1) (45 79 41 31) (13 93 12) (53 15) (47 34 77) (61) (32 7) (96) (92) (52 83) (74) (8) (14) (56) (66) (50) (86) (26 35) (80 59) (17) (28) (36) (46) (68) (51) (60) (71) (19 2 40) 
25 (90) (58) (40) (15) (55) (27) (89 9) (78) (14) (73) (23) (50) (52 13) (36) (44 28) (8) (31) (60) (5) (47 21) (43) (95) (59) (25 69) (49) (41) (74 63) (85) (46) (97) (100 30) (92) (99) (81 88) (12) (35 54) (84) (98 67 20) (61) (3) (86 62 33 4 29 96) (82 79 19) (56) (39) (75 7) (77) (66) (51) 
26 (32) (79) (30) (46 73) (26 34) (92 43 84) (52 51 31 16) (78) (80 60 65) (10) (47 38 99) (14) (35) (90) (11) (68 86) (23) (96) (75) (12) (42) (53) (33 54) (50 15) (62) (59) (56 81) (61 44) (83) (95 3 48 9) (91 77) (27) (87) (70) (55) (24 49) (67) (4 20 45) (1) (22 13) (19) (2 69) (39) (6) 
27 (40 69) (48) (60 30) (89 61) (8) (71) (75) (67) (92) (21) (50) (39 94 72) (38 98) (82) (44) (37) (17) (52) (3) (63 74) (2 43 23 26 91) (53 58 54) (16) (7) (33) (93 96 87 95) (5 65 25) (85) (100) (15 14 51) (31 73 83) (56) (22) (49 27 6) (78) (1 90) (55) (10) (68) (64) (57 13) (24) (35) (59) (46) (81 47) (19 62) (79) (4) 
28 (28 24) (40) (14) (56) (52 38 71 37) (32) (72 42) (6) (7 36) (21) (59 16) (13) (74) (69 61 68 47) (30) (18) (9) (97) (60) (76) (31 89) (23) (4) (49) (86) (8) (19) (75) (65) (88 50) (80 92) (81) (66) (48) (63 67) (82) (10 55 84 95 25 35 15) (73) (93 41 79) (27) (90) (54) (43 51) (64) (62) (99 100 78) (22) (34 96) 
29 (73) (12) (5 72) (14) (7) (79 77) (98 11) (74) (45 61 33) (87) (63) (37 88 30 29) (51) (59) (81) (38) (15) (47 1) (46) (19 49) (41) (55) (24) (54) (16) (32) (34) (65) (22 35) (10) (93) (76 57) (52) (50 8) (4) (40 71) (92 2) (48) (97 6) (56) (83) (67) (68 25) (36) (85) (96) (94) (17) 
30 (98 49) (28) (43) (30 11 42 15) (69) (26 89) (51) (83) (2 88) (6) (71) (1) (73) (80) (95 41 75) (40) (10 9) (25) (14) (3) (12) (31) (97 18 62) (16 66) (33) (68) (24) (60) (96) (79) (94) (32) (99) (23 34) (77) (5) (86) (84) (91) (13) (55) (59) (53) (63 7) (46 50) (56 36) 
31 (78) (9) (39) (40 8) (26 82) (1) (28) (6) (31 17 27) (5) (68 59) (91) (20 95) (76 61) (56) (64) (65 57) (54 22) (92) (63) (73 29 90) (43 46 33 51) (32 75) (72) (13 30) (66 93) (4) (86) (24) (60) (69) (53 98) (81 80) (38 88 12) (100) (97) (41) (14 71) (16) (50 84) (67) (85) (47) (15) 
32 (42) (8) (6) (73) (49 31) (9) (77) (85) (83) (47 93) (58 30) (15) (55 2) (54) (3 52) (97 82 51) (76) (21) (80) (16 75) (69) (44) (41) (43) (91) (99) (100) (95) (19 68) (40 59 26) (81) (74) (45 50 28) (35 79) (63) (38) (78 96 86 5 23) (60) (33 72 65 61) (88 53 17) (14) (11 13 24) (89) (56) (12) (18 25 29) (92) (36) 
33 (39 30) (64) (24) (73) (23) (37 38) (50) (97) (88 89) (78 81 72) (68 60 12) (75) (93) (91 100 51) (10 79) (62) (70) (48) (22) (92) (46 76) (95) (33 26) (99) (98) (15) (19 59) (18) (90) (65) (9) (13) (85 49 84 11 2 5) (20) (67) (87) (86) (69) (57) (53) (55) (80) (31) (35 29 43 6) (3) (32) 
34 (80) (1 43 86) (92) (94 46) (45 19) (34 91) (64) (51) (62) (87 4) (13) (12 38) (93 35) (100 3 44) (5 11) (28) (32) (29) (79) (37) (97) (9) (70 41) (20) (83) (75 58) (72) (68 7) (8 85) (14) (56) (78 67 74) (6) (88) (27) (16) (10 21 57) (76) (73) (23 59) (84 96) (89) (60) (47) (55) (2 18 22) (98) (24) (52) (54) 
35 (77 74) (31) (62) (21 30) (87 42) (55 17 46 73) (39 99) (72 38) (44) (37) (47 54) (82) (20 35 88) (100) (29) (69) (56) (59) (97) (63) (45) (23) (36) (67 32) (18 8) (98) (85) (13 16 53 94) (75 93) (9) (26 51) (34) (89) (90) (24) (61) (71) (60 10) (2) (84) (50) (6) (5) (70) (15 1) (12 22) (57 80 81) (49) 
36 (25) (89 74 27) (72 68) (80 7) (10) (86) (28 36) (59 54) (60) (51 33) (21 45) (4) (96) (46) (92 30) (99) (55) (32) (82) (2 88) (15) (75) (47) (41 63) (57) (67) (61) (3) (29) (95) (91 18) (90) (52 31) (71) (26) (79) (16) (93) (24) (35 94) (17 44) (84 13) (40) (69) (48 5) (34) (98) (6 37) (49) (66) (14) 
37 (19) (42) (97) (45) (70) (54 69) (100) (83 51) (27 84) (30) (57) (24) (29) (90) (47) (36 40) (65) (8 93) (2) (50) (61 52) (23) (13) (32) (71) (53) (38) (46) (10) (63) (35) (56) (86) (81) (59) (92) (26) (9 80) (79) (33) (60) (12) (5 39) (11) (31) (3) (87) (64) (1) (37 16) (58 34) (7) (25) (91) (89) (4) (22) 
38 (20) (17 31) (46) (51 18 48 74) (88) (58) (26) (14) (76) (94) (89) (41) (3) (82 100) (83) (87) (40) (61) (22) (77) (81) (34) (4) (24) (62) (53) (30) (38) (65) (60) (21) (78) (44) (85 63) (80) (71) (28) (70 91) (98 67) (47) (54) (97 35 64) (93 55 73 90) (25 29 42) (16) (96) (13 45) (86) 
39 (38) (6) (54 80 26) (8 68) (11) (84) (37) (98 88) (77 39) (52) (30 78) (89) (4) (19) (92) (28) (32 74) (36 97 56) (50) (35) (14 9) (48 3) (58) (71) (95) (69) (10) (59) (79) (73) (27) (31) (46) (96) (47 45) (83) (33) (41) (42 93) (40) (60) (16) (64) (1 76) (100) (22 67) (99) (91) (17 61) (90) (23) (85) (13) (2 82) (70) 
40 (22) (80) (63) (70 76) (82 34) (4 16) (8) (91 40) (66) (95) (47 45) (17) (5) (84) (9) (98 1) (29 50) (52) (42) (67 44 18) (25) (97 41 37) (100) (65) (20 54) (21) (83 38) (55 2 19) (71 90) (12 81) (94) (39) (88) (57) (13 51) (48) (68 32) (58) (56) (92) (60 53) (64 31) (33) (6) (15) (87 27 62) (85) (3) 
41 (49 85) (52 78) (31 77) (86 95) (26) (35) (64 18) (22) (53) (67) (38 24) (8) (11 98) (96) (43) (99) (6) (89) (44) (16) (13 41 2) (7) (19) (34 10) (81) (40 15 70) (51 25 50) (65) (45) (100) (74) (73) (84) (12 21) (39) (9 47) (83 55) (33 3) (57) (68 90) (62) (91) (5) (60) 
42 (7) (2) (69) (44) (59) (85) (97 1 84) (75) (11) (49 82 20) (18 65) (53) (26) (88 66 19) (30 33) (61) (39 45 21 14 89 13) (10) (83) (100 94) (37) (93 16) (57) (86) (60) (47) (9) (51 91) (54 24 76 8) (22) (62 46) (77) (35) (5 17) (80) (72 29) (95) (43) (15) (56) (32 68) (78) 
43 (5) (25) (99 54) (62 1 36 81 78) (26 66) (23 91) (27) (71) (96) (43) (92) (15) (37) (90) (24 61) (87 65) (59) (53 69) (56) (46) (35) (17) (11) (74) (28) (89 21) (80 10) (84) (30) (8 39) (51 100) (73) (86) (41 63) (98) (34 94) (58) (6) (49 33) (93) (57) (75 3) (22) (70) (68) (7) (97) (40) (20) (38 32) (14) (50) (13) (64) (12) (4 85 2 16) (47 19 76) (55) (44 52) 
44 (52 94) (81) (86) (80) (46) (42) (73 9) (36) (37) (62 82 33 88) (34) (71) (2) (57) (7 66) (77 92) (99) (27) (35) (63) (5 1) (6 83) (74) (38 90) (55 4) (11) (50 98) (79 70 24 64) (69) (45) (13) (30 67 47) (43 85 91 21 23) (56) (19) (29) (60 41) (59 20) (17) (32) (76) (39) (68) 
45 (38 14 27) (28 45) (21) (99) (88) (32) (15) (84 58 78) (97) (68) (24) (25) (71) (83) (98 100 53) (72) (57) (40) (13 11) (87 16) (52) (66) (56) (6 59 73) (17 35) (29) (4) (48) (69) (92 39 5) (10) (8) (75) (62) (36 95 19 3) (60 86) (91) (55 89) (1) (46 33) (31) (96 54 20 81 42 64) (63) (61) (37) (44 79) (70) (47 94) (23 74) (26) (12) (18) 
46 (22) (83) (27 80 37 21) (74 13) (72) (44) (50) (20) (59) (81) (73) (65) (30) (67 10) (9) (34 99) (48) (97 89 92) (71) (57) (32) (23) (33) (61 11) (60) (98) (49) (4 52) (31 51) (41) (53 45) (100) (2 88) (96) (25) (5 6) (24 93) (66) (26) (40 38 16) (63 1) (56) (19 28) (18) (39) (46) (17) (94) (7) (64) 
47 (23) (57) (5) (21) (25) (70) (73 52) (87) (22 18) (77) (40) (9 92) (34) (75 68 54) (99 48) (78) (31 38) (6 47) (8) (2) (85 42) (16) (72) (43) (53 28 59 56) (51) (80) (94) (67 89) (19) (93) (82) (15 91 74 98) (84) (12) (36) (66) (58) (64) (41) (90) (96) (86 30 44) (49) (20) (3) (61 69 33) 
48 (67) (14) (47) (94 96) (85) (48) (32) (40) (88 1) (39 84) (15) (13) (95) (58) (24 98) (46 73) (70) (11) (37 5) (28) (80 87) (43) (59) (50) (54) (27 2) (34) (77) (42) (17) (71) (63) (19) (20) (55) (23) (57 99 44 10) (35) (92 25 97) (3) (76) (52) (91) (26 51) (82) (86) (64) (49 45) (93) (38) (61 100 81) 
49 (62 43) (49) (69) (4) (78) (7 63) (11 27 22) (60) (83) (2 12) (13) (96) (15) (65) (14 82) (98) (72 58 29) (45 23) (47) (37) (84) (26) (80 39) (73) (19) (94) (91) (57 92) (59) (89 100) (67) (41) (16) (42) (51) (3) (32) (52) (5) (81) (8) (95 99) (85) (93) (44) (70 40) (25 66 86) (18) (54) (46) (35) (48) (21 79) (6) (55) 
50 (58) (18) (72) (64 77) (98) (5 25) (91) (51) (45 100) (44 11 13) (97 81) (89 50) (29) (34 65) (24) (59) (31 66) (43 16 47 1 28) (36) (62 71) (49 69) (88) (12) (40) (41) (86) (39) (22 35) (8) (17 26) (14) (7) (3 53) (54 38) (19) (68) (82 55) (83 46) (75 90 87) (85) (2) (74) (37) 
51 (67) (5) (64) (98 44) (49) (58) (73) (76) (71) (47) (40) (75) (10) (77) (72 15 88) (60) (11 74) (55) (42) (59) (33) (25 23) (13) (20) (63 24 12) (91) (79 53) (29 56) (6 87) (62) (43) (86) (100 46) (57) (7) (90) (31) (14) (95 9 39) (35) (30) (8 27) (34) (28) (21) (52 45) (92 93) (94) (38) (51) (96) (4) (26) 
52 (74 36) (71) (96 93) (58) (41 49 38 21) (29) (24) (4) (94 14) (90) (19) (45) (15) (51) (17) (13) (27) (39) (33) (92 64) (26 77) (78) (12) (7) (97) (9) (11 72 46) (54) (83) (35) (52) (44 43 5) (37) (76 70) (95) (81 56 50 62) (23 82) (3 2) (84 47) (40 87) (20) (10) (69) (99) 
53 (44) (75) (98) (91 95) (72) (10 70) (8) (83) (40 17) (30) (85 81) (20 45) (58) (46 54 18) (34) (38) (22) (59 21) (14) (15 49) (12) (89) (50) (92) (86) (42 61) (94) (3) (69 51) (25) (43) (26) (80) (79 5) (74) (82) (56) (55) (97) (39) (47 62 87 76) (6 24 60 1) (31 19) (68) (52) (37) (7) (66 78) (36) (99) (96 71) 
54 (17) (55 23) (39 65 70) (71) (68) (51) (95) (99) (4 34 52) (25 2 1) (44) (33) (43 58) (59) (63 47) (73 35) (19 74 84 15) (76) (49) (61 57) (91 18) (62) (67 78) (37 16) (14) (38) (48) (8) (89) (93 97) (13) (29) (86 88 41) (27 20 30) (87 80) (75) (64) (90 22) (56 82) (53 66 79 32) (94) (36) (26 96) (5) 
55 (58) (80) (77) (53) (63 19) (4) (98 14) (54 94 84 62 17 2) (86 81) (28) (51) (23 61) (97 33 42 59) (69) (68) (39) (67) (45) (99) (9) (32 83) (100 5) (90) (13) (72 74) (43) (29 1 41) (71) (56) (37) (22) (20) (52) (57) (85) (8) (87) (64 73) (3) (11) (31) (6) (15) (79) (60) (27 88) (93 66) (95 34) (76) 
56 (38) (94) (44) (27) (32 74) (12) (25) (68) (97) (53) (96) (60) (43) (35) (13) (83) (59) (16) (65 47 11 48) (70) (58) (2) (57) (82) (87 73) (37) (93) (9 62) (85 17) (50) (76 6) (61 52) (99) (41) (30 54) (10) (26) (90) (46) (88) (20) (71 45) (55 39 5) (80 51) (56 36 67 77) (86) (63) (95) (72 23) (84) (40) (21) (79 89) 
57 (74) (11) (94) (45) (71) (86) (93) (83) (26) (77) (72 43 64) (14) (50) (70) (56) (16 95 92) (42) (99 44) (48) (18) (97) (81 23) (7) (31 20) (21) (8 29 35) (41 25 33) (98) (84) (12) (19) (15) (79 49) (37) (36) (68) (60) (32) (67 78) (53) (10) (96 2) (55) (30 6 28 24) (39) (22 88 38) (73) (76) (66 62) 
58 (62) (8 43) (13) (44 67) (56) (25) (92) (88) (33) (60) (99 23 18) (53) (89) (94) (91) (6 40) (66) (63 58 70 3) (100 95) (21 59) (38 76) (74) (20) (64) (97) (19) (1 14 90 12) (77) (85) (61) (35 45) (83) (48) (16) (71) (75) (65 86) (80) (52) (2) (31 98) (39) (84 81) (36 9 37) (11) (22 78) (26 46) (47) (32) (29) (10) (87 57 69) 
59 (90 86) (53) (54) (85) (94 28 36 92) (6) (32) (80) (74 75) (19) (62) (99 63) (38) (3 23) (55 30) (34) (13) (97 61) (4 49) (72) (57 14 31) (69) (39) (88) (77) (58) (93) (66) (41) (10) (71) (26 46) (84) (51) (45) (82) (59) (20) (44 73) (68 100 79) (40) (15 22) (98) (78) (29) (95 50 52) (76) (5 96) (1) 
60 (62) (46) (54 53 40) (67 29 43 20 28) (16) (52) (17) (1) (66) (94) (69 58 96) (64) (8) (44) (90) (73) (13) (51) (86) (70) (11 76) (15) (30) (34) (72) (85 92) (18 88) (23) (84) (31) (48 6 27) (55 10) (82) (36) (26 2) (59) (9) (7) (14) (19) (5 77) (32) (71) (60 97 24 4 81) (83) (21) (74) (65) (38) (25) 
61 (32) (14) (12 99) (66 43 88 46) (70) (42 34 13 79) (100 98) (65) (37 19) (20) (81 50) (69 53) (8) (6 58) (33 4) (92 71 1 2) (29) (68) (52) (77 59 27) (91) (55 49) (35) (23 9 76) (82 90) (21 61 51) (80) (83) (87 22) (44) (41 63 93) (78) (3) (67) (16) (62) (40) (60) (89) (94) (39) (95) (24) 
62 (78 12 53) (84 7) (15) (66 14 57) (72 23 83) (13 44 42) (95) (77 80) (11) (98) (6) (5 43) (69 34) (51) (73 9 76) (70) (62) (93) (48) (89) (26) (68 21) (45 92) (82) (2) (46) (85 87 61 100 28) (30) (18 27) (88) (67) (60) (39) (20) (38) (52) (47 4) (50 91) (37) (86) (31) (55) (33) (81) (49) 
63 (39 81 77) (73 25) (59) (51) (11) (5) (7) (96) (87) (34) (48) (31 29 88) (6 99) (43 64 92) (23) (26) (22) (63) (9) (95) (46) (83) (70 58 1 30 100) (47) (52) (53 35 45 50) (27 85) (54 38) (67 14) (36) (20) (28) (16) (44 60) (17) (69 8) (55) (90 24) (18) (82) (89) (65) (42) (68) (71 91 13) (32) (80 94) 
64 (79 29 47) (57) (28 43) (11 75) (85) (21 60) (24) (27 98 35) (1 56) (13) (26 49 39) (73 68) (19 64) (23) (78) (80) (58) (93) (94) (84) (71) (16) (20) (96) (100) (63 14) (45 77) (38) (46) (92) (53 15 42) (3) (33) (25) (91) (69) (99 50) (54 8) (30 82 4) (95) (2) (59) (76 31) (51) (5 61) (7) (37 10) (18) (88) (17) (34) 
65 (98) (60) (24) (62 26) (1 47 57) (67) (7) (30) (16) (37 64) (15) (70) (85 50 81) (91) (17) (90) (25) (94 29) (49 33) (32) (40) (54) (93) (22) (46) (12 66) (42) (83) (31) (80) (96 23 53 18) (84) (65 59) (61 2 4 34) (76 44) (97 75) (41 48) (92) (58) (51) (72) (55) (78) (77) 
66 (68) (50) (19) (20) (45 88 4 74 51 44) (1 96) (18) (67) (11 33 57) (28) (15) (93) (8 92) (66) (59 36) (48) (90) (35) (53) (6) (79 17) (80 21) (41) (5) (94) (40) (91) (16) (55 60) (76) (75) (38) (13) (95) (97 61) (37 31 12) (83 63) (70 24) (98 64 43 42) (2) (71) (23) (56 77) (30) 
67 (3) (29) (11 64 33 72) (99) (30) (1) (50) (51) (56) (74 57) (35) (7 85) (6) (59) (60) (73) (58 63) (71) (42 67 77) (17 53) (44 37 90) (87) (98 82) (32 18) (28 10 13) (9 96) (14) (52 84 93) (65) (54) (27 94) (36) (46) (39) (66) (49) (41) (97) (4 86) (15) (20) (25 12 91) (5) (2) (83) (100) (23) 
68 (69) (34) (45) (64) (58) (25) (55) (77 49 51 89) (86 75 72) (35) (23) (11) (63 43) (31 94) (84 53) (24) (1 83 92) (30) (5 61 90 36) (26 87) (41) (74 70) (16) (66) (71) (18) (56) (57) (80 15) (29) (21 96) (95) (37 52) (68) (32 47) (44) (4) (12 40) (65) (93) (48) (14) (59 50 3 97) (78) (100) (17) (2 13) (28 98) 
69 (80) (63) (83) (38) (99) (70) (17) (1) (51) (46) (12 41) (40) (33) (98) (20 79) (73) (31) (67) (90 77) (44 58) (68 59 5 82 6 47 72 14 74) (97) (96) (54 19) (64) (91) (92) (61 2 7) (34) (75 26 87) (27) (52 56) (3 28) (53) (62 21) (42 11) (100 4) (89) (71) (86) (88 39) (9) (24 69) 
70 (63) (80) (1 48) (65 38) (86 82) (77) (8) (45) (81) (22 68) (14 74) (100) (44) (57 83 98 41) (31 70) (51 58) (76) (99) (61) (91 40) (33) (60) (19 35) (55) (37 20) (52) (93 3) (85 39 66) (87 59) (25) (16) (67) (9) (12) (32) (43 46) (90) (75) (64) (13 34) (95) (7) (47 73 97) (10) (24 78 92) 
71 (77 81 75) (76) (95) (11) (52 48) (17) (60) (51) (21) (97) (35) (28) (91) (78 43) (29) (27) (4 54) (47) (67 74 37 32) (64) (20) (90 57) (96) (87) (2) (99) (63) (56 8) (34 22 14 5) (36) (1) (24 92) (26) (83) (16) (30) (7) (84) (72 10) (93) (6 12 80) (98) (15) (13 49) (45) (44) (94) (23) (53 89) (68) (82) 
72 (76) (43 68 35 50) (27) (18) (28) (19) (44) (24) (85 23) (38) (5) (2) (71) (78) (60) (67) (54 11) (17) (9) (7 21) (66) (37) (65 31) (45) (26) (57 77) (12) (47) (98 86) (6) (36 1) (80) (32) (16 39 92) (61) (8) (94) (53 96 83) (59 84) (62) (93) (52) (22 13) (64) (81) (91) (30 90) (4) (46) (69 55) (42 49) (56) (63) (82) (34 74) (41) 
73 (50) (100) (3) (97 25) (68) (32 53 35 76 18) (86 16) (38) (98) (7) (5 83) (61 42 91) (54) (29 57 44) (62) (24) (71) (70) (81) (88) (41) (43 12 75) (21 74) (49) (34) (73) (59) (84 9) (60) (47) (93 10 30 39) (52 55) (92) (6) (46 26) (28 51 45) (22) (58) (40) (85 33 36) (19) (37) (69) (77 20) (11) (2) 
74 (9 2) (78) (95) (53 24) (32) (98) (39) (23) (73) (35) (51) (37) (30) (29) (34) (52) (21) (3) (22 49 99) (80) (12) (100 48) (36) (42) (67 17) (75 44) (18) (38) (68) (16) (92) (61 46 71 58) (11) (69 7 66 83 26) (88) (79 50) (27) (91 63) (94) (77 85 62) (6) (47) (20) (76) (60) (13) (15) (82) 
75 (84) (30) (45 76) (71 93) (31) (48) (70) (25) (53 22) (92) (13) (77) (46) (58) (99 1) (5) (10 66 15) (75) (90) (3 81) (16 8) (20) (12) (27) (7) (4 98 40) (60 14 23) (19) (54) (47 72) (88) (33) (51 65) (37) (85) (63) (11 62) (61) (28) (96) (89) (42) (44) (18) (57) (17 100) (9) (50) (59 41) (21) (74 83 94) (34) 
76 (65) (16 98) (74 80) (5) (48 39 12) (68 17) (43 49) (61 82) (25) (20) (47) (26) (75) (100) (42) (24 89) (28) (35) (62) (84) (66) (40) (93) (22 38 31 13) (37) (29 19) (77) (51) (10 59) (32) (99) (67 55) (70) (85 79 53) (52 36 69) (45) (33) (63) (91 4) (92) (7 88 9) (54 95) (18) (6) (97) (96) (50) 
77 (53) (13) (14) (9) (89) (95) (42) (34) (11) (4) (51 78 43) (49 37 5) (45 90) (66) (69) (81 86) (73) (68) (23) (50) (61) (39) (2 63) (57) (31 80) (21 24 35) (74) (98) (56 33 29) (93 6) (30 75) (10) (12) (92) (82) (1) (88) (19 71) (97 40) (83 16) (55) (62) (25) (15) (52) (18) (70 44) 
78 (97) (75 91 27) (43) (11) (68 90 9) (42) (10 99 47 63) (94) (21) (93) (96 85) (86) (92) (72 54) (6) (74 34) (3) (58) (55 30) (79) (41 84 66 25) (39) (48) (1) (50 7) (73) (37) (89 19 32) (15) (67) (80) (5) (12 51) (64) (46) (81) (88 82 36) (31 59) (13) (77) (69) (26) (24) 
79 (58) (76) (65) (3) (59) (72 19) (73 67) (29) (56) (30) (81) (70) (24) (4) (51 66) (47) (84) (99) (9) (94) (77) (38 31 89 35) (57 48) (42) (49) (34) (88) (20) (11) (23) (13) (75 32) (71 15) (45) (69) (39) (83 2) (97 41) (93 6) (91) (10) (95) (12 86) (63 40) (92) (62) (61 22 55) (90 60) (98 80 16) 
80 (39) (3) (99 85) (94) (32) (35) (17 81) (52 12) (50 82 79 78) (18 57) (7) (65) (86) (75) (11 38 96 93) (76 33) (56) (41) (9) (91) (80) (1) (29) (88) (59 31 95 100) (73) (58) (62) (34) (48 84 6) (5) (83) (89 21) (10) (63) (67 22) (53) (87) (20) (74) (64) (43) (97) (77) (30) (71) (13 69) (14) 
81 (23) (50) (47) (10) (64) (27) (40 29) (71 60 84) (87) (20) (43 31) (82) (76) (14) (62 74) (95 53) (75) (68) (9) (25 35 56) (81) (57) (49) (5) (42) (59 6) (48) (90) (61 45) (93) (58) (98 3) (4 44) (65 72) (85) (33) (96) (18) (97) (63) (94) (100) (12) (37 36 46) (73 86) (16 92 13 80) (34) (1) (67) (41) (70) (83) (69) (28) (2) 
82 (98) (40 23) (71) (39) (43) (48) (19 45 47 53) (86 50 65 24) (87 8 16) (67 92) (41 2) (56) (96 89) (49) (88 77) (64) (5) (13) (69 61) (73) (38) (79) (51) (59) (46) (26 11) (72) (21) (10) (76 12 20) (81 60) (28) (17) (52) (33) (68) (93) (27) (62) (99) 
83 (4 16) (47) (59 81) (26) (69 25) (15) (96) (51) (87 100) (92) (64) (98) (23) (85) (94) (42) (93) (63) (7) (70 46) (57) (27) (71 91 56 75 37 34 97) (44) (28) (68) (86) (73) (35) (13) (49) (45) (62 89) (65 88) (38) (18) (30 33) (54) (53) (79 22) (41) (12 36 17) (48) 
84 (9) (86 92) (76) (89) (8 50 31) (88) (19) (63 94) (87) (59) (58) (91) (11) (39) (78) (28) (54 24) (75 46) (14) (27) (47) (2 40 95) (80) (71 64 25) (70) (68) (45 21) (49) (65) (38) (35) (32) (13) (41) (93 12 5) (44) (10) (53) (30) (16) (72) (56) (73 69) (15 37 17) (81) (61) (36) (100) (22 57 90) 
85 (56) (66 97) (4) (12 28 20) (86) (57 9 58) (94 18 13) (53) (31 62) (77) (70 74) (36 59) (49 51) (65) (61) (47) (72) (93 23) (82 6) (25 50) (37) (21) (71) (63 33) (34) (17 98 89) (80) (2) (85 40) (81) (83 78) (55 96) (7 5) (87 99 90 95) (19) (24 79) (48) (73) (60 54) (44) (11) (68) (75) (27) (8) (30 39) (67) (52) (64) (15 35) 
86 (99 42) (70) (65) (68) (98) (50) (21) (89 73) (84) (16) (40) (43) (62 59) (66) (18 28) (69) (37) (6 60 47) (46) (20) (81 41 63) (53) (33 23) (64) (67) (93 4) (48) (32) (94 45) (100) (95) (7) (17) (34) (85) (57) (26 83) (11 74) (22 54 36) (14 78) (58) (12 90) (27) (15) (30) (10) (56 39) (25) (35) (77) (3) (8) (87) 
87 (71) (27) (4 15) (46) (21 19) (95 78) (72) (62) (28) (5) (36 20 92 30 74) (50 90) (66) (51 7) (97 45) (40 68) (85) (57) (84 24) (23) (98) (47) (44 34) (69) (100) (76) (64) (56 89) (53) (79) (38) (3 82) (80) (87) (52) (67 32) (93) (55 96) (83 49) (48) (33) (75) (58) (31 2 91 12 37) (73) (63) (35) (11) (16) 
88 (94) (31) (71) (88) (2 66) (45) (64 72) (78 50) (68) (92) (55) (96 81 28 40) (79) (76) (6) (99) (57) (36) (83) (47 38) (29) (73) (5) (23) (8 67) (21 84 90 32 86 22) (62) (54 82 60) (11) (15) (13) (56 46) (17) (12 33) (43) (77 65 9 30) (63 3 87) (74) (98) (85 42 51) (59) (80) 
89 (63 60) (31 28) (46) (95) (79) (19) (50) (18) (96) (90) (99 1) (44) (26) (93) (21) (84) (7) (51) (74) (86) (3) (91) (70 66 25) (100) (72) (41 82) (65) (69 12) (89) (67) (75 55) (35) (29 80) (62) (22) (53) (87 6) (47 9) (24) (37) (23) (30) (48) (71) (97) (64) (45) (36 40) (83) (68) (15 20) (57 61 27) (11) 
90 (48 54) (64) (23) (82) (100) (28 89 1 34) (47) (95) (39) (33) (96) (58 70 4) (60) (68 84) (22) (16) (73) (44) (24 18) (17 50 15) (37) (66 56) (98 69) (67) (19) (52 20) (12 10) (94) (8 26) (90) (63) (36) (5) (49) (74) (3) (31) (43) (51 77) (71) (83) (93 14 46) (42 32 59) (91) (86 25) (80 92) (27) (21 7) (62) (65 45) 
91 (12) (70 97) (58) (64) (20) (67) (5) (62 88) (22) (73) (38) (84) (42 82) (76 27 100 9 60 31) (19 25) (6) (53) (95 77) (17 69) (10) (91 21) (15) (8) (23) (71 46) (35 79) (39) (29) (89) (52) (50) (30) (32) (14 26) (3 41 51) (63) (59) (96) (45) (72) (13) (44) (54) (36) (34 43) (99) (24) (92) 
92 (100) (38 29) (14) (19) (8) (46) (66 30) (63) (67) (22 83 95) (45 64 40) (51) (42) (37 39 3) (92) (47) (41 4) (70) (11 93 59) (34) (23 74) (26) (79) (61) (56) (86 53 90 87) (58) (84 81 28 73) (94 43 71 24) (82) (91) (89) (9 31) (57 12 85) (52 75) (5 17) (88) (50) (16 32) 
93 (81) (92) (69) (59 26) (74) (88) (15) (98) (27) (20) (58 70 56) (16 78) (89 73) (18) (49) (62) (50) (38) (39 90) (29) (54) (91) (2) (79) (60 25 86) (93 52) (51) (32 13 40) (33) (75) (7) (28) (72) (61) (9) (83) (76) (95 14) (97) (63 31) (65) (12 84) (41) (24) (11) (67) (8) (42 87) (77 1 34 21) 
94 (84) (74) (24 44) (20) (61 39 98 32) (65 19 4) (46 33 92) (14) (97) (55 73) (56) (85) (13) (10 38 77 80) (59) (89) (16) (27 81) (64) (83) (18 78) (53) (9 54) (99) (15 62) (79) (49) (11 75) (52) (29) (28 90 31) (63 88) (2 36) (48) (95) (26) (21) (71 86 7) (96) (5 1) (100 60) (34 42) (76) (12) (47 43) (37) (41) (94) (6) (67) 
95 (58) (41 71 8 45 63) (60) (27 76) (69 91) (24) (20) (88) (33) (25) (64) (32) (5) (70 54) (10) (79) (19 65) (83 56) (39 96) (86 3 1) (80) (11) (9) (4) (100) (93 53) (82) (6) (2) (30) (89) (61 31) (77) (68) (62) (84 37) (28) (44) (12 7) (49) (36 46 47) (95) (66) (75) (35 15) (21) (34 78) (67) (52) (90 29) (22) (59) (85) (57) (55 94) (92) 
96 (37) (65) (55 41) (31) (14) (83 50) (15) (53) (11 47 28) (2 61 79) (87) (97) (81) (52 46) (100 80) (99) (69) (35 22) (71) (25) (94 8) (12) (18) (6 91) (73) (13 92 23) (98) (93) (86) (38) (42) (20 82) (67) (4) (10 85 63 64) (57 7 48 95 1) (54) (62) (40) (89) (16) (33) (36) 
97 (76) (61) (38) (73) (1) (5) (62 90 21) (48 15) (2) (22) (7) (77 40 6 70) (20 45) (17) (47 9) (25) (54) (89) (81) (43 27) (99) (29) (71) (87) (63) (93 3) (82) (18) (23) (58) (98) (44 32) (33) (84) (86 28) (11) (60) (65) (92) (4) (53) (12) (91) (100) (97) (30) (13) (42) (10 67) (78) (26) (57) (36) (24) (74) (85) 
98 (9 32) (90) (69) (23) (25 27) (55 86) (18) (64) (56) (26) (20) (21 4 29 65) (39 17 94) (28) (30 36) (62) (1) (77) (72) (82 63) (92 50) (31) (67) (38) (54 47 5) (78) (88) (76 95) (97 80 74) (68) (24) (58) (85) (71 53 48 51 15) (16) (44 66) (98) (84 73) (35) (60 12) (79 40) (75 7) 
99 (20) (73) (70) (92) (49 57) (41 55) (29) (51) (28 72) (58) (39 78) (26 62) (37 8) (4 54) (56) (6) (93) (10) (50 19 77) (16) (60) (25) (7) (65) (89) (91) (59 23) (24 30 11) (74) (88) (80) (35 42 63) (31) (84) (32) (12) (68) (94 81) (71) (3) (2 22 75 100) (17) (45 66) (33 14) (96) (13) (36) (85 34 1) (97) (46 64 52 48) (61 82) (21) (86) 
100 (67) (10 95) (1) (88) (38) (82) (35) (48) (50 93 17) (34 20) (21) (58 52 32) (18 78) (25) (45) (44) (23) (59) (56 3) (27) (33) (60 84) (16) (73) (98 74 24) (39) (29) (28) (91) (80 65) (43) (70) (15) (37) (75) (26) (79) (100) (86) (22 57) (72) (89 68) (41) (69) (8) (96) (30) (54) (85 55) (83) (4 53 61) (71 6) (77 19) 
1 (45) (26) (6) (50) (48) (96) (10) (2) (17) (13) (4) (67) (3) (75) (46) (78) (60) (35) (54) (80) (21) (5) (90) (43) (7) (11) (53) (94) (64) (65) (93) (12) (66) (69) (18) (100) (23) (61) (31) (68) (27) (15) (16) (40) (71) (37) (81) (20) (22) (39) (70) (44) (59 55 29) (99 97 14) (98) (95) (63) (24) (42) (30) (77 9) (58) (34) (89) (72) 
2 (29) (9) (20) (97) (11) (85) (49) (66) (93) (1) (65) (36) (77) (2) (39) (62) (22) (35) (47) (69) (40) (54) (14) (52) (37) (64) (44) (71) (32) (87) (21) (82) (58) (56) (48) (50) (42) (68) (74) (96) (46) (30) (61) (8) (84) (95) (57) (27) (24) (33) (81) (43) (41) (79) (88) (13) (94) (26) (60) (67) (73) (55) (6) (34) (72) (99) 
3 (47) (14) (4) (16) (25) (86) (8) (91) (38) (50) (59) (61) (34) (36) (39) (55) (12) (10) (48) (41) (26) (21) (73) (15) (32) (68) (49) (33) (88) (7) (92) (20) (30) (53) (67) (9) (89) (18) (70) (75) (58) (100) (90) (80) (1) (97) (2) (95) (40) (69) (81) (22) (79) (3) (5) (45) (43) (64) (11) (27) (37) (78) (99) (52) (74) (87 19) 
4 (75) (18) (25) (21) (68) (8) (4) (49) (23) (45) (59) (65) (77) (98) (99) (46) (31) (79) (76) (24) (85) (62) (22) (5) (67) (7) (43) (15) (6) (71) (94) (20) (61) (38) (54) (39) (1) (81) (16) (72) (40) (44) (36) (26) (86) (34) (87) (95) (100) (83) (96) (66) (60) (97) (27) (28) (55) (92) (64) (37) (29) (11) (90) (52) (51) (69) 
5 (11) (85) (88) (21) (76) (18) (40) (56) (77) (82) (72) (92) (17) (68) (24) (31) (22) (50) (32) (25) (37) (41) (94) (33) (71) (2) (44) (45) (64) (51) (63) (55) (73) (95) (10) (75) (47) (49) (90) (84) (5) (19) (59) (67) (29) (97) (52) (69) (62) (23) (66) (46) (78) (27) (16) (54) (60) (1) (81) (48) (43) (53) (36) (14) (20) (12) (35) (34) (98) (7) (80 42) (30) (91 87) 
6 (44) (2) (16) (88) (67) (73) (97) (69) (39) (89) (85) (57) (58) (34) (55) (74) (13) (86) (22) (5) (3) (24) (61) (99) (15) (100) (26) (53) (33) (72) (12) (95) (45) (17) (8) (79) (43) (47) (62) (18) (76) (63) (46) (81) (49) (30) (11) (28) (80) (60) (71) (32) (29) (31) (36) (91) (40) (51) (94) (27) (77) (66) (35) (96) (59) (78) (56) (41) 
7 (96) (23) (93) (12) (75) (41) (50) (80) (28) (16) (19) (64) (72) (49) (18) (87) (90) (43) (15) (86) (62) (11) (97) (51) (25) (10) (53) (83) (89) (3) (36) (20) (30) (14) (73) (60) (22) (69) (52) (6) (78) (85) (8) (17) (24) (9) (95) (21) (74) (76) (70) (67) (27) (94) (42) (98) (29) (99) (65) (44) (63) (71) (37) (57) (34) (13) (46) 
8 (29) (60) (63) (43) (92) (21) (24) (8) (27) (95) (20) (35) (96) (50) (42) (41) (31) (58) (15) (54) (53) (57) (23) (70) (51) (90) (37) (3) (93) (82) (32) (12) (14) (86) (40) (91) (84) (45) (85) (61) (1) (66) (34) (13) (49) (88) (39) (64) (75) (47) (72) (16) (18) (2) (25) (4) (99) (100) (55) (28) (71) 
9 (37) (22) (2) (56) (51) (35) (23) (34) (55) (60) (11) (63) (16) (8) (24) (70) (17) (76) (10) (98) (75) (58) (88) (79) (94) (73) (52) (42) (69) (97) (4) (33) (91) (67) (74) (25) (15) (61) (44) (81) (21) (39) (93) (92) (12) (80) (77) (5) (72) (46) (85) (78) (84) (30) (28) (32) (47) (18) (40) (6) (62) (95) (26) (1) (41) (9) (89) (31) (19) (7) 
10 (3) (52) (16) (95) (97) (45) (78) (29) (81) (77) (82) (19) (13) (14) (84) (94) (36) (46) (56) (30) (2) (57) (86) (70) (76) (10) (90) (51) (73) (9) (22) (12) (96) (100) (17) (8) (75) (41) (39) (4) (53) (15) (37) (7) (80) (33) (27) (20) (59) (60) (48) (67) (79) (35) (71) (34) (23) (28) (91) (43) (26) (64) (58) (5) (11) (42) (99) 
11 (41) (2) (1) (75) (26) (74) (77) (67) (92) (72) (66) (52) (15) (16) (60) (11) (9) (29) (39) (7) (78) (63) (58) (95) (48) (20) (85) (18) (57) (37) (30) (50) (46) (88) (3) (17) (55) (49) (96) (56) (73) (43) (4) (13) (8) (14) (51) (44) (89) (23) (68) (34) (6) (69) (5) (79) (64) (33) (80) (21) (94) (71) (99) (12) (82) (62) (87) (32) (93) (42) (10) (86) (45) (84) (97) 
12 (65) (14) (96) (3) (57) (94) (51) (52) (45) (10) (75) (49) (9) (78) (17) (72) (33) (26) (56) (67) (90) (74) (93) (35) (84) (30) (34) (76) (50) (85) (41) (24) (29) (13) (87) (77) (79) (19) (15) (53) (97) (5) (40) (31) (43) (25) (83) (73) (47) (91) (22) (11) (81) (7) (88) (61) (68) (37) (66) (98) (6) (82) (32) (70) (62) (12) (86) (95) (1) (58) (69) (89) (92) (71) (99) (80) 
13 (1) (75) (37) (18) (39) (34) (85) (58) (5) (96) (77) (80) (32) (35) (43) (23) (48) (66) (26) (4) (82) (97) (68) (72) (55) (93) (64) (8) (54) (15) (67) (50) (51) (78) (94) (88) (63) (24) (28) (38) (70) (9) (42) (84) (44) (31) (49) (52) (76) (33) (99) (71) (79) (20) (11) (60) (83) (36) (62) (27) (22) (13) (40) (61) (45) (46) (30) (59) (25) (74) (81) (12) (91) (41) (14) (56) (6) 
14 (24) (68) (58) (90) (99) (45) (61) (11) (64) (62) (27) (94) (17) (38) (2) (67) (30) (52) (50) (36) (8) (75) (57) (80) (92) (32) (51) (21) (5) (70) (93) (6) (1) (7) (31) (22) (34) (39) (77) (69) (29) (49) (42) (55) (86) (18) (96) (26) (91) (3) (71) (84) (20) (28) (54) (60) (59) (81) (48) (9) (4) (16) (53) (25) (63) (43) 
15 (23) (41) (24) (84) (67) (33) (75) (17) (68) (31) (91) (77) (45) (26) (85) (78) (14) (25) (51) (97) (29) (1) (32) (47) (43) (88) (2) (15) (71) (4) (12) (22) (98) (86) (10) (3) (8) (60) (59) (64) (52) (5) (62) (100) (53) (55) (65) (90) (93) (66) (49) (57) (96) (35) (30) (27) (74) (6) (18) (87) (48) (95) (28) (36) (89) (40) (11) (21) (54) (79) (94) (83) (42) (20) 
16 (82) (77) (10) (41) (39) (15) (60) (76) (43) (30) (58) (28) (29) (45) (83) (5) (19) (94) (54) (27) (36) (46) (93) (2) (50) (79) (32) (57) (38) (16) (74) (61) (49) (71) (11) (81) (90) (22) (64) (42) (75) (100) (70) (31) (34) (7) (4) (56) (35) (63) (66) (40) (99) (18) (98) (72) (14) (23) (86) (6) (68) (65) (73) (20) (96) (47) (92) (21) (26) (84) (37) (87) 
17 (82) (55) (31) (100) (74) (12) (71) (35) (29) (42) (19) (56) (38) (68) (85) (67) (50) (23) (90) (46) (66) (10) (40) (65) (27) (60) (7) (92) (88) (76) (14) (8) (98) (80) (91) (97) (72) (52) (69) (53) (83) (54) (24) (9) (86) (13) (22) (32) (1) (64) (84) (44) (17) (43) (4) (45) (36) (63) (48) (20) (75) (99) (39) 
18 (60) (24) (19) (73) (57) (50) (28) (53) (100) (72) (66) (97) (21) (17) (11) (54) (7) (90) (75) (46) (10) (65) (40) (9) (64) (85) (32) (83) (36) (30) (63) (89) (23) (49) (74) (96) (35) (18) (22) (13) (47) (14) (76) (68) (93) (67) (33) (62) (6) (94) (98) (80) (81) (58) (41) (38) (3) (42) (45) (77) (34) (86) 
19 (20) (87) (91) (50) (100) (59) (53) (72) (41) (57) (46) (3) (73) (45) (92) (9) (34) (2) (13) (89) (79) (78) (18) (85) (29) (52) (37) (84) (66) (27) (10) (64) (47) (12) (42) (95) (28) (32) (19) (77) (26) (16) (4) (99) (33) (25) (90) (76) (14) (69) (24) (21) (39) (44) (58) (22) (60) (55) (48) (82) (54) (70) (61) (43) (75) (49) (6) (8) (40) (94) 
20 (58) (66) (10) (82) (38) (8) (46) (31) (48) (99) (74) (12) (15) (86) (71) (9) (40) (56) (90) (51) (69) (76) (62) (18) (21) (45) (42) (61) (60) (11) (79) (53) (94) (93) (7) (64) (87) (3) (54) (14) (63) (100) (35) (25) (34) (70) (96) (59) (44) (6) (2) (81) (23) (47) (97) (75) (67) (52) (89) (95) (33) (55) (91) (85) (57) (98) (26) (43) (80) (73) 
21 (43) (10) (21) (95) (58) (97) (56) (36) (74) (4) (85) (71) (38) (66) (3) (94) (22) (11) (87) (32) (80) (44) (93) (72) (49) (68) (53) (86) (75) (41) (24) (73) (27) (46) (15) (52) (28) (19) (42) (99) (60) (62) (5) (9) (98) (47) (2) (84) (88) (14) (25) (91) (7) (57) (69) (90) (23) (45) (64) (89) (35) (34) (12) (82) (1) (13) (40) (77) (78) (61) (51) (100) 
22 (53) (28) (84) (8) (26) (12) (43) (96) (34) (27) (42) (80) (55) (95) (31) (18) (65) (92) (19) (46) (97) (23) (70) (76) (10) (13) (86) (2) (20) (90) (37) (49) (3) (4) (57) (35) (91) (47) (75) (89) (58) (33) (83) (99) (24) (41) (40) (59) (63) (79) (100) (16) (15) (5) (38) (39) (11) (71) (61) (73) (88) (14) (50) (72) (54) (74) (29) (17) (22) 
23 (32) (90) (44) (39) (83) (65) (25) (57) (1) (63) (91) (2) (71) (26) (92) (34) (75) (62) (89) (55) (10) (98) (85) (17) (82) (18) (37) (72) (46) (88) (60) (27) (68) (47) (56) (28) (67) (22) (19) (43) (21) (48) (54) (14) (6) (35) (86) (23) (52) (96) (11) (45) (81) (61) (79) (13) (58) (64) (59) (74) (97) (49) (87) (5) (33) (15) (99) (51) (77) (100) (12) (24) (66) (30) 
24 (27) (95) (24) (94) (31) (41) (77) (45) (46) (5) (36) (76) (17) (43) (52) (50) (44) (57) (92) (34) (12) (90) (48) (100) (91) (93) (87) (65) (51) (78) (71) (68) (15) (10) (37) (29) (97) (21) (99) (66) (2) (28) (70) (26) (1) (79) (53) (42) (33) (61) (84) (98) (60) (63) (13) (73) (16) (74) (11) (3) (38) (72) (30) (35) (89) (69) (64) (18) (32) (82) (85) 
25 (28) (67) (30) (13) (73) (60) (32) (37) (22) (15) (57) (68) (38) (27) (86) (1) (99) (41) (16) (95) (98) (46) (97) (53) (54) (11) (81) (91) (96) (50) (84) (7) (3) (63) (85) (43) (75) (65) (45) (40) (23) (36) (83) (47) (29) (64) (25) (90) (48) (100) (77) (6) (56) (58) (93) (89) (51) (76) (8) (18) (49) (10) (78) (70) 
26 (93) (27) (90) (62) (26) (23) (92) (21) (19) (33) (83) (42) (31) (22) (68) (18) (89) (94) (100) (37) (82) (52) (63) (71) (56) (65) (59) (49) (46) (13) (43) (54) (53) (69) (11) (30) (57) (38) (74) (41) (98) (48) (78) (32) (3) (91) (39) (86) (76) (5) (50) (9) (4) (45) (35) (97) (51) (64) (58) (99) (24) (72) (73) (36) (60) 
27 (91) (71) (85) (89) (46) (55) (6) (67) (34) (2) (51) (64) (45) (48) (84) (86) (78) (72) (43) (49) (10) (60) (26) (93) (62) (28) (44) (61) (56) (54) (69) (87) (36) (23) (40) (11) (63) (4) (97) (16) (52) (75) (25) (22) (17) (15) (81) (82) (9) (83) (95) (7) (19) (98) (39) (74) (21) (27) (37) (31) (100) (8) (90) (94) (3) 
28 (14) (87) (99) (83) (18) (98) (45) (86) (36) (75) (47) (25) (50) (38) (97) (69) (32) (48) (3) (31) (85) (43) (62) (23) (89) (73) (51) (55) (66) (71) (2) (92) (64) (90) (6) (88) (94) (96) (39) (76) (93) (1) (10) (81) (20) (30) (59) (46) (72) (95) (68) (60) (57) (24) (28) (15) (9) (34) (21) (84) (82) (67) (13) (100) (63) 
29 (95) (60) (1) (31) (77) (19) (6) (3) (81) (22) (40) (93) (16) (10) (51) (74) (38) (12) (73) (92) (2) (97) (29) (23) (50) (25) (59) (61) (35) (58) (79) (65) (94) (42) (45) (80) (18) (11) (67) (68) (64) (36) (100) (14) (99) (21) (9) (98) (32) (8) (88) (33) (34) (52) (44) (54) (89) (20) (76) (49) (57) (71) (37) (91) (55) (63) 
30 (38) (88) (8) (47) (4) (87) (51) (31) (22) (2) (56) (65) (83) (17) (53) (11) (46) (71) (84) (28) (75) (99) (26) (97) (7) (44) (77) (72) (5) (100) (30) (42) (6) (78) (37) (95) (29) (67) (68) (98) (1) (85) (79) (73) (36) (32) (91) (63) (66) (35) (54) (59) (25) (39) (86) (18) (33) (14) (80) (74) (64) (60) (43) (89) (92) (27) (57) (19) (62) 
31 (81) (55) (27) (59) (99) (68) (69) (58) (88) (87) (39) (92) (30) (66) (63) (5) (53) (62) (84) (90) (35) (38) (41) (93) (37) (64) (31) (72) (47) (78) (1) (2) (22) (26) (46) (98) (32) (12) (11) (60) (25) (85) (15) (75) (14) (20) (18) (9) (79) (65) (45) (33) (77) (8) (13) (76) (94) (95) (21) (7) (80) (10) (96) (28) (51) (24) (6) (36) (89) (91) (57) (50) (70) (40) (17) 
32 (90) (20) (6) (88) (65) (26) (2) (16) (7) (56) (86) (79) (100) (36) (12) (1) (46) (95) (74) (39) (63) (48) (98) (33) (71) (72) (22) (93) (68) (29) (43) (28) (70) (44) (19) (97) (34) (11) (45) (99) (94) (5) (9) (80) (10) (58) (87) (24) (73) (35) (92) (60) (37) (30) (91) (78) (84) (23) (4) (57) (40) (67) (76) (55) (59) (31) (13) (49) (61) (42) (54) (15) 
33 (16) (82) (18) (26) (97) (54) (21) (41) (45) (75) (100) (87) (83) (90) (36) (96) (14) (93) (39) (43) (65) (1) (31) (20) (47) (76) (42) (25) (44) (99) (40) (33) (27) (80) (94) (10) (37) (66) (61) (86) (57) (52) (69) (51) (67) (62) (73) (64) (95) (55) (77) (15) (30) (85) (19) (81) (46) (32) (29) (70) (6) (5) (58) (88) (4) 
34 (16) (47) (53) (23) (5) (80) (26) (75) (60) (70) (62) (13) (81) (41) (34) (8) (94) (63) (19) (59) (71) (4) (11) (83) (43) (35) (78) (93) (36) (44) (6) (21) (12) (20) (54) (28) (2) (77) (48) (46) (40) (99) (91) (1) (37) (90) (74) (18) (100) (29) (87) (24) (51) (85) (22) (68) (92) (50) (55) (69) (86) (73) (72) (30) (3) (38) (9) (95) (17) (64) (79) (65) (61) 
35 (71) (18) (98) (34) (77) (86) (76) (74) (2) (81) (49) (45) (16) (56) (35) (63) (72) (37) (4) (5) (17) (20) (15) (96) (80) (3) (38) (66) (25) (42) (19) (54) (13) (33) (51) (32) (43) (28) (79) (44) (14) (57) (50) (100) (99) (26) (68) (48) (22) (61) (87) (85) (91) (24) (11) (64) (84) (36) (41) (52) (73) (83) (89) (58) (9) (39) (95) (27) (67) (29) (70) (10) 
36 (99) (58) (83) (66) (59) (22) (2) (10) (74) (95) (56) (50) (57) (45) (44) (81) (47) (97) (91) (89) (3) (4) (72) (7) (85) (71) (88) (17) (28) (29) (13) (16) (94) (1) (90) (87) (76) (43) (6) (24) (18) (67) (98) (21) (54) (78) (37) (30) (19) (63) (52) (86) (96) (36) (5) (84) (68) (32) (25) (53) (60) (35) (73) (39) 
37 (55) (83) (68) (16) (67) (77) (62) (2) (50) (10) (53) (35) (48) (64) (85) (3) (39) (27) (72) (4) (78) (36) (17) (54) (75) (95) (34) (65) (58) (43) (84) (14) (52) (15) (9) (18) (73) (70) (21) (74) (45) (86) (6) (42) (8) (71) (24) (76) (49) (20) (28) (66) (40) (90) (33) (56) (11) (7) (81) (61) (87) (44) (37) (94) (1) (99) (57) (92) (100) (96) (29) (46) (89) 
38 (21) (37) (16) (79) (31) (24) (47) (4) (10) (14) (52) (87) (12) (41) (96) (3) (63) (6) (56) (39) (40) (98) (60) (26) (50) (91) (72) (73) (100) (84) (57) (48) (27) (66) (59) (1) (45) (94) (33) (69) (51) (32) (97) (11) (43) (15) (8) (20) (46) (83) (76) (58) (38) (92) (19) (22) (82) (5) (88) (28) (17) (64) (53) (54) (35) (9) (34) (80) (74) (2) (62) (70) (44) (93) (29) 
39 (63) (93) (6) (91) (78) (43) (25) (44) (16) (69) (46) (41) (55) (58) (7) (84) (95) (1) (26) (37) (70) (67) (27) (40) (3) (76) (57) (50) (90) (53) (80) (22) (48) (45) (10) (18) (42) (4) (56) (77) (49) (94) (74) (31) (82) (12) (11) (33) (99) (8) (54) (92) (98) (85) (62) (52) (73) (21) (64) (51) (100) (72) (39) (59) (79) (35) (13) (86) (20) (19) (61) 
40 (66) (18) (30) (56) (59) (41) (85) (88) (98) (84) (77) (79) (6) (65) (29) (4) (93) (31) (92) (70) (75) (49) (37) (24) (3) (9) (22) (15) (87) (51) (86) (48) (39) (27) (81) (89) (10) (43) (45) (82) (16) (36) (53) (32) (38) (7) (50) (97) (76) (17) (52) (69) (21) (13) (58) (14) (46) (68) (60) (47) (96) (2) (61) (73) (28) (1) (40) (11) (25) 
41 (19) (91) (43) (17) (96) (84) (25) (73) (93) (24) (39) (81) (83) (95) (99) (56) (78) (57) (80) (66) (69) (34) (70) (72) (29) (89) (11) (31) (52) (12) (46) (79) (22) (15) (50) (30) (59) (92) (65) (47) (41) (75) (44) (86) (7) (32) (82) (61) (55) (36) (100) (49) (67) (2) (40) (38) (94) (54) (28) (68) (18) (1) 
42 (28) (86) (17) (4) (48) (69) (20) (13) (91) (73) (72) (96) (62) (5) (32) (93) (61) (97) (66) (40) (26) (24) (7) (77) (45) (12) (47) (1) (16) (37) (51) (78) (55) (15) (64) (63) (39) (35) (65) (44) (99) (53) (76) (22) (67) (92) (75) (30) (23) (57) (81) (79) (90) (49) (74) (88) (83) (38) (94) (19) 
43 (88) (58) (52) (26) (62) (41) (27) (90) (50) (9) (82) (4) (12) (44) (73) (18) (47) (76) (100) (14) (6) (80) (22) (66) (77) (30) (70) (32) (63) (19) (64) (5) (68) (72) (25) (10) (28) (97) (21) (34) (2) (81) (71) (60) (8) (33) (57) (94) (17) (11) (49) (78) (91) (54) (92) (48) (13) (51) (24) (1) (61) (42) (31) (53) (56) (3) (86) (55) (43) 
44 (73) (41) (26) (58) (17) (50) (59) (62) (90) (85) (75) (48) (94) (89) (72) (63) (57) (68) (65) (21) (95) (61) (81) (10) (42) (47) (18) (83) (15) (71) (54) (38) (100) (3) (13) (70) (77) (6) (36) (11) (91) (43) (32) (66) (52) (40) (98) (45) (84) (27) (97) (51) (74) (53) (20) (7) (67) (69) (87) (34) (25) (22) (46) (49) (35) (4) (56) (60) (9) 
45 (68) (70) (62) (5) (29) (46) (15) (3) (57) (95) (35) (63) (84) (48) (44) (83) (75) (10) (8) (32) (40) (45) (91) (37) (89) (49) (99) (92) (77) (14) (53) (38) (86) (20) (73) (41) (52) (26) (50) (64) (58) (55) (24) (87) (6) (82) (97) (36) (19) (76) (71) (34) (21) (100) (81) (42) (66) (51) (12) (59) (88) (39) (90) (56) (79) (4) (7) (72) 
46 (83) (11) (29) (69) (48) (16) (86) (22) (78) (51) (6) (4) (18) (52) (96) (61) (19) (24) (5) (21) (95) (72) (65) (63) (82) (13) (56) (46) (89) (23) (90) (45) (49) (25) (75) (1) (64) (88) (35) (99) (42) (27) (67) (73) (7) (37) (26) (44) (43) (58) (30) (14) (34) (33) (94) (2) (92) (12) (36) (38) (39) (50) (31) (91) (84) (87) (70) (20) (74) (59) (53) (3) (9) (81) (17) (60) (62) 
47 (88) (44) (48) (81) (79) (94) (38) (45) (1) (92) (72) (83) (50) (22) (54) (17) (95) (35) (98) (40) (51) (49) (64) (90) (86) (42) (73) (58) (23) (25) (52) (32) (31) (71) (68) (69) (13) (53) (3) (9) (4) (89) (63) (28) (41) (24) (78) (7) (18) (87) (62) (43) (21) (96) (75) (47) (20) (27) (85) (36) (29) (82) (34) (37) (70) (56) (39) (74) (5) (26) (65) (14) (19) (76) (97) (84) 
48 (81) (68) (10) (100) (82) (49) (1) (38) (36) (57) (26) (56) (62) (78) (22) (39) (18) (74) (98) (90) (99) (65) (89) (46) (33) (7) (97) (3) (48) (12) (71) (15) (80) (96) (87) (4) (20) (45) (60) (79) (16) (47) (75) (70) (8) (94) (13) (54) (40) (28) (76) (85) (63) (19) (86) (58) (11) (66) (27) (83) (29) 
49 (17) (29) (25) (90) (47) (76) (8) (61) (6) (4) (18) (93) (87) (82) (48) (95) (35) (71) (51) (74) (62) (53) (46) (41) (28) (68) (3) (16) (49) (21) (79) (27) (11) (43) (32) (7) (94) (33) (5) (22) (50) (67) (73) (52) (83) (10) (64) (57) (72) (1) (23) (85) (2) (19) (42) (81) (59) (65) (77) (13) (9) (26) (20) (14) (84) (36) (54) (30) (99) 
50 (24) (93) (63) (96) (15) (7) (52) (17) (100) (59) (61) (88) (75) (66) (33) (44) (64) (28) (11) (99) (21) (74) (65) (30) (19) (13) (40) (27) (4) (3) (14) (50) (48) (41) (76) (18) (25) (1) (22) (53) (39) (72) (87) (56) (73) (78) (43) (57) (35) (92) (80) (9) (77) (16) (32) (82) (62) (23) (85) (67) (81) (20) (10) (68) (89) (84) (86) (31) (2) (29) (26) (37) (98) (90) (91) (46) 
51 (61) (10) (3) (34) (2) (64) (78) (77) (67) (63) (88) (16) (13) (31) (66) (1) (37) (11) (26) (90) (38) (42) (6) (7) (50) (54) (41) (70) (87) (83) (59) (60) (99) (30) (49) (82) (28) (79) (22) (75) (46) (68) (5) (47) (8) (17) (53) (51) (40) (91) (76) (43) (36) (15) (89) (12) (85) (35) (55) (93) (56) (65) (52) (29) (74) (25) (4) (73) (62) (9) (32) (71) (20) (24) (69) (98) (33) (27) (48) (92) 
52 (41) (49) (28) (24) (20) (62) (39) (37) (85) (15) (5) (17) (56) (92) (11) (43) (47) (70) (67) (32) (19) (100) (2) (16) (93) (53) (61) (90) (48) (74) (58) (95) (21) (27) (96) (54) (91) (68) (46) (73) (59) (77) (80) (72) (52) (10) (45) (40) (44) (55) (1) (23) (51) (82) (69) (25) (18) (76) (60) (7) (99) (36) (9) (87) (26) (34) (71) (94) (63) (29) 
53 (14) (1) (75) (11) (71) (10) (60) (19) (41) (64) (38) (31) (80) (35) (45) (56) (66) (15) (7) (42) (54) (77) (73) (58) (27) (95) (87) (13) (76) (89) (57) (62) (83) (84) (37) (63) (68) (81) (33) (43) (100) (92) (26) (55) (47) (86) (5) (21) (40) (12) (69) (65) (32) (9) (50) (51) (46) (91) (85) (67) (8) (61) (98) (24) (97) (59) (74) (72) (20) (94) (82) (96) (30) 
54 (86) (94) (21) (52) (90) (96) (84) (19) (45) (11) (34) (25) (22) (15) (65) (48) (4) (24) (60) (98) (31) (93) (67) (88) (95) (56) (50) (32) (38) (59) (43) (75) (47) (42) (20) (91) (12) (73) (85) (26) (16) (10) (71) (69) (40) (2) (63) (99) (13) (97) (76) (64) (23) (100) (9) (28) (53) (3) (35) (83) (72) (55) (78) (39) (6) (8) (49) (29) (7) (27) (37) (14) (36) 
55 (22) (3) (27) (96) (66) (88) (13) (44) (43) (56) (62) (28) (26) (12) (29) (38) (87) (2) (40) (48) (85) (35) (94) (18) (77) (57) (34) (33) (60) (32) (53) (73) (8) (30) (5) (76) (79) (50) (63) (4) (61) (36) (51) (95) (49) (41) (78) (65) (89) (99) (68) (45) (10) (70) (59) (98) (54) (25) (72) (100) (1) (20) 
56 (31) (40) (92) (44) (15) (45) (54) (100) (80) (10) (9) (53) (27) (56) (83) (18) (90) (6) (94) (22) (57) (81) (93) (20) (47) (72) (43) (58) (82) (85) (71) (68) (7) (77) (64) (79) (35) (67) (52) (14) (39) (84) (69) (16) (13) (26) (87) (30) (8) (99) (17) (86) (66) (46) (37) (32) (25) (21) (95) (29) (34) (23) (24) (3) (55) (42) (28) (51) (4) (1) (88) (98) 
57 (75) (84) (56) (73) (29) (49) (54) (46) (17) (45) (66) (87) (42) (36) (19) (64) (65) (79) (33) (100) (21) (71) (13) (97) (55) (35) (1) (3) (89) (27) (18) (72) (47) (99) (44) (31) (5) (62) (70) (51) (67) (81) (80) (37) (15) (68) (48) (16) (85) (9) (86) (59) (43) (92) (77) (34) (11) (95) (58) (83) (40) (41) (2) (88) (96) (22) 
58 (100) (50) (53) (90) (47) (86) (97) (34) (12) (59) (75) (54) (40) (13) (63) (7) (95) (51) (56) (85) (69) (38) (64) (19) (49) (70) (92) (48) (93) (65) (3) (45) (55) (32) (17) (52) (98) (67) (74) (39) (80) (68) (81) (27) (37) (84) (8) (43) (1) (60) (87) (61) (78) (73) (16) (6) (5) (79) (21) (91) (20) (25) (23) (58) (18) (99) 
59 (30) (19) (68) (64) (24) (61) (48) (91) (66) (95) (69) (58) (67) (27) (25) (55) (45) (99) (82) (4) (72) (11) (51) (56) (28) (94) (43) (35) (46) (16) (86) (80) (78) (1) (85) (65) (13) (6) (79) (14) (34) (63) (31) (39) (8) (73) (76) (70) (53) (22) (50) (49) (33) (90) (92) (59) (36) (9) (42) (83) (81) (60) (32) (93) (29) (44) (75) (26) (84) (37) (88) (18) (100) (10) (47) (17) (54) 
60 (44) (74) (95) (85) (24) (61) (42) (32) (86) (94) (13) (82) (36) (4) (41) (100) (6) (72) (26) (90) (91) (97) (7) (73) (39) (51) (53) (49) (60) (11) (33) (31) (88) (25) (93) (30) (8) (45) (67) (46) (35) (34) (75) (21) (70) (23) (62) (15) (14) (16) (79) (27) (63) (40) (20) (37) (89) (66) (81) (38) (22) (28) (98) (99) (71) (57) (65) (12) (58) (55) (56) (64) (10) 
61 (64) (74) (32) (72) (9) (29) (25) (66) (8) (39) (92) (96) (5) (24) (77) (26) (70) (54) (46) (27) (43) (79) (31) (73) (95) (42) (23) (62) (14) (3) (17) (93) (47) (45) (97) (2) (4) (94) (15) (75) (6) (37) (35) (19) (68) (85) (61) (58) (59) (84) (76) (100) (82) (48) (99) (36) (55) (28) (89) (65) (11) (53) (16) (69) (81) (22) (56) (12) (13) (38) 
62 (5) (98) (57) (6) (16) (88) (30) (93) (97) (53) (14) (61) (49) (51) (62) (35) (9) (76) (99) (18) (60) (25) (55) (82) (80) (83) (3) (19) (86) (85) (74) (21) (87) (22) (56) (65) (24) (27) (17) (69) (95) (45) (26) (38) (2) (7) (94) (81) (28) (10) (20) (79) (34) (44) (89) (43) (33) (54) (23) (58) (4) (77) (41) (96) (73) (1) (91) (59) (40) (75) (52) (42) (90) (72) (50) 
63 (83) (84) (97) (45) (3) (91) (15) (61) (28) (38) (72) (10) (46) (77) (92) (99) (71) (29) (44) (31) (36) (43) (75) (40) (35) (66) (86) (51) (69) (25) (14) (49) (80) (7) (20) (5) (55) (37) (67) (8) (81) (79) (22) (98) (32) (89) (63) (48) (30) (54) (78) (64) (74) (96) (59) (88) (94) (27) (70) (95) (93) (12) (76) (90) (58) (85) (23) (87) (68) (56) (11) 
64 (8) (12) (18) (64) (65) (66) (87) (68) (13) (82) (94) (6) (71) (78) (33) (55) (99) (41) (72) (38) (47) (24) (7) (90) (86) (27) (11) (84) (57) (9) (28) (17) (88) (81) (58) (39) (51) (40) (70) (19) (20) (50) (15) (44) (89) (48) (69) (85) (63) (92) (37) (95) (91) (67) (21) (16) (43) (2) (3) (22) (34) (60) (45) (96) (83) (80) (31) (98) (54) (14) (1) (52) (4) (46) 
65 (90) (65) (68) (86) (42) (96) (75) (38) (20) (19) (16) (99) (98) (85) (27) (100) (43) (95) (61) (58) (12) (14) (4) (5) (80) (72) (28) (7) (84) (41) (37) (82) (9) (79) (8) (46) (70) (63) (76) (40) (2) (67) (21) (56) (89) (94) (60) (97) (33) (50) (11) (26) (81) (88) (3) (54) (1) (29) (31) (32) (83) (17) (49) (93) (18) 
66 (85) (43) (19) (4) (47) (54) (17) (30) (36) (11) (72) (86) (59) (60) (57) (89) (23) (70) (15) (79) (55) (90) (98) (66) (74) (65) (45) (46) (42) (67) (25) (2) (92) (12) (76) (18) (22) (78) (44) (87) (62) (88) (95) (24) (58) (77) (61) (50) (28) (53) (99) (14) (31) (40) (49) (16) (68) (75) 
67 (36) (21) (93) (98) (74) (46) (57) (5) (65) (80) (88) (94) (35) (22) (95) (60) (49) (33) (26) (29) (76) (39) (92) (19) (40) (85) (12) (69) (90) (38) (34) (91) (89) (63) (41) (54) (1) (55) (71) (48) (23) (27) (96) (20) (70) (62) (25) (81) (51) (56) (58) (100) (11) (87) (97) (31) (66) (44) (61) (18) (10) (86) (78) (47) (14) (72) (4) (3) (28) (2) (16) (79) (82) (67) 
68 (82) (63) (87) (55) (5) (30) (29) (24) (13) (23) (33) (44) (84) (22) (61) (54) (42) (99) (47) (90) (28) (26) (19) (50) (53) (78) (62) (85) (57) (76) (81) (74) (10) (40) (69) (56) (100) (11) (70) (68) (83) (64) (66) (3) (71) (72) (39) (86) (31) (98) (89) (32) (20) (88) (43) (18) (6) (36) (16) (41) (27) (34) (14) (73) (77) (45) (2) (95) (59) 
69 (93) (76) (17) (19) (24) (90) (35) (95) (3) (83) (44) (37) (45) (82) (28) (96) (64) (63) (62) (11) (80) (79) (10) (15) (49) (87) (50) (81) (5) (68) (52) (8) (61) (55) (36) (32) (77) (30) (91) (14) (42) (20) (59) (86) (18) (47) (33) (31) (27) (74) (98) (43) (72) (84) (4) (12) (60) (89) (13) (26) (9) (39) (58) (16) (53) (78) (73) (69) (100) (25) 
70 (83) (65) (1) (9) (37) (45) (52) (41) (33) (53) (79) (84) (69) (62) (22) (57) (20) (38) (26) (6) (66) (92) (47) (39) (24) (95) (56) (73) (5) (16) (90) (14) (75) (89) (8) (86) (44) (49) (99) (91) (68) (4) (35) (11) (100) (76) (97) (18) (61) (40) (93) (70) (43) (60) (54) (85) (77) (63) (34) (12) (2) (48) (23) (58) (81) 
71 (85) (6) (56) (48) (94) (9) (87) (5) (89) (11) (64) (23) (55) (83) (73) (28) (100) (84) (58) (40) (92) (77) (82) (1) (46) (37) (61) (29) (50) (20) (18) (30) (72) (52) (66) (31) (99) (39) (88) (45) (22) (67) (97) (95) (21) (90) (59) (7) (15) (79) (81) (2) (13) (51) (75) (8) (54) (80) (69) (74) (35) (17) (98) (60) (63) (91) (43) (44) (3) (38) (57) (36) (53) (27) (24) (96) (68) 
72 (52) (56) (35) (51) (99) (18) (91) (49) (84) (15) (6) (65) (34) (45) (81) (46) (19) (79) (82) (4) (36) (55) (21) (57) (3) (27) (71) (17) (67) (31) (33) (93) (98) (13) (53) (59) (29) (60) (32) (75) (100) (85) (5) (87) (78) (47) (42) (8) (50) (69) (28) (24) (62) (89) (1) (23) (14) (88) (7) (68) 
73 (67) (79) (28) (32) (34) (87) (78) (4) (11) (91) (80) (55) (54) (45) (14) (90) (30) (38) (100) (82) (94) (5) (85) (64) (9) (96) (3) (19) (51) (23) (99) (62) (98) (73) (27) (86) (60) (17) (6) (48) (47) (10) (12) (25) (83) (69) (49) (1) (88) (26) (97) (29) (41) (81) (2) (44) (63) (77) (92) (35) (93) (70) (43) (56) (59) (46) (7) (57) (33) (84) (39) (74) (20) (31) 
74 (78) (94) (77) (55) (22) (88) (47) (39) (20) (92) (1) (34) (5) (85) (100) (51) (80) (45) (32) (14) (93) (43) (68) (99) (16) (41) (72) (58) (75) (36) (57) (24) (86) (23) (9) (81) (12) (69) (54) (76) (89) (73) (28) (67) (56) (8) (53) (46) (29) (27) (66) (50) (90) (70) (71) (2) (18) (35) (98) (59) (13) (10) (38) (3) (87) (52) (97) (25) (60) (21) (17) (44) 
75 (65) (81) (28) (30) (31) (11) (43) (98) (25) (1) (74) (35) (12) (26) (71) (68) (10) (94) (75) (20) (9) (36) (50) (17) (22) (27) (15) (14) (99) (51) (83) (34) (19) (59) (8) (100) (80) (76) (73) (84) (42) (23) (33) (58) (54) (89) (77) (47) (95) (69) (70) (5) (92) (45) (87) (85) (66) (79) (13) (93) (64) (2) (53) (78) (32) (18) 
76 (7) (71) (53) (23) (65) (34) (5) (64) (91) (9) (40) (54) (3) (11) (75) (93) (87) (52) (58) (84) (48) (42) (62) (66) (88) (10) (56) (32) (31) (33) (6) (20) (13) (29) (18) (94) (12) (98) (38) (39) (28) (81) (17) (97) (22) (59) (55) (57) (73) (61) (82) (95) (8) (44) (72) (70) (43) (51) (19) (80) (79) (60) (74) 
77 (72) (23) (9) (58) (4) (79) (29) (64) (11) (18) (56) (85) (13) (98) (78) (95) (74) (99) (100) (97) (7) (73) (94) (6) (65) (42) (70) (51) (61) (25) (67) (60) (26) (48) (22) (41) (59) (47) (20) (35) (39) (52) (63) (86) (93) (32) (30) (82) (5) (88) (15) (2) (1) (44) (66) (80) (50) (76) (38) (24) (69) (3) (8) (10) (90) (19) (12) (71) (75) (68) (16) (62) (55) (91) (57) 
78 (1) (77) (58) (53) (54) (84) (16) (80) (5) (15) (9) (28) (8) (33) (97) (87) (11) (88) (45) (38) (24) (65) (100) (43) (86) (74) (57) (42) (41) (32) (3) (93) (47) (59) (49) (52) (98) (94) (26) (70) (68) (99) (23) (25) (34) (6) (39) (85) (17) (20) (62) (72) (71) (27) (19) (4) (61) (2) (31) (64) (95) 
79 (66) (32) (56) (78) (18) (94) (82) (29) (96) (57) (8) (74) (22) (93) (37) (10) (49) (13) (51) (95) (61) (9) (4) (3) (53) (88) (39) (36) (76) (30) (87) (64) (15) (23) (100) (24) (91) (34) (83) (54) (55) (6) (12) (25) (16) (5) (33) (45) (89) (85) (69) (17) (27) (26) (98) (28) (44) (11) (92) (80) (7) (59) (14) (19) (20) 
80 (74) (81) (15) (42) (44) (26) (71) (95) (46) (70) (11) (80) (77) (94) (72) (9) (34) (53) (28) (3) (55) (62) (84) (30) (10) (90) (61) (12) (58) (38) (40) (99) (64) (48) (35) (69) (68) (43) (32) (49) (14) (2) (78) (17) (5) (47) (8) (6) (89) (21) (66) (4) (87) (76) (98) (65) (88) (22) (33) (20) (39) (100) (7) (37) (79) (56) (13) (59) (36) (96) (85) (63) (31) (24) (54) 
81 (96) (33) (83) (18) (55) (60) (20) (63) (78) (27) (1) (32) (48) (9) (65) (58) (93) (43) (24) (38) (37) (88) (44) (26) (99) (84) (53) (49) (13) (14) (61) (23) (29) (72) (40) (46) (77) (97) (82) (57) (45) (31) (5) (19) (8) (70) (12) (80) (41) (85) (17) (75) (28) (35) (73) (25) (62) (79) (81) (52) (86) (92) (10) (50) (71) (94) (4) 
82 (69) (9) (4) (53) (23) (80) (64) (98) (10) (85) (54) (56) (27) (35) (52) (36) (60) (39) (74) (40) (77) (70) (20) (96) (25) (91) (31) (72) (50) (76) (99) (12) (81) (59) (28) (42) (19) (15) (100) (61) (47) (2) (63) (1) (62) (48) (87) (71) (92) (24) (97) (16) (3) (44) (78) (95) (32) (49) (67) (21) (88) (17) (89) (90) (11) (38) 
83 (92) (66) (86) (5) (65) (88) (72) (37) (11) (53) (24) (34) (2) (81) (44) (26) (87) (70) (6) (14) (19) (58) (77) (61) (45) (52) (46) (1) (69) (67) (17) (23) (13) (89) (75) (41) (27) (49) (42) (79) (63) (96) (55) (57) (68) (56) (29) (15) (71) (93) (4) (100) (22) (40) (73) (62) (39) (90) (7) (80) (8) (32) (9) (50) (30) (74) (95) (85) (38) (18) (94) (60) 
84 (93) (78) (36) (91) (49) (21) (9) (54) (15) (97) (73) (88) (41) (98) (56) (94) (40) (37) (4) (76) (7) (18) (87) (57) (92) (34) (47) (48) (58) (10) (42) (72) (14) (30) (43) (95) (31) (39) (90) (26) (28) (81) (5) (68) (33) (89) (99) (59) (65) (55) (19) (100) (62) (71) (80) (22) (86) (45) (24) (17) (25) (60) (79) (67) (52) (75) (6) (35) (64) 
85 (41) (1) (42) (100) (27) (47) (97) (6) (96) (25) (60) (12) (63) (20) (72) (9) (62) (67) (50) (98) (13) (35) (49) (53) (73) (94) (58) (18) (2) (88) (55) (43) (15) (76) (70) (31) (83) (99) (17) (59) (34) (95) (56) (81) (75) (87) (32) (10) (74) (29) (78) (40) (39) (44) (4) (16) (8) (48) (22) (92) (38) (85) (86) (65) (21) (64) (33) (11) (80) 
86 (24) (42) (84) (9) (16) (99) (23) (32) (12) (25) (81) (98) (11) (58) (88) (90) (17) (10) (70) (47) (82) (5) (51) (83) (38) (28) (50) (80) (30) (68) (55) (69) (36) (72) (21) (97) (56) (79) (37) (93) (45) (13) (49) (92) (44) (57) (62) (3) (43) (15) (85) (4) (100) (59) (6) (8) (53) (26) (67) (96) (77) (78) (95) (31) (41) (54) (34) (73) (33) (60) (48) (89) (2) (94) 
87 (21) (27) (26) (51) (86) (61) (13) (83) (35) (81) (63) (80) (52) (17) (71) (15) (58) (43) (14) (56) (84) (85) (97) (47) (68) (53) (55) (70) (92) (33) (29) (62) (38) (12) (22) (48) (37) (34) (2) (7) (87) (50) (93) (45) (19) (96) (20) (82) (89) (5) (67) (23) (3) (8) (88) (40) (54) (69) 
88 (78) (13) (10) (30) (84) (33) (64) (58) (45) (79) (92) (29) (7) (6) (57) (44) (82) (28) (16) (48) (77) (95) (39) (51) (61) (94) (21) (14) (99) (55) (98) (62) (59) (25) (46) (60) (34) (32) (35) (74) (38) (93) (75) (36) (42) (3) (80) (50) (73) (40) (83) (63) (54) (76) (100) (20) (31) (11) (66) (56) (69) (8) (5) (91) (88) (12) (23) 
89 (41) (33) (87) (34) (68) (28) (71) (18) (61) (12) (15) (36) (97) (35) (80) (42) (90) (86) (89) (100) (82) (46) (47) (43) (49) (83) (91) (24) (16) (25) (11) (8) (58) (79) (30) (9) (93) (95) (99) (39) (38) (3) (75) (85) (20) (78) (7) (56) (50) (45) (32) (37) (96) (94) (84) (92) (27) (13) (54) (4) (2) (17) (69) (76) (63) (23) (53) (22) (77) (62) (5) 
90 (86) (67) (50) (25) (44) (56) (63) (41) (90) (66) (20) (39) (71) (43) (85) (18) (11) (26) (9) (51) (61) (79) (60) (78) (81) (68) (88) (75) (1) (37) (95) (16) (93) (8) (92) (2) (40) (28) (22) (97) (54) (15) (19) (4) (69) (94) (38) (52) (59) (98) (27) (89) (14) (31) (70) (58) (36) (72) (77) (87) (84) (55) (47) (35) (65) (33) 
91 (9) (92) (19) (30) (89) (61) (47) (1) (38) (40) (8) (41) (14) (97) (50) (74) (12) (6) (44) (37) (20) (31) (49) (18) (51) (22) (87) (26) (95) (67) (62) (45) (84) (100) (10) (66) (80) (5) (3) (42) (90) (69) (73) (43) (96) (54) (48) (99) (53) (78) (72) (58) (2) (16) (93) (23) (71) (27) (83) (63) (39) (33) (32) (64) (79) (91) (65) (70) (34) (76) (36) 
92 (78) (53) (21) (36) (66) (60) (74) (31) (76) (27) (65) (6) (17) (29) (45) (95) (3) (91) (28) (73) (79) (16) (37) (58) (48) (90) (68) (11) (46) (9) (32) (94) (57) (99) (1) (87) (63) (2) (14) (77) (44) (61) (39) (92) (75) (81) (96) (34) (15) (98) (83) (49) (70) (93) (40) (5) (43) (69) (88) (26) (47) (52) (72) (25) (82) (4) (18) (97) (84) (71) (51) (19) (59) (62) (64) (24) (33) (22) 
93 (75) (97) (24) (70) (84) (61) (99) (48) (59) (92) (55) (33) (2) (96) (83) (89) (29) (22) (32) (82) (71) (85) (64) (11) (19) (78) (38) (5) (73) (57) (43) (31) (42) (27) (37) (68) (21) (56) (100) (62) (86) (36) (8) (4) (54) (39) (72) (52) (46) (23) (80) (35) (51) (79) (77) (87) (67) (81) (9) (66) (20) (16) (90) (95) (47) (65) (13) (76) (49) (6) (93) (28) (17) (15) (34) 
94 (52) (35) (64) (53) (9) (46) (14) (84) (58) (95) (44) (55) (51) (19) (48) (66) (8) (98) (11) (56) (10) (79) (49) (42) (75) (30) (54) (57) (96) (67) (23) (90) (99) (78) (43) (72) (40) (24) (59) (22) (27) (63) (18) (88) (45) (29) (6) (83) (38) (94) (81) (61) (71) (60) (1) (36) (20) (86) (34) (17) (47) (68) (13) (85) (80) (3) (12) (65) (74) (92) 
95 (21) (61) (98) (95) (58) (53) (96) (76) (17) (12) (19) (81) (33) (28) (87) (27) (85) (39) (52) (41) (91) (3) (66) (40) (45) (8) (18) (14) (5) (100) (20) (90) (77) (4) (49) (36) (13) (26) (59) (55) (10) (15) (57) (92) (89) (7) (86) (51) (25) (94) (9) (16) (64) (63) (68) (70) (42) (79) (24) (93) (30) (74) (54) (84) (80) (31) (1) (48) (71) (56) (32) (62) 
96 (47) (15) (91) (24) (78) (51) (26) (54) (46) (43) (71) (69) (85) (16) (1) (7) (82) (52) (23) (100) (41) (34) (76) (66) (88) (65) (67) (53) (10) (68) (75) (28) (18) (17) (27) (32) (29) (63) (20) (59) (45) (60) (87) (72) (99) (49) (30) (57) (64) (48) (6) (36) (95) (94) (25) (38) (13) (9) (2) (81) (80) (83) (39) (22) (89) (90) (56) (8) (12) 
97 (69) (30) (99) (11) (87) (54) (24) (21) (79) (22) (6) (66) (83) (12) (50) (52) (80) (2) (37) (39) (89) (59) (70) (76) (57) (53) (17) (19) (55) (9) (56) (25) (35) (71) (58) (48) (31) (65) (93) (67) (20) (15) (81) (97) (91) (78) (42) (96) (40) (28) (7) (33) (98) (4) (46) (34) (32) (45) (73) (68) (85) (77) (43) (60) (29) (1) (94) (38) 
98 (44) (3) (34) (81) (39) (62) (51) (14) (22) (36) (61) (67) (85) (70) (90) (6) (46) (47) (25) (100) (83) (4) (59) (53) (31) (87) (49) (15) (1) (33) (66) (88) (35) (41) (74) (38) (17) (2) (7) (76) (64) (94) (45) (10) (58) (77) (20) (75) (8) (16) (69) (13) (98) (40) (57) (30) (65) (73) (86) (82) (43) (97) (55) (96) (71) (27) (9) (93) (72) (79) (11) (50) (48) (68) (29) 
99 (39) (59) (49) (2) (78) (44) (80) (19) (76) (8) (79) (15) (86) (33) (11) (43) (35) (58) (21) (69) (13) (32) (97) (25) (46) (96) (61) (85) (41) (70) (63) (16) (55) (94) (18) (75) (47) (36) (88) (52) (48) (17) (3) (28) (1) (26) (64) (71) (82) (74) (56) (5) (67) (57) (54) (12) (6) (30) (89) (45) (53) (4) (22) (91) 
100 (97) (2) (41) (15) (58) (90) (75) (51) (91) (81) (6) (39) (38) (7) (37) (20) (96) (4) (55) (59) (17) (34) (31) (33) (46) (67) (64) (42) (22) (99) (87) (100) (62) (21) (23) (40) (16) (92) (24) (25) (80) (94) (74) (13) (95) (9) (83) (35) (45) (27) (68) (28) (18) (86) (69) (48) (32) (8) (43) (5) (73) (89) (63) (84) (49) (70) (12) (3) (76) (50) (61) 
