0
100
100
1 (41 24) (73 44 59 97) (2 92 61 98 62 38 46 56 48 33 43) (78 50) (96 89) (31 91 79) (99) (84) (30 7 69) (54 18 16 52 35 77 94 72 26) (23 93 70 83 1 37 95 86 58 42 67 13) (45 80 90 17 27) (20 49) (10) (39 82 5 100) (57) (25 4 87 14 21 60 40 19 28 63) (29 64 22 75 6 55 15 53) (32) (12 8 36 3) (66) (65) (47) (81 85 88) (71) 
2 (80 29 71 92 73) (26) (22 87 46) (18 19 53) (27 82 48) (76) (98 21 42 44 4 1 24 60 14 51 2 16) (7 94 10) (15 57 20) (41 97 77) (99 45 68) (62 84 91) (6 47 33 3) (89 79 58 75 67 65 69 8 86 54 96 93 32 50 43 34 12) (55 5 83 11) (38 74) (70 49) (30) (35 85) (28 100) (90 40 39 56 95 61 52 63) (17) 
3 (92 90) (72) (5) (76) (96 6 99 11 13 86 49) (18) (74 21) (85 20 79 9 34 36 8 16) (59) (38) (64 27 29) (3 12) (95 91) (24 33 69) (75 67) (65 84) (7 60) (50 82) (31 40) (17 97 30 88 25) (1 80 58) (51 19 39 45) (2) (87) (42 94 100) (63) (14) (83 15 93 68 26 62 70 37 61 4 52) (35 53 22) (44 78) (57) (41 89 81 77) (28) (23) (54) (32 46) 
4 (44 18 53 25 32 99 94 91 97 76 5) (37 61 62 48 73 24 81 82) (15 14 1 85) (87 52) (20) (60 59 31 98 39) (19 74 47 41 56) (29 71 65 66 80) (84 23 77 34 13) (86 10 67 49 100 50 68) (54 36) (45 8) (88) (95 7 42 11) (6 51) (96 4 3 58 75 43 9 90) (30 16 46 63 40) (55) (28 83) (26 70 21 27 17 92) (89 72) (79) (22 57) 
5 (15 32 87) (95 82 69) (10 94 6 62 37 19 55) (84 93 30 26 85 13) (81 73) (92 100 75 68 9 90 63 38 76 56 64 14 36) (79) (27 25 44) (50 23 45 97 7 5 74 18 67 16 65 3 39 29 91 83 11) (70) (46) (28 80 41) (17) (21 35 58) (89) (31 4 72) (77 60) (2 51 53 1 40 20 34 42) (66) (12 57 52 78 61 48) (59 98) (54 99 47) 
6 (64) (10) (98 73 78 90 38 74 44 39 87 52 8) (93 36 85 19 68 77 9 24) (35 61 82 42) (3 88 83 57 86) (16) (72) (96) (81 28) (63 48) (94 13) (54 41) (91 46 47 97 99 7 22 20 84) (55 14 50 26 75 89 53 56) (45 23 100) (21 1) (92) (71 5) (18 30 95) (32 49) (76 65 34 33 25 11 15 60 43) (40) (80 4) (6 69 12 67 66 59 79 2 62 27) (17 29) 
7 (28 55 89 60 3 93) (92 18 29 49 52 86 56 65 11 8) (4) (63 51) (57) (75 43 85 97 20 37) (91) (15 2 32 44) (45) (40) (66 59 64 13 54 23) (9) (78 36) (33 100) (61) (62 87 35) (19 96 42 83 70) (10 21) (41 30) (53 26 39 90 72 76 77) (74) (17 82) (98 7 25) (88) (73) (84 58 1) (5 71 16 68 80 69 67) (22) (47 95 94) (48 6) 
8 (16 53 70 15) (56 29) (6 42 75 84 31) (52 22 91 96) (2 41 13 61) (60 1 89 69) (50 74 83 11 35 18) (23) (43 62 87) (20 51 36) (26 72 21 63 90 17 25) (77 10) (49 48 9 80) (94 100 3 34 67 54) (81 66) (8) (65 37 4 58 93 92 95) (78 76) (38 39) (7) (64 14 99 12 33) (27 82) (98) (40 28 79 55) (46 71 85 68) (45 57) 
9 (61) (15) (54 2 69 94 23) (32 31) (16 64) (42 7) (48) (35 65 44 68 66) (14 81) (10 21 58 50 93) (8 99 28 79 78 49 80) (67 3 63 38 40 87 20 97 52 73) (59) (57 84 92 30 95 37 100 77 41 46 62) (6 83 22) (56 75 29 12 90 27 24 86 51) (55 76) (43) (70) (74) (1) (72 13 33 36 34 25 39 19) (17) (45) (9 47) (26 18 60) 
10 (70 48) (52 69 95) (73 23 71) (96 5) (44) (86) (2 26 17 98 94 3 58 33 83 57 34 10 68 32 100 80 11 88 50 20 30 38 72 12) (56 64 59 65 36) (4 79) (19 16 47 62) (1 77) (90 24 25 93) (54) (27 22 97 15 8) (55) (42) (35 82 85 40 61 99 63 87 75 7 76 6 37) (46 18 45 31) (74 9 49 84 43) 
11 (93 45 21 80 22 1 90) (38 60 30) (12) (9) (84 56 23 46 71 6 16) (94 61) (15 100) (58) (24 74 31) (76 8) (28 33) (34 20 4) (18) (82 63 36 55 89 39 17) (64 14 13 25 41) (79 43 88 27) (81) (96 73 26 72 67) (19) (99) (98 2 66 83 7 77 69 97 59 42 32 50) (49 3 44) (11 85) (86 29) (5) (75 91) (65) (52 47 51 78 62 68 57 37) 
12 (64 51 82 97 60 36 13 44 17 29 27) (80 100) (28 39) (66 73 54 58 34) (77 90 12 89 59) (95 68 87) (93 11) (10) (7 98 5 9 57 33 84 50) (92 45 8 22) (18 43 4) (55) (46) (86 56 3 83 42) (30) (32 26 37 67 48 74) (6) (63 2 71 88 70) (79 72 47 23) (19 53 65 96 69 78 75) (14 62 76 38) (49 40 35) 
13 (60 95) (42 9 5) (97) (57 91) (82 39) (64) (14 32 44 47) (98 6) (45 30 2 21 31) (92 33 89 13 100 3 16) (72 36 23) (65 75 35 1 37 28 76 24 88 27) (50 63 67 90 73 71 41) (79) (83 53 8 86 20 15 19 66 78 38) (55) (85) (69 77) (93 99 96 52) (49) (17 59 46) (11 94 80 87 40 61 58 29 25 56 10 81 22 62 84 43 12) (51 4) (68) 
14 (14 20 65) (4 2 7) (35 30) (86 63) (74 34) (80 39) (15) (82 64) (22 33 98 50 75) (18 46 92 19) (88 40 48 11 73) (70 6 9 76) (83 21 91 25 36) (41 58 16) (55 77 13 42 89) (61) (79 78 3) (67) (17) (56 45) (49) (97 26 81) (5 47 93 85 94) (100 10 69) (28 8 66 99 52) (53) (31 12 23) (51 71 84 57) (96) (72 68 90 62) (32 29 43) (38 59) 
15 (60 48) (8 55 81 97 11 84 65 62 17 86 87 45 2 88) (23 66 76 19) (77) (54 10 70) (40 42 41 18 99 82 93 69 49 21 85) (89 6 28 96 74 44 63 52 38 1 53 78 16 25) (20) (47) (51) (100 36 46 12 35 9) (92 43 15 7 22 91 27 98) (72 32 58 71 80 4 13 14) (39) (31 59 95) (34 61) (75 67 26 94) (56) (50) (3 79 37 33) 
16 (59) (91 84 61 2 65 62 63 94) (39 100) (34) (17 36 50) (86 8) (98) (55 60 90 54) (44 72) (93 96 10) (78 4) (99 51 68) (80) (46 26 41 28 24 88 38) (6 73 12 7 25 15 9 97 64 29 92 30) (75) (14) (32 27) (70 58 66) (48) (71 67 31 47 45 23 57 16 85 21 81) (89 82 43 74 56 37 49 13 20 5 1 52 42) (18 83 53 3 69) (33) 
17 (81) (62 72) (73) (30 86 6 50) (48 49 65 12) (9) (78 53) (37 46 79 15 4 7 18 67 25 100) (91) (43 54 13 42 17 80 71 1 94 82 47 60) (24 23) (3 36 87 85) (5 63 70) (89) (93) (95 90 32 98 20) (34) (61) (74 76 35 83 68) (31 64 38 10 96 97 45) (14) (16 52 40 55 27) (59) (92 8 11 69 22 51 33) (2 88 75) (66) (19 99) (26 21 84) 
18 (47 42 79) (12 59 36) (56 3 25 75) (40) (63 46 62) (37) (26 19 29 86 50 44 85 70) (91) (11 10 9 14 65 30 48 61) (81 23) (8 20) (64) (32 54 31) (78 2 82 83 22) (4) (71 68 16 87 84) (90) (96 57 45 21 27 6 97 60 24) (13 52) (76) (92) (67 34 39 7 38 5 51 35 89 77 80 66) (43) (15 95 17 72 41 73 33) (100) (28 53) 
19 (79) (58 86 3 36 22 14 92 60 45 85) (7 53 67 1) (99) (74 49) (76 68 69 82) (29 19 17) (2) (44 24 6 98 78 13 39) (27 33 90) (64 8 55 87 77 35 73 71) (48 31 52) (21 9) (93 4) (16 51) (11) (30) (32 41 96) (20 54) (56 37) (18 34 40 38 28 81) (70 15) (91) (26 95) (5 83 23 66) (89) (50 61 72 65 59 75) (10 46 12 43) (25) (88) 
20 (26 49) (24 95 33 50) (97 43 9 25 17) (51 4 67 66 94 80 91 54) (56 69) (38 57 68) (48 31 18 12 13) (35 100) (41 14 61 21) (39) (22 63 16 87) (29 55 78 90 28 1 8 64 86 82 52 62 6 70 10 30 47 73 58 59 15) (84 37 71 44) (81 72) (76 53 79 27) (96 93 36 11) (7 60 98 85 92 42) (89 45) (99) (23 3 5 19) 
21 (99 4 49) (66 23) (89 78 40 76 17) (91 37 69) (30) (1 44 67 13 84 77) (6) (45 46) (35 64 75) (93 15) (57 73 36 80 5 11 95 59 32 58 14 48 22 18) (71) (53 25 68) (81 96 88 9 38) (21 42 41 47) (10) (70) (74 85 26 55 20 56 97 86 3 79) (94 7) (2) (50 34 8) (72) (16 51 12) (19) (83) (54 39) (65 29) (27 60 62) (28 31) (24) 
22 (28) (45 20 49) (72) (76 62 16) (60 69 75 14 94) (43 70) (66 52 80 9 96 18 61) (99 47 1 56 26 32 74 64 8 59 50 58 57 35) (30 63 68 81) (100) (98) (73) (91 2 12 83 44) (87 17 5 7 85 55) (38) (92 13) (37 25) (22) (36 10 42) (77 19) (93) (29 89 21 31) (41 46 53) (6 11) (86 48) (82) (54) (65) (78 40) (15 23 95 90 71) 
23 (39 22) (91 52 72 43) (66) (84) (44 30 54) (34 69 19) (86) (7 36 31 93 53 16 27 67) (28) (23) (68 89 3 32 98 12 38) (1 79 20 88 5 74) (87 15 71 76 92 77) (14 50) (56 64 6 25) (78) (82) (96 9) (81 83) (42) (95) (60) (33 57 45 35 47) (94 65 49) (10) (48) (37) (59 99) (75 61 2 26 24) (58 100) (11) (73) (51 21) (90) (55) (70 29) (80 13 46) (17 18) (62) 
24 (30 83 95 93 76 98 96 91 57) (61 16 19 45) (24 14) (92 2 81) (89 75 49) (69 66) (31 47 43) (27 72 68 6) (79) (73 4 44 51 59 40 97) (63 18) (39 38 34 8 25 9 46 28) (35) (13 58) (11 23 12 41) (94 20 64 77 84) (65) (78) (54 32) (36 87 74) (50) (62 33 55 26 22 56 10 90 80 60 42 71) (29 86 70 67 7 88) (48 52 82 3) (17) (1 100) (5) 
25 (53) (1 82 62 52) (18) (68 73 47 20 22 40 67 41 100 38 44 93 3) (10 89 91 59) (27 49 66 19) (96) (85 8) (77 34 98) (81 39 36 29 78 84 7 74 43 99) (30 58 32 65 28 80) (92) (24) (57 45) (16 70 35 86 48 2 17 23 42 11 75 83 61 90 72) (97 46 88) (63) (55) (9 12 13 56) (33) (87) (69 60) (25 79 51 37) 
26 (1 70 48 42 23 4) (80) (22 100 3 88 83) (57 49 24) (78 60 20) (5 17) (95 19) (63 27 82 96 81) (59) (67 61 54 51 94) (21 99 41 38 34) (92) (65 18 12) (26) (7) (39 29) (11 90 9 40 8 75 35 84 44) (71 98 87 64 74 58 66 47 2 13 85 28) (91 55) (43) (53 89 93 6 62) (69 36 97) (32 25 37 50) (46 30 72 79 31 73) (10 16) (52 15 76) (77) 
27 (39) (27 89 15 100 7) (31 78 33 52 53) (80 63 25 3 41 20 47) (84 82 67 28) (55 72 6 58 54 57 75 9 11) (40) (61) (35) (83 95 2 73 10 86 91) (65 23 64) (59) (16 29) (92 30) (81 76 98 36 17 48) (45 56) (79 49 68) (77 51 97) (32 90) (66 74 14) (85) (21 19 99 8) (43 60 22 93 18) (88 38) (5) (70 24 4 44 87 96 1 42) 
28 (2 57) (95 44 65 78) (96 37 77 31 87 88 13 82 9 83 4) (51 30 100 97 8 5) (32 72 81 41) (55 1) (80 3 54) (12 68 67 93 43) (24 53 16 61 60) (10 76) (73 46 23) (64) (94) (20 70 99) (18 56 27) (92 85 17 45 86 34) (15 38) (28) (62) (63 6 39 19 40 25 59 69 7 21 49 47) (36 33) (74 91 42 11) (22 35 14 26 84) (71 52 98 75) 
29 (1 89 7 92 35 11 91) (99 8) (64 83) (33 29 9 68 46) (24 43) (73 5) (26 37) (93 41) (12) (47) (60 61 96) (39) (74 32 98 50 58 19 97 49 3 23 90 79 75 94 53 87 65) (30 16 34 66 59) (31 84 54 22 6 4 13 17 62 77) (95 85) (14) (69 45 86) (10) (52 57 44 100 18 72 15 70) (42) (55 36 51 78 88) (40 80 38 20 71 67) 
30 (86 54 94) (46 66 18) (4 50) (10) (32 7 49) (48 76 67 22 81 12 25) (3) (5) (1 99 75 30 6 35) (63 16 70 39) (21 11 40 37 87) (38 2) (29 20 82 23) (68 26 15 33 58 60 91 14) (74) (55 17) (9) (53 57 34 8 78 71) (59 62) (84 41 72 61 73) (56) (97) (28 95 77 27 13) (93) (83 80 69) (96) (36) (19) (42 47 98 31) (79) (65) (90 44) 
31 (49) (4 97 54) (51 17) (67 7 55 23) (48 81 8 88) (96 72 60 44 34) (30 82 3 52 86) (33) (14) (10 57 28 77) (22 47) (1) (25) (64) (38 41 89 87) (6) (58) (99 85 61 5 46 93) (68 2) (11) (50) (42) (20 59) (12) (18 95 63 74 26 31 15 19 90 24 37 71 35 78 70) (13 83 100) (32 76 36 62 29) (43 40 39 92 27 16 91) (94 45) (75) (21) 
32 (61 8 18) (91 49) (46 33 22 92 69 51) (86 5 99) (57) (32) (63 9 36 88 52) (58 38 76) (53 48 37) (93 56 83 41 10 78 26) (55 82) (73 39 64 80) (84) (34 44 77) (43) (95) (54 71 81 47 1 87 31 30) (3 42 25) (35) (85 23 67) (20 28) (7 27 60 29 4) (12 19 14 24 17 2 62) (79 6 15 66 16 96) (59 70 68) (89 45 100 94 40) (97) (13) (11 74 72 75) 
33 (89 28 31 84) (73 100) (13 51) (47 98 39 12) (19 29 3 52 90 4 56 49 40 77 74 55 60 46) (23 85 24 59) (65 42) (5) (76 9 79 18 26) (44 58 62 54 86 95 92 43 32) (36 48 82 66) (27 50 45 88 37) (70 83) (10 25 67 72 7) (15 99 6 16 91 41 97 78) (17 14 94 71) (96 68 80 35 2 20 21 53 22 63 34 57 30 8) (75) 
34 (97) (86 27) (83 45 94 100 2) (36 32 71 66 21 95) (85) (78 47 14 15 29) (44 43 37 30 51) (1 81) (31) (46) (96 17 70 72 88 28 3 60 33 64) (93) (7) (5 67) (22 59) (92 9) (79) (84) (75) (11 13) (4) (20) (58) (49 76 61 42) (90 54 98 68 25 12 52 89 23) (91 82) (87 39 57 8) (99 6 62) (77 19) (73) (53 24 74 56) (63 40 50) (38) (16) (34 65 35 26 41 18 10 69) 
35 (87) (32 7 83 29 55 53 90 72) (14) (2 34) (26 1 91) (65 98 73 82 38 89 33 49 40 50) (16 44 75 57) (54) (24) (69 56 46) (51 48) (97) (79 61 27 60) (9) (92 35 74) (28 47) (6) (52) (10 78 15 58 41) (88 22 59 81 4 36 62) (99 80 64 86 84 67 8 17) (19) (68 66) (20) (77 21 85) (12 31 43 37 23 18 70) (95 93 30 42 25 5 96 13 63 3) 
36 (40 56 45 92 93 91 26) (95 11 39 9) (50 38 61 81 32) (71 58 20) (74 99 64) (33) (67 3 46 90) (68) (16 73 44 55 78 52 29) (47 100) (34 30 75) (65 85 27 23 53 6 84) (35) (4) (36 17 5 28 41 98) (22 49) (7 48 51 2 80 96 62 79 59 21 37 42 43 63 83 12 70 66) (31) (77 69 13) (88) (87 1) (54 19 14 24 89) (10 76) 
37 (61 78 39 44 5) (33 41 20 79 70 95 15 60 62) (77 74 99) (31 42 51) (24 81 91 32 47) (4 8 16 89) (57 14) (83) (36) (45) (97 7 19) (59 86) (11) (48) (12 84) (72) (17 52 68 88) (27 49 34 53) (100 1 94 43 82 35) (90) (10 76) (3 9 54 30) (85 18 55 63) (64) (67) (71 28 56 96 38 21) (93 13 37 73 98 58 80 22 69 65) 
38 (58 25) (45 81 30 88) (13 85 91 67 89 78 47 53 12 77 40) (36 69 18 22 80 73) (11 100 5) (46 71 41 34 55) (96) (21 75 86 76 14 29 97 62 38 35 92) (74 90 93 63) (7 65 82 4) (52 49 27) (60 61 8) (99) (3 26) (87 9 70) (15 94 37 16 64 23 79 33 95) (39 72 56 51 17 43 20 10 57 28 42 31) (66 1) (83 44 6) 
39 (45 40 43) (74 34 100 91 99 5) (26) (93 80 12 23 54 19 60 75 70 21) (65 30 11) (76 81 95 92 38 89) (96 98 72 87 82 36) (83 1) (69 78 37 35) (33) (57 68) (25 90) (97 9 51 64) (50 86 18 10 6) (62 94 73 24 77 14) (39 66) (15 27 31 41) (44 59 58) (53 28 32 79 49 16 88 52 42 20) (84) (17 13) (71) (55 3) (46) (56 63 29 8) (22) 
40 (33 1 96 92 61) (46 84 68 23) (77) (32 45 49) (26) (25 56 99) (64 12 67 82 30 41 59 3 85) (79 39 95) (48 50 94 2) (29 18 17 78) (71 9 86) (5) (83 47) (38 44) (75 40 97) (6 42 90 10 36 57 13 73) (72 37 98 100 53 52 76) (7) (35) (14 69 91 24 28 54 34 74) (15 27 66 31) (80 51 60 8) (21) (65 62 55 19 88 20 93 16) 
41 (44 16) (3) (34 76 35 97) (51) (45) (79 56 71 2) (73 11 31) (52 93 88 92) (49 53) (36 66 38) (19 14 59 41) (32) (68 54) (1) (42 87 8) (89) (99 74 85) (23 40 58 17 27 37) (29 50 10 46 67 84 80 94 64 12) (82 21) (96) (39 25 63) (26 33 83 78 100) (6 28 22) (70 98) (60 65 95 13 18 86 77 43 24) (72 57) (81 91 9 69 55) (20) (90 5 30) 
42 (11 62 42) (10 78) (75 88 41 72) (61 25 68) (28 14) (2 65 97 1 80) (49 34 85 32 55 94 16 19 36 23 17) (99 77 100 29) (84 46 3) (64) (70 27) (40 95 9) (71 50 91 7 39 43) (52) (54 56 58) (38 69 13 22 20 18 89) (45 51 31 37) (76 12 5 44) (26) (98 82) (24) (67 8) (93 21 63) (81) (35 47 74) (60 48 53) (86 87 96 66) (4 83 73) 
43 (15 49 31) (54 67 5 63 90) (40 4 25) (29 74 20 28 52 34) (89 86 37) (80 46 60 43 6) (94 1) (76 62) (66 73 57) (70 9 10 61 96 41 2 27 7 35 97 44) (75) (100 81 71 3) (39 18 59 85) (36 14 30) (78 21 65 72 11 13 53) (95 19 82 58 33 42 48) (55 79 99 64) (93 38) (45 77 87 23 47 26) (56 12) (92 16 24 17) (84) 
44 (12 35 66) (96 65 30 90 3 8 73 26) (2 72) (28) (51 62) (70) (98 19) (9) (56 22 95 39) (15) (46) (10 76 59 54 92 61 60 94) (63 38 21) (34) (36 7 77 100) (25 24 78 71 40) (91 97 31 48 50 49 41 27 57 87 6 32 29 20 89 93 44 79 67) (23) (74 45 69) (1 43 99 68 16 58) (53 82 4) (13 11 80) (52) (14) (81 64 75 83 88 86 55 47 84) 
45 (99 19 63) (70 9 35 8 27 31) (32 50 76) (84 26 74) (42) (13 97 48) (55) (96) (37 43 93 4) (71) (66 89 45 86 21) (83 69) (17 78 87 1) (40 85 3 82 5) (20) (91 29) (88) (80 95) (56) (68) (75 2 33) (7 28) (41) (53) (24 98 34) (64 38) (44 46 49 92 47 100) (30) (52) (18) (61 59 67) (25 12 94 16 65 81 90 23 77 6 58 62) (36 60 73) (79 14) (10 11) 
46 (16) (69 28 38 43) (72 22 19) (3 65 40 35 60) (95) (91) (58) (57) (56) (8) (68 54 79) (70 100 12 42 62 30) (59 20 48 44 18 77 71 7 78 81 52) (6 90) (17) (14 1) (41) (82) (63) (74) (61 93 73 13 55 97) (31 36) (66 99 29 50 86 75) (83 46 26 39 23 5) (33 98 37) (4 15 47 89 64 49) (76) (45 32 87) (11 85) (10) (2 92 88 84) 
47 (84) (21) (46 33) (88) (49) (82) (50) (3 75 54 90) (43) (1) (61) (38 100) (58 91 62 97 81 85 92 95 99 14) (47 53 19 32) (45) (22) (56) (37) (60 10) (73 42 63 74 13 26 78 79 8 76 66) (17) (96 44) (7 11 30 65 29 72) (68 59 34 83 28 27) (80 2 9 87 6 64 16) (24) (12 18 67 4 52) (35 57 20 98 15) (69) (94 25) (77) (48) 
48 (4 26 44) (15 34 99) (23 35 87 82 40) (96 51 60 28) (86 33 17 64 32) (91 49 21) (14) (57 37) (12) (97 19 59 13 22) (73 41 78) (63) (89 42 93 20 88 39) (69 84 45) (9 61 47) (80) (10 43 58) (31 55 77 71 79) (2 90) (8 94 75) (65 83 70) (5 62 56 18) (11) (38 98 92 6 76) (7 48 27 53 74 1 36 68 95 29 52) (72) (16 54) (46 25) 
49 (47 71 30 99 60) (52 64 68 90 14 40) (48 12 98 27 50 28 56 44) (97 4 21) (9 5 43 79 83) (38 82 81) (11 41 65 100) (42 39 78 15 22 35 72 94) (70 31 25 34 93 67) (86 80 20) (54) (62 91) (33 51 57 58 46 92 7 26 8 1 24 84) (16 89 6 29 3 61 96 10) (69 76 75) (23 13 18 59 49) (63) (74 95) (53 36 19 85 66 77 88) 
50 (74 91 58 21) (79) (13 83) (6) (28) (64 25 73 75 5 23) (46) (69 78 52) (84 18 45 63 36 51 7 57 35 42) (82 47) (3) (93) (99) (34 43) (16 61 41) (70) (29) (92 33) (71) (96 89 94 4 27) (54 55 60 65 59 11) (77 20 80 62 68 85 49 87 8 24 30) (10 88) (48 32) (76) (66) (50) (1 2 56) (37 95) (22 72 26 19) (44 12 40 15 97 38) 
51 (69) (33 25 99 32 55 26 23 94 88 12 4 62) (91) (48 85 51 46 70 92 29) (72 61) (5 57 3 64 17) (81) (6 67) (39 68) (13 36 95 96) (52 60) (22) (78) (87 7 31 71) (50 98 34 37) (75 38) (2) (18 58 20) (24) (28 65 86) (9 56) (84 16 27 42 49 73) (30) (59 1 54) (53 79 90 93 100) (19 47) (8 66 74 43 21) (97 77) (35 63 15 80 82) 
52 (87 31 64 24) (50 71 28 9) (59) (51) (54 29) (37 77 2) (48) (49) (13 95 89 58 63 47 45) (76 41 40 38 84 10 36 11) (96 68 67 99 18 81 93 20) (57) (80 30 52) (14 32) (94 44 19 66 33 79 53 5 25 61 73 75 16 12 22 4 17 78) (69 90 100 43 15) (42 74 70 8 35 23 82) (65 46) (86 55 98 72 60 1 88) (91) (27) (92 3 21 85 56 26 34) 
53 (35 90 85) (98 4) (20 100) (8) (15 61) (74 87) (37 45 71 60 27 6 14) (16 22 46 21 12 7 1) (26) (32) (88 44 3) (42 34) (19 59 50 24 80 68 30 40 38 29 36 77) (66) (55 43 52) (89 73 94) (75 99 81 70 10 64 9) (57 53) (91 54) (11 96 17 25) (82 84 72 13) (58 47 76 65 2 51) (93 79) (31 86 83 67 56 49 62 92) 
54 (68 40 8 63) (36 15) (48 46) (5 59 11 34 54) (33 26 74 32 44 85 12 88 80 28 10) (4) (25 94 30 17 57 1) (69) (53 99 87 58 18 61) (70 62) (72 29 19 75 91) (49 95 98) (78 81 86 100 56 82 90 9 43) (50) (77) (65 13 35 71 2 96) (14 27 31 45 22 83 16) (89 21) (64) (66 92) (20 76 84 67) (79 42 55 3 97) (24 51 23) (93) 
55 (86) (48 41) (29 65 96) (10) (30 98) (20 91 12) (80) (2 73) (16 56) (9) (70) (82 24 22 17 68) (97) (32 47 92) (33) (87 71 53) (43) (50) (79) (54) (42 8) (99) (31 34) (36 28 58) (49 25 85 14 64 84) (83 100 95) (35 76 51 5 52) (23 66 61) (21 40 38 60 15 81) (62) (69 57 44 88 74 93 75 55) (39 89 67 27 3) (19 77 90 26 94 37 72 45) 
56 (60 93) (91 89) (80) (84 1 15 86 70 62 30) (67) (32 35) (23 63 96 2) (75 38 64 40 36 14) (11) (19 49 13) (29 37 68 26 7 61 50 41 59 48 53) (5 44) (45 12 97) (69 24) (92 16) (98 10 39) (34 25 65 54 71) (85 76 77 81 28) (90 73 74 55) (46 100 99 79 78 3 95 31 94) (52 20) (43 22 17 47 18 6 83 58) (51 42) (56 82) (33) 
57 (78 89) (6 14 12 31 52 7 86) (37 93 72) (22 29 44) (95 17 90 58 45 1 35 26 70 71 59 25 60) (81 75 2 84) (65) (61 16) (32 97 27 80) (15 68) (100) (99) (55) (74) (91) (53) (8 33) (83) (28 63 64 49) (66) (56 76 62 88 73 39 57) (21 19 46 69) (94 87 24 40) (48 30 34 3 20) (41 85 79 13) (77 82) (11 50) (36 10 38 67 18) (5 92 51 42 54) 
58 (3 27 59 70) (26) (56) (5) (47 57 71 2 1) (46) (58 14 23) (94 6 88) (36 76 82 50 32) (40 87 51 17 100 35) (85) (67) (84) (97) (16 22) (18 15 34 20) (89 75 39) (91) (9 49) (81 42 98 54) (53 30 45) (61) (69 83 55 13 8 78 96) (38 11 44) (4 33 95 99 7 60 80 37) (41 63 66) (62) (64 24 43) (65) (29 77 86 52 19 31 25 12 74 28) (21) 
59 (34 92 99 8) (57 27) (63) (11 58 20 5) (80 83) (78 67 42 96 95) (33) (56 14) (82) (47 55) (87 97 60) (6 76 31 1) (38) (79 29) (4 24) (62) (73) (74 21 81 54) (91 35) (98) (36) (16 84 32 19 3 85 72) (22) (49 37 89) (10 48 75 77 9 66 44 45 69 90 28 39 51 18 64 68) (59 30) (100) (43) (50) (15 12) (2) (61) (94 26 71 40) (53) (70 52) (41) 
60 (20 11 63) (58 48 6) (15 45 88) (94 67 50 26) (14 33 93 74 4 31) (41) (19) (29 87 39 98 64) (16) (91) (47 34 54) (70 90 10) (59 82) (62) (38) (60) (13) (71 99) (49 61) (77 1 76) (40) (5 2 51 95 36) (96) (73 23 57) (12) (97) (43) (17 3 32 86 68 84) (89) (56 37) (80 9) (55) (42 8 44 79 100 92 28) (78 7 72) (46) (65 75) (22 30 83 24) (27 53 18) 
61 (44 62 29 18) (97 8) (88) (91 38 41 96 28 75 12 49 5 64 51 74 57) (55) (73 30) (35) (3 84 32 48 9 80) (71 47) (46 15 93) (45) (24) (72) (65) (92 6 90) (21 16 86 1) (37 60) (20 69 4 31 25) (61) (87 26) (40 79 76 98) (66) (53 50) (36) (19) (7 94 33 56 34 14 39) (100 82) (42) (59) (78) (13 85 89 23 10 11 67 63) (43 52) (17 77 83) 
62 (51 37 87) (93 89 54 91) (85 81) (15 27) (20 67 7 5 77 53 21) (98 56) (32 33 45 8 39 11 44 25 94 90) (64) (47 61 52 84 34 75 46 69 28 70) (71 35) (6 62 2) (26 30 86 10 1 57 73 60) (88 68 16) (40 4 76 99 36 79 24 31 42) (72 23) (100 48 38) (19 43 3 96) (14 97) (17) (12 83) (80 65 13 55 41 95 59) (22 49 58 50 29 92) 
63 (28 94) (67 21 23 68 74) (65 76 17 8) (16) (31 73) (35 38 97 1 80 99 7 63) (2 75) (14 29) (87) (39 47) (54) (20) (24) (27 52) (83 37 64 91 19 61 86 71 84 13) (36) (82) (58 45 5 69 12) (95 62) (42) (81) (11 89 40 56 72 90) (98 66 48 78 60 44) (96 100 50) (59) (85) (57 22 10 18 32 77 79 4) (49 46 43 30 55 25) 
64 (62) (9) (39 78) (13 73) (43 32) (55 4) (46) (98) (88 33 72) (83 99 47 5 14) (8) (7 6 48 15) (30 1) (89 90) (25 63 20) (38 45 56 53) (28 74 97) (60 23 80 79 36 87 19 51) (61 92 29 94) (96 66 34 65) (69 84 37) (76 49) (86 41 82 57 81 44 75 91 54) (24 58) (12 59 50 40 17) (11 10) (16 26) (22 93 85) (68 64 42) (71 52 70) 
65 (99 5 34) (6 30) (48 95) (78) (50 17 67) (16 87 53 51 42 31 84 60 29) (15 56 100) (82 70 97 72 2 1 77 19 83) (61 43 47) (98 81 75 41 22) (74) (86 80 90) (35) (85) (39 3 4) (36) (62) (93 33 69 45) (89) (58) (71) (7) (94) (20) (44) (32) (79 63 65 37) (46 59 96 10 66 54 25 24 27 92) (91 55 64 13 8 73 28 18) (14) (49 40 52) (68 76 11) (9 21) 
66 (7) (79 3 30) (12) (98 44 73) (37 46 9) (63 96) (97 8) (84 51 68 56 71 82) (39) (81 45) (100) (22 47) (23 19 67 92 99 70 29 26 40) (25) (31 94 60) (88) (5 72 20 15 77 21) (14) (61) (41 32) (24) (27) (66 34 64) (83 69 16 90 42 36 18 50 43 1 86 48 75) (52 17 11 35) (62 91 10 55) (53 59 2 80 89 4) (13 58 33) (54) 
67 (87 30 50 6 73 32) (78) (31 2 86 26) (13) (92 1) (77 43 99) (41 69 8 98 62 9 29 20 19 14 25 28 48) (97) (61) (15 11 57) (35 22 44) (100 37 70 81) (17 45 91 96 79 33 64 82 54 47 7) (58 88 27 23 65) (80 10 39) (83 84 21) (3 67) (12) (94 46 68 51) (71) (34 63 76 38 89 75 74 5 49 42 90) (53 66 18 93) (56) (95) (60 55 36 52) 
68 (41 14 43 83) (53 85) (28) (77 73 44 56) (96 57 95 1 84) (100 61 17 47 98) (34 20 33) (15 11) (9) (36) (10 63 81 99 58 3) (31 71 60 75 49 59 30 45 27 54 97 18 88) (68 90) (35 86) (40 70) (6 4) (29) (21 69) (91 80 87) (46 38 24 2) (93 50 5) (65 32 78 92) (72 89) (82 25) (22 16) (55 52 12 74 62) (37) (8 79) (42 19) (7 26 23) (51) 
69 (16 37) (12 57) (59) (97 98 76 34 55) (65 60 27) (35 79 51) (14 1) (19 96) (77) (43 61) (23 10 28 44 24 83) (88 5 78 46 86) (67 58 45 71 81 48 21 70 7 18 25 26) (17 9 41) (3 56 11 73 52) (92) (54 53 62 42 63 32 33 64) (93 13 29 66 40 4 74 36 94 38) (2 85) (100) (80) (91) (39) (89 69 87 68 50 90) (47) (95) (20 22 49 75) 
70 (42 82 99) (96) (17 70 30) (79) (58 80 88) (89 26 28) (37 75) (6 61) (22 38) (83 16 48) (93 66 20 25) (44) (29 40 13 56) (43) (31 46 69 12 49 100 34 86 91) (92) (77 65) (15 1 4) (84) (14 41 23 52 73 33) (36) (19 11 62 55) (78) (57 35) (27 50 10) (64 3 32 8 47 9 67) (54 90 60) (53) (45) (94 5) (63) (21 95 81) (7 71) 
71 (22 42) (87) (30 56 77 75) (55 83 50 58 69 36) (4) (76) (51) (67 24 44 91 71 46 57 38) (1) (60) (34) (82 98 48) (86) (45) (68 49) (59 43 23 79 29 73 62 72) (5 10 88) (31 17) (12 35 8 63 40 20 53 19 39 64 13 97 33) (9) (25) (100) (90 37 92) (94 18 21 81 85 96 28) (65 6 32 3 80 93 2 26 7 89) (54) (74 66 70) 
72 (55) (21 49) (88) (19) (44) (25 61) (90 29 20 5 7 53 24 35) (33 65) (81 39 15) (56 97 66 45 95 22 31 91) (42 82 48 36 17 92 100 50 72) (13) (23 63 11 87 37 47) (43 38 98) (84 71) (85) (32 1 4 60 14) (75 62 41 18) (74 16 54) (89 69 86 28 46 80) (79 34 27 76 73 94 52) (3) (58 57) (78 77 64) (12) (10 99) (93 2 70 83) (9) (6 96 51) 
73 (47 42 26 21 20 83) (43) (55 28 73 58) (37 51) (99 7 98 72 12 66 3 78 93 76 95 70 29 100) (87 4) (79) (15) (17 75) (59 61 22 25) (92 77 62) (56 45 32 30 81 23 19 9 34) (8 24 63) (44 89 94) (52 14 13 50) (41 84) (40 49 86 90 96 82) (2 46 65 35 97 88) (91 1 38 31) (36 67 16) (18 33) (69 27) (6) (68 10) (39 60 11 71) 
74 (2) (79 73) (77 15 82) (94) (11) (98 28) (18) (86 13) (59 20 33) (64) (7) (17 69 27 60 46) (57) (58) (41 56 70) (51 25 48) (91 67 66 84 24 62) (80 23 10 75 40) (100 16 45 99) (29 96 14 65 42 54 50 88 74 76 52 61 97 5 38 93 39 83 87 81 22 72 36 43 35 47 55 26 92 8 34 32 31) (44) (37) (89 90) (63 3 78 53 95) (71 19) (68) (12 49) 
75 (41) (37) (1 95 29 38 100 97) (21) (57) (55 99) (24 87 43 53 33 30 42) (98 56 83) (75 63) (27 9 71 46 48 86 36 19 59 76) (18 72) (90) (14) (85 23) (82) (5 60) (93 26 65 25) (28 39 35 22 20) (3 12 69) (32 44 45) (4) (74) (80) (11 92 91) (17 50 58 54 77 34) (51) (13 62 8 49) (67 10 16 88 64 89 66) (84) (15 6 78) (52 94 31 79) (70 81 61 40 96) 
76 (44) (69 71) (56) (19 28 35 90 24 49 15 65 11) (82 26) (4 25) (17) (70 2 39 3 1 80) (47 10 46 52) (12) (77 7 37 87 78 9) (64 63) (34) (53 61 91 29 98 81 16 32 76) (95) (94 97 8) (73 85 43 68) (55 92 88 89 22 41) (86 60 48) (59 62) (100 57) (99) (93 20 13 18 27 30 72 5 50 6 21 54 51 67 58 83 23 40 31) 
77 (98 63 65 5 22 9 15) (70) (60 76 67 27 61 77 32 50) (53 20) (51) (100 81) (66) (1 49) (62) (25 72 39 47 28) (17) (99 57 78 12 16) (91) (56) (19 18 64 83 29 96 74) (13 40 94 87 10 41) (80) (88 90 86 45 3) (6 82 52 31 30 34 11) (75) (84 85 23 42) (69) (95) (21) (4 14 68 8) (26 54 73 2 43 36) (59) (71 89 46 44 55 92) 
78 (99 46) (13) (16) (59) (97) (83 6) (86 47) (29 66 10 89 5) (72 78 3 69 92 31 33) (44 53) (96 70 71 21 80 67) (94) (54) (19) (43) (81 23) (50 8 90 14 40 2 100 11 25 17 56 95 1 42 98 24 64 77 74 63) (68) (84) (79) (34 82) (27 65 91 73 76 61 38) (18 41 57 75 32 35 52 45 49) (20) (85 87 15) (55 58 62) (30 7) (39) 
79 (74 44 15) (34 28) (11) (62) (49 86) (33 88 1) (50) (18 60 98) (97 36 29) (63 67) (38 20) (13 80 14) (94) (54 21) (64 66 99) (95) (69 65 84 100) (79 17 75 16 73 81 23) (27 91 51 9 32 2) (6 93 35) (48 90 59 53) (83 82 61 5) (92) (56 47) (55 78) (41 89 72 85 4 19) (37) (26 46) (31 25) (45 39 68 71 96 8) (12) (22 43 76 87) (7 42 70) 
80 (23) (35 98 42 28) (81 31) (54 8) (73 64 72) (18) (30 75 43 24 26) (12) (86 16 60 5) (56) (69 71 4 96 51) (53 33) (65 94 44) (13 89 37 27 74) (20) (57 15) (25 90 41 21) (78 7) (36) (17 83 2) (91 67 50 88) (63) (61 85) (10 45) (76) (95) (48 49) (52) (46) (38 11 22 59) (40) (58 9) (87 68) (70 1 79 77) (97) (6 100 3 29 62 82 99 80) (55) (14 32) 
81 (18 71 26 42 67 33 61) (47 93 85) (23) (51 91) (65 2 87 39 27) (1 82 68 7 75 20 76 63 34) (21 88 77 30) (53 28 99 89 14 40) (60 96 95) (37 90) (12 29 83 9) (72) (97) (13 19 66 94) (32 45) (78 38) (41) (69 55 59) (50) (84) (70) (58) (43 74 64 22) (100) (79 80 17 3 25) (56 6 16 49 36 8) (46 57 86 5 98 35) (92) (11) 
82 (30 2) (44) (21) (88) (36) (91 38 92) (66 68 1 14) (67) (25) (37) (10 80 93 22 94) (33 85) (86) (78 95 12 45 72 79) (29) (56) (28 47 42 87 84 11) (5 55) (46 23 70 57) (7 9 34 62 19 17) (60 39 58) (65 26 4) (99) (89 52 82 75 96 48 77 73 98 51) (35) (100 31 40) (6) (43) (41) (97 49 16 15 63) (13 74 76) (69 54 24 81 90) (27) (20 53) (18 83) (61) 
83 (62 14 98 58 34 28) (67 76 86 65 2) (40 42 99 50) (36 79 38) (93) (30 83 39 52) (69 44 29 59 22 70) (71 12 56) (81 100 95 61) (92) (8) (3 24 46 51 88 32 20 37 94 57 43 19 55 48) (31 90 85 68 25 33 63 5) (41 78 66) (49) (72) (91) (84 53 27 80) (77 26 73 89) (11) (9 16 45 18 17 97 15) (23 96 60) (87) 
84 (56 12 1 82) (90) (83) (97 86) (52 18 4 38 79) (73 24 53 99) (78) (84 76 88 21) (54 35 47) (25 75) (93 67) (19 9 58 69) (2 7 20 91 29 49) (26) (61 23) (80 17 62 71) (13 95) (48 100) (45 87 32) (22 39 89) (65 98) (72 40 92 55 30 8) (59 68 74) (64 50 37) (94 85 16 41) (31 15 3) (46 57 44 77 34 11) (27) (43 5 6) 
85 (18 73 75 96 74 78 17 59 85 48 79 40 67 36 33 70 25 13 62 55) (64 44) (89) (50) (29 58 93 45 12 31 24 100) (22 10 41 69) (21) (88 15) (34 20 47) (82 68 4 90 35 11 61 19 76) (28 72 86 39 63 98 71) (42 2 77) (32 60 66 65) (26 94 97) (16) (5 99 7 53 49) (83 46 91) (81) (14 54 9 56 1 87 95 30 92 51) (8 43 38) (3) 
86 (18) (75 79) (51 55 16 19 24 45 7) (64 59) (31 2) (33 1 30 38) (78 12 76 47 60) (42 39 32) (26 41) (25 71 3 43) (65 88 80 4 53) (28 83 95) (57 36 35) (34 9) (54) (50 17) (82 37 73) (21) (89 74 62) (91) (6) (68 56 63 70) (29 92 20 48 46 96 85 5 86 99 10 11 69 98 49) (40 23 22 72) (13 97 61 90 93 27 81) (87 100 77) 
87 (43 61) (57 15) (79) (16 26 87) (18 48 66 97 40) (39) (68 81 22) (95) (44) (49 19 65 72 38 73 77) (63 67 17 5 86) (23) (100 1) (82 51 80 11) (29) (42 94) (12 60 71 98 83 90 92) (64) (37 20 4) (56 32) (62 10 93 96 41 70 8 89 36 14) (33 30 55 99) (13 53 27 25 31) (78) (76) (47) (75 34) (59 50 28 69 7 2 21) (91) (84) (9 74) 
88 (37 62 51 81 71 88 10) (60 20 33) (12 99) (35) (54 56) (90 24) (8 21 92) (85 15 59 18 43 48 27 2 4 79) (82 66 55) (63 97 98) (3 93) (77 86 76 31 16) (42 80) (30 5 61 32 26 52 95 40 36 50 78) (25 74 47) (44 87 11 67) (7 28 53) (41 22) (94 49 70 69) (34 83 46 73 65 58 1 17 84) (68) (57 100 6 13) (75 39 23 89) (45 91) 
89 (59 92) (12 16) (88) (69) (29 31 61 83) (91 46) (5 81 94 24) (11 47 9 65) (43) (87 90 42 60) (23) (36 8) (30 85 55 21 41 45 53) (76 49) (7 72) (48) (77 82 98) (97 35 99 38 89 56) (50) (57 95 25 17) (67) (3 70 33 68) (6) (28 96 13 44) (32 58 39 63 22 62 80) (73) (64 37 18 2) (71 79 40) (19 26 51) (20 84 15 27 34 74 4 78 1) 
90 (39 30) (78 23 62) (92 3) (75 55 91 33) (18 31 22 59) (97) (11 4 44) (88 26) (5 15 85 82 98) (41 76 12 29 94 10 40 35 60) (25 96) (27 80 100 2) (37 49 57 84) (6) (86) (21) (61) (63) (51 24 1 46 73) (81 36 28 13) (43) (90 34 17) (8 45 58 87 66) (53 65) (56 69 95) (67 48 77 16) (38 71) (93 79 7 64 47 32) 
91 (65) (18) (43 45 15 52 76) (68) (66 46 29) (6 40 55) (24) (19 59) (73) (74 62) (22 58 83) (33 87 80 20) (47 49 78) (69 70 56 13 8) (94 39 9 4 36) (97) (5) (54 79) (67 95 90 60 37) (100 81 2 32 92 91 64 12 50 11 17 27 44) (96 48 61) (85 77 86 41 25 14 53) (88 57 98) (75) (72 38) (31) (89 7 3) (26 21) (34 16 63 30) (28) 
92 (94 54 38 10) (67 91) (19 48 64) (77 18 95) (53 59) (27 5 24) (28 39) (42 9 66 99 7) (47 4) (36 12 63) (13 70 30) (84) (65) (71 43 68) (72 52 49) (23) (45 8) (29 21) (78) (76) (97 55 57 16 79) (92) (15 50 81) (41) (26 40) (17 74) (51) (98 31 82 88) (14 89) (6 3 25 22) (69 61 96 56 100 58) (80 2) (93 35 11 75) (73) (87 20 62) (1 32) 
93 (88 1) (52 43 44) (11) (42) (86) (56) (12) (82) (7) (49 84 96 99 2 33 95) (35 92 62) (46 70 24 73 98 23 75 89) (79 34 51 40 66 8 91) (41 80) (81 6) (29) (94 4 21) (78 50) (14 53 37) (74) (15 72 22) (68 30 57) (93) (48 10 76 97) (69 28 36 100) (83 27) (17 9 59 39 19 77 32 18 67 63) (60) (13) (85 16 54) (3 45 90 71 47 31 55 26 64) (20) (87) 
94 (100 74 88 34 64 95 60 10) (21) (92 31 2) (94) (6 50) (87 97 46) (81 19 66 38) (9 57 3 62 5 65 73 63 83) (30) (98) (8 14 91 55) (51 18 39 12) (23 36 52) (7 84 80 89) (27) (24 29 15 58 53) (90 71 82) (78 35) (42 68 67 93 41 69) (45 56) (59 28) (44) (76 99 13) (4) (72) (37 70) (75 1 26 11 32 96 85 47) (77) (17 86 33 43 49) 
95 (15) (74 48) (68 92 29) (73 86 62 89 78 18 38) (95) (77 70 82 94 28 39) (79 49) (19 87 26 25 13 46 42 20 50 93 10 75 98) (97) (51 35 81 27 2 63 71 72) (1) (45 31 69 21 90 64 12) (56 76) (44 99) (91) (84) (58 55) (88 7 100 53) (67 9 96 57 83 43 22 36) (32 4 11 85) (30) (60 59 5 3 34 6 66 40 33 37 80 14) (24) 
96 (64 61 13) (68 37) (26 58) (72) (7) (59 98) (47 17) (8 55 78) (60 96 77 21 93 84 4 38) (89 82) (56 9) (80 99 31 54 40) (66 57 14 75) (79) (76) (48 25 29 88 49) (70 50 51 71 11) (63) (43 34 27 100) (12 3) (16) (69 32 41 53) (45 5) (95) (15) (85 39) (94 97 73 46 36) (42 87) (91 92) (74 62) (1) (52) (35 83 67 2 30) (10 6 33 90) 
97 (3) (44 56) (93 82 98) (62 35 10) (83 39 75) (31 13 30 57) (43 14 15) (96) (24 7 88 51 17 40 72) (70 21 6) (27 32) (61) (68 16 48 69 41 59 65 78 99 4) (19) (94 63) (64) (71 87) (50 29 11 25) (5) (73 22 34 97) (91) (45 49 36) (8 76) (67 46 84) (80 1 79 9 20 81) (85 52) (100 38) (26 33 2) (47) (53 89 66 60 54) (55 90) (58) (92 23 18 86 42) 
98 (74 56 38 41 71) (5) (8 51 59) (99 27 45 13 39 65) (87 32 95 83 57) (9 60 52 40 77 36 81) (48 63) (30 18 100 43 49) (42 29) (1) (55 66) (10 16) (92) (20) (28) (2 98) (76 46 24) (86 6 34) (25 14) (7) (64 67) (53) (93) (4) (31 89) (19) (82 84) (79 78) (70 15) (44 23) (68 58) (37 69 73 50) (72 17) (33 97 47) (61 26 62) (54 96) (90 35 21 88 12 22) 
99 (61 48 66 51) (31) (56) (85) (39) (79 20 50 28) (36) (55) (47) (2) (75) (74) (59 42 11 82 30 17 77 9 45) (68 98 35) (52) (23) (83) (76 49) (87 32 62) (41 93 81) (8 22 70 64 21 34 97) (69 94 86 7) (95 43 88 29 6 44) (4 99 84 89 91 14 60 92 90) (46 71 54 57) (73 10) (80 100) (1 12 13) (53) (15 40) (24 65 72 37 26) (18 67 96 33 3 38) (78 58) 
100 (57) (6) (90 50) (56 34) (85 58) (21 22 60 55) (26 40) (79 1 64) (69) (81 88 76) (71 80 96 15 77) (98 20 53 39 31) (38 72 51 65 86 25 4 54 66) (67 2) (16 89 62 10 74 17 61 47 13 36 49 68) (19 7 92 97 12 18) (75) (45 24) (27) (52) (28 93 46) (59) (32 95) (29 33 37) (23 48 70 63 83) (35 43) (73 82) (44 91 41) (100 8 11 5) (78 42) 
1 (87) (20) (13) (37) (69) (90) (88) (15) (26) (67) (6) (100) (94) (64) (80) (75) (43) (35) (81) (30) (2) (41) (51) (23) (7) (72) (85) (27) (31) (46 92) (57) (39) (65) (89 49 60 54) (59) (58 25 28) (1 82 96) (42) (22 16 56) (68 52 63) (93 19 34 38 70) (8 3 4 5 79) (17) (84 24 36) (98 10 77 29 48) (66 62) (71) (76 45 86) (9 47 21 61) (44 50 40) (78 32 11 53 95) (99) (73 97) 
2 (59) (87) (25) (41) (24) (7) (26) (31) (89) (35) (56) (48) (33) (63) (11) (62) (32) (67) (52) (3) (6) (19) (88) (69) (65) (94) (30) (71) (9) (78) (1) (50) (98) (2) (53) (40) (46) (79) (21) (34) (47) (16) (58) (55) (10) (17) (100) (43) (68) (42) (44) (8) (83 84 18 85) (72) (28) (92 22) (96 74 60 95) (13 12 93) (45 73) (91 51 15) (57) (36 99 5 23 81 76 54 90 14 97) (77 86) (27) (80 66) (82) 
3 (25) (45) (76) (27) (47) (43) (19) (78) (58) (95) (7) (83) (30) (26) (34) (5) (49) (69) (97) (11) (59) (91) (12) (86) (36) (8) (21) (29) (77) (53) (80) (2) (38) (71) (13) (54) (67) (42) (18) (16) (89) (75) (61) (93) (62) (15) (44) (24) (72) (1) (32) (50) (73) (39) (92) (96) (4) (94) (46) (41) (85) (17) (35) (37) (3) (28 40 9 51 66) (84 81 10 55 90) (6 68 99 70) (74) (60 57) (56) (20 33 88 31 14 52 65 23) 
4 (42) (82) (45) (63) (13) (79) (11) (91) (43) (10) (86) (59) (35) (52) (17) (4) (68) (76) (19) (8) (21) (85) (70) (47) (61) (62) (7) (60) (98) (30) (93) (1) (65) (96) (88) (49) (12) (99) (5) (32) (34) (18) (44) (38) (2) (94) (84) (87) (89) (26) (24) (20) (80) (73) (15) (66) (53) (46) (31) (100) (75) (50) (6) (14) (3) (33) (92) (97) (64) (58) (71) (90 77 16 51 69 37 48 29) (28 27 54) (72 36 95) 
5 (58) (97) (46) (49) (50) (22) (57) (38) (36) (69) (60) (67) (54) (83) (77) (70) (45) (12) (56) (65) (86) (71) (13) (21) (91) (61) (76) (18) (31) (92) (35) (51) (78) (37) (6) (28) (11) (14) (3) (52) (23) (34) (40) (68) (66) (30) (24) (85) (33) (98) (5) (74) (41) (32) (43) (63) (94) (48) (1) (80) (4) (82) (39) (100) (42) (72) (27) (95) (79) (81) (87) (17) (64) (84) (75 10 88) (62 20 96 7) (90 16 26 59 55 19 2 29 89) 
6 (28) (58) (36) (53) (78) (73) (10) (56) (72) (2) (33) (24) (3) (96) (59) (26) (97) (44) (50) (90) (29) (49) (31) (38) (34) (41) (5) (46) (27) (16) (65) (9) (39) (76) (30) (1) (93) (82) (100) (40) (47) (92) (15) (23) (19) (80) (88) (21) (13) (22) (70) (61) (43) (8) (6) (79) (32) (84) (48) (64) (86) (11) (62) (75) (67) (18) (98) (7) (4) (68) (77) (12) (60) (99) (51) (89) (35 17) (71) (94 81) (57 20) (45 14 91 95) 
7 (4) (82) (28) (17) (40) (31) (16) (9) (8) (10) (93) (5) (44) (21) (90) (95) (46) (72) (34) (61) (99) (7) (27) (35) (23) (85) (36) (22) (71) (66) (1) (97) (53) (51) (25) (73) (98) (38) (11) (32) (79) (47) (94) (100) (12) (86) (88) (74) (60) (3) (68) (30) (6) (24) (29) (48) (20) (14) (89) (58) (96) (64) (67) (87) (45) (63) (33) (26) (18) (57) (70) (92) (56) (91) (84) (49) (69) (78) (62) (81) (76 50) (43 42 2 15 37 65 19 80) 
8 (22) (73) (48) (40) (30) (59) (34) (51) (17) (20) (3) (77) (44) (50) (58) (55) (14) (88) (19) (76) (97) (68) (66) (31) (25) (38) (89) (35) (61) (90) (96) (45) (46) (74) (81) (7) (16) (92) (37) (29) (18) (26) (12) (4) (84) (80) (87) (67) (52) (70) (2) (54) (85) (39) (10) (42) (62) (1) (64) (47) (49) (78) (15) (83) (93) (65) (28) (32) (27) (71) (57) (9) (99) (24) (33) (8) (63) (79) (41) (6) (53) (91 60) (94 75 13 11 21 98) (100) 
9 (5) (39) (58) (82) (26) (33) (10) (9) (13) (52) (19) (32) (81) (43) (86) (30) (20) (25) (8) (23) (93) (97) (18) (98) (22) (71) (65) (17) (48) (21) (42) (53) (83) (27) (61) (37) (54) (64) (34) (77) (47) (41) (60) (79) (7) (35) (84) (75) (70) (66) (36) (24) (95) (49) (11) (14) (67) (45) (73) (85) (59) (6) (94) (55) (76) (91) (28) (69) (99) (40) (4) (51) (68) (44) (96) (72) (87) (38) (3) (80) (15) (89) (12) (16) (92) (29) 
10 (6) (40) (48) (63) (12) (50) (87) (98) (68) (16) (54) (96) (38) (61) (99) (30) (42) (23) (85) (74) (67) (57) (24) (1) (49) (29) (4) (31) (5) (18) (78) (88) (70) (72) (43) (45) (59) (22) (33) (82) (10) (76) (56) (9) (92) (34) (65) (28) (26) (20) (100) (62) (60) (17) (37) (25) (55) (41) (47) (46) (53) (35) (36) (94) (13) (93) (69) (77) (52) (44) (73) (27) (21) (86) (71) (7) (80) (75) (14) (64) (90) (95) (39) (15) (32) (8 66 2 97 19) 
11 (58) (92) (25) (24) (43) (61) (26) (53) (27) (5) (10) (85) (94) (44) (17) (31) (30) (8) (79) (46) (68) (89) (11) (95) (42) (76) (70) (75) (88) (19) (34) (65) (63) (62) (3) (28) (48) (100) (59) (69) (93) (36) (78) (74) (12) (97) (84) (4) (56) (38) (41) (64) (6) (87) (80) (47) (54) (37) (81) (39) (49) (60) (2) (50) (18) (96) (21) (20) (29) (83) (91) (90) (45) (72) (22) (15) (66) (67) (7) (32) (23) (52) (57) (82) (77) (99 13) (73) (14) (86) 
12 (57) (6) (24) (22) (14) (44) (63) (67) (40) (52) (13) (36) (45) (85) (23) (5) (53) (9) (86) (48) (60) (75) (18) (92) (49) (90) (59) (87) (91) (41) (76) (58) (46) (43) (83) (37) (8) (98) (33) (32) (19) (77) (16) (28) (100) (17) (96) (89) (68) (54) (93) (11) (35) (81) (20) (94) (1) (88) (10) (79) (73) (70) (39) (74) (95) (62) (80) (72) (71) (50) (15) (21) (84) (3) (47) (26) (56) (29) (61) (30) (31) (69) (12) (82) (38) (2) (42) (25) (64 66 51 99 34 55) 
13 (28) (71) (98) (33) (49) (90) (64) (78) (80) (8) (53) (1) (11) (61) (54) (91) (39) (19) (40) (29) (20) (32) (21) (94) (82) (60) (25) (38) (97) (26) (92) (5) (74) (56) (13) (43) (51) (22) (3) (65) (34) (17) (44) (9) (86) (30) (45) (23) (95) (87) (70) (52) (88) (16) (100) (57) (50) (73) (46) (24) (66) (62) (47) (58) (81) (7) (93) (36) (31) (15) (48) (63) (96) (72) (75) (4) (99) (76) (35) (85) (79) (67) (42) (37) (41) (84) (12) (69) (18 77 89 6) (14) 
14 (34) (28) (42) (33) (53) (80) (14) (57) (60) (20) (5) (73) (38) (97) (94) (31) (18) (23) (1) (45) (96) (8) (77) (46) (43) (83) (19) (15) (24) (82) (59) (22) (47) (85) (87) (13) (72) (56) (69) (81) (29) (70) (99) (91) (52) (44) (63) (75) (36) (2) (9) (79) (17) (68) (62) (16) (3) (74) (48) (41) (66) (55) (6) (64) (49) (65) (95) (4) (67) (32) (98) (78) (93) (27) (35) (39) (37) (11) (12) (92) (58) (54) (61) (21) (40) (30) 
15 (89) (79) (75) (95) (29) (61) (80) (64) (47) (96) (39) (54) (72) (30) (56) (49) (20) (33) (14) (37) (8) (3) (6) (74) (16) (23) (27) (2) (53) (22) (17) (87) (44) (11) (57) (5) (7) (50) (58) (52) (32) (15) (46) (18) (91) (21) (78) (34) (76) (35) (67) (60) (97) (77) (84) (92) (68) (73) (94) (55) (1) (38) (26) (59) (83) (93) (82) (28) (19) (31) (98) (40) (65) (43) (10) (4) (51) (62) (9) (100) (13) (66) (85) (99) (70) (48) (88) (90) 
16 (59) (5) (89) (97) (31) (37) (50) (62) (96) (41) (65) (42) (13) (64) (86) (18) (39) (35) (69) (24) (68) (88) (70) (81) (8) (26) (92) (66) (87) (54) (78) (1) (25) (85) (56) (38) (17) (79) (30) (6) (45) (48) (49) (32) (46) (22) (3) (90) (23) (57) (53) (76) (72) (9) (47) (43) (82) (93) (77) (60) (84) (100) (19) (80) (83) (63) (14) (20) (73) (28) (74) (2) (36) (98) (16) (40) (52) (7) (4) (75) (51) (29) (34) (58) (33) (10) (61) (27) (44) (91 11) (55 21) (15) 
17 (77) (15) (93) (92) (94) (56) (14) (41) (29) (43) (64) (39) (38) (85) (76) (71) (61) (68) (31) (62) (21) (13) (98) (69) (22) (33) (5) (23) (17) (89) (86) (60) (35) (58) (20) (100) (46) (47) (2) (28) (51) (45) (52) (96) (34) (57) (18) (37) (66) (12) (3) (63) (54) (65) (9) (24) (73) (16) (25) (11) (48) (6) (99) (97) (1) (8) (70) (91) (55) (19) (87) (32) (84) (75) (53) (4) (40) (72) (74) (7) (67) (81) (10) (36) (82) (30) (27) (80) (88) (42) (26) (79 90 83 78) 
18 (80) (31) (60) (86) (88) (12) (15) (57) (94) (10) (43) (37) (2) (74) (65) (99) (93) (63) (21) (35) (92) (51) (98) (24) (77) (25) (22) (27) (26) (75) (49) (29) (34) (61) (8) (56) (14) (19) (89) (50) (30) (82) (79) (23) (59) (38) (6) (67) (90) (39) (4) (3) (41) (69) (81) (87) (32) (1) (54) (28) (78) (91) (47) (58) (5) (48) (33) (9) (7) (16) (42) (100) (52) (40) (97) (20) (11) (68) (83) (45) (84) (73) (85) (76) (95) (72) (66) (71) (17) (46) 
19 (36) (70) (72) (11) (61) (57) (45) (51) (25) (3) (24) (59) (67) (79) (32) (83) (77) (37) (100) (91) (85) (1) (27) (41) (17) (39) (29) (71) (18) (81) (6) (62) (52) (94) (2) (22) (98) (21) (54) (75) (13) (66) (56) (53) (7) (14) (47) (34) (26) (20) (76) (60) (65) (4) (50) (15) (87) (9) (92) (48) (33) (28) (23) (78) (46) (93) (44) (19) (82) (84) (95) (55) (86) (68) (89) (12) (74) (58) (97) (5) (10) (43) (69) (40) (42) (49) (64) (73) (63) (30) (31) (35) 
20 (52) (93) (70) (55) (35) (23) (66) (3) (78) (40) (18) (77) (83) (47) (24) (61) (17) (53) (43) (37) (67) (2) (57) (36) (46) (75) (59) (5) (30) (54) (92) (69) (64) (85) (51) (71) (8) (56) (29) (4) (21) (98) (6) (28) (72) (42) (100) (32) (33) (89) (39) (80) (25) (14) (15) (19) (73) (9) (50) (60) (1) (79) (91) (95) (84) (13) (74) (86) (27) (58) (26) (7) (10) (49) (22) (88) (82) (62) (45) (16) (38) (99) (68) (41) (87) (48) (76) (63) (44) (81) (11) (34 31) (65) (97) 
21 (76) (26) (94) (67) (27) (22) (63) (84) (53) (98) (88) (11) (37) (33) (93) (65) (3) (7) (52) (2) (81) (77) (18) (54) (96) (36) (19) (6) (58) (1) (39) (51) (62) (99) (38) (45) (50) (5) (85) (15) (57) (28) (42) (14) (89) (4) (43) (97) (17) (87) (47) (23) (78) (92) (59) (75) (16) (30) (80) (68) (71) (13) (86) (35) (31) (48) (9) (20) (70) (82) (34) (73) (72) (8) (21) (66) (40) (91) (100) (55) (61) (69) (49) (90) (79) (44) (41) (95) 
22 (90) (44) (41) (28) (95) (84) (10) (83) (8) (12) (6) (33) (13) (27) (36) (57) (93) (62) (47) (68) (3) (69) (38) (58) (72) (55) (30) (81) (37) (48) (89) (52) (29) (67) (82) (49) (91) (19) (65) (51) (34) (39) (56) (63) (11) (53) (87) (71) (70) (24) (59) (60) (99) (76) (42) (14) (1) (22) (20) (92) (4) (32) (88) (77) (98) (75) (26) (50) (21) (85) (25) (46) (97) (86) (23) (74) (73) (15) (35) (18) (31) (66) (7) (2) (100) (79) (17) (64) (80) (54) (9) 
23 (9) (43) (75) (94) (17) (90) (97) (33) (92) (44) (51) (39) (22) (67) (89) (52) (79) (18) (13) (100) (46) (1) (41) (63) (70) (19) (6) (10) (7) (45) (68) (82) (61) (28) (5) (55) (81) (93) (98) (71) (35) (73) (24) (54) (77) (15) (14) (42) (48) (56) (60) (62) (40) (36) (30) (69) (84) (38) (88) (58) (49) (4) (8) (86) (99) (3) (16) (27) (32) (12) (34) (87) (23) (11) (76) (20) (29) (78) (83) (74) (31) (25) (80) (66) (26) (72) (21) (64) (50) 
24 (25) (57) (91) (21) (28) (59) (78) (6) (90) (50) (29) (99) (40) (86) (76) (58) (31) (72) (64) (97) (89) (24) (92) (61) (11) (36) (27) (53) (41) (3) (98) (37) (32) (1) (54) (71) (85) (55) (20) (52) (4) (18) (17) (35) (39) (65) (19) (74) (80) (66) (33) (34) (73) (56) (51) (26) (100) (60) (49) (69) (45) (75) (84) (23) (93) (10) (9) (42) (13) (82) (2) (68) (63) (47) (16) (62) (44) (43) (88) (94) (83) (95) 
25 (91) (64) (34) (6) (62) (86) (35) (22) (79) (90) (20) (39) (97) (63) (61) (1) (45) (65) (74) (55) (23) (72) (75) (76) (87) (66) (57) (9) (48) (44) (47) (32) (56) (16) (33) (8) (100) (11) (85) (14) (70) (88) (30) (10) (31) (4) (83) (3) (81) (42) (27) (19) (13) (49) (78) (51) (54) (89) (71) (95) (67) (15) (73) (5) (40) (80) (26) (43) (50) (92) (17) (25) (38) (77) (58) (84) (69) (98) (18) (96) (24) (28) (68) (7) (52) (21) (53) (41) (82) 
26 (68) (32) (29) (2) (38) (96) (34) (55) (16) (36) (43) (3) (61) (48) (33) (26) (46) (58) (87) (89) (86) (7) (30) (9) (79) (50) (52) (6) (57) (45) (1) (98) (51) (74) (19) (97) (11) (64) (53) (70) (62) (18) (54) (14) (41) (49) (31) (66) (24) (44) (67) (85) (75) (88) (71) (17) (10) (76) (80) (23) (73) (21) (8) (42) (22) (95) (28) (84) (90) (81) (69) (91) (4) (15) (56) (77) (5) (93) (92) (59) (35) (40) (94) (39) (99) (12) (47) (82) (83) (60) (100) (20) 
27 (49) (80) (12) (86) (38) (26) (20) (9) (66) (79) (53) (62) (11) (45) (87) (1) (39) (4) (16) (60) (43) (73) (8) (6) (95) (37) (19) (36) (23) (5) (93) (25) (96) (32) (50) (28) (18) (54) (88) (97) (3) (30) (72) (91) (35) (89) (82) (77) (27) (90) (92) (48) (63) (33) (94) (41) (69) (57) (21) (65) (100) (84) (98) (81) (13) (51) (40) (59) (24) (68) (42) (17) (44) (34) (78) (58) (83) (52) (74) (31) (15) (75) (47) (70) (67) (2) (76) (55) (10) 
28 (56) (20) (73) (54) (55) (51) (70) (64) (49) (59) (7) (69) (3) (67) (94) (2) (42) (12) (46) (100) (91) (21) (74) (40) (4) (28) (43) (85) (8) (86) (52) (26) (38) (23) (25) (71) (19) (99) (5) (15) (35) (45) (61) (13) (93) (60) (32) (75) (34) (36) (33) (57) (92) (88) (1) (11) (68) (89) (30) (48) (80) (47) (90) (24) (50) (6) (62) (18) (41) (87) (82) (72) (63) (44) (27) (83) (39) (95) (31) (98) (79) (58) (16) (76) (81) (9) (37) (65) (22) (14) (77) 
29 (39) (54) (73) (91) (47) (99) (94) (19) (52) (92) (21) (56) (82) (53) (29) (98) (63) (5) (90) (72) (70) (3) (48) (44) (100) (30) (27) (89) (62) (83) (66) (95) (24) (76) (12) (6) (78) (31) (20) (64) (59) (11) (43) (74) (16) (38) (45) (51) (96) (50) (67) (81) (40) (87) (7) (46) (84) (93) (68) (69) (13) (36) (80) (60) (86) (33) (34) (65) (97) (32) (14) (2) (41) (1) (79) (57) (71) (22) (58) (42) (85) (61) (18) (25) (55) (35) (8) (9) (77) (4) (26) (23) (75) (49) 
30 (77) (83) (95) (51) (29) (23) (52) (63) (98) (17) (14) (49) (96) (86) (41) (38) (11) (78) (89) (50) (32) (56) (90) (88) (94) (2) (13) (97) (54) (59) (24) (91) (62) (19) (40) (64) (92) (93) (46) (75) (9) (26) (6) (43) (22) (34) (5) (73) (35) (18) (82) (36) (39) (45) (55) (60) (25) (81) (3) (10) (12) (30) (99) (65) (4) (68) (76) (47) (71) (7) (87) (70) (58) (80) (27) (31) (33) (37) (57) (85) (44) (61) (21) (28) (84) (1) (16) (20) (53) (67) (66) 
31 (89) (99) (87) (80) (3) (33) (34) (43) (65) (72) (74) (38) (32) (95) (10) (79) (70) (16) (52) (93) (5) (63) (92) (20) (62) (35) (66) (88) (68) (23) (8) (22) (42) (24) (19) (39) (48) (9) (84) (71) (30) (49) (67) (77) (85) (97) (4) (58) (98) (75) (15) (100) (55) (83) (90) (41) (94) (17) (1) (46) (61) (28) (13) (78) (60) (31) (21) (14) (26) (96) (56) (82) (54) (44) (45) (53) (29) (73) (59) (36) (91) (27) (76) (37) (57) (51) (18) (40) (86) (11) 
32 (63) (85) (69) (4) (45) (39) (17) (10) (46) (100) (57) (72) (35) (68) (91) (22) (92) (70) (2) (79) (88) (83) (6) (7) (36) (62) (53) (40) (86) (80) (16) (32) (81) (76) (65) (21) (37) (9) (93) (52) (75) (13) (27) (14) (18) (50) (98) (26) (66) (95) (87) (73) (31) (15) (30) (54) (34) (19) (77) (90) (29) (11) (48) (67) (42) (24) (84) (61) (5) (55) (25) (59) (96) (60) (44) (33) (78) (97) (12) (23) (41) (47) (89) (51) (56) (71) (99) (28) (3) (94) (64) (58) (1) (74) 
33 (50) (60) (71) (94) (13) (37) (25) (9) (61) (29) (55) (97) (51) (69) (47) (64) (8) (11) (100) (40) (35) (96) (14) (99) (56) (36) (24) (2) (38) (57) (39) (41) (34) (32) (98) (74) (72) (17) (49) (46) (73) (27) (78) (6) (18) (65) (15) (80) (7) (31) (20) (93) (52) (82) (58) (95) (90) (19) (91) (89) (30) (1) (67) (48) (3) (70) (81) (10) (12) (66) (79) (28) (68) (43) (83) (59) (87) (86) (85) (62) (45) (54) (75) (88) (16) (23) 
34 (84) (61) (82) (26) (76) (52) (42) (77) (51) (68) (4) (8) (99) (30) (9) (78) (81) (14) (58) (41) (93) (89) (39) (67) (96) (66) (28) (3) (79) (98) (24) (18) (49) (54) (45) (21) (33) (65) (2) (56) (87) (50) (36) (53) (83) (47) (19) (60) (17) (71) (23) (85) (38) (88) (6) (11) (91) (90) (5) (10) (40) (35) (69) (75) (97) (94) (43) (44) (70) (16) (95) (64) (15) (100) (62) (34) (32) (37) (48) (25) (74) (31) (72) (29) (73) (86) (57) (59) (12) (55) 
35 (65) (63) (100) (14) (45) (18) (52) (35) (53) (97) (44) (22) (70) (67) (37) (92) (74) (82) (27) (5) (57) (90) (31) (85) (20) (6) (86) (49) (1) (46) (10) (94) (17) (68) (84) (39) (36) (26) (71) (61) (81) (96) (48) (76) (42) (30) (93) (32) (41) (58) (3) (34) (19) (8) (72) (15) (47) (24) (2) (59) (95) (80) (50) (89) (9) (69) (62) (23) (33) (56) (43) (73) (55) (25) (38) (51) (78) (75) (28) (40) (7) (13) (54) (12) (88) (66) (79) (98) (99) (29) (21) 
36 (25) (55) (68) (81) (28) (46) (64) (66) (17) (56) (79) (48) (71) (82) (85) (80) (86) (22) (92) (53) (20) (3) (90) (83) (16) (12) (4) (87) (34) (72) (9) (97) (67) (11) (14) (63) (31) (6) (27) (42) (74) (32) (59) (19) (61) (50) (39) (52) (96) (54) (75) (95) (10) (69) (13) (29) (49) (62) (15) (51) (18) (45) (44) (93) (60) (88) (24) (43) (38) (21) (40) (30) (26) (65) (77) (94) (91) (41) (98) (33) (36) (8) (57) (70) (5) (37) (100) (99) (23) (58) (35) (7) (89) (73 1) 
37 (50) (36) (15) (86) (55) (72) (46) (7) (75) (31) (71) (91) (32) (13) (34) (52) (80) (56) (81) (68) (33) (57) (8) (41) (79) (18) (3) (38) (30) (25) (76) (98) (89) (90) (82) (65) (5) (87) (39) (16) (40) (63) (26) (28) (59) (70) (62) (74) (29) (53) (99) (42) (96) (67) (21) (45) (23) (12) (37) (51) (9) (64) (17) (58) (100) (84) (10) (22) (48) (73) (19) (4) (83) (35) (47) (43) (60) (66) (20) (94) (61) (1) (95) (69) (11) (93) (88) 
38 (94) (69) (29) (49) (53) (50) (22) (67) (71) (12) (13) (15) (20) (38) (61) (75) (40) (57) (27) (19) (64) (87) (30) (58) (85) (34) (10) (91) (80) (3) (23) (95) (79) (82) (41) (32) (90) (28) (26) (72) (56) (74) (43) (48) (36) (81) (11) (14) (5) (84) (24) (16) (47) (46) (99) (59) (37) (70) (51) (63) (52) (17) (98) (2) (62) (55) (45) (39) (100) (21) (60) (31) (9) (89) (25) (97) (68) (18) (6) (44) (86) (92) (73) (42) (35) (1) (96) (8) (83) (78) 
39 (94) (43) (26) (69) (55) (27) (20) (36) (81) (60) (75) (61) (84) (14) (82) (15) (58) (98) (62) (5) (19) (25) (100) (49) (38) (91) (1) (13) (30) (65) (92) (74) (46) (86) (41) (96) (40) (37) (56) (34) (59) (77) (95) (57) (71) (21) (90) (31) (97) (51) (9) (32) (3) (66) (48) (28) (88) (87) (79) (85) (78) (89) (93) (44) (8) (24) (23) (76) (72) (18) (63) (67) (73) (83) (16) (2) (4) (11) (12) (64) (6) (39) (33) (7) (29) (42) (99) 
40 (14) (18) (78) (63) (19) (98) (36) (57) (30) (93) (50) (68) (9) (85) (70) (96) (58) (74) (100) (89) (45) (29) (21) (49) (55) (24) (76) (95) (8) (31) (40) (17) (83) (88) (65) (12) (64) (84) (61) (81) (41) (90) (3) (73) (26) (77) (10) (52) (48) (62) (1) (33) (39) (71) (15) (80) (44) (46) (53) (27) (66) (99) (7) (4) (22) (6) (35) (28) (82) (42) (69) (38) (92) (54) (97) (32) (25) (2) (34) (75) (59) (91) (13) (60) (87) (86) (5) (43) (56) 
41 (67) (91) (80) (35) (24) (89) (43) (48) (33) (6) (20) (92) (69) (64) (68) (59) (14) (74) (75) (5) (88) (56) (77) (84) (3) (66) (37) (36) (100) (29) (39) (28) (79) (45) (46) (16) (65) (70) (30) (8) (82) (98) (97) (83) (58) (25) (13) (44) (96) (22) (94) (18) (27) (31) (81) (41) (73) (42) (19) (85) (1) (32) (86) (2) (38) (55) (57) (61) (15) (76) (7) (87) (52) (9) (78) (50) (60) (40) (72) (93) (49) (11) (4) (62) (26) (99) (34) (21) (90) 
42 (22) (52) (35) (69) (79) (54) (17) (39) (47) (66) (48) (26) (5) (60) (95) (36) (38) (64) (67) (50) (59) (13) (73) (56) (37) (63) (11) (93) (62) (75) (41) (72) (55) (45) (87) (46) (85) (9) (71) (74) (80) (18) (89) (25) (7) (51) (61) (53) (68) (12) (16) (40) (81) (6) (31) (58) (3) (88) (23) (30) (28) (2) (32) (57) (77) (29) (100) (43) (99) (8) (1) (49) (94) (96) (70) (10) (34) (24) (21) (15) (20) (14) (97) (92) (42) (86) (27) (33) (83) (4) (82) (98) (65) (78) 
43 (42) (74) (17) (33) (79) (8) (10) (19) (6) (47) (86) (13) (81) (90) (59) (26) (100) (92) (82) (16) (52) (96) (88) (31) (32) (22) (18) (72) (87) (50) (49) (43) (94) (99) (65) (34) (95) (1) (66) (69) (35) (76) (11) (51) (46) (7) (28) (29) (56) (91) (60) (64) (75) (24) (38) (70) (15) (9) (80) (73) (44) (55) (39) (83) (61) (4) (93) (85) (2) (53) (67) (48) (62) (89) (36) (45) (98) (27) (97) (25) (78) (71) (68) (58) (20) (84) (23) (14) (77) (37) (54) (12) (63) (41) 
44 (63) (57) (15) (13) (1) (93) (56) (53) (5) (72) (46) (58) (29) (3) (40) (79) (54) (16) (91) (85) (4) (87) (95) (35) (36) (90) (34) (20) (25) (69) (59) (64) (2) (48) (28) (88) (55) (31) (70) (37) (38) (6) (39) (19) (32) (60) (42) (74) (62) (10) (71) (65) (99) (33) (100) (67) (45) (84) (94) (11) (26) (68) (21) (97) (23) (22) (43) (18) (24) (98) (80) (77) (7) (9) (50) (76) (47) (61) (12) (82) (78) (52) (75) (30) (83) (89) (41) (49) (44) (73) (27) (66) 
45 (79) (70) (88) (45) (10) (46) (39) (20) (83) (27) (67) (54) (28) (5) (16) (100) (52) (63) (50) (95) (62) (93) (80) (23) (59) (47) (71) (61) (64) (60) (37) (7) (96) (44) (6) (43) (86) (53) (89) (99) (34) (8) (32) (31) (48) (78) (97) (17) (69) (77) (91) (57) (42) (66) (19) (41) (11) (29) (74) (75) (92) (72) (98) (15) (12) (3) (90) (25) (33) (14) (36) (9) (94) (13) (1) (38) (2) (4) (58) (18) (68) (73) (82) (40) (55) (24) (81) (22) (85) (84) (21) (65) (56) 
46 (86) (1) (77) (24) (29) (62) (94) (49) (46) (99) (38) (19) (30) (78) (28) (98) (15) (56) (68) (74) (16) (36) (84) (34) (75) (72) (32) (17) (97) (95) (39) (70) (47) (8) (4) (53) (5) (69) (10) (96) (51) (93) (25) (100) (82) (21) (63) (54) (58) (66) (67) (71) (45) (22) (88) (3) (52) (79) (18) (43) (26) (80) (35) (73) (50) (91) (90) (64) (44) (11) (57) (89) (61) (9) (60) (31) (12) (33) (83) (6) (13) (41) (85) (14) (48) (76) (23) (40) (2) (42) (81) (65) 
47 (42) (40) (21) (12) (1) (87) (9) (46) (98) (5) (26) (15) (55) (85) (67) (90) (74) (79) (13) (24) (35) (16) (31) (4) (81) (22) (11) (6) (78) (64) (82) (17) (73) (38) (50) (51) (33) (59) (36) (28) (60) (32) (34) (43) (48) (88) (14) (84) (68) (70) (20) (86) (25) (56) (44) (10) (93) (99) (72) (52) (23) (89) (100) (29) (92) (45) (69) (96) (77) (58) (61) (27) (63) (49) (18) (53) (97) (65) (91) (2) (30) (66) (94) (37) (76) (7) (62) (47) 
48 (21) (16) (88) (96) (14) (61) (87) (67) (18) (92) (36) (40) (65) (64) (51) (30) (62) (98) (80) (100) (42) (6) (60) (27) (46) (43) (55) (71) (70) (89) (7) (47) (33) (37) (74) (19) (20) (85) (8) (54) (69) (52) (24) (44) (26) (57) (45) (76) (99) (12) (83) (91) (86) (15) (50) (25) (48) (79) (31) (75) (23) (10) (2) (17) (84) (1) (49) (66) (22) (9) (95) (90) (97) (82) (32) (56) (5) (93) (72) (59) (63) (4) (35) 
49 (89) (40) (71) (46) (95) (77) (93) (34) (49) (44) (68) (17) (37) (32) (99) (75) (29) (14) (56) (36) (47) (28) (85) (33) (39) (25) (9) (42) (88) (91) (63) (92) (59) (51) (83) (35) (1) (69) (87) (73) (72) (52) (86) (4) (94) (81) (38) (76) (98) (31) (60) (96) (53) (100) (65) (43) (57) (10) (6) (90) (62) (24) (58) (15) (3) (70) (2) (11) (64) (50) (84) (26) (74) (8) (22) (30) (45) (54) (79) (20) (67) (21) (55) (48) (27) (80) (13) (16) (19) (78) (7) (12) (97) (82 61 23 41) 
50 (62) (1) (46) (22) (10) (6) (3) (56) (58) (94) (61) (97) (95) (67) (75) (42) (18) (39) (13) (88) (60) (77) (84) (99) (52) (91) (5) (87) (30) (31) (41) (40) (79) (9) (86) (2) (26) (36) (33) (11) (45) (80) (92) (59) (98) (55) (54) (51) (49) (93) (53) (15) (65) (83) (24) (73) (35) (34) (16) (69) (44) (76) (57) (71) (66) (12) (47) (4) (17) (100) (20) (72) (74) (64) (14) (19) (89) (29) (85) (78) (8) (50) (96) (70) (23) (68) (63) (21) (81) 
51 (39) (62) (92) (56) (24) (57) (90) (68) (61) (36) (9) (54) (82) (34) (19) (66) (28) (75) (59) (49) (21) (41) (64) (76) (77) (2) (81) (67) (48) (44) (38) (94) (73) (3) (26) (86) (5) (15) (100) (65) (89) (88) (27) (7) (71) (13) (58) (17) (69) (32) (29) (14) (20) (23) (33) (87) (85) (60) (50) (25) (11) (79) (4) (37) (97) (99) (16) (96) (31) (74) (52) (55) (8) (53) (51) (42) (18) (12) (95) (93) (83) (80) (98) (72) (40) (35) 
52 (47) (83) (37) (36) (70) (69) (15) (80) (98) (78) (73) (84) (41) (13) (72) (93) (10) (62) (91) (20) (38) (5) (7) (68) (22) (74) (50) (8) (64) (51) (94) (3) (53) (19) (35) (24) (75) (67) (4) (63) (57) (42) (82) (58) (9) (6) (16) (29) (65) (77) (33) (28) (49) (92) (46) (66) (34) (2) (18) (52) (97) (43) (25) (14) (88) (40) (48) (55) (100) (11) (61) (59) (76) (26) (27) (44) (31) (45) (23) (39) (17) (56) (99) (32) (1) (96) 
53 (81) (95) (41) (36) (19) (12) (92) (32) (52) (62) (60) (1) (49) (56) (71) (45) (94) (44) (85) (51) (86) (80) (5) (15) (68) (96) (23) (75) (39) (30) (97) (35) (26) (18) (69) (27) (89) (84) (79) (17) (93) (87) (67) (29) (74) (21) (38) (65) (72) (59) (33) (3) (83) (55) (40) (53) (28) (90) (47) (43) (57) (14) (61) (4) (25) (88) (37) (6) (16) (91) (20) (34) (100) (7) (8) (2) (54) (66) (22) (76) (99) (98) (48) (64) (58) (82) (77) (42) (13) (70) (78) 
54 (82) (69) (16) (44) (97) (29) (91) (1) (39) (40) (70) (92) (84) (100) (12) (31) (80) (74) (27) (59) (57) (35) (85) (93) (67) (98) (4) (48) (76) (36) (75) (42) (32) (41) (68) (17) (88) (23) (63) (9) (56) (65) (22) (86) (24) (15) (71) (60) (66) (21) (18) (19) (49) (79) (51) (62) (64) (77) (72) (5) (37) (7) (6) (20) (50) (58) (78) (55) (30) (8) (26) (33) (53) (99) (47) (3) (2) (46) (54) (96) (34) (52) (43) (10) (28) 
55 (50) (93) (65) (59) (88) (11) (71) (82) (6) (7) (39) (80) (28) (13) (57) (61) (95) (58) (55) (29) (21) (17) (84) (56) (62) (38) (42) (44) (24) (77) (60) (9) (26) (91) (30) (92) (94) (43) (41) (81) (53) (19) (10) (100) (31) (90) (96) (73) (27) (1) (2) (4) (48) (79) (25) (16) (20) (89) (70) (23) (12) (54) (32) (5) (98) (33) (46) (63) (83) (14) (75) (76) (67) (85) (36) (66) (86) (22) (45) (40) (8) (52) (74) (51) (78) (68) (97) (64) (99) (37) (35) (69) (87) (72 15) 
56 (28) (74) (99) (34) (36) (100) (16) (42) (47) (45) (63) (66) (32) (80) (30) (35) (96) (62) (59) (95) (38) (9) (37) (53) (18) (1) (69) (4) (83) (10) (72) (24) (94) (81) (97) (6) (77) (98) (92) (70) (25) (71) (20) (85) (2) (87) (55) (76) (41) (67) (40) (13) (84) (79) (19) (73) (61) (50) (27) (49) (8) (68) (23) (44) (5) (58) (65) (43) (7) (48) (14) (88) (90) (54) (86) (89) (21) (12) (11) (57) (82) (51) (46) (78) (64) (39) (93) (33) (75) (60) (91) (22) (56) (15 52) 
57 (40) (30) (60) (98) (87) (93) (18) (32) (28) (7) (71) (35) (20) (64) (81) (69) (99) (2) (70) (49) (61) (41) (21) (62) (51) (68) (96) (92) (86) (34) (53) (57) (3) (37) (47) (58) (46) (43) (78) (80) (48) (50) (26) (82) (55) (33) (44) (77) (67) (72) (10) (25) (91) (12) (4) (14) (9) (29) (97) (89) (22) (75) (38) (95) (8) (54) (100) (90) (1) (27) (6) (31) (13) (16) (24) (74) (23) (94) (83) (63) (5) (88) (52) (39) (76) (59) (84) (11) 
58 (60) (13) (35) (90) (9) (92) (70) (15) (7) (25) (98) (91) (45) (81) (96) (46) (39) (67) (16) (38) (55) (24) (27) (88) (72) (84) (56) (75) (14) (41) (5) (95) (1) (65) (2) (23) (53) (63) (50) (30) (34) (31) (99) (29) (52) (37) (33) (83) (47) (76) (64) (36) (89) (48) (26) (80) (71) (97) (22) (42) (85) (57) (59) (66) (32) (58) (73) (43) (54) (100) (82) (94) (12) (74) (51) (68) (20) (4) (49) (11) (3) (8) (19) (78) (21) (44) (69) (62) (10) 
59 (41) (74) (5) (81) (84) (18) (88) (97) (52) (71) (79) (78) (30) (59) (51) (61) (92) (14) (93) (35) (37) (100) (80) (86) (83) (40) (73) (20) (63) (53) (77) (76) (25) (94) (3) (23) (7) (69) (36) (87) (12) (89) (45) (16) (47) (10) (90) (15) (13) (21) (65) (58) (33) (56) (9) (6) (85) (27) (46) (44) (43) (49) (64) (99) (75) (29) (28) (95) (32) (24) (31) (91) (57) (96) (68) (50) (34) (11) (66) (98) (54) (48) (1) (4) (60) (22) (39) (62) (17) (19) (26) 
60 (57) (17) (7) (25) (16) (6) (19) (60) (90) (11) (28) (1) (55) (4) (46) (34) (64) (32) (35) (67) (42) (95) (69) (47) (5) (40) (15) (41) (100) (94) (85) (62) (91) (9) (39) (51) (74) (48) (89) (82) (31) (52) (93) (26) (30) (75) (87) (23) (13) (88) (96) (79) (53) (29) (2) (70) (33) (44) (37) (3) (59) (27) (72) (22) (73) (20) (81) (66) (83) (43) (12) (8) (77) (50) (63) (98) (61) (38) (24) (56) (18) (58) (71) (45) (80) (86) (97) (68) (65) (49) (21) (76) (99) 
61 (91) (30) (23) (50) (80) (53) (55) (73) (64) (60) (89) (5) (87) (100) (17) (14) (88) (92) (51) (69) (57) (90) (99) (2) (9) (36) (72) (22) (24) (58) (52) (59) (82) (28) (86) (6) (1) (45) (27) (37) (96) (74) (62) (98) (44) (8) (49) (83) (79) (20) (11) (19) (46) (67) (70) (3) (13) (15) (81) (40) (85) (65) (77) (97) (10) (34) (66) (31) (68) (4) (7) (84) (26) (29) (56) (61) (54) (25) (76) (35) (16) (38) (18) (42) (78) (63) (47) (48) (32) (75) (43) 
62 (56) (58) (46) (4) (84) (16) (72) (82) (70) (64) (1) (21) (67) (85) (7) (25) (37) (42) (32) (48) (43) (60) (98) (33) (2) (6) (28) (12) (53) (17) (80) (14) (39) (90) (68) (73) (78) (94) (65) (30) (5) (95) (40) (55) (71) (38) (51) (44) (36) (75) (18) (20) (57) (11) (79) (34) (89) (50) (100) (10) (3) (24) (69) (35) (88) (47) (99) (49) (31) (23) (59) (61) (92) (86) (45) (13) (77) (66) (96) (63) (74) (93) (54) (26) (87) (62) (76) (9) (15) (97) (91) (8) (22) (83 29) 
63 (98) (36) (92) (7) (37) (39) (86) (22) (82) (61) (18) (64) (31) (73) (90) (60) (44) (8) (47) (25) (72) (54) (11) (68) (43) (12) (46) (1) (28) (93) (14) (51) (94) (97) (17) (85) (79) (52) (38) (15) (59) (30) (75) (49) (48) (5) (80) (57) (4) (3) (45) (32) (6) (58) (69) (24) (88) (70) (26) (78) (66) (87) (20) (100) (9) (56) (91) (35) (71) (67) (65) (2) (33) (16) (96) (13) (42) (74) (81) (95) (76) (34) (27) (77) (50) (63) (89) (10) (41) (83) 
64 (100) (18) (8) (29) (19) (55) (76) (34) (32) (71) (21) (63) (87) (78) (35) (53) (60) (20) (16) (11) (98) (9) (96) (12) (39) (92) (90) (64) (43) (27) (7) (94) (93) (69) (89) (52) (95) (24) (46) (81) (45) (5) (84) (23) (66) (61) (44) (70) (48) (22) (80) (38) (74) (1) (3) (72) (65) (79) (42) (10) (49) (86) (99) (31) (59) (97) (13) (91) (41) (75) (14) (85) (62) (77) (28) (26) (51) (56) (58) (57) (54) (50) (40) (47) (17) (37) (36) (6) (67) 
65 (41) (22) (19) (78) (15) (43) (75) (91) (5) (54) (26) (21) (17) (58) (90) (64) (50) (3) (4) (29) (11) (8) (38) (33) (23) (48) (80) (2) (86) (39) (25) (1) (83) (82) (100) (98) (24) (99) (36) (65) (18) (69) (55) (51) (6) (73) (40) (35) (7) (12) (30) (57) (9) (81) (61) (87) (27) (42) (97) (47) (72) (70) (67) (49) (37) (77) (71) (74) (89) (28) (60) (76) (14) (68) (34) (53) (94) (79) (45) (10) (88) (92) (62) (16) (84) (13) (52) (56) (44) (63) (85) (46) 
66 (92) (22) (33) (12) (15) (16) (47) (57) (17) (67) (14) (77) (70) (94) (63) (74) (42) (43) (30) (25) (96) (91) (23) (58) (59) (38) (65) (36) (66) (95) (46) (8) (69) (83) (51) (98) (97) (41) (27) (71) (72) (50) (81) (54) (53) (40) (39) (52) (13) (21) (100) (6) (64) (4) (11) (45) (34) (82) (32) (35) (61) (78) (88) (99) (24) (49) (73) (20) (1) (9) (26) (44) (85) (55) (90) (7) (87) (79) (5) (19) (75) (29) (18) (93) 
67 (37) (92) (57) (54) (9) (45) (7) (79) (55) (81) (44) (53) (13) (29) (60) (76) (75) (98) (33) (83) (65) (77) (43) (38) (26) (59) (8) (21) (42) (99) (27) (73) (32) (94) (17) (97) (80) (34) (18) (2) (74) (96) (82) (41) (95) (66) (23) (40) (84) (63) (67) (47) (100) (56) (28) (4) (88) (35) (90) (1) (36) (6) (3) (12) (11) (24) (85) (5) (25) (61) (31) (70) (93) (49) (15) (30) (14) (89) (58) (19) (51) (20) (91) (69) (16) (62) (78) (71) (87) (52) 
68 (31) (7) (21) (98) (9) (44) (5) (87) (95) (14) (10) (100) (71) (39) (86) (22) (68) (12) (24) (2) (80) (41) (67) (16) (59) (96) (66) (65) (82) (4) (35) (6) (25) (83) (13) (74) (94) (40) (84) (33) (77) (3) (8) (55) (19) (93) (85) (79) (63) (64) (91) (34) (28) (54) (89) (23) (81) (30) (37) (51) (88) (47) (60) (27) (97) (76) (49) (48) (92) (53) (78) (45) (18) (56) (17) (46) (29) (52) (62) (69) (42) (32) (99) (57) (36) (50) (73) (20) (11) 
69 (46) (54) (37) (67) (22) (30) (90) (8) (17) (42) (47) (36) (80) (15) (48) (51) (87) (49) (79) (97) (24) (61) (44) (93) (12) (13) (71) (77) (70) (76) (59) (35) (40) (45) (94) (55) (72) (83) (100) (58) (88) (9) (95) (89) (66) (92) (28) (84) (2) (10) (39) (56) (6) (86) (19) (26) (75) (64) (41) (11) (3) (16) (20) (63) (29) (50) (32) (96) (85) (1) (69) (74) (68) (99) (81) (82) (7) (62) (25) (5) (98) (14) (38) (91) (52) (65) (78) (34) (73) (57) (21) (23) 
70 (16) (25) (76) (73) (95) (29) (68) (38) (77) (62) (99) (35) (37) (50) (7) (23) (27) (12) (8) (17) (26) (30) (70) (53) (58) (66) (34) (51) (93) (74) (22) (1) (5) (88) (3) (31) (81) (75) (4) (64) (39) (69) (44) (49) (19) (71) (43) (33) (57) (2) (54) (80) (87) (36) (89) (24) (28) (82) (79) (15) (60) (41) (94) (20) (78) (10) (52) (96) (67) (55) (45) (72) (9) (14) (65) (48) (86) (59) (56) (97) (21) (46) (32) (92) (83) (42) (98) (85) (91) (100) (18) 
71 (87) (56) (2) (68) (96) (98) (90) (6) (65) (57) (45) (43) (55) (77) (97) (4) (7) (79) (85) (100) (51) (67) (70) (81) (23) (16) (30) (63) (12) (29) (48) (95) (20) (15) (89) (41) (54) (71) (8) (31) (53) (76) (60) (44) (37) (14) (28) (52) (17) (61) (11) (42) (24) (64) (73) (13) (86) (80) (26) (33) (72) (94) (49) (66) (93) (88) (32) (19) (40) (92) (39) (10) (75) (34) (50) (18) (78) (21) (38) (62) (1) (59) (69) (74) (99) (46) (58) (84) (22) (36) (83) 
72 (82) (22) (79) (14) (46) (6) (17) (28) (53) (80) (10) (78) (96) (37) (23) (43) (81) (35) (34) (11) (7) (13) (48) (62) (85) (91) (16) (93) (30) (95) (74) (84) (33) (19) (49) (27) (89) (1) (92) (76) (77) (61) (100) (55) (31) (66) (72) (38) (24) (52) (99) (40) (18) (21) (64) (41) (63) (59) (86) (47) (32) (65) (29) (51) (8) (73) (15) (9) (26) (3) (83) (98) (57) (60) (4) (71) (68) (39) (97) (94) (5) (87) (75) (25) (12) (20) (54) (50) (44) (42) 
73 (21) (36) (53) (59) (95) (17) (40) (78) (100) (72) (96) (55) (85) (50) (33) (18) (44) (11) (51) (60) (97) (71) (52) (70) (89) (69) (82) (2) (24) (19) (57) (14) (98) (42) (77) (67) (74) (20) (84) (28) (64) (16) (43) (26) (62) (34) (32) (63) (61) (10) (4) (99) (37) (6) (30) (87) (1) (25) (93) (91) (68) (45) (88) (12) (35) (56) (73) (29) (23) (94) (5) (39) (92) (41) (46) (48) (90) (80) (22) (38) (47) (27) (83) (86) (79) (9) (66) (13) (76) (7) (65) 
74 (39) (99) (38) (15) (89) (93) (69) (100) (27) (12) (31) (36) (37) (55) (3) (32) (21) (85) (50) (57) (5) (35) (61) (87) (25) (84) (92) (10) (54) (34) (67) (6) (44) (75) (16) (11) (86) (24) (78) (82) (94) (9) (56) (79) (14) (71) (29) (2) (42) (58) (98) (72) (63) (51) (23) (64) (33) (52) (7) (47) (17) (80) (45) (59) (74) (22) (30) (60) (40) (19) (81) (88) (8) (43) (91) (95) (68) (28) (53) (4) (65) (46) (49) (77) (26) (41) (48) (96) 
75 (40) (57) (31) (62) (15) (92) (93) (73) (85) (43) (63) (87) (25) (27) (13) (2) (99) (44) (10) (19) (94) (74) (51) (26) (97) (29) (60) (67) (53) (90) (59) (17) (14) (70) (1) (8) (4) (3) (18) (34) (38) (86) (7) (78) (21) (75) (39) (11) (22) (6) (24) (71) (50) (69) (56) (64) (68) (5) (42) (23) (52) (54) (84) (66) (36) (81) (77) (61) (46) (32) (72) (58) (80) (16) (65) (100) (47) (35) (88) (48) (91) (12) (30) (82) (33) (45) (9) (79) (55) (95) (96) (49) (28) 
76 (32) (24) (4) (73) (62) (49) (27) (52) (47) (21) (28) (90) (18) (31) (9) (60) (78) (41) (13) (48) (84) (45) (34) (61) (54) (6) (98) (42) (43) (77) (26) (23) (94) (79) (80) (67) (99) (59) (57) (93) (20) (87) (100) (30) (86) (5) (2) (22) (10) (37) (83) (46) (40) (89) (71) (88) (96) (97) (95) (58) (92) (55) (15) (17) (33) (50) (91) (63) (74) (81) (69) (12) (36) (72) (56) (39) (19) (76) (65) (8) (85) (7) (11) (14) (64) (75) (38) (53) (3) (44) (82) 
77 (40) (74) (85) (26) (9) (100) (11) (14) (23) (10) (5) (91) (76) (34) (96) (7) (50) (19) (55) (28) (3) (62) (77) (42) (21) (22) (27) (60) (57) (89) (95) (87) (25) (12) (24) (18) (37) (80) (59) (38) (45) (32) (13) (44) (75) (71) (43) (33) (29) (48) (61) (78) (46) (82) (90) (92) (86) (51) (70) (93) (53) (98) (72) (99) (6) (73) (68) (56) (81) (36) (84) (41) (58) (69) (4) (39) (63) (2) (47) (94) (66) (30) (31) (8) (15) (1) (35) (83) (67) (88) (65) (54) (52) (49) 
78 (49) (51) (72) (8) (11) (99) (3) (14) (82) (54) (7) (38) (89) (37) (81) (20) (31) (43) (47) (44) (29) (32) (18) (46) (68) (25) (94) (50) (91) (92) (69) (83) (90) (86) (63) (76) (93) (70) (41) (15) (12) (13) (57) (52) (77) (42) (22) (58) (64) (79) (88) (67) (97) (40) (26) (78) (16) (65) (36) (87) (48) (39) (45) (9) (19) (96) (30) (34) (21) (75) (84) (61) (59) (74) (100) (1) (56) (85) (98) (95) (60) (5) (28) (17) (24) (6) (35) (80) (23) (27) (33) (73) 
79 (50) (100) (53) (32) (63) (2) (75) (18) (79) (1) (92) (35) (98) (48) (33) (99) (89) (69) (21) (5) (34) (43) (88) (59) (91) (86) (40) (78) (72) (38) (71) (64) (3) (24) (36) (23) (30) (10) (9) (61) (56) (12) (55) (80) (47) (74) (52) (93) (90) (84) (8) (95) (45) (39) (57) (83) (11) (67) (82) (6) (41) (62) (37) (29) (25) (68) (19) (17) (46) (97) (14) (51) (60) (4) (27) (87) (54) (26) (15) (20) (65) (70) (49) (13) (66) (96) (73) (85) (44) (81) 
80 (59) (18) (57) (54) (20) (47) (77) (10) (88) (79) (44) (42) (60) (76) (26) (39) (72) (65) (95) (53) (81) (12) (92) (1) (64) (40) (80) (61) (2) (24) (78) (25) (93) (43) (41) (6) (94) (74) (66) (68) (75) (32) (22) (62) (70) (14) (11) (87) (16) (69) (91) (5) (52) (51) (97) (99) (67) (82) (58) (56) (13) (89) (15) (7) (45) (35) (27) (84) (29) (21) (71) (83) (30) (17) (36) (49) (23) (38) (33) (55) (86) (3) (9) (8) (96) (4) (37) (50) (100) (63) (28) (48) (90) 
81 (69) (57) (87) (4) (22) (89) (20) (91) (27) (98) (45) (82) (5) (14) (79) (59) (28) (63) (90) (97) (75) (18) (55) (11) (86) (72) (25) (47) (32) (51) (95) (53) (74) (8) (54) (71) (31) (6) (46) (73) (100) (56) (92) (34) (30) (41) (67) (52) (23) (35) (43) (26) (99) (19) (64) (93) (78) (44) (24) (94) (83) (70) (1) (62) (77) (36) (15) (3) (13) (76) (39) (66) (85) (65) (38) (42) (9) (58) (88) (17) (16) (80) (37) (49) (68) (21) 
82 (4) (87) (70) (15) (42) (13) (59) (97) (45) (43) (44) (72) (18) (46) (8) (2) (17) (73) (86) (24) (78) (56) (32) (7) (53) (47) (26) (11) (95) (28) (3) (14) (80) (23) (60) (64) (77) (98) (25) (61) (34) (40) (52) (90) (88) (74) (93) (63) (31) (19) (79) (54) (41) (82) (99) (76) (50) (30) (33) (27) (38) (57) (67) (81) (89) (68) (48) (6) (65) (22) (12) (71) (55) (84) (39) (100) (94) (20) (1) (85) (96) (37) (49) (35) (58) (16) (5) (66) (51) (92) (75) (10) 
83 (13) (23) (61) (16) (29) (98) (11) (44) (31) (41) (7) (80) (24) (75) (50) (2) (47) (96) (37) (89) (33) (95) (94) (64) (38) (71) (5) (19) (78) (62) (85) (9) (10) (34) (76) (26) (91) (65) (21) (36) (12) (87) (49) (59) (48) (22) (55) (100) (83) (68) (60) (67) (69) (14) (1) (53) (93) (84) (81) (30) (6) (4) (63) (54) (72) (56) (40) (17) (25) (32) (28) (27) (86) (18) (82) (8) (79) (57) (77) (88) (46) (70) (74) (73) (58) (39) (99) (45) (3) (42) (97) (35) (66) 
84 (41) (99) (2) (62) (45) (74) (29) (6) (57) (49) (24) (40) (92) (20) (87) (33) (30) (34) (83) (93) (8) (5) (63) (7) (51) (81) (68) (60) (50) (56) (64) (23) (39) (48) (37) (97) (28) (21) (55) (42) (66) (73) (70) (58) (18) (59) (54) (26) (3) (10) (79) (90) (52) (95) (77) (14) (1) (47) (67) (46) (94) (78) (89) (53) (72) (13) (11) (44) (25) (12) (75) (88) (61) (82) (98) (16) (96) (84) (27) (15) (36) (4) (17) (65) (43) (9) (32) (35) 
85 (15) (32) (88) (43) (7) (61) (57) (11) (36) (35) (59) (56) (75) (4) (45) (82) (10) (69) (77) (31) (78) (95) (14) (84) (25) (3) (29) (58) (85) (8) (40) (79) (37) (99) (13) (52) (89) (81) (55) (20) (65) (68) (17) (96) (80) (94) (5) (51) (90) (76) (54) (41) (86) (42) (16) (21) (47) (22) (27) (1) (6) (93) (34) (50) (19) (72) (97) (2) (18) (63) (62) (83) (53) (64) (49) (28) (91) (26) (71) (46) (100) (38) (33) 
86 (14) (91) (72) (90) (66) (94) (6) (18) (39) (55) (22) (76) (85) (95) (1) (27) (25) (71) (81) (10) (67) (49) (13) (68) (65) (3) (51) (69) (4) (15) (29) (45) (20) (17) (42) (74) (38) (33) (16) (99) (87) (70) (56) (86) (98) (73) (35) (54) (41) (78) (100) (44) (11) (75) (61) (37) (58) (30) (88) (40) (48) (53) (34) (43) (12) (63) (24) (9) (77) (7) (2) (84) (83) (64) (19) (60) (21) (97) (80) (31) (57) (23) (82) (32) (52) (46) (93) (79) (28) (62) 
87 (72) (58) (19) (10) (53) (82) (71) (74) (80) (79) (52) (94) (48) (32) (81) (7) (4) (2) (29) (86) (99) (92) (44) (23) (90) (83) (55) (20) (60) (26) (51) (18) (88) (76) (13) (96) (65) (25) (62) (24) (50) (35) (3) (30) (41) (6) (89) (73) (45) (91) (95) (61) (36) (27) (85) (63) (98) (68) (84) (97) (28) (22) (54) (57) (38) (17) (31) (59) (75) (77) (8) (93) (64) (69) (67) (9) (34) (15) (43) (12) (39) (78) (42) (1) (5) (87) (46) (47) 
88 (38) (71) (41) (60) (99) (54) (52) (49) (90) (100) (66) (17) (34) (11) (29) (84) (37) (83) (53) (57) (88) (26) (98) (36) (45) (47) (16) (61) (77) (6) (7) (69) (40) (93) (75) (96) (35) (81) (32) (55) (13) (23) (12) (92) (1) (31) (82) (48) (74) (27) (91) (94) (70) (76) (62) (58) (51) (28) (44) (50) (46) (95) (97) (24) (14) (89) (19) (25) (39) (86) (10) (4) (73) (85) (33) (80) (42) (79) (72) (21) (3) (67) (68) (64) (15) 
89 (4) (52) (62) (23) (26) (56) (27) (7) (71) (69) (59) (92) (84) (55) (33) (20) (99) (44) (17) (16) (37) (76) (12) (68) (6) (94) (74) (82) (87) (1) (21) (95) (98) (50) (100) (22) (24) (81) (49) (97) (57) (93) (53) (67) (3) (77) (2) (66) (48) (5) (73) (75) (46) (88) (18) (64) (38) (96) (13) (36) (15) (70) (61) (60) (35) (85) (19) (63) (32) (54) (29) (31) (39) (42) (34) (11) (89) (25) (78) (86) (45) (8) (91) (43) (79) (80) (14) (41) (83) (72) (58) (65) 
90 (47) (91) (62) (3) (96) (61) (13) (88) (12) (22) (41) (79) (48) (4) (8) (34) (2) (44) (89) (98) (10) (76) (99) (29) (67) (5) (16) (65) (38) (63) (43) (1) (56) (78) (33) (53) (93) (31) (64) (9) (73) (66) (24) (23) (25) (87) (27) (45) (69) (71) (74) (36) (54) (46) (11) (70) (19) (90) (49) (83) (30) (60) (40) (100) (18) (95) (80) (26) (51) (52) (17) (7) (59) (35) (81) (14) (39) (77) (86) (72) (55) (97) (20) (82) (37) (85) (57) (6) (84) (94) (75) (68) 
91 (54) (64) (60) (74) (83) (33) (93) (87) (89) (47) (38) (45) (56) (49) (52) (61) (80) (23) (53) (4) (97) (86) (31) (95) (57) (50) (20) (5) (29) (24) (42) (70) (65) (15) (94) (68) (21) (1) (35) (73) (48) (59) (79) (66) (100) (18) (90) (63) (25) (46) (78) (34) (82) (75) (11) (8) (22) (85) (77) (36) (7) (44) (99) (16) (96) (88) (81) (6) (76) (37) (40) (13) (92) (28) (30) (14) (19) (2) (3) (58) (84) (69) (41) (71) (91) (67) (55) (51) (32) (72) (62) (26) (27) (17 39) 
92 (68) (87) (79) (15) (97) (24) (70) (95) (36) (27) (83) (17) (98) (86) (62) (12) (28) (99) (39) (57) (22) (48) (33) (60) (40) (49) (81) (3) (19) (25) (71) (29) (67) (9) (35) (5) (94) (75) (14) (52) (65) (16) (2) (74) (78) (84) (66) (45) (43) (53) (59) (56) (64) (85) (20) (6) (72) (7) (38) (26) (13) (73) (34) (1) (4) (47) (46) (44) (61) (18) (91) (23) (92) (89) (69) (54) (50) (77) (88) (31) (82) (93) (100) (76) (96) (55) (90) (41) (32) (8) (51) 
93 (36) (8) (62) (65) (87) (31) (34) (28) (75) (82) (12) (1) (38) (35) (96) (99) (49) (45) (83) (20) (53) (15) (14) (81) (19) (3) (6) (27) (26) (76) (68) (79) (13) (61) (48) (51) (50) (39) (93) (43) (10) (97) (64) (46) (90) (2) (54) (32) (44) (67) (40) (100) (25) (22) (41) (42) (74) (16) (57) (11) (86) (21) (7) (24) (37) (73) (52) (94) (71) (72) (55) (69) (84) (98) (5) (56) (17) (9) (92) (88) (60) (29) (23) (30) (70) (85) (95) 
94 (51) (23) (94) (7) (52) (84) (2) (91) (16) (99) (44) (4) (64) (58) (56) (92) (62) (30) (14) (60) (82) (87) (79) (53) (10) (6) (32) (50) (31) (96) (71) (69) (48) (97) (28) (40) (57) (42) (74) (47) (81) (29) (24) (38) (15) (20) (75) (73) (61) (34) (3) (67) (72) (39) (21) (95) (9) (59) (93) (77) (43) (37) (1) (22) (88) (55) (85) (41) (33) (5) (49) (90) (8) (70) (76) (45) (89) (78) (66) (83) (80) (11) (54) (65) (17) (63) (13) (26) 
95 (39) (4) (42) (72) (7) (46) (100) (9) (69) (45) (60) (21) (92) (12) (43) (94) (77) (15) (32) (27) (99) (3) (2) (86) (80) (20) (90) (36) (19) (28) (23) (70) (95) (58) (17) (49) (68) (26) (54) (24) (84) (35) (48) (79) (50) (74) (41) (62) (37) (34) (73) (98) (13) (22) (93) (10) (76) (8) (57) (56) (31) (91) (89) (65) (85) (47) (59) (78) (1) (18) (6) (88) (38) (75) (82) (40) (33) (55) (29) (30) (96) (52) (67) (81) (51) (83) (44) (63) (87) (5) 
96 (22) (92) (31) (87) (26) (93) (52) (6) (12) (14) (43) (48) (38) (47) (81) (97) (3) (53) (70) (62) (91) (21) (83) (79) (56) (80) (29) (73) (10) (65) (28) (39) (85) (27) (61) (82) (20) (90) (59) (78) (13) (34) (40) (41) (45) (35) (50) (11) (99) (72) (66) (30) (15) (19) (74) (86) (69) (100) (96) (63) (7) (1) (16) (60) (54) (89) (17) (24) (32) (33) (4) (58) (37) (44) (75) (51) (18) (68) (98) (2) (8) (49) (42) (36) (25) (77) (95) (55) (23) (64) (67) (94) (71) 
97 (97) (47) (83) (98) (51) (89) (46) (73) (99) (7) (30) (1) (65) (17) (93) (87) (91) (39) (42) (2) (9) (82) (20) (32) (41) (85) (94) (44) (76) (62) (49) (69) (37) (26) (31) (61) (80) (74) (21) (14) (60) (92) (5) (75) (38) (63) (79) (71) (96) (45) (84) (40) (78) (10) (58) (4) (68) (13) (25) (95) (66) (15) (86) (55) (88) (57) (16) (3) (34) (18) (29) (67) (24) (6) (100) (11) (54) (43) (64) (90) (12) (35) (27) (72) (59) (56) (50) (48) (81) (28) (33) 
98 (40) (36) (39) (97) (62) (87) (88) (86) (91) (71) (79) (4) (60) (42) (30) (98) (52) (67) (89) (7) (61) (92) (100) (25) (73) (93) (85) (13) (76) (78) (65) (49) (90) (84) (94) (5) (95) (17) (48) (53) (41) (64) (80) (82) (14) (96) (47) (10) (59) (16) (27) (46) (19) (20) (23) (6) (37) (29) (12) (26) (2) (74) (28) (83) (8) (44) (33) (22) (34) (11) (72) (63) (1) (54) (55) (45) (81) (75) (68) (24) (69) (35) (56) (66) (99) (51) (77) (15) (58) 
99 (4) (41) (6) (5) (97) (17) (14) (59) (72) (81) (80) (88) (92) (74) (48) (77) (34) (27) (9) (15) (31) (82) (21) (51) (86) (54) (19) (1) (96) (94) (73) (79) (23) (62) (89) (57) (3) (64) (95) (78) (25) (2) (45) (83) (44) (20) (68) (40) (53) (10) (76) (35) (85) (28) (65) (42) (29) (16) (22) (36) (87) (13) (50) (32) (39) (99) (26) (66) (43) (30) (46) (93) (67) (38) (98) (70) (37) (63) (84) (55) (49) (58) (56) (8) (47) (60) (52) (75) (11) (33) 
100 (28) (51) (25) (1) (34) (54) (92) (8) (6) (32) (78) (37) (36) (2) (22) (17) (59) (87) (5) (75) (100) (45) (84) (10) (85) (61) (12) (69) (67) (70) (55) (74) (66) (49) (29) (60) (53) (65) (99) (11) (13) (72) (98) (57) (81) (68) (71) (80) (46) (44) (47) (97) (4) (56) (16) (24) (77) (95) (27) (62) (93) (83) (43) (42) (38) (31) (91) (52) (39) (96) (63) (94) (7) (82) (15) (9) (18) (41) (40) (73) (33) (58) (79) (90) (23) (3) (14) (86) (26) (76) (88) (20) 
