0
100
100
1 (30 14 97 45 20 60) (6 69 55 81 64) (100) (68 10 85 54) (70) (67 91) (88 87 77) (1 93 72 44 31 96 5) 
2 (39 58 99 56 95) (80) (78 20 88) (94 12) (25 52) (74) (69 42 61 14) 
3 (13) (41 84) (66 25 19 65 48 40 77 74 95 9 67 1 29 50) 
4 (98 33 13 6 99 100 20 12) (61 76 88) (75 14 21 30 34 35 1) 
5 (52) (90 3 25 39 55 1 78 27 47 5 33) (70) (50) (69) (2) (54 51 68) 
6 (93 77 54 99 29 6 17 22 18 80 21 44 64 90 73 52 1) 
7 (98 54 18 36 76 25 12 70 22 90 4 49 86 62) (40 3 55 13 11 45 30) 
8 (23 56 61) (97 90 85 19 92 80 98 8 62 51 13) (41 11 36 16) (47 89 12) (14) (45 1 70 68 57) 
9 (51 80 48 77 10 61 100 95) (20 92 35) (5 62 53) (72 74) (78 98 7 64 55 36 94 15) 
10 (32 57) (63 11 69 64) (72) (79 24) (10 22) (58 78 52 51) (5 15 40 96 18 21) (77) (31) 
11 (53 11 97 81 100) (3) (40 2 72 77 86 99 78 38 67) 
12 (56 20 67 96 18) (35 33 17 23) (65 78 44 6 81) (66) (32) 
13 (40 53 43 52 61 11 88 79 93 45 67 92 10) (57 24 64 100 90 35 98) 
14 (44) (73 78 98 52 58 57 59 46 87 31 38 60 75) (64 86 91) (4 74 88 12) 
15 (74 70 26 48 76 92 53 44) (61 65) (15 75 29) (40) (58) (27) (25) (64) (79 31) 
16 (21 65) (3 1 54 5 88 69 81 31) (72) (78 83 68 49 71) (13 24) (63 40) 
17 (60 68 66 26 98 37 58 29 27) (61) (25) (81 82 8 92 80 50 16 11 94 21 45) 
18 (1) (84) (77) (43 9) (27 14 70 91 98 6 11 76 23 90) 
19 (36) (70) (100) (50 39 71 6 93 27) (34 94 35 72) 
20 (62 47 83 24 86 7 91) (20) (18 45 31 52 99 32) (17 98) (4) 
21 (58 24) (33 59) (40 34 85 1) (78 72 90 57) (8 82 69 20 7 67 27 9) 
22 (5 27 86 9 56 76 42 85 23) (77 33) (64 94 1 11) (90 72 60 48 24 25 82) (34) 
23 (56 72 11 41 46 18) (78 42) (43 67 52 99 38) (84 83 33 68 4 15) 
24 (14 68 54 99) (36 94 57) (88 47 39 70 53 15 72 79 38 7) (28 29 44 46) 
25 (6 82 35 54 10 74) (53 19) (1 45 64 20 96) (79 87 65) (83 86 57 99 37) (67 7 2 68 22 27 100) 
26 (19) (57 33) (82 26 42 38 92 14 6 50) (35 11 59) (16 27) (28 22 52 31) 
27 (34 51 74 6 45 65 17) (63 76) (29 92) (64 31 10 15) 
28 (40 89 15 27 37 42 13) (38 34 74 71 41 12 9 83 58 54 6) 
29 (30) (97) (53 65 52) (24 70 4 46 90 94 14 85 55 11 7) (68 54 57) (18) (74 87 80) (64) (31 79 66 27 91) (28 21 71) 
30 (19 85 32 36) (18 53) (42 55 92 12) (61 44 11 8) (33) 
31 (51 66 68 76 42) (19) (11 92 65 43) (99 21 20 40 73) (77) (39) 
32 (26 89 21 57) (92 94) (80 83 96 77 75 87) (18 2 40 93 72 63 84 17 70) 
33 (29 23 14 84 47 25 74 64) (65 73 60) (97 27 19 43 99 41 93 4 94 52 3 100 59 76) 
34 (9 10 65 43) (61) (54 67 44 59 92 20 66) (83 12 99 28) (87 96 11 23 35 72) 
35 (60 56 75) (68 89 76 35) (54 7 9) (2 44 61 81 8 87 11 25 98 46 27 96) 
36 (88 84 54 89 92 51 37) (47) (38 15) (59) (19) (56 77 65 95 94 7) 
37 (4 94 64 91 28 57 93 1 13 36) (11 21 53 52) (60) (46 50) (58 18) 
38 (87 90 20 64 22 18 29 47) (96 65) (1 28 67 13 60 54 57 66 34) (21 77 72 91 93) 
39 (46 82 93 35) (86) (22 60 79 12 88 27) (56 87 34 2) (92 68 98 80 95 90 48 100) 
40 (16 39 10 59 36 3 19 67 14 98 99 34 50 84 13 2 81 85 64 73) 
41 (27 48 38 96 69 29 71 13 68) (34 24 20 83 12 37 65 75 19 42 18 84 25 94 28) 
42 (53 65 64 77 9) (84 82) (3) (98 20 13 71) (4 45 29 35 25) (94 68 62) (99 54 90 37 51 36) 
43 (10 17 80 20 41) (48 39 21 45 83) (67 5) (57 79) (86 30 60 53 15 73 81) 
44 (62 12) (93) (56 89 68 25 19) (29 51 76 65 36 30 33 90 9 49 87 100 27) 
45 (75 19) (20 88 42 47 72 57 14 31) (6 40 13 83 99 53 49 38 15 84 17) (86) 
46 (16 50 54 69) (8) (92 98 94) (56 30 74 11 38 81 96 49 37 22 2 48 4 17) (66 40) 
47 (56 3 76) (31 38 99 51) (65 78 52 63) (2 9 7) (43 23 53 8 49 15 90) (5 95 26 45) 
48 (91 73 86 2 32 60 66) (94) (43 80 1 72) (25 26) 
49 (99 61 51 49 13 57 4) (27 36 24 87) (97 35 32 56 59 37 44 38 15 2 33 83 41 77 72 22 3 79) 
50 (67 76) (68) (57) (55 43) (69 58) (98 59 93 29) (39) (99 89 77 46) 
51 (6 35 49 5 34) (31 65) (92 88 74 75 50 80 71 56 78 12 37 10 4) 
52 (41 93 73) (17 85) (18 12 23 16 89 14 33 48 34) (88) (45 76) 
53 (98 76 69) (77 8 80 47 13) (12 27 88 68) (41 94 14) (52 28 26 21 73 18 42) (43 17) 
54 (56 66 96 80 26) (36 12) (18 74 47 55 68 41) (63 90 15 58) (60 70) 
55 (8 68 28 38) (2 55 64 35 48 73 83) (88) (22) (70 49 26) (33 13 90 11 82 94 54 3) 
56 (25 100 50 1 93 10 62 8 91 14 81 29 90 84 33 13 55 40) 
57 (4 7 95 94 78) (48) (92 30 91) (59) (8 56 71 88) (33 9 76 2) 
58 (50) (5 85) (31 72) (91 4 41 96) (39 98 9 97 1) (12) 
59 (76 95 31 53 32 46 38 60 61 22 35 50 97) (82) (62 5) (83 58) 
60 (100 62 21 54) (19 55 74 49 95) (84 78 52 83 43 20) (37 22 87 81 91 11 65 4 26 61 1) (45 59 3 73) 
61 (65 44 27 90 56) (37 24 39 18 60 48 95 99 76 1 20) (84 9 23) 
62 (38 22 24 25 65 52 29 19) (48 66) 
63 (27 39 92 87) (53 26) (30) (67) (91 15 4 7 22 49 68) (96 83 52) (3 94) (35 1 46 90) (21) 
64 (92 57 91 12 27) (38 54) (8) (40 95 99 2 42 16 77) 
65 (2 15 33 92 93 37 59 90 5 69 24 70 53) 
66 (23 90 99) (5 35) (77 38 33 29 53 48 15 93 68 19) (75 49 40 34) 
67 (53) (80 97 37 85) (60) (72 1 9 75 22 29 94 68 6) (73 66 2) (33 4 7 76 24 30) 
68 (52 55 67 11 44 12 31 68 91 24 17) (62 86 98 28 38 63 70) (58 3 8) (72 19 75) 
69 (38 90 92) (22 17 65 60 4 55 12 96 87 33 3 91 42 23 47) 
70 (3 40 51) (89 72 9 83 82 29 71 95 22) (59 5 2) (17) 
71 (76 38 99 1) (51 43 61 90 58 53 78 88 29) (7 2) 
72 (46 36 4 43 87 90 19 34 14 24 33) (52 22 85 1) (3 42) (59) (27 2) (72 73) 
73 (84 58) (97 70) (76 67 55 64 11 51 36 53 90 93 25 47 37 5 20 73) (40 44 46 6 32) (95) 
74 (40) (16) (85 80) (83 45) (75 29 46 34 88) (72 3 4) (55) (79) (53 32 77 6 50 64 38 67 98) 
75 (47) (56 29 54 33 57 45 73 21 75 46 93 84 66 89) (24 55 31) (3 82 77) 
76 (53 67 81) (35 70 89 78) (61 40 33 87 65 16 29 90 32 20 7 88 77 27 15 64 83 76) 
77 (30 26 10) (94 100) (8 63 32 28 51 59 53) (55) (39 88 46) (38 15 19) 
78 (35 24 60 25) (40 57 98) (21 16 100 77 79 83 62) (92) (42) 
79 (51 99 65 70 91 30 44 58 34) (60 86) (96 62 92) (24 87 14 78 75) (19 42 2) 
80 (86) (64 37 63 3 8) (79 65 30 47 42 40 87 13 22 80 46 6 43) (54 74 36 53 20 4 92) 
81 (12 16 90 15) (65 99) (21 36 60 4) (35 61 10 27 23) (88 73 2 49) (5 98) (41) 
82 (61 25 17 58 67 79) (3 12 97) (2 71) (65 69 53 34 77) 
83 (30 61 9 4) (66 2 79) (68 27 1 23 52) (83) (81 14 33 45 40 56 100 95) 
84 (98 26 14) (79) (99 100 71 42 63 41 16 35 78 52 50 83 94 21) (86 13 3) 
85 (89 29 11 36 88) (38 60 94 50) (55 78 35 71) 
86 (95 39 13 93 8) (61 12 67 19 22 52 10 28 3 81 80 7) (92 14 89 47 72 23 18) 
87 (88 68 10 40) (92 81 33 78) (36 23 21 98 79 12 76 26 29 95 80 75) 
88 (57 73) (4 74 31) (58 77) (38 67) (79 27 8 43 51) (53) 
89 (66 47 2 22 36 74 25 64 94 15) (87 40 85 95 71 90 88 1 67 3 28) (81 33) 
90 (49) (43 59 95 13) (79 80 46 22 90 34) (29 35 15 27 6) 
91 (75 2 57 66 76 8 14 50 87 47 42 92) (59) (20) (29 60 63) (95 100 5 56 85 34 49) 
92 (29 37 14) (62 40) (54) (7 22 99 38 71) (64) (17 25) (77 10 76 98 39 45 78 58) (56 4) 
93 (65 82) (32 90 46 78) (68) (4 8) (99 22 12 98) (6 18 91 16 64 92) (60) (33 77) 
94 (22 51 2 13) (25 18 9 54 34) (31) (49 74 50 17) (78) (28 8) (27 75 47) 
95 (84 70 94 87 100 30 49 53 16 22 2 65 47 64 50) (99 42) 
96 (25 99 77 3 64 95 47) (7 74 6 9 5 37 26) (50 84 69) (8) 
97 (68 26 65 3 34 93 85 15) (37 49 11 99) (40 24) (83 30 57) (8 94) (44) (25 36) (45) 
98 (94) (46 62 8 79 86) (41) (63 88 85 24 22) (4 23) (68) (40 26 14) (28 66) 
99 (33 3 29 83 22) (17) (93 30 51) (4 47 97 25 81 39) (16 46 5 32 59) 
100 (30 72 81 5 96 32) (94 74 34 85 40) (38 33 44 4 57 50) (12 3) 
1 (8) (25) (16) (56 38 21 83 4 71 5) (18 61 58 37 67 63 48 60 3 89 1 22 6 72) 
2 (5) (89) (82) (46) (65 71 95 91) (64 40 81) (39 11) (72 32 55 49 35 48) (25 79) (47 67 83) (57 94) (70) 
3 (96) (74) (47) (63) (60) (82) (42) (69) (99) (86) (49) (11 7) (84 70 55 72 16 89 75 80 97 33 40 5 68 100) 
4 (93) (14) (81) (92) (98) (60) (37) (51) (80) (29) (42) (46) (69 100 23 57 83) (20 58) (63 88) (49 67 99) (7) (74 33) (72) 
5 (9) (10) (16) (1) (73) (66) (91) (43) (58) (65) (96) (100) (22) (47) (99) (5) (51) (81) (59) (70) 
6 (90) (93) (67) (80) (1) (74) (96) (6) (51) (28) (4) (45) (27) (26) (73) (12) (18) (25) (19) 
7 (71) (92) (63) (35) (20) (36) (21) (67) (29) (86) (76) (47) (9) (25) (96) (57) (24) 
8 (77) (64) (68) (80) (97) (53) (88) (55) (56) (98) (86) (47) (93) (30) (35) (94) (17) (21) (96) (57 46) (8) (91) 
9 (58) (28) (70) (35) (3) (83) (34) (61) (18) (47) (57) (21) (22) (42) (96) (94) (67) (44) 
10 (87) (81) (1) (51) (56) (9) (25) (34) (86) (40) (27) (43) (77) (13) (10) (92) 
11 (60) (11) (23) (7) (35) (37) (8) (22) (10) (13) (18) (34) (68) (30) (97) (46) (17) (55) (26) (73) (85) (31 29) 
12 (44) (68) (87) (8) (51) (100) (28) (82) (86) (34) (69) (54) (30) (2) (93) (81) (4) (41) (14) (64) (52) (7) (53 58 39) 
13 (3) (80) (37) (49) (84) (90) (86) (53) (28) (38) (45) (55) (8) (41) (42) (40) (56) (7) (94) (16) (4) 
14 (4) (83) (53) (72) (79) (40) (1) (84) (52) (2) (33) (91) (26) (86) (18) (45) (98) (29) (24) (8) (92) (56) 
15 (47) (45) (89) (23) (15) (65) (27) (9) (77) (43) (10) (54) (97) (49) (66) (24) (28) (81) (36) (90) (63) (76) 
16 (26) (40) (52) (46) (95) (84) (64) (17) (93) (78) (74) (99) (81) (76) (8) 
17 (6) (94) (45) (92) (12) (46) (70) (99) (53) (52) (43) (82) (68) (69) (20) (32) (27) 
18 (32) (30) (12) (6) (7) (10) (61) (93) (52) (94) (54) (29) (41) (37) (86) (38) (23) (20) (53) 
19 (30) (86) (31) (68) (62) (8) (25) (45) (26) (66) (36) (33) (3) (60) (77) (40) (72) (44) (79) (41) 
20 (2) (76) (60) (20) (45) (4) (43) (34) (41) (25) (61) (91) (1) (38) (42) (80) (73) (21) (12) (9) (31) 
21 (32) (60) (10) (84) (75) (53) (31) (87) (6) (29) (43) (78) (81) (17) (37) (38) (16) (63) (4) 
22 (59) (55) (86) (89) (70) (99) (62) (38) (69) (94) (63) (7) (25) (80) (95) (60) (46) (39) (93) (49) (67) (26) (72 10) (6 92 98) (90) 
23 (8) (18) (98) (66) (47) (52) (81) (33) (86) (22) (83) (12) (87) (61) (69) (34) 
24 (21) (62) (67) (98) (22) (72) (65) (13) (68) (10) (61) (41) (75) (20) (49) (97) (16) (78) (29) (79) 
25 (5) (62) (97) (82) (7) (94) (78) (33) (73) (96) (22) (48) (2) (42) (35) (41) (44) (56) (3) (92) (17) (15) (89) (99) 
26 (55) (54) (32) (53) (63) (48) (97) (17) (98) (60) (26) (47) (84) (77) (87) (96) (15) 
27 (90) (61) (94) (5) (26) (33) (72) (64) (15) (28) (22) (17) (76) (81) (21) (88) (44) (29) (39) (63) (35) (41) (18) (49) (83 25 19 53) 
28 (77) (89) (53) (26) (41) (98) (86) (37) (68) (94) (34) (38) (29) (55) (24) 
29 (99) (44) (71) (75) (38) (50) (6) (15) (91) (85) (33) (70) (66) (56) (87) (62) (76) (90) (92) (24) (74) (3) (41) (17) (67 27 42) 
30 (29) (83) (100) (97) (4) (95) (1) (7) (79) (43) (63) (99) (46) (80) (77) (67) (57) (44) 
31 (45) (58) (47) (29) (16) (10) (26) (1) (14) (68) (27) (88) (15) (94) (59) (20) (75) (51) 
32 (20) (48) (76) (12) (59) (93) (30) (73) (49) (10) (74) (100) (77) (99) 
33 (89) (23) (21) (30) (100) (99) (49) (56) (5) (12) (75) (76) (44) (52) (57) (26) (83) (72) (93) (69) (67) (4) (87) (22) (55 66 65) 
34 (74) (52) (79) (97) (72) (90) (22) (51) (28) (41) (27) (40) (21) (19) (100) (39) (4) (94) (38) (82) (91) (66) 
35 (63) (66) (78) (49) (19) (4) (9) (59) (35) (84) (76) (90) (34) (51) (12) (81) (39) (26) (42) (13) (85) (55) (25) 
36 (40) (7) (8) (72) (89) (30) (97) (37) (24) (73) (85) (42) (87) (19) (9) (81) (49) (80) (44) (54) 
37 (80) (96) (97) (92) (60) (28) (25) (67) (65) (73) (17) (51) (41) (42) (61) (49) (46) (36) 
38 (14) (88) (85) (62) (64) (47) (92) (66) (28) (23) (55) (49) (36) (46) (45) (11) (59) (68) (71) (24) (74) (26) (41) (69) (100 77) 
39 (86) (77) (5) (2) (58) (99) (31) (50) (61) (24) (40) (43) (92) (19) (63) 
40 (66) (78) (73) (32) (74) (31) (21) (46) (98) (28) (83) (45) (7) (11) (64) (10) (56) (87) (70) (89) (80) (13) (3) (16) (76 15 92 100) (97) 
41 (84) (81) (52) (8) (3) (53) (33) (98) (23) (54) (49) (28) (58) (43) 
42 (84) (28) (45) (2) (79) (91) (69) (95) (72) (22) (31) (80) (23) (78) (64) (53) (26) (41) (30) 
43 (47) (71) (31) (13) (18) (60) (33) (90) (53) (34) (50) (88) (72) (48) (80) (23) 
44 (24) (79) (73) (34) (68) (1) (30) (97) (61) (35) (12) (14) (6) (15) (100) (49) 
45 (43) (25) (75) (1) (60) (20) (74) (97) (47) (52) (92) (27) (13) (8) (17) (42) (7) (83) 
46 (35) (39) (80) (72) (74) (14) (37) (73) (99) (59) (77) (24) (93) (90) (98) (29) (75) (63) (50) (23) 
47 (75) (45) (5) (36) (8) (33) (94) (86) (80) (53) (24) (99) (20) (73) (89) (54) (38) (95) (69) (91) (96) 
48 (57) (62) (66) (41) (43) (55) (15) (9) (46) (22) (39) (52) (3) (61) 
49 (47) (16) (60) (49) (51) (55) (46) (95) (97) (81) (66) (90) (91) (94) (45) (63) (7) (44) 
50 (59) (51) (19) (94) (46) (84) (95) (91) (3) (100) (96) (17) (26) (37) (85) (58) (74) (40) (5) (56) 
51 (79) (49) (5) (10) (73) (8) (27) (9) (71) (94) (47) (31) (70) (99) (36) (88) (42) (77) (44) 
52 (68) (14) (86) (83) (26) (72) (20) (6) (37) (2) (33) (23) (47) (63) (60) (53) (13) (84) (5) (10) (62) (29) 
53 (15) (77) (73) (29) (9) (76) (67) (25) (59) (11) (30) (42) (63) (13) (66) (37) (65) (24) (88) (95) (71) (45) (47) (74) (82) (43 80) 
54 (94) (24) (35) (46) (55) (6) (5) (64) (36) (29) (38) (80) (92) (75) (16) (28) (60) (34) (1) (25) (42) (7) 
55 (68) (74) (7) (69) (50) (75) (5) (56) (85) (1) (54) (73) (30) (55) (77) (29) (9) (60) 
56 (2) (36) (8) (47) (46) (75) (35) (91) (57) (23) (51) (22) (39) (61) (49) (44) (83) (92) (54) (12) 
57 (24) (10) (49) (8) (100) (13) (97) (32) (91) (37) (88) (75) (25) (43) (78) (45) (64) (26) (38) (29) (21) (14) (50) 
58 (82) (28) (21) (71) (14) (2) (10) (88) (59) (17) (68) (79) (37) (15) (50) (54) (73) (92) 
59 (49) (21) (65) (99) (91) (50) (33) (72) (77) (34) (14) (70) (57) (90) (40) (60) (26) (36) 
60 (61) (81) (33) (93) (85) (69) (1) (37) (59) (91) (14) (35) (22) (43) (79) (78) (67) (38) (17) (39) (48) (54) 
61 (49) (83) (8) (81) (13) (71) (4) (60) (30) (9) (15) (34) (86) (82) (76) (17) (59) (2) (35) 
62 (8) (60) (56) (98) (44) (42) (9) (79) (92) (59) (68) (7) (20) (78) 
63 (10) (77) (91) (16) (27) (98) (80) (84) (47) (32) (54) (68) 
64 (25) (92) (33) (38) (6) (1) (42) (89) (27) (76) (15) (13) (74) (55) (95) (14) (29) (37) (40) (22) (9) (10) (80) (93) (73) (96) 
65 (3) (41) (12) (44) (31) (51) (76) (97) (36) (33) (93) (38) (60) (95) (16) (80) (61) (69) (81) (62) (82) (29) (25) (47) (79) (42 15 27 34) 
66 (31) (29) (89) (38) (48) (17) (46) (83) (62) (12) (91) (98) (75) (54) (3) (67) (34) 
67 (34) (38) (25) (63) (3) (88) (50) (12) (73) (23) (1) (68) (21) (43) (11) (76) (13) (74) (86) (40) (82) (89) 
68 (17) (97) (53) (68) (67) (1) (5) (93) (23) (24) (31) (25) (41) (55) (16) (54) (39) (35) (83) (42) (50) (44) (63) (98) (66) (8 29) (87) 
69 (46) (96) (21) (82) (65) (41) (16) (53) (50) (10) (5) (2) (1) 
70 (5) (18) (55) (95) (68) (24) (76) (79) (32) (8) (1) (54) (65) (19) (15) (29) (7) (73) 
71 (84) (16) (41) (42) (70) (89) (82) (92) (85) (29) (57) (19) (28) (51) 
72 (72) (38) (74) (11) (22) (49) (21) (48) (24) (70) (16) (86) (45) (67) (9) (58) (100) (34) (10) (68) (23) (32) (1) (19) 
73 (53) (60) (14) (55) (72) (31) (73) (6) (67) (43) (52) (81) (40) (75) (88) (33) (48) 
74 (25) (96) (94) (88) (3) (54) (2) (46) (60) (9) (51) (14) (28) (100) (27) (80) (15) (33) (29) (89) 
75 (91) (15) (32) (4) (87) (67) (79) (74) (75) (66) (51) (68) (35) (41) (94) (14) (45) 
76 (71) (76) (87) (50) (35) (92) (31) (52) (47) (44) (33) (18) (57) (22) (15) (91) (59) (53) (67) (73) (4) (7) (61) (27) 
77 (1) (75) (9) (53) (64) (92) (6) (82) (76) (78) (96) (3) (22) (38) (74) (18) (11) (49) (88) (66) (93) (10) (31) (42) (32) (50) (36) 
78 (21) (93) (84) (10) (87) (94) (16) (85) (5) (79) (2) (11) (57) (76) (14) (12) (51) (60) (92) (47) (23) (71) (9) 
79 (87) (15) (90) (24) (49) (80) (29) (78) (13) (83) (74) (25) (43) (98) (82) (84) (10) (39) (88) 
80 (54) (9) (51) (87) (39) (29) (74) (2) (80) (48) (6) (8) (53) (32) (86) (67) (43) (90) (17) 
81 (40) (60) (1) (86) (83) (16) (100) (11) (35) (56) (43) (46) (89) (87) (99) (17) (12) (76) 
82 (21) (55) (25) (70) (26) (17) (39) (22) (93) (75) (59) (42) 
83 (45) (76) (49) (63) (70) (59) (55) (16) (23) (84) (25) (43) (97) (74) (32) (78) (28) (99) (83) (60) (41) (34) (20) 
84 (61) (42) (33) (23) (95) (3) (75) (56) (40) (45) (32) (36) (73) (96) (60) (41) (18) 
85 (100) (1) (74) (67) (98) (21) (29) (40) (58) (97) (22) (91) (52) (72) (89) (8) (30) 
86 (84) (79) (14) (80) (39) (22) (48) (45) (11) (20) (43) (7) (68) (25) (98) 
87 (95) (32) (29) (25) (35) (63) (14) (80) (91) (69) (89) (76) (79) (60) (1) (38) (72) (39) (34) (44) (49) 
88 (81) (4) (74) (71) (2) (45) (14) (77) (13) (57) (51) (39) (87) (85) (16) (53) (1) (52) (89) (36) (76) (98) (24) (55) 
89 (32) (44) (52) (35) (76) (85) (70) (75) (36) (50) (28) (86) (8) 
90 (5) (8) (73) (63) (61) (39) (54) (89) (21) (44) (13) (69) (29) (42) (38) (72) (56) (6) (22) (76) (7) (65) (47) (93) (55) (81) (66 18 90 71) 
91 (20) (14) (18) (63) (79) (1) (69) (68) (64) (37) (60) (56) (29) (58) (93) (57) (38) (48) 
92 (65) (87) (46) (64) (27) (79) (51) (63) (39) (31) (26) (15) (93) (57) (80) (9) (69) (8) (34) (17) (86) (13) (36) (30) (91) (32) (78) 
93 (6) (99) (19) (66) (56) (33) (37) (86) (50) (75) (44) (65) (73) (38) (32) (52) (1) (97) (13) (39) 
94 (36) (84) (29) (19) (2) (95) (24) (33) (97) (22) (48) (32) (37) (42) (100) (89) (9) (17) (53) (55) (77) (41) (67) (57) (46) (98) (85) (63) 
95 (9) (70) (86) (60) (91) (59) (61) (96) (89) (57) (39) (36) (47) (90) (2) (83) (3) (64) (73) (87) 
96 (34) (63) (32) (69) (12) (46) (35) (38) (1) (54) (100) (10) (41) (58) (79) (25) 
97 (11) (73) (1) (99) (8) (82) (59) (58) (29) (33) (49) (67) 
98 (42) (68) (74) (78) (8) (35) (50) (53) (4) (40) (87) (14) (13) (93) (92) (18) (17) (20) (9) (39) (7) (81) (84) (58) (46) 
99 (24) (97) (93) (45) (6) (47) (33) (92) (95) (64) (4) (11) (25) (50) (42) (66) (81) (84) (49) (96) (23) (2) (20) (40) (71) (79) (34) (31 61) 
100 (60) (11) (19) (78) (9) (83) (13) (1) (56) (33) (39) (4) (77) (44) (25) (91) (84) (95) 
