0
100
100
1 (92 10 58 6 21 80) (61 75 43) (74 13) (30) (7 94 91 69) (20 27 82) (78) (85 2 5) (99 60) (38) (33) (100 29) (12 63 37 86 57 90 22 50 47) (16) 
2 (100) (88 14) (98 90 92 25) (11) (62) (16 57 42) (85) (78 95) (72 23 38 31 2 5) (64) (68 13) (28 37) (82 30 70 91 59 81 40) (29) (44 46 8 52) 
3 (33 64 82) (62) (3) (71 63) (4 48 23 42) (95 17 61) (59 53 90 83 21) (58 6 20) (46 27 30) (12 77 43 35) 
4 (96 93 62 43 7 98 99 54 45 27 6 23) (26 40 12 31) (75) (35) (17 19 58 37 72 83 33 10) (79 85) (76) 
5 (4 10) (43 51) (94 53 97) (72 3 52) (19 87 54) (88 29 11 48 35) (8) (16) (33) (65 89 32) (45) (15 90 86 77) (66 44 95 92 71) 
6 (21 55 83 18) (17 14 15 67 46 58 78 76 33) (61 40 72) (20 74 87 7) (1 69 5 56 79 9 75 65 42 12) (10 63) 
7 (76) (82 89 94) (15 38 77 32 14 30 45 59 37 50) (72 78 44) (91) (25) (75 40 6 60) (33 97 65 49) (85 58 36) (99) 
8 (68) (85 97 55) (39 41) (10 60 27 90 48 49 45 5) (12 7 17 44) (80 33) (58) (66 62) (3) (53 46 71) (84 67) 
9 (33 41 88) (28 93 24 11 1) (70 62 20) (76 66) (94) (21) (7 91 71) (52 37 5) (6) (14) (90) (42) (26 15 34) (43 32 19 25) (72) (65 95) (86) 
10 (75 85 79 23 90 82) (12 69 19) (14 31 6 83 64 3 59) (22 38 62 43) (48) (52) (49 86 34) (94 60) (88 51) (58 89 46 55) (81 21) 
11 (57) (44 61 10 49 14) (15 64 69 40) (58) (52 37) (76 97 71) (74) (27 96 70) (66 59 13) (91 54 42 78) 
12 (60 71 2) (22 24 15 40 56) (33) (58 62 16) (34) (7 70 80 29 47 19) (91) (96) (85 59) (69 97 64 90 52 36) (18) (63 39 92 51) (20) (50) 
13 (98) (77 94 92 5) (53 100) (59 31 1 22 17) (93 50) (64 33 7 37 55 15 67 81) (84) (51 66) (24) (40 18 36 65 63 96 56) 
14 (58) (57 35 17) (9 55 41 72) (85) (16) (84) (19 30) (15) (100 81 95 32 66 61 5) (10 7 93) (6) (49) (71 65) (37 79) (56 80 31) 
15 (55 66 3 24 51 26 91 79) (32 17 80 25) (99 12 31) (9 50 52 84 14 8) (49) (33 41) (56 87 40 88 42 73 83) (1) (85 63 13 35 6) 
16 (98) (5 19) (35 94 9 88 55 45 69 22) (95 6) (86 70 61 12 21 67) (27 8) (26 7 53 75 37 68 92) (100 29) 
17 (29 38) (20 100 23 99 43 47 39 13 84 37 67) (11) (25 16) (15 42 94) (69 22 66) (46) (65 3 60) (63) 
18 (86 24 18) (89 4) (72 9 62 38 2 36 30 67 63) (53 64) (56 94 13 26 25 7 83 85) (95 14 43) (48 69 75) (97) (31) 
19 (49 26 47 73 75 7) (82 33) (65 69 9 100 37 53) (29 14 67 24 42 28 74 46) (43 52 31) (59 44 36) 
20 (65 35) (62) (73 67) (36) (63 1 25) (56 48 97) (49 45 80) (50) (10 96 23 11 2 61 75 52 29) 
21 (13) (70 96 100) (10) (76 15) (99 19 7 16 9 44 89 66) (26 52) (39 65) (78 45 48) (17 47 35) (77 32 69 28) (84) 
22 (41 59 21 18 90 10) (69 72 5 11) (54 22 97 47) (82) (30 77 4) (2) (7 84 56 24 94) (29) (92 75 83) (1 49 45) 
23 (5 48 92 16 11 2 83 8) (91 32) (3 22 29 35) (26) (6 59 84 64 43) (94 65 89) (31) 
24 (42 90) (53) (95 25) (18 24 62 12) (32 97 96 15 89) (6 16 23) (79) (34 73 66 40 83 47) (92 36 30 29 87) (17 22 5) (56) 
25 (90) (82 7 73 10) (94 92 80) (35 34 12) (61 37) (89 47) (33 39 95) (20 43) (26 28 69) (81) 
26 (22 35 54 33) (37 62 74 52) (40 42 53 57 50) (30 5 10 78 81 15) (60 93 71 31 99 19) (61 21) (65 41 25 82) (84 87 7 92) 
27 (43 9) (46 1 17) (24 91 88 4 42 8 70 89 26 85) (25 16 99 51 29 13 93) (72 97) (41 84) (82 83) 
28 (99 25) (56 11 26) (77 16 38 83) (63 94 49 59) (34 100 54 50) (60 22 90 82) (46 21) (7 9 52 84 62) 
29 (9 60 51) (43 31 39 49) (84 35 91 30 17) (27 100 87 75 98 67 46 83 82 64 95 19 78 92 96) (26 37) (14) 
30 (79 18 26 51 28) (1 19 76 39 13 55 60 62) (16) (85 56 38) (44) (72 86 96 11) (40 10 93 17 30 75) (46 83 81) (4 78) 
31 (5 39) (40) (21) (70 52 34 42 4 96 2) (44 11 16) (8 73 66 20) (31) (47 98) (19 37 29 56) (75 63 3) (58 50) 
32 (34) (51 50 81) (2 8) (23 28) (60 21) (15 94 20 71) (29 87 74 44 16 69 61 52) (4 27) (83) (42 35) (76 40 72) 
33 (49) (90 76 26 52 24) (45 21 56 25 40 65 22 59 37) (67 74 35) (53 68) (1) (7) (94 46 20 5 78 32 17 43 6 47) (4 57) 
34 (49 34 84 6 82) (74 93) (46 40 73 45 89) (95 3) (86 27 26) (94 17) 
35 (69 42 97 75 37 16 4 86 66) (53) (30 70 20 1) (31 98) (72 51 44 9 68) 
36 (94) (2) (6) (66 92 81) (4 90) (26) (87) (51 23 31 68) (34 5) (67 54 40 3 97 56) 
37 (26 84 18 62 87 51 2) (48 34 98) (99) (83) (53 79 94 27) (97 69 43 30 75 89) (15 49 52 78 24 22) (50 16 63 60 93 3) 
38 (56 38) (100 70) (91 12) (85) (44) (10) (20) (89 84) (72) (82 49) (13) (43) (45 67 79 34 32) (98) (1 42 3 18) 
39 (47 94) (39 1) (91) (45 55 60 13 56 99) (44 12 37) (17 53 66 43 7) (50 63 67) (85 16 78) (98) 
40 (45 59 22 28 82 10) (56 3 86 89 39 35 74) (33) (85 41) (97) (64 60 17 68 29) (52) (87 11 94 81 16 54 98 43) (19) (44 48) (96) 
41 (15) (25 60 76) (81) (97 75 4 1 38) (66 44 89 46 94 92 68) (14 32) 
42 (29 70) (67) (88) (42) (34 60 26 3 4 71 41) (93 68 69) (61) (94) (74 28) (6 79) (78 76 96 9) (18 10 35 30 11 51 49 85) 
43 (68 75 59 5 80 96) (21 33 58 71 100 19 69) (24 17 83 37 61) (88 16 8 65 41 2 32 67 3 42 95) 
44 (34 47) (85) (87 56 67) (62 2 8 7 28 23 81) (26 19 39) (1 83 6 75 30 84 92 15) (80) (64 31 61) (13 33 77 25 43) 
45 (47 28 75 78 53 85 95 64 91 25) (18 32) (35) (99 7 42 38 8 36 86 73 88 33 49 83) (60 9) (39 31 26 68 62 50 44) 
46 (68) (93 2 15 99 18 17 3) (69) (58 86 42) (87 23 52 28 32 78 45 50) (20 89 40) (10 74 16 13) (72 79 75) 
47 (33) (55) (42) (67) (74 36 87) (68 40) (11) (61) (1 64) (65 13 48) (49 32) (91 3) (83 58 50) (2 28) (76 66 54) (30 86 56) 
48 (86 9 32 40 24 81 13) (87) (53 93 12 100 65) (33 58) (70) (60 50 25) (29) (91 44 64 99 80 3 6 19 79) (74 83) (63 55 94) 
49 (2 11) (88 81 40 35 9 47 54) (7 78 1) (26) (65 15) (34) (100) (83 93 3 21) (23 41) (38 49) (37) (4 69 90) (42 94) (52 48) 
50 (41) (59) (8 24 5 35 66 80 32 88 22 3 85 94 18 65 44 87) (57 9 90 40 26 67 4 10) (15) (25 36 77 23 33) (74) (79) 
51 (28 56) (25 54) (66 12 11) (79 33) (16 65 68 48 27 24 31) (94 83 17 97 74 2) (75 34 39 14 76 58 41 78 100) (44 77 69) 
52 (40 23 53) (90 99 52 68 21 20) (12 80 10 55 69) (47 41) (49 64) (7) (98) (81 18) (36 76 95 84) (9 72 100 70 91 87 39 89 86) 
53 (90 58 71 86 45) (76) (68) (54) (94 38) (59 61 64) (79 34 27 16) (10 84) (75 60) (83 8 26 32 48 65 44 33 73 57 36 20 85) 
54 (96) (60) (7 86 49 50 29 47 27 1 16 84 59 79) (67) (52 19 99 53 89 83 39 2 66 69 65 87) (12 80) (5 72) (40 11 42 93) 
55 (68 97 36) (24 88) (11 26 45 7 35 76 28 63) (34 73 14 92 74 17) (6 65) (54) 
56 (72 89) (24 39 74) (85 56) (78) (50 71) (90 94) (38 28) (59 66) (62 58 83 55 41 75) (36 15 81 88 20) (12 77) (93) (31) (86) 
57 (6) (29 76 73) (8 57 50 60) (11) (75) (95 56 47 96) (67) (81 37 97 42 51) (88 34 74 19) (93) (17 92) (85 62 38) 
58 (19) (27 20 34 100) (65 51) (50 75 49) (31 59 17) (14) (80 10 43) (2) (4 77 82 7 9 41 36) 
59 (59 75 38) (79 20) (22) (72 42 27 100 10) (48 43 1 2 77) (26) (66 56 5) (25 95 12 88 64 11 52 82 81) 
60 (53 85) (60 18 51) (42) (77 57 39 95 65 27) (100 90 66 2) (10) (93 43) (5 89 96 69 41 49) (26 80) (81 70) 
61 (83) (43 34 16) (78 73) (89) (18 88 76 59 17 62 15 50) (74 87 45) (64) (57 46 53) (68 48 82 81) (10) 
62 (9 91 32 48 38 17 99) (59 63 93) (95) (7 6 84 31) (23 46 80 51 2) (11 41) (29) (83 50) 
63 (89 26) (12) (70 97 94 65 37) (52 40 9 95) (30 81 31) 
64 (6 65 7) (63 79) (62 48 70 11 81 33) (21 14 47 73 19) (2) (95) (44 64 36) (69 59) (42 40 60 94) 
65 (86 57 87) (70 56) (30 16 85) (69 44) (97 75 37 64) (84) (14 54 4 82 25) 
66 (31) (61) (56) (12) (96 20) (35) (95) (94) (97 79) (83 55 49) (65) (69 93) (77 54) (27 26) (64 70) (8 60) (38) (6) 
67 (44 87 5 66) (19 34) (43 56 23) (70 38) (30 83 65) (36 21) (49) (13 41 40 69) (27) (82 71 10 1 37) (50 20 54) (24) 
68 (60 8 41) (71) (16) (100) (77) (45 85 94 70 9 73 59) (13) (19 91 79 52 24 88 67 50) (6) (17 12) (20 55) (22 47 92) (74) 
69 (26 9 43 53 34 1) (94 20 91 63) (48 93 12) (73) (19 83) (45 76 75) (2 39) (3) (71 17 69 38) (99 13) (55) (18) 
70 (10 89 49) (98 25 61) (58 54 71 59 84) (26) (31) (81 68 1 15 70 39) (63) (18 73 27) (28) (64) 
71 (38 65) (91 79 13 42 64 17 75 12 57 74) (39) (24 82) (15 60 27 30 87) (53 81 3 32 86) (28) (63 100 93) (21 11 97 2 49) (7) (10) 
72 (31 55) (25 1 76 3 32 20 21) (5 42 96 98 27 71) (57) (37 17 87 72 74 40 59) (12 26 83 51 22 95) (93 39 85) 
73 (9) (43 82 21 29) (74 96 80) (52) (3 48) (93) (58 100 71) (84 24 56 54 8) (23) (60) (16 27) (95 90) 
74 (44) (98) (9) (52 71 15 67 24 65 35 69 73) (36 60 18 78 30 50 79 80 31 83 76 20) (28 38 4) 
75 (66) (63) (81 26 14 41 15 50 10 34) (84 13 64) (31 78 74 23 21 59 90 3) (20 5) 
76 (26 19 64) (75 81 82 37 60 100 47 65 53 50) (52) (13 97 86 70) (3 40 57) (87 36 78 8 4) (1 89 46) (62) 
77 (59 97) (14) (53) (68 61) (28) (81 94 23) (6 60 8 37 78 51 91 57 20 84 7 1) (88 17 39) (41) (18 49) 
78 (94 61) (77 14 20) (12 62 25 35 55) (18) (50) (45 87 3 24 78) (37) (34 85 74 79 92 15) (5) (10 93) (100 28) (88) 
79 (15) (93 100 87) (72 27 66) (38) (94) (34 7) (82 53 86 92 29 52) (88 56 89 67) (13 85 40) (84) 
80 (8 12 77 47) (4 28 6 99 53 32 7 21 64) (92 57 14 48) (79 18 37 80 82 76) (22 9 68) (61 45 60 93) (98) (25 24 26) 
81 (78 11 27 74 60) (44 80) (23 26 59 89 50) (15 91) (79 55) (46 48 53 37 98 16 18 45 56) (66) (14 58 82 62 64) 
82 (83 67 42) (69) (92 55 28) (3) (86 84) (48 10 70) (38 37 41 54 95 71 45 6 13 87) (59) (34 88 4 20 16) 
83 (92 71 78 59 94 24 38) (77 53 52 33 69 85 89) (67 80) (26) (19) (64 70) (83 87) (54 75 29 84 15) (82 99 73 4 36 72) 
84 (50) (66) (57) (10 87) (97 35 56 42 92) (3 41 59 40) (33 83 17 5 90) (6 93) (61 38) (67 74) (36) (63 60) (7 79 95) (89) 
85 (75) (55 74) (46 11 4) (40) (89) (17 5 19 30 70 61 41 96) (23 79) (81 7 37) (64 83 20 38 42 99 58) (12 50) (85) 
86 (47 61 12 90) (65 37 51 18 16 23 75 3) (7 39 93) (2 25 81) (73 64 32 97 8) (79) (53) (35 67 13) 
87 (45 20 68 74 55 28 79 16 29 25) (87 32) (13) (37 47 19 8 38 71 1 35) (44 27 54 39) (67) (85) 
88 (46) (20 69 25 71 97 29) (44 48) (57 40) (16 63 58) (84) (88 43 56) (90) (7 38 86 70) (8) (87) (98) 
89 (88 61 36 9 63 23) (3) (41 12 46 34 37 19 32) (6 93 87 33 62 30) (100 58 75 20 16 65) (1 55 91) (95 44 66 99 77) 
90 (44 62) (1 16 30 69 67 18 56 39 29 27 11 82 84 96) (91 94) (9 90 60 34 99 66 4 36 45) (58) 
91 (5 3 49) (70 99 37) (14 24) (73 38 6) (53 2 20) (43 21 31 100 52 74 12) (41) (56) (29 57 50 67) 
92 (51 4 32) (35) (62 77 85) (65 39) (22 50) (47 40) (91) (43) (76 13 80 56) (49 84 60 1 3 31) (71 89) 
93 (49 22 91 54 67 30 3 94) (34 52) (48) (93 99 83 26 31) (96) (81) (82 15 50 92) (45) (24) (14) 
94 (47) (10 15) (85 39) (64 23) (78) (41 4) (80 7 61 98 40) (54 94) (45 28) (32) (51 21 46 29 48 73 90 2) (82 53 52) (44 55 60) 
95 (34 48) (69 84 92 54) (47 28) (55 26 17 91 65 46 57 96 74) (70 1 50 10) (93 4 6) (98 39 81) (2) 
96 (48 2) (52 26 92 69 64 78 28 25 61 38 87 65) (94 91 42 17 55 3) (30 13 76) (8 53) (84) (24 49 44 97 80 5 99 85) (70 77 29 4 75 14) 
97 (96 2 90 9) (84 82 95) (54 33 94 48 52 66 21) (56) (58 26 8 85 72) (34 55 43 53) (73 92 67) (86) (19 64) 
98 (87 43 49 50 32 27) (100) (86 60 1) (84 29) (56) (62) (18) (44) (35 2 96) (10 71) (25) (23) (73 76 77 41 8 98) 
99 (84 55 70 2 88) (67) (81) (92 15 93) (50 74) (73) (80 38) (22 96 65) (7) (24) (33 79) (82 44 68 52) 
100 (23) (4 48 28) (8) (49 64 70 76 92 7 19 91 73 66 27 83) (81) (40) (72 97) (9 42 85 31) (63) (13) (3) 
1 (49) (15) (38) (27) (22) (67) (95) (41) (54) (69) (39) (72 33 77) (6 92 44 76 98) (70) (90) (87 89) (59 20 9 13 35 47 30) 
2 (46) (96) (49) (58) (51) (95) (98) (1) (36) (62) (97) (22) (60) (91) (59) (18) (64) (23 2 44 54) (20) (12 94 86) (32) (31 47) (71) (69) (43 99 37) 
3 (5) (43) (82) (36) (76) (42) (37) (46) (91) (100) (49) (71) (3) (23) (86) (89) (38) (73) (47) (15) (31) (69) (48) (93) (40) (96) (72 17) (50 75 8 92) (84) (10 78 34) 
4 (33) (83) (31) (65) (82) (27) (42) (22) (94) (58) (5) (74) (76) (18) (49) (50) (85) (90) (3) (35) (30) (96) (95) (41) (92) (80) (32) (100) (36) 
5 (67) (54) (16) (24) (50) (72) (78) (2) (31) (36) (60) (14) (22) (96) (75) (59) (8) (13) (43) (91) (1) (26) (33) (85) (6) (84) (23) (9) 
6 (55) (64) (68) (14) (4) (80) (9) (34) (24) (10) (62) (48) (16) (77) (66) (23) (95) (1) (57) (84) (33) (82) (91) (42) (44) (15) (7) (3) (89) (36) 
7 (39) (8) (71) (85) (88) (22) (19) (21) (45) (49) (77) (9) (100) (33) (55) (44) (4) (84) (86) (12) (64) (28) (14) (99) (16) (62) (25) (79) (94) (52 13 26 58 1 18 80 54) (6) 
8 (86) (23) (80) (31) (76) (15) (27) (68) (44) (97) (66) (53) (73) (87) (57) (16) (45) (96) (77) (100) (32) (5) (2) (88) (43) (98) (50) 
9 (45) (15) (49) (62) (28) (21) (69) (6) (29) (100) (42) (19) (63) (35) (89) (74) (50) (14) (80) (58) (16) (97) (52) (73) (48) (68) (90) (27) (18) 
10 (53) (78) (82) (40) (46) (67) (58) (5) (70) (30) (6) (94) (84) (61) (71) (95) (52) (22) (26) (8) (1) (42) (98) (60) (20) (75) (4) (21) (38) (25) (11 50) (14 59) 
11 (49) (64) (9) (30) (54) (71) (47) (31) (62) (55) (2) (5) (40) (23) (59) (22) (57) (90) (20) (17) (81) (28) (51) (42) (85) 
12 (1) (10) (56) (38) (24) (59) (66) (15) (85) (89) (71) (52) (48) (63) (68) (4) (51) (86) (69) (16) (6) (72) (91) (8) (80) (54) (25) (39) (78) (3) 
13 (46) (79) (92) (30) (86) (100) (11) (21) (82) (75) (27) (87) (96) (76) (68) (18) (2) (69) (1) (39) (67) (71) (17) (44) (47) (38) (15) (48) 
14 (6) (78) (11) (18) (2) (51) (58) (96) (15) (75) (29) (93) (80) (65) (91) (19) (10) (77) (55) (9) (41) (64) (7) (81) 
15 (56) (26) (79) (24) (78) (99) (5) (44) (70) (6) (94) (14) (12) (71) (61) (41) (13) (74) (93) (7) (9) (11) (50) (49) (83) (46) (81) (21) (37) (75) (17) (32) 
16 (53) (73) (87) (1) (43) (65) (12) (39) (35) (86) (51) (89) (5) (28) (30) (27) (61) (14) (2) (68) (81) (82) (17) (21) (54) (24) (31) (90) (23) (88) (32) (40) (46 37) 
17 (95) (96) (13) (57) (6) (72) (85) (62) (46) (51) (21) (24) (33) (55) (29) (8) (3) (39) (77) (4) (61) (27) (40) (71) (34) (84) (68) (69) (15) (58) (30) (43) (14) 
18 (22) (38) (86) (90) (37) (60) (46) (81) (24) (6) (45) (74) (18) (80) (77) (13) (42) (69) (98) (52) (61) (70) (78) (12) (50) (30) 
19 (10) (26) (40) (69) (5) (89) (31) (21) (9) (83) (12) (30) (14) (87) (85) (64) (67) (43) (44) (57) (76) (4) (29) (16) (54) (100) (68) (48) (58) (97) 
20 (87) (91) (59) (1) (69) (32) (88) (67) (33) (3) (52) (82) (12) (53) (77) (72) (46) (31) (9) (66) (38) (85) (6) (58) (35) (74) (56) (68) (89) (75) (78) (25) (17) 
21 (32) (3) (26) (31) (16) (10) (80) (22) (43) (67) (6) (64) (71) (1) (94) (72) (75) (52) (73) (33) (91) (28) (9) (97) (49) 
22 (59) (80) (10) (24) (50) (26) (23) (1) (12) (37) (72) (16) (28) (99) (22) (17) (68) (33) (13) (93) (40) (92) 
23 (10) (67) (52) (44) (94) (20) (85) (3) (75) (73) (32) (81) (77) (24) (86) (36) (50) (100) (49) (46) (89) (98) (62) (2) (17) (4) 
24 (80) (74) (9) (48) (78) (13) (43) (55) (93) (73) (68) (99) (91) (67) (22) (33) (50) (12) (71) (96) (83) (24) (27) (56) (51) (37) (18) (15) (19) 
25 (88) (59) (50) (86) (48) (45) (17) (96) (26) (41) (18) (72) (9) (65) (15) (24) (87) (28) (20) (27) (44) (2) (78) (7) (70) (33) (51) (80) (98) 
26 (28) (72) (59) (75) (34) (27) (66) (60) (23) (33) (97) (81) (55) (93) (29) (30) (95) (21) (9) (49) (15) (16) (25) (37) (19) (53) (96) (36) (80) (4) (44) (50) (70 76 42) (83 63) (18) (45 69) 
27 (51) (53) (8) (73) (54) (32) (37) (98) (3) (100) (70) (87) (29) (4) (16) (71) (58) (59) (81) (34) (90) (66) (1) (11) (72) (60) (79) (67) 
28 (25) (78) (95) (44) (42) (56) (70) (2) (46) (87) (19) (30) (71) (51) (77) (74) (55) (80) (47) (40) (21) (94) (45) (96) (82) (100) (32) (9) 
29 (12) (87) (40) (31) (96) (24) (17) (83) (23) (22) (62) (48) (27) (1) (94) (20) (16) (57) (42) (98) (88) (79) (91) (2) (73) (5) (32) (19) (90) (54) 
30 (37) (18) (24) (29) (42) (67) (44) (47) (74) (26) (63) (90) (30) (93) (1) (85) (65) (14) (35) (22) (89) (7) (3) (96) (2) (71) 
31 (13) (45) (92) (14) (15) (44) (63) (51) (74) (36) (93) (23) (56) (62) (10) (2) (58) (29) (19) (100) (72) (70) (91) (75) (66) (31) (35) (18) (4) (26) 
32 (62) (33) (72) (5) (92) (89) (71) (98) (24) (87) (48) (14) (38) (9) (41) (45) (80) (23) (21) (86) (43) (46) (94) (47) (7) (15) (50) (53) 
33 (7) (44) (53) (12) (3) (47) (89) (6) (13) (8) (43) (4) (83) (15) (40) (97) (51) (50) (45) (48) (84) (19) (25) (99) (9) (5) (26) (64) (1) 
34 (38) (90) (24) (31) (36) (28) (82) (69) (93) (10) (25) (53) (89) (37) (75) (79) (42) (78) (44) (58) (49) (67) (57) (51) (55) (97) (9) (12) (32) (34) (95) (61) 
35 (74) (40) (84) (86) (98) (78) (16) (45) (14) (26) (23) (15) (55) (29) (66) (20) (92) (87) (3) (49) (4) (21) (25) (33) (32) (50) (5) (42) 
36 (13) (90) (83) (52) (58) (47) (55) (18) (24) (45) (12) (74) (56) (19) (64) (89) (84) (76) (7) (20) (50) (53) (67) 
37 (86) (87) (9) (43) (81) (1) (91) (11) (77) (29) (7) (13) (65) (17) (25) (78) (49) (26) (4) (57) (2) (63) (67) (89) (80) (31) (76) (35) (16) (39) (82) (19) (33) (72) (85) (14) 
38 (53) (28) (49) (96) (59) (82) (74) (99) (84) (66) (10) (56) (62) (30) (38) (83) (57) (91) (1) (71) (2) (69) (79) (67) (87) (45) (17) (88) (41) (18) (85) (7) 
39 (86) (70) (39) (94) (90) (77) (60) (44) (40) (56) (25) (17) (30) (69) (92) (45) (71) (8) (31) (21) (87) (12) (95) (51) (52) (29) (54) (72) 
40 (94) (54) (34) (46) (63) (24) (67) (12) (13) (50) (48) (26) (6) (31) (2) (92) (30) (84) (52) (64) (15) (79) (88) (36) (100) (49) (7) (32) (47) (11) (85) (4) (76) (33) (72) 
41 (50) (84) (9) (49) (8) (52) (82) (94) (89) (68) (85) (56) (22) (67) (14) (27) (77) (42) (15) (98) (43) (58) (75) (51) (62) (40) (26) (60) (91) 
42 (84) (82) (2) (24) (35) (26) (60) (96) (85) (100) (43) (19) (72) (11) (71) (64) (15) (27) (45) (31) (32) (54) (46) (42) (6) (47) (3) (59) (17) (57) (9) (38) (49) 
43 (44) (37) (61) (39) (9) (29) (69) (98) (19) (97) (18) (38) (92) (5) (67) (27) (40) (4) (10) (23) (73) (91) (3) (60) (1) (58) (59) (25) (17) (33) (88) 
44 (67) (8) (5) (96) (51) (7) (53) (11) (30) (74) (50) (87) (89) (40) (81) (65) (88) (98) (90) (21) (48) (32) (45) (35) (41) (94) (38) (2) (19) (64) (31) (39) (99) 
45 (16) (4) (55) (81) (87) (5) (38) (68) (94) (90) (7) (80) (20) (33) (22) (69) (39) (78) (93) (82) (46) (61) (40) (53) (34) (21) (8) 
46 (88) (41) (19) (17) (76) (3) (85) (2) (28) (27) (8) (30) (81) (29) (62) (94) (95) (89) (61) (10) (33) (34) (6) 
47 (95) (25) (92) (54) (94) (1) (68) (57) (44) (87) (31) (45) (52) (22) (33) (21) (86) (24) (39) (49) (12) (80) (64) (76) (19) (17) 
48 (93) (94) (62) (95) (40) (49) (73) (47) (5) (37) (100) (96) (3) (81) (59) (18) (21) (88) (8) (69) (82) (10) (80) (61) (97) (53) (20) (51) (64) (23) 
49 (71) (67) (100) (91) (10) (33) (7) (28) (29) (20) (58) (52) (98) (92) (42) (22) (54) (37) (70) (45) (19) (14) (15) (11) (47) (38) (60) (96) (66) (49) (34) (8) (77) (93) 
50 (28) (78) (1) (12) (31) (47) (58) (46) (62) (92) (84) (7) (61) (45) (15) (57) (39) (74) (76) (67) (85) (91) (99) (32) (98) (68) (13) (54) (37) (93) (48) (81) (56) (75) (26) (20 95) 
51 (62) (35) (94) (36) (60) (86) (10) (77) (42) (13) (32) (15) (57) (72) (30) (5) (29) (12) (37) (27) (92) (58) 
52 (74) (40) (9) (63) (46) (33) (96) (10) (5) (73) (79) (68) (94) (54) (32) (26) (21) (93) (76) (28) (15) (2) (31) (20) (19) (52) (49) (12) (37) (11) (97) (99) (59) (91) (83) 
53 (48) (24) (39) (54) (86) (69) (37) (80) (18) (94) (91) (77) (76) (33) (45) (83) (71) (13) (26) (16) (60) (79) (35) (19) (97) (61) (96) (52) (5) (8) (81) (3) 
54 (26) (22) (87) (70) (55) (4) (67) (36) (66) (95) (97) (28) (82) (94) (65) (40) (51) (53) (49) (83) (5) (73) (47) (11) (93) 
55 (81) (14) (8) (30) (97) (99) (15) (82) (48) (39) (94) (52) (85) (66) (89) (78) (13) (56) (95) (72) (69) (87) (6) (10) (68) (16) (96) (47) 
56 (81) (15) (31) (12) (57) (6) (67) (18) (20) (84) (65) (44) (79) (51) (40) (39) (59) (97) (47) (13) (33) (92) (22) (28) (30) (73) (38) (24) (66) (56) (88) (14) (98) (36) (91) (90) 
57 (14) (11) (33) (65) (60) (50) (91) (84) (57) (77) (88) (72) (61) (2) (71) (80) (26) (1) (53) (95) (76) 
58 (88) (70) (97) (46) (73) (1) (48) (51) (4) (10) (43) (11) (90) (7) (89) (6) (81) (3) (14) (12) (85) (31) (53) (47) (56) (8) 
59 (53) (62) (84) (12) (28) (23) (40) (43) (75) (13) (61) (77) (83) (64) (59) (58) (11) (2) (3) (7) (22) (19) (10) (54) (82) (81) (56) (50) (33) (68) (70) (72) 
60 (76) (28) (48) (84) (98) (17) (7) (41) (74) (30) (94) (80) (60) (53) (8) (90) (40) (81) (92) (39) (54) (57) (77) (64) (45) (73) (10) (29) (1) (66) (42) (26) (68) (71) (32) (37) (12) 
61 (70) (25) (1) (11) (53) (32) (20) (66) (42) (43) (86) (6) (16) (89) (14) (47) (77) (78) (44) (26) (84) (94) (85) (80) (96) (3) 
62 (28) (44) (92) (9) (18) (4) (24) (78) (45) (26) (98) (20) (2) (8) (57) (37) (3) (12) (56) (89) (76) (10) (90) (81) (30) (61) (64) 
63 (3) (64) (12) (69) (88) (37) (15) (13) (70) (20) (84) (18) (39) (75) (48) (55) (62) (89) (31) (100) (17) (71) (6) (28) (1) 
64 (94) (12) (47) (52) (23) (40) (45) (71) (61) (18) (81) (29) (13) (11) (70) (76) (64) (83) (80) (65) (48) (66) (10) (59) (53) (86) (3) (100) (44) (2) (85) (75) (96) (97) 
65 (66) (49) (50) (89) (67) (74) (48) (43) (60) (96) (71) (17) (13) (20) (19) (99) (92) (47) (33) (7) (21) (63) (76) (95) (54) (51) (55) (6) (58) (14) (64) (5) (86) (26) (9) (23) (53) 
66 (35) (56) (9) (90) (11) (31) (13) (24) (47) (84) (54) (5) (14) (41) (81) (75) (17) (15) (36) (8) (79) (60) (100) (50) (21) (97) (51) (67) (39) (59) (89) 
67 (19) (42) (39) (33) (87) (82) (44) (16) (38) (99) (20) (18) (8) (50) (90) (86) (83) (57) (93) (29) (13) (79) (36) (43) (91) (97) (84) (47) (68) (54) (6) (17) (74) 
68 (33) (77) (61) (47) (35) (43) (45) (2) (16) (40) (87) (36) (42) (55) (46) (80) (52) (41) (51) (53) (70) (99) (8) 
69 (95) (11) (10) (90) (16) (83) (54) (1) (74) (88) (17) (22) (51) (60) (25) (69) (21) (6) (35) (52) (49) (19) (82) (65) (43) (46) (32) (66) (96) (12) (18) (64) (67) (37) (42) 
70 (12) (68) (96) (95) (76) (21) (88) (31) (27) (9) (16) (48) (85) (2) (42) (60) (100) (35) (82) (11) (70) (91) (38) (52) (83) (99) (66) (67) (63) (65) (64) 
71 (43) (14) (88) (70) (42) (67) (3) (69) (83) (98) (5) (82) (74) (32) (8) (87) (72) (92) (73) (53) (56) (68) (26) (11) (12) (9) 
72 (6) (30) (54) (7) (52) (4) (56) (79) (100) (38) (5) (46) (9) (22) (83) (59) (32) (72) (2) (27) (14) (97) (18) (35) 
73 (98) (68) (57) (70) (53) (100) (45) (91) (64) (20) (99) (74) (34) (55) (61) (86) (97) (94) (24) (15) (25) (31) (69) (19) (83) 
74 (91) (6) (99) (78) (1) (55) (84) (46) (95) (75) (33) (48) (56) (71) (42) (72) (85) (73) (40) (32) (87) (11) (81) (47) (50) (34) (26) (61) (51) (68) (19) (57) 
75 (53) (41) (58) (20) (86) (1) (6) (69) (46) (56) (4) (96) (83) (51) (65) (29) (30) (7) (18) (31) (85) (22) (10) (71) (35) (44) (89) (37) (43) (57) (45) (16) (59) (19) (76) 
76 (7) (9) (21) (92) (47) (32) (69) (11) (96) (57) (51) (98) (42) (100) (74) (52) (30) (72) (53) (41) (4) (33) (61) (55) (6) (80) 
77 (3) (51) (92) (21) (78) (5) (44) (13) (96) (7) (60) (89) (28) (59) (83) (58) (68) (66) (98) (22) (80) (50) (56) 
78 (26) (76) (30) (46) (51) (75) (74) (77) (1) (83) (42) (56) (2) (94) (7) (61) (78) (33) (29) (21) (11) (39) (6) (96) (81) (45) (49) (37) 
79 (54) (37) (99) (59) (4) (50) (53) (24) (84) (66) (85) (74) (42) (81) (30) (15) (80) (46) (87) (86) (38) (6) (71) (64) (48) (68) (78) (14) (51) (10) 
80 (80) (99) (1) (25) (48) (14) (94) (43) (83) (15) (20) (12) (8) (74) (54) (62) (60) (96) (52) (73) (58) (50) (44) (92) (81) 
81 (93) (52) (99) (86) (70) (64) (85) (36) (30) (76) (60) (40) (14) (49) (32) (95) (2) (61) (26) (25) (56) (41) (100) (63) (59) (10) (57) (44) (71) (13) (48) (75) (77) 
82 (1) (97) (65) (83) (81) (22) (80) (58) (76) (3) (2) (7) (93) (27) (79) (25) (38) (67) (73) (59) (99) (94) (28) (29) (19) (90) (40) (34) (61) (71) (26) (10) 
83 (6) (29) (51) (27) (67) (4) (30) (74) (10) (45) (49) (28) (24) (23) (69) (47) (66) (44) (22) (53) (18) (100) (37) (93) (61) (83) (48) (62) (43) (84) (82) (56) (72) (3) (85) (32) (15 54) 
84 (28) (44) (90) (52) (14) (27) (23) (8) (77) (53) (92) (73) (65) (70) (79) (37) (54) (95) (22) (99) (38) (82) (98) (21) (75) (29) (15) (83) (96) (17) (62) (88) (13) (97) (26) (34) 
85 (44) (1) (92) (2) (94) (79) (40) (83) (87) (100) (85) (18) (8) (68) (12) (15) (7) (78) (53) (42) (27) (30) (65) (38) (50) (56) (39) (14) (97) (10) (45) (60) (96) (72) (57) (4) 
86 (5) (45) (56) (9) (30) (47) (71) (76) (65) (52) (97) (34) (79) (88) (1) (46) (16) (10) (40) (54) (98) (18) (35) (48) (82) (53) 
87 (89) (29) (61) (71) (72) (82) (47) (84) (96) (88) (24) (78) (36) (5) (76) (26) (6) (37) (83) (54) (52) (48) (67) (65) (46) (50) (32) (87) (15) (40) (44) (98) (79) 
88 (68) (43) (5) (78) (77) (9) (55) (2) (57) (61) (56) (15) (27) (42) (59) (10) (79) (89) (16) (88) (99) (45) (49) (50) (82) 
89 (40) (54) (56) (76) (81) (24) (27) (60) (70) (34) (63) (46) (21) (85) (5) (79) (10) (41) (7) (23) (25) (18) (38) (52) (84) (61) (92) (83) (37) 
90 (94) (97) (88) (75) (25) (52) (84) (22) (1) (24) (2) (33) (28) (5) (50) (56) (86) (36) (8) (9) (3) (90) (12) (53) (10) (49) (60) (73) 
91 (29) (71) (69) (23) (39) (38) (1) (9) (7) (27) (100) (92) (68) (90) (48) (15) (95) (89) (52) (96) (93) (62) (47) (45) (77) (2) (11) (81) (12) 
92 (13) (97) (83) (22) (29) (68) (95) (1) (16) (26) (84) (96) (78) (24) (5) (12) (100) (44) (82) (25) (79) (93) (57) (41) (2) (55) (99) (23) (80) (36) 
93 (48) (13) (66) (72) (93) (9) (56) (60) (4) (30) (57) (46) (42) (73) (95) (69) (79) (54) (37) (34) (27) (78) (71) (14) (49) (89) (26) (86) (84) (99) (62) (80) 
94 (77) (10) (7) (64) (5) (16) (22) (36) (68) (17) (39) (13) (40) (49) (56) (50) (79) (34) (66) (97) (33) (93) (53) (83) (23) (1) (69) (78) (28) (32) (51) (37) (48) (94) (63) (41) (90 96 9 25) (42 18) 
95 (84) (45) (62) (5) (25) (89) (52) (72) (14) (16) (59) (18) (63) (3) (97) (2) (57) (66) (82) (29) (24) (34) (9) (64) (43) (60) (73) 
96 (12) (97) (11) (60) (98) (13) (29) (31) (4) (43) (24) (95) (30) (20) (73) (90) (21) (57) (85) (42) (93) (99) (40) (66) (72) (54) 
97 (57) (77) (84) (35) (18) (55) (5) (7) (12) (71) (37) (41) (63) (51) (8) (76) (22) (11) (100) (96) (27) (40) (65) (36) (86) (20) (88) (24) (66) 
98 (35) (95) (74) (70) (52) (13) (40) (38) (4) (72) (31) (80) (94) (81) (2) (29) (98) (16) (37) (39) (88) 
99 (21) (39) (46) (45) (93) (17) (85) (90) (48) (15) (4) (54) (28) (62) (26) (96) (1) (52) (91) (27) (89) (80) (83) (69) (7) (37) 
100 (58) (13) (91) (29) (2) (59) (43) (73) (1) (14) (48) (51) (98) (78) (76) (79) (71) (16) (19) (89) (52) (38) (28) (21) (68) (49) (17) (60) 
