0
100
100
1 (89) (90 50) (63) (66 65 80 30) (34 43) (94 17) (58 39 93) (78) (9 97 72) (62 37) (11 81 100 16 53 51 27 56 71 75) (18) 
2 (10 94 1 23 44 33) (19) (12 59) (4 47 86 78) (92 71 91) (21 22 6 83 41 63 51) (37) (98 100 74 84 31 82) (85 16) (53 45 55) (2 25 26 97) (17) (75) 
3 (61) (26) (15) (94) (59) (65 67) (39) (93 22 5 91 81) (32 97 71) (51) (50 14 46 54) (63 31) (62 17 40) (30 18) (19 42) (92 36) (12) (88) (55 8 100 11) (45 79 99 13 4) (27 6) 
4 (9 24 40 75 25) (93 43 49) (56 2 26) (8 64 71 97) (69) (98) (23) (79 37 11) (76) (51) (18 22) (62) (21 94 66 81 73) (30 59) 
5 (53) (75 42) (36 20 91 98) (51) (43 38) (39) (19 66) (97) (86 89 10) (2) (52) (41 23) (15) (55 63 8) (78) (5 87) (31 6 82 32 100) (46 29 73) (13 99 9) 
6 (37 75) (65 33 32 73 81 6) (93) (28 62 87) (43 76) (82) (9) (70) (14) (72 99 38) (17 95 88) (96 85 69 10) (100 66 45) (55 20) (41) 
7 (51) (37) (94 49 39 8 14) (54) (91 58) (5 29) (86 41 28 98 46 59) (61 62 66) (9 76 19 96 26) (82 89 43 81 34) (55) (38 73) (15 17 24) (100 97) (60 74) (53) (23) 
8 (30 21 22 6 88 56 79) (17) (18 89 51 97) (73 41 92 49 36) (58 64 48) (85 60 72) (15 27 63) (38 25 8 4) (5 75 40) (77 54 99) (26 53) (9 13 59 50 70) (24 81 84) (46) (69) 
9 (22 65 85) (79 35 72 43) (84 55 99 98) (64 86 24 17 15) (36 3) (96 41 73) (49) (8 66 23) (34) (12) (45) (28 7) (52 44) 
10 (46) (26 60 49 14 34) (90 32 6) (92) (37 87 30) (11) (52) (29 63 8 74) (67 70 68 80 43 72) (66) (25 53) (28) (78) (71) (69 17) (100 12) (21 93 16) (31 36) (83) (48 27) (47 96) 
11 (62 74 78 69 79) (40) (36 55 2 83 90 29 22 82 12 19 85) (63 46 68 39 94 59 45) (8 11 25 72 81) (14 51 89 21) (99) (27 97 4) (92) (3 30) (37 67 71 5 66) 
12 (45 18) (47) (87) (15 48 6) (46 93 56 32 57 28 100) (99 75 54 36 66 91) (71) (2) (31) (20 37) (53 76) (92 59) (3) 
13 (81) (85 76 61 46 63 95 57 20 91 35 96) (68) (75) (82) (24 51) (29 88 22) (92) (87) (65) (70 48 71) (59 34 15) (62) (9 23 45) (84) (13 78 94 67 44 42) (33 32) (14 12 86) (80) (90 7 18) 
14 (5 59) (93) (82) (73) (21) (51 14 9 39 23) (8 2 66 29) (43 12 16 42) (30 85 58 94) (56) (34 33 95 19 22 48) (75) (49) (65 68) (84 46) (74) (86 24 63 80 57) 
15 (54) (87 86 35 72) (45 29 18) (41 37 70) (24) (53) (32 38) (67 31 3) (12 1) (2 33) (20 76 97 28 15) (14) (8 92) (63 23) (46 60) (30 4 59 82) (48) (25 65) 
16 (74) (26 34) (38 77 42) (24 93 92) (95 30 4 18) (23) (49 31 50) (13) (64) (39) (55 71) (68 79 81 100) (11 41 72 43 8 83 7 86) (73 99 21 14 94) 
17 (94 31) (12 35) (83) (23) (21 19) (93) (47 64 75 25 36) (41) (27 6) (96) (67 49) (55 69) (39 33) (95 80) (15 98 85 7 59) (56 72) (29 53) (87 10) (2 4) 
18 (5) (46 78 96) (38 36 25 59 47) (71) (43 69) (65 26) (55) (95 42 32 54) (14) (91 100 12) (19 50) (2 44 68) (92 33 30) (22) (60) (8) (66 86 58) (24) (93 49 72 10) (77) (28) (88 53) (3) 
19 (16 90) (11 3) (87) (59 71 5) (26) (69) (74 20) (19) (48 85 82 73 88 30 97) (24 80) (56) (79) (14 65) (78 86) (70 18) 
20 (52 47) (31) (64) (97) (63 44) (33 7 96 27 58 68) (35) (74) (93 32) (73 48 54 22) (23) (92 98 25) (40 87 12 5 30 37) (76 94 60) 
21 (47) (84) (46) (64) (23 92) (34) (50) (71 57 36) (37 75 73 6) (61 31 90 95 67) (42 74 8 97 66 18 35 55) (28 91 85 22 27 19 48) (100 40) 
22 (80 53 24) (3 93 97) (50 21 6) (81) (84 1 25 91 46) (28 9) (37 54 69 82 64) (56 95) (73) (18) (13) (7 59 92 99 15 65) (75 74 60 36) (38 4) (83) (85 20 100) (11) 
23 (63) (75) (99 80 16 90 1) (44 74) (59 88 52 27 55 94 97 40 22 79 93) (43 76) (13 39) (25) (18 21) (37 87) (96 47 3 67 91) (57) (72 50) (8) (45 42 24) (35) 
24 (35 47 63) (14 13) (88 90 32 64) (95 72 62 27 41 55 18 33) (36 8) (50 93) (79) (76 92 39 29 87 59 83 38 10 49) (48) (99 24) (71) (66 37 57 43 25 75 89) 
25 (74 19 81 57) (91 60 54 86 9 35 52) (72) (33) (94) (17) (92 32) (68 55 36 70) (56 97 12 20 10) (27 93) (24 38 15 61) (14) (96) (26 65 71 84 90 13 73 51 6) (23) (40 43) (99 79 31) (41 25) (75) 
26 (26 50 98 84 32 91) (61 88) (17 49 1) (4 90) (34 35) (77) (99 78 48 42) (75 59) (7) (93) (46 66 6) (83 72 47) (63) (44 21) (24 62) (31) (53) (80 36 43 23) 
27 (55) (96) (61 23 32) (37) (78 13 64) (29) (66 56 28 93 11 86 81 67 21 89) (94) (68 47 9 90) (36 16) (2) (31) (1 42) (19) (26) (41) (60 80) (46) (57 15 12) (70) (34) 
28 (32 77) (46 84 35) (5 69) (60 73 87 62 79) (25 70 58) (72 10) (41) (49 8 36) (24 17 78) (33) (57 2 94) (64) (39 21 13 61 76) (22 12 19 97 43) 
29 (49) (16 100 5 30 1 91) (87) (38) (8 94) (47) (71 65) (69) (64 28) (56 67) (10) (80 11) (60 74) (14) (86) (90 89) (42) (50 83 68 32 78) (25) (66) (97) 
30 (99 64 72) (48 18) (74) (5 86) (89 45) (52) (58 1 2 81) (73) (14) (63 34) (10 25 4 60 71 68) (56 11 94) (29 9 13 24) (79 3) (97 41 44) 
31 (87 35 51) (17 56 78 65) (32 83 9 24) (72 71) (100) (16 76 13 44 66 57) (55 25) (40) (48) (6 90 12) (93 82 84 28 97 92 88 23) (21 69) 
32 (23 90 31 89) (15 26 10 43) (97 39) (94 45 74) (61 92 95 21) (65 55) (33) (42 47) (98 2) (58 78 56) (30) (19 11 44) (69) (67) (49 16 88) 
33 (93) (83 17 25 11 59 42 45 92 97 39 78 20 31) (16 60) (61) (26) (91) (49) (96) (44) (9 85 33 13) (30) (38) (54) (100) (69 23 70 6 95 88 41) (87 98 94 64 79) (58 27) (48 37 84 82) 
34 (3 50 46 25) (86 33) (37) (72) (35 39 43 82 44 34 67) (10) (31 48) (1) (84) (5) (30) (40 20 21 41) (80) (36) (64 7 81 73 70) (23) (57) (97 15 8 93 51 2 92) (4) (32 75) (42) 
35 (93) (81 50) (1 85 26) (82) (38 80) (8) (46) (74 15 90) (75 3 17 27) (76 37 65 16) (33 95 94) (55 32 67 68) (53 60 35 18 72 12) (25) (88 42) (58 2) (70) (45 91 54 92 84) 
36 (35 50 19) (7 80) (90) (8) (18 16 38) (29 71 65 74 39 27) (10 24 77) (3) (55) (93 91) (30 21 95) (22) (63 44 4 46 40) (6 58 53) (23 99 62) (85) (61) (88 26 82) (41) (36 45) (1 97 94 64) 
37 (61) (63) (22) (52 86 41 69 48 15 50 5) (32 76) (3) (11) (7 14 39 90 74 27) (85 79 37) (88 42 43) (92 28 99 58 87 67 16 45 91) (95) (100) (18) (26) 
38 (44) (42 76 72 94) (38 31) (70 73 41 86) (82) (54 67) (9 96) (17) (84) (12) (61 16 11 60) (21 46 13) (95 8) (26 22 5) (88 80 4 36) (62) (27 87) (6) (97) (65) (55 59 52) 
39 (35 31 77 15 36) (96) (83 5 38 13 91 74) (67 63 12 61 64 1 28) (3 37 6) (97 60 25) (88 93) (68 72 56) (34 52 11) (14 76) (16 69) (99 55) 
40 (6 51) (17 71) (27 5 26 22) (13) (45) (86) (4) (97) (44) (50 85 43 33) (66) (77 42) (11) (46) (34 2) (87) (15 80 68) (39 47) (88 16) (28 63) (7) (8) (37) (94 38) 
41 (14 99) (23 62) (66 46) (5 86 98) (16 59 20 22) (42) (8 81) (89) (83) (93 10) (34 30) (91 27 71 41) (57) (84) (2 64) (47) (80 13) 
42 (43 91 9) (68 55) (39 94 17) (47) (87) (32) (79) (48 70) (21) (57) (52) (83) (100 22) (30) (2 51) (14) (86 54 33 42 61 15) (23 97 72) (82 93 36) 
43 (63 91 98 14 97) (81 61) (67 18 90) (58) (31) (21) (64) (66 35 59 44 95) (17) (96) (11 19) (92) (65) (80 82) (5 77) (60 93 47) (25) (72) (89) 
44 (22 50 99) (78 44 49 58 66) (12 93) (74) (3 38 68 54) (69 45 51) (28 16) (46) (80 65 15) (82) (26) (86) (67 33 87 79 35 27 30 60 17 73 62 72) (85 34) (100) 
45 (26 22) (45 34 89 15) (59 93) (87 53 41 30) (33) (11 83) (90) (99 50) (49 62) (44) (82 24 55 97) (28) (95 98) (74 42 73) (35) 
46 (4) (91 16) (27 93) (19 90 79) (50 26) (46) (11) (43 48) (59 38 33) (68 45) (85) (36 82 80) (31 17) (96) (49 60) (88 47) (69 55) (22 18) (89) (21) (42) (5 32) (51) (97) (74 54 63) (83 86) 
47 (75 57 50) (86 48 90 83 4) (96) (54 46 44 73 7) (68 27) (19 93) (21 41 14) (36 76 66 43 22) (80 3 100 99 98 78 37 69) (33 97 34 13 45) (92) (64 94) (84) 
48 (91) (93 67 62) (65 90 70) (60 19 99 20) (53 68 38 58) (71) (41 81) (44) (15 5 59) (10) (13) (100 40) (95) (33 25 50 12) (27) (14) (92 16) (77) 
49 (63) (97) (18 98 51 66 46) (100 53) (88 55 69 24 70 87) (78 23 17) (39 86 95) (5 64) (92) (38 4 75) (40 47 26 27) (74 81) (6 35 28) (99) 
50 (72 48) (31 38) (94) (100) (76) (69 25 49) (45) (78) (96) (71 33) (26 17) (87 15) (91) (55 3) (44 97 22 39) (77 10) (5 28) (47 27 74) (50 7 80) (98 40) (13 99) 
51 (50 90) (42) (16) (20 98 71) (87 52) (82 91) (31) (81 48) (80) (58 29 78 24) (69) (22) (61 96 47) (92) (89 95) (18 12) 
52 (6 8) (1 4) (67) (51) (37 24) (63) (44) (3 95) (48) (55 42 14 89) (22 18 31 79) (87 19 35 81 98) (5) (76) (65 82) (53) (74) (34) (2 73 13 77 28) (91 43) (60 45) 
53 (54 50) (97) (55 45 3) (35 7) (77) (9) (27 59) (73) (30 51 71 84) (78) (75 79 81) (58 34) (41) (87 100) (16 91 39 40 43 33 63 93) 
54 (100) (51 33) (67) (95 64) (99) (54 32 56) (61) (10) (9 25 29) (35 22) (23) (77) (13) (92) (4 72 40 39 88 19) (55) (14) (47) (31 16) (50) (58) (97) (89 30 83) (2) (7) (45) (42) (1 53) 
55 (79 50 73 85 87 17) (66) (9) (8 92 7) (35) (72 95 42 6) (78 99 15 21) (32 71) (77 23) (2 47) (64) (33) (57 63) (80) (14) (60 90) (24) (69) (26 55) (49) (25 29) (31 98 76) 
56 (77) (48 5 28) (86) (12) (89) (84 7) (90) (25 97) (47) (39 18) (3 81 66 22) (11) (96 8) (54 79) (40 75 19 50 10 71 20) 
57 (66 13 61) (31) (35 88) (51 24) (50 76 15 21) (45 57 94 62 48 49 41 32) (58 22) (20 69 47) (100 8) (82 86 78 5 28 1 46) (2 54) (99) 
58 (82 44 10) (62 59 86 88 80 73 93 57 95 16 58 8 100 46 96 84) (74 79) (30) (26 22) (42 87 37 92) (60) (66) (13 61) (69 15 71 64) (49 39) (40) (18 2) (65 12 9) 
59 (72) (75) (5) (44) (90 18) (15 7) (94 99 2 95 85 16) (8 64 9 93) (55 97 47 25) (23 51 57) (49 4) (21) (83 34) (87 62 30 17) (70 42 96) (54 11 66) 
60 (68 36 80 35) (57 14 41) (96 43 40 63) (16 55) (59 27) (64 21) (29) (42) (31) (73 44 65) (97 15) (50) (76) (93 75) (92) (58 5) (54) (62) (79) (2 90) (17) (4 38 70) 
61 (30 52) (2) (71 22 14 16 65 33) (23) (40 53 88 12) (46 78 70) (13) (58) (44) (75) (51 11 97 89 79 43 66) (48 55 19) (29 80) (95) (68 49 60) (84) (34) 
62 (24) (66) (27 59) (37 64) (39 67 21) (94) (23 93) (52) (28 79 56) (63) (32 18) (71 2 35 47 38 92 89 78) (86 50 85) (73 11) (41 20 53 99 45 57 48) (4) 
63 (63 92) (25 29) (41) (71 22 52) (10) (35 100 37 23) (8) (86 95 38) (56 77 46 62 50) (28 42) (20 45 89 39) (30) (61) (32 59) (14 58) 
64 (35 84 2 4 38 18) (61 89 77 3 20 13 24 42 91) (71 48 37 99 83) (80 75) (72 15) (25 51 98) (92 69 28) (90) (29) (22 7 54) (63) 
65 (61 47 53 87) (32 71 8 41 73 2) (91 6 79) (15) (26 24 54) (22) (70 5 40) (9) (99) (13 1 58 27) (97 28 76 98) (3 12 42) (49) 
66 (59) (67) (41) (85) (93 24 35 16) (51 33) (96 57 84 17 1) (64) (94) (91 10 72) (44 74) (6 76) (69 25) (100 29 61 83 31) (5 71 26 15 45 30 40 3 50 39) (95) (65) 
67 (37 62) (80) (32 54) (17 45 93) (42 11 26 49 75 27 94 4) (67 50 23) (35) (66 15) (28) (16) (64 56 86) (81 1 71 7 46 6) (10) 
68 (75 35 6 46 73 69 71) (42 18 83 11 40) (95 81) (51 87 43 55 99) (78) (53) (76) (61 3) (52) (64) (72) (57 91 65) (48 86) (82 80 28 19 59) (84 85 79 74 44) (50 67 96) (45) (4) (8) (88) (92) 
69 (92 91 97) (7 22 45 4 6 40 79 18) (84) (25 64 52 49 57 62) (43 76 34) (69 99) (32 3) (63) (81 9 11 1 86 89) (67 24) (30 12) (54 94) (47 93 10) (19 16) 
70 (68) (76) (17) (5) (83 69 44) (94) (50 96 40) (9) (81 42 91) (43) (58 67) (31 59 33) (57 89) (51) (92 73 98) (4 10) (66) (15) (37) (55) (85 75 11 35 20 25) (13 71 70) (62) (12) (34 3 32) 
71 (87 67) (28 50 66 46) (81 74) (21 47 37) (3 58 17) (80 35 62 75 64 25 72 76 7 30 14 38) (42 15 13 27 53 70) (41) (48 51 56 8) (45 9 88 29) (1) (93 16 95 60 33) (39) 
72 (2) (47) (92) (40 33 37) (70 91) (25 95 71 63) (1 86 90 55) (48 19 79) (5) (97 3 10 8) (31 44 30) (100 41 98 69) (84 81 52 60 58) 
73 (49 3) (41 11) (73) (5) (90 46 33) (79 78 85) (12 68) (1 20) (98) (91) (80 70 51) (55 76 59) (43 32 82) (53 54 69) (86 60) (9 45 89 50 58 84) 
74 (31 12 14) (61 39 2 99 10 55) (57) (69 78 65 34) (56 66) (42 9) (79) (46) (95) (83 13 19 80 76) (27 77) (8 51) (37 94 72 98 50) (81 33) (97 63) (86 75 23 41 70) 
75 (5) (11 54) (80 86 31) (36 51 41) (9 89 40 25 45) (39) (38) (23 52) (65 46 88 85) (74 4) (77) (99 100 16 62) (73) (34 81 49) (37 26 18 32 95 17 87) (59 15) (71 48 33) 
76 (98 26 9 39 16 13 25 11) (77 91 4) (32) (74) (64 5 45 20) (90 34 42) (38) (40) (66 23) (6 81 28) (86 99) (58) (59 29 94 57 100) (78 3 10) (21) (43 24 7) (89) 
77 (92 32 10 42) (81) (24) (8) (76) (86) (66) (30) (95) (26 63) (25 100) (56 22 78 55) (20 41) (65) (38) (3 37 36) (68 18) (77 39) (33 48 11) (80 91) (28 43 98) (62 44) (90 74 21) (89) 
78 (25) (99 32 93 9 31 85) (81 8 98 36) (97 35 64 51) (17 69 19 75 29 84 56 43) (48 87 12 4 61) (47 42) (82) (39 65 5) (67) (66) 
79 (88 81 13 40 82 12 35 51 78 53 19) (87 75) (91) (45 73 23) (14 89 43 32 98 42 56 10 59) (2) (77 39) (5 99) (68 8 48) 
80 (54 84) (35) (99 22) (5 11) (41) (37) (76 98 12 60 24 30) (90 71) (48 45) (32 1 62) (8) (27 28 53) (94 88 31 68) (2) (100) (92) (80 52 47) (19 17) 
81 (43) (40) (91 80) (15) (96) (25 78) (13) (89 51) (33) (66 46) (97 18 32 86) (67 63 36 75) (57 62) (19 59 21 94 79 76) (92) (95) (87 70 84) (17 8) (11) (45) 
82 (45 79) (70) (62 85) (28) (35 39 33) (27) (43 15) (31) (21 8) (74 90 68) (81) (65) (30) (29 16) (96) (82 95 25 18) (49) (55 61) (22) (58 84 17) (56) (73 94) (76) 
83 (12 26 3 14) (51) (42 45 7 73 40) (36 86) (69) (85 54 66 71 38 52) (47) (43 24) (63) (74 9) (4 61 91 84) (46) (76 28 15 37 94 5) (23 89) (21 95 81 93 79 97 68) 
84 (1 56) (80 95 42) (93) (21) (35) (19 17) (14) (18) (72 32 58 67) (77 13 54) (78) (30) (37) (90) (7 75) (8) (15) (99 83 65) (68 91 61 84 9) 
85 (54 24 47 9 59 71 19) (35) (20) (91) (11 61 92) (8) (13 79 40 23 100) (15 82 93 5) (60) (3 52 33 96 17 97) (39) (56) (73 66 83) (46) 
86 (82 77) (10 78 42 54 80) (63) (4) (89 20 50 7) (62 52) (28 97) (83) (61 27 72) (24 13) (91) (29 34 38 21 18 12) (98) (2 74 16 25) (15) (41 55 1) (35 46) (84 47) (3) 
87 (16 62 100 9) (38) (50 35 29 98) (18 57 80 79) (48 78 30 74 93 21 28 43 54 4 11 95) (89 77 82) (55 67 71) (23) (84 76 19 1 40 32 91 39 81) 
88 (66) (54 75) (64) (86 100 69) (85 97 76) (91) (32) (25 5) (89 62 29 50 35) (21 67 52) (23 56 40) (80 3) (34) (19 12 87) (84 17) (42) 
89 (44 92) (83) (80 62) (21) (26 10 73) (35 55 60 43) (54) (58) (68 33 82 59 5) (30) (72) (19) (12 11 88 29) (63) (61) (56 8) (77 93) (95 71) (86) 
90 (4 6 97 13) (88 27 46 36 99 47 93 40) (69 61 9 21 92 15 19) (2) (14 98 7 86) (74 83 45 23) (29 8) (68 38 78) (17 80) (32) (71) (82) (81 20) (30) (91) (76 73 16) 
91 (16 59) (44 71 31) (14) (36) (82 27) (79) (69 8 68) (81 30 91 72) (93) (57) (67 96) (45 6) (26) (77 85 83 54 48) (86 42) (66 24) (100 7 20 52) (37 73) (15 92 13) (95) (1) (74) (23) 
92 (73) (15) (84) (46 42 8 16 96 39 78) (37) (24) (71 60 9) (31) (3) (26) (19) (17) (28 57 90 5 34 79 77 6) (11 76 72 54 53) (81 87 13 50 88) 
93 (30) (55) (79) (58 86 33) (70 88 11) (56) (9 25) (60 32 75 38 37 92 78 20 47) (51 84 59) (27 45 69) (2) (8) (42 90 95) (57 68) (43) (44 13 46) 
94 (51) (76 55) (27) (48 52 60) (7 4 24 97 6 20) (1) (33 42) (94) (65 63 21 26) (73) (83 59 71) (41 89) (39) (77) (19 80) (45 12 25) (67 88 85 56) (22) 
95 (23 67) (20) (15) (12 75) (64 79 69) (42) (46 18 40) (73 60 53 66 28 70) (65 29) (58) (43 27) (31 99) (87) (36) (4 98) (49 56 8) (84 38) (78) (17) 
96 (91 8 11) (19) (12 20 16 32) (34 73 70 37 89 90 99 54 83 96) (72) (61) (23) (81) (75 13) (7 66 39) (4 42 14) (30 44) (31 18 49 25 82) (56 17 38) (40) (85) (5 60) (1) 
97 (70) (16) (27 73 37 48 94) (93 15 99) (76) (90) (81 71) (2 53) (98 34 77 7) (97 56) (30 62 44) (54 41 88 50) (96 83) (67 18 25 35) 
98 (3 4) (95 56 67 26 66 86) (18) (35 13) (29 42 51 100 16 87) (93 74 60 11 17) (94) (20) (43) (44 62 27 23 30 59 25) (89 39 82) (5) (49 6) (83) 
99 (51) (80) (82 29 98 90 26 39) (10) (14 55 72 43 84 47 21) (88 56 93 86 40 96 76 31) (69 91) (12 89 33) (1 87) (74 34 7) (58) (60) (83) 
100 (96) (66 55 99) (59) (61) (8) (60) (18 10 33 79) (53) (84 70) (42 95) (81 19 35 36) (30) (52 77) (71 83) (28 39) (38 12 65 2 50) (5 88 57 82) (16 25 9 87 75 91 48 31 46 67) (37) 
1 (35) (80) (52) (30) (72) (84) (26) (94) (66) (65) (39) (71) (67) (15) (36) (69) (54) (2) (27 86) (29) (91 34) (96 73) (99 57 87 22 23) 
2 (64) (59) (12) (27) (28) (35) (80) (97) (100) (74) (62) (4) (32) (40) (18) (54) (11) (5) (86) (79) (61) (55) (17) (57 15) (41 2) (58) (90 72 60) (42 93 14 52 34 65 30) 
3 (18) (50) (98) (64) (39) (65) (83) (86) (66) (37) (77) (69) (88) (52) (34) (70) (30) (71) (35) (85) (22) (19) (92) (53) (44) (15) (36) (76 47) (68 72 23) (73 9 11) (56 12) 
4 (86) (38) (60) (69) (36) (96) (90) (67) (78) (49) (62) (59) (75) (98) (15) (30) (34) (11) (3) (26) (68) (8) (95) (54) (52) (76) (16) (70) (83) (87) (2 46) (22 17 40) (94) (64 47) 
5 (98) (46) (85) (28) (89) (88) (66) (18) (14) (30) (41) (52) (7) (40) (3) (76) (57) (59) (11) (38) (49) (8) (5) (78) (100) (37) (48) (72) (70) (34) (96) (79) (75) (29 80 19 65) (83 20) (60) (56) (43 73) (50 92 39) 
6 (17) (76) (12) (52) (90) (36) (10) (3) (98) (69) (94) (55) (66) (39) (6) (65) (22) (40) (31) (26) (5) (67) (49) (68) (25) (2) (21) (33) (91) (38) (8) (92) 
7 (53) (59) (94) (36) (26) (40) (54) (71) (86) (76) (55) (34) (9) (56) (13) (96) (91) (20) (67) (64) (90) (22) (16) (17) (83) (69) (97) (47) (84) (50) (99) (37) 
8 (56) (100) (38) (36) (15) (59) (4) (9) (79) (5) (65) (41) (34) (52) (18) (16) (89) (23) (91) (7) (63) (96) (90) (84) (24) (35) (11) (74) (92) (3) (82) (40) (29) (72) (8) (77) (81) (57) (85 58 93 95 28 78 80 71) (14 10 55) (21 68) 
9 (42) (90) (84) (71) (6) (69) (5) (76) (70) (83) (8) (73) (53) (93) (33) (55) (31) (78) (38) (7) (59) (30) (85) (58) (22) (25) (1) (65) (92) (54) (74) (14) (87) (13) (27) (100) (4) (75) 
10 (72) (25) (63) (48) (66) (36) (79) (34) (99) (5) (70) (41) (24) (30) (67) (58) (28) (89) (2) (54) (100) (77) (76) (74) (56) (6) (69) (17) (50) (86) (18) (29) (32) 
11 (4) (62) (92) (70) (37) (39) (32) (10) (27) (68) (93) (87) (89) (1) (19) (85) (33) (69) (75) (96) (81) (22) (30) (46) (77) (61) (80) (59) (56) (98) (11) (73) (67) (45) (40) (38) (29) (16) (76) (3) (43) 
12 (35) (25) (11) (13) (79) (9) (94) (3) (17) (10) (48) (99) (73) (96) (80) (15) (51) (20) (65) (28) (86) (2) (88) (100) (70) (56) (78) (83) (61) (14) (44) (38) (74) (89) (95) (18) (39) (27) (69) (31) (58) 
13 (52) (64) (28) (41) (16) (8) (85) (86) (31) (22) (96) (84) (13) (33) (71) (79) (57) (48) (24) (3) (58) (92) (38) (23) (25) (93) (74) (70) (40) (47) (81) (91) (61) (5) (39) (76) (50) (54) (27) (30) (98) (65 90) 
14 (91) (30) (25) (96) (60) (39) (84) (90) (52) (10) (24) (54) (14) (6) (16) (43) (83) (74) (61) (47) (63) (29) (3) (7) (15) (71) (79) (19) (18) (37) (55) (11) (99) (42) (13) (48) (41) 
15 (81) (66) (40) (95) (17) (57) (65) (75) (59) (27) (12) (9) (13) (92) (67) (42) (5) (70) (37) (71) (97) (34) (55) (64) (50) (85) (60) (45) (3) (48) (84) (58) (32) (82) (44) (83) (86) (8) (25) (39) (7) (90 35 15 91 22) 
16 (76) (27) (29) (32) (41) (38) (98) (54) (71) (36) (100) (91) (60) (53) (1) (87) (66) (48) (40) (14) (31) (82) (58) (96) (44) (75) (86) (67) (23) (2) (10) (61) (90) (39) (46) (19) (51) (69) (92) (97) (59) (35) (33) (37) 
17 (90) (3) (49) (59) (55) (95) (26) (1) (85) (98) (38) (43) (25) (31) (82) (44) (9) (10) (7) (2) (6) (78) (35) (28) (92) (46) (60) (67) (71) (40) (66) (80) (33) (88) (75) (81) (84) (50) (42) (70) (8) (96) 
18 (62) (4) (3) (1) (97) (56) (77) (86) (12) (64) (43) (24) (16) (52) (30) (46) (49) (59) (51) (81) (75) (82) (98) (96) (36) (37) (15) (69) (100) (95) (8) (21) (58) (87) (13) (22) (19) (23) (68) (84) (35) 
19 (81) (79) (32) (68) (94) (17) (96) (89) (85) (3) (2) (36) (69) (28) (48) (90) (21) (56) (78) (74) (14) (80) (47) (61) (27) (5) (54) (100) (52) (18) (88) (92) (72) (19) (87) (46) (7) (11) (84) (25) (43) 
20 (25) (22) (91) (86) (56) (73) (96) (15) (41) (85) (77) (62) (95) (33) (93) (90) (5) (34) (76) (63) (12) (48) (51) (13) (19) (94) (6) (57) (64) (98) (70) 
21 (57) (22) (99) (8) (83) (38) (94) (34) (27) (60) (81) (46) (31) (47) (32) (59) (43) (17) (11) (28) (90) (88) (42) (10) (86) (89) (14) (71) (4) (62) (26) (23) (55) (16) (87) (82) (76) (84) (2) (36) (77) 
22 (77) (54) (11) (20) (38) (41) (65) (46) (80) (40) (9) (52) (94) (57) (82) (44) (58) (8) (51) (3) (69) (21) (45) (61) (14) (47) (37) (50) (42) (64) (4) (18) (63) (13) (23) (36) (56) (2) (28) 
23 (95) (96) (54) (42) (76) (16) (15) (61) (98) (91) (63) (27) (13) (4) (79) (59) (21) (26) (62) (33) (17) (75) (85) (31) (83) (2) (67) (90) (9) (55) (49) (25) (34) (5) (20) (14) (7) (36) (32) (88) (74) (87) (41) 
24 (83) (4) (49) (28) (92) (25) (91) (31) (76) (94) (80) (26) (86) (18) (69) (7) (64) (16) (45) (13) (9) (36) (51) (77) (14) (24) (19) (15) (62) (65) (85) (22) (55) (30) (66) (52) (57) (23) (8) 
25 (29) (15) (4) (64) (56) (93) (28) (33) (88) (97) (100) (94) (77) (76) (86) (78) (48) (82) (18) (23) (81) (69) (96) (70) (39) (2) (20) (30) (66) (59) (55) (75) (34) (71) (43) (17) (24) (35) (72) (25) (50) (10) (31) (22 63) (11) (8) (54) (98) 
26 (44) (58) (76) (19) (75) (46) (99) (65) (77) (3) (37) (16) (40) (32) (92) (18) (38) (33) (8) (4) (10) (2) (83) (94) (36) (45) (67) (98) (27) (89) (49) (25) (7) (26) (66) (55) (50) (35) (91) 
27 (71) (17) (95) (53) (23) (37) (60) (44) (21) (3) (24) (90) (65) (98) (8) (46) (67) (48) (11) (62) (91) (33) (86) (97) (93) (50) (80) (94) (49) (38) (47) (74) (35) (20) (41) (10) (36) (82) (40) (25) (1) 
28 (21) (37) (39) (95) (45) (100) (6) (7) (63) (49) (18) (65) (80) (62) (87) (76) (83) (52) (27) (29) (77) (64) (67) (86) (40) (44) (31) (56) (9) (12) (92) (15) (50) (10) (57) (71) (22) (82) (68) 
29 (61) (14) (66) (55) (82) (86) (89) (30) (24) (76) (17) (99) (15) (95) (10) (71) (7) (60) (27) (51) (63) (78) (13) (88) (98) (64) (54) (11) (87) (90) (5) (36) 
30 (41) (44) (53) (98) (54) (91) (59) (90) (58) (4) (84) (61) (8) (3) (15) (1) (69) (10) (63) (93) (89) (71) (97) (72) (18) (11) (96) (29) (36) (20) (82) (87) (34) (77) (45) (100) (16) (14) (19) (80) (42) (32) (66) (33) 
31 (75) (5) (17) (20) (66) (96) (100) (72) (92) (82) (74) (2) (16) (78) (34) (39) (50) (26) (25) (99) (21) (46) (54) (33) (12) (55) (51) (91) (70) (95) (52) (38) (80) (15) (27) (3) (32) (60) (43) (57) (10) 
32 (73) (37) (75) (70) (12) (35) (77) (27) (34) (13) (80) (84) (6) (81) (96) (28) (55) (57) (42) (93) (78) (65) (5) (62) (20) (69) (29) (10) (87) (76) (63) (18) (90) (88) (79) (54) (31) (3) (26) (15) (46) (24) (67) (25) 
33 (73) (13) (70) (32) (53) (72) (74) (44) (25) (77) (20) (45) (94) (93) (46) (75) (15) (34) (35) (28) (50) (33) (55) (85) (14) (6) (47) (81) (2) (42) (71) (89) (99) (100) (48) (54) (18) (24) (40) (17) (61) (82) (66) 
34 (41) (14) (75) (59) (44) (40) (52) (86) (47) (27) (69) (76) (92) (34) (39) (30) (10) (21) (13) (7) (70) (74) (88) (45) (9) (26) (61) (96) (53) (99) (97) (16) (1) 
35 (78) (20) (34) (9) (70) (54) (60) (79) (82) (98) (88) (17) (35) (71) (49) (36) (26) (63) (13) (66) (84) (89) (43) (87) (80) (53) (15) (57) (55) (97) (52) (44) (39) (86) (25) (100) (24) (23) (85) (28) (64) (31) (67) (45) (62) (21) (68) 
36 (78) (17) (95) (77) (3) (27) (47) (25) (5) (91) (83) (26) (9) (39) (46) (21) (60) (8) (36) (28) (12) (10) (90) (11) (18) (22) (75) (38) (24) (42) (81) (100) (34) 
37 (97) (4) (75) (35) (33) (2) (64) (91) (40) (27) (11) (12) (1) (37) (23) (47) (22) (71) (34) (70) (77) (15) (21) (24) (6) (72) (39) (74) (10) (52) (80) (58) (84) (96) (83) (20) (67) (93) (62) (92) (100) (63) (7) 
38 (49) (63) (95) (64) (38) (33) (71) (76) (46) (77) (6) (36) (16) (24) (35) (39) (96) (60) (40) (29) (90) (86) (83) (87) (44) (25) (5) (62) (15) (18) (48) (75) (50) (93) (100) (8) (22) (7) 
39 (77) (74) (85) (3) (7) (50) (53) (94) (16) (28) (98) (34) (24) (11) (5) (99) (54) (82) (62) (36) (40) (71) (14) (37) (32) (87) (17) (75) (79) (56) (1) (49) (66) (76) (63) (58) (92) (96) (23) (78) (100) (33) (42) 
40 (53) (81) (88) (83) (50) (96) (95) (36) (3) (49) (56) (76) (25) (21) (4) (85) (72) (65) (23) (69) (70) (58) (60) (61) (8) (54) (66) (68) (48) (20) (87) (90) (31) (75) (79) (11) (34) (99) 
41 (48) (24) (72) (2) (17) (27) (71) (33) (77) (37) (36) (75) (62) (28) (30) (73) (7) (45) (60) (94) (66) (80) (97) (74) (38) (8) (34) (15) (53) (47) (5) (6) (25) (16) (63) (9) (65) (57) (41) (86) 
42 (76) (68) (93) (58) (84) (100) (96) (16) (59) (23) (35) (83) (74) (18) (88) (37) (77) (63) (92) (98) (13) (79) (46) (32) (33) (67) (45) (94) (42) (34) (40) (64) (52) (27) (65) (14) (41) (55) (78) (60) (95) (38) (3) (70) (86) (54) (5) (21) (26 71) (51) (91 29) 
43 (37) (28) (81) (18) (99) (83) (6) (7) (52) (78) (25) (32) (16) (77) (10) (89) (70) (34) (98) (93) (26) (46) (53) (23) (40) (73) (87) (1) (5) (9) (69) (47) (24) (42) (76) (60) (95) (61) (79) (4) (14) (82) (68) 
44 (36) (34) (98) (45) (61) (9) (66) (30) (70) (68) (20) (52) (23) (13) (58) (38) (47) (60) (44) (32) (89) (77) (18) (59) (91) (72) (33) (40) (96) (2) (26) (50) (31) (97) (93) (43) (48) 
45 (40) (83) (9) (11) (35) (45) (50) (66) (37) (67) (76) (52) (93) (68) (54) (13) (69) (23) (36) (80) (62) (81) (94) (3) (91) (44) (90) (57) (46) (73) (47) (6) (30) (33) (2) (79) (32) (53) (63) (12) (75) (71) (15) (82) 
46 (10) (49) (35) (95) (22) (40) (7) (41) (75) (26) (13) (58) (92) (8) (3) (15) (14) (11) (18) (85) (93) (86) (68) (46) (27) (67) (63) (81) (57) (100) (90) (73) (5) (12) (44) (61) (47) (74) (21) (71) (36) (38) (34) (83) (28) 
47 (29) (17) (26) (42) (24) (78) (62) (72) (41) (93) (40) (10) (23) (90) (2) (20) (51) (69) (43) (12) (32) (57) (80) (50) (56) (83) (55) (49) (86) (65) (71) (46) (21) (99) (27) (85) (59) (18) (54) 
48 (33) (79) (80) (75) (19) (21) (56) (94) (52) (100) (47) (31) (97) (64) (50) (46) (71) (37) (57) (12) (24) (62) (72) (13) (77) (14) (34) (51) (61) (15) (87) (78) (10) (68) (26) (30) (20) (91) (42) (8) 
49 (32) (58) (14) (46) (73) (98) (10) (7) (57) (16) (18) (96) (8) (50) (26) (45) (33) (44) (95) (67) (4) (82) (17) (61) (75) (24) (59) (9) (28) (55) (65) (69) (29) 
50 (55) (92) (21) (56) (1) (26) (74) (29) (68) (86) (8) (35) (40) (16) (3) (97) (50) (24) (70) (73) (48) (88) (60) (57) (51) (54) (63) (36) (47) (53) (34) (71) (44) (18) (23) (22) (66) (45) (87) (62) (37) (46) (67) (100) 
51 (31) (94) (7) (64) (57) (54) (93) (52) (79) (75) (8) (74) (53) (46) (68) (49) (71) (14) (66) (11) (13) (83) (81) (2) (25) (1) (40) (98) (61) (99) (44) (42) (78) (73) (34) (59) (3) (70) (4) (5) 
52 (72) (63) (9) (5) (10) (85) (25) (83) (62) (68) (39) (69) (61) (91) (80) (94) (51) (100) (23) (42) (20) (86) (88) (37) (75) (30) (38) 
53 (71) (62) (35) (8) (36) (48) (68) (26) (95) (92) (65) (97) (17) (49) (52) (45) (18) (12) (7) (22) (1) (2) (5) (54) (61) (73) (80) (10) (100) (15) (79) 
54 (88) (69) (56) (80) (46) (47) (7) (96) (73) (38) (57) (64) (18) (8) (97) (35) (12) (59) (15) (33) (53) (20) (3) (54) (22) (65) (25) (85) (91) (92) (87) (42) (84) (44) (86) (83) (60) (75) (67) (89) 
55 (70) (27) (89) (45) (42) (6) (31) (25) (46) (61) (53) (35) (93) (38) (82) (21) (55) (54) (17) (16) (99) (11) (32) (86) (7) (68) (49) (94) (74) (87) (72) (77) (24) (59) (18) (50) (100) (23) (73) (5) (36) (3) (2) (9) (52) (60) (39) 
56 (39) (4) (67) (74) (62) (85) (19) (27) (30) (99) (1) (96) (97) (94) (95) (32) (93) (63) (17) (88) (31) (54) (14) (98) (89) (79) (12) (25) (29) (84) (22) (71) (8) (78) (77) (82) 
57 (23) (92) (25) (27) (14) (93) (34) (62) (70) (55) (47) (100) (76) (24) (13) (58) (69) (42) (12) (41) (91) (21) (60) (31) (28) (66) (68) (87) (81) (59) (74) (57) 
58 (53) (37) (63) (28) (95) (8) (33) (14) (82) (30) (1) (54) (58) (44) (93) (57) (99) (89) (43) (18) (35) (48) (60) (84) (65) (20) (7) (73) (70) (61) (51) (72) (71) (76) (32) (36) 
59 (24) (3) (68) (23) (11) (79) (17) (94) (91) (73) (89) (93) (38) (12) (7) (8) (45) (85) (66) (18) (98) (48) (33) (43) (63) (26) (22) (76) (70) (81) (100) (4) (19) (13) (62) (46) (2) (53) (60) (15) (75) (41) (14) (58) 
60 (25) (55) (28) (92) (15) (35) (58) (46) (61) (89) (73) (44) (39) (33) (48) (71) (95) (52) (43) (10) (29) (72) (18) (27) (99) (100) (30) (93) (80) (7) (98) (8) (85) (20) (94) (38) (22) (96) 
61 (39) (32) (96) (65) (86) (38) (64) (3) (36) (100) (54) (74) (42) (82) (37) (78) (43) (26) (89) (27) (51) (84) (58) (66) (85) (33) (13) (7) (28) (25) (63) (83) (21) (68) (90) (57) 
62 (6) (28) (63) (26) (44) (3) (97) (45) (69) (88) (57) (4) (75) (67) (48) (70) (58) (41) (80) (13) (38) (87) (81) (86) (71) (60) (77) (7) (11) (59) (1) (89) (98) (24) (82) (36) 
63 (43) (86) (49) (74) (36) (20) (53) (40) (81) (83) (14) (23) (30) (26) (24) (39) (8) (13) (52) (64) (3) (60) (94) (55) (63) (62) (10) (15) (1) (11) (72) (77) (89) (2) (37) (5) (46) (69) 
64 (54) (71) (47) (95) (59) (69) (88) (39) (62) (22) (55) (33) (49) (66) (30) (76) (34) (68) (60) (27) (29) (36) (9) (43) (4) (28) (17) (67) (20) (41) (8) (24) (78) (16) (21) (58) 
65 (13) (29) (48) (25) (61) (100) (36) (52) (60) (22) (66) (68) (35) (9) (15) (75) (58) (44) (32) (95) (18) (43) (1) (3) (19) (94) (6) (84) (77) (14) (31) (78) (74) (82) (38) 
66 (26) (91) (85) (59) (81) (71) (70) (57) (47) (95) (1) (61) (29) (58) (5) (96) (44) (43) (27) (24) (62) (14) (55) (67) (49) (56) (98) (12) (74) (18) (9) (10) (100) (76) (88) (40) (83) (11) (77) (4) (31) (6) (7) (21) (41) (78) 
67 (10) (32) (68) (62) (91) (37) (13) (21) (11) (81) (39) (67) (54) (23) (94) (15) (97) (52) (34) (98) (95) (38) (87) (84) (48) (69) (44) (100) (3) (78) (70) (29) (17) (66) (35) (88) (71) (43) (27) 
68 (25) (20) (46) (35) (90) (61) (60) (42) (16) (84) (70) (18) (47) (89) (83) (48) (73) (80) (14) (30) (40) (10) (39) (82) (11) (44) (91) (27) (77) (79) (13) (29) (93) 
69 (8) (17) (58) (32) (72) (22) (99) (29) (74) (28) (46) (49) (4) (66) (55) (68) (11) (95) (64) (19) (18) (51) (73) (39) (90) (31) (6) (44) (57) (10) (70) (37) (69) (83) (47) (33) (91) (93) (88) (78) (50) 
70 (100) (82) (49) (25) (73) (27) (10) (35) (19) (13) (96) (28) (33) (59) (81) (42) (8) (95) (93) (38) (65) (97) (61) (15) (71) (6) (34) (60) (74) (48) (70) (72) 
71 (51) (3) (58) (72) (31) (91) (70) (87) (75) (55) (36) (41) (16) (18) (100) (94) (62) (66) (25) (12) (64) (19) (29) (10) (56) (13) (92) (90) (65) (83) (61) (89) (30) (85) (4) (97) (63) (11) (80) (53) (48) (67) (40) (21) (2) (68) (50) (1) (24) 
72 (16) (44) (64) (34) (38) (50) (26) (39) (91) (11) (15) (24) (8) (86) (71) (30) (68) (59) (17) (99) (42) (18) (1) (66) (9) (23) (10) (54) (55) (74) (89) (6) (31) (28) (25) (92) (35) (96) (84) (43) 
73 (58) (94) (19) (73) (85) (47) (34) (65) (82) (22) (16) (14) (30) (75) (4) (21) (89) (7) (83) (44) (55) (8) (68) (38) (79) (53) (96) (90) (25) (28) (95) (60) (52) (62) (97) (9) (70) (91) (6) (5) (45) (92) (20) 
74 (2) (66) (7) (30) (35) (45) (77) (50) (29) (36) (25) (32) (44) (68) (19) (99) (83) (86) (91) (46) (14) (20) (39) (22) (16) (11) (52) (75) (76) (49) (23) (37) (82) (87) (90) (58) (10) (71) (21) (98) 
75 (17) (78) (49) (22) (100) (8) (56) (61) (96) (88) (71) (5) (84) (70) (23) (59) (53) (4) (2) (81) (95) (25) (93) (14) (60) (68) (47) (24) (64) (13) (35) (21) (34) (12) (26) (67) (6) (79) (1) (74) 
76 (65) (68) (71) (15) (82) (50) (55) (81) (28) (99) (52) (6) (35) (70) (20) (7) (13) (37) (80) (12) (69) (66) (47) (39) (77) (57) (97) (74) (90) (60) (73) (4) (87) (24) (38) (92) (23) (83) (94) (31) (88) 
77 (94) (8) (89) (92) (48) (76) (97) (84) (87) (86) (53) (77) (16) (64) (63) (75) (91) (79) (43) (26) (74) (39) (40) (54) (50) (36) (28) (18) (52) (55) (56) (100) 
78 (19) (68) (86) (1) (47) (87) (95) (92) (10) (62) (90) (81) (32) (18) (29) (28) (53) (79) (2) (11) (5) (57) (74) (73) (84) (55) (44) (51) (76) (49) (26) (27) (13) (50) (93) (31) (77) (61) (33) 
79 (100) (95) (19) (33) (28) (30) (11) (68) (93) (85) (24) (91) (16) (9) (25) (92) (69) (83) (3) (60) (62) (74) (53) (8) (46) (87) (23) (4) (61) (72) (58) (82) (44) (81) (42) (56) (37) (55) (65) (52) (73) 
80 (22) (64) (34) (86) (84) (38) (47) (14) (68) (27) (71) (81) (36) (67) (50) (73) (40) (35) (44) (87) (23) (74) (89) (13) (77) (58) (17) (55) (94) (41) (46) (80) (26) (88) (99) (29) (19) (61) (75) (51) (43) (10) (1) (60) (90) 
81 (53) (30) (67) (92) (3) (22) (72) (75) (34) (35) (6) (83) (100) (8) (96) (27) (78) (13) (91) (76) (97) (25) (71) (87) (79) (48) (69) (90) (82) (77) (68) (7) (16) (70) (4) (52) (74) (11) (56) (43) (1) (51) (49) (41) 
82 (87) (90) (44) (38) (6) (7) (52) (86) (31) (89) (15) (79) (51) (98) (2) (85) (34) (96) (78) (68) (19) (36) (46) (58) (35) (45) (5) (82) (22) (57) (99) (42) (43) (33) (73) (91) (11) (14) (100) (13) 
83 (45) (54) (91) (90) (94) (68) (99) (11) (70) (46) (42) (84) (66) (47) (59) (33) (89) (98) (85) (16) (74) (26) (64) (41) (10) (2) (31) (17) (22) (97) (86) (39) (24) (29) (100) (96) 
84 (92) (95) (83) (73) (35) (25) (86) (61) (84) (82) (8) (87) (58) (38) (88) (56) (64) (81) (66) (2) (14) (53) (22) (69) (78) (33) (9) (41) (99) (47) (100) (31) (72) (13) (34) (28) (26) (80) (93) (21) (68) 
85 (96) (88) (82) (13) (91) (22) (14) (44) (70) (68) (78) (59) (6) (36) (19) (73) (40) (62) (46) (8) (75) (37) (33) (9) (66) (21) (35) (94) (11) (2) (83) (17) (55) 
86 (25) (15) (19) (73) (56) (72) (67) (81) (42) (37) (58) (38) (29) (99) (90) (69) (14) (75) (44) (18) (83) (34) (76) (9) (2) (89) (16) (63) (74) (91) (47) (40) (57) (41) (77) (13) (98) (5) (88) (46) (62) (27) (68) (7) (30) (93) (49) 
87 (19) (99) (33) (40) (75) (12) (98) (13) (49) (58) (6) (68) (44) (78) (50) (38) (95) (24) (79) (51) (37) (92) (59) (65) (31) (17) (55) (42) (100) (81) (45) (15) (23) (28) (10) (5) (88) (29) (52) (71) (20) (53) 
88 (99) (6) (93) (80) (92) (32) (46) (100) (94) (38) (13) (68) (75) (35) (40) (71) (97) (19) (3) (61) (31) (89) (37) (58) (49) (57) (54) (8) (33) (39) (23) (26) (18) (24) (79) (36) (90) 
89 (99) (61) (70) (27) (81) (11) (8) (86) (54) (77) (43) (45) (5) (94) (46) (56) (1) (51) (79) (96) (63) (87) (73) (24) (30) (62) (32) (76) (7) (52) (29) (41) (83) (75) (64) (69) (98) (88) 
90 (35) (55) (96) (32) (93) (13) (80) (27) (48) (37) (64) (46) (97) (23) (59) (60) (92) (19) (45) (51) (43) (76) (24) (73) (21) (56) (11) (29) (99) (1) (47) (10) (36) (26) (82) (84) (77) (31) (72) (25) 
91 (70) (73) (68) (83) (79) (7) (91) (23) (90) (96) (43) (84) (21) (76) (46) (88) (25) (86) (85) (100) (42) (22) (39) (35) (5) (33) (12) (48) (37) (3) (72) (81) (69) (64) (29) (2) (50) (26) (53) (41) (18) (66) (99) (36) (87) (51) (52) (77) (65) (13) 
92 (49) (20) (34) (80) (47) (81) (22) (3) (31) (90) (15) (37) (55) (70) (48) (54) (64) (12) (21) (11) (25) (32) (16) (62) (68) (10) (93) (43) (85) (69) (24) (8) (60) (91) (77) (18) (51) (89) (63) (72) (35) (13) (33) (2) (58) 
93 (39) (67) (25) (84) (58) (85) (98) (43) (71) (69) (4) (97) (66) (31) (27) (24) (1) (60) (3) (10) (62) (44) (20) (33) (18) (78) (90) (53) (45) (89) (35) (36) (91) (26) (6) (48) (12) (47) (23) (41) (42) (14) (59) (83) (22) (17) (87) (46) (34) (99) (16) 
94 (97) (14) (50) (66) (98) (38) (27) (23) (40) (82) (83) (30) (74) (16) (69) (35) (13) (47) (62) (70) (17) (57) (36) (28) (33) (81) (4) (2) (29) (42) (7) (3) (32) (59) (11) (1) (80) (25) (76) (94) (67) (20) 
95 (91) (100) (6) (61) (22) (58) (14) (93) (81) (51) (35) (66) (83) (68) (16) (89) (38) (75) (55) (43) (71) (77) (24) (18) (54) (74) (63) (32) (48) (21) (49) (87) (33) (13) (37) (98) (45) (36) (17) (72) (82) (52) (59) (84) 
96 (47) (18) (91) (70) (51) (68) (50) (100) (59) (99) (58) (23) (43) (97) (85) (82) (39) (56) (6) (25) (13) (60) (46) (7) (38) (17) (96) (92) (27) (81) (33) (9) (20) (66) (10) 
97 (31) (20) (25) (94) (61) (65) (3) (40) (43) (28) (90) (50) (8) (72) (49) (32) (39) (1) (30) (15) (38) (97) (36) (54) (53) (4) (78) (46) (5) (34) (81) (88) (60) (56) (22) (21) (86) (45) (19) (11) (59) (33) (83) (85) (29) (7) (47) (74) (42) (69) (23) (2) 
98 (99) (49) (76) (90) (72) (78) (26) (47) (51) (86) (70) (77) (4) (43) (65) (97) (79) (95) (73) (87) (7) (9) (5) (50) (33) (64) (80) (17) (55) (41) (45) (2) (20) (32) (74) (52) 
99 (79) (96) (12) (78) (97) (65) (47) (76) (3) (11) (24) (26) (6) (64) (57) (25) (5) (50) (49) (84) (100) (55) (8) (39) (37) (75) (54) (69) (36) (41) (44) (62) (30) (95) (23) (16) (74) (80) (22) (9) (59) (48) (68) (45) (90) 
100 (98) (12) (72) (2) (85) (58) (77) (10) (42) (6) (80) (66) (54) (87) (47) (21) (50) (49) (63) (76) (88) (33) (7) (3) (31) (91) (16) (5) (57) (44) (22) (37) (53) (29) (48) (75) (1) (18) 
