0
100
100
1 (15 33 92 2) (35) (3) (40 81) (53) (94) (56) (1 49 19) (58) (91) (65 71 29) (13 95) (67 89) (57 31) (4) (47) (14 72) (44) (27 62 12) (97 17 76) (24 69) (34) (50) 
2 (61 18) (98 65 44) (15) (57 99) (10) (82 31) (55 78) (27 2 59 36 19 26 89 47) (13) (69) (60) (58) (79 50 62 64 53 28 56 73) (90 40 51 97 25 11) (9) 
3 (74) (19 81 48) (44) (78) (71) (57) (51 83 79) (17 5 24 68) (95) (62) (42 72 32) (97 64) (30 76) (1 20 41 37) (77 36 66) (70 55 16) (39 21) (15 2) (84) (82 56 73 27 25) (90 23 29 43) 
4 (44 1) (96 15 8) (57) (71 80 6) (28) (74) (20) (42) (16) (2 66) (60 85 55 75 5) (47 51) (36 56 50 9 93 77) (23) (82) (70) (48 86) (99) (13 98 35) (3) (87 84) 
5 (64) (20) (1) (81) (42 98 51 49) (10 83 2 3 55 22 28) (46 40) (6 26) (97 25 88) (72) (76 56) (70) (36 17 95) (47 9 78) (50) (23) (29 39) (18) (38 96) (8) 
6 (94 79 42) (5 30) (67) (98 58) (71) (93 75 80 18 77) (21) (6 33 29 39 12) (51 49 4 57) (48 81 95) (63) (17) (50 36 9 46 47) (73 54) (60 83 8) (34 87 91) (82) (1 90) 
7 (7 1) (4) (14) (45) (77 75) (84) (68) (50) (27 70) (57) (20) (94) (32) (58 73) (2) (22) (93) (78) (88) (53 48) (96 97 42 46 26 69 83 72) (51) (49 41 98) (5) 
8 (98) (90) (91) (17 19 81 50) (65 54 89 49 62) (29) (44) (13) (4) (80) (86) (51) (59) (36 40 24) (97 56) (7 85 78 22) (68 88) (94 70 41) (14) (34 61) 
9 (56) (83 46) (81) (26 96 97) (70 57) (28 48) (74 8 25 47 63 72) (29 99) (76 94) (78 40 1 11) (53 88 16) (64) (9 45 68) (44) (18 79 36) (65 31) (49) (59) 
10 (22 86) (26 5) (33 85 90) (61) (1 63 28 6) (45 31 77 41) (70) (80) (75 42) (57 46 100) (54 24 34 59) (52 97 81) (87) (84) (56) (72) (51) (74) (53 19) (62 94) (12 93) 
11 (100) (49 64) (22) (74 54 83 13 60 73 58 80) (8) (59 14 6) (38) (89 28 32) (3) (56) (52) (33 84 18) (67 4 39) (79 85) (78) (65) (71 97) (5 48) (21) (99 91) (11) 
12 (32) (72) (89 37 42 36 84 8 28 1) (66 62 34) (63) (46 29 58) (71) (92) (87 75) (52 50) (59) (22 6) (51 90 76 25) (3) (7 54) (77 10) (68 67) (86 83) (100) (12 19) (41 57 15) 
13 (71) (53 72 59) (96) (60 98) (88 2 65) (41) (9) (31) (91 3) (46 18 37) (97 12) (54 49 7 61) (35 73) (48) (67 81 36) (23 85 62 63) (43 16) (66) (95) (29) (14) (24 94) (55) 
14 (74 10) (8) (14) (43) (52 54 92 90 3 100) (87 28) (96) (78) (65 86) (26 84) (18) (16 91 21) (93) (51) (48 20) (88 57) (68) 
15 (70) (68 46) (67) (62) (77) (72) (9 71 90) (99) (91 32) (48 75 41 24) (79 66) (59 56 40 87 26 54) (55) (3) (76) 
16 (20 45) (52 53 50 33 71) (11 81 31 4) (69) (91) (23) (41) (17 100 59) (92) (22) (90 94 49) (73 47) (48 37) (36 99) (35) (30 26) (85 98) (86 7 43) (51 76) (39) (28) (63 78) 
17 (22) (72) (18 30) (14) (76) (60) (93 33 53) (88) (84) (4 40) (85 42) (5 68 83) (54) (100) (45 75 73 62 94 47) (8 90 80 51 61 2 81 67 1) 
18 (52) (17 50 40) (62) (76 81 91) (61 33 51 78) (16) (21 96) (46 42) (29) (22) (6 47) (73 44) (57 32) (59) (77 55) (80) (66) (79) (98 89 5 65 94 97 71 82) (53) (36) 
19 (78) (89) (28 52) (21 33 47) (40) (51) (7 87 53) (96) (66) (26) (74 9) (69 85 65 55 64 43) (54) (97 14) (80) (44) (56) (50) (11 32) (38 45) (46) (41) (6) (93) 
20 (73 36) (9 38 16) (13) (39 20 42 43) (92 37) (63) (80) (84) (53 3 100) (75 50 5 68) (64) (24) (28 15 77 83 4) (44 60) (1 17) (6) (10) (45) 
21 (29) (24 43 78) (84 19 12 47) (85 3 50) (42) (6 7 21 40 4 57) (81) (51 86 33) (63 20 55) (74 26) (23 56) (45 10) (60) (98) (54) (70 37 46) (52) (64) (31) 
22 (46) (74) (8) (78) (24 65) (53 92) (10 96 32 64) (13 37 73) (56) (90 23) (1 62) (87 30 9) (66 55) (51 98) (12 15 18) (63) (44 91) 
23 (41) (97) (16) (22) (43) (89) (52) (29) (73) (2) (96) (67) (93 42) (77 87 68) (1) (28) (53 56) (6 46) (92) (57) (74 54 84) (15) (27 26 4) (33 58 30) (82 85 78 19 32) (23) (48) (24) (17) (100) (72 11) (60) (8) 
24 (67 52) (12) (20) (83 49) (43 22) (1 35 71 46) (9) (100) (66 57 40 91 28) (68 47) (29) (36) (74 81) (31 73) (56) (97) (45 10 14) (64 8 26) (13) (27) 
25 (29) (36) (28) (93) (6) (52 84 3) (76) (87 24) (60 44 37 85) (21 56) (65) (30) (79 96 82 34 26 69 35 2 62) (92) (9 15 39 40 46 94 83 42) (47) (73) (64) (81 67 59) (98 13) (23 25) 
26 (29 91 49 59) (89 62) (96 73) (78 41 66 75) (100) (9 15 37) (69) (45 63 77 70 48 94 6 68 33 35) (2) (8 87 23) (99) (98 84) (11 22 58) (60 17 72 82) (14) 
27 (67 33 48) (77) (23 44 18 65) (64 14 4 71 84 21) (68 47) (57 6 51) (35) (29) (19) (87) (92 46) (81) (42 60) (40 30 13 90) (25 56 27 41) (11 59 70) 
28 (21 61) (84) (53) (58 79) (3 71) (25) (26) (30) (99 96 83 80) (91) (87) (54) (23 59) (49 88 20 9 32 19 81) (68 38 14 48 55) (44) (50) (67) 
29 (20 45 100 73 70 10 40) (13) (46) (47) (59 95 58 35 14 30) (39) (68) (33) (42 4) (57) (91 23) (37 18) (84 83) (41 2 22 96 32) (92) (34 27 24) (1 7 98) 
30 (77 17) (51) (63) (81 78 90 71 69 46 37 20) (26 54 43) (12) (97) (75 59) (1) (32) (47) (55 65) (9) (3 21 52) (24 2 83) (85) (28 30) (79) (45 34) (42) (36 95) (98 66) (19 6) (96) 
31 (38) (18 52 87) (96) (97 62) (44 76 51) (49) (66 39 46 65 41 25 5 86) (54) (56) (1) (13) (34) (70) (23 72 80 20 32 84) (26) (21 68 2) (58) (15) (64) (100) (53) 
32 (69) (18 2) (3 20) (64) (70 46) (29) (26 51) (92) (98 93 42 6) (58) (12) (13 100) (36) (10 22 56) (87 24) (81 79) (72 17) (44) (94) (25 40) (71) 
33 (46 99) (18) (32 81 43 29) (54) (72 20 79) (96 38) (64) (73 70) (13 90) (63 23) (10) (78) (30 17 2) (76) (24 56) (82 25 1) (44) (27) 
34 (66 36) (64 78 85) (22 9) (90) (93 74 42) (13) (49) (2 3 4) (8 70) (41 67 80) (23 59) (62) (98) (52 76) (45) (32 39 29 61) (50 25) 
35 (89 54) (82 6 47 84) (90) (53 59) (66) (31 64) (48 91) (39) (10 98 88) (32) (17 44) (14 75 60 24 30) (11) (43) (34 16 61 55) (1 93 92 15) (5 52) (56) (74) (46) (86) (26 96 100) 
36 (92) (54 66 24) (99 37 17 33 91 88 49 57 9) (46) (50) (34) (31 77) (63) (21 15 74) (14) (79 2 7 6) 
37 (7 73) (8 57) (35) (72 13) (68) (89) (14) (100 34) (98) (77 23 67) (62 76) (43) (84) (65) (58) (46 29) (91) (48) (22) (81 59 88) (4) (69 3 97) (45 19 90 95) (38) (44 15) (5) (9 75 20) 
38 (52 8 23) (80 75 13) (55 44) (31) (87 27) (49 64 76 92 36) (95) (6 37) (35 71 12) (7 14) (47 56 17) (18 74) (30 16 90) (21) (15 41) (2) 
39 (54) (55 41) (38) (71 25) (81) (97 4) (14 26 3 77 29 20 31) (8 69) (2 88 95) (90 94 35 39) (66 30) (89) (58 99 98 51) (82 46) (45) (33 9) (7 83 6 72 43 15) 
40 (52 21 90 10) (37) (45) (22 19) (38) (20 83) (96) (76) (58) (55 43) (79) (60) (44 98 7) (57 100) (67 64) (36) (26 74) (8) (11) (75 91 77 46) (99) (56 1) (35) (69) (70 2 71) (86 5) (92) 
41 (94) (28 45) (46) (32) (12) (83 1 8 22) (24) (42) (51 30 89 23 4) (16 7) (62) (77) (2 41 54) (29) (69 49 98) (97 93) (99 67) (35 63 90 36) (38) 
42 (71 5 64 45) (66) (62) (13 80 86 7) (27 63 8) (99) (53 9 31) (33) (91) (65 24 88 78) (6 51) (98 50) (26 20) (95) (69) (90) (41 37) (92) (73 100) (58) 
43 (6) (15 54 43 62) (9) (35) (29) (57 23) (52 58) (16) (69 63) (44) (2 25 27 79) (88) (82 8) (11 66) (86 70 7 72) (93 76 80) (53 67) (37 68) (83 49) 
44 (96) (83) (28) (41) (79 18) (43) (3) (97) (69) (65) (37) (8 1 99) (81 22) (66 38) (62) (10 95) (70) (6) (88) (26) (58 35 78 13 73) (93) (89) (85) 
45 (22) (87 23 52) (64 59) (34) (69) (48 79 32 72) (98) (18 63) (14 92) (75 100) (7 85 77 19 36) (56) (57) (76 2) (13 58) (88 51) 
46 (93 23 90 98 96 76) (19 80 99) (20 41 25 51 16 40 3) (94 34 21) (61 67 73) (83 18 27 65 87 47 28 86) (33 97) (36) 
47 (46) (39) (40 75) (90) (79) (12) (19 91) (53) (60 8) (59) (55) (15) (11 47 38) (27 96 82) (41) (68 14) (4 86) (73 98 70) (32 81 9) (21 62) (26 58) (56) (63) (6) (83) (3) (35 57) (42) 
48 (70 81 10 6 49 65 20 40 92) (12 84 22 76 5) (58) (61 62 15) (7) (69) (56) (38) (63 36 96 3) (59 23) (95 26) (17 87 73) (88) (1) (37 9 48) (24) (46) (4) (100) (39 75 29) 
49 (28 79 46) (34) (71) (96) (41 75) (24 36) (2 20 40 26 60 54) (84 82) (29 18) (44 62) (32) (25 39) (67 73 56) (48 17 11 100 90 9) (64 81 8 83 23 21) (6 35) (33 38) 
50 (47 62) (73) (64) (74) (55) (28 35) (94 90) (17) (2) (50 58 87 61) (76 59 42) (25) (22) (81 63) (97) (57 18 78) (40 13 43 69) (96 23 12) (52) (89) (32) (82) (85) (67) (16) 
51 (70 13) (58 90) (29) (39) (71 9) (80) (93) (65) (22 8) (15) (45 85 59) (2) (88) (7) (35 44) (21 41) (57) (75 97 32 69 74) (42) (24 81 76 19) (56) (5) (1) (55 89 68 30 47 87) (23) (12 72) (98) (53) 
52 (51) (16) (13 87) (41) (63) (62 3) (52) (86) (69) (45) (81 91 23) (7) (50 59 66 55) (90 1 93 65 73) (32 89) (49) (25) (47) (26 40) (82) (20 67) (99 22 78) (9) (34 2) (21) (95) (14) (84 8) (88 4) (42 77 12) 
53 (30) (31 3) (77) (60 11) (95 6 40 14 97) (25) (64 86) (96) (49) (9 27 61 59 38 41) (20) (90) (69 79 47) (91 73) (89 81 100 88 54 26 18 17) (2) (66 82 21 63 34) 
54 (94 51) (39 53) (44 75) (95) (33 17 6) (7 57 64 12 90) (83 80) (37 50 29) (47 28) (18 24) (89) (27 87) (59 10) (49 60 85) (82) (36 34) (31 68 42) (76) 
55 (80 18 50) (54 6 19) (22) (16 98 9) (93) (71) (5 82 49 47) (24 7) (60 42 89) (94 11 56 58) (68 31 84) (51 83 66) (86) (53 59) (64) (79) (48 15 28) 
56 (92) (11 57) (25) (28 26) (87) (83 23 72 75 48 80 52 40 62 12 66) (24) (82) (27) (85 95 61 86 54 100 39 18 8) (76 47 71 74 30) (79) (99 59) (4 41 53 49) 
57 (99 92 22) (100) (2) (59 89 70 88 84 36 79 21) (42) (65) (60) (35) (40 52 68) (76) (28) (24) (5) (8 57 53) (95 11) (49 96 63 81 78 97) (15) (75 27) (44) (31) (50) 
58 (1) (97 83) (89 75 33) (63) (4) (27 52 86) (15 70) (84 57) (69) (39) (24) (31) (48 16 79) (9) (19) (71 5 95 49 23 43) (67 32) (3 78) (45 62 56) (94) (92) 
59 (28) (99) (63) (26 34 85 93) (82 95) (17) (41) (74) (83 97 70 35) (100) (50) (12) (75) (29) (3 15) (39) (55) (66) (5 37 7 22) (56 10) (77 2 38) (8) (47) 
60 (44) (2 56 45 83 9 92 85) (1) (88 68 26) (40 84 55) (23 20) (17) (15) (54 21) (13) (93 36) (4) (72 99) 
61 (51) (8) (3) (95 56 73 53 62) (81 59 49 88 90) (93) (97) (7 42 11) (28 74) (68) (31 2 67) (63 52 39) (77) (60 23 87) (26) (44 82) (58) (66 1) (72 29) (86) (13 18 5 10) 
62 (7) (9 93) (64 58 26 18) (90) (71 66) (77 22) (8) (32) (73 35 25) (97 14) (70 40 76 6) (1) (50 53 98 92) (88) (61) (19 75) (79 30) (89) (48 72) (41) (67 49 23) (54) (27 69 34 5 47) 
63 (91 63 68 46) (37) (96) (89) (4) (23) (47 13) (71 77 59) (55 93 18 11 90 6) (41 43 24 34 87 20) (2 38 8) (5) (40) (33 49 69) (66) (39) (60) 
64 (88 9) (100) (29) (98) (64) (7) (56 19) (14) (2) (80 94) (53 22 23 42) (5 86 31) (6) (73) (32) (16) (91 30 41 40 17 61) (52) (55) (97) (26) (51) (54) (78) (76) 
65 (10 84 37 43 62) (9) (26) (5 30 11) (73 6) (95) (40 85) (3 75) (60 55 33) (91) (24 82 90 8) (79) (66 64) (71 28 12 21) (35) (94) (20 27 13 23) (50) 
66 (40) (85 20) (42 91) (71) (61 10 35) (72 11 78) (38) (79 68 1) (21) (46) (69 52 26) (27 96) (51) (88 6 70 3 97 12) (2) (77 58 39 29) (9 13 8 65) (63) (47) (15) (84 7 56 44 31) 
67 (81 42 30 58) (75) (93) (73 95 89 44 78 41 33) (62 53) (18) (100 25) (77) (29) (90) (64) (40) (79) (48 36 66) (61) (68) (3) (32 16 43 84) (8 80 59 71) (28) 
68 (22) (56) (4) (80 86) (16 10 64 36 14) (94) (68 47) (46 12 71 23) (21) (77) (29 58) (57) (35 83) (93) (18 73 37) (17 63) (2) (88) (97 31) (92 49) (40) (1) 
69 (68 61) (21 37 22) (13) (40 45) (97) (55 28) (5) (58 90 38) (31) (99 100) (51 60) (33) (1) (91 96) (70 34) (46) (29 48 7) (44 88) (94 76 77) 
70 (48 46 56) (58) (72 24) (65 61 98 29) (96) (15 10) (39) (28) (94 45) (85 17 52) (63) (31) (42 67) (8) (13) (100) (99 12) (33) (34) (27) (89 5) (88 32) (51 25 93 62 21) (38) (44 81 35 26) 
71 (88) (62 60 54 38) (94 59) (8 14 1 5 2 63) (26) (85) (75) (87 58) (95 30 79) (71) (56 36 96 41 82) (25 10) (74 12) (48) (6) (100 33) (4) (83) (73 23) (67) (44) (37) (53 18 76 32) (39) 
72 (81 42) (10 17) (83 37) (79) (47 52 19) (49 22 56 41 1 66) (8 46 50 48 55 99 3) (24 59 77) (9 18) (80) (33 69) (71) (82 5) (87 11 15) (60 89) 
73 (39) (25 100) (1 66 22 96 78 76) (94) (40) (7) (50) (4) (57) (65 55 95) (77 23 98 8 11 19 67 15) (88 45 31 89 33) (34) (44 91) (69 38) (72) (37) 
74 (73 8 80) (11 16 85) (49) (93) (92 83) (1 54 95 32) (7) (64 18 94 77 75 65 36) (88 96 6 47) (61 3 12) (37 21) (51 41) (89 72 5 90 98 55) (33 25) 
75 (21) (41 34 86 19) (5) (15 22) (99 89) (46) (32 6) (45) (36 73) (63) (95) (88 30 96 9) (78 40 26 48) (68) (94) (14) (76 77 4 57 24) (97 69) (58) 
76 (78) (20) (16 55 3) (62) (96) (66) (70) (8) (15 80) (12 79 69) (57 76) (82 39) (75) (98 100) (92) (93) (13 27) (90 10) (85) (7) (11 63 52 44) (31) (43 53 54) (26) 
77 (11 83 50 77 59) (91) (82 22 29 73) (38 93 99 52 35 85) (16 17 1 42) (72 75) (57) (96) (33 69 84) (100 41) (90 43) (34) 
78 (3 89 76 19 12 17 15) (95 50 20 64 41) (18 84 23) (51) (47 22 62) (100 26) (30 40 52 46) (75) (74) (77 72 80 68) (9) (37 60 55 71 94) (24 34) 
79 (11) (83) (80) (96 9) (8 68 91) (1) (64) (74) (37) (6) (60) (43 48) (54 100) (44 95) (88 32 94) (90) (45) (16) (22 92) (99) (25) (34 38 31) (52) (63) (5) (97) (50 3) (30) (53) (61) (24 56) 
80 (31 39 23 17 94 77) (51) (76 46 43) (54) (64) (40) (65 68 8) (83) (63 34 9) (37) (99) (13 21) (59) (27) (61) (98 70) (6 93) (38 81) (85) (72) (26 91 42 90 52 50 87) 
81 (52) (40 37) (36) (14 53 1 89 33 9 94 92 29 97 20) (95 7) (78 79) (39 86) (31 57) (75) (24 65) (17 74) (25 13) (68 38 34 67) (27) (93 72 76 99) (6) (45 50) (91 59 10) 
82 (36) (69) (67 13 32 96 40) (80 9) (65 38 48 15 18) (90) (87 81 21) (56) (28 72) (6 97 1 19) (43) (47) (53 59 66) (11) (71) (60) (89) (20) (2 82 92 22 8) 
83 (96) (89 64) (61) (42 88 3 94) (78) (23) (68 74 71 77 60 80) (4 20) (82 51) (31 7 27 81 17) (49) (100 70) (36) (63) (85 92) (28) (53 30) (8 58) (11) (76 62) 
84 (90) (71) (76) (8 1) (96 41) (50) (83) (95 24 47 86 16 45 77 60) (29) (46 69 57) (70) (79 82) (4 91) (98) (23) (30 10 2) (65) (40 33 99) (78) (73) (93 88 42) (68 58) (87) (39) 
85 (11) (79 87) (9 24) (62) (100) (18) (76) (1) (84 8) (16) (6) (29) (99) (86) (5) (92) (75) (7) (67) (58) (88 63 52) (48) (61) (2 93) (69) (14) (46) (35) (51) (36) (19) (64 28) (23) (72 4 13) 
86 (88 18 26) (60) (59 97) (7) (68) (100 48) (77) (21 84 61) (70 49 27 80 20 71 99 46) (36) (64 66) (86) (47 41 10) (85 75 87 92 5 52 28) (57) (3) (58 79 38) (95) 
87 (69) (61 11) (1) (36) (29) (54 42 85 41 45) (76 7) (95) (68 64 72) (63 44 84) (46 35) (48 70) (66 47 78 22 31 26 97) (12) (57 73 24) (79) (58) (86) 
88 (22) (76) (65 50 100) (15 36) (2) (77 49) (57) (67) (98) (64 96 30) (79) (17 45) (71) (31 99) (14 88 72 62 91) (56 46) (87 41) (11 51) (21) (5 8) (16 90) (35) (1 80) (73) (10 37) (26) 
89 (37) (61) (91 94 73 56 32 28 86) (29 34 81) (44 48) (35) (45 100 5 76) (93 88 66 42 99) (90 13 87) (16) (85) (46) (7) (64) (31) (55) (60) 
90 (67) (54) (93 85) (18) (73 8 47 14 90 16 74) (6 100 55) (52 82 75 31 61) (64 56 66 57) (23) (65 71 33) (38) (30) (79) (62 87 88) (58 76) 
91 (65) (16 35) (92 33) (62 32 90) (72) (91) (24 80) (47) (27 14 28) (76 37) (43) (9 6) (84) (20) (97 74 4) (15 75 51) (8 55) (95 48 11 5 40) (73) 
92 (53) (29) (77) (98 33 69 91 43) (100) (16 94 3) (92 84 57) (99 37 10) (65 80 93) (26 76 15 58) (51) (13) (32) (95) (71 11) (78 6 18 50) (67) (5 36) (2) (97 90) 
93 (25) (67 38 44) (46 30 15) (40) (28) (98) (20 71) (47 80 36 7 64) (18 77) (9 49 24) (35 17 27) (5) (23) (96) (69 43 66) (62) (59) (55) (78 86) (39) (4 58) (82) (42) 
94 (56) (92) (45) (96 77 27) (50) (10 88) (87) (8 64 57 98) (70 36 58 29) (69) (21) (63) (91 66 44 67 60 15 28) (20 72) (84) (23) (76) (53 85) (35) (65) (46 18 1 16 86) (38) (81 80 43) 
95 (43) (70 1) (97) (58 31) (18 77 66 95) (47) (60) (83 51) (79 81 12 19) (82 36) (29) (99) (15 76 89) (59) (52) (24 44 48) (37) (87) (28) (73) (65) 
96 (25) (65) (97 3 36) (27 20) (43 87 33 71) (17) (54) (28 69 41 86) (49) (8) (60) (94 84 26) (1) (57 16) (7 63 45 29 46) (93) (5) (6) (78) (95) (48) 
97 (76 15) (98) (54) (37 57 43 32) (65) (22) (60) (1) (24 64) (48 77 61 19 29 34) (96) (6 16 9) (47) (23) (5 94 21 7 45 12 11) (90) 
98 (58) (13 82) (52) (30) (48) (88 1) (50) (12 66) (46 33) (80 74) (72) (40 62) (35 100 32) (6 86) (19 4) (39 2 57 61) (15) (51) (41) (25) (38) (37 97) (9) (43) (36 20) 
99 (75 16) (69 29 58 35 6) (1 82 50) (78 76) (95) (53) (80) (8) (94) (23 54 40 48) (13) (66 33) (11) (34) (21) (10 2) (86) (57 72) (30) (25 47 51 4) (89) (28) (61 90) 
100 (53 65 41) (37 76) (7 6) (43) (25 98) (62) (78) (71 34) (28) (49 47) (18 38 66 14 40 64) (9 83 89) (74 12) (54) (42) (15 63 1) (82 35) (23 58 45 73 85) (29) 
1 (62) (84) (5) (24) (69) (99) (3) (51) (66) (96) (1) (72) (6) (20) (48) (9) (71) (88) (58 61 40) (4 68) (29) (35 22) (79 100) (41 31) (44) (52 30) (73 77 23 60) (33) (95) (74 98) (7) (10) (12 82) (87) (94) (85 17 81) (97) 
2 (68) (32) (7) (30) (84) (39) (17) (60) (50) (36) (98) (49) (23) (38) (40) (57) (33) (53) (52) (34) (66) (61) (45) (2) (25) (26) (82) (43) (63) (51) (59) (3) (88) (13) (64) (92) (99) (41) (29) (5) (4) (71) (1 31 85) 
3 (30) (59) (14) (15) (5) (79) (28) (25) (52) (78) (4) (66) (13) (44) (11) (74) (92) (53) (32) (58) (21) (39) (72) (83) (37) (47) (1) (46) (65) (76) (20) (96) (48) (61) (67) (34) (12) (86) 
4 (8) (21) (84) (20) (48) (99) (7) (85) (98) (47) (68) (37) (91) (52) (23) (73) (56) (83) (93) (27) (17) (39) (6) (1) (34) (41) (58) (11) (63) (71) (75) (16) (60) (29) 
5 (40) (35) (3) (96) (71) (17) (93) (57) (11) (72) (37) (61) (88) (58) (4) (18) (86) (63) (65) (92) (89) (74) (55) (62) (79) (91) (64) (10) (69) (20) (48) (31) (70) (42) (51) (7) (85) (75) (59) (6) (97) 
6 (64) (55) (90) (99) (74) (53) (27) (92) (62) (5) (4) (38) (23) (49) (48) (96) (20) (75) (91) (44) (85) (54) (36) (12) (100) (43) (82) (71) (6) (32) (80) (18) (35) (21) (98) (25) (81) (11) (39) (47) (10) (42) (26 30) (65 79 66 19 97 63) 
7 (86) (45) (40) (51) (62) (89) (38) (42) (29) (93) (16) (48) (83) (61) (100) (12) (87) (52) (41) (64) (39) (85) (97) (7) (66) (81) (36) (43) (73) (76) (59) (37) (8) (13) (74) (21) (55) (19) (96) (54) (69) 
8 (9) (66) (42) (40) (71) (65) (44) (80) (37) (34) (52) (84) (43) (99) (73) (61) (23) (83) (24) (90) (5) (12) (17) (38) (39) (70) (63) (59) (94) (88) (62) (11) (51) (96) (76) (91) (49) (41) (4) (56) (67) (74) (82) (72 79) (57 6 26) (47) (22) (14 85) 
9 (19) (48) (85) (64) (55) (65) (15) (25) (100) (78) (81) (51) (53) (43) (13) (52) (91) (79) (39) (37) (36) (6) (4) (47) (26) (20) (28) (97) (42) (80) (9) (75) (5) (82) (58) (66) (49) (24) (60) (30) (34) (72) (2) (22) (62) (93) (98) 
10 (66) (86) (2) (84) (40) (48) (35) (20) (5) (59) (76) (21) (22) (14) (68) (88) (65) (81) (72) (70) (92) (71) (99) (33) (29) (44) (12) (54) (24) (32) (61) (94) 
11 (83) (9) (49) (53) (66) (77) (88) (65) (23) (76) (72) (55) (11) (47) (16) (35) (57) (99) (91) (61) (2) (87) (56) (97) (26) (40) (73) (63) (74) (43) (82) (92) (79) (85) (27) (19) 
12 (95) (52) (6) (22) (97) (65) (68) (76) (38) (1) (32) (74) (78) (13) (12) (10) (70) (56) (24) (66) (71) (59) (41) (30) (48) (21) (98) (100) (51) (87) (50) (54) (47) 
13 (11) (42) (32) (2) (92) (27) (51) (85) (4) (44) (29) (76) (20) (66) (70) (34) (8) (25) (61) (50) (60) (81) (24) (82) (65) (98) (37) (80) (99) (52) (63) (1) (69) (45) (38) (89) (22) (33) (31) 
14 (1) (13) (29) (39) (28) (24) (17) (7) (64) (52) (85) (100) (75) (62) (47) (36) (71) (91) (90) (19) (68) (45) (11) (37) (88) (81) (14) (8) (38) (26) (53) (35) (27) 
15 (4) (55) (38) (70) (57) (26) (59) (73) (31) (92) (51) (88) (58) (43) (78) (12) (1) (95) (22) (76) (82) (23) (100) (94) (97) (66) (98) (75) (72) (39) (25) (36) (35) (47) (91) (93) (20) (3) (37) (60) (48) (2) 
16 (23) (67) (79) (4) (35) (85) (55) (18) (90) (50) (58) (13) (92) (43) (9) (94) (3) (52) (68) (76) (20) (64) (46) (14) (84) (77) (97) (41) (99) (91) (74) (96) (38) (89) (88) 
17 (26) (49) (80) (32) (33) (1) (30) (59) (78) (20) (16) (3) (8) (23) (81) (50) (53) (38) (60) (83) (96) (64) (36) (5) (48) (6) (18) (68) (35) (88) (72) (93) (54) (77) (70) 
18 (27) (95) (54) (38) (9) (67) (85) (11) (45) (61) (82) (68) (86) (63) (17) (62) (5) (90) (22) (56) (94) (13) (2) (74) (53) (93) (72) (32) (78) (33) (49) (50) (31) (6) (46) (100) (29) (55) (14) (44) (71) (92) 
19 (21) (30) (64) (51) (12) (75) (8) (27) (23) (3) (82) (47) (45) (73) (1) (78) (97) (37) (2) (95) (62) (72) (98) (40) (85) (55) (28) (46) (10) (58) 
20 (91) (42) (81) (21) (65) (93) (78) (96) (24) (37) (48) (3) (30) (49) (53) (66) (7) (63) (20) (29) (40) (28) (76) (33) (46) (83) (82) (32) (39) (5) (31) (98) (52) (16) (94) (60) (86) (4) (14) 
21 (31) (27) (68) (40) (70) (57) (82) (38) (80) (86) (14) (74) (25) (75) (46) (60) (53) (3) (19) (47) (52) (51) (88) (94) (21) (97) (66) (65) (18) (6) (69) (36) (11) (49) (28) (30) (99) 
22 (26) (73) (55) (16) (68) (41) (72) (77) (45) (5) (44) (82) (10) (50) (8) (97) (51) (40) (24) (52) (79) (59) (37) (69) (12) (87) (78) (17) (18) (64) (23) (29) (34) (7) (88) (62) (57) (32) (11) (75) (48) 
23 (60) (16) (38) (43) (45) (56) (28) (73) (5) (50) (94) (65) (71) (33) (26) (41) (64) (4) (80) (100) (68) (23) (85) (21) (34) (51) (46) (93) (27) (52) (97) (29) (13) (84) (49) (48) (62) (22) (90) (78) (25) (83) (63) (37) (58) (99) (3) (31) (61) 
24 (97) (51) (21) (42) (84) (54) (57) (75) (55) (8) (20) (25) (3) (95) (70) (85) (41) (91) (1) (48) (87) (56) (72) (29) (81) (23) (13) (32) (22) (49) (15) (10) (35) (30) (33) (79) (63) (58) (36) (93) (78) (65) 
25 (9) (81) (43) (39) (96) (34) (33) (67) (31) (74) (73) (3) (2) (53) (46) (71) (98) (50) (56) (93) (28) (70) (52) (12) (32) (49) (99) (62) (100) (5) (27) (79) (25) 
26 (21) (76) (2) (96) (78) (61) (31) (47) (92) (88) (23) (7) (39) (70) (49) (60) (25) (62) (44) (14) (48) (19) (80) (28) (75) (5) (87) (16) (32) (35) (59) (15) (86) (10) (66) (56) (52) (30) (71) (64) (40) (24) (65) (53) (9) (42) 
27 (56) (33) (27) (42) (76) (66) (38) (3) (70) (53) (62) (93) (24) (47) (96) (94) (7) (80) (83) (57) (43) (86) (23) (58) (65) (2) (81) (29) (91) (46) (54) (1) 
28 (19) (46) (70) (50) (30) (41) (2) (10) (23) (86) (44) (54) (11) (24) (61) (85) (83) (4) (100) (16) (14) (59) (12) (20) (89) (91) (69) (67) (56) (93) (25) (49) (65) (55) (94) (9) (96) (5) (57) (95) (82) (99) 
29 (51) (33) (54) (25) (94) (48) (34) (13) (41) (39) (84) (81) (59) (6) (85) (12) (69) (64) (24) (67) (49) (100) (77) (95) (18) (43) (96) (9) (87) (21) (32) (97) (89) (3) (5) (8) (37) (99) (70) (26) (23) (68) (1) (61) (66) (92) (27) 
30 (39) (33) (3) (67) (99) (30) (79) (64) (65) (56) (75) (83) (88) (78) (25) (17) (84) (6) (23) (62) (29) (93) (98) (51) (22) (28) (53) (38) (16) (41) (71) (90) (35) (27) 
31 (21) (54) (87) (10) (55) (58) (42) (70) (16) (1) (24) (13) (88) (39) (73) (81) (80) (66) (38) (2) (90) (69) (61) (79) (9) (57) (95) (76) (89) (83) (36) (68) (64) (53) (35) 
32 (18) (70) (45) (41) (67) (71) (64) (62) (49) (30) (50) (11) (89) (52) (91) (23) (79) (28) (82) (47) (92) (74) (3) (19) (22) (34) (33) (12) (35) (51) (75) (97) (31) (15) (7) (98) (58) (29) 
33 (81) (92) (99) (1) (23) (67) (65) (18) (98) (72) (58) (10) (69) (91) (11) (19) (77) (42) (39) (96) (90) (29) (70) (21) (6) (17) (16) (74) (63) (27) (49) (54) (73) (46) (26) (36) (84) (71) 
34 (81) (77) (100) (62) (25) (89) (69) (52) (63) (45) (31) (75) (59) (37) (29) (6) (10) (97) (53) (35) (46) (1) (99) (70) (78) (54) (80) (8) (36) (12) (73) (79) (30) (49) 
35 (41) (99) (85) (93) (68) (13) (51) (40) (100) (1) (24) (38) (37) (57) (43) (26) (98) (66) (25) (94) (62) (87) (91) (27) (39) (44) (77) (88) (65) (16) (47) (49) (4) (70) (59) (89) (29) (50) 
36 (94) (71) (3) (95) (82) (32) (45) (40) (18) (41) (8) (46) (92) (6) (60) (87) (74) (67) (9) (2) (54) (57) (38) (86) (20) (49) (93) (13) (48) (85) (88) (16) (75) (24) (98) (12) (81) (5) (68) (4) (96) (34) (25) (83) (30) 
37 (13) (22) (98) (65) (69) (68) (3) (38) (48) (59) (92) (30) (29) (79) (80) (25) (100) (71) (42) (74) (36) (89) (21) (72) (54) (26) (44) (43) (91) (81) (73) (95) (97) (40) (12) (78) (63) (88) (16) (20) 
38 (73) (48) (19) (39) (86) (59) (82) (47) (40) (90) (49) (100) (79) (98) (41) (53) (81) (69) (93) (80) (70) (77) (20) (5) (71) (28) (31) (37) (66) (11) (94) (63) (33) (44) 
39 (5) (98) (54) (58) (71) (11) (63) (56) (35) (66) (3) (84) (29) (39) (73) (81) (31) (51) (61) (80) (59) (48) (6) (34) (70) (93) (20) (76) (49) (16) (25) (47) 
40 (81) (69) (66) (52) (15) (67) (25) (53) (47) (46) (82) (5) (9) (27) (32) (8) (91) (48) (64) (19) (78) (99) (62) (93) (1) (50) (60) (2) (17) (49) (63) (56) (57) (18) (73) (75) (80) (84) (24) (100) (29) (68) (65) (21) (98) 
41 (59) (34) (100) (7) (49) (86) (87) (13) (47) (38) (16) (75) (63) (12) (31) (15) (26) (74) (53) (67) (19) (46) (71) (51) (8) (96) (27) (23) (98) (52) (41) (10) (29) (64) (78) (42) (39) (56) (62) (88) (84) (72) (3) (44) (77) 
42 (67) (29) (23) (100) (20) (66) (72) (25) (93) (7) (50) (80) (84) (18) (55) (57) (70) (52) (27) (3) (21) (30) (77) (4) (83) (87) (12) (10) (6) (89) (61) (41) (64) (47) (51) (54) (34) (5) (32) (17) 
43 (24) (40) (63) (76) (93) (19) (65) (94) (91) (39) (21) (13) (35) (43) (80) (37) (14) (96) (20) (82) (77) (100) (97) (67) (79) (58) (92) (50) (44) (3) (30) (98) (95) (16) (23) (33) 
44 (22) (54) (33) (1) (71) (66) (28) (20) (19) (18) (25) (57) (93) (31) (51) (3) (49) (76) (94) (37) (40) (9) (38) (43) (2) (60) (87) (61) (69) (95) (35) (27) (79) (8) (73) (32) (67) (4) (70) (89) 
45 (10) (73) (79) (42) (9) (81) (16) (37) (41) (39) (40) (100) (29) (70) (19) (58) (34) (26) (75) (17) (87) (89) (94) (96) (97) (21) (7) (52) (60) (20) (51) (69) (84) (30) (24) (88) 
46 (87) (94) (68) (89) (96) (22) (18) (33) (29) (40) (66) (78) (63) (35) (5) (30) (21) (49) (47) (84) (70) (25) (85) (27) (93) (69) (39) (12) (7) (24) (10) (37) (6) (98) (88) (86) (9) (32) (41) (23) (80) (36) (31) (15) (75) (13) (72) (48) (19) 
47 (100) (59) (87) (4) (68) (63) (78) (24) (93) (1) (35) (27) (66) (99) (18) (84) (54) (82) (6) (53) (16) (46) (29) (91) (52) (50) (62) (56) (86) (90) (25) (5) (95) (21) (19) (51) (38) (97) (9) (72) (74) (55) (2) (47) (17) (30) 
48 (7) (87) (70) (6) (55) (37) (4) (85) (72) (23) (69) (58) (91) (3) (67) (35) (26) (98) (14) (99) (86) (13) (56) (82) (48) (95) (49) (97) (16) (28) (45) (15) (79) (96) (9) (89) (71) (11) (62) (75) (27) 
49 (26) (53) (68) (41) (11) (1) (9) (100) (13) (57) (54) (88) (93) (62) (96) (5) (7) (31) (36) (63) (74) (8) (56) (52) (55) (38) (72) (6) (24) (86) (28) (48) (58) (61) (83) (43) (34) (16) 
50 (50) (8) (12) (81) (84) (52) (62) (72) (28) (2) (59) (54) (98) (34) (79) (20) (94) (99) (78) (57) (7) (4) (42) (88) (19) (92) (65) (21) (55) (73) (16) (77) (18) (80) (1) (36) (6) (5) 
51 (69) (74) (27) (78) (95) (55) (42) (4) (83) (19) (16) (8) (41) (45) (2) (5) (22) (70) (7) (46) (14) (30) (52) (91) (3) (85) (39) (12) (80) (99) (10) (31) (98) (64) (66) (88) (92) (18) (32) (61) (17) (21) (6) (54) 
52 (66) (10) (11) (76) (58) (45) (21) (70) (79) (12) (56) (77) (72) (19) (95) (31) (80) (30) (38) (35) (64) (34) (40) (23) (57) (86) (24) (81) (90) (85) (52) (18) (43) (16) (50) (78) (61) (25) (98) (14) 
53 (16) (22) (43) (71) (56) (35) (23) (83) (42) (7) (47) (19) (9) (94) (54) (57) (100) (10) (28) (76) (64) (81) (92) (62) (51) (20) (67) (17) (31) (1) (99) (2) (82) (55) (13) (61) (79) (18) 
54 (87) (97) (80) (10) (30) (19) (90) (96) (23) (6) (64) (53) (79) (11) (31) (13) (100) (62) (17) (8) (39) (28) (35) (41) (55) (15) (36) (56) (21) (76) (60) (49) (74) (12) (14) (99) (71) (43) (33) 
55 (38) (39) (2) (28) (51) (5) (52) (63) (91) (3) (21) (59) (4) (73) (74) (22) (15) (13) (65) (35) (69) (89) (78) (19) (40) (47) (64) (50) (18) (72) (93) (60) (90) (76) (30) 
56 (55) (31) (27) (15) (9) (48) (88) (60) (71) (4) (32) (72) (45) (59) (8) (61) (24) (22) (2) (94) (33) (21) (49) (3) (82) (1) (64) (19) (11) (10) (51) (23) (47) (89) (70) (68) (38) (40) (58) (66) (35) (25) (5) (79) (90) 
57 (21) (57) (73) (51) (2) (29) (87) (3) (81) (94) (56) (1) (23) (50) (86) (43) (98) (99) (97) (45) (37) (27) (6) (40) (24) (96) (75) (84) (7) (88) (10) (9) (54) (68) (76) (36) (77) (90) (12) (18) (4) (47) (58) (92) (14) 
58 (83) (68) (39) (98) (12) (94) (75) (28) (100) (7) (90) (85) (66) (32) (50) (95) (55) (86) (51) (71) (61) (44) (99) (43) (2) (23) (62) (87) (29) (67) (45) (92) (84) (42) (11) (69) (48) (26) (31) (6) (70) (93) (47) (37) (1) (40) 
59 (77) (35) (52) (95) (37) (9) (18) (51) (28) (26) (53) (15) (93) (57) (8) (13) (48) (86) (82) (30) (71) (25) (55) (56) (12) (2) (27) (29) (54) (61) (10) (81) (45) (80) (34) (63) (11) (16) (72) (47) (67) (50) 
60 (35) (96) (84) (61) (49) (27) (40) (20) (94) (4) (65) (78) (11) (83) (71) (97) (55) (72) (89) (26) (53) (86) (13) (54) (69) (79) (47) (2) (82) (23) (25) (63) (57) (17) (21) (6) (95) 
61 (18) (89) (56) (85) (86) (2) (64) (34) (28) (50) (98) (69) (10) (17) (79) (13) (99) (53) (62) (66) (46) (74) (67) (87) (8) (90) (83) (48) (80) (70) (97) (35) 
62 (37) (13) (70) (2) (91) (43) (26) (15) (34) (98) (50) (25) (90) (67) (58) (3) (71) (8) (85) (47) (41) (42) (93) (61) (22) (44) (100) (65) (56) (12) (1) (31) (88) (52) (17) (18) (10) (49) (78) (83) (76) (48) 
63 (58) (52) (83) (33) (16) (63) (66) (9) (70) (87) (22) (57) (85) (100) (43) (94) (71) (75) (6) (80) (20) (50) (61) (96) (30) (41) (47) (36) (42) (45) (10) (26) (53) (79) (59) (48) (76) (21) (68) (13) (12) 
64 (85) (2) (40) (68) (38) (21) (100) (33) (67) (11) (3) (35) (80) (24) (64) (32) (5) (25) (53) (19) (49) (9) (79) (74) (55) (31) (27) (62) (45) (90) (87) (34) (86) (97) (42) (94) (78) (50) (83) (22) (54) (88) (93) (65) (89) (20) 
65 (48) (18) (44) (95) (94) (52) (82) (91) (81) (22) (42) (96) (9) (84) (31) (11) (73) (51) (74) (70) (13) (90) (88) (27) (80) (57) (97) (1) (19) (8) (66) (100) (92) (2) (30) (37) (25) (46) (14) 
66 (31) (26) (53) (87) (24) (12) (52) (82) (55) (35) (34) (98) (43) (72) (86) (39) (44) (76) (63) (3) (90) (36) (94) (15) (13) (61) (42) (95) (89) (100) (65) (56) (19) (4) (73) (30) (67) (99) (22) (59) (93) (62) (18) 
67 (1) (70) (58) (6) (46) (93) (73) (25) (40) (62) (13) (94) (43) (52) (23) (41) (49) (24) (15) (28) (17) (12) (92) (90) (27) (61) (88) (81) (82) (50) (71) (11) (85) (37) (34) 
68 (7) (14) (23) (75) (63) (51) (28) (26) (3) (15) (17) (69) (43) (60) (79) (61) (27) (24) (87) (78) (68) (81) (67) (12) (31) (57) (9) (37) (29) (20) (83) (8) (47) (66) (86) (55) (84) (80) (54) 
69 (62) (42) (99) (82) (84) (50) (85) (30) (7) (96) (43) (48) (32) (45) (51) (16) (73) (72) (1) (94) (66) (53) (2) (25) (87) (41) (77) (93) (76) (37) (58) (39) (19) (92) (75) (44) (40) (63) (52) (26) 
70 (10) (48) (34) (59) (8) (21) (44) (32) (7) (15) (27) (94) (43) (58) (26) (31) (95) (84) (83) (80) (5) (47) (57) (29) (33) (62) (51) (3) (86) (69) (4) (9) (40) (87) (76) (66) 
71 (63) (28) (49) (92) (56) (84) (65) (71) (30) (51) (66) (13) (55) (62) (78) (6) (90) (1) (4) (86) (82) (3) (58) (93) (27) (18) (16) (12) (40) (11) (72) (88) (68) (24) (96) (100) (32) (15) (67) (83) (39) (42) (38) 
72 (10) (78) (99) (9) (39) (33) (88) (43) (94) (5) (87) (45) (13) (61) (70) (56) (81) (26) (74) (32) (66) (23) (82) (85) (51) (37) (77) (91) (3) (73) (7) (80) (15) (1) (31) (17) (62) (12) (98) (60) 
73 (3) (71) (47) (20) (88) (62) (68) (87) (48) (44) (26) (77) (65) (22) (37) (46) (100) (50) (49) (29) (52) (7) (64) (42) (18) (53) (2) (89) (13) (84) (95) (61) (23) (11) (67) (74) (75) (6) (91) (90) (24) (17) (16) (33) (25) 
74 (59) (14) (38) (36) (9) (19) (98) (50) (83) (40) (90) (10) (56) (3) (91) (78) (79) (4) (61) (22) (23) (11) (24) (34) (71) (35) (21) (81) (51) (100) 
75 (67) (58) (6) (40) (37) (48) (74) (57) (81) (20) (59) (76) (78) (99) (17) (10) (91) (30) (45) (51) (49) (4) (26) (65) (56) (38) (7) (47) (90) (85) (86) (35) (77) (71) (54) (62) (12) (15) 
76 (12) (25) (50) (87) (95) (76) (33) (75) (3) (71) (88) (100) (34) (73) (91) (90) (80) (37) (40) (84) (43) (5) (94) (83) (16) (89) (78) (48) (31) (9) (64) (99) (62) (46) (69) (17) (56) (1) (54) (18) (92) (15) (57) (81) (85) (97) (51) (38) (45) 
77 (40) (63) (53) (6) (67) (3) (95) (97) (37) (68) (80) (94) (30) (93) (10) (61) (4) (69) (84) (39) (74) (73) (52) (27) (18) (88) (75) (66) (12) (15) (86) (7) (36) (23) (78) (20) (26) (92) (45) (77) (41) (83) (59) (62) (72) 
78 (73) (2) (57) (11) (87) (75) (52) (84) (9) (3) (66) (92) (5) (7) (16) (67) (21) (22) (50) (96) (76) (8) (93) (14) (44) (81) (83) (26) (33) (99) (42) (18) (30) (64) (19) (23) (34) (58) (100) 
79 (2) (57) (25) (67) (56) (66) (44) (84) (87) (71) (6) (28) (45) (36) (11) (72) (85) (53) (43) (49) (15) (47) (90) (18) (62) (65) (32) (81) (30) (58) (33) (76) (88) (55) (95) (3) (9) (86) (40) 
80 (28) (54) (99) (93) (6) (83) (86) (10) (91) (18) (92) (31) (56) (76) (51) (34) (11) (17) (74) (94) (20) (88) (4) (55) (78) (43) (64) (42) (72) (38) (79) (68) (98) (82) (46) (67) (19) (8) 
81 (30) (53) (13) (80) (82) (89) (33) (1) (16) (83) (18) (72) (37) (28) (67) (47) (49) (52) (6) (57) (70) (61) (48) (8) (21) (32) (24) (5) (94) (17) (9) (51) (44) (25) (10) (27) (39) (3) (95) (50) 
82 (47) (53) (59) (6) (54) (50) (98) (95) (56) (43) (90) (84) (2) (35) (83) (76) (93) (3) (49) (99) (52) (61) (33) (72) (77) (100) (71) (18) (23) (39) (4) (55) (82) (65) (26) (25) 
83 (12) (24) (28) (54) (44) (68) (17) (46) (7) (60) (71) (30) (40) (9) (55) (25) (39) (11) (41) (77) (56) (20) (29) (5) (49) (74) (43) (47) (58) (3) (100) (84) (95) (6) (59) (72) (79) (80) 
84 (3) (87) (58) (86) (60) (20) (10) (27) (31) (29) (65) (78) (92) (85) (25) (52) (11) (49) (66) (21) (94) (28) (55) (4) (26) (12) (23) (35) (48) (37) (57) (7) (96) (17) (77) (14) (91) (67) 
85 (83) (94) (17) (8) (21) (66) (77) (90) (23) (76) (10) (60) (89) (50) (4) (25) (44) (74) (30) (87) (13) (54) (34) (65) (51) (11) (80) (56) (86) (71) (100) (16) (59) (45) (70) (19) 
86 (40) (56) (55) (87) (35) (98) (96) (61) (46) (12) (14) (89) (10) (81) (84) (64) (21) (99) (75) (8) (47) (94) (58) (42) (52) (16) (85) (53) (31) (68) (86) (43) (93) (4) 
87 (31) (86) (61) (19) (56) (23) (46) (51) (95) (96) (14) (90) (94) (84) (80) (12) (10) (22) (4) (72) (38) (52) (48) (63) (82) (88) (71) (85) (28) (45) (6) (32) (26) (25) (89) (15) (50) (54) (27) 
88 (17) (57) (94) (79) (14) (84) (39) (36) (52) (71) (85) (9) (37) (5) (68) (64) (43) (13) (61) (90) (86) (73) (44) (62) (45) (88) (70) (69) (53) (48) (89) (75) (7) (66) (51) (74) (28) (35) (60) (8) (83) (98) (42) 
89 (39) (82) (99) (83) (51) (72) (53) (26) (70) (23) (19) (55) (57) (52) (100) (75) (44) (50) (63) (41) (18) (67) (62) (78) (95) (8) (81) (73) (12) (11) (74) (58) (37) (2) (1) (54) (35) 
90 (54) (92) (40) (79) (52) (49) (47) (8) (14) (42) (12) (6) (34) (30) (76) (41) (77) (99) (84) (15) (2) (69) (10) (53) (17) (65) (3) (37) (80) (35) (46) (67) (50) (16) (97) (88) (89) (22) (38) (63) (90) (51) (61) (62) (91) (39) (33) (82) (74) (27) 
91 (64) (14) (1) (88) (36) (66) (40) (18) (13) (28) (81) (84) (37) (92) (47) (63) (73) (53) (11) (91) (29) (16) (35) (69) (24) (89) (15) (77) (42) (79) (94) (26) (22) (80) (52) (6) (8) (65) 
92 (82) (68) (12) (32) (16) (81) (20) (74) (45) (58) (42) (83) (25) (29) (22) (60) (79) (56) (36) (85) (57) (48) (92) (86) (23) (76) (94) (91) (27) (14) (1) (40) (35) (62) (38) 
93 (84) (32) (41) (14) (4) (7) (76) (34) (96) (62) (44) (77) (70) (23) (80) (43) (10) (19) (61) (90) (25) (6) (68) (74) (89) (92) (35) (55) (85) (17) (60) (52) (67) (63) (51) (46) (59) (81) 
94 (10) (39) (18) (54) (89) (25) (81) (16) (6) (7) (1) (79) (97) (92) (96) (26) (78) (55) (83) (69) (13) (80) (50) (73) (71) (17) (8) (64) (41) (70) (32) (99) (65) (58) (46) (68) (74) (75) (9) 
95 (1) (54) (86) (87) (6) (73) (52) (91) (37) (78) (29) (57) (56) (81) (75) (59) (95) (3) (39) (99) (58) (71) (42) (30) (38) (65) (79) (67) (48) (53) (74) (61) (13) (84) (5) (96) (92) (44) 
96 (31) (93) (63) (14) (50) (29) (9) (84) (22) (19) (57) (5) (48) (13) (4) (69) (35) (40) (83) (18) (71) (47) (33) (70) (88) (25) (44) (76) (46) (74) (53) (7) (79) (66) (75) (30) (49) (94) (82) (97) (28) (23) (26) (73) (77) 
97 (82) (7) (53) (30) (5) (23) (46) (18) (10) (87) (91) (95) (9) (61) (58) (13) (31) (59) (68) (37) (2) (57) (3) (75) (19) (50) (64) (41) (51) (11) (39) (96) (79) (66) (86) (8) (24) (1) (81) (69) (44) (92) (98) (62) 
98 (25) (5) (94) (29) (76) (46) (73) (6) (42) (70) (47) (62) (97) (39) (88) (4) (13) (55) (84) (26) (74) (18) (92) (37) (40) (32) (80) (93) (7) (8) (100) (16) (22) (2) (45) (21) (64) (35) (51) (41) (34) (30) 
99 (57) (69) (4) (46) (42) (2) (52) (92) (89) (40) (60) (95) (28) (16) (70) (86) (15) (85) (36) (26) (81) (41) (75) (33) (88) (11) (84) (72) (80) (39) (56) (9) (44) (59) (79) (77) 
100 (20) (12) (29) (79) (23) (40) (35) (49) (69) (14) (92) (90) (86) (26) (67) (77) (83) (24) (71) (45) (48) (78) (64) (59) (88) (32) (53) (42) (10) (98) (85) (16) (57) (76) (56) (11) (37) (70) (17) (89) (73) (31) 
