0
100
100
1 (25 26) (90 81 65) (73) (96 30 35) (6 61 40) (63 9 20 70) (62) (32 91 50 43 69 82) (14 7) (5 67 53) (72 87) (3) (18) (59) (37 38) (74 49 16 31 86 64 23 21) (12 76) (11 52) (79 94 36 51) (45) (77) (10 57) (83 1) (84) (54 29 56 4 41) (88 44 46 47 68) (60 27 55 8 95) 
2 (33 99 24) (91) (79 19 29 75) (35 39 46) (80 41) (100 72 45) (13 14 42) (67 98) (22 88) (47) (18) (69 59) (61 36 55 94 28 5) (2 23 34) (95) (43) (12 40) (76) (52) (51) (27 17 58 71 62 74 86 37 83 6) (66 63 93 84) (26 65 54 53 38) (64 70 90 20 56 50) 
3 (44) (29 33) (18 77 96 7 23 85 62 65 68) (83) (25 94 95) (2 97 12) (56) (64 27 43) (16 74) (59 28 86 5) (3) (72 61 15) (82 66 89 47 54 81 6 30 31 37 100 42 49) (51 17) (46) (99) (19 71) (88) (92 24) (79) (20) (41) (67 14) (57 8) (35) 
4 (43) (53) (61 92 44 63 5 20 1) (56 62 36 83) (37 17 16 30) (45 95 25) (15 90 97) (48) (26 31 28 89 64) (13 100 41 42 9) (68 38) (18 87 29) (94) (58 34 40 88 27 91 10 33 66 50 6) (49) (4 84 75) (78 39) (2 76 74) 
5 (99 61 84) (48 78) (30) (94 89 22) (53 29 56 64) (70 45) (47 72) (33) (55 3 80) (57 42 38) (20) (40 59 2 19 85 44 86) (16) (52 60 26 32) (46 13 1) (5 62 23) (82 98 88 35 63 18 65 27) (49 81) 
6 (95 16) (17 45 18) (98) (42) (48 99 79) (67 25 44 52) (12 82 19) (47 46) (91 34) (92 32) (57) (23 75 63) (2 90) (85) (33 24) (94 84 15) (10 72 69 20 7 21) (50 97 51 77 27) (13 87) (58) (60 78 1) (30 11 39 9 76) (53 61 14 6 93) (28 43) (86 65) (31) (89) (88 68 3) 
7 (95 19) (13) (57 76 63) (91 64) (31 47 92 36 90) (70) (37 93 79 87 30 20 53 54 16 67 28 26 100 60) (62 51 69) (12) (5) (58 48 7 42 86 18 82 27 68) (43 33) (1 83) (55 24 21) (9 6 11) (4) (75 74 61 3 8 10) 
8 (24 78) (40) (81 86) (4 20) (88 2 100) (83 91) (69) (96 9 66 48 64 7 11 26 97) (1) (55) (68) (85 94) (27 95 62) (14 10 21 70) (65) (47 72 30 67 39 76 3 51 50 98 58 63 82) (41 5) (44) (49) (36 8) (13 53) (56 59) (17) (29) 
9 (9 45) (60 24) (72) (84) (58) (86 41 90 1 15) (12) (34) (67 70) (94) (52) (97 35 32) (28) (69 31 7) (17 42 56 39) (38 71 85 78) (14 89) (76) (80) (74) (37 47) (25 36) (87 95 19 93 33 51 57) (3) (48 20 82 61 54) (18 98 63 88) (29 5 100 59) (6) (40) (53) 
10 (73 98) (91 29 43 63) (23 36 99) (25 16) (66 61 14) (44 56 32) (67) (27 22 100 64) (38 41 93 21 79) (24 96 82 18 40 5 70 86) (28 1) (88 4 7 57) (31 89 34 13) (59) (20 8 94 35 26) (9 15 52 30) (76) (74 45) 
11 (71 30 81) (14 64) (8) (75) (83) (84 63 54 97) (94 51 68 92 4) (78) (67 98) (40 32) (99 49 91) (48) (18 76) (31 53 50) (7 46 72 12 1 44 43) (33) (62 23) (36) (88 27 13 52) (28 90 80 9 38 87 17 85 89 58 86) (79 20) (16 66) 
12 (66) (72 50 34 79 29) (60 91) (38 71) (45 5) (31 78 11 84 74 61 97 8 89 12 59 95) (58) (1) (77 10 55 90) (42 28 98) (86 81 18 62 83) (75 87 24 30 88) (39) (67 73 63) (26) (69) (23 64) (36 19 43 96) (70) (16 27) 
13 (73 31) (81 91 40) (44 97 21 77) (27 3 98) (43) (83 25 49) (53) (22 89) (5) (94 55) (61) (86) (74 52) (28) (30 71) (68) (35) (39 13 33 90) (92 76 67) (41) (7 47 96 57) (82 60) (48 11) (79) (20) (18 72) (26 56) 
14 (45 82 34) (28 49 72 56) (51 52 76 91 23) (26) (5 99 73 35) (36 70) (18 85 93 75 4) (95) (3) (6 38 39) (46) (48) (25 77) (79 89 83 8) (58) (10 100) (74) (61 7 94 81) (50 60 43 29) (98 68) (44) (96 20) (69 71 63) (66) (33 55) (27) (97) (9) 
15 (70 39 32 51 57) (38) (79 12 43) (11) (63) (42) (15) (9 82) (14) (33 85 29 83) (62 94 45) (5 72 64) (100) (66 46 98 28 77) (69) (19) (1 48 30) (92 89 71 3 78) (10 21) (91 50 35 13) (76 96) 
16 (98 3 20 89) (23) (58 24) (12) (35) (57 38 34 71 86) (25) (36 80 97 49) (82 91) (67 95) (75 78) (44) (9 21 37 39 17 28 45) (19 42 29 61 96 56 16) (84) (43 100 72 74 52) (68 77 1) (62 14) (32 41) (55 79) (83) (87 63) 
17 (62) (80 58 22) (35 60) (39) (34 93 91 32) (3 87 73 1 57 18 64 56) (61 47 41) (84) (59 98) (96 76 67 69 12 19 38 33 14) (17 48) (82 25 23) (74) (42) (99 50) (21 97 78 71) (55 86) (90) (72 11 7 20) (89 28 81 95) (13) (46) (77) 
18 (86) (46) (38 7 40 10 30 76) (14) (17) (25 72 12 48 11) (45) (9 47) (58 85) (62 63) (20) (33 69) (32 53 80 21 59 99) (57 8) (43) (49 19) (34 84 91 90 50) (18 66) (39 78 41 73) (6 61 42 71 98 64) (28) (1 54 4) 
19 (54 78 75) (40 65) (91 3) (34) (72 95) (93 19) (84) (45) (10 83 69) (68 4 52 41) (47 58) (43) (88) (74) (53 9 64 90 8 20 14) (100) (7) (77 97 42 15 17 35) (94 92 23 60 16 12 62) (24) (81) (39 99) (22 86) (38) (37 32 18) (11 89 98) (44) 
20 (45) (67) (86) (15 96 60 51 18) (85) (30 4 92) (54 39) (43 49) (21) (71 68 44 10) (65 63 84 19) (20 90 28 2 8 59 36 5 33 77) (66 14 22 69 88) (3 52 95 74 12 75) (73 78 70) (11 83 76) (57 97) (58 34) (48 24 42 35 100) (16) (38 80 17 31) 
21 (93 32) (55) (4 64) (69) (23) (82) (95 78 10 7 24 60) (94 28) (40) (30 75) (18 42) (46 88 90) (63) (73 11) (85 6 86 36) (57 77) (70) (79 54) (56 65) (38) (67) (98) (66 91) (19 8) (89 12 99) (48) (17 76 34 59 20 35) 
22 (38 59) (75) (25) (19 9 97 4 61 36 86 2 52 8) (89 12 34) (15 85) (23) (82 32) (60 43) (29 77 44 18) (37 73) (11) (87) (58 76 54) (99 88 84) (79 80 7 49) (3 71 17 62 53 33 91) (56) (31 20) (51 83 22 98) 
23 (18 76) (43) (35) (39) (17 75 86 40) (9) (50) (59) (8) (83 38) (95 57) (58) (97 66) (98 41) (87) (61) (4 73) (92 19 5 100) (80) (15 14 26) (56 91) (99 52) (64 60 84) (74 68 12) (88 10 45 34) (11 13 36 32) (79 23) (90 33 67) (69 24 81 42) (44) 
24 (59) (77 67 95 63 52 91 48) (24) (19 41 92 7 55) (53) (96 54) (76) (9 98 25 75 93 90) (10 14 64 16) (17) (5 86) (94 66 32 13 62 27 6 31 22 37 42) (28) (80 15 69 68) (83 33) (49 89 79 51 47 50 78 30 8 29 23 12 60 20) (74 88) 
25 (4 10) (1 77 51) (58) (55 18) (26) (15) (92) (56) (61) (40 93 81 41) (44 84 31) (52 66 16 5) (6 25 74 98 17 2 48 71) (3) (90) (67 88 70) (79) (22 34 64 85) (75 11 39) (78 8) (96 54 24) (65 47 35 30) (89) (59 87) (9 21) (28 27 62 68 95) (69) (82 63) (32) 
26 (41) (86 42 58 43) (9 16 80) (50 10 60 81) (64 76 30 29) (27 94 24 89) (17) (35 75) (45 1) (63 95) (18 34 14 87 55) (22 39 92 97) (11 23 37 2) (36 66 56 40) (3 33 31) (100 99 19 8 53 5) (96) (73) (77) (25 38) (91 98) (54 85 74 71) (12 32 46 26) (72) (82) 
27 (61) (66 74) (22 75) (15) (94) (4 40 12 71) (90 45) (26 62) (93 72 63 86 5) (10) (36 30) (55 1) (95 50 78) (82 96) (100 56 33 19 58 13) (6) (88) (32 34) (7) (54 77 80 91) (89) (47) (14) (64) (41 17) (8 99 21) (98 43) (53) (20) (65 16 48 70 46) (68 59) (23 85) (37 92 38 31 69 3) (57) 
28 (92) (5 45) (44) (33) (54) (4) (86 51 47) (14 41 39 95 64) (35 6 68 79) (26 87 27 43 30 88 42) (58 70 94 38 16 73 67 69) (28) (10 84 13) (34 20 49) (65) (7) (89) (15) (3 99 50 85 60 93 97 59 75 37) (74 25) (56 12 2 71) 
29 (89) (33) (86 64 62) (25) (85) (24 67 94) (74 88 23 78) (42) (28 87 70 76 1 18) (30) (21 12 57) (20 92 48 65 91 90 16 71 14 7 41 55 13) (75) (40) (6 9 47 10) (27) (38 45) (58 95 59 43 17 97 66) (32 63) (99 5) (84) 
30 (66 32) (7 34 15) (86 87 38 45) (65 39 43 77) (59 6 20 67) (25 35) (97) (81) (82) (9) (58) (60) (75 94 56) (52) (92 21 91) (53 3 42 85) (83 63) (17 64 98) (10 33 28) (71) (23) (36 46 18 44 95) (29 62) (57 68) (12 99 13 74) (47) (37) (2 41) 
31 (47) (78 40 24) (31 33) (6) (87 56) (75 8 59 5 61 77) (100) (10 7 34) (20) (65 12 55 15) (84 25 21 66 38) (74) (83 29 52 16 2 44) (94) (81 67 90 91 37 41 63 13 68 93) (32) (88) (95) (69) (39) (76) (71) (45 3 99 36 73) (72) (82) (1) (89) (9) (48) 
32 (43 46 89 45 71) (17 55) (63) (37 66 8) (32 69 47 31 72) (88) (5 99 23) (13 27) (30) (86) (26 15) (91 81 29 60 94 40 10 58) (78) (20 80 48 64) (54 59) (19) (1 6 90 9 12 76) (18 100) (79 75 35 33) (51 67 16 36 85 25 77) (62) (28) 
33 (11) (46 85) (65 21 45 74 3 92) (99) (51) (59 33) (6) (26 52 100 40) (83 62 96 80) (48 42) (13 31) (17 7 57 36 87 5 35 16 47 98 43 90 19) (32 61 63) (81) (20) (75 78 93) (9 18 58 30 71) (49 37) (2 34 29) (38) 
34 (56 79 35) (42) (69 98 8 94) (34 74) (59 41 65 99) (70 68) (53 10) (63 47 11 19) (13) (4 97 96 26 57 40) (82) (21 58 71) (72) (52 7) (43 44) (95 83) (28 51 29) (78 37 75) (38 61) (18) (23 36 55 49 64) (14 86 62) (67 17 100) (15) (91) (31 24) (33 54) (77) 
35 (80) (40 83 86 50) (23 57) (31) (96) (7) (49 13) (32 42) (36) (75 94) (1) (43 68 63 62) (97 74) (66) (76 15 38 21 58 48) (95 90) (44) (84 67 10 14) (8) (54 33 39 89) (92) (52 28) (73 70 53 17) (35 2) (79 11) (59 71 3 78) (88) 
36 (1 30 66 2) (67) (86) (53 10 88) (89) (47) (13 19 65 9 55 14) (63 45) (37 62) (100 87 60) (51) (46) (7 95 77 21) (34) (92 58) (24) (93) (23) (16 59) (48 50 25) (28) (12) (15) (11) (3) (40 74 6 49) (90 4 32) (91) (70) (83) 
37 (27 1 28) (14) (9 86 41 82 48 75 6 22 47 16 39) (66 92 83 63 42 93) (78) (52 15) (67 62 23 64 95 71 49) (58) (29 5 91) (69) (45 76) (3) (97) (43 10 94 36) (20 70 100 54 8 55 30) (38) (11) (13 44 12) (84 24) (81 17) (7 73 51) (40) (88) 
38 (33 8) (29) (38) (19) (78) (70 30) (10 59) (2 49 66 67 47) (27) (28 95 91) (40) (55) (76) (15 97 86) (81) (9 24 83 16) (1) (12 37) (54) (53) (65) (35 87) (62 68 94 34 100) (88 99) (96 44 85) (72 36) (41 69 80) (7) (64 90 3 63) (5 61 22 82) (43) (51) (21 57) 
39 (65) (10 35) (26 17) (42) (20) (51) (87) (74 38) (60) (13 72) (89 14 44) (7 100) (9 37 98 90) (46) (92) (85 79 63) (57 1) (86 18 71 27) (30 43 77 54) (3 84) (39 23 31) (29) (52 8 5 96) (2) (94 81 41) (11 40 93) 
40 (30 24 52 22 74 99 38 69) (20 77 42) (49 31) (66) (89) (87 41 65 39) (88) (86) (26) (93) (3 70) (44) (94 75 48 27 9 84 57 43 78 36 72 79) (17 18) (21) (73 40 92 62 54 95) (35) (63 4 85 46 12 33) (5 61 91 82) (58) (90) 
41 (65) (62 94 81 57 29 92) (39 68 16 40 56 97) (23) (66 4 85 50 22) (63) (31 64 25) (74 83 32 60) (48 91) (35) (93 3) (13 96 69) (10 61) (36 12 89) (42) (27 26) (38) (41 75 51) (6 28 70) (24) (49) (47) (37 21 95) (59) 
42 (26 67) (20 35) (34 18 66 33 71 41 11 46) (90) (92 68) (24) (16 61 6 29 63 7) (55 53 76 1) (21 36 93) (74 30) (59 65) (12) (51 100 52) (8 89 77) (15 25 96 22) (62 60 42 64 4) (79) (39) (87 97) (75 88 45) (70 19 28 40 3 2 17 31) (49) (37) 
43 (92) (55) (28) (70 58 35 71 24 4) (26 59 88) (85) (82) (61 45 64 78) (21 60) (15 27 69 100) (34 95 41) (8 63 20) (33 47 77) (97 14 17 81) (94) (2) (75 18 76) (7 66) (53 72 62) (5) (9) (30 25 42) (91 89 96 10 22) (49 13 32 83 6 48) 
44 (48 46 39) (34) (20 51 62) (76) (83 81 60 33) (24 82 84 37 35 5 31 21 32) (90) (38 7 42 13 92) (93) (45) (80) (100 79 43) (49 86 6 10 66) (40) (44) (22) (57 29) (36) (55) (91) (11 1 72 28 47) (95 88 65 30 58 14) (25 19) (87 89 3 96) (15) 
45 (29) (21 87 100 58) (72 40 96) (19 38 39 41) (23 98) (22) (88 43 68) (44) (28) (59 52 13 69) (50 37 66 9 61 60 26) (97 81 45 2 84 8 99 10) (55) (82) (42 71 57 24 34) (56 15 67) (63) (25) (30 62 65) (3) (74) (48 36) (78 91) 
46 (83) (16 93 40) (26 84 72 98 23) (78) (60 65 54 91) (36 43) (87) (70 48 11) (86) (20 76 97 29 37 69 15) (25 10) (12 79) (58 6) (80) (63 39) (30 94 71 85 13) (44) (90) (17 24) (7) (68 59) (88) (49 27 92 95) 
47 (91 14 40 52 62 51) (69 68 7 67) (56 45) (25 66 2 30 23 79) (37) (16 53 71 82 43 6) (100) (35 98) (99 18 81 46) (31) (26 75 63) (90 19 36 85 95) (38 70) (84 55 49 88) (41) (32 80 5) (11 89 57 86 9 21) (65) 
48 (54) (86) (98 43) (85) (49 68 57) (97 33 25 16) (55 75) (27 95 78 5) (79 3 34 29 67 82 62) (63) (20 35) (17) (60 89) (91 84) (28 66 88) (77) (8 92 11) (99 52 58 72 94 64 15) (37 14 4) (36 51) (73 70 96) (12 42 90 71) (32) (31) 
49 (3) (6) (25) (52 24 49 54 35) (86 22) (12 89 33 47 72) (82 32 80 65 34 41) (21 73 67 10 31 36) (1 76 23) (78 8 98) (66 63) (87 100) (92 79 28 50 4 62) (58 68) (53 59 37 88 84 45) (83 51 55) (95 60 19 85) (18 5 30 97 17) 
50 (64 75 52) (38) (68) (58 21) (81 86 51) (77 73 49 28 100) (12) (20) (74 71 26 47 69 92 48) (11) (5) (31 45 59) (57 4 22) (96 85 62 56) (2) (93 61 76) (99 89 3) (7 66 42 33 15) (72) (80) (50) (13) (83) (79) (84 40 10 25) (9) (43 95 27) 
51 (1 60 22 50 54 76 29 44 41) (56 2) (13 92 37 15 36) (19 85) (27 93 32 45) (81) (63 12 24) (66 16) (65 11 98) (71 69) (6 48 87 31) (83) (59) (89) (82 94 90 75) (51 8) (17 64) (43 77) (74) (99 61) (35) (49 38 80 5 42 47) (79) 
52 (18 20) (13) (8) (46) (2 41 90) (50) (5 93 21) (71) (100) (83) (28 33 53) (75 98) (65) (40 37 19 3) (94 62) (82 79) (55 27) (14) (51 68 86 1 35 58) (36 91 56 34) 
53 (17 15) (98) (51) (34 28 67) (39 82 16) (8) (26 81) (24 68) (55) (20) (56 31 63) (92 66) (57) (41) (11 89 93) (59 97 50) (32 85 40 75 77 61 21) (4 94 72) (49) (73) (10) (38 86) (37 9 27 18 12) (71) (96 76 33) (46 5 2) (47) 
54 (51 43 63) (10 24 18) (79) (86 34 36 21 31) (70 22 52 8 33 83) (82) (47 7) (64 40) (58) (54) (94) (2 75 97 76 66) (78 55) (14) (69) (17 35 9) (87 32) (26 3) (48) (85) (67 59 49 20) (88) (28 93) (98) (1) (53) (27) (56 60 29 71 25) (90 12) (99 44) 
55 (34 63) (16 7) (40) (80) (56) (23 71 19) (27) (84 69) (6 36) (68 46 8 17 33 24) (1 95 5 90) (47) (73) (91 43 12) (29 2 96) (25 64) (21 32) (78 30 82) (79) (85 18) (76 14) (74) (61 77 75) (45 58) (67 28 48 99 51 52 20 50) 
56 (71 1) (41 7) (34) (25) (57 74 29) (53 59 80 3) (40) (99 52 75) (44) (6) (10 46 43) (90) (55 21) (63) (56 22 54 15 47 60) (4) (42) (81) (61 65 33 83 13) (97) (78 50 95) (77) (30 48 38) (26 91 31) (20) (39) (88 5 92 12) (96 67 85 16) (9) (49) 
57 (79 9 50) (36) (61) (76) (24 95 81 43) (14) (12) (23 8 72 40 86) (3 44 19 6 7 48) (93 45 31) (98) (100) (46) (84 99 65) (66 60) (28) (1 52) (51) (89) (13) (94 15 22 56) (41) (62 16 87 38 75 74 37 17 58) (34 82) (85 26 18) (42 55) (64) 
58 (15) (63) (46) (36) (38 93 100 21 41) (28 87 27 64 65 89) (52 88 61 58 19 9 6) (51 54 25 99 67 34) (13 70 69 79) (66 32) (78 49) (20) (26 97) (8) (17) (71 7 90 83 75 96 16 47 35) (39 68) (56 98) 
59 (62 90) (85) (81 50 41 21) (54) (53 23 48 89 87) (77 15 66 61) (75) (46 18) (82) (5 69) (7 60) (8 65 28 38 96) (35) (71 20 47 52) (86) (36 31 32 44 94) (26 29 98) (56 64 55 17 73 78 22 39 67) (3 43 16) (80) (99) 
60 (32 29 87 4 39 50 69) (21 63) (65 58 7) (33 38 92 80 14) (41 53 93) (99 86) (15) (3 19 97 8 68) (1) (67 59) (76 12) (64 25 57) (17 35 79) (10 13 44 88 24) (85 98 66 82 18 49) (42 45 90) (31) (55 61 75 43 20) (51 11 9 30 56) 
61 (29 82) (50) (92) (17) (85) (16 95) (66) (96 84) (72 80) (42 56) (28) (39) (21 12 31) (20 63 19) (3 76 73) (78 93) (74 86 4 99) (18 32 40) (41 47 71) (26) (83 61) (30 33 15 59 48) (88 24 46) (81 2 100 22 58) (97 98 23 65) (70) 
62 (72) (56 38) (74 83 28) (95 69) (5 50 79 24 44 22 30 76 45 90 100 89 59) (8 75) (43) (3 6 48 80) (35) (33 16 64 78 19 86 54) (32 13 68) (94 66 18) (77) (88 39) (87) (15 62) (12 36 34 14 58 17 26 91 11 71) 
63 (97 54 58) (51 61 27 38 67) (99 44) (53) (47 73) (19 59) (35) (95) (75) (82) (3 46) (32 50) (96 92 66) (7 21) (78) (91 25) (10) (15) (49 40 52) (34) (22) (94 77 69 13) (76 14 45 20 87) (65 12 90 86) (6) (84) (74 93 62) (17) 
64 (28) (73 36 27) (70 52 37) (21) (16 90 12) (81 53) (76 18 48) (14 95 85 99) (11) (96 55 2) (13) (100 80) (67 74 10) (38 72 7) (65 66 79 4 88) (50) (20 69) (58 9 87 41 71) (49 59) (5 56 98) (45) (91 17) (82) (46 24) (33 1 60) (40 64 54) (6 77) (89) (83 3 22 93) 
65 (97) (37 15 24) (94) (27) (72 26) (65) (21) (89 32) (4) (29 63) (10 46) (91 17 75 85 71) (59 81 98 95 67 22 34) (53) (87) (5 86) (62 30) (3 9 99) (100) (61) (47) (54 77) (69 39) (82 14) (2) (43 78 28 6) 
66 (55) (78) (23) (74) (100 30 14) (3 69) (17) (19) (10 49) (73 33) (44) (4 5 57 65) (45 20 48 6 34 27) (51 89 70 25) (26) (38 21) (54 47) (83 40 12 72 92 11 81) (52) (71) (8) (42 68) (86) (29 82 36) (61 85) (64) 
67 (11 70) (61 4 99 44 28 49 10 9) (34 20 21 51) (17 56) (67) (80 87 93 50 16 25) (37 22 2 52 62 43 13) (94 15) (60) (24) (19) (72 33 46 42 63 54) (82) (29) (86) (36) (90 6 73) (18) (3 32) (14 68 91) 
68 (99 86) (47 38) (94) (69) (29 95 6 18 88) (52 74 24 10) (76) (65) (54) (33) (84 8) (79 72 58) (48 82) (73 100 27) (90 34) (20 91) (55) (64 12 75) (50 5 77) (63) (59) (28 89 92 49 30) (7 1 13) (83) 
69 (96 30 35) (15 36) (28 88) (82 43 31 80 54 55 81) (12 74 59 37) (25 56 10 49 93) (86 75 95 21 94 89 14) (27 5 85) (60) (53 38) (50 84 19) (83 23 11 61) (45 70) (47 76) (32) (72 6) (79 71 48) (40) (1) (9) (63 26) (2) (87) 
70 (97 43) (31 70) (11) (68 15) (48 41) (95 67) (60 49) (18) (66) (62 85 33 94 65) (27) (69 73) (55 90 77 37) (16 20 26) (64) (14 92) (86 89) (74 45 84 29 72) (47) (5 75) (40) (99) (22 35 88 100 6 1 87) (21) (78 9) (56) (96) (93 38 76 54 7) (58) 
71 (33) (28 39 70 21) (26 15 44 91 32) (50 69 19 42 66 40 64) (6) (29 58) (73 87 100 78 4 54 52) (23) (18 56) (20) (57) (25 88 12) (90 35 24 68 71) (22) (7 93 11 96 51 76) (75) (65) (14) (3 81) (97 27) (16 62) (8 55) (48 82) (94 83 34 10) 
72 (1 26) (6) (81 95) (84) (54) (5) (90) (3) (97) (55 24 9) (50 57) (67 93) (8) (18 91 38 45 7) (44 96 64 89) (94 79 16) (52 76) (72) (43) (12 66) (71 2) (77 63) (99 100 53 49) (33 23 61 86) (21) (19) (65) (25) (83) (73 59 32 29 87 37) 
73 (75) (32 16 25) (67) (70 98 55) (37) (65) (69 1 42) (82 26 76) (40 79) (78 64 66 3 48 62 95) (57) (6 73 83 38) (71) (86) (81 43 77 54) (34) (50 12) (61 24 72 59 49 19 85) (93 89 8 84 17 4 92 28) (2 27) (56 35) (53 87) 
74 (58 13 53 42 54 34 75 86 99 71 16 88 96 26) (90) (30 74) (24 8) (7 6 33 82) (70 89 36 52) (44 1) (15 45 4) (20 87) (94) (43 25 64 46) (9 93 76 28 69) (12 100 21 56 59 85 11) (3) (68) (78) (77) (41 97 91) 
75 (64 11) (56 78 60 52) (67 39 92 84 42 15 3 89) (70 12 36 68) (65 71 82 10) (80) (99) (58 57 24 73 28 31) (69) (34 85 18) (97 98 21) (19 32 4) (22) (7) (86 59) (66 49 100 6) (43) (74 26) (44) (88 90 55 63) 
76 (16 58 48 54) (4 38) (12 43) (91 61) (95 49 80 3 72 99 92 93) (30 47) (35) (44) (15) (33 39 87 26 41 7 50 22 10 20 52) (96 29 8 100 37 27) (70 17) (74) (81) (32) (9 76 40 97 59 28) (67) (51 60) (46 11 13 75 45 25 36) (78) (69) (94) (34) (79 88 71) 
77 (79) (73 40) (87 31) (54 62) (64) (47 28 66) (29 90 45 5) (26 53 94) (48) (75 67 7) (72) (36 81 70) (21 39 15 74) (71 22) (76 99 6) (2 91 77 17 12) (13 88) (19 37 49) (32 57 84 60) (85 97) (34) (63 65 33 61) (43) 
78 (41 52 73 84) (79 59) (31 13 1) (87) (86 35 67) (12) (78 42) (9 2) (92 46 69 77) (19 8 88 51 18) (11 54 76 53 14 57 6 98 62 90 34 99 21 50) (15 81 4 83 70 58 29 25 71 89) 
79 (24 82 30) (36 40 81) (9 72) (50) (48 55 62 47) (59) (19 100 60) (95) (66 74 84) (16) (91 70 61) (2 41 12) (43) (46) (78 20) (56) (83 44 73) (23 89 76 14 18 51) (5) (17 88) (52 67 90 92) (71 29) (49 45) (86 7) (39) (93) (33 57) 
80 (35) (100) (20) (5 24 81 51) (89) (69) (30) (22 87 37) (86 8 90) (92) (59) (18) (85 49) (13) (97) (64) (80) (40 47 56) (96 72) (71) (62 55 6) (15 42 25) (45 79 41 75 54 12 74 14 53 99) (70) (9 31) (44) (21 4 26) (2) (23) (82) (34) (76) (3) (73 11) (93) 
81 (46 4 47 76 3 61 43 81 8) (40) (37) (24 20 48) (1) (22 51 11) (56 39) (6 32) (16 95 77 62) (45) (69 55) (63 9 83 50) (26) (35 5) (42) (79 18) (54) (82 12 52 73) (30 59 87 21 28 19) (92 99 88 71 15 84 7 38) (68) (89) 
82 (52) (99 44) (76 21) (43) (92) (17) (97) (12 10) (2) (18) (31 20) (57) (32) (69 25) (59 49 65 6) (72 9) (4 74 51 39 36) (34) (41) (87 24) (28) (35 14) (95) (38 1 16) (84) (19 96 98 90 73) (30 71 77) (27) (45 13 94 33 11 70) (46 29 62) 
83 (15) (9 57 68 64 39 82) (18) (33) (80 74) (87) (35 79) (99 3 65 28 69 10 42) (76) (90) (2 24 63 94 55) (60 37 83) (12) (50 44 95 91 100 36) (14 56 31 75 23 51) (29 52) (89 93 38) (45 4 27) (13 73) (96) (30 16) (84 48) (1) (47) (70) 
84 (69) (34) (100) (60) (5 23 32) (37) (78 95 99 40) (44 15 14) (24 58) (87 76 91 97 67 39 98) (18) (35 93 64) (1) (75 46 62 29 53 17 63 10) (70 19 90) (49) (56 96) (36 74) (81) (79 92) (80 38 20) (7) (45 94) (25 50 82 6 48) (2) (26 55) 
85 (42) (39 73 94 7) (93) (78) (98) (20 15 41) (36 50 55 68) (25 69) (21) (77 3 16 10) (49 80) (63 51 59 14 32) (62) (24 89 9 11) (65 44 18 27) (66) (28 4) (88) (75) (8 33 46 54 81) (92 53 57) (96) (2 38 99 74 56 40) (87) 
86 (2) (62) (42) (97 49) (93 34) (89 12 1) (24) (48 76) (31 58) (35) (86 19 23) (8 80 73 26) (68) (28) (52 77) (6 56) (61 94 64 79 54 91 75 5) (71) (83) (53) (99) (67) (33 74) (20 15 96) (55) (18 63 50) (66 84 85) (51) (46 59) (45 32 92) 
87 (60 33) (82) (27 77) (93 81) (41) (98) (91 28) (90 35 5) (6 63) (20 96) (30) (18 80 68 43) (2) (67) (78) (59) (97 40 49 88 75 45) (89) (55) (13 22 61 12) (17) (99) (24) (86 94 72) (70 10) (62 19 26 66) (64 25) 
88 (19) (70 36) (55 51 68 93 81) (48 52 29) (37 77 15 73 27) (17) (98 69 18 35 24 58) (96 91 54) (75 22 89) (21) (34) (92 28 43) (90 39) (10 7 79 25 9) (13) (71 30 2 1 87 20 33) (53) (3) (40 6) (78) (84) 
89 (37) (67) (43) (27 18) (62 29 70 36 10 76) (52 93) (33 55) (89 86 63) (16) (47 84) (7 95) (53 6 25 56 8 42 90) (11 91 79) (14 31 60 9) (68 30 74) (99 77) (58) (40 17 94 22 35 44) (50 57 65) (34 59) 
90 (66 53 98 24 48 71) (82) (78 50 76) (83) (22) (1 70 93 58 40 99 38 67 54) (80 57 100 13 32 29 84) (51) (91 46) (47 33 4 69) (20 72 2) (17 18 45) (21) (49) (65 15 3 95 68 28) (59) (43) (8 60) (30 86 88 96) (87 81 42) (92) (73 85) (75) (61) 
91 (100) (42 96 89) (57) (79 54) (76 82 28 17) (83) (11 16 55) (47 72) (87 67) (9 2) (51 23) (44) (8 66 70) (18) (53) (40 81) (24 6) (29 5) (21) (59) (71) (22) (34 27 98) (26 56 39 60) (3) (33 58) (38) (30) (41) (77) (62 92) 
92 (62) (15 33 50 16) (95 6 93 52 97) (17 49 59) (12 88) (35) (56) (23) (30) (58 7) (68 38) (37 81) (66) (44 21 51) (29) (64 1 60) (76 96 10) (98 75) (9) (14 13) (25 3) (100 40 86) (83 72 84) (90 63) (20) (99) (71 61 42 27 65 87 46) (31 55) (36) 
93 (7) (21 12) (22 19) (2 45 46 41 29 58 10) (5 95) (25 66 54 11 26) (64 35 88) (67 55 72) (57 48 44 6 79 27 43 16) (92) (73) (17 39 85) (30) (86 56 71 94 23) (31) (69 40) (61 36) (70 91 24) (98 77 93) (78) (47) (81 20 82 84) (38) 
94 (20 44) (65 95) (22) (28 50) (34) (89) (38 27) (52) (26 8) (63) (70) (42 6) (32) (46 92 62) (55) (54 99 83 88) (21 79 17 14) (73 36 3 2 71 97 4) (93 12) (76) (45) (78 7 43 77) (53 15) (24) (30 58 96) (68 61 85 80) (13 66) 
95 (16 80) (84) (48 39 9 60 12 18) (6 97) (81 15 19 75 100) (70 3 8 52) (73) (24) (69) (82 56) (99) (44 57 74 37) (68 28 21) (11 29 38 47 53) (65 98 94) (34 2 64 26 55 49 71) (33 13) (46 95) (61 96 41 63) (23 30 87) (25) (31 77 20) 
96 (31 59 73) (45 15 89) (98 8 58 85 74) (10 34 79 64 90 61 1 13 87 7) (75 67 21) (57 66 25 29 40 51 6 71 11 53 35 96) (83 20 93 41 54 3 28) (68 70 37) (86) (62) (44 22 94) (12 42) (14 47 16) (91) (72 63) 
97 (91 58 34 1) (92) (32) (2 77 87 68 53 5) (47) (36) (71 56 31 42) (46) (12 30 27 66) (78) (35) (21) (60) (82) (57) (40) (80 4 38 94 61) (48) (39) (76 72 50 62) (75 16 51) (97 45 3 28 52 33 64) (79) (26 95 24) (9 69) (44 70) (11) 
98 (93 30 79 59) (46) (66) (28 91 12 82) (62 67) (100 90 71 7) (45) (38 42 24) (81 13 61) (74) (64) (92 80 77 18) (41 49 57 97 78 84) (56) (88) (63 20) (22) (25 3 89 37 54 94 60) (33) (65 14 96 55 26 85) (27 95 72 58 39 35) (11 36 34 32 15 47 75 70) (16) (9) 
99 (6 43) (79 63 87 83 47 30) (24 18 26 74 31 34 93 70 97) (27 57 89 10) (48) (92 1 2) (75) (96) (59 85) (78 100 17 45 84 12) (64 8 65 25 88) (58 55) (39) (62 80 42 16) (37 7 81) (54 69 14) (29 5) (38) (23) (68 3 49 20) (51 91 99 22 41) 
100 (51 37) (80) (49) (55 40) (39) (24) (23) (60 5 94 93 100) (64) (76 77) (61 6 78) (67 62 54 92 82) (26 38 21) (45) (48 3) (35) (84) (59) (42) (14) (28 86 75) (85) (97) (46 88 8) (16 87) (34) (99) (43 66) (11 7) (19 41 96 36) (74 56) (90 53 89) (52) 
1 (31) (42) (84) (17) (15) (12) (54) (92) (4) (70) (32) (52) (9) (49) (96) (86) (38) (44) (35) (90) (10) (27) (11) (74) (37) (81) (82) (1) (29) (68) (7) (57) (55 78 73) (83) (5) (64) (6 56 8 18 39 99) (88 36 69) (51) (72 97 26) (60 16) (25) 
2 (52) (47) (67) (64) (83) (93) (87) (72) (33) (8) (36) (55) (53) (28) (43) (84) (69) (22) (26) (80) (50) (90) (54) (39) (25) (97) (79) (78) (35) (73) (99) (77) (51) (94) (20) (2) (61) (3) (65) (6) (42) (88 95) (86 82 38) (31 5 45 30) (4 91) (85) 
3 (39) (64) (76) (25) (16) (17) (74) (96) (1) (62) (72) (67) (61) (80) (31) (38) (48) (95) (6) (52) (73) (7) (27) (30) (99) (92) (22) (90) (63) (28) (100) (36) (20) (97) (14) (42) (54) (15) (3) (35) (41) (5) (66) (71) (13) (19) (59 83 8) (65 85 45 94 56) (33 44 75) (88) (49) (81 9) (98 50 40 60 26) (91) (37 57) 
4 (73) (1) (67) (66) (71) (94) (83) (10) (36) (97) (49) (82) (27) (42) (40) (60) (78) (81) (34) (90) (7) (11) (56) (4) (85) (8) (43) (23) (80) (41) (53) (61) (64) (28) (50) (14) (21) (65) (48) (22) (18) (19) (76) (74) (20) (75) (25) 
5 (44) (93) (52) (47) (55) (12) (28) (37) (50) (91) (66) (39) (84) (29) (4) (69) (48) (87) (25) (97) (32) (100) (72) (53) (2) (15) (81) (62) (49) (99) (79) (23) (10) (7) (9) (13) (56) (43) (68) (80) (1) (3) (14) (38) (27) (8) (70) (77) (31) (51) (26) (64) (20) (33) (24 65 40) (5) (86 59) 
6 (63) (56) (47) (86) (75) (88) (28) (49) (46) (14) (32) (44) (42) (67) (77) (27) (66) (92) (24) (2) (18) (70) (80) (6) (96) (81) (82) (25) (43) (73) (94) (31) (7) (29) (71) (91) (95) (30) (33) (89) (41) (72) (62) (65) (3) (93) (87) (21) (100) (36) (57) (84) (74) (68) (9) (78) (99 55 69) (64) (1) (51 4) (37 58) 
7 (6) (84) (60) (29) (1) (42) (11) (85) (36) (77) (55) (38) (81) (35) (99) (14) (9) (94) (46) (31) (68) (96) (57) (30) (70) (98) (75) (79) (88) (71) (58) (92) (74) (24) (44) (10) (21) (3) (28) (50) (34) (64) (59) (27) (33) (47) (8) (13) (17) (43) (18) (63) (19) (100) (89) (37) (22) (56) (7) (54) (39 76 93 72) 
8 (26) (100) (51) (52) (55) (12) (91) (96) (45) (34) (94) (32) (23) (66) (25) (27) (42) (90) (85) (22) (81) (37) (18) (73) (11) (35) (31) (43) (68) (3) (38) (71) (19) (53) (7) (49) (86) (48) (60) (24) (8) (72) (74) (54) (95) (59) (76) (80) (20) (89) (78) (57) (39) (21) (62) (58) (99) (14) (10) (1) 
9 (22) (45) (92) (30) (56) (8) (33) (83) (26) (1) (76) (47) (80) (38) (29) (40) (6) (69) (25) (7) (98) (60) (24) (31) (81) (72) (39) (85) (18) (67) (4) (15) (43) (79) (10) (58) (57) (50) (19) (70) (97) (74) (36) (53) (9) (89) (54) (32) (91) (64) (37) (82) (65) (23) (16) (11) (88) (14) (95) (78) 
10 (14) (4) (15) (26) (75) (65) (23) (12) (36) (82) (39) (68) (27) (96) (45) (66) (60) (34) (24) (31) (67) (49) (56) (71) (46) (38) (43) (50) (76) (32) (54) (37) (7) (87) (6) (85) (93) (92) (29) (44) (64) (21) (84) (89) (18) (20) (69) (41) (8) (30) (83) (19) (35) (99) (1) (53) (28) (88) (25) (63) 
11 (60) (91) (98) (95) (89) (76) (100) (15) (70) (75) (33) (6) (78) (25) (20) (53) (36) (19) (96) (93) (8) (22) (21) (26) (85) (69) (51) (35) (7) (66) (39) (71) (12) (13) (23) (62) (17) (48) (18) (44) (46) (1) (47) (74) (64) (97) (50) (81) (82) (37) (34) (67) (42) (80) 
12 (97) (92) (87) (79) (96) (40) (61) (42) (11) (46) (73) (22) (41) (1) (18) (20) (99) (17) (75) (16) (60) (72) (80) (31) (37) (2) (9) (86) (51) (56) (27) (50) (29) (3) (82) (62) (36) (32) (83) (23) (63) (93) (53) (7) (76) (38) (81) (66) (68) (28) (15) (30) (98) (95) (74) (78) (6) (77) (12) (69) (55) (94) (48) (21 71 24 64) (54) (49 26 57) (19) 
13 (88) (35) (11) (76) (30) (46) (51) (87) (74) (37) (63) (5) (39) (27) (17) (36) (23) (96) (80) (68) (31) (58) (56) (45) (34) (98) (7) (52) (78) (50) (62) (94) (15) (67) (83) (82) (60) (43) (95) (57) (32) (28) (44) (2) (13) (6) (41) (77) (8) (64) (24) (33) (90) (29) (4) (10) (92) 
14 (9) (43) (57) (6) (99) (54) (66) (79) (67) (19) (15) (1) (35) (11) (96) (94) (55) (2) (65) (26) (29) (36) (78) (10) (8) (60) (37) (28) (92) (39) (24) (98) (69) (83) (70) (52) (23) (89) (34) (48) (17) (64) (82) (3) (62) (20) (47) (100) (18) (16) (84) (80) (27) (71) (44) (85) (63) 
15 (86) (30) (25) (48) (43) (74) (53) (28) (38) (85) (50) (44) (65) (92) (78) (32) (3) (42) (59) (90) (56) (75) (24) (57) (81) (60) (45) (95) (98) (76) (61) (58) (23) (10) (15) (51) (46) (69) (71) (35) (88) (4) (70) (20) (34) (22) (19) (83) (9) (96) (94) (27) (63) (6) (31) (67) (37) (36) (62) (84) (77) (80) 
16 (5) (46) (25) (97) (47) (71) (20) (93) (61) (4) (24) (96) (95) (31) (16) (59) (92) (26) (74) (10) (42) (76) (73) (70) (99) (37) (28) (58) (12) (64) (79) (91) (6) (62) (55) (85) (57) (29) (98) (72) (48) (7) (81) (11) (3) (51) (33) (89) (19) (1) (53) (83) (67) (32) (36) (56) (38) (100) (82) (27) (41) 
17 (27) (26) (94) (66) (21) (19) (16) (22) (51) (33) (58) (2) (39) (76) (79) (42) (3) (54) (20) (93) (23) (73) (17) (30) (57) (43) (11) (49) (6) (88) (46) (64) (82) (63) (90) (29) (77) (24) (65) (8) (59) (35) (32) (60) (99) (40) (48) (61) (55) (84) (37) (4) (34) (92) (25) (67) (87) (89) (9) (18) (91) (62) (53) 
18 (88) (34) (61) (83) (85) (30) (21) (32) (91) (90) (39) (23) (78) (95) (75) (18) (17) (25) (71) (3) (6) (40) (12) (72) (4) (54) (42) (59) (79) (57) (14) (10) (62) (68) (2) (49) (89) (81) (5) (87) (9) (29) (43) (33) (11) (99) (70) (52) (13) (20) (22) (47) (1) (19) (60) (84) (86) (82) (98) (26) (7) (55) (67) (64) (80) (53) 
19 (77) (9) (33) (36) (23) (84) (52) (73) (6) (69) (16) (60) (66) (32) (7) (88) (26) (67) (51) (27) (81) (61) (71) (62) (3) (45) (24) (100) (49) (87) (15) (12) (34) (72) (2) (19) (93) (78) (95) (86) (75) (63) (55) (44) (5) (58) (79) (82) (17) (38) (20) (42) (22) (18) (21) (47) (57) 
20 (58) (19) (3) (98) (54) (63) (53) (50) (42) (11) (31) (16) (1) (27) (44) (82) (7) (8) (39) (6) (29) (92) (30) (70) (40) (71) (9) (60) (66) (14) (99) (64) (17) (81) (95) (5) (33) (55) (4) (2) (56) (67) (94) (96) (80) (59) (13) (32) (21) (37) (43) (90) (86) (74) (48) (46) (84) (79) (24) (22) (18) (28) (88) (10) (61) (85) (52) (76 87 68 93 20) 
21 (35) (72) (34) (100) (1) (6) (50) (77) (30) (93) (91) (71) (41) (82) (31) (15) (20) (90) (52) (74) (97) (17) (16) (25) (78) (94) (63) (59) (42) (45) (40) (85) (88) (61) (18) (58) (27) (44) (80) (38) (54) (7) (56) (36) (43) (55) (66) (53) (67) (75) (47) (49) (65) (70) (13) (64) (33) (81) (96) (60) (69) (8) (95) (29) (10) (92) 
22 (80) (54) (10) (5) (76) (94) (43) (88) (50) (25) (41) (17) (56) (27) (22) (98) (45) (64) (93) (59) (57) (81) (24) (44) (99) (91) (96) (2) (62) (37) (38) (77) (42) (49) (13) (26) (89) (40) (90) (63) (67) (71) (65) (70) (20) (61) (19) (75) (51) (87) 
23 (86) (21) (1) (36) (83) (95) (2) (37) (91) (32) (100) (3) (27) (93) (45) (19) (10) (46) (34) (49) (23) (61) (80) (41) (5) (57) (84) (29) (66) (99) (17) (14) (12) (71) (30) (79) (55) (35) (6) (69) (22) (59) (72) (47) (26) (16) (92) (39) (24) (11) 
24 (8) (2) (26) (37) (6) (68) (45) (36) (12) (19) (20) (80) (60) (90) (44) (21) (93) (86) (49) (87) (61) (7) (75) (23) (67) (84) (88) (91) (97) (98) (79) (65) (74) (62) (64) (42) (83) (81) (40) (10) (34) (82) (3) (94) (55) (51) (31) (95) (41) (57) (99) (53) (43) (46) (25) (100) (24) (85) (72) (73) (29) (38) (71) (54) (9) (16) 
25 (41) (18) (74) (92) (76) (72) (26) (44) (22) (50) (95) (49) (32) (63) (69) (54) (36) (9) (25) (89) (24) (14) (45) (67) (98) (84) (47) (42) (66) (43) (71) (82) (29) (93) (58) (78) (73) (88) (16) (30) (85) (13) (4) (3) (80) (48) (28) (87) (60) (99) (17) (31) (55) (96) (56) (6) (10) (46) (1) 
26 (69) (13) (71) (2) (39) (42) (43) (32) (58) (25) (75) (95) (27) (87) (45) (70) (1) (66) (7) (57) (34) (84) (74) (77) (54) (99) (93) (61) (94) (72) (41) (10) (8) (98) (81) (12) (73) (53) (50) (65) (47) (80) (4) (59) (86) (14) (28) (5) (40) (62) (56) (100) (97) (91) (46) (26) (76) (33) (23) 
27 (1) (89) (91) (69) (82) (46) (52) (11) (32) (10) (38) (65) (68) (7) (71) (53) (58) (85) (73) (54) (83) (14) (12) (2) (93) (94) (70) (26) (92) (87) (41) (97) (76) (43) (5) (51) (29) (8) (48) (98) (40) (6) (4) (55) (50) (28) (63) (3) (24) (13) (66) (64) (88) (25) (37) (99) (39) 
28 (95) (20) (24) (32) (77) (88) (62) (57) (29) (54) (67) (11) (16) (85) (98) (6) (21) (50) (28) (12) (38) (87) (45) (9) (41) (42) (59) (100) (71) (90) (17) (35) (53) (37) (75) (25) (81) (86) (7) (64) (74) (44) (52) (94) (49) (91) (76) (58) (13) (4) (36) (48) (3) (65) (73) (68) (96) (18) (55) (69) (61) (34) (15) (10) (43) (14) (97) (30) (2 83) (82) 
29 (31) (82) (70) (77) (83) (42) (5) (91) (54) (89) (12) (30) (44) (76) (33) (55) (79) (46) (45) (39) (10) (1) (68) (32) (37) (22) (84) (72) (65) (95) (92) (3) (41) (51) (61) (88) (38) (60) (2) (90) (15) (8) (4) (34) (99) (71) (59) (56) (93) (9) (67) (96) (48) (14) (78) (66) (24) (16) (26) 
30 (76) (95) (18) (55) (97) (68) (21) (37) (60) (98) (49) (93) (62) (82) (12) (15) (1) (7) (45) (69) (47) (46) (65) (5) (24) (74) (13) (27) (92) (4) (20) (40) (29) (99) (33) (56) (25) (79) (32) (6) (83) (87) (36) (88) (66) (3) (43) (38) (39) (26) (28) (61) (42) (8) (11) (44) (91) (94) (80) (81) (89) (10) (90) 
31 (10) (82) (96) (44) (41) (95) (48) (56) (39) (34) (75) (47) (97) (4) (12) (42) (49) (32) (51) (92) (33) (31) (3) (20) (35) (93) (61) (40) (83) (9) (77) (24) (69) (54) (11) (53) (59) (89) (57) (50) (60) (6) (22) (27) (99) (7) (1) (13) (86) (78) (26) (25) (80) (70) 
32 (5) (1) (51) (23) (15) (35) (36) (53) (26) (11) (32) (61) (17) (54) (71) (31) (60) (81) (29) (43) (58) (84) (85) (75) (27) (69) (16) (41) (33) (21) (86) (65) (76) (94) (59) (98) (30) (63) (72) (6) (73) (19) (49) (48) (10) (55) (22) (90) (77) (47) (9) (18) (97) (25) (62) (44) (67) (24) (82) 
33 (85) (70) (55) (60) (44) (83) (30) (97) (15) (14) (17) (35) (74) (9) (42) (31) (82) (77) (67) (24) (32) (34) (92) (4) (38) (43) (76) (27) (87) (50) (20) (53) (88) (23) (13) (18) (5) (86) (2) (28) (61) (79) (26) (95) (89) (22) (52) (66) (3) (56) (98) (29) (90) (33) (49) (72) (68) (11) (54) (40) (48) (62) (7) (64) (6) (71) (91) 
34 (74) (4) (94) (66) (28) (48) (80) (10) (57) (58) (63) (86) (18) (17) (98) (49) (89) (25) (67) (65) (16) (76) (95) (22) (44) (62) (36) (42) (20) (55) (99) (78) (75) (27) (30) (52) (9) (45) (14) (26) (84) (53) (19) (38) (43) (91) (82) (88) (97) (31) (100) (6) (2) (71) (73) (96) (34) (33) (68) (54) (21) (77) (23) (56) (12) 
35 (59) (26) (69) (28) (51) (48) (9) (70) (100) (88) (73) (76) (17) (83) (20) (10) (98) (35) (81) (96) (62) (21) (97) (87) (44) (63) (40) (47) (34) (14) (23) (2) (3) (39) (84) (19) (25) (60) (33) (86) (41) (80) (13) (89) (30) (49) (71) (16) (42) (93) (43) (58) (82) (5) (78) (92) (32) (1) (52) (15) (54) (38) 
36 (88) (54) (89) (77) (14) (46) (22) (37) (48) (2) (1) (74) (10) (7) (85) (51) (38) (66) (59) (32) (20) (34) (82) (69) (83) (92) (84) (35) (94) (12) (75) (79) (16) (76) (11) (9) (97) (100) (40) (64) (31) (33) (27) (4) (45) (58) (52) (41) (26) (21) (49) (30) (98) (8) (47) (57) (44) (42) (93) (23) (62) (67) (55) 
37 (2) (3) (48) (36) (38) (57) (41) (96) (84) (32) (47) (31) (46) (28) (73) (64) (76) (65) (70) (72) (30) (99) (26) (9) (33) (44) (98) (92) (27) (52) (83) (34) (1) (22) (24) (19) (67) (89) (53) (16) (77) (39) (69) (4) (51) (45) (81) (100) (7) (88) (42) (95) (49) (80) 
38 (62) (97) (82) (5) (60) (14) (27) (83) (16) (91) (58) (29) (47) (30) (2) (73) (10) (90) (28) (15) (38) (51) (72) (92) (31) (94) (41) (39) (63) (84) (45) (40) (33) (64) (99) (1) (9) (18) (12) (85) (68) (100) (4) (50) (66) (53) (59) (20) (34) (57) (11) (44) (23) (81) (17) (93) (37) (35) (70) (19) (56) (21) (69) (95) (22) (76) (26) (98) 
39 (12) (97) (81) (14) (37) (75) (19) (17) (25) (88) (100) (15) (59) (13) (91) (85) (76) (16) (20) (30) (95) (62) (8) (35) (99) (44) (31) (56) (46) (39) (28) (65) (40) (61) (79) (26) (4) (9) (60) (23) (58) (53) (18) (82) (83) (71) (2) (41) (6) (45) (77) (84) (42) (98) (93) 
40 (93) (34) (29) (79) (100) (81) (88) (97) (1) (36) (53) (21) (13) (31) (25) (10) (87) (39) (26) (71) (56) (54) (41) (37) (11) (40) (45) (50) (18) (66) (4) (55) (64) (85) (5) (33) (44) (91) (73) (19) (42) (70) (52) (47) (92) (46) (61) (8) (2) (80) (69) (89) (96) (77) (84) (9) (38) (32) (57) (27) (35) (23) (90) (76) (63) 
41 (52) (45) (24) (43) (23) (93) (95) (49) (87) (37) (3) (19) (96) (8) (58) (47) (82) (53) (42) (10) (79) (17) (57) (4) (61) (27) (28) (13) (91) (26) (34) (56) (78) (85) (30) (70) (1) (2) (74) (99) (59) (51) (64) (80) (16) (60) (76) (39) (41) (38) (29) (9) (98) (31) (100) (25) (40) (18) 
42 (51) (86) (24) (40) (74) (43) (56) (15) (71) (26) (21) (90) (4) (83) (85) (30) (3) (34) (94) (73) (96) (37) (89) (5) (45) (91) (66) (60) (20) (100) (17) (6) (44) (33) (16) (18) (23) (39) (98) (75) (48) (50) (29) (9) (41) (80) (7) (99) (2) (35) (57) (12) (61) (92) (81) (78) (67) (19) (97) (42) (28) 
43 (56) (19) (70) (10) (35) (26) (27) (12) (77) (89) (59) (55) (16) (100) (38) (48) (14) (3) (79) (73) (45) (13) (20) (76) (54) (44) (46) (7) (87) (30) (34) (82) (47) (18) (94) (1) (4) (74) (40) (57) (69) (51) (81) (60) (29) (39) (32) (11) (62) (37) (22) (28) (67) (90) (33) (75) (2) (6) (50) (15) (72) (88) (65) (23) (99) (93) 
44 (74) (19) (45) (3) (56) (93) (37) (28) (57) (25) (71) (91) (34) (94) (54) (63) (14) (92) (72) (38) (60) (82) (62) (84) (20) (11) (4) (8) (13) (75) (79) (46) (95) (51) (80) (66) (76) (22) (85) (97) (31) (6) (23) (44) (1) (39) (10) (5) (30) (40) (59) (67) (16) (96) (89) (35) (83) 
45 (86) (94) (66) (12) (84) (57) (15) (2) (99) (32) (63) (60) (30) (5) (64) (43) (1) (28) (97) (69) (31) (50) (96) (23) (93) (20) (4) (16) (42) (6) (82) (49) (18) (47) (29) (98) (81) (36) (100) (19) (90) (87) (45) (33) (14) (74) (26) (62) (76) (55) (80) (44) (77) (79) (37) (70) (72) (83) (9) (10) (51) (27) 
46 (6) (14) (44) (47) (59) (76) (15) (65) (64) (2) (42) (84) (27) (17) (85) (53) (36) (92) (56) (39) (86) (93) (58) (3) (98) (30) (61) (97) (67) (57) (26) (52) (94) (32) (78) (5) (1) (79) (63) (55) (95) (21) (40) (81) (100) (11) (18) (74) (82) (90) (33) 
47 (25) (9) (61) (77) (30) (31) (55) (69) (66) (36) (2) (76) (63) (93) (3) (56) (50) (13) (58) (51) (27) (68) (91) (65) (95) (54) (6) (44) (33) (19) (81) (99) (53) (24) (83) (8) (80) (43) (34) (59) (41) (38) (89) (5) (90) (1) (17) (70) (37) (7) (79) (29) (18) (28) (49) (97) (32) (96) (98) 
48 (41) (100) (97) (36) (29) (25) (95) (6) (99) (40) (31) (54) (69) (4) (56) (76) (9) (86) (5) (13) (43) (71) (51) (14) (21) (11) (57) (37) (61) (44) (45) (70) (8) (88) (15) (50) (46) (33) (73) (79) (90) (18) (24) (27) (7) (59) (84) (77) (66) (20) (35) (64) (62) (93) (83) (55) (68) (17) (81) (32) 
49 (40) (36) (100) (50) (8) (85) (66) (34) (48) (95) (1) (24) (33) (41) (86) (64) (75) (69) (13) (58) (53) (35) (79) (14) (43) (82) (98) (38) (54) (68) (90) (16) (77) (46) (3) (28) (73) (42) (63) (5) (99) (47) (87) (84) (72) (4) (49) (11) (37) (80) (51) (44) (60) (56) (67) (22) (70) (92) (20) (18) (76) 
50 (78) (41) (60) (79) (92) (57) (8) (90) (12) (61) (62) (56) (85) (72) (81) (97) (35) (36) (52) (59) (2) (45) (1) (18) (73) (11) (84) (24) (67) (4) (49) (28) (27) (14) (53) (86) (26) (23) (89) (51) (94) (50) (69) (71) (64) (15) (68) (83) (63) (17) (6) (55) (76) 
51 (91) (71) (38) (66) (8) (85) (15) (58) (11) (33) (24) (39) (7) (60) (80) (100) (86) (51) (6) (48) (53) (37) (97) (28) (96) (76) (32) (47) (63) (67) (41) (81) (50) (99) (78) (9) (25) (55) (52) (34) (36) (82) (2) (54) (14) (1) (22) (49) (88) (57) (90) (44) (79) (92) (20) (83) (3) (42) 
52 (47) (94) (55) (100) (25) (63) (24) (31) (79) (68) (75) (33) (45) (71) (92) (76) (72) (66) (59) (88) (58) (74) (56) (30) (42) (10) (50) (37) (81) (97) (20) (9) (35) (83) (11) (57) (14) (40) (6) (89) (64) (5) (39) (54) (34) (2) (48) (67) (82) (19) (49) (22) (95) (1) (13) (16) (78) (86) (23) 
53 (34) (54) (4) (84) (26) (22) (49) (43) (42) (7) (97) (47) (36) (73) (13) (86) (52) (94) (74) (27) (30) (69) (9) (38) (60) (100) (59) (19) (95) (90) (18) (56) (77) (88) (11) (24) (80) (35) (72) (6) (8) (63) (96) (5) (91) (2) (85) (89) (1) (64) (65) (78) 
54 (54) (77) (56) (98) (67) (58) (11) (76) (62) (27) (71) (48) (63) (91) (28) (1) (49) (3) (64) (65) (94) (81) (86) (20) (100) (78) (51) (34) (38) (21) (2) (66) (88) (73) (25) (72) (90) (68) (99) (7) (40) (85) (46) (59) (35) (96) (93) (32) (80) (69) (74) (9) (24) (18) (26) (37) (22) (19) (39) (70) 
55 (21) (45) (86) (91) (49) (100) (68) (38) (7) (95) (32) (66) (70) (93) (94) (5) (17) (1) (2) (69) (31) (25) (52) (64) (8) (88) (44) (73) (98) (79) (34) (13) (71) (87) (14) (72) (89) (37) (53) (59) (81) (16) (84) (47) (48) (36) (60) (42) (24) (99) (54) (57) (92) (29) (43) (26) (80) (85) (75) (83) (56) (27) (12) 
56 (3) (84) (51) (98) (28) (41) (85) (21) (79) (56) (62) (64) (53) (58) (55) (91) (97) (81) (57) (2) (5) (14) (25) (100) (80) (47) (93) (23) (95) (69) (22) (34) (92) (10) (45) (67) (16) (17) (83) (54) (26) (31) (27) (4) (71) (86) (59) (50) (52) (30) (89) (73) (13) (74) (75) (61) (8) (60) (1) (70) (9) 
57 (77) (82) (23) (34) (6) (13) (39) (1) (35) (30) (45) (56) (78) (38) (79) (50) (5) (33) (60) (15) (98) (99) (93) (73) (72) (75) (29) (83) (53) (41) (16) (18) (47) (91) (89) (9) (66) (90) (27) (96) (85) (95) (21) (3) (7) (48) (10) (97) (20) (71) (17) (44) (40) 
58 (61) (93) (99) (34) (84) (74) (91) (2) (8) (78) (20) (18) (14) (54) (23) (94) (7) (30) (63) (28) (4) (46) (48) (12) (58) (19) (43) (49) (40) (75) (36) (90) (25) (52) (11) (6) (89) (50) (17) (55) (57) (96) (76) (37) (32) (44) (70) (27) (88) (64) (71) (22) (35) (86) (60) (26) (97) (68) (29) (98) (33) (45) (62) (92) (9) (16) 
59 (78) (79) (68) (34) (27) (53) (73) (2) (99) (20) (92) (91) (63) (32) (51) (90) (25) (22) (42) (56) (81) (46) (72) (50) (3) (10) (38) (33) (64) (1) (54) (87) (80) (5) (36) (28) (8) (29) (31) (76) (21) (65) (17) (89) (62) (74) (60) (82) (30) (18) (43) (23) (69) (35) (75) (41) (100) (24) (9) (85) (96) (98) (49) (61) (45) (86) (12) 
60 (26) (75) (97) (24) (84) (89) (9) (95) (79) (6) (30) (57) (13) (98) (83) (22) (92) (67) (32) (91) (19) (48) (7) (20) (76) (36) (23) (14) (49) (5) (46) (42) (44) (56) (59) (69) (70) (17) (100) (1) (54) (28) (64) (43) (12) (21) (45) (87) (41) (77) (39) (51) (90) 
61 (23) (2) (81) (43) (90) (56) (72) (61) (65) (12) (50) (98) (96) (59) (38) (67) (63) (1) (100) (4) (86) (13) (42) (87) (92) (33) (14) (55) (79) (16) (51) (25) (9) (66) (58) (3) (17) (57) (31) (10) (34) (7) (77) (60) (93) (6) (5) (18) (76) (40) (53) (97) (22) (73) (45) (95) (41) (27) (94) (69) 
62 (7) (63) (50) (12) (25) (57) (17) (98) (100) (30) (94) (3) (96) (45) (37) (52) (89) (73) (29) (48) (59) (40) (38) (5) (44) (22) (77) (18) (4) (70) (34) (71) (85) (92) (19) (87) (35) (49) (86) (67) (99) (8) (78) (62) (1) (42) (33) (79) (32) (43) (47) (41) (16) (84) (65) (82) (36) (11) (2) (15) (91) (81) (80) (97) (24) (27) 
63 (31) (77) (69) (39) (33) (58) (61) (47) (4) (25) (1) (49) (67) (89) (86) (16) (94) (41) (68) (92) (12) (85) (15) (8) (54) (75) (26) (43) (21) (5) (37) (48) (87) (10) (34) (9) (99) (14) (27) (84) (24) (65) (11) (38) (36) (2) (20) (7) (96) (51) (56) (45) (55) (83) (18) (40) (29) (53) (98) (6) (95) (72) (60) (30) (46) (32) (42) (81) (35) 
64 (93) (11) (19) (10) (71) (2) (51) (34) (3) (7) (96) (84) (75) (97) (28) (4) (42) (95) (72) (98) (74) (57) (59) (99) (64) (48) (21) (12) (92) (15) (62) (41) (29) (8) (38) (66) (37) (68) (70) (54) (25) (77) (87) (1) (83) (17) (32) (58) (27) (60) (50) (30) (55) (5) (86) (26) (18) (100) (43) (24) (80) (73) (23) 
65 (2) (3) (45) (90) (36) (66) (82) (95) (71) (51) (99) (60) (5) (92) (64) (31) (56) (19) (61) (70) (52) (27) (73) (65) (25) (44) (98) (42) (20) (33) (49) (8) (40) (57) (29) (1) (59) (63) (77) (72) (94) (68) (83) (47) (6) (41) (46) (85) (75) (39) (30) (21) (34) (28) (89) (58) (38) 
66 (51) (91) (97) (30) (49) (63) (50) (75) (37) (73) (96) (35) (36) (20) (40) (44) (85) (100) (38) (77) (42) (72) (59) (14) (94) (41) (60) (98) (12) (29) (27) (11) (25) (70) (43) (90) (24) (18) (45) (64) (26) (53) (8) (58) (86) (71) (57) (54) (32) (61) (31) (21) (92) (4) (2) (47) (15) (79) (23) (93) (48) (62) (3) (87) (10) 
67 (35) (90) (79) (73) (47) (86) (58) (93) (9) (48) (21) (30) (45) (84) (31) (70) (53) (64) (24) (78) (89) (38) (2) (28) (55) (20) (17) (32) (59) (72) (96) (25) (8) (76) (91) (1) (10) (11) (12) (77) (23) (54) (49) (29) (16) (36) (34) (13) (67) (87) (98) (75) (100) (7) (3) (63) (6) (42) (56) (60) (65) (37) 
68 (46) (55) (14) (1) (42) (83) (27) (74) (75) (31) (6) (34) (95) (88) (52) (60) (71) (53) (13) (41) (8) (81) (94) (19) (28) (58) (62) (3) (24) (50) (66) (4) (90) (96) (86) (48) (45) (67) (16) (23) (85) (38) (87) (47) (92) (49) (25) (70) (20) (35) (89) (11) (30) (7) (99) (97) 
69 (24) (14) (23) (40) (51) (9) (97) (83) (63) (46) (85) (84) (38) (95) (15) (59) (73) (88) (62) (34) (78) (80) (41) (82) (99) (8) (12) (32) (66) (17) (64) (25) (7) (90) (60) (75) (74) (93) (6) (58) (18) (76) (28) (70) (20) (31) (68) (45) (50) (19) (2) (65) (71) (37) (54) (1) (81) (47) (27) (55) (43) (21) 
70 (34) (90) (27) (97) (46) (75) (14) (15) (91) (95) (78) (73) (21) (54) (84) (70) (47) (88) (42) (77) (1) (37) (99) (96) (76) (58) (93) (5) (8) (29) (64) (79) (2) (89) (69) (61) (36) (94) (25) (66) (43) (9) (12) (80) (35) (71) (38) (40) (48) (98) (7) (82) (10) (20) (87) (83) (67) (74) (41) (28) 
71 (31) (75) (62) (18) (95) (59) (32) (82) (42) (48) (46) (15) (16) (90) (61) (56) (12) (94) (39) (35) (13) (73) (92) (26) (11) (66) (25) (9) (80) (77) (81) (52) (54) (58) (98) (33) (29) (20) (65) (64) (91) (37) (30) (69) (14) (78) (86) (55) (51) (28) (79) (2) (71) (45) (93) (96) (3) (27) (50) (76) (97) (88) (17) (43) (47) (74) (72) (22) (53) (34) 
72 (92) (82) (80) (73) (34) (17) (5) (87) (6) (93) (69) (32) (31) (50) (9) (27) (61) (67) (44) (65) (38) (15) (18) (45) (90) (12) (8) (14) (19) (97) (76) (11) (64) (96) (46) (40) (62) (91) (72) (53) (13) (77) (16) (79) (39) (2) (98) (49) (68) (3) (57) (1) (66) (26) (43) (48) (70) 
73 (68) (61) (93) (86) (80) (22) (66) (95) (53) (83) (37) (40) (94) (73) (72) (35) (31) (79) (21) (50) (13) (59) (18) (28) (26) (63) (96) (12) (17) (88) (75) (1) (78) (71) (20) (23) (67) (77) (85) (90) (64) (10) (48) (81) (82) (49) (55) (70) (14) 
74 (76) (85) (77) (20) (26) (99) (66) (14) (42) (2) (39) (55) (63) (89) (25) (96) (79) (82) (74) (68) (50) (35) (9) (100) (1) (64) (98) (57) (34) (80) (27) (29) (7) (41) (51) (86) (3) (17) (40) (13) (24) (33) (75) (62) (61) (30) (95) (16) (84) (28) (56) (23) (19) (10) (31) (12) (69) (45) (70) (83) (36) (4) 
75 (59) (37) (83) (76) (32) (29) (96) (85) (4) (98) (53) (19) (2) (28) (34) (69) (33) (92) (14) (16) (41) (23) (7) (74) (100) (42) (47) (11) (86) (57) (68) (54) (21) (40) (97) (84) (25) (51) (20) (26) (62) (73) (52) (77) (43) (35) (70) (87) (48) (55) (60) (50) (22) (12) (65) (31) (95) (58) (6) (27) (88) (80) (71) (99) (90) (24) (63) (30) (56) 
76 (49) (13) (71) (78) (31) (92) (55) (11) (21) (70) (100) (64) (90) (17) (83) (89) (35) (14) (57) (60) (2) (97) (42) (46) (69) (61) (94) (8) (38) (86) (74) (15) (51) (68) (80) (37) (91) (53) (7) (22) (81) (84) (50) (72) (54) (44) (32) (76) (82) (20) (77) (1) (29) (63) (6) (10) (4) (73) (43) (24) (23) (79) (26) (18) (9) (62) 
77 (77) (25) (50) (89) (63) (43) (32) (19) (21) (12) (97) (64) (3) (74) (1) (93) (31) (22) (16) (30) (95) (36) (98) (68) (94) (20) (86) (27) (6) (85) (91) (72) (65) (15) (100) (14) (48) (62) (34) (73) (17) (39) (56) (70) (51) (81) (13) (55) (26) (40) (78) (53) (24) (42) (88) (59) (87) (82) 
78 (58) (40) (33) (32) (29) (71) (54) (59) (87) (78) (8) (76) (93) (43) (94) (25) (66) (20) (4) (61) (100) (75) (31) (98) (17) (99) (21) (73) (24) (48) (11) (49) (79) (62) (38) (5) (34) (12) (70) (35) (63) (6) (19) (37) (84) (85) (55) (15) (16) (18) (65) (46) (45) (88) (9) (90) (27) (56) (74) (97) 
79 (3) (6) (64) (93) (50) (83) (46) (7) (42) (1) (58) (34) (23) (40) (57) (91) (69) (25) (84) (68) (77) (49) (60) (62) (76) (86) (44) (39) (80) (32) (88) (54) (96) (51) (21) (24) (10) (35) (13) (81) (15) (2) (22) (78) (28) (12) (52) (99) (48) (16) (73) (14) (47) (72) (11) (98) (89) (97) (94) (55) 
80 (26) (50) (97) (84) (5) (22) (62) (27) (59) (16) (9) (90) (100) (61) (94) (46) (55) (38) (35) (47) (17) (18) (76) (85) (83) (49) (11) (86) (99) (75) (44) (33) (2) (95) (80) (24) (67) (51) (69) (98) (64) (23) (32) (56) (20) (87) (60) 
81 (33) (38) (95) (32) (8) (80) (19) (3) (72) (50) (11) (79) (98) (57) (39) (73) (56) (81) (37) (53) (76) (71) (26) (43) (90) (25) (87) (30) (31) (93) (51) (14) (5) (88) (1) (44) (61) (85) (78) (65) (13) (92) (12) (99) (45) (59) (17) (77) (23) (69) (66) (91) (47) (64) (84) (41) 
82 (98) (68) (48) (7) (38) (17) (1) (90) (8) (57) (52) (80) (14) (100) (21) (40) (16) (60) (97) (75) (30) (93) (44) (95) (59) (25) (3) (26) (15) (66) (31) (64) (13) (61) (87) (69) (5) (83) (22) (37) (45) (71) (6) (49) (84) (67) (63) (74) (55) (54) (91) (65) (51) (79) (47) (34) (73) (43) (81) (27) (9) (10) (53) 
83 (37) (61) (4) (64) (14) (71) (68) (73) (41) (15) (46) (96) (33) (83) (12) (24) (1) (16) (69) (44) (8) (86) (50) (66) (2) (36) (3) (43) (19) (7) (81) (91) (22) (94) (11) (54) (38) (51) (78) (99) (72) (20) (62) (49) (35) (34) (13) (31) (58) (90) (23) (30) (52) (79) (92) (56) 
84 (40) (20) (22) (35) (1) (25) (47) (37) (79) (44) (78) (93) (31) (5) (75) (83) (92) (45) (29) (17) (19) (72) (12) (73) (81) (89) (50) (90) (28) (4) (48) (61) (39) (82) (55) (88) (49) (77) (69) (6) (86) (46) (16) (99) (11) (18) (98) (9) (57) (63) (2) (68) (70) (23) (100) (95) 
85 (6) (77) (26) (22) (73) (25) (64) (39) (41) (80) (48) (43) (59) (99) (3) (33) (65) (49) (5) (32) (27) (38) (28) (61) (94) (9) (98) (86) (51) (21) (30) (57) (70) (55) (56) (69) (96) (8) (47) (74) (66) (11) (20) (46) (14) (100) (93) (18) (54) (53) (40) (60) (15) (75) (90) (29) (50) 
86 (21) (68) (67) (89) (69) (23) (47) (62) (6) (70) (18) (30) (20) (74) (100) (36) (24) (29) (34) (49) (78) (40) (26) (61) (1) (2) (80) (50) (59) (73) (19) (7) (39) (8) (22) (79) (52) (3) (66) (48) (17) (54) (87) (92) (9) (35) (13) (11) (57) (86) (90) (53) (75) (32) (60) (16) (37) (27) (46) (38) (28) (72) (65) (93) (63) (44) (10) (5) (96) (12) 
87 (4) (29) (39) (16) (57) (90) (67) (74) (54) (83) (76) (95) (73) (92) (82) (44) (26) (91) (49) (6) (1) (9) (69) (59) (96) (31) (12) (11) (33) (72) (97) (70) (23) (40) (25) (38) (36) (28) (81) (78) (71) (7) (64) (62) (60) (30) (46) (84) (51) (88) (42) (65) (80) (63) (58) (99) (45) (22) (17) (100) (77) (85) 
88 (69) (76) (23) (49) (32) (21) (90) (99) (46) (79) (56) (61) (27) (6) (94) (54) (37) (10) (3) (78) (71) (31) (2) (48) (74) (64) (11) (9) (28) (45) (100) (42) (68) (4) (77) (12) (36) (25) (81) (1) (40) (44) (47) (22) (87) (62) (98) (93) (5) (20) (29) (35) (8) (60) (24) (92) (19) (43) (58) (70) (85) (38) (75) 
89 (5) (4) (73) (40) (9) (85) (50) (86) (27) (68) (62) (53) (47) (16) (64) (44) (58) (22) (32) (91) (65) (57) (80) (41) (72) (48) (51) (100) (94) (25) (3) (88) (6) (12) (29) (17) (79) (83) (74) (14) (35) (70) (15) (24) (89) (75) (11) (39) (42) (69) (66) (10) (43) (21) (36) (19) (31) (78) (96) (87) (28) (59) (13) (98) (49) (99) (26) (81) 
90 (60) (74) (96) (84) (9) (89) (63) (98) (42) (80) (23) (71) (54) (52) (87) (75) (40) (70) (77) (62) (67) (78) (25) (2) (56) (24) (11) (21) (18) (19) (58) (100) (83) (13) (12) (33) (72) (88) (32) (55) (36) (39) (4) (51) (35) (46) (68) (38) (48) (27) (29) (82) (31) (44) (64) (92) (59) (6) (20) (47) (79) (7) (1) (17) 
91 (15) (38) (27) (32) (79) (93) (19) (26) (71) (83) (36) (89) (76) (87) (56) (2) (86) (90) (45) (29) (10) (44) (4) (68) (17) (84) (23) (62) (88) (52) (47) (64) (24) (37) (43) (7) (18) (13) (74) (6) (34) (98) (48) (11) (99) (96) (46) (55) (40) (41) (67) (77) (21) (31) (16) (63) (97) (8) (65) (14) (12) (30) (22) (1) (72) 
92 (98) (28) (36) (63) (3) (61) (76) (49) (25) (29) (78) (33) (26) (82) (23) (70) (7) (24) (13) (41) (68) (48) (19) (80) (50) (99) (79) (56) (60) (81) (100) (51) (40) (27) (97) (39) (53) (84) (11) (35) (46) (6) (15) (90) (94) (4) (66) (91) (43) (88) (30) (86) (73) (44) (75) (37) (85) (93) (42) (20) 
93 (80) (84) (19) (31) (70) (58) (24) (76) (51) (25) (10) (52) (74) (64) (89) (40) (36) (39) (67) (94) (53) (50) (86) (61) (96) (17) (7) (60) (87) (63) (28) (21) (14) (100) (69) (41) (27) (54) (33) (57) (9) (44) (72) (85) (99) (37) (6) (46) (88) (73) (90) (92) (83) (2) (71) (98) (79) (42) (93) 
94 (68) (1) (87) (24) (82) (14) (48) (31) (67) (86) (97) (19) (57) (11) (100) (46) (2) (5) (29) (10) (35) (52) (77) (39) (32) (76) (8) (26) (43) (38) (41) (72) (96) (9) (70) (40) (83) (6) (53) (54) (93) (51) (65) (37) (27) (28) (3) (95) (63) (13) (74) (15) (98) (4) (62) (84) (85) (21) (30) (69) (89) (34) (71) (59) 
95 (28) (29) (65) (64) (12) (24) (47) (1) (25) (62) (16) (95) (3) (98) (76) (57) (21) (43) (27) (44) (6) (61) (7) (26) (46) (30) (4) (35) (50) (92) (89) (93) (49) (70) (56) (31) (2) (38) (79) (20) (81) (94) (73) (84) (40) (37) (90) (68) (36) (69) (9) (72) (83) (41) (14) (63) (97) (55) (82) (17) (19) (48) (34) (23) (8) 
96 (43) (84) (71) (17) (59) (38) (88) (44) (72) (58) (35) (26) (12) (41) (13) (24) (14) (64) (16) (1) (92) (20) (69) (96) (55) (98) (80) (10) (95) (76) (45) (100) (61) (53) (25) (15) (39) (56) (34) (63) (42) (91) (3) (99) (94) (83) (90) (33) (87) (82) (48) (70) (85) (8) (27) (86) (74) (50) 
97 (42) (6) (65) (54) (61) (26) (12) (49) (46) (82) (60) (34) (11) (77) (29) (35) (22) (13) (53) (16) (98) (9) (58) (48) (19) (100) (75) (86) (56) (72) (87) (4) (14) (70) (23) (63) (71) (17) (20) (3) (97) (74) (30) (99) (38) (45) (94) (92) (41) (43) (80) (76) (28) (84) (95) (37) (8) 
98 (73) (12) (45) (13) (25) (59) (48) (60) (17) (23) (92) (93) (14) (49) (33) (2) (84) (39) (65) (15) (34) (61) (75) (16) (53) (87) (85) (11) (26) (88) (58) (22) (78) (8) (46) (21) (18) (47) (82) (54) (64) (52) (10) (9) (96) (91) (51) (5) (6) (90) (30) (95) (27) (57) (24) (19) 
99 (92) (32) (56) (59) (14) (50) (57) (29) (80) (45) (27) (100) (70) (76) (94) (54) (72) (95) (31) (2) (86) (22) (83) (17) (19) (75) (89) (3) (10) (5) (55) (65) (84) (18) (6) (11) (23) (81) (38) (30) (85) (74) (40) (34) (90) (68) (26) (77) (99) (28) (67) (87) (33) (51) (78) (63) (47) (61) (21) (60) (82) (48) (58) (64) 
100 (32) (49) (80) (20) (36) (100) (27) (52) (19) (58) (90) (75) (37) (62) (68) (15) (7) (76) (42) (31) (71) (79) (14) (3) (50) (16) (99) (2) (4) (72) (92) (74) (98) (65) (83) (84) (26) (91) (95) (9) (44) (43) (66) (61) (34) (38) (47) (70) (23) (8) (10) (39) (57) (45) (33) (64) 
