0
100
100
1 (90 71) (55) (46 26 29 4 44 98 89 58 97) (24 6 95 66 80 22 72 96) (62 78 11 79 100 34 61 85 13) (43 75) (42 35 40 56 19) 
2 (46 57) (28 67 73 68 2 50) (74 94 17) (43 36 71 13) (76) (97 7 49 26 98 75 100) (31 48 14 55 6 56 4 15 86 1) 
3 (86 82) (91 95 5 54 73 8 61 31 75) (52 11 67) (74 58) (71 6 68) (69 80) (93 59 46 83) (98) 
4 (22 23 7) (46 77 79) (94 38 85 31) (20 53 58 82 69 84 61 78 60) (75 52) 
5 (45 21 94) (69) (100 75) (4 17 96 77 47) (49 33) (12 41 24 64 16 46 74 32) (3) 
6 (41 4 65 47 39 52 1 19 57 100 22 64 75 20 70 53) (98 50 86 69) (23 14 91 81 25 49 83) (61 58 10 76 97 93 89 30 21) (79) (77) 
7 (78 13 26) (34) (90 57 45 38 74) (6 12) (43) (85 32 60 17 73 23 1 66 95 49 55 33 64 22) (52 88 8) 
8 (33 16 61 80 1 63 56 79 57 96 27 34 22 17) (9 10 73 35 67 7 60 90 98 100 91) (71) (52 37 21 18 38) 
9 (92 39) (6 50 66 49 14 1 3 10 79 43 99 88 74 53 78 32 61) (72 11 85) 
10 (95 14 61 53 78) (12 65 71 91) (60 27 3 75) (1 55) (37 46 41 84 85 94 48) (6 9 24 69 11 25 80 20 44 70 82) 
11 (74 2 25 10 97) (78) (9 48 94) (82) (3 83 52 12) (87 88) (15 33 31 24) (71 17 4 6 63 39 69 70 16) (68) (100 29 54) 
12 (65 97 64 50) (18 76 10 59 15 93 6) (35 73 79 32 51 11 25 42 68) (34) (80 53) (48) (84 57 85 45) (69 92 95 4 82) (72 90 41) 
13 (46) (40 71 32 86 94 51 59 44) (62 3) (58) (72 75 55 78 23) (57 69 73 92 76) (16 36) (84 61) 
14 (99 40 78 59 85 95 8 56 33 93 15) (20 100 81 74 69 64) (38 2 45 68 24 58 60 57 54 83 88 80) (98 86) (27 51) 
15 (26 9 1 12 33) (71) (100 57 11 14 59) (96) (38 63) (90 30 81 39 4 18 44 43 41 24) (92 58) (88 29 10) 
16 (53) (59 55 32 68) (41 23) (88 92 48 66 62) (54 51 98 19 77 26 93 65 20 39 91) (7 28) (96 70 21) (72 16 75 40 60 22 15) 
17 (56 12 85 61 86) (46 30) (43 40 72) (68 64 42) (28) (60 69 54 18 16 75 45) (3 71 26 29 20 51 92 8 31 41 57) (98) 
18 (68 93 79 22 96 3) (42) (70 18) (2 4 50) (77 9 27 41 51) (92 25 11 76) (30 84 78) (89 31) (94 91) (66 21) (33) 
19 (69) (19 64) (66 11 70) (26 38 29 15 99 16 97 50 41 87 24) (77 45) (47 9 40 89 13 74 46) 
20 (29 6 94) (47) (26 41 44 88 64 17) (46 76 99) (92 61 40 60 82) (85 75 56 28 77 43) 
21 (32 48 23 94 61 15) (28 18) (13) (41 88 4 57) (76) (80 99 71 92) (66 5 1 44) (24 6 30 78) 
22 (4 25 57 75 42 19) (15 80 13 14) (95) (78) (59 51 94) (88 20 5) (79 46 35) (55 29 67 71 31 7 100 3 64 1 61 36 99 48) 
23 (74 73) (42 34 51 37 9 47 22 72) (95) (98 62 60 49) (94 87 67 18) (58 90 92 6 55 11 7 13 53) 
24 (66 100 56 17 15 46) (67 40 16 59 29 23) (99) (82 76 12) (63) (52 21) (13 19 10 8 2 35) (95 53) (90 36 5 48 34 61 30 43) 
25 (84 43 20 92) (89 57 49 24 8) (74 11 51 2) (40 54 25 88 86) (87 44 15 94 27 60) (77 7) (41 31 36 63 91 98) (14 55 100 13 96 39) (90) 
26 (6 36 89) (31) (82 40 78) (64 47 1 84) (71) (68) (51) (95 13 87 10 54 74 81 50 20 43 53 99 83) 
27 (75) (32 95) (28 43 73 82 64) (71 74 92 98 38 18 9 44 39 23 42 24 21 96 37 69 61 8 7 53 56) 
28 (73) (42 19 63 53 58) (56 10) (23 72 96 16 57 6 45 47 88 34 39 71 24 66 13 69 61 30 8 65 78 84 95) (44) (80) 
29 (60 98 35 67 42 48 75 20 93 68 57 43) (21 36 18 80 89 52 100 29) (14 54 11 15 50 44 34 38 85 95) (8 40 27 23) 
30 (72) (73 21 58 22 35 50 37 47 76 74 28) (5) (75 100 2) (79 66 42) 
31 (3) (69 57 83) (67 97 100 40) (1 33 35 22 23 99 64 94 15 73 72 54 30 96 24 5 4) (53) (36) (48 70) (42) (78) (62 39) (75 50) 
32 (27) (83) (40 93 70 85) (52 44) (1) (43 42 32 46 100 11) (88 36 4 5 97 12 38 7 31 16 78 26) (19 94) (73 80 39) 
33 (51 40) (60 88) (98 47 35 61 32 34 45 30 4 27 6) (21 16 38 73 43 53 23 93 49 39 24 17 29) 
34 (54) (90) (33 83) (21) (69 91) (34 14) (61 70 80) (68 17 63) (7 28 97) (9 35) (99) (65) (48 81 84 47) (56) (49 87 75 58 25 40 100 82) (32 67 5 72 85) (57) 
35 (16 55 13 38 46 83 58) (14) (56 63 45 4) (81 82) (61 9 94 41 11 3 75 5 80 29 52 77 24 57 21 62) 
36 (71 82 27 100 10 80) (50) (79 78 20 90 89 58 77 84 14 63 7 48) (41 83 44 1 87 35) (28 13 68) 
37 (45 30 25 81 59 75 20 42 60 82 70 16 4) (18 91 83 31 11 27 34) (24 61 89 79 7 80 98 78 54 88) 
38 (97 25 8 5 3 27 14 61 92 24 100 7 73) (74 23 22 38 60 16) (2 94 26 53 41) (31 98 54 80) (15 93) 
39 (41 25 70 63 55) (1 32 91 65 76 75 51 43 48) (44 9 67 47 37 42 59 78 30 16 11 27 24 100) (14 87 7 6) 
40 (35) (70 57) (28 44 74 15) (54 68 85 27 86 39 32 16 46 62 10) (18) (1) (52 79 56 25 36 87 69 7 76 24 33) 
41 (62 48 6) (25 65 100 54) (96) (26) (68 3) (36) (99 83 42 20 76 32 87 17 18 66 58) (24) (50 41 11 56) (81 44 28 15 49) (23) (91) 
42 (27 100 90 12 16 66) (11 94) (42 20) (44 2) (52 86 58 3 14 6) (78 67) (33 18 75) (48 69) (70 55) (26 43 47 7 51 29 53 15) 
43 (85) (57 66 32) (18 39 62 7) (86 93) (61 81 2 50 45 12) (92) (4 44 13 83 30 82 15 20 99 76) 
44 (60) (80 22 7) (28 10 62 64) (4 93 21 39 23 97 96) (83 81 50 47 1 13 8 19) (42 37) (85 65 2 24 55) 
45 (21 28 14 88 48 29 50 86 17 79 56) (38 42 95 1 75 43 15 22 68) (60 96) 
46 (86 22 63) (53 10) (88 41 67 29 100 5 93 72 4 1 68) (87 57 77 20 16) (74 28 82 45 97 95) (59 60 47 36) 
47 (47 49) (3 90 94 73 55 17 22 79 66 76) (41 56 28 48 32 60 15) (30 4 96) (92) (87) (51 54 38 99 44 77 34 72 31 100 33 37) 
48 (41 17 90 88 29) (95 58 70 56 23 99 66) (62 18 91) (40 28 89) (77 45 36 12 80 8) 
49 (88 99 96 14 72 64) (53) (52 93 39) (77 50 95 91 81 49) (16 48 43 19) (35) (98 40 54 73 29 90 55 61 23 59) (6 1) (27 2 12) (68 58) 
50 (21 24 16 71 46 77 27 25 1) (26) (53 5) (81 44) (80) (85 3 10 95) (9 52) (58 39 4) (92 7) (93 32) 
51 (11 80 73 92 49 25 86 18 6 95 99 27) (16 72 82 8 54 84 2 61) (67 77) (94 75) 
52 (25 97 59 87 64 54) (34 52) (84 13) (22) (29 77 53) (66 51 30 72 80 14 32 27) 
53 (94 97 25 16) (54 53 56 50) (75 49 23 29 55) (62 20 26 2 58 90) (65 3 11 18 59 79) 
54 (37 56) (20) (68 77) (75 63 62 76 46) (97 32 64 19 28 6 85 12 57) (99 53 61 54 31 41 3 21 58 81 86 36 60) 
55 (4 89) (81 40 54) (94 32 66 59) (37) (62 22 49 51 86 9 76 7 41 6) (72) (77) (53 78 75) 
56 (41) (95 28 23 55 71) (78) (43 22 100 83 8 69) (39 15 33 16 12 7 81 10 61 73 38 85 40 36) (88 63) (86 35 89) (48 3) 
57 (45 80 37 92) (100 24 33) (40) (51 12 2 65 18) (34 66 60 31 53 48 5 10 3 62 50 91 26 87 11 84 27) 
58 (92 6 12 55 83 59 48 35 38) (39 24) (36 80) (44) (52 49 75 91 56 11 67) (14 77 72 2) (10 79) 
59 (34 6 98 46 56 49 54) (76 12 19 47 67 13 60 83 29 26 69 85) (5 81 59) (58 100 79 48 97 27 11 62) (94 24 21) 
60 (43 25) (35) (86 31 55 77 33) (37 49 42 91 17 85 34 82 81 9 68 53 83 74 84 96 67) (100 46 28 62 48) (56) (27 79 69) 
61 (92 7 67 6 28 88 61 91 43) (31 15) (64 22) (73 27 78 37 96 74 50 93 57 98) (95 1) (40 51 94 97) (36 10 39 11 13) 
62 (27 77 70) (84 42) (69 53) (28 9 80 44 66 60) (57 11 33) (41 59 30 35 5 76 56 85 48 75 54 68 78 37 38 65 7 29 93) 
63 (94 3 61 67 15) (48 88) (79) (30 70 25 72) (1 47 62 6 4 74 64 5 31 69 55 32) 
64 (83 31 33 28) (65 40) (42 61) (81 50 55 59 6 92 46 47 96) (80 14 20 36 11 25) (75 26) (56 3 98 82) (21) 
65 (74 1 100 90 54 62) (68 75 64 67) (59 61 42) (58 83 87 43 80 55 41) (35) (56 79) (69 97 86) (33 85 15 76 70 3) (72 52 95) (49) (34) 
66 (35) (37) (71 77) (32 86 27 5) (100 66 29 23 56 87) (62 90) (16 19 78 44 92 53 24 80 82 20 88 85) (15 93) 
67 (99 47 16 31 15 52 38 90 33 6 67) (45 96 12 19 71 34 100) (97 27 49 72 93 54 87) (46 79) (76 22) (36 78 91 80 73) (65 43 77 68) (95 82) 
68 (17) (1 15) (81 47 35 44 33 21 83 71 75 14) (91 18) (6 25) (87 98 49 43 85 73 36 30 3 20 28 13 77 27 95) (96) (4 67 37) (72) 
69 (72 15 79 81) (93 4 44 87 94 11 20 25 48 19 50) (80) (5 33 57 8) (40 18 69 84 26 98 42 52 55) (75 3 37 16 24) (2 27) 
70 (33 61 4 69 59 68 80 95 50 27 56 67 35 49) (82 65 15 91 64 44 51 53 16 78 97 34 52 54 73) 
71 (71 60 5) (12 24) (51) (80 97 49 34 83 54 85 19 33) (66 21 11 17 70 75) (95) (46 67 76 78 25 96) (72 37 10 59) 
72 (22 93 74 99 67) (46 69 98 63 60 11) (24 19 80 3 17) (40 89 4 64 61 37 32 87) (21) (23 18 100 94 29 75) (88 57) 
73 (96 6 26 69) (76 97 84 40) (12) (74 16) (81 58 80 31) (47) (17 45 87 27 46) (85 77 19 95 35 20 22 37 60 48) 
74 (94) (53 90 91 10 23 58 32 46) (71) (60) (19) (40) (100 14 76 74 42 72 28 66 64 26 93 31 33) 
75 (47 40 59 5 41 76 79 88) (99 1 35 30 2 62 25 33 36 28 21 58 44 94 49 56 90 9 11) (73) 
76 (6 47 22 57 31 86 16 19 3 40 7 49 55 78 43 87) (50 24 76) (15) (95 26 8 70 2 36 48 72 61) (92 91) (14) 
77 (43) (6 11 38 20) (37 29) (63) (74 3 67 7 83) (2 80 33 32 39 98 41 92 52) (68 18) (28) 
78 (81 31 74 13 17 85 6 86 83 53 1 96 37 93 21 97 5 79 10) (71) (25 56 30 16) (52 29 65 8 70 90 43 32) 
79 (30 79 40 3) (50 36 72 20 94 90) (28 45) (57 85 95) (33 100) (21 27 19 15 73 81 86 91 16 29) 
80 (72 56 81 91) (51) (92 33 57) (27 68) (96 21 1 64 47) (48 37) (90) (99 39 43) 
81 (63 47 69) (75 77 46 7 58 20 32 41 82 28 56 14 5 79 30) (10 50 85 93 22 80) (59 31) 
82 (47 99 26) (7 98 76 71 97 92 13 24 21 70 73) (84) (11 68 9 14) (83 28 80 81 75 48 62 69 8 31) (51 64 45) (57 23) 
83 (42 55 88 89) (90 49 52 77 38 11) (79 1) (40 45 14) (66 28 12 78 60 27 4 39) (13 18 35 59 92 98 33 32) (36) 
84 (94 59 54 37 36) (15 27) (89 24) (86 40 29 62 32 45 78 3 87 33 75 82 8 97 81) (49 69 64 74 17 30) (46 67 43 92) (2) 
85 (48) (8 64 73 95 45) (85 4 24 54 37 10 83 82) (36 66) (100 6 38) (11) (98) (78 9) (86 14 91 60) (1) (5 72 63) (96 46) (32 49 94 79) 
86 (24 72 61) (5) (91) (80) (99) (65 68 82 88 77 20) (95 62 26) (76 12 52 31 21 23 63 6 33) (37 3 94) 
87 (54 34 22 79 13 4 66 78 68) (36 18 49 21 67 39 15 42 60 23 51 12 5 19) (98 41 16 11 89 55 29) 
88 (79) (23 97) (39 4) (66) (64 47) (37 24 29 49 75 17 82 77) (60 20) (53 59 9 38 63) 
89 (14 95 92 16 55 18) (94 80 17 90 38 35 29 48 27 13 100 79 12) (69) (3 62 87 61) (9 30 21 46) 
90 (16 93 62) (3 2 57 30 71 15 32) (63 66 78 58 77 73 17 14 36 1 50 41) (29 99 80 64 34 21 13 54 10 76 100) (79 23 53) 
91 (40) (84 57 83 63 29 37) (6 38 35) (82 15) (17) (61 4 90) (12 31 69 55) (75 73) (62 81 9 32 100 30 96 80 8 44) 
92 (98 19 38 95 84) (71 11 63 54 55 94 57 16 35 39) (20) (45 70) (44 80) (59) 
93 (88 70 58 90 31 78 46) (38) (95 89 92 81) (4 49 29 72) (76 83) (51 25 84 35 98 66 65 36 12 26 9 44 47 20) (77 79 22) 
94 (67 79 31 56 39) (23 82 70 53 7 16 96) (68 12 27 20 24 47) (28) (78 87) (49 18 11 98 13 57) 
95 (18 25 35 3 90 49 100 82 47 70 50 30 79 98 72 12) (54 16 21 44 14) (96 61 11) (56 68 31 80 83 91 65) (62) 
96 (89 10 19 18 97 70 39 28) (79 72 13) (7 30 44 20) (84 68) (54 46 14 86 91) (63 71 43 38 29 93) (100 8) (99 80) (6 64 24 23 65) 
97 (63 3 49 14) (2 96 68 60 45 71 13 80 10) (11 53 34 92 6 52 86 66 99 61 24 69 35 54 97 9 30 5) 
98 (22 85 94 97 41 51) (63 25) (59 3 34 60 49 37 19 6 68) (44 10 33 39 2 45 17 77) (88 38 52 73 57) 
99 (46 33 90 87 94 2) (53 66) (22 70 83 23 62) (96 84 26 79) (74 29 54) (32 93 81 16 68) (19 55 76 71) (49 18) (73 44 37 63 60 58) (40 28) 
100 (28 44 2) (62 24 34 51 77 86 59 22 66 80 36 56 88 87 74 90 58) (64 72 7 78 81 30 60 35 20 21 45) 
1 (50) (90) (63 39 78 83) (85 44 45 49) (36 46 75) (22) (15 21 6 40 65 31) (8) (26 2 9 10 61 7) (32) (68 80) 
2 (49) (38) (43) (75) (44) (90) (57) (77) (84) (69) (2 14) (24 53) (25 58) (18 98 99) (30 11 100 97 51) (42 76) 
3 (95) (72) (35) (56) (41) (31) (22) (69) (53) (57) (86) (18) (5) (65) (11) (9 98 38 77 89 76 79 42 47 84 13 10 64 50 54) (17 63) (68 97 90) 
4 (31) (18) (69) (2) (21) (11) (83) (37) (88) (44) (87) (22) (43) (46) (93) (63) (72) (50) (33 55 47 6 91 5 70 68 12) (85 1 32 35) (15) 
5 (35) (50) (63) (87) (59) (69) (75) (85) (78) (81) (46) (86) (24) (22) (38) (62) (57) (31) (66) (21) (32 3 71) (30 34 97) 
6 (33) (86) (2) (12) (10) (3) (85) (54) (97) (63) (51) (9) (78) (7) (77) (98) (23) (28) (76) (11) (42) (68 73 21 26 39 59 67 61 49 96 91 55 20 64 1 58 41) 
7 (37) (42) (44) (81) (55) (56) (2) (96) (39) (94) (16) (77) (8) (100) (34) (22) (36) (82) (23) (25) (43) (62 38) (4) (27 50 40) (61 76 32) 
8 (85) (17) (7) (48) (28) (82) (14) (3) (76) (44) (29) (69) (96) (38) (84) (51) (78) (56) (27) (24) (91) (25) 
9 (19) (35) (60) (91) (50) (27) (8) (88) (15) (82) (23) (55) (18) (85) (39) (75) (93) (11) (89) (10) (97) (34) (62) 
10 (97) (15) (57) (74) (9) (28) (71) (50) (61) (26) (90) (85) (8) (44) (11) (81) (96) (40) (24) (6) (98) (56) (12) (58) (78 36 46) 
11 (64) (57) (19) (85) (59) (82) (41) (25) (71) (10) (51) (94) (3) (61) (97) (53) (32) (72) (62) (23) (18) (39) (75) (37) (69 77 95 87 29 1 42 92 83 15 35 58 9 12) 
12 (87) (95) (91) (17) (15) (49) (57) (7) (83) (56) (11) (32) (43) (71) (5) (58) (24) (42) (10) (89) (73) (54) (59) (93) (67) (94 86 48) 
13 (35) (68) (23) (25) (89) (44) (82) (52) (1) (19) (43) (7) (61) (59) (97) (21) (94) (2) (28) (22) (83) (78) (24) (87) (26) (96 90 36) 
14 (76) (35) (90) (10) (83) (36) (15) (22) (42) (49) (82) (52) (97) (96) (29) (74) (89) (95) (6) (2) (39) (34) (85) (38) (81) (68 45 25 58) (64 9) 
15 (65) (66) (69) (67) (2) (79) (25) (87) (63) (38) (84) (70) (76) (43) (56) (41) (14) (11) (90) (31) (61) (12) (21) (68) (45) (24) (29 22 42 47 16 19) (91 40) 
16 (16) (69) (35) (99) (40) (89) (28) (87) (11) (92) (24) (37) (90) (79) (46) (51) (19) (70) (66) (56) (5) (50) (8) (39) (32) (76) (38) (13 94 53 33 78 95 67 17 42 49 73) 
17 (47) (90) (88) (72) (8) (91) (24) (84) (78) (2) (20) (68) (34) (5) (33) (71) (89) (7) (60) (73) (41) (45) (11) (98) (48) 
18 (53) (77) (95) (96) (27) (29) (51) (99) (17) (68) (21) (69) (87) (48) (18) (41) (8) (89) (23) (43) (83) (12) (94) (57) (15) (72) (42) (37 40) 
19 (22) (99) (74) (72) (24) (16) (73) (59) (92) (32) (69) (79) (6) (67) (54) (44) (98) (28) (76) (87) (66) (96) (1) (19) (49) (71) 
20 (92) (10) (6) (93) (68) (81) (25) (17) (26) (77) (42) (22) (88) (86) (37) (29) (73) (96) (43) (16) (41) (79) (54) (94) (100) (53) (66) (46 14 69 36) (4 64) 
21 (79) (45) (5) (68) (34) (71) (86) (30) (72) (24) (95) (59) (75) (18) (82) (54) (100) (87) (89) (29) (6) (90) (50) (78) (33) (44) (64) (80) (16 8 35 27) 
22 (67) (99) (56) (16) (31) (8) (38) (44) (6) (72) (55) (61) (4) (73) (87) (1) (98) (47) (30) (81) (52) (23) (18) (76) (45) (46) (93) (7) (100) 
23 (49) (31) (24) (48) (6) (99) (28) (96) (16) (82) (13) (44) (90) (53) (66) (21) (87) (56) (41) (7) (4) (33) (86) (88) (27) (94) (74) (38) (29 72) 
24 (10) (100) (94) (57) (31) (76) (84) (96) (11) (28) (21) (14) (35) (71) (59) (69) (66) (88) (50) (40) (86) (25) (27) (15) (1) (82) (5) (58) (33 85 38 37) (72 97 41 19 39 44) 
25 (39) (40) (98) (10) (60) (12) (53) (71) (52) (93) (69) (63) (18) (6) (11) (37) (38) (22) (95) (25) (34) (68) (41) (64) (78) (75) (51) (50) 
26 (59) (53) (1) (7) (76) (17) (57) (41) (15) (93) (86) (16) (64) (38) (69) (42) (73) (32) (2) (99) (50) (20) (82) (74) (19) 
27 (57) (80) (25) (94) (62) (89) (84) (18) (70) (14) (50) (8) (73) (67) (42) (68) (36) (40) (29) (37) (83) (32) (60) (59) (51) (79) (69) (33) (10) (52 61 39 38 66 49) 
28 (44) (36) (94) (82) (96) (61) (47) (34) (64) (40) (79) (83) (68) (99) (45) (62) (27) (56) (100) (16) (60) (74) (20) (81) (75) (21) (30) (46) (17) (48 41 54 77 2) 
29 (79) (29) (52) (53) (90) (42) (88) (77) (96) (99) (33) (1) (93) (66) (48) (19) (35) (49) (84) (89) (91) (72) (11) (45) (15) (78) (17) (87) (46) (24) (62 59) (20 22) 
30 (24) (84) (18) (75) (97) (100) (62) (39) (91) (17) (81) (6) (95) (90) (28) (52) (68) (43) (37) (96) (89) (78) (21) (31) (79) (63) (15) (33) (47) 
31 (54) (32) (22) (25) (95) (81) (64) (11) (86) (3) (60) (61) (73) (63) (38) (4) (26) (37) (76) (47) (93) (57) (74) (2) (78) (94) (82) (18) (17) (91) (67) 
32 (16) (9) (63) (99) (90) (83) (34) (43) (91) (81) (55) (7) (50) (54) (72) (13) (40) (21) (41) (12) (74) (85) (32) (39) (66) (52) (27) (84) (47) (33) (78) (77 5) 
33 (31) (98) (18) (64) (67) (74) (77) (62) (84) (5) (75) (79) (34) (68) (99) (71) (15) (42) (70) (83) (40) (65) (86) (56) (60) (57) (11) (14) (8) (7) (69) (47 80) 
34 (97) (60) (47) (33) (70) (29) (28) (34) (59) (1) (57) (100) (7) (71) (23) (37) (98) (87) (24) (52) (12) (67) (90) (65) (8) 
35 (92) (49) (66) (89) (65) (36) (100) (91) (95) (68) (1) (58) (75) (62) (60) (29) (30) (24) (31) (12) (40) (93) (22) (73) (83) (97) (8) (34) (33) (56) (70) 
36 (64) (67) (85) (83) (93) (56) (2) (26) (75) (84) (79) (32) (54) (76) (22) (29) (41) (68) (61) (24) (90) (13) (58) (25) (100) (87) (46) (40) (48) (31) 
37 (23) (71) (62) (47) (72) (60) (91) (39) (27) (88) (10) (69) (57) (44) (73) (54) (78) (77) (80) (61) (66) (98) (55) (30) (8) (85) (86) (99) (68) (84) 
38 (83) (91) (4) (88) (77) (56) (47) (32) (58) (29) (98) (7) (96) (35) (19) (89) (93) (92) (33) (27) (38) (62) (15) (45) (67) (8) (14) (85) 
39 (28) (50) (96) (88) (83) (40) (44) (11) (98) (58) (77) (92) (16) (25) (32) (33) (6) (15) (61) (56) (9) (94) (87) (80) (27) (49) (43) (31) 
40 (64) (72) (24) (84) (13) (16) (19) (17) (20) (79) (75) (1) (91) (29) (34) (99) (25) (56) (83) (73) (26) (55) (69) (61) (14) (49) (31) (76) (48) (57) (32) (33 74) 
41 (18) (15) (16) (38) (55) (35) (48) (65) (6) (87) (5) (81) (41) (25) (98) (17) (77) (21) (19) (46) (36) (90) (10) (56) (39) (47) (12) (20) (75) (54) (62) 
42 (32) (1) (60) (27) (83) (87) (37) (44) (12) (45) (28) (30) (41) (74) (22) (39) (31) (17) (29) (62) (65) (64) (42) (69) (18) (23) 
43 (96) (33) (76) (80) (7) (84) (25) (45) (29) (27) (42) (39) (26) (56) (60) (61) (9) (78) (17) (20) (15) (65) (2) (68) (49) (32) (1) (67) (77) (24) 
44 (91) (42) (10) (15) (95) (66) (41) (75) (32) (99) (39) (50) (69) (43) (13) (58) (70) (40) (29) (47) (20) (93) (27) (98) (92) (28) (25) (68) (100) (62) (1) (36) (21) (96) 
45 (35) (43) (73) (33) (46) (48) (100) (37) (67) (79) (17) (7) (97) (5) (57) (28) (92) (98) (12) (14) (19) (84) (83) (85) (82) 
46 (59) (99) (71) (60) (32) (13) (5) (85) (84) (10) (89) (64) (54) (35) (24) (93) (19) (40) (1) (81) (3) (73) (50) (17) (2) (20) (4) (72) (74) (96) (22) (67) 
47 (47) (19) (5) (94) (76) (6) (82) (64) (73) (88) (46) (59) (34) (81) (63) (44) (20) (30) (93) (26) (23) (95) (39) (75) (33) (68) (42) (80) (67) (28) 
48 (57) (39) (59) (76) (12) (58) (85) (31) (62) (22) (56) (47) (10) (63) (49) (60) (21) (34) (36) (69) (16) (45) (29) (2) (11) (42) (73) (41) (80) (89) (82) (24) 
49 (5) (59) (84) (25) (34) (75) (97) (51) (2) (55) (95) (98) (33) (7) (83) (53) (99) (49) (71) (68) (41) (70) (6) (58) (88) (23) (87) (76) (85) (47) (9) (93) (67) (94 65) (60) 
50 (12) (41) (26) (29) (81) (2) (64) (36) (49) (45) (53) (90) (6) (31) (95) (43) (18) (9) (57) (70) (79) (30) (44) (76) (19) (69) (61) 
51 (23) (47) (17) (98) (71) (26) (12) (16) (33) (42) (100) (57) (14) (18) (55) (70) (25) (87) (52) (22) (82) (80) (61) (13) (93) (39) 
52 (40) (65) (52) (11) (24) (4) (49) (8) (83) (35) (77) (58) (69) (42) (86) (98) (67) (50) (32) (3) (97) (78) (70) (6) (29) (7) 
53 (78) (99) (24) (31) (49) (66) (52) (33) (57) (16) (74) (27) (70) (94) (9) (60) (38) (6) (46) (54) (42) (50) (55) (53) (62) (88) (23) (90) (4) (10) (12) (26) (28) (97) 
54 (71) (70) (3) (90) (95) (11) (16) (59) (96) (53) (52) (87) (67) (41) (40) (65) (51) (34) (84) (26) (17) (31) (99) (62) (85) (38) (14) (25) (49) (54) (47) (97) (92) (55) (29 37) 
55 (25) (22) (53) (87) (63) (91) (65) (42) (49) (7) (39) (69) (16) (13) (10) (56) (23) (83) (1) (92) (76) (35) (89) (64) (99) (60) (2) (58) (44) (47) 
56 (24) (14) (81) (48) (64) (40) (94) (66) (41) (78) (80) (45) (95) (47) (1) (34) (75) (100) (54) (35) (70) (65) (59) (60) (20) (8) (2) (58) (28) (17) (62) (27) (53) 
57 (14) (79) (76) (8) (31) (82) (21) (12) (15) (54) (22) (90) (72) (94) (61) (2) (80) (29) (6) (98) (46) (43) (25) (7) (17) (34) (35) (69) (91) (28) (13) (62) (92) (40) 
58 (28) (23) (53) (49) (73) (50) (15) (6) (1) (42) (3) (35) (90) (65) (41) (75) (59) (13) (100) (48) (34) (99) (14) (74) (54) (4) (30) (93) (81) (36) 
59 (75) (13) (65) (70) (3) (100) (52) (64) (24) (46) (49) (37) (71) (62) (58) (12) (39) (22) (59) (55) (98) (83) (81) (92) (14) (53) (15) (84) (88) (16) 
60 (4) (20) (98) (83) (87) (57) (45) (74) (88) (10) (29) (7) (8) (46) (33) (37) (16) (17) (25) (100) (23) (59) (47) (62) (54) (72) (38) (73) (85) (99) (44) (97) (14) (71) 
61 (1) (61) (28) (6) (24) (4) (49) (3) (95) (37) (65) (76) (86) (22) (38) (21) (56) (33) (35) (91) (13) (9) (8) (17) (89) (72) (10) (70) (34) (20) (54) (63) (64) (43) (97 27 51) 
62 (84) (13) (60) (48) (75) (95) (31) (90) (63) (43) (91) (54) (53) (40) (100) (65) (44) (99) (16) (35) (89) (86) (82) (41) (1) (55) (59) (57) (66) (23) 
63 (85) (46) (34) (35) (72) (36) (28) (56) (15) (97) (54) (99) (88) (11) (91) (96) (98) (24) (81) (92) (8) (86) (90) (25) (39) (77) 
64 (22) (63) (70) (17) (20) (72) (12) (84) (100) (26) (80) (14) (27) (44) (6) (52) (65) (90) (31) (7) (96) (85) (5) (54) (74) (61) (88) (19) (49) (82) 
65 (64) (28) (39) (96) (70) (10) (53) (62) (95) (93) (67) (12) (16) (78) (44) (34) (57) (41) (6) (86) 
66 (1) (100) (24) (42) (90) (16) (87) (19) (9) (18) (88) (62) (83) (97) (43) (74) (30) (41) (99) (52) (57) (28) (71) (48) (85) (66) (21) (47) (55) (93) (7) 
67 (71) (60) (84) (72) (42) (94) (31) (23) (77) (65) (2) (8) (58) (51) (22) (70) (63) (3) (87) (24) (34) (61) (67) (68) (29) (39) (59) (46) 
68 (77) (65) (36) (54) (40) (86) (12) (17) (14) (94) (98) (46) (82) (18) (2) (41) (3) (26) (67) (95) (45) (87) (34) (96) (29) (99) (11) (60) (80) (49) (70) (97) (16) (62) 
69 (73) (5) (42) (62) (17) (3) (40) (28) (10) (6) (65) (27) (91) (69) (4) (34) (89) (70) (97) (82) (81) (12) (63) (72) (56) (11) (59) (60) (84) (19) (31) (13) (14) 
70 (93) (71) (11) (6) (76) (92) (42) (34) (16) (37) (96) (39) (19) (32) (40) (10) (31) (63) (62) (18) (94) (82) (95) (65) (48) (99) (78) 
71 (13) (50) (67) (78) (71) (74) (68) (97) (66) (28) (1) (36) (17) (26) (22) (90) (10) (11) (8) (96) (21) (2) (99) (27) (56) (82) (15) (92) (3) 
72 (95) (85) (31) (30) (80) (96) (9) (28) (58) (76) (34) (46) (86) (47) (23) (63) (68) (74) (52) (71) (93) (65) (79) (17) (55) (69) (13) (100) (51) (12) (49) (16) (67) (1) 
73 (7) (13) (51) (99) (61) (38) (32) (91) (2) (82) (12) (70) (28) (49) (67) (3) (47) (68) (90) (79) (98) (31) (33) (56) (75) (23) (27) (30) (8) (85) 
74 (9) (77) (25) (63) (27) (11) (5) (78) (30) (65) (14) (61) (2) (72) (19) (73) (38) (46) (3) (84) (99) (40) (7) (23) (60) (26) (74) (100) 
75 (55) (53) (39) (37) (13) (16) (17) (84) (68) (29) (69) (45) (54) (27) (65) (3) (2) (64) (34) (20) (82) (72) (30) (31) (4) (42) (6) (1) (22) (88) (10) (35) (51) (81) (62 71 58 91 5) 
76 (24) (67) (65) (76) (90) (40) (18) (74) (30) (54) (59) (21) (99) (73) (71) (41) (86) (12) (43) (6) (75) (39) (47) (55) (20) (13) (82) (62) (93) (2) 
77 (73) (55) (35) (66) (19) (88) (90) (20) (50) (51) (93) (62) (49) (81) (83) (60) (98) (58) (16) (46) (36) (5) (47) (86) (54) (67) (52) (25) (48) (4) (100) (18) (68) (6) 
78 (4) (93) (62) (76) (83) (84) (7) (28) (71) (94) (32) (56) (42) (22) (100) (9) (26) (55) (11) (61) (90) (10) (18) (13) (70) (31) (67) (39) (36) (21) (14) (1) (87) (37) (66) (85) 
79 (58) (60) (96) (1) (67) (81) (99) (53) (69) (18) (89) (40) (94) (37) (47) (95) (65) (78) (6) (75) (22) (9) (45) (12) (93) (59) (63) (90) (8) (30) (85) (79) (83) (88) (36) (87 4) 
80 (37) (34) (90) (96) (48) (14) (67) (22) (35) (92) (36) (1) (77) (44) (38) (21) (57) (50) (95) (64) (10) (8) (66) (86) (73) (32) (51) (89) (91) (65) (81) (28) (71) (82) (62) (12 97 29 52 100 72) (70) (58 3 69) 
81 (14) (37) (26) (54) (56) (79) (73) (55) (93) (60) (64) (91) (43) (80) (34) (15) (99) (68) (49) (59) (35) (100) (44) (6) (50) (82) (84) (41) (69) (78) 
82 (35) (12) (66) (67) (46) (36) (86) (24) (26) (43) (85) (37) (88) (95) (10) (91) (3) (84) (70) (20) (4) (11) (64) (27) (34) (94) (81) (60) (51) 
83 (77) (44) (3) (93) (99) (41) (58) (6) (56) (71) (95) (14) (82) (64) (43) (65) (32) (31) (59) (11) (78) (91) (68) (34) (35) (37) (60) (85) (36) (26) 
84 (52) (93) (82) (57) (26) (99) (18) (60) (92) (62) (91) (10) (36) (12) (28) (73) (13) (69) (51) (4) (34) (96) (25) 
85 (40) (9) (62) (20) (43) (4) (54) (71) (73) (98) (14) (7) (32) (81) (29) (17) (85) (10) (66) (59) (50) (44) (12) (34) (79) (78) (65) (60) (56) (1) (68) 
86 (96) (65) (60) (78) (55) (13) (54) (46) (14) (97) (76) (40) (84) (42) (45) (3) (17) (43) (2) (25) (100) (51) (79) (66) (6) (56) (85) 
87 (36) (34) (72) (94) (40) (84) (39) (46) (73) (76) (67) (100) (41) (66) (47) (65) (99) (11) (23) (25) (68) (19) (57) (69) (52) (26) (89) 
88 (22) (49) (15) (46) (86) (25) (32) (93) (45) (16) (98) (11) (33) (37) (72) (100) (7) (63) (48) (20) (83) (21) (66) (56) (75) (61) (9) (14) (28) 
89 (25) (48) (37) (29) (55) (19) (83) (93) (6) (56) (84) (1) (87) (36) (18) (26) (72) (96) 
90 (100) (8) (67) (79) (34) (1) (49) (75) (80) (15) (25) (53) (12) (36) (7) (91) (24) (65) (83) (78) (66) (95) (42) (23) (89) (74) (47) (48) (93) (99) 
91 (76) (86) (37) (95) (67) (96) (57) (39) (6) (10) (8) (34) (3) (25) (61) (49) (16) (74) (85) (68) (18) (41) (79) (80) (58) (70) (60) (48) 
92 (47) (58) (84) (89) (25) (12) (13) (93) (27) (17) (9) (21) (20) (83) (23) (61) (51) (38) (50) (64) (97) (16) (43) (66) (57) (82) (15) (77) (80) (18) (76) 
93 (12) (33) (50) (61) (69) (3) (46) (81) (74) (96) (78) (90) (62) (32) (49) (16) (6) (67) (14) (72) (18) (38) (44) (66) (29) (43) (99) 
94 (20) (51) (63) (32) (74) (42) (4) (98) (84) (23) (86) (18) (25) (21) (89) (22) (10) (79) (75) (31) (5) (38) (72) (59) (85) (2) (35) (55) (99) (92) (53) (11) (13) (61) (47) (69) 
95 (29) (70) (79) (10) (45) (85) (92) (22) (14) (26) (73) (23) (7) (65) (28) (51) (61) (56) (89) (76) (71) (49) (50) (1) (93) (27) (46) (48) (68) (86) (24) (3) (12) (67) 
96 (18) (61) (99) (97) (60) (71) (8) (85) (16) (27) (80) (68) (78) (94) (64) (15) (1) (67) (5) (25) (95) (45) (91) (28) (44) (31) (47) (73) (41) (49) 
97 (59) (38) (65) (73) (98) (2) (1) (70) (84) (12) (67) (88) (44) (19) (97) (6) (11) (78) (96) (61) (71) (52) (82) (53) (46) (34) (54) (31) (32) 
98 (17) (14) (95) (69) (38) (25) (64) (94) (6) (37) (87) (68) (85) (16) (59) (3) (23) (49) (1) (33) (92) (82) (2) (29) (83) (77) (61) (93) (8) (27) (72) 
99 (80) (54) (34) (48) (31) (43) (47) (72) (86) (14) (96) (19) (22) (9) (82) (21) (97) (41) (49) (75) (67) (51) (24) (20) (26) (90) 
100 (24) (6) (74) (29) (15) (39) (42) (79) (11) (5) (14) (56) (91) (57) (72) (41) (22) (32) (66) (46) (1) (59) (34) (8) (85) (31) (38) (65) (67) (47) (36) (2) (30) (25) (95) (96) (90) (60 89) 
