0
100
100
1 (43) (50) (37) (95) (8) (97 32) (15 47 48 54 91) (35 82 99) (18) (31 77) (55 40 30 60 49) (85 29 76 72 42) (56 2) (94 41 19 16 86) (27) (7 17) (39) (79 1) (64 74 58) (21) (59 28 25) (75) (90) (71 23 84 65 10 12 36) (63 100 61) (26 51 38 44) (14 24 69) (89 52) (57 20 33 70 9) (46) (68) (5 73) (11) (6 62) (87 96 88 93) (92) (4) (13 98) (80 81 3 67 78 53 22 83) 
2 (7) (97 74 81) (66 85) (5 99 41 64 59 2 29 23 57 39 58 48 22) (87) (78 13 21) (28 80) (62 65 44 72) (89 73) (37) (9 63 16 55 47 27 88 100 53) (92 67 40) (94 69 60) (49 50 14) (51 83 95) (8 3 32 18) (96 86) (10 1) (36 35) (76 90) (15 11) (45 54 26 79 31) (77 6 98) (75 56 19 91 33 43) (24 12 46 70 20) (82 68) (30 61 17 84 71 52) 
3 (8 88 20 100 79 17 51 77 99) (58) (30 96 80) (42 19 62 34) (3 52) (68 37) (94 10 70) (81 1 54 74 69) (72 11 2) (7 64 18 22) (44 28) (87 29 46 86 61) (26 32 35 14 33 60) (25 56 63 9 5 57 6 59) (27 84) (13 15 53) (73 85 16) (83 89 76 97 47 31 90 4 23) (49) (24) (38) (92 95 67 45) (78 21) (48 39 40 55) (82) (12) 
4 (44 23) (17 34 80 10 69) (6) (49 92 61 43 11 35) (65 70 55) (42 45 33 73 98 96 52 37 18) (25 1 13 56 4 41) (89 29 75 90) (16) (40 87 3 5 81 22 62) (8 12 79) (68 38 31 57) (66 14 83 32 20 58 88) (27 7 60 77) (99 46 48 95 64) (74 54) (76 26 72 59) (28 84 36 2) (21 53 82) (93) (39 100) (50) (86) (97) (63 67 15 78) (85 51) (47) 
5 (55 100) (77 72 38 7 9) (31) (43 11 91 40 45 4 79) (19 52 93 23) (82 51 21 34 83 44) (99) (48 26 56 33 64 22 98 90 5) (73) (42 14 17) (89) (68 6 58 10 94 29 65 63 25) (49 74 69 96 86 59 2 54 95 32 13) (36 47 97 61 1 27 37 62 8) (71 92) (66) (67) (87 70 24 3 28 60) (81 46 39) (75 57) (53 30 76 41 88 80 50 84) 
6 (100 98 32 35 64 89 87 23 53 25 79 65 46) (95 90 41) (30 63 80 8) (75 20 24 78) (58 36 42 68) (70 6 81 26) (82 14 27 49) (10) (85 54) (73 66 12 59 60 5 17) (39 86) (15 56 88 1 19 43) (48 22 28 38) (37 3 34 16 84 51 13 7 74 93 45 55 96 76) (33 92 18 62 99 29) (50 40 97 72 83) (4) (94) (31) 
7 (63 46 58 26 69 27) (23 67 28 62) (66) (74 91 4 24 31) (87 41 82 33 20 36 92 50 98) (19) (61 71 1) (39) (29 72 25 17) (89) (21) (83) (100) (59 49) (57) (5 73) (68 64 77 44) (93 65 7) (37 10 53 48 86 47) (40 85 70 99) (94) (55 35) (38 95 60 34 30) (81 97 51) (76 15 32 56 78 84 11 45 54) (88 52) (43 75 12 8) (90) (79) (42 22) 
8 (25 74 65 86 23) (26 57 63 69 7 49) (68 6 44) (10) (17 45 12) (4) (24) (15 89 29 84 71 18) (83 3) (93) (92 34 78 37 51 16 80) (82 66 67 46 36 47 56 58 2 97 19) (70 76 33 20 43 59 11 77 88 72 48) (22 91 27 96 9 31 55 14 21) (85) (13 39 81 94) (30 52 61 8) (28) (35 1 79) (42 64 87 50) 
9 (64) (32 26) (44 65) (9) (10 42 19 57) (37 16 80 61 62) (96) (78 14 35 88 98) (18 53) (84) (92 25 41 49 93) (50) (30 59 66 45) (89 69 51) (76 5 3 23 36) (52) (34 81 85 56 79 74) (68 39 54 43 21 86) (46 71 40) (83 47) (22 90 8 58 4 6 60 48 38 82 33 95 72 63) (29) (91 15) (27 11) (94 75 100 55 2 1 97) (17) (28 7) (77 20 24) (99 13) 
10 (8) (70 90) (39 57 93) (61 21 66 11 17 95 97 12 1 69) (18) (28) (46 44 14 74 75 87 55 98) (53) (38 99 10 35) (22 59 41 45) (48 79 20) (36 32) (54 65 91) (40 13 71 67) (34 86 80) (73 29 88 96) (4 58 47 42 84) (51 94) (43 23 68) (31) (62 16) (72 64) (92 30) (9) (100) (37 83 78 60 2 25) (56) (81 49 52) (77 82 33 26 50 3) (63 7) (19) 
11 (35 56 23 75 50) (100 48 80 55 77 97) (45) (63 83 22 44) (57 79) (96 99 20 12 67) (81 86 49 33 78 39 27 29) (71 65 21 46) (2 31 10 61) (70 19 41) (38 98 34) (60 9 42 64 1) (69) (11 3) (17) (13 89 90 7 85 73 88) (76) (36) (40) (54 93 68 28 43 66 15 51 95) (87 25 58) (47 18 91 32 24) (30) (26 5 59 72 92) (16) (82) 
12 (89 100 42) (64) (31 43 94) (14 20 90) (71 91 34 1 45 70 60 7) (68 67 66 28 38) (9 69 49 15 72) (88 58 46 99) (16 41 19 98) (77) (96 4) (39 55) (73) (25 29 10 18 74) (92) (32 75 62) (21 24 8) (5 26 95 82 86 23) (79) (48 84 3 33 83 37 56 63) (44 2 22 27 59 35 80 78 50 53 93 11 12 61 87 81 76 40) 
13 (33 82 46 44 48 78 25 8 59 45 97 28 18 57 96) (3) (21 17 99) (65 63 86 80 16 9) (34 4 58) (87 53 1) (68 79 71 14 12 95 52 37 31 72 42 98 62 92 41 47) (73) (35 49) (69 94 67) (10 40 60 88 23 66 29 38 75 77 76 39 32 13) (90 51 2) (74 43 93) (22 83 24 55) (70 56) (81) (15 30 7 64 89 91 84) (100 26) (36 50 20 61) 
14 (27 52 66 96 86 47 16 78) (53 63) (20 22 59) (72 23 70 73 14) (64) (24 82 38) (87 44 18) (11) (34 2 100 12 17) (92 99 68) (35 75 37 3 88 65 13) (67 80) (58) (46 41 50 36 9) (32 95 97 69 28) (56 74 5 42 85) (30 71 48 51 93 91 83 79 33) (94 90) (25) (15) (49 39 98 31) (1) (89 55 10 76 61 19 57 7 6) (60 81 77 4) 
15 (46 72 24 37 13 78 93 100) (35) (11) (34 55 15 26 10 50 39 76) (17 60 28 54) (14 86 88 90) (69) (47 20 8 81 16) (66) (62 64 6 65 49 36 96 77 85 71 67) (21 52 94) (53 2 19 91 3 5 75 70 61 87 40 58) (29 79) (99 38) (82 83 51 98 89 63) (92 57 33 9 97 43 41) (45 73 44 1 59 32 42 25 68) (22 74 56) (31) (80 84 12) 
16 (68 41 58 99 33) (42 70 52) (12 40) (89) (78 10 29 73) (31 77 43 67 17 69 59) (23) (88 22 60 82 18 76 3) (5) (6) (25 14) (30 56) (49 63 96) (57) (66 97 1 19 65) (94 61 20 16 37 32 34 24) (84) (79 90 75 91 62 27) (72 51) (36 4 100 8 13 44 38) (21 53 50 28 55) (11 35 26 64 85) (39 15 92 45 74 87 71) (47 81 46 9) 
17 (1 80 76) (74 92 87) (62) (33 49 91) (31) (37 26 15) (77 82 24 84 4) (23) (64 32 13) (85) (35 95 89 71 16) (57) (6 46) (39 2 22 43 63 12 40 34) (93 97 68) (14 61 99 3 60 47 25 10 41) (66) (44 27) (98 72 11 67 9) (96 50 100 70 21) (90 59) (52 56 8) (5 55 75 88 53 48 81) (17 86 83 38 58) (28 19 69 65 73 7 20 29) (54) 
18 (73) (58) (11 43) (81 9 22 57 70 50) (41) (87 23) (25 42) (19 94) (99) (15 71) (18) (30 84 90) (100 86 32 7 55 40) (76 79 10) (6) (62) (49 8) (36) (82 44 63 27 5 56) (78 45 47 97) (35) (17) (31 61 60 66 12 13 85 38 69) (83) (96 88 77 2) (28) (92 39 65) (74) (52 33) (14) (67) (59 16) (75 95 93 91 1 64) (3) (80 53 26 20 29 48) 
19 (46 66) (42) (41 23 73) (18 98 6 68) (90 95) (59 62 19 100 43) (55) (14 34 3 15 87) (32 53) (20 52 97) (91) (17 88) (35 58) (79 16 72) (61 47 83 5 44 4) (96 85 89 50) (86 67 31 7 21 25 48) (33) (81 99 29) (40 10 77 75 38) (27 63 74) (80 22) (70 94) (45 26 64 78 93 30 9 65 49 24) (82 39 28 57 92) (51) (8 76) (60 12 69 36) (1 2) 
20 (68 60 57 6) (9) (23 67 77) (24 10 65 38) (8) (2 83 59 69) (5) (94 14 92 25 76 100 42 81) (22) (26 82) (40 55) (20) (63) (28 41 58 17 29 73 61 86 48 96 88 72 66) (53 31 15 71) (39) (90 1 75 85 64) (78) (11) (98 99 93) (34) (47 30 4) (80) (70 56 16) (87 37) (13 21 43) (3) (32 33) (46) (45) (35 7) (12) (54 74) (62 51 89 49 27) 
21 (9 54 50 84) (72) (100 7) (41 61) (34) (63) (64) (11 93) (89 91) (37 85) (27 94 14 38 23 53) (68 83) (79) (80) (71) (45 51 29 81 36) (5) (4 43 44 12 40 60) (30 95 49 16 17 65) (47 15) (13 57 32 48 59 8 31 1 75) (88 52 90 98 21) (78 87) (10 62) (76 33) (86) (28) (66 56 92 42 18 96 2) (6) (70 46 39 97) (3 25 26 58 99 74 22) (73) 
22 (28 11 95 74) (78 87 55 12 4 64) (61 8) (76 100 93 1 79 84 14 45 97) (30) (31 51) (77) (34 36 99 73) (71) (41 16) (62 52 7) (18 63 32 6 15 9 58 85) (70 92 98 90 66) (13) (56 48 26 72 33) (24 25 86 57) (21 19 96) (20 69 2) (88 68 43) (3) (94 53 40) (5 50) (82 81 42 44) (91 54) (60 27 75 10 35 65 67 47 37 17 46 80 59) (23 29 39 38) 
23 (71) (41 38 86 2 16 11 13 15 50 1 10 40 73) (99) (62) (79) (78 39 20 67 75) (26 36 44) (88) (45 4 72 58 23 55 94 80 82 46) (65 30) (32) (85 31 6 91 98 29) (97 77 51 90 89 17) (28 68 64 3 53) (5) (21) (57) (49 59 35 56 33) (8 43 47) (63 60 19) (70 66 93 83) (37 34 100 96 7 42) (18 81 9 12 24) (48 95) (76) (74 92 27 84) 
24 (88) (82 94) (100 20 65 43 81 42 76 23 73 55 96 44) (62 3) (59) (5 48) (72 35 9 77 40) (22) (97) (69 90 33) (61 56 79) (85 63 39) (70 53) (7 84 8 37 32) (14 11 68 66) (17 26 64) (2 16 30 15 54 78 67 19 10 91 87) (80 57 4 24) (41 46 6 27) (74) (25) (21) (51 1 50 47) (38 99 45 71 86) (36) (29) (49 83) 
25 (86 30) (92 45 63 87) (33 75 57 15 14 78) (77 39 41 19) (43 2) (53) (65 16) (99) (44 28 24 66 89 82 84 1 47 11 93 79 71) (69) (42 55 60 7 17) (8 97) (21 49 62 12 4 37) (91) (95) (34 48) (5 70 83 100 61 94) (67 23 81) (59) (98 35 74) (52 88) (25 26 10 22) (18 31 76 40) (73 51 29 72 32 96) (54) 
26 (69) (61 73) (18 49 7) (46 90 64 36) (89) (86 6 1 28) (23 34 96 76) (67 56 74 66 99 15) (81 38 27 39 47 62 63 3 24 13) (21 43 100 77 51 50 29 30 40 83 80 4) (37) (71 12) (44) (22 94 16 45 98) (93 60 72 55 85) (41 19 25) (53) (10 57 87 11 59 48 78 42) (92 95 65 26) (31 91 35 9 52) (70 2 75 32) (14 20 97 17) 
27 (3 67 72 30 38 45 23) (63) (16 53 28 76) (43 27) (82 98 80 83 73 47 37 8 4) (52 75 22 20 25 54 56) (87) (42) (39) (86) (70) (50 32 9 89) (35 66 24 19 26 59 93 65) (64) (57 31 100 92) (68 62 7) (97 88) (60) (77 10) (5) (18 51 17) (96 91 79) (21 61) (71 99 41 34) (40 81 95) (90) (2 85) (6 46) (33) (11 14 94 49) (15) 
28 (64 75 63 20 30) (47 6 19 4 86 34) (59 38 49 35) (62 9) (61 16 93 51 17) (81) (71) (91 13 53 54 15 5 73 32 58 25 89 24 31 57 46) (3 67 22 83 78 48 23 56 14 7 98) (66 84 85 2 11 90 29) (44 27 72) (1 87 69 50) (18 96) (37 26 79 80 74) (88 45) (28 92 33 12 55) (8 39 94 70 36 77 99 21) (95 43 76 68) (65 82 60 41 10) 
29 (88) (96 31 52 17) (97 19) (51 29 7) (48 33 28 93 21 8) (63 68 41) (91 55) (30 2 67 38 87 95) (80 65 85 89 25 46 61 92) (78) (36) (14 27) (11) (75 45) (47 94 71 50) (9 42 1 79) (82 54 76) (12 23 34 77 99 35 49) (81 58) (90 59 64 13 60 4 70) (39 44 98) (26) (69 74) (37 20 10 32 57 86 40 5) (72 24 83) (15 73 18 3 6) (100 66) 
30 (85 95) (64 5 74 58) (17) (28) (27) (69) (8 22 82) (83 7 19 88 6 68 94) (81 62 90) (12 53 71 43) (38 72) (65 37 60 51) (34) (56 31 55 86) (49 100 18 48 11) (87 99 40 54 10 63 91 3 61 23 67 14 36 97 35 15) (89 66 76 39 52 2 77) (30) (73 16 41 98) (57) (32 50 47 59 21 75) (92) (1 24 84) (45) (80 25 44) (13 26 29 70) 
31 (51) (2) (3 69) (98 55 56) (50) (52 92 18) (93 84 28 35) (75) (90) (64 100 97) (32 26) (37 87 8) (13 9 61) (34 60 31 88 24) (7 76 41) (40) (27) (14) (83) (22) (68) (17) (78 20) (94 11 66 15 54 62 33 45 12) (16 74 73 1 91 49) (36 67) (43 6 95 63 23) (47 58 99 96 29 46) (19) (89 30 81) (80 39 48 42) (71 44 65 59) (72 10) (70) 
32 (49 13) (66) (61 47) (6 42 44 51) (1 26) (54) (43 72 2 5 21) (4 62 76 3 74 91 94 64) (67 88 19 28) (25 12 81 7 79 46 53 98 39) (80 96) (9 57) (100 68) (33 52) (60 14 48 84) (82 16 23) (11 38 8) (15) (58) (35) (29 34) (65 73 45 20 78) (56 90) (41 59 83 85 95) (50 10) (63 30 22 18 70 93) (40 89 92 32 31 55 36 86 97) 
33 (91 15) (23) (26 84 63 75 87 55 35 45 88 7 82 95 42 14) (72 8) (28 19 54 49 16) (36) (4 93) (81 90 85 24) (56) (13) (64 61 68) (27) (38) (21 43 40 59 78) (34) (70 32) (3 1 94) (92) (79) (41 65) (66 89 62 47 10 83 22) (98) (74 25 6) (18 97 57 20 5 37 31 11 48 96 100) (71) (73) (30 69 77 39 50 99 58 17 9) (29) (52) (51 60) (53 86) 
34 (29 100 46) (3 31 30) (69) (70 10 92 26 39 72) (67 61 64) (98 79 36 81 21 50 75) (38 66 15 32 90 85 52 93 51) (57) (27 25 2 53) (55) (18 16 95 59 74) (28 73 86) (17 12) (44) (87) (76) (48) (41 80 6 77 68 4 45) (7 20 88) (84 35 56) (83) (8 22 24 89 49) (71 63) (43 14 42 54) (9) (78 96 65 97 99 33) (82 5) 
35 (19 73 30 97 81 89) (53 78 15 51 35 80) (34 46 76 17) (45 93 95 8 25) (67 90 54 99) (50 60 1 44 85 14) (32 96) (94 70) (5 62 49 79) (66 63) (33 16 11 88 36 38 4 69 55) (87 74 92 26 27 28) (12 100 18 48) (43) (42 41 39 84 71 58 40) (61) (77 98) (13 83 72 24 21 47) (22) (10 57) (82 64) (20 29) (52 31 59 91) (6 65 9 7) (37) 
36 (49 81 80) (58 88 74) (4 42) (10 2) (85) (17 96 87 71 67 28 60 20 13) (39 5 94 47) (54 50 18 57 75 35) (22) (59 73 30) (34 37 92) (62) (23) (44) (68) (97 89 38) (15 11 98 51 56 52 84) (53) (19 69 86 43 45 76 65 7) (77 90 61) (99 12 8 55 70 3 63 32 6 100) (40 25) (26) (33 91 82 9 46 93 48 41 79 78 1 72 21) (95 16 29 27) (83) 
37 (18 49 56) (78 2 53) (69 34 21 26) (44 42 8 39 10) (76 51 27 97) (4 40) (86 22) (61) (41 91 29 58 82 31 13 25 15 46 74) (16) (57) (54) (90) (93 14 5 63 43 83 11) (19) (68 60) (71 67 100 36) (47 33 89 92 62) (64 65 37 66 30 52 84 38 80 73) (48 3 12) (55 6) (23) (24 35 94) (88) (95 28 50 70 17 9 81 96) (1 45 20 85 87 72 98) 
38 (49 19) (33 31 96) (68 94 45 22) (98) (42 95 28 62 87 37 83) (11) (36 32 90) (92 47 84) (73 3) (26) (6) (63 70) (15 25 82) (2 81 75 66 39 53 23 76 35 60 78 24) (48 93 50) (77 41) (12) (20) (69 18) (59) (80 91) (56) (5 72 30) (14) (40 44 74 88 13 86 43 9 89 71) (17 29 10 100 51 4 55 97 67) (1 21) (79 38) (16 8 85 99 57 34 61) 
39 (34 57 85 45 99) (38 33) (36 39 70 89) (50 3 22 27) (40 2 41 98 25 65 73 74) (44) (95) (76) (75 52) (10 94) (56 80 83 63) (60) (61 46 87 23) (67 15 7) (96) (1 84) (68 14 35) (43) (90 31) (6 81 48 8 58 11 21 72 20 51 86) (4) (53) (47 71) (55 97) (91) (100 37) (19 24 30) (69 9 42 26) (12 5 32 77 92 88) (49 62 17) (93 28 16) 
40 (92 26 66 22) (81 3 36) (15) (16 34 82 97 40) (78 60 87 58 73 99 52 30 96 41 75) (25 14 5 10) (54 33) (43 63 39) (71 91) (98 50 46 89 67 9 21 42 4) (84 48 70 19) (68 76 23) (94 18) (62 59) (7 47 17 53 79 57) (2 74 27 61 8 56) (45 12 65 95 85 44 13 28) (20 55 86) (31 51 24 80 100 11 35 88) 
41 (31 99 83 76) (69 21) (14 19) (29) (16 7 66 53) (42 10 91) (64 79 96) (78 6 73 74 43 92 47 23 38) (1 35 85 50 77 67 13 55 32 89 5 72) (27 57 40 71 18 46 8 3 15) (87) (94 22) (2 93 88 48 36 90) (25 54 11 4 75 24) (56 41 45 68 60 12 100 9 95 97 52) (86) (26 59 58 61 82 20) (62) (17 37 80) (34 98) (28 49) 
42 (18) (52 68 42 90 16 24 67) (25 86 49) (56 80 85) (44 13 1) (83 88 8 65 59 7 36 3 19) (14 78 77) (50 51 10 32) (66 60 91 63) (6) (33 82 62 12) (29 5 41 97 89 9 55) (20) (26 84) (46 23 61) (39 58 35) (98 37 4) (27 54 74) (72 2 76 21 92 71) (96) (43) (34 15) (75 22 79 87 28 100) (99 48) (40 17) (81 64) (47 31 45 70 38) 
43 (12 15 11 90 32 85) (34) (86 45) (58 22 75 55 65 98 14) (97 100) (10 27) (1) (7 82 92 61) (19 36 26 93 91 18 68 44 77 46 17) (70) (35 72) (8) (69 76) (66 87 57 80 33 53 28 16 30 39 96 25 73) (62 71 37 64 56 63 95 50 21 74) (24 84) (6 79 9 43) (42) (13) (52) (3 20 51) (67 83 4 81 41) (5 99 31 88 60) (2) (47 49) (38) (89 94) 
44 (84) (96) (26 93 37) (69) (81) (95) (36 85 22 92) (97 28 89) (34 62) (20 9) (64 50 3 30) (61 14) (23 53 90 16 18) (10) (31 98 12 2 55 25) (43 19 47) (40 78 88 1 100 24 58 13 45 46 27 59 41 72) (75 99) (66 54 33 44 7 15 48) (82 91) (60) (11 49) (94 57 63 39 87 35 6 5 70 21 83 74 80) 
45 (11 30 15 28 44 95 6 3 18 27 21 14 43 20) (91) (49) (60 51 78 89) (26 99 35) (77) (68 23 72 29 22 100 8 92) (71 61 17 85 32 57) (98) (33 9 94 47 64 56 46) (39) (50 42) (80 12 97 79 16) (34) (4 45) (31 83) (62 24 40 82) (48) (74 67) (65 1) (75 90) (69 59) (86 55 7) (96 88 10 13 36 58 41 19 84 70 66) (76 73) 
46 (8 76 57) (61 24 56 96) (77 92) (43 52 59) (4) (64) (87) (50) (14 21 3 11) (54 72 85) (53) (28 34 16) (84 6 100) (63 91) (37 48) (31) (70 25) (51 97 23) (74) (98) (42) (2) (30 62) (71 46 55) (89) (39 20 38 65 80 79 75 36 40 18 66) (26) (10) (82 67 22) (81 60 27 5 88 44 9 12) (1) (17) (15) (45) (90 35) (78 99 73 13 32 33 69 29 68) (19 94) (93 49) 
47 (95 88 34 100 4 53 44 41 70) (63 29 30 26 66 18 48 7 96 60 35) (2 13) (25 87 74 38 85 68) (67 82 11 86 93 36) (1) (77 84 76 20 5 10 59 92 91 49 45 15 79 47) (75) (6) (90) (3 31 46) (72 69) (16 43 8 54 40) (58) (57 17 19 22 80 81 9) (98 94) (55 78) (33 37 65 32) (73 56) (42) (23) (71 24 64) (52 61 12 97 50) (99) (83) 
48 (2) (43 54 26 95 34 3 50 36) (71) (61 94 48 67 100 93 90) (85 16 18 55) (57 5 70) (14) (28 75 99 7 41) (22) (83 49 76 45 92 15 42 53) (79 52) (27 96 68 58 38) (97 77 86 87 11 25 39 21 13 62 98 51) (56) (6 12 1 47) (82) (73) (20 80 81 19 31) (23) (35 40 89) (69) (63 78 9) (91 8) (4 64 65 33 10 37 72) (46 44 66 59 84) 
49 (15) (67 46 73 10 3) (24 80 30 78 99) (8 54) (72 96 19) (61 39) (29) (53 59) (27) (69 75 81 42 43 74 2) (70 31) (55 51 1 100 58 97 82 11 98 40 49 6 26) (32 7 50 4 56 48 66 5) (63) (34 87 33 65 41 38) (47 94 62 89 52 25 20 23 60 77 95 12 86) (17 84 88) (90 14 36 68 64 35 44 93 28 9 16 18 21 79) 
50 (50 56) (37 1 86 53 30 15 47 27 79 77 39) (83) (51 59) (82) (54) (38) (29 40) (4) (81) (74 65) (64) (97 73 49 8 68 14 18 17 100 23) (62) (46) (43 58) (95 66) (48) (42 35) (96 80 5 16 84 11 10) (76) (44 92 72) (91 21 20) (12 93 75 28 60) (71 61 9 99) (63 57) (7) (32) (3) (31 98 90) (6 52 55 67 87 24 94 2 89 78 69) (70) (41 19 33 25 34) (45) 
51 (93 77) (92 55 41 48) (7 73) (88) (32) (100) (75 40 11) (65 61 25 84 47 44 99 81 95 8 10) (12 39) (19 18) (22 63) (72 74) (51 71) (58 13 6 36) (29 85) (94) (2 66 49 80) (91 89) (70) (64 43 68 76 96) (52 24 82 35 87) (15) (50) (21 34 37 30 59) (38 90 16 31 28) (17 83 54) (60 14 1) (62 53 27) (33 98) (45 5 86) (4 56) (20) 
52 (57 45 33 20 71 39) (64 46 77) (56 19 4 18 98 75) (40 29) (13 2) (52 47 30) (96 42 83 28) (55) (26 67 99 3 38 16) (44 94 8 60 35) (6) (89 53 23 100 32) (61 62) (58 79 73 12 43) (65 92) (78 68 36) (5 31 22) (21) (74 72) (34 70) (11) (87 90 48 10 76) (1) (25 84 69) (41) (50 82 91 95 86 9 17 51 97 27 93) (54) (14 49) (66) (24) 
53 (8 98) (27 88 29 45 87 65 26 59 12) (83 68 30 18 90 67) (85) (6) (80) (22 77 7) (16 91 44) (5) (32 76 33 19) (51 40 81) (25) (79 35 52 11 34 14) (57 42 78 13 70) (95 92 48 47) (38 49 63) (1 55 69 10 61 100 41 66 23 17 97 2 86 53 56 4 62 99) (72 60) (82 3 94 73 20 31) (75 15 37) (71) (50 24) 
54 (85) (50 95 40 75 80) (28 8 97 60 20 16 46) (47) (96 41) (18) (23) (4) (26 12) (43) (14) (88 37 22 93 83 91 86) (19 10) (6 27) (38 76) (49 35 71) (24) (33 34) (89 64 74) (84 11 42) (1 65) (7 77) (55) (73 99) (51 59) (9 62 63 69 98) (92) (25) (21) (100 61 29 79) (3) (44 67 5 87) (57 2) (68 48 56 15 13 32 81 30) (52 58 53) (54 78 90 66) 
55 (55 60) (34 50 99 9) (79) (93 39 33 4 65) (70 19 64 2 38) (91 73 95) (83) (92 57) (43 51 13 80 14 26 97 48) (61) (69 22) (47) (29) (44 76) (75) (6 52 98 86 81) (56 59) (96) (88 89 68 58 100 11) (3 20 49 28 41 1 12) (71 53) (7) (25 82 31 27) (32) (87 24 10 46 85) (40) (16) (23 84 30 37 74 45 18 35 54 94 21) (17 42 90 62 36) 
56 (59) (92 75) (93 19) (89 41) (24 62 16 63 30 43 13 61 8 86 54 52 57 2 6) (83 100 81 17) (39) (94 25 70) (47 28) (14 53) (37 7 44 1 49 4 67 3 23) (58 98 5 73) (68 76 80 87) (29 96 65) (55 50 21 36) (82) (69 32 77 34 99 95 71 22) (11 51) (12 10) (91 15 84) (85 97) (90 79 33 40) (60 74 31 38 72 35) 
57 (79 90) (16 86 1 46 97 45 58 32 29 74) (47 88) (80) (43) (51) (66 49 100 33 42 5) (59) (83 25 87 68) (14) (62) (94 85 23 69 77) (19 26) (53 67 92 36 2) (37 61) (70 31 78 96) (56) (71 6 89 34) (84 10 72 7 27 12 98 50 81 24) (64 38 44) (52) (54 55 99 82 48 76 20) (15 4) (17 91 39 75 65 93) (57) (9 18 73 21 95 11 28) 
58 (23 72 12) (8 32) (79 37) (47 58) (75) (55 71) (86 14) (70 35 68) (62) (9 7 43 48 99) (28 57 94 91 100) (53 26 46 65 60) (1 77) (93 67 3 92 66 74 29 49) (22 96 30 83 50 52 33 17 11) (82) (56 42 44 21 76 16 36 59) (51) (18 2 54) (6) (97 88 69 81 85) (24) (34 90) (20) (4) (87) (19 61 45) (98 39 64 27) (40 15 41 95) (13 25) 
59 (91 38) (3 100 24) (1 53) (64 85) (93) (31 94 68 7) (43 39) (35 98 14) (87) (50 51 11 84) (55 15) (95) (79 63) (20) (12 86) (13 54 48) (65 10 41 99 40 29 56 75 16 97 46) (57 34 59) (67 5 74 71 2) (6) (96 66 89) (49) (62) (76 36) (9 25) (83 23) (52) (37 27 72 90) (58 61) (73) (42) (81) (60 70 8 28) (17 77) (33 4) (19 47) (78) 
60 (3 67 92 28 26 2 20 5 30 47 24) (42 32 62 79 45) (93 98 70) (95) (74) (96 10 72) (43 64) (75 48 81 80 22 69 73) (25 55 85 83 16 29) (59 94) (39 6) (23) (57 84 15 19 8) (40 76 61 27 88 63 82 87 13 12) (38) (90 34 9 36 4 21 14 53 77 66 35 49 97) (52 60 78 51 91 50) (54 31 46 11 17) (99 58 56 65 44 33 1 89 100 18 68 7) 
61 (31 57 97) (34 80) (73 36) (27 4 84 71 33 77 46 99 76 2) (8 87 23 83 11 6 44 13 32) (39 37 38 96) (70 28 15 47 61 17 50) (92 29 16) (24 51) (94) (18) (21 65) (100) (14) (22) (86 25 10 49 7 40) (69 53 64 45 93 41 9 89 63) (19 55) (78 3) (90 52 74 20) (54) (12 42) (58 98 66 75 95 68 85 62 59 43 48) (82 72 1 35 91 26) 
62 (32 9 77 49 7 85) (62) (22 92 51) (6) (55 81 57 42 29 63 58 67 27 39 37 71 26 88 19 76 48) (1 66 50 54 68 5 18) (86 35 90 34 43 33) (80) (2) (98 15) (28 61 60 53 96) (8) (72) (40 17 16) (21) (23 3 79 41) (99 14 89 70 69 91) (4 94 20 45 12 59 83 97) (100 46 87 11 10 25) (47 65 84 13 75 95 64 73 31 56 74) (93) 
63 (76 80) (56 100) (9) (63) (5 96) (20 99 61) (23 1 34 41) (72 3) (32 97) (35 93 31 12 66 10 47) (14 18 24 82) (86 60) (59 42 17) (75 51 44 64) (6) (70 67 4) (19) (37 2 53 84) (52 95 69) (73) (94 48 87) (54 81 39 98 79) (49 26 16 83 89) (57 58) (46 77 13 45 62 30 85 38 15 68 78 40 25 21 29 43 7 91) (28 33 27 22 90 71 92) 
64 (38) (83 27 98 57 37 85 95) (28 63 89 78 75 41 14 94 17 47 71 54) (23 29 100) (79) (2 43) (67) (40) (92 34) (13 68 82 77) (60 99 8 4) (64) (25) (74 12) (72) (26 46) (3 62 51) (87 50) (65) (36 52) (7) (76 61 69 31) (88) (9 96 21) (1 16 70) (84) (80) (97 22 45 15 11 5) (10 90 58 91 20 42) (39 66 93 44 59 19 55) (73 35 33) 
65 (35) (19 48) (41 65) (9 26 30 82) (63 23 67 64) (74) (18 33 66 4 71 13 57 58 92 87) (91 47) (16 84 10 73 45) (21) (76 27) (80 88) (60 89 90) (14 95 22 7 62 37 68 79) (50 51 72) (36) (93 1) (12 11) (46) (8) (52 99 31 40) (6 43 94) (61 55) (83 24 81) (77 49 44 39 17 86 53) (78 34 28) (96 32 29 38) 
66 (68 78 26 48 19 73 40 2) (60 61 81) (36 32 80 20 9 92 31 62) (63 51 84 86) (24) (47 67 23 42 27 3 100 21 97 11 7 34 29 59 15 14) (87 64 17 50 58) (74 57 5 12 72 52 94 95 1 76 22 8) (93) (53 83) (39 18 85 44 43) (90) (45 99 37 56) (69) (35) (88) (54) (16) (91) (66) (98) (33) (46) (82 96 71) (38 89 6) (4 28) (65 79) (30 75 55) (25) 
67 (2 50) (26 82 89) (39 66 68 4 9) (51 3) (88 99 94 71 86 27) (14 64) (83 18) (58) (16) (46) (41 15 90 1 93 54) (34 44 65 23) (97) (13 30 32 11 33) (8 36 7 17 20 59) (55) (78 77 57 29 72 25) (19 67) (62 12 37 42 98 53) (38 45 21 74) (73 75 24) (85 61 80 35 87 96) (100 22 31 52 40 10 84 43 76 92) (60 5) (70 47) (28 69) (91) (49) (56) (6) 
68 (57 22 25 2 18 32 90) (5 75 94 17) (11 26) (65 66) (54) (88 15 33) (72 16) (74 3) (46 24) (96 35 77 34) (43 71 63 55 100) (62 10) (87 91 59 92) (36 37) (20 14) (29 95 67 76 23 69) (53) (12 51 42 52 78 50 83 48) (82 45 93) (9 56 80 64 6 13) (84 85) (44 61) (47 30 7) (19) (68 97 40) (41 70 38 21) (49 98 8 79 58 39) (4 89 31 28) 
69 (23 3 31 43) (58) (81 6) (28 41) (90 70 29) (67) (86 87 1 27 97) (61 20) (53 37) (54 84 57) (19 8 56 13 11 96 88) (39) (71) (34 47 16) (44 25 66) (95) (5) (55) (32 82 91) (10 24) (83) (80 68 4 7 45 73 92 62 74) (33 89) (76 75 69 36 48 63 26) (2) (38) (60 99 98 30 100 49 21 64 77 93 35 52 59 42 18 85 94) (22) 
70 (92 79 22 3 98) (39 90 32 48) (18) (100 54 43 67 70) (97 53) (62 34 65) (55 84 20 52 51 86) (83 69) (63) (89) (25 28 75 12 30) (10 64 76 59 81 15 5 77) (21 68 47 38) (49 96) (71 45 27 29) (56 50 82 88 85 9 31 93 74) (24) (58 87 60 2 4) (66) (44 23) (57 8) (41 7) (19) (80 14 95 16 99 35) (1) (42 94 61 11) (78 13 37 36 17 40) (6) 
71 (13 47 39) (29 73 44 96) (80 91 90 74 18 70 45 11) (37 81) (56 38 62 41) (3) (40) (67 61 76 26 97) (34 4 95 89 15 16) (60 17 69 6 75 79 52 50 25 99 85 27 77) (42 64 8 72 84 31) (49 28) (66 92 9 5 78) (12) (7) (71 22 32 30 1 88 24 35) (43 20) (100 57 46) (94 14 82 58 48) (54) (10 33 63) (59 83) (2 23 55) 
72 (75 55 7 39 85 18) (59 36 54) (93 21 48 86) (28 76) (94) (31 41 16) (89) (2 87 53 13 51 47 70 96) (88 25 81 46) (67 45 19 22 44 91 80 77) (64 43 40 72) (98 99 42 4 9) (49 38) (34 82 24 57 92 37 73 69 32 35 60) (62 26 97 11) (56 95 14 6 50 23 17 79 83) (29 68 5 84) (90 10 63 58 27 15 66 20 78 33 74 71 65 12 30) 
73 (33 9 19 74 52 71) (54 94 95 87) (24 91) (44) (100) (25) (57 5 6 50 78 17) (18) (42) (89) (92 60 75 29 30 70) (16 49) (28 40) (56) (13 43 39 36 99 37 72 3) (79 76 26 98 11) (21) (65 23 61 10 41 27 81 69 7 77 1 59 64 51 85) (38 8 14 22 97 34) (12 90) (53 86 67 48) (62 63 4 96 46 31) (93) (68 35 32 80 58) (66 15 45 55 2 83 84 82) 
74 (29 73 60 38 10) (79 86 31) (23) (100) (4 51 50 11 78 32 15) (49) (58 56 27 21 2) (63 77 30 96 34) (47 12 85 3 26) (1 84 46 57 39 59 82) (67 55 45) (81 95 37) (89) (20 14 94 35 72) (98) (13 24 88) (22 68 75 74 8 44 19 40) (91 17 43 25 80 42 92 48 5 36) (53 71 76) (69) (62 70) (61) (28) (18 41 64 33 65 6) 
75 (31 6 91) (62 58 29) (24 52 18) (10 4 93 49 87) (8 17) (2 81 92 16 51 36 79 46 23 70) (74) (22 37) (89 43 86 14 82) (98) (75 57 55 100 76 94 39) (33 32) (96 28 3) (47) (61 80 30 99 45 53 72 84 34 12 54 11 85 41 27) (63) (60 21) (1 83 66 59) (40 35 20 95 42 68 88) (64 7 50 90) (69) (73 48 15) (77 9 38) (71) 
76 (25 39) (37 46 69 58 61 16 84) (85 63 54 71 98) (99) (11) (75 47) (7) (21 51 92 38 86 41 9 59 96) (2) (10) (78) (90 19) (55) (76) (31 13 8 89 66 29 1 28 56 22 45 15 53 70 57 26 94 3 5) (64) (50 88 42 72) (33 44) (52 43 93 65) (74 100 34) (49) (14 30 36 4 17 67 12 60) (91 40 62 97 81 83 68) (18 95 79) (77 23 27 73) 
77 (61) (24 32) (76 38 69 93) (73) (26 71 98 62 54) (7 100 55 36 49 67) (30 9 11) (40) (95 75) (72) (51) (52 65) (83 35 80 31 37) (29) (44 39 58 41) (33) (82 19) (81) (23 70 56 64 79 50) (17 15 5 86) (66 12 47 85 13 74 99 89 96 88 91 22) (57) (84 43) (78) (6) (34 10) (97) (53 18 87 4) (77 42 92 27 2 25) (28) (46 45) 
78 (16 45 9) (28 42 81 26 27 82 73) (90 6 33 7 91 94 46 98 39) (37 40) (61 32 22 77 55 92) (100) (5 19 96 23 3 83 85 89) (93 31 54) (99 48 60 86 57 74 63 71 76) (65 10 14) (25 18) (2 17 75 72) (58 35) (1 34 79) (88) (44 12 36 80 59) (70) (95 78) (64 69 4 62) (68 50 47) (52 56 38 87 21 49 51) (97 29 24) 
79 (7 12 34) (60 84 39) (15 96 20 50 88 86) (67 73) (22) (97) (18) (95) (94 70 52 58 2 72) (13 43 35 40 68 30) (75) (91 66 71 10 44) (82 4 29) (14) (45) (99) (90) (87) (85) (93 59) (32) (36 83 24) (48) (21) (1 78 74 8 42) (98) (63 57 19) (6 81 49) (77 62 38 26 23 65 3 47 53 28 92 51 27) (76 79 54 64) (89 11 61 100) (9) (55 80) 
80 (9 24 85 38 87 19 11 61) (66 99 10 23) (52 68 73 67 2 86 6 46 96 57 97 42 28 75 5 7 77) (49) (60 43 18 71) (54) (76 34 92 79 78 70 45 55 82) (26) (90 56 94) (98) (20 36 84) (32 89) (40 31 33) (17 51) (74 12 64 21 48 69 80 39 83 59 1 27 44 4 65 30 13 91) (50) (8 72 15) (14 25 16 58) 
81 (51 86 88 61 56 33) (66 2 63 69 95 36) (30 24 52 13 74 4) (65 93 29 90 27 17 42) (11 97) (22) (92) (76) (49 50 54 57 81 48 68 64 12) (53) (19) (84 6 67 58 3) (99 38 98 25) (5 40) (39 79 94) (7 87 83) (75) (21 20 32) (60) (23 34 47 62 15 35 89) (55) (71 73 41 1) (85 80 78 31 82 28 9) (100 43 91 45) (72) (14 77) (18) (10) (96) (8) (44) 
82 (4 51 40 33 56 9) (28 36 7) (22 98 46) (47 45) (48 13 89 50 54) (12) (80) (42 43) (35) (6 27) (93 21 68 26 19 17 100 82 38 96 57 39 66 88 16 58 52 24 55 73) (61 87 29 72 8 64 37 85 81 70 25 79 32 10) (69) (86 53 75 23 49) (41 11) (44) (84) (71) (30 18 90 97 2) (59) (95 99 91) (65 63 5 77 92 15 60) (94 20 74) (31 34 3 62) 
83 (61 45 41) (80) (94) (37) (68 7 22 19 12) (56 90) (57) (26) (73 52) (43 47 5 16) (66 18) (48 44) (14 27 25 17 35) (77 67 46 58 30 86) (60 4 75 91 28 70) (10) (53 59 51 98 63 15 62) (92) (79) (69 11 55 81 21) (93 49 38 99 96) (23) (83 84 65 64) (85 54 39 89 74) (34 33) (6 1) (3) (87 88 2 32 8 78 13 40 29) (31 20 50 72) 
84 (83 67) (45 35 25 12) (29) (98 52 87) (43 68) (90) (37 17 3) (73) (2) (96 69 10 84 58 39 31 42 9 48 36 50 72 76 38 11 65 22 94 33 59 85 44 62 26 60 24 28 5 4) (16 66) (95 21) (47 61) (56) (70 1 75) (77) (92 81 18 46 32 80) (71) (97) (64 15) (54) (89 74 100 57) (51 30) (19 27) (88) (13 6 78 40 41 34) (63) (23) 
85 (61 32 92 77 76) (48) (7 44 49 91) (96) (34 40) (25) (24 19 16) (100) (80 33 17 87 75 8) (97 56) (37 42 38) (55 58 83 82) (93 81) (1 15) (86 71 2 65 78) (28) (41) (51 85 88 67) (84 27) (36 57 35) (20 11) (89) (43 50 95 68 72 74) (62) (69 30 10) (66 54 12) (13 9 98 79 18) (5 46 23 47 29 26 63) (99) (6) (22 21 31 64 94 53) 
86 (50) (75) (61 78 100) (65) (95) (12 66 22 30 15 31) (16 39) (72 1 59 62 99 80) (3) (28 10 43 19 51 14 45) (87) (7) (77 25) (49 42 91 36 81 46) (8) (84 63 69) (67) (13 34 86) (68 89) (55 5) (57) (64 32) (71 97 38 58 4) (24 79 11 9 54 73) (21 44 40) (92 33 93 26) (52 83 18 35 20 53 6 98) (96) (47) (88 76 56 82) (17) (74 23) (48) (2) 
87 (3 35 28 33 40 93) (78 2) (25 23) (65) (77 91 83) (24 97 46 69 16) (76) (72 7 12 81 27 18 36) (47 86 20 98 49 38 82 41) (19 56 5 34) (54 26 63) (1 37 21 50 14 53 30) (68 59) (92 10 99) (95 52 58 85 94 43 70) (75 61) (11 51 55 73) (80 17) (6 84 44 64) (42 22) (15) (31 39 29) (87 74) (79) (60) (100 89 88 67 96 8 90 66) 
88 (100 14 24 86 95 35) (33) (37 26 70 59 67) (13 5 46 79 44) (40 6) (43) (3 58 51 8 84) (12) (28) (54 32 68) (80 16 73 53 50 55 18 42 66 7 63 94 19 60 38 76 22 87) (75 82 97) (89 30) (23 96) (77 4 48 47) (45 41 31 36 29 21 9) (81 62 56) (34 20 98 39 10 52 78 17 83) (74) (69 99 61 25 1) 
89 (92) (98 42 97) (87) (86 4) (75 79 34) (85) (80) (52) (51) (61 27) (90) (9) (26 78) (49 48) (72 58) (1 5 31) (23 12) (46 28) (71 25 76 37 24 22) (17 40) (65) (100 45) (3 10 33 2 68 96 56 60 14 13 88 20) (77 36 64 47) (43 11) (55) (41 32 35) (83 16 21 99 57) (53 15 82 62) (6 50 59 39) (18 89 94 95 7 81 38) (66 74) (70 54 30) 
90 (91) (67 38) (90) (15 98 20 70) (33 89 11) (3 12 66 59) (57 6) (24 50 31) (27 37 9) (53 87 78 23 28 5) (83 99 42 41 48 58 32 97 36 69 46 76 95 68) (52 22 92 74 7 44 55) (18 45 81 13 79 2 63 61) (96 75 40) (94 82 19 34) (14) (43 73) (60 1 35) (62 100 39 64) (47) (93) (65 4) (86 49 30 84) (80) (72 29 77 88) (16) (17 8) 
91 (75 13 51) (29) (92 39 79 58 62 68) (40 88 55 46 35 20 53 100) (34 6 4 82 59 38 91) (10 85) (65 47 19) (9 44 73 28 77 99 8) (17 63) (15 70 96 33 69) (81 5 36) (89) (83 54 87 66) (86 31 27) (11) (24) (30 18 7 43 71 97 94 1) (74 98 45 56 26 23 32 61 60 49) (50 3 12 25 48) (16 64 57) (67 72) 
92 (39 23) (8) (26 21 28 35 85 90) (22) (44) (92 80 89) (49) (84 97 47) (59) (27 62 3 9 68 76 61) (54 65) (34) (25 82 6) (38) (1) (99 48) (79) (58) (12) (51) (45 57) (41) (64 5) (53 7 46 29) (75) (2) (42 96 88 24) (18 33 43) (30 71 40 63 15 32 16) (17 100 67 77 11 69) (94) (86) (50 87 20 74 78 98 91 19 95 83 72 81 4 14 52) 
93 (69 22 20) (41) (18 30) (9 35 34 93 79 25) (15 84 48 45) (56) (39 49 12) (40 7 95 94 51) (21 26 98) (100 86 73 32) (24) (2) (55) (38) (27 75 6) (90 92 43) (33 29 19 36) (91) (59 3 78 54 17 14 97) (60) (47 82 23 57) (1 64 71 16 81) (76 66 31) (62 85 77) (5 11) (42) (28) (80 72) (61 63) (8 50) (65 10 74 13 89) 
94 (4 83 23 31 45 46 30 78 51) (27 69 16) (26 100) (33) (72 44) (73) (43 42 36 65) (40 76 55 14 10 56 18) (38 57 39 70 75 29 98 3) (28) (2) (90) (48) (95 64 59 71 94 53 77 12 92 58) (41) (22 82 91 99 49) (5 93) (17 21 66 61 60 86 67 7) (97) (96 63 50) (85 80 15) (89 34 1) (52 32 24 11) (37 68 20) (25 62 47) 
95 (38) (81 7) (96 77 98 19 72 94) (33 22 4 64 80 53 25) (14 85 69 71 8 88 75 97 50 48 35 45 32 67) (34 65) (18 28 51 93 82 99) (31 30 62 2 37 29 1 70) (20 58) (57 100) (76 17) (46 55 73) (43 36) (40 26) (12 91) (27 86 41 52 63 39 3 15 11 90) (49) (61) (84 13 47 78 59) (95 89 24 83 21) (66) (9 79) (42 74 54) 
96 (18 77 20 95) (58 5 79 43 1 29 3 28) (71 7 64 12 69) (100 82 85 19) (31) (2 80 91) (81 87 46) (47 56 21 52) (8 54 83 14 61 16 74 84 57 97) (37 11 38) (34) (6) (25 17) (45) (15 92 70) (89) (99 60) (55 78 9 68 86) (27 73 10 35 33) (96) (50 49 72) (42 59 44 65) (51 26) (22 23 13 67 90 41 75 24) (30 66 93) (40 98) 
97 (36 18) (88) (50 1 51 86 27 98 16 10 91 63 14 26) (58) (76 24) (65 72) (11 47 5) (39) (53) (32) (82 57 30) (80 83 35) (38) (100) (54 43 99 55 89) (67 6 45) (94 69) (8) (20) (37 23 56 48 77 22 60) (4) (68 59 49) (87 19 73) (12 61 95 29 2 79 81 52 21 3 13 90 7) (84 78 71 64 40 92) (42) (34) (75 9 44) (74 93 46) (97 85) 
98 (9) (88 51 55 45) (46 31 67 43 60 74 6 52) (82 65 22 41) (16 73 12 42) (2) (23 4) (93 37) (13 89) (54) (92 97 95 15 20) (35 17 58) (94) (3 48 77 78) (44) (69 86 19 85) (18) (33 90 49 99 47 100) (68) (40) (11) (1 29) (7 56 28 71 64 79 50 80 87 76 91 61 70 24) (36 83 96 38 30 5) (66) (21 72) (34) (62 53 81) (63 32 25) (26 84 39) 
99 (71) (60 98 92 31 8 72 26) (57 51 76) (30) (38) (54) (87 94 84) (52) (18 35) (33 6 83 10 11 85 9 12 100) (39) (32) (1 55 91) (99 68 22) (97) (41 23 53 36 90 74 67 70) (80 69 44 40 37 5) (27 34 78) (56) (16 4 45 3 24) (82 88 61) (43 7) (14 58 46 21 19) (29 95 25 28 48 73) (13 49 96 62 59 89 79 20) 
100 (94 65 99 91 17 77 71 43) (23 97 84) (78) (95) (12) (82 80 64 96) (38 41 60 48 22 100) (4) (11 37 59 36 21 67 39 74) (20 10 2 8) (81 57) (72 47) (49 40 15 63 76) (29 26 13 55 28 6 56 31) (98 68 88 92 45) (87 27 32) (93 52 66 9) (54) (83) (18) (61) (44 53) (73 5 75) (90) (69) (25 58) (1 24) (46 7 34) (3 35) (30 33 85) (70) (79) 
1 (99) (29) (16) (41) (46) (59) (9) (53) (62) (7) (30) (96) (81) (88) (44) (36) (54) (64) (4) (14) (23) (19) (17) (75) (95) (11) (51) (32) (42) (13) (31) (35 25 8) (57 94 89 5 20) (91) (38) (26 76) (58 78 15 52 28 69 65) (87 63 84 61 43 18 97 24 71 83 80 79 90 50 12 48 33 66 1) (56 37 98) (47 93) (60 86) (45) (70 100 6 22) (10 74) (85) (92) (39 49) (67) (3 73 55 2 21) 
2 (92) (31) (58) (19) (41) (89) (68) (82) (47) (8) (3) (52) (37) (95) (63) (77) (86) (62) (50) (56) (23) (32) (46) (27) (71) (5) (79) (25) (75) (17) (81) (43) (100) (24) (28) (10) (26) (73) (76) (90) (44) (54) (15) (94) (55) (59) (38) (11) (49 2 39) (48) (72 4 74 22) (36 13 30) (34 61) (42) (84) (40) (9) (51 98) (80) (83) (12) (69 96 60 78 57 93) (14 70 67 53 97 20 18 21 85) (29) (66 87 64 1) 
3 (14) (88) (74) (24) (49) (52) (47) (42) (89) (68) (8) (73) (36) (79) (13) (22) (100) (93) (12) (16) (60) (33) (26) (37) (91) (23) (44) (53) (15) (6) (82) (3) (56) (71) (32) (84) (55) (11) (48) (69) (1) (66) (45) (41) (19) (75) (61) (9) (58) (94) (4) (2) (50) (20) (87) (78) (43) (83) (40) (97) (31) (76) (62) (29) (95 30 90) (27 46 70 99 34) (64 96) (10 59 17 39) (63 38 28 18 21 54 98 5) (67) (86 81) (92) 
4 (71) (48) (70) (41) (22) (19) (92) (37) (8) (57) (84) (10) (69) (29) (65) (62) (9) (13) (43) (68) (63) (97) (67) (95) (47) (74) (78) (52) (66) (64) (40) (46) (59) (32) (56) (73) (24) (83) (33) (3) (75) (61) (72) (6) (60) (51) (23) (80) (7) (17) (4) (58) (42) (28) (49) (53) (26) (1) (86) (90) (81) (79) (34) (88) (12) (39) (5) (38) (20) (100) (77) (35 82 27) (50 76 16 94 21 25 45) (54 36) (14 91) (55 99 98 89) 
5 (22) (38) (77) (28) (39) (85) (7) (17) (64) (25) (74) (99) (66) (80) (41) (12) (27) (57) (40) (4) (6) (50) (5) (29) (34) (56) (52) (33) (14) (2) (36) (24) (87) (47) (49) (81) (46) (88) (100) (54) (67) (73) (18) (68) (76) (78) (94) (21) (42) (16) (63) (35) (43) (60) (20) (84) (11) (89) (37) (93) (23) (48) (32) (30) (90) (3) (92) (70) (82) (86) (72) (98) (51) (91) (71) (1) (15 69) (9 97 83) (53 96 62 19 59 44) 
6 (71) (44) (99) (59) (48) (100) (35) (42) (45) (73) (33) (38) (9) (5) (70) (85) (22) (55) (66) (80) (51) (1) (83) (29) (49) (74) (52) (28) (58) (82) (24) (78) (4) (6) (53) (34) (31) (41) (14) (8) (30) (54) (39) (97) (72) (96) (15) (47) (18) (92) (68) (63) (62) (69) (50) (60) (88) (56) (2) (86) (23) (3) (84) (19) (67) (16) (46) (26) (43) (57) (98) (20) (79) (27) (21) (91) (32) (90) (93) (37 17 87 89) (81 75) (61 65 77 36) 
7 (66) (77) (24) (9) (91) (60) (97) (19) (48) (88) (64) (99) (25) (53) (62) (51) (78) (35) (70) (28) (85) (83) (68) (23) (21) (95) (72) (76) (34) (44) (33) (67) (26) (11) (8) (82) (5) (39) (43) (1) (92) (57) (80) (56) (41) (18) (61) (65) (47) (22) (75) (63) (55) (94) (54) (79) (29) (71) (2) (86) (100) (49) (20) (96) (89) (14) (7) (31) (12) (30) (13) (58) (10) (27) (81) (98) (45) (87) (90) (69) (73) (59 40) (36) (3) (4) (17 6 50 93 32 42) 
8 (36) (31) (60) (38) (96) (45) (40) (43) (100) (16) (30) (54) (33) (52) (41) (35) (99) (81) (12) (18) (83) (50) (51) (79) (61) (73) (13) (3) (88) (56) (17) (7) (65) (34) (21) (62) (24) (29) (58) (25) (69) (93) (5) (97) (9) (91) (6) (92) (87) (75) (20) (15) (68) (76) (59) (22) (23) (85) (86) (2) (27) (70) (8) (1) (28) (95) (46) (42) (32) (4) (37) (39) (71) (67) (10) (47) (64) (48) (19) (53) (74) (80) (66) (49) (90) (82) 
9 (22) (39) (15) (33) (58) (67) (34) (46) (80) (61) (64) (63) (90) (86) (36) (12) (93) (10) (20) (48) (44) (13) (40) (95) (97) (85) (98) (65) (92) (99) (76) (88) (9) (14) (77) (75) (62) (27) (72) (78) (32) (42) (29) (59) (11) (43) (89) (50) (3) (8) (70) (52) (66) (54) (91) (96) (57) (5) (1) (45) (35) (47) (71) (49) (100) (23) (68) (37) (41) (21) (31) (16) (18) (60) (24) (19) (26) (79) (73) (2) (55) (28) (81) (84) (82) (38 17) 
10 (10) (86) (47) (61) (19) (81) (20) (59) (27) (34) (100) (67) (11) (21) (8) (97) (76) (88) (40) (6) (93) (43) (50) (65) (46) (36) (45) (72) (60) (16) (51) (2) (13) (56) (79) (99) (89) (33) (55) (28) (49) (1) (69) (24) (44) (22) (26) (82) (25) (75) (48) (38) (4) (18) (3) (70) (87) (77) (42) (31) (85) (80) (52) (73) (68) (9) (91) (84) (74) (15) (5) (62) (35) (78) (54) (83) (23) (30) (64) (53) (29) (41) (63) (96) (37) (57 94 7 39 14 32) (71 12 17) 
11 (30) (70) (26) (90) (14) (96) (94) (60) (82) (66) (75) (11) (32) (61) (95) (36) (16) (10) (83) (24) (62) (73) (23) (92) (69) (68) (9) (43) (46) (33) (4) (64) (50) (97) (54) (89) (45) (28) (67) (74) (49) (15) (72) (57) (38) (7) (20) (47) (100) (77) (99) (35) (1) (37) (48) (98) (79) (2) (17) (27) (65) (12) (53) (81) (87) (58) (71) (55) (59) (8) (86) (41) (29) (18) (52) (21) (25) (39) (22) (76) (93) (85) (80) (5) (51) (31) (91 56 84 44 3 40) 
12 (19) (100) (7) (89) (38) (83) (32) (92) (98) (25) (16) (76) (71) (67) (96) (86) (3) (65) (51) (79) (39) (52) (10) (15) (75) (29) (82) (20) (56) (81) (47) (43) (34) (60) (1) (87) (95) (55) (8) (2) (50) (31) (94) (30) (37) (84) (66) (54) (49) (12) (21) (70) (23) (90) (35) (45) (40) (44) (74) (93) (48) (18) (58) (22) (14) (77) (85) (26) (91) (17) (59) (99) (6) (61) (28) (64) (73) (42) (80) (88) (41) (62) (13) (4) (53) (11) (63) (72) (97) (78 36) (46 68 57) 
13 (88) (82) (23) (13) (52) (96) (29) (69) (42) (98) (2) (35) (61) (77) (60) (6) (45) (16) (79) (83) (85) (76) (55) (28) (43) (95) (14) (53) (89) (84) (90) (70) (97) (31) (86) (63) (21) (20) (38) (33) (30) (56) (44) (15) (99) (72) (54) (37) (22) (71) (81) (100) (9) (32) (11) (93) (4) (58) (91) (46) (10) (73) (74) (40) (64) (80) (65) (26) (68) (5) (41) (62) (8) (1) (17) (36) (3) (59) (67) (48) (51) (18) (47) 
14 (30) (50) (60) (54) (94) (58) (67) (99) (32) (87) (81) (15) (18) (45) (20) (40) (10) (14) (56) (19) (39) (78) (34) (62) (5) (48) (73) (3) (95) (70) (26) (41) (46) (71) (86) (43) (17) (44) (52) (4) (2) (37) (6) (59) (92) (65) (35) (63) (90) (13) (16) (1) (96) (83) (12) (76) (93) (74) (53) (49) (55) (42) (89) (21) (22) (61) (88) (33) (64) (51) (75) (66) (27) (25) (97) (80) (57) (8) (79) (31) (9) (68) (24) (38) (28) (29) (72) 
15 (22) (13) (32) (73) (81) (66) (21) (76) (80) (47) (2) (77) (45) (6) (17) (25) (70) (27) (75) (26) (41) (23) (18) (79) (43) (31) (30) (89) (82) (38) (67) (83) (86) (96) (84) (94) (49) (54) (62) (36) (8) (93) (16) (46) (4) (98) (87) (15) (92) (71) (60) (63) (7) (85) (61) (24) (48) (29) (20) (28) (37) (11) (50) (91) (95) (58) (3) (44) (35) (34) (1) (56) (19) (51) (72) (68) (90) (74) (64) (57) (100) (9) (14) (33) (40) (42) (12) (53) (59) (39) 
16 (75) (58) (62) (34) (96) (31) (48) (40) (59) (87) (83) (99) (35) (66) (57) (11) (16) (56) (32) (70) (20) (78) (60) (47) (69) (82) (33) (25) (73) (55) (93) (91) (80) (22) (61) (41) (98) (15) (86) (28) (3) (43) (13) (64) (63) (42) (84) (72) (65) (18) (21) (53) (94) (14) (37) (17) (4) (54) (27) (2) (88) (89) (24) (1) (49) (36) (30) (19) (8) (10) (26) (6) (76) (38) (71) (12) (50) (68) (9) (44) (52) (90) (46) (92) (67) (39) (97) (45) (85) (23) (51) 
17 (78) (66) (29) (71) (63) (82) (87) (64) (18) (80) (41) (73) (14) (61) (86) (51) (96) (59) (6) (23) (26) (3) (94) (15) (56) (1) (50) (17) (45) (34) (58) (4) (40) (88) (100) (52) (2) (57) (31) (77) (68) (65) (60) (89) (49) (36) (39) (72) (10) (92) (55) (19) (11) (81) (46) (25) (35) (33) (24) (20) (38) (95) (13) (28) (21) (85) (22) (16) (74) (70) (43) (27) (42) (84) (98) (91) (62) (30) (53) (9) (67) (37) (83) (47) (93) (7) (75) (76) (8) (90) (5) 
18 (21) (3) (29) (22) (51) (69) (97) (52) (48) (40) (91) (73) (81) (16) (100) (43) (96) (95) (58) (33) (88) (77) (98) (99) (31) (50) (45) (11) (53) (27) (32) (82) (65) (12) (30) (93) (1) (87) (2) (19) (90) (54) (23) (63) (25) (70) (38) (47) (74) (46) (83) (76) (49) (4) (28) (67) (8) (55) (44) (60) (14) (57) (34) (6) (72) (94) (75) (85) (78) (35) (62) (66) (68) (36) (10) (79) (37) (42) (92) (13) (71) (84) (41) (9) (61) (80) (26) (86) (89) (18) 
19 (83) (62) (46) (98) (42) (93) (88) (57) (16) (58) (54) (61) (80) (6) (78) (19) (26) (90) (74) (82) (59) (28) (18) (85) (2) (1) (33) (64) (53) (15) (31) (84) (50) (63) (81) (68) (60) (69) (47) (10) (72) (91) (29) (14) (76) (70) (52) (99) (92) (48) (9) (27) (37) (17) (3) (5) (24) (12) (86) (7) (25) (55) (67) (32) (44) (35) (22) (11) (51) (8) (97) (38) (95) (56) (41) (77) (30) (43) (79) (49) (45) (65) (23) (36) (96) (87) (66) (39) (40) (73) 
20 (48) (70) (20) (43) (19) (91) (87) (61) (6) (95) (100) (14) (51) (29) (23) (24) (64) (82) (18) (80) (9) (31) (54) (36) (83) (57) (72) (17) (7) (69) (34) (92) (40) (53) (60) (50) (26) (98) (39) (55) (32) (79) (96) (74) (85) (68) (42) (13) (2) (37) (33) (4) (44) (35) (81) (10) (45) (71) (22) (59) (28) (3) (47) (67) (52) (1) (38) (90) (99) (94) (75) (12) (27) (41) (16) (66) (49) (15) (46) (89) (11) (62) (97) (63) (93) (58) (86) (8) (88) 
21 (66) (9) (54) (39) (46) (10) (26) (67) (94) (44) (21) (65) (22) (85) (16) (7) (92) (96) (48) (27) (72) (12) (84) (25) (58) (57) (40) (2) (55) (15) (69) (73) (30) (93) (60) (83) (37) (19) (95) (3) (79) (45) (8) (49) (80) (56) (41) (17) (64) (4) (33) (62) (89) (24) (87) (70) (68) (43) (99) (29) (52) (97) (36) (42) (32) (38) (5) (76) (1) (82) (100) (98) (34) (78) (74) (88) (13) (81) (75) (86) (61) (23) (51) (50) (28) (63) (35) (20) (11) 
22 (31) (44) (6) (38) (24) (11) (9) (85) (61) (15) (25) (18) (63) (28) (35) (26) (88) (20) (75) (17) (1) (83) (70) (99) (48) (41) (97) (93) (60) (64) (95) (14) (81) (46) (86) (77) (10) (78) (82) (32) (19) (67) (30) (84) (7) (74) (58) (76) (79) (27) (12) (69) (16) (13) (65) (42) (47) (3) (33) (92) (40) (55) (39) (100) (66) (8) (94) (62) (54) (71) (34) (56) (45) (2) (68) (5) (36) (51) (96) (90) (89) (53) (4) (72) (52) (37) (73) (87) (98) (21) (43) 
23 (99) (1) (17) (40) (30) (91) (47) (55) (85) (25) (49) (53) (7) (3) (10) (77) (33) (4) (31) (90) (82) (32) (41) (59) (79) (70) (36) (14) (45) (39) (28) (38) (13) (23) (57) (12) (22) (6) (65) (62) (63) (9) (44) (26) (58) (48) (56) (8) (60) (83) (93) (72) (100) (68) (69) (97) (71) (75) (11) (73) (37) (96) (74) (29) (86) (19) (89) (46) (94) (81) (50) (52) (24) (76) (87) (54) (92) (88) (80) (98) (78) (64) (5) (21) (42) (66) (61) (27) (2) (67) (20 18 16) (84) 
24 (8) (87) (25) (44) (54) (41) (33) (30) (38) (58) (43) (46) (67) (52) (93) (22) (50) (95) (82) (17) (29) (39) (9) (55) (74) (47) (66) (6) (3) (40) (63) (100) (11) (85) (28) (53) (94) (75) (45) (97) (60) (98) (90) (86) (57) (99) (79) (14) (13) (37) (92) (61) (15) (77) (2) (7) (88) (19) (78) (96) (59) (65) (71) (35) (49) (81) (56) (80) (69) (23) (24) (20) (42) (34) (27) (70) (31) (5) (84) (26) (16) (91) (89) (12) (73) (68) (72) (51) (1) 
25 (55) (46) (25) (18) (92) (82) (36) (98) (80) (69) (16) (28) (88) (3) (6) (83) (47) (91) (64) (66) (15) (40) (73) (81) (68) (72) (89) (17) (14) (61) (11) (95) (37) (30) (19) (62) (87) (84) (77) (21) (59) (71) (4) (93) (54) (100) (33) (27) (78) (13) (10) (53) (24) (44) (48) (96) (42) (74) (67) (99) (12) (58) (34) (9) (41) (43) (35) (8) (32) (63) (22) (56) (52) (51) (38) (57) (85) (94) (76) (70) (60) (49) (29) (1) (7) (50) (26) (86) (5) (39) (20) 
26 (17) (11) (16) (26) (40) (37) (24) (21) (58) (69) (35) (64) (27) (76) (86) (33) (87) (42) (98) (55) (46) (54) (57) (61) (63) (31) (85) (84) (47) (49) (38) (88) (34) (95) (4) (62) (5) (45) (9) (20) (78) (68) (32) (52) (97) (19) (80) (6) (36) (2) (93) (25) (44) (10) (43) (92) (22) (53) (82) (1) (60) (23) (71) (30) (29) (41) (12) (67) (83) (7) (89) (13) (66) (15) (65) (74) (77) (99) (28) (91) (79) (100) (3) (48) (72) (8) (18) (96) (73) (94) (39) 
27 (21) (61) (89) (11) (90) (84) (78) (45) (60) (46) (12) (58) (8) (82) (44) (74) (95) (29) (34) (62) (70) (39) (71) (72) (94) (6) (42) (40) (28) (92) (57) (76) (75) (41) (2) (14) (49) (63) (87) (9) (64) (52) (59) (85) (22) (55) (73) (23) (16) (50) (83) (36) (1) (35) (7) (53) (5) (100) (97) (81) (79) (66) (4) (33) (69) (24) (65) (48) (99) (37) (30) (20) (26) (18) (51) (17) (43) (77) (96) (27) (91) (54) (67) (19) (3) (93) (31) (80) 
28 (95) (44) (39) (68) (34) (52) (11) (35) (69) (20) (93) (54) (90) (51) (5) (31) (32) (27) (66) (8) (62) (50) (22) (82) (87) (57) (72) (99) (30) (70) (85) (43) (77) (67) (25) (7) (46) (65) (18) (55) (56) (94) (71) (10) (58) (96) (86) (15) (42) (73) (17) (78) (28) (92) (4) (60) (1) (38) (41) (49) (36) (26) (91) (76) (9) (23) (13) (89) (63) (48) (74) (59) (79) (80) (64) (84) (19) (3) (40) (61) (29) (2) (88) (33) (14) (45) (75) (6) (16) (12) (98) (83 81) (37) (100 21) 
29 (62) (20) (45) (76) (18) (37) (19) (24) (16) (36) (69) (75) (79) (88) (52) (74) (68) (5) (96) (56) (7) (8) (12) (31) (21) (41) (22) (57) (99) (54) (98) (87) (4) (100) (17) (71) (73) (33) (34) (81) (83) (95) (58) (28) (2) (67) (77) (59) (29) (3) (10) (42) (70) (11) (47) (61) (30) (91) (9) (13) (51) (93) (63) (38) (64) (72) (55) (6) (1) (15) (53) (90) (50) (60) (23) (94) (84) (85) (49) (92) (78) (25) (82) (32) (65) (66) (35) (46) (97) (26) 
30 (95) (81) (19) (10) (74) (76) (58) (6) (53) (35) (63) (69) (3) (89) (85) (18) (68) (7) (47) (52) (99) (66) (27) (80) (11) (92) (33) (29) (94) (8) (26) (46) (2) (83) (34) (44) (25) (1) (22) (23) (100) (30) (79) (87) (90) (75) (37) (38) (55) (43) (56) (84) (54) (71) (98) (93) (40) (21) (14) (73) (20) (31) (50) (16) (70) (5) (91) (82) (9) (39) (72) (97) (77) (86) (45) (49) (51) (13) (36) (28) (32) (67) (24) (88) (96) (65) (60) 
31 (68) (82) (75) (47) (83) (30) (12) (78) (39) (35) (87) (52) (59) (3) (22) (19) (95) (66) (48) (93) (60) (4) (28) (96) (84) (56) (80) (37) (63) (89) (18) (55) (16) (41) (69) (46) (91) (57) (65) (21) (38) (85) (1) (25) (86) (7) (70) (14) (32) (20) (45) (88) (34) (8) (23) (26) (81) (72) (73) (13) (62) (31) (17) (29) (42) (11) (76) (99) (51) (77) (53) (27) (43) (67) (49) (98) (61) (2) (15) (44) (74) (33) (64) (5) (100) (94) (10) (90) (71) (40) (50) (6) 
32 (36) (84) (22) (42) (49) (31) (20) (15) (66) (69) (97) (86) (79) (11) (35) (58) (68) (32) (4) (46) (82) (67) (23) (17) (34) (2) (65) (73) (77) (100) (71) (25) (52) (94) (61) (16) (80) (62) (95) (26) (83) (12) (90) (7) (5) (3) (28) (72) (24) (45) (81) (19) (10) (54) (78) (60) (18) (41) (21) (55) (92) (13) (99) (70) (56) (30) (57) (47) (6) (74) (93) (75) (14) (98) (38) (51) (1) (89) (91) (88) (27) (9) (50) (53) (33) (85) (29) (43) (63) (39) 
33 (25) (78) (12) (15) (40) (24) (11) (42) (27) (13) (59) (5) (75) (36) (18) (58) (61) (37) (66) (4) (9) (60) (96) (17) (10) (64) (29) (81) (89) (86) (65) (83) (51) (21) (90) (3) (99) (95) (43) (55) (63) (77) (74) (32) (19) (50) (6) (76) (31) (73) (91) (16) (84) (93) (56) (7) (57) (48) (1) (2) (71) (28) (23) (98) (85) (100) (46) (80) (68) (44) (8) (62) (20) (72) (45) (22) (14) (52) (88) (35) (69) (82) (49) (47) (38) (94) (53) (54) (67) (34) (87) (92) (39) 
34 (16) (95) (93) (39) (33) (52) (10) (13) (97) (56) (51) (15) (38) (7) (68) (81) (31) (45) (86) (63) (40) (55) (48) (41) (44) (42) (4) (71) (37) (64) (91) (50) (98) (87) (90) (47) (82) (78) (3) (69) (62) (46) (73) (67) (65) (76) (29) (92) (20) (36) (66) (88) (60) (23) (79) (35) (77) (84) (12) (70) (83) (5) (61) (85) (19) (57) (22) (27) (58) (74) (26) (89) (32) (99) (75) (72) (9) (30) (11) (17) (54) (8) (49) (80) (6) (100) (94) (21) (96) (53) (14) (59) (28) (43 25) 
35 (13) (81) (43) (95) (29) (58) (16) (50) (31) (91) (71) (38) (40) (89) (52) (17) (74) (61) (96) (11) (14) (6) (100) (18) (7) (26) (86) (9) (47) (66) (59) (79) (42) (35) (23) (4) (53) (69) (44) (83) (28) (68) (65) (63) (62) (56) (97) (49) (15) (2) (84) (12) (46) (39) (32) (48) (10) (75) (19) (88) (45) (22) (99) (87) (85) (98) (78) (92) (33) (20) (90) (73) (36) (25) (34) (37) (67) (60) (41) (8) (82) (27) (3) (54) (93) (24) (55) (51) (1) (70) (72) (30) (64) (77) 
36 (72) (79) (35) (80) (52) (93) (64) (85) (38) (51) (9) (34) (75) (15) (13) (76) (88) (8) (44) (14) (39) (99) (60) (23) (67) (97) (31) (10) (91) (26) (73) (58) (78) (40) (95) (59) (100) (89) (37) (61) (66) (70) (28) (82) (5) (86) (16) (69) (32) (81) (7) (46) (77) (94) (57) (1) (19) (2) (47) (98) (74) (24) (33) (30) (18) (11) (21) (4) (43) (22) (49) (56) (84) (29) (42) (6) (87) (48) (41) (45) (68) (90) (65) (55) 
37 (38) (75) (8) (72) (62) (97) (50) (73) (69) (54) (23) (24) (6) (68) (42) (47) (43) (59) (53) (44) (70) (65) (66) (71) (74) (83) (20) (16) (77) (35) (64) (84) (27) (9) (48) (87) (29) (78) (30) (3) (22) (76) (14) (12) (36) (58) (10) (85) (95) (94) (26) (100) (67) (17) (99) (5) (21) (13) (63) (98) (88) (46) (7) (96) (28) (2) (39) (55) (89) (4) (90) (57) (41) (15) (51) (61) (82) (1) (33) (31) (37) (25) (56) 
38 (54) (18) (14) (76) (5) (9) (6) (27) (21) (29) (15) (93) (26) (35) (11) (37) (50) (33) (87) (52) (95) (82) (30) (75) (1) (85) (89) (19) (71) (78) (90) (23) (38) (46) (42) (43) (10) (4) (56) (83) (47) (97) (70) (16) (55) (39) (67) (77) (36) (13) (64) (91) (86) (79) (41) (72) (98) (68) (81) (65) (100) (22) (59) (63) (3) (57) (96) (32) (24) (84) (60) (73) (49) (61) (12) (88) (20) (94) (92) (80) (66) (69) (17) (51) (74) (34) (53) (28) (7) (48) (99) 
39 (89) (88) (78) (19) (37) (50) (69) (73) (45) (55) (2) (66) (99) (24) (12) (68) (29) (35) (67) (13) (1) (63) (20) (42) (77) (59) (44) (5) (43) (15) (23) (91) (27) (98) (97) (48) (3) (64) (95) (10) (34) (6) (61) (36) (80) (39) (22) (8) (40) (25) (9) (7) (11) (30) (51) (62) (46) (17) (90) (81) (100) (79) (14) (87) (32) (84) (75) (60) (71) (70) (93) (16) (49) (82) (28) (58) (86) (31) (57) (74) (65) (33) (72) (38) (26) (4) (92) (21) (56) (52) (83) (76) (18) (94) 
40 (83) (65) (24) (50) (6) (19) (63) (96) (16) (30) (48) (49) (78) (79) (4) (62) (2) (81) (25) (89) (10) (56) (42) (76) (100) (80) (51) (91) (59) (17) (87) (39) (58) (36) (97) (98) (54) (82) (70) (72) (1) (37) (22) (44) (11) (32) (27) (74) (3) (93) (86) (68) (60) (88) (95) (64) (18) (55) (35) (38) (21) (20) (90) (73) (67) (29) (13) (15) (26) (66) (84) (23) (7) (12) (71) (75) (31) (61) (45) (92) (77) (41) (46) (53) (52) (33) (85) (9) (40) (94) (99) (47) (5) 
41 (19) (39) (50) (21) (27) (6) (65) (48) (71) (73) (89) (51) (84) (14) (43) (47) (64) (45) (59) (83) (76) (40) (93) (75) (68) (44) (30) (34) (22) (98) (16) (53) (29) (49) (63) (11) (42) (26) (18) (7) (35) (37) (82) (67) (24) (99) (31) (17) (85) (92) (100) (13) (69) (94) (41) (4) (72) (33) (2) (36) (1) (25) (28) (77) (88) (81) (20) (70) (74) (95) (23) (90) (32) (56) (54) (38) (87) (52) (12) (61) (9) (58) (10) (15) (5) (96) (62) (55) 
42 (64) (96) (15) (7) (78) (67) (84) (55) (20) (9) (72) (19) (46) (52) (49) (70) (88) (6) (62) (79) (57) (35) (38) (33) (16) (4) (60) (81) (82) (8) (21) (42) (74) (61) (48) (43) (18) (12) (22) (34) (37) (25) (89) (23) (71) (68) (31) (45) (50) (69) (53) (3) (24) (95) (47) (58) (63) (92) (13) (26) (75) (27) (85) (40) (77) (11) (1) (98) (76) (32) (86) (54) (93) (59) (66) (39) (14) (90) (94) (36) (5) (97) (73) (10) (29) (80) (87) (41) 
43 (31) (74) (72) (26) (45) (2) (8) (80) (58) (41) (1) (91) (6) (73) (37) (15) (59) (30) (12) (49) (35) (100) (75) (4) (5) (82) (32) (83) (86) (34) (38) (52) (81) (90) (23) (54) (16) (46) (55) (50) (13) (7) (66) (64) (89) (62) (70) (68) (93) (57) (18) (10) (33) (19) (98) (43) (63) (24) (94) (99) (25) (28) (40) (9) (51) (96) (21) (11) (95) (87) (85) (77) (44) (97) (39) (65) (22) (20) (76) (67) (42) (61) (17) (36) (79) (60) (48) (69) (27) (71) (84) (47) (56) (88 92) 
44 (36) (7) (43) (23) (64) (51) (82) (10) (96) (92) (85) (22) (73) (44) (63) (94) (1) (35) (71) (100) (17) (3) (45) (76) (12) (84) (50) (72) (38) (19) (65) (47) (15) (9) (87) (88) (80) (54) (46) (29) (57) (99) (34) (70) (39) (83) (55) (8) (68) (40) (97) (25) (31) (86) (74) (79) (91) (98) (26) (16) (78) (56) (77) (58) (53) (11) (2) (69) (4) (32) (66) (30) (61) (13) (18) (52) (49) (14) (37) (21) (81) (48) (28) (42) (90) (60) (24) (67) (5) 
45 (94) (7) (8) (86) (21) (3) (32) (96) (2) (40) (82) (97) (5) (46) (62) (16) (100) (34) (36) (18) (28) (89) (84) (55) (33) (53) (29) (19) (58) (60) (30) (47) (31) (78) (45) (90) (92) (38) (98) (25) (24) (88) (72) (64) (75) (95) (79) (26) (6) (20) (74) (23) (48) (61) (67) (52) (99) (81) (65) (77) (68) (27) (12) (37) (9) (44) (15) (42) (4) (43) (91) (93) (66) (63) (22) (41) (73) (13) (39) (10) (69) (11) (51) (83) (71) (80) (76) (50) (70) (57) (35) 
46 (7) (29) (3) (94) (85) (12) (34) (9) (64) (96) (24) (39) (46) (6) (27) (21) (36) (57) (48) (78) (83) (4) (58) (100) (35) (62) (99) (72) (60) (55) (50) (88) (68) (75) (40) (5) (71) (90) (11) (97) (14) (89) (82) (52) (77) (26) (31) (61) (43) (74) (86) (20) (73) (23) (17) (13) (1) (10) (32) (37) (98) (49) (44) (87) (66) (84) (47) (80) (16) (67) (19) (28) (76) (2) (8) (63) (95) (15) (54) (22) (65) (91) (41) (42) (92) (59) (45) 
47 (20) (24) (76) (61) (72) (82) (58) (91) (63) (70) (17) (77) (23) (86) (16) (71) (53) (5) (78) (31) (98) (42) (66) (67) (87) (75) (56) (52) (33) (40) (27) (26) (1) (14) (94) (64) (7) (65) (100) (39) (11) (74) (92) (35) (30) (3) (55) (69) (60) (85) (47) (8) (68) (81) (54) (96) (90) (19) (29) (62) (37) (36) (59) (38) (18) (84) (41) (22) (2) (57) (79) (15) (51) (21) (9) (48) (44) (13) (95) (28) (89) (93) (49) (45) (43) (25) (88) (4) (32) (83) (50) (97) (10) 
48 (88) (60) (40) (33) (52) (12) (24) (4) (83) (17) (55) (8) (34) (80) (21) (7) (100) (42) (38) (32) (5) (86) (58) (3) (46) (53) (82) (37) (94) (73) (97) (90) (78) (61) (39) (9) (50) (23) (1) (51) (44) (74) (18) (28) (10) (84) (26) (11) (48) (99) (25) (98) (91) (95) (68) (6) (54) (30) (35) (45) (85) (72) (13) (81) (57) (20) (93) (41) (29) (59) (22) (71) (31) (69) (66) (63) (92) (89) (62) (14) (65) (36) (2) (79) (75) (19) (47) (70) (49) 
49 (53) (60) (77) (97) (18) (99) (38) (98) (63) (4) (91) (55) (29) (90) (46) (37) (54) (82) (42) (73) (68) (86) (41) (92) (8) (9) (52) (74) (35) (23) (24) (69) (25) (58) (89) (13) (28) (5) (85) (7) (49) (15) (16) (43) (21) (71) (39) (96) (11) (80) (2) (45) (47) (76) (6) (34) (10) (27) (100) (79) (75) (12) (72) (81) (19) (3) (14) (87) (30) (50) (48) (44) (1) (56) (36) (83) (93) (20) (57) (67) (61) (78) (17) (94) (32) (31) (51) (26) (59) (33) (70) (95) (65) (62) 
50 (36) (18) (92) (74) (67) (88) (12) (49) (91) (21) (80) (29) (68) (55) (66) (31) (59) (97) (64) (82) (11) (42) (43) (81) (79) (38) (65) (46) (10) (58) (39) (87) (40) (85) (96) (52) (6) (93) (45) (56) (7) (35) (28) (30) (73) (95) (8) (19) (90) (54) (16) (34) (61) (33) (32) (47) (13) (24) (78) (84) (71) (98) (4) (89) (60) (72) (75) (15) (77) (9) (51) (1) (26) (44) (86) (76) (14) (41) (94) (48) (53) (5) (57) (70) (62) (83) (27) (37) (17) (22) (23) (2) (50) 
51 (28) (64) (91) (23) (94) (98) (51) (20) (40) (96) (52) (21) (34) (61) (95) (30) (87) (75) (22) (35) (84) (39) (15) (99) (49) (55) (1) (32) (53) (82) (36) (11) (58) (89) (37) (24) (83) (6) (92) (10) (54) (45) (60) (80) (7) (16) (77) (88) (27) (56) (38) (74) (25) (4) (13) (46) (43) (73) (50) (48) (5) (62) (85) (19) (42) (65) (66) (79) (8) (33) (2) (72) (78) (31) (97) (57) (14) (68) (70) (81) (86) (29) (26) (93) (63) (76) (67) (59) (9) (3) 
52 (42) (19) (17) (54) (32) (1) (50) (27) (25) (75) (36) (78) (97) (55) (41) (56) (2) (48) (22) (86) (15) (87) (89) (82) (33) (39) (68) (64) (59) (84) (30) (8) (10) (71) (95) (96) (13) (7) (21) (63) (35) (81) (67) (3) (58) (69) (80) (76) (43) (29) (98) (90) (94) (99) (46) (92) (83) (49) (9) (65) (73) (70) (18) (47) (100) (16) (60) (14) (26) (61) (52) (77) (34) (79) (37) (53) (5) (88) (31) (40) (66) (4) (57) (51) 
53 (69) (97) (94) (75) (70) (89) (23) (7) (33) (90) (76) (43) (98) (77) (22) (19) (58) (72) (46) (48) (40) (15) (25) (54) (26) (47) (55) (67) (13) (3) (100) (17) (74) (86) (20) (57) (34) (36) (30) (6) (83) (88) (66) (63) (85) (56) (1) (92) (5) (53) (14) (32) (95) (4) (12) (38) (49) (82) (18) (99) (68) (10) (61) (50) (79) (9) (59) (41) (35) (28) (27) (62) (39) (37) (65) (2) (87) (24) (51) (52) (16) (81) (21) (44) (91) (60) (73) 
54 (60) (95) (15) (3) (28) (78) (66) (24) (33) (85) (76) (55) (10) (81) (62) (47) (67) (29) (20) (48) (30) (99) (36) (64) (77) (44) (35) (21) (72) (57) (40) (7) (22) (56) (9) (27) (63) (34) (82) (73) (68) (58) (32) (92) (83) (93) (98) (54) (50) (97) (71) (2) (52) (41) (75) (61) (49) (89) (91) (42) (100) (88) (79) (70) (86) (80) (1) (31) (25) (51) (46) (37) (6) (17) (96) (4) (59) (11) (5) (87) (84) (69) 
55 (30) (75) (57) (79) (87) (60) (82) (67) (37) (8) (34) (89) (73) (38) (43) (61) (51) (48) (28) (22) (78) (6) (5) (42) (17) (91) (54) (52) (66) (31) (7) (53) (41) (16) (64) (23) (3) (14) (59) (81) (32) (88) (1) (50) (9) (86) (20) (93) (2) (71) (70) (80) (77) (45) (15) (58) (90) (94) (35) (19) (40) (49) (4) (97) (39) (69) (85) (65) (18) (36) (95) (62) (55) (68) (10) (11) (46) (29) (44) (56) (100) (47) (76) (98) (99) (24) (26) (13) (33) (25) (96) (83) (74) (12 72) 
56 (52) (10) (43) (47) (7) (12) (53) (42) (31) (63) (94) (80) (28) (45) (49) (32) (55) (36) (39) (96) (58) (3) (98) (85) (62) (40) (48) (78) (51) (76) (18) (24) (68) (87) (74) (99) (2) (50) (4) (11) (100) (97) (27) (14) (71) (21) (54) (60) (16) (13) (93) (41) (38) (46) (84) (83) (73) (82) (17) (26) (5) (77) (89) (70) (15) (33) (20) (59) (81) (57) (23) (22) (1) (91) (69) (88) (9) (67) (6) (30) (66) (34) (86) (8) (37) (72) 
57 (23) (45) (5) (41) (73) (15) (47) (58) (93) (19) (2) (65) (48) (25) (77) (61) (55) (69) (18) (32) (60) (81) (46) (94) (22) (75) (44) (1) (29) (99) (28) (97) (95) (76) (80) (30) (92) (17) (78) (50) (54) (20) (21) (79) (64) (62) (53) (16) (4) (100) (86) (63) (26) (33) (39) (57) (70) (74) (89) (71) (82) (66) (8) (40) (13) (27) (11) (35) (43) (91) (72) (10) (56) (68) (14) (90) (9) (37) (96) (59) (7) (24) (84) (38) (67) (83) (3) (36) (52) (85) (34) 
58 (65) (39) (10) (77) (60) (9) (6) (19) (84) (74) (37) (15) (97) (58) (5) (3) (55) (67) (88) (16) (80) (92) (8) (50) (41) (81) (7) (70) (1) (63) (35) (96) (73) (45) (30) (89) (52) (2) (75) (13) (57) (31) (22) (42) (85) (72) (14) (36) (76) (82) (90) (32) (4) (91) (83) (61) (11) (87) (66) (40) (54) (28) (20) (64) (79) (71) (99) (69) (100) (43) (95) (86) (51) (98) (23) (18) (49) (78) (44) (62) (56) (59) (68) (47) (48) (17) (33) (94) (21) (12) (29) 
59 (99) (73) (44) (51) (84) (61) (93) (29) (63) (26) (40) (68) (45) (15) (1) (24) (38) (79) (97) (33) (9) (34) (64) (72) (47) (21) (4) (16) (53) (11) (50) (56) (18) (70) (27) (59) (88) (8) (48) (46) (95) (90) (74) (13) (2) (3) (55) (41) (87) (49) (22) (76) (71) (92) (94) (91) (42) (17) (89) (86) (57) (28) (62) (10) (80) (19) (58) (31) (100) (25) (78) (23) (20) (96) (60) (12) (6) (69) (36) (82) (5) (32) (75) (67) (35) (30) (83) (66) (54) (7) (14) 
60 (6) (13) (19) (46) (44) (35) (91) (33) (88) (51) (50) (94) (18) (25) (84) (100) (70) (29) (47) (76) (97) (56) (87) (1) (65) (83) (74) (43) (4) (37) (96) (45) (9) (71) (31) (39) (32) (54) (80) (62) (2) (79) (12) (89) (60) (75) (90) (21) (28) (10) (17) (72) (81) (59) (27) (98) (14) (67) (93) (82) (7) (30) (63) (20) (5) (52) (16) (26) (11) (42) (69) (36) (99) (53) (49) (66) (78) (58) (3) (73) (22) (40) (38) (55) (41) (23) (15) (64) 
61 (12) (36) (14) (54) (98) (94) (82) (38) (43) (20) (8) (27) (9) (69) (96) (70) (10) (75) (28) (35) (74) (42) (24) (1) (81) (89) (71) (64) (93) (30) (68) (86) (49) (97) (32) (53) (67) (79) (95) (77) (2) (73) (17) (46) (85) (37) (44) (99) (5) (48) (84) (83) (76) (47) (41) (31) (88) (22) (51) (58) (52) (65) (19) (39) (15) (25) (11) (91) (4) (18) (62) (45) (13) (66) (26) (56) (92) (60) (21) (34) (61) (29) (40) (100) (57) (16) (50) (33) (63) (90) (55) (87) (3) (7 59) (78 80) 
62 (81) (65) (51) (32) (93) (82) (21) (36) (42) (9) (73) (30) (44) (15) (35) (13) (23) (86) (79) (89) (43) (83) (25) (40) (50) (98) (88) (7) (45) (58) (91) (39) (1) (46) (28) (22) (90) (38) (67) (48) (62) (18) (85) (56) (19) (76) (27) (53) (49) (57) (94) (74) (84) (55) (2) (16) (71) (70) (61) (78) (4) (92) (63) (75) (17) (52) (59) (68) (72) (66) (99) (31) (10) (24) (20) (6) (33) (54) (5) (69) (3) (12) (64) (26) (60) (37) (41) (95) (77) 
63 (53) (40) (24) (13) (17) (7) (42) (32) (95) (56) (59) (46) (19) (65) (49) (39) (85) (33) (87) (75) (9) (91) (97) (31) (5) (83) (23) (25) (2) (88) (64) (62) (8) (54) (36) (10) (21) (94) (100) (44) (14) (93) (86) (81) (4) (84) (26) (90) (1) (61) (70) (50) (92) (60) (34) (73) (3) (30) (71) (72) (48) (47) (74) (43) (18) (38) (69) (27) (68) (15) (37) (66) (82) (79) (78) (51) (98) (11) (16) (28) (35) (29) (12) (63) (22) (20) (76) (6) 
64 (32) (11) (16) (48) (43) (31) (28) (46) (27) (21) (96) (63) (55) (30) (5) (94) (41) (8) (84) (61) (83) (98) (79) (85) (51) (1) (60) (58) (35) (10) (59) (91) (80) (6) (14) (29) (67) (93) (26) (82) (87) (13) (66) (81) (24) (52) (89) (50) (47) (19) (90) (37) (75) (12) (54) (15) (73) (69) (34) (92) (33) (100) (20) (62) (70) (78) (77) (4) (49) (86) (72) (65) (42) (64) (57) (68) (23) (76) (7) (74) (18) (17) (2) (44) (95) (45) (97) (9) (71) (3) (22) 
65 (100) (42) (56) (18) (15) (89) (33) (93) (65) (4) (2) (70) (5) (61) (73) (43) (60) (22) (68) (49) (17) (66) (74) (81) (57) (32) (20) (50) (67) (10) (58) (31) (28) (16) (48) (98) (46) (45) (23) (97) (86) (59) (7) (34) (90) (36) (96) (92) (84) (78) (52) (54) (51) (6) (47) (8) (27) (14) (39) (40) (77) (72) (29) (64) (30) (9) (91) (1) (35) (82) (55) (11) (94) (13) (62) (25) (80) (24) (83) (53) (85) (21) (76) (19) (87) (95) (37) (79) (26) 
66 (88) (34) (15) (98) (64) (68) (31) (62) (58) (45) (51) (16) (37) (65) (33) (71) (67) (25) (48) (63) (10) (60) (100) (21) (49) (24) (77) (5) (17) (38) (42) (80) (41) (57) (29) (82) (61) (2) (86) (90) (50) (73) (23) (13) (18) (69) (54) (96) (44) (22) (27) (89) (87) (70) (47) (95) (9) (46) (53) (4) (40) (12) (6) (32) (81) (7) (94) (75) (84) (35) (30) (26) (43) (91) (14) (20) (66) (19) (83) (72) (79) (85) (52) (8) (93) (59) (11) (28) (76) 
67 (97) (23) (70) (91) (65) (22) (81) (69) (42) (19) (63) (53) (37) (34) (49) (1) (27) (12) (58) (72) (35) (98) (50) (17) (24) (31) (76) (40) (77) (88) (20) (66) (68) (26) (73) (57) (18) (62) (15) (79) (13) (45) (87) (74) (16) (2) (86) (41) (92) (59) (95) (39) (14) (56) (71) (7) (96) (94) (38) (43) (52) (85) (90) (5) (3) (36) (80) (99) (10) (11) (8) (83) (47) (28) (46) (30) (54) (29) (67) (100) (48) (84) (25) (4) (60) (32) (64) 
68 (36) (15) (52) (9) (74) (38) (45) (42) (2) (60) (32) (40) (43) (12) (3) (99) (98) (89) (92) (68) (7) (57) (64) (30) (72) (20) (65) (37) (54) (80) (88) (39) (5) (79) (50) (58) (91) (70) (17) (11) (28) (51) (85) (84) (63) (83) (23) (56) (55) (96) (86) (34) (61) (46) (8) (87) (62) (81) (97) (48) (6) (47) (100) (76) (53) (59) (66) (41) (29) (4) (78) (10) (27) (75) (90) (24) (73) (16) (49) (19) (31) (67) (33) (13) (22) (94) (1) (69) (21) (82) (14) 
69 (12) (31) (46) (95) (88) (87) (8) (100) (17) (97) (26) (30) (83) (78) (35) (4) (50) (37) (86) (24) (71) (67) (92) (15) (74) (80) (55) (75) (58) (85) (45) (39) (25) (3) (49) (76) (68) (63) (10) (99) (18) (47) (57) (93) (20) (7) (16) (9) (56) (64) (14) (77) (69) (66) (91) (52) (62) (44) (13) (1) (54) (90) (43) (33) (36) (73) (48) (70) (34) (53) (82) (72) (38) (81) (98) (28) (2) (19) (11) (29) (41) (94) (61) (84) (96) (60) (5) (22) 
70 (17) (31) (91) (55) (80) (29) (49) (39) (69) (53) (13) (70) (4) (52) (75) (33) (37) (83) (96) (78) (84) (30) (79) (32) (88) (77) (1) (68) (2) (5) (26) (6) (8) (48) (61) (71) (67) (42) (50) (45) (12) (73) (98) (28) (43) (23) (36) (24) (35) (95) (76) (60) (51) (14) (59) (25) (19) (40) (47) (56) (22) (87) (82) (20) (63) (27) (100) (38) (16) (94) (89) (57) (58) (34) (62) (3) (64) (21) (18) (7) (99) (44) (74) (72) (90) (46) (15) (10) (11) 
71 (59) (25) (93) (5) (97) (61) (43) (38) (36) (30) (26) (86) (35) (92) (64) (91) (48) (46) (55) (47) (65) (54) (21) (14) (72) (85) (74) (82) (57) (13) (45) (28) (22) (51) (89) (11) (79) (99) (63) (52) (98) (69) (96) (67) (33) (37) (15) (70) (12) (68) (16) (18) (66) (34) (75) (20) (24) (31) (39) (41) (71) (40) (2) (94) (50) (84) (95) (78) (53) (62) (56) (80) (76) (10) (27) (77) (17) (29) (100) (73) (8) (58) (23) (1) (7) (42) (9) (81) 
72 (64) (73) (63) (3) (45) (4) (27) (52) (97) (68) (75) (29) (61) (25) (7) (78) (14) (96) (33) (13) (39) (74) (46) (6) (59) (57) (41) (99) (67) (49) (1) (48) (26) (28) (87) (30) (93) (56) (32) (98) (89) (16) (24) (51) (76) (83) (90) (47) (2) (92) (10) (17) (82) (19) (36) (100) (94) (85) (37) (8) (20) (38) (62) (79) (5) (95) (84) (35) (11) (9) (77) (50) (72) (53) (60) (58) (86) (66) (80) (22) (43) (12) (31) (21) (44) (65) (15) (34) (42) (91) (71) (81) (23) 
73 (75) (86) (37) (27) (31) (62) (52) (13) (33) (99) (88) (63) (47) (84) (30) (32) (51) (11) (57) (3) (49) (35) (81) (48) (94) (15) (38) (93) (82) (4) (7) (54) (29) (26) (43) (56) (66) (21) (24) (96) (19) (28) (80) (22) (23) (71) (61) (59) (100) (10) (39) (64) (65) (25) (83) (60) (78) (67) (98) (90) (12) (77) (40) (46) (20) (2) (36) (34) (45) (14) (50) (6) (87) (91) (41) (72) (69) (5) (76) (97) (79) (17) (16) (1) (95) (55) (74) (53) (18) 
74 (31) (95) (79) (99) (21) (68) (2) (83) (51) (61) (56) (100) (69) (28) (18) (42) (57) (15) (72) (3) (13) (96) (66) (44) (76) (93) (67) (90) (23) (20) (30) (59) (88) (40) (86) (84) (9) (37) (64) (49) (92) (52) (22) (35) (29) (12) (17) (85) (71) (16) (91) (39) (33) (10) (32) (1) (34) (45) (26) (46) (25) (97) (73) (38) (41) (36) (70) (58) (47) (80) (14) (77) (98) (7) (54) (60) (62) (81) (4) (24) (65) (78) (19) (75) (87) (6) (50) (8) (89) (74) (55) (82) (43) (5) 
75 (30) (22) (7) (11) (21) (39) (47) (15) (56) (54) (19) (46) (12) (41) (25) (80) (2) (55) (52) (70) (48) (100) (14) (97) (59) (75) (96) (61) (13) (50) (26) (43) (34) (74) (64) (45) (68) (63) (71) (4) (93) (38) (67) (89) (53) (1) (81) (42) (95) (58) (49) (94) (85) (23) (57) (40) (20) (18) (62) (88) (44) (60) (86) (73) (33) (29) (87) (51) (82) (17) (79) (92) (77) (66) (76) (6) (28) (83) (69) (9) (36) (91) (72) (78) (10) (27) (5) (31) (84) (16) (90) 
76 (9) (62) (100) (53) (28) (67) (13) (26) (21) (27) (5) (80) (16) (93) (23) (64) (18) (68) (71) (60) (72) (51) (57) (70) (48) (3) (45) (7) (1) (89) (22) (87) (66) (29) (32) (31) (98) (65) (95) (20) (54) (55) (75) (69) (76) (78) (4) (92) (11) (58) (74) (97) (34) (99) (6) (15) (86) (61) (94) (59) (19) (84) (43) (52) (17) (14) (38) (40) (77) (85) (37) (47) (56) (79) (39) (2) (8) (12) (73) (88) (46) (35) (30) (36) (63) (42) (25) (90) (41) (50) (81) (24) 
77 (91) (90) (60) (59) (50) (83) (42) (88) (52) (13) (93) (39) (74) (22) (86) (16) (20) (70) (97) (69) (12) (34) (81) (45) (61) (68) (63) (95) (53) (79) (57) (9) (80) (77) (14) (56) (10) (8) (18) (3) (58) (49) (25) (94) (78) (19) (82) (24) (33) (47) (48) (1) (5) (71) (92) (100) (41) (65) (28) (76) (64) (67) (87) (73) (54) (72) (26) (17) (51) (98) (89) (7) (4) (36) (35) (96) (85) (29) (46) (43) (38) (27) (75) (62) (30) (11) (23) (15) (84) (2) 
78 (98) (20) (71) (90) (6) (54) (15) (86) (36) (80) (38) (18) (99) (42) (32) (61) (24) (12) (3) (48) (87) (10) (41) (92) (37) (52) (65) (25) (81) (83) (88) (33) (22) (84) (47) (68) (19) (74) (96) (63) (45) (73) (57) (60) (59) (49) (31) (7) (35) (53) (26) (16) (13) (70) (9) (21) (79) (44) (2) (95) (28) (76) (46) (97) (64) (14) (89) (23) (29) (4) (1) (85) (100) (40) (77) (94) (72) (50) (66) (11) (93) (34) (78) (67) (8) 
79 (33) (86) (68) (11) (23) (47) (12) (46) (53) (48) (74) (32) (9) (96) (14) (57) (65) (76) (36) (64) (56) (87) (49) (90) (6) (78) (62) (72) (28) (50) (91) (45) (63) (80) (29) (24) (66) (73) (79) (43) (42) (89) (38) (83) (52) (99) (93) (2) (98) (19) (41) (92) (81) (71) (55) (59) (22) (8) (5) (58) (34) (27) (77) (7) (82) (97) (70) (88) (54) (1) (18) (100) (15) (95) (40) (16) (3) (4) (13) (75) (21) (35) (85) (10) (25) (60) 
80 (6) (78) (90) (83) (96) (100) (24) (38) (94) (1) (97) (80) (36) (50) (37) (99) (12) (8) (57) (41) (98) (77) (87) (32) (63) (67) (86) (68) (84) (61) (88) (89) (47) (46) (48) (30) (3) (15) (65) (82) (2) (19) (69) (18) (22) (29) (27) (34) (93) (31) (64) (49) (53) (10) (60) (5) (75) (35) (73) (13) (11) (66) (23) (26) (9) (72) (28) (42) (21) (56) (92) (70) (4) (95) (85) (14) (17) (79) (51) (81) (40) (43) (39) (45) (71) (54) (62) (20) (44) (55) (74) 
81 (62) (60) (58) (36) (35) (7) (8) (48) (59) (4) (2) (1) (44) (71) (3) (69) (72) (79) (97) (92) (27) (40) (49) (23) (65) (30) (38) (9) (98) (21) (100) (26) (19) (32) (77) (12) (39) (37) (5) (73) (82) (29) (25) (96) (86) (90) (76) (55) (18) (6) (47) (85) (75) (63) (78) (95) (56) (31) (57) (89) (88) (81) (74) (20) (33) (93) (15) (84) (54) (34) (13) (70) (17) (42) (66) (14) (53) (46) (16) (11) (22) (50) (83) (10) (28) (43) (51) (24) (91) (87) 
82 (91) (12) (36) (44) (35) (3) (80) (53) (2) (60) (30) (10) (77) (46) (24) (56) (8) (43) (74) (87) (48) (98) (94) (49) (29) (97) (85) (1) (99) (28) (51) (73) (38) (89) (61) (37) (11) (13) (23) (22) (88) (65) (7) (81) (19) (32) (92) (66) (64) (34) (45) (17) (68) (9) (55) (78) (71) (18) (41) (47) (5) (16) (96) (70) (25) (20) (27) (14) (50) (100) (33) (42) (93) (15) (86) (79) (57) (58) (6) (72) (69) (4) (95) (40) (90) (82) (67) (75) (52) (63) 
83 (59) (20) (98) (33) (83) (44) (41) (76) (68) (70) (71) (11) (87) (52) (25) (7) (6) (3) (73) (50) (5) (91) (19) (1) (48) (27) (100) (4) (56) (92) (30) (51) (85) (18) (17) (32) (66) (39) (54) (57) (84) (29) (53) (14) (88) (69) (38) (28) (43) (34) (2) (58) (45) (97) (75) (65) (55) (42) (62) (13) (21) (63) (35) (47) (31) (61) (72) (37) (26) (24) (10) (64) (94) (78) (8) (99) (12) (15) (90) (60) (79) (86) (67) (96) (9) (81) (95) (80) (36) (23) (89) (77) 
84 (69) (2) (67) (25) (37) (42) (75) (4) (51) (6) (64) (72) (5) (21) (35) (13) (80) (22) (79) (16) (57) (36) (60) (93) (30) (100) (52) (34) (17) (74) (28) (62) (87) (45) (61) (83) (12) (50) (59) (40) (10) (1) (55) (18) (99) (32) (3) (68) (46) (9) (7) (56) (96) (33) (81) (95) (76) (15) (73) (88) (43) (38) (82) (47) (77) (39) (98) (71) (48) (92) (24) (84) (97) (65) (23) (54) (44) (85) (31) (8) (66) (86) (70) (49) (63) (90) 
85 (42) (1) (41) (77) (91) (37) (9) (26) (33) (76) (18) (46) (45) (35) (93) (62) (34) (63) (66) (8) (24) (15) (47) (89) (83) (84) (3) (4) (51) (21) (96) (44) (11) (60) (85) (53) (23) (39) (27) (67) (59) (81) (38) (99) (7) (69) (79) (40) (68) (14) (78) (72) (95) (17) (97) (30) (94) (87) (54) (61) (55) (92) (56) (43) (36) (75) (32) (22) (2) (80) (100) (98) (29) (6) (28) (64) (48) (19) (82) (70) (73) (74) (57) (16) (71) (58) (20) 
86 (54) (97) (32) (83) (80) (37) (4) (69) (77) (59) (41) (19) (40) (75) (73) (91) (96) (15) (52) (53) (88) (89) (42) (78) (33) (90) (72) (79) (81) (29) (56) (22) (1) (85) (39) (6) (18) (70) (2) (48) (24) (49) (17) (13) (76) (8) (51) (43) (63) (30) (25) (65) (20) (21) (98) (10) (67) (74) (38) (55) (9) (14) (86) (87) (92) (94) (45) (50) (62) (82) (26) (36) (28) (93) (95) (12) (7) (3) (61) (57) (66) (34) (58) (27) (47) (23) (11) (5) 
87 (26) (86) (24) (90) (54) (21) (58) (18) (5) (31) (98) (10) (62) (46) (4) (96) (15) (60) (100) (47) (61) (14) (64) (51) (50) (27) (75) (88) (52) (83) (2) (44) (85) (89) (66) (80) (38) (37) (1) (48) (78) (69) (59) (42) (67) (63) (77) (30) (36) (28) (22) (6) (53) (73) (97) (29) (99) (39) (79) (20) (3) (56) (17) (19) (57) (33) (92) (43) (34) (81) (12) (87) (13) (16) (8) (41) (72) (68) (25) (7) (35) (70) (84) (11) (82) (55) (49) (40) (65) (91) 
88 (95) (46) (60) (71) (100) (16) (70) (51) (13) (15) (39) (66) (27) (58) (14) (85) (98) (25) (65) (99) (83) (44) (81) (9) (84) (55) (86) (53) (33) (32) (22) (1) (2) (87) (62) (42) (69) (76) (34) (29) (79) (12) (97) (17) (31) (40) (20) (37) (89) (47) (68) (54) (38) (7) (36) (77) (75) (8) (91) (21) (10) (18) (5) (4) (45) (57) (23) (64) (67) (92) (78) (90) (72) (82) (28) (30) (35) (3) (49) (43) (19) (6) (24) (74) (41) (11) 
89 (99) (19) (60) (97) (94) (51) (59) (86) (54) (41) (34) (8) (30) (63) (82) (95) (4) (88) (77) (76) (84) (7) (12) (6) (36) (52) (85) (90) (98) (73) (72) (20) (65) (13) (39) (74) (21) (57) (15) (44) (55) (25) (79) (9) (48) (28) (40) (93) (61) (14) (16) (35) (78) (67) (56) (2) (1) (87) (69) (64) (96) (91) (80) (11) (49) (92) (81) (26) (37) (50) (33) (83) (71) (42) (27) (62) (68) (38) (23) (43) (3) (70) (17) (75) (32) (46) (45) (29) (31) (89) (66) (5) 
90 (11) (15) (57) (98) (12) (94) (24) (22) (27) (73) (10) (65) (14) (72) (79) (68) (81) (39) (58) (3) (67) (21) (64) (93) (54) (92) (51) (31) (23) (18) (56) (19) (37) (70) (34) (71) (66) (16) (96) (36) (60) (26) (28) (80) (55) (95) (35) (48) (6) (90) (38) (47) (63) (30) (41) (61) (52) (1) (53) (97) (87) (4) (20) (50) (33) (83) (32) (13) (46) (89) (75) (69) (17) (9) (84) (45) (42) (43) (7) (59) (2) (76) (100) (99) (78) (29) (62) (49) (5) (44) (82) 
91 (66) (50) (69) (58) (78) (40) (86) (26) (25) (14) (12) (48) (24) (64) (97) (22) (93) (15) (92) (32) (2) (61) (81) (60) (44) (36) (52) (46) (47) (68) (35) (87) (38) (54) (79) (98) (18) (59) (67) (30) (43) (83) (31) (94) (1) (42) (28) (71) (57) (17) (100) (90) (39) (37) (16) (11) (91) (76) (80) (27) (85) (19) (96) (82) (74) (51) (29) (63) (62) (95) (33) (56) (5) (13) (10) (45) (7) (41) (73) (65) (75) (53) (23) (55) (99) (8) (77) (9) (21) (72) 
92 (97) (83) (29) (8) (20) (2) (73) (80) (89) (86) (6) (52) (91) (21) (69) (84) (63) (33) (36) (62) (93) (92) (46) (17) (18) (64) (19) (10) (15) (27) (35) (72) (65) (1) (79) (71) (34) (43) (51) (31) (55) (85) (68) (30) (16) (23) (87) (78) (61) (39) (50) (4) (82) (96) (14) (54) (11) (53) (67) (74) (90) (48) (44) (94) (37) (70) (56) (60) (45) (32) (13) (38) (66) (58) (57) (98) (28) (40) (41) (12) (7) (25) (22) (3) (99) (76) (100) (5) (9) (47) (42) (81) (77) (75) (26) 
93 (55) (31) (85) (95) (51) (93) (9) (82) (47) (28) (86) (83) (73) (70) (38) (46) (10) (35) (14) (26) (79) (57) (32) (29) (20) (8) (78) (56) (43) (12) (67) (97) (81) (44) (72) (25) (13) (22) (90) (15) (77) (34) (7) (96) (100) (36) (76) (37) (19) (54) (33) (61) (17) (58) (94) (87) (41) (27) (63) (66) (75) (60) (21) (4) (59) (62) (65) (69) (6) (39) (98) (52) (64) (68) (1) (18) (48) (50) (11) (49) (5) (23) 
94 (43) (22) (44) (53) (36) (5) (82) (79) (72) (92) (98) (2) (16) (45) (33) (61) (83) (12) (19) (55) (66) (52) (38) (23) (20) (85) (99) (46) (28) (48) (80) (35) (93) (68) (71) (37) (65) (1) (94) (90) (25) (26) (74) (15) (27) (64) (95) (41) (49) (24) (67) (29) (75) (97) (60) (39) (32) (63) (58) (56) (84) (14) (7) (87) (51) (100) (9) (50) (10) (21) (88) (31) (89) (13) (59) (40) (81) (47) (91) (69) (8) (62) (73) (76) (6) (57) (18) (78) (30) (70) (3) 
95 (35) (86) (61) (79) (6) (48) (94) (70) (100) (50) (33) (89) (14) (51) (56) (93) (31) (21) (26) (18) (81) (71) (52) (1) (44) (36) (10) (7) (27) (12) (9) (64) (78) (87) (30) (82) (38) (2) (58) (34) (85) (3) (88) (96) (92) (95) (53) (55) (40) (4) (75) (11) (49) (72) (13) (69) (23) (98) (74) (29) (19) (84) (68) (73) (43) (22) (47) (99) (41) (25) (97) (28) (66) (60) (63) (77) (5) (54) (57) (62) (76) (45) (17) (37) (65) (32) (39) (90) (59) 
96 (32) (58) (15) (21) (100) (92) (72) (43) (63) (19) (6) (4) (34) (9) (83) (65) (28) (11) (57) (98) (87) (48) (90) (80) (27) (99) (23) (71) (75) (29) (25) (13) (3) (86) (49) (79) (74) (88) (24) (94) (2) (37) (38) (73) (5) (91) (26) (95) (46) (54) (42) (61) (60) (44) (36) (52) (20) (70) (55) (1) (47) (22) (56) (89) (69) (17) (96) (10) (85) (18) (82) (35) (16) (62) (66) (50) (31) (33) (8) (76) (45) (51) (14) (77) (39) (64) (67) (78) (59) (68) (40) (41) (84) (12) (81) 
97 (66) (5) (94) (64) (92) (34) (11) (44) (9) (68) (88) (38) (40) (84) (42) (15) (30) (8) (22) (79) (55) (39) (82) (62) (58) (87) (46) (37) (89) (63) (36) (72) (19) (97) (50) (98) (56) (16) (49) (7) (35) (73) (85) (14) (47) (86) (32) (93) (91) (52) (48) (45) (21) (69) (78) (60) (18) (59) (24) (81) (57) (41) (26) (100) (76) (99) (77) (95) (29) (27) (25) (10) (70) (6) (3) (17) (13) (43) (67) (33) (2) (53) (4) (71) (54) (80) (90) (23) (61) (96) (1) (31) 
98 (53) (39) (81) (96) (28) (58) (64) (99) (52) (20) (10) (80) (48) (21) (68) (22) (79) (34) (2) (44) (47) (46) (33) (32) (30) (63) (45) (76) (15) (38) (35) (91) (4) (97) (11) (90) (27) (7) (50) (87) (62) (89) (56) (40) (77) (78) (74) (67) (51) (37) (19) (31) (57) (13) (17) (69) (5) (14) (84) (85) (72) (94) (82) (55) (1) (23) (86) (43) (95) (12) (59) (92) (88) (41) (29) (93) (6) (73) (49) (54) (100) (36) (61) (42) (70) (25) (9) (66) (75) (26) (60) (83) 
99 (90) (45) (100) (98) (97) (66) (94) (59) (96) (14) (31) (26) (73) (34) (87) (15) (5) (40) (95) (57) (33) (89) (58) (28) (56) (53) (48) (6) (65) (62) (2) (69) (78) (46) (41) (50) (61) (49) (10) (9) (17) (79) (23) (92) (82) (86) (22) (52) (88) (42) (13) (70) (91) (63) (21) (38) (1) (4) (20) (29) (83) (43) (25) (81) (27) (35) (39) (55) (77) (72) (99) (18) (76) (36) (3) (64) (75) (24) (71) (51) (16) (11) (80) (44) (60) (19) (30) (67) (12) (7) (54) (47) (85) 
100 (19) (89) (76) (20) (38) (16) (13) (99) (49) (93) (45) (57) (33) (74) (91) (23) (75) (27) (36) (70) (98) (94) (50) (41) (4) (73) (52) (12) (86) (58) (71) (17) (31) (77) (7) (51) (56) (44) (42) (84) (46) (21) (79) (96) (60) (90) (85) (34) (15) (2) (95) (61) (37) (18) (69) (35) (48) (82) (24) (10) (87) (26) (81) (40) (5) (22) (53) (64) (47) (14) (32) (9) (88) (63) (68) (30) (97) (3) (100) (54) (39) (25) (62) (92) (66) (55) (11) (29) (6) (78) (67) (1) (43) (59) 
