0
100
100
1 (5) (57) (24) (94) (63) (70) (33) (34) (15) (58) (77) (67) (47) (23) (50) (3) (30 26) (8) (22) (64) (6) (65) (16 29) (71) (82 7) (78) (13) (39) (86) (4) (51) (56) (84) (52) (99 60) (68) (17) (89) (11) (87) (61) (41) (55) (69) (90) (62) (66) (53 42) (100) (45) (97) (91) (96) (85) (20) (98) (59 40) (28) (36) (31) (19) (32) (38) (49) (35) 
2 (60 28) (1) (24 82 63) (18) (73) (37) (43) (94) (99 91) (32) (79) (55) (87) (54 7) (44) (97) (52) (75) (64) (21) (19) (9) (39) (62) (85) (50) (59) (27 72) (95) (45) (15) (10) (88) (12) (33) (89 11) (23) (71) (56) (100) (53) (57) (20) (49) (3) (86) (78) (92) (48) (14) (2) (74) (77) (47) (80) (46) (66) (8) (65) (40) 
3 (32) (96) (22) (72) (37) (30) (44) (20) (31) (55) (5) (17) (3) (52) (75) (46) (28) (8) (89) (19) (80) (9) (77) (40) (43) (63) (65) (76) (2) (67) (36) (45 56) (47) (38) (78) (59) (97) (26 7 69 15) (23) (11) (95) (74) (16 4) (27) (51) (53) (57) (85) (60) (82) (94) (54) (33) (81) (34) (84) (99) (98) (35) (64) (58) (39) (10) (13) (48) 
4 (95) (8) (29) (56 88) (94) (90) (57) (49) (52) (75) (46 24) (80) (35) (69) (83) (33) (12) (31) (32) (38) (53) (30) (36) (9) (55) (16) (4) (26) (61) (60) (51) (74) (84) (41) (64) (14) (21) (100) (17) (68) (23) (27) (39 93) (66) (54) (89 40) (82) (44) (76) (78) (92) (43) (97) (13) (19) (71) (87) (86) (42) (79) (77) (10) (7) (15) (20) (2) (5) (81) (62) (48) (37) (28 22) (1) 
5 (75) (79) (96) (94) (46 76) (5) (84) (16) (43) (27) (24) (3 23) (14) (62) (70) (19 28) (20) (88) (44) (67) (89) (30) (83) (87) (74) (58) (52) (69) (37) (25) (61) (35) (54) (48 41) (66) (4 90) (85) (71) (12) (9) (92 81) (22) (65) (39 77) (11) (18) (97) (17) (59 98) (36) (32) (45) (51) (55) (13 82) (91) (86) (47) (64) (68) (57) (38) (7) (63) (8) (2) 
6 (5) (7) (73) (19) (68 37 13) (52) (70 66 44) (53 75) (72) (20) (98) (17) (71) (62) (43) (26) (24) (84) (69) (27) (87) (38) (1) (48) (100 23) (28) (12 41) (31) (82) (36) (61) (16) (60) (8 25) (39) (92 18) (29) (64) (2) (11) (76) (50) (56) (14) (3) (40) (35) (94 51) (59) (32) (45) (54) (15) (96) (46) (97) (89) 
7 (17) (38) (8) (26) (2) (24) (63) (3) (16 19) (4) (33) (20) (55) (73) (25) (92) (47) (10) (69) (41) (59) (61) (51) (77) (22) (35) (9) (74) (15) (37) (93) (81 27) (62 84) (30) (98 80) (67 52) (53) (57) (82) (40 60) (87) (71) (76) (66) (29) (88) (96) (46 54) (31) (43) (94) (7) (28 42) (85 95) (86) (18) (89 21) (78) (11) 
8 (88 34) (53 89) (77) (4) (52) (66) (33) (31) (90) (51) (82) (21) (36) (64) (60) (11) (25) (71) (3) (39) (20) (8) (79) (12) (43) (26) (80) (38) (70 44) (72) (47) (5) (13) (54) (58) (49) (48) (99) (73) (29) (95) (94) (92) (17) (67) (84 65) (81) (22) (56) (16) (19) (85) (83) (30) (45) (28) (68) (98) (23) (10) (75) (9) 
9 (30) (74) (10) (20) (78) (79) (96) (46 40) (71) (83) (19) (97) (1 28) (90) (76) (89) (87) (77) (32) (94 91) (82) (9) (42) (70) (44) (49) (95) (22) (25) (93) (92) (86) (57) (2) (18) (68) (66) (99) (43) (27) (63) (21) (8) (48) (81) (23) (17 85 41) (35) (58) (100) (26) (64) (31) (5) (84) (53) (12) (38) (54) (80) (6) (13) (50) (39) (56) (14) (7) 
10 (88) (29) (32) (82) (17) (24) (78) (28) (49) (56) (10) (95) (93) (58) (98) (86) (1) (74) (31 79) (59) (45) (25) (11) (54) (47) (61 73) (55) (18) (12 4) (65) (41) (34) (8) (64 91) (20 36) (72) (39) (99) (60) (77) (75) (90) (84) (16) (44) (35) (5) (3) (15) (52 40) (27) (67) (2) (89) (87) (66) (97 80) (42) (57) (13) (71) (76) (50) (22) (43) (85 96) (6) (63) (33) (100) (70) (69) (92) 
11 (56) (98) (19) (65) (33) (85) (64) (8 25) (80) (76 55) (94) (48) (50) (10) (38) (100) (42) (78) (60) (40) (91) (28 84) (20) (21) (75) (68) (63) (59) (23) (5) (34) (22) (97) (11) (24 43) (61) (58) (17) (72) (83) (93) (95) (36) (7) (27) (30) (69) (62) (9) (82) (90 32) (81) (47) (35) (70) (71) (73) (92 41) (45) (39) (77) 
12 (44) (7) (86 38) (23) (14) (34) (88) (39) (76) (59) (12) (70) (32) (71) (28) (93) (65) (47) (54) (63) (81) (57 64) (27) (80) (20) (51) (97) (99) (66) (56) (89) (46) (36) (41) (91) (78) (82) (11 15) (19) (55) (60) (24) (9) (53) (79) (43) (92) (75 85) (58 22 90) (6) (77) (35) (2) (40) (84) (1) (21) (48) (3) (72) (30) (5) (4) (69) (49) 
13 (16) (17) (79) (19 65) (25) (10) (83) (48) (24) (53) (36) (46) (8) (68) (35) (23) (51) (26) (71) (57) (47) (32) (72) (90) (40) (45) (3) (74) (11) (69) (28 91 61) (20) (12) (55 92) (13) (33) (58) (98) (14) (1 94) (42) (52) (82) (86) (34) (50) (22) (56) (67) (85) (63) (77) (62) (73) (2) (97) (15) (88 66) (7) (21) (41) (30) (60) (78) (93) 
14 (70) (100) (84) (49) (10) (77) (50) (96) (58) (72) (79) (68) (41 34) (25) (31) (29) (94) (42) (76) (73) (78) (60) (85) (57) (61) (2) (18) (54) (6) (23) (30) (66) (1) (11) (98 67) (12) (17) (55) (39) (15) (24) (3) (82) (71) (47) (21) (48) (26) (44 83) (99) (92) (65 36 95) (9) (8) (20) (5) (86) (62) (88) (56) (13) (63) 
15 (50) (28) (35) (86) (43) (13) (71 74) (24) (68) (15) (32) (66) (95) (62) (16) (36) (45) (47) (96 97) (8) (87) (31) (92 70) (42) (10 30) (53) (73) (67) (12) (18) (22) (9) (23) (65) (46) (38) (88) (99) (59) (11) (63) (19) (58) (81) (72) (89) (57) (17) (75) (69) (6) (94) (60) (83 21) (26) (54) (85) (100) (40) (80) (2) (79) (84) (61) (1) 
16 (78) (1) (51) (61) (2) (10) (73) (93) (64) (74) (25 48) (79) (23) (95) (70) (66) (13) (36) (6) (86 8) (54) (56) (22 97) (82) (34) (89 9) (11 99) (33) (24) (49) (14) (28) (40) (16 50) (37) (15) (57) (38) (7 43) (69) (98 17) (72) (88) (80) (39) (55) (58) (4) (35) (63) (62) (90) (85) (76) (12) (53) (30) (83) (84 91) (45) (47) (18) 
17 (32) (73) (53) (41 26) (42) (84) (50) (97) (6) (96) (39) (70) (65) (66 37) (47) (43) (80 95) (100) (24) (54) (92) (76) (75) (16) (60) (30) (19) (12) (81) (64) (25) (74 22) (23) (2) (49) (36) (61) (46) (44) (11) (9) (63) (34) (21) (20) (91) (13) (45) (58) (94) (29 48) (71) (67) (27) (17 8) (55) (4) (18) (35) (72) (79) (82) (93) (28) (99) (83) 
18 (93) (5) (25) (7) (54) (70) (22) (78) (18) (60) (62) (61) (63) (88) (37) (80) (99) (14) (12) (45) (20) (52) (30) (21) (58 77) (44) (36) (2) (51) (39) (49) (87) (83 65) (74) (23) (69 82) (72 1) (97) (32) (11) (10) (95) (41) (31) (76) (27) (16) (67) (90 42) (81) (43 33) (24) (34 75) (46) (94) (8) 
19 (58) (32) (25) (62) (78) (91) (13 36) (93 39) (26) (88) (50 28) (12) (97) (66) (100) (9) (68) (77) (61) (56 73) (15) (19) (10) (65 16) (92) (27) (85) (55) (84) (20) (82 53) (29) (69) (23) (79) (7) (52) (4) (31) (43) (2) (5) (34) (83) (71 90) (18) (87) (40) (76) (11) (48) (21) 
20 (86 90) (42) (14) (88) (20 10) (54) (49) (2) (82) (55) (72) (36) (19) (25) (87) (60) (62) (17) (7) (46) (67) (77) (34) (11) (58 3) (1 31) (5) (32) (21 89) (44) (68) (80) (18) (38) (30) (79) (13 43) (85) (27) (57) (75) (29 41) (52) (56) (50) (97) (35) (26) (93) (74) (53) (8) (4 40) (100) (51) (78) (99 37) (59) (69) 
21 (57) (20) (88) (33) (15) (23) (3) (32) (99) (59) (42) (69) (36 11) (5) (45) (25) (28) (91 80) (77) (64) (79) (98) (6) (68) (95) (92) (41) (85) (44) (75) (86) (97) (54) (89) (17) (84) (82) (38) (34) (19) (56) (7) (22) (76) (96) (40) (46) (62) (48) (47) (71) (61) (90) (53) (2) (60) (73) (70) (21) (13) (9) (67) (4 35 83 14) (72) (31) (24 93) (50) (18) 
22 (20) (27) (90) (19) (68 72) (7) (94) (92) (26) (82) (74 32) (30) (37) (23) (96) (8) (53) (14) (45) (3) (63 40) (100) (51) (58) (12 73) (21) (29) (75) (1) (88) (93) (70) (15) (62 35) (25) (71) (69) (2) (55) (85) (10) (97) (95 6) (67) (64) (16) (84 9) (47 98) (5) (42) (38) (54) (33) (11) (59 24) (81) (39) (79 91) (28) (43) (4) (99) (80) (66) 
23 (28) (85) (49) (13) (77) (81 69) (57) (99) (91) (1 16) (2) (73) (44) (19) (20) (9) (71) (72) (58) (88) (100) (14) (39) (47) (25) (67) (38) (98) (6) (46) (29 42) (70) (32) (34) (68 54) (15 89) (45) (59) (76) (37) (50) (61) (80) (17) (79) (22) (43) (96) (24) (75) (90) (62) (63) (4) (56) (55) (31) (27) (64) (97) (11) 
24 (70) (85) (11) (57) (48) (46 76) (59) (83) (45) (53) (79) (15 14 28 74) (95) (18 10) (29) (77) (23) (1) (49) (42) (20) (89) (8) (32) (25) (60) (51) (24) (6) (56) (82) (61 86) (5) (93) (97) (22 17) (87) (3 40) (13) (4) (41 94) (75) (34) (39) (26) (65) (69) (37) (64) (30) (99) (58) (71) (47) (50) (100) (55) (35) 
25 (74) (76) (20) (90) (84 2) (100) (64) (86) (26 61) (65) (35) (83) (24) (42) (62) (21) (19) (97) (73) (3) (41) (36) (48) (13) (32) (51) (27 47) (55) (58) (88) (50) (59) (67) (68) (89) (30) (57) (91) (87) (45) (9) (25) (38) (53) (23) (17) (78) (49) (69) (98) (6) (56) (31) (81) (82) (71) (77) (79) (70) (33) (94) (39) (29) (16) (10) (80) (4 12 18) (85) 
26 (90 33) (18 59) (25) (73) (30) (46) (84) (95) (7) (72) (14) (31) (80) (89) (88) (74) (98) (15) (47) (91) (22 29) (28) (1) (60) (67) (38) (76) (62) (54) (37) (99) (42 82) (3) (41) (36) (96) (94) (26) (93) (69) (32) (19) (45) (64 78 71) (58) (50) (24) (63 39) (34) (57) (6) (100) (68) (70 44) (66) (75) (11) (21) (51) 
27 (29) (38) (57) (35) (10) (37) (79) (17) (70) (72) (93 53) (51) (19 28) (63) (22) (34) (47) (67) (60) (55 40) (44) (74 11 42) (49) (58 1) (83) (97) (23) (65) (26) (52) (69) (14) (54) (86) (56) (50) (7) (31) (24 20) (94) (39) (78) (36 75) (64) (76) (5) (73) (15) (77) (91) (18) (27 43) (84) (46) (32) (89) (81) (21 2) (98) 
28 (12) (84) (82) (23) (7) (56) (31) (27) (45) (11) (42) (39) (95) (96) (21) (85) (48) (79) (44) (49) (72 30 40) (22) (100) (93) (32) (25) (94) (73) (59) (86) (60) (98 58) (52) (1) (61) (4) (76) (15) (88) (97) (77) (37) (90 46) (81) (5) (19) (2) (83) (50 99) (68) (18) (78) (67) (54) (24) (74) (66) (34) (17) (6) (71) (65) 
29 (78) (3) (30) (98) (81) (45) (62) (11) (57) (7) (94) (41) (6) (43) (54) (21 48 67 84) (50) (63) (25) (15) (38 53 86) (97) (73) (92) (13) (39) (4 24) (47) (29) (93) (83) (31) (89) (75) (28) (35) (42) (32) (74) (71) (8) (70) (22) (79) (5) (90) (100) (27 60) (20) (80) (65 52) (88) (49) (1) (44) (46) (2 10) 
30 (74) (26) (37) (57) (2) (9) (65) (21 51) (75) (35) (25 99) (70) (24) (15) (77) (82) (4) (20) (38 22 28 14) (49) (54) (29) (78) (55) (93) (48) (62) (92) (10) (39) (56) (32) (30) (13) (41) (58) (94) (52) (66 84) (72) (5) (91) (97) (8) (64) (61) (69) (73) (12) (68) (40) (98) 
31 (12) (17) (88) (36) (80) (15) (19) (35) (23) (90) (86) (94) (54) (6) (67) (8) (91 96) (24) (84) (48) (85) (34) (28) (31) (99) (58) (52) (32) (83) (53) (45) (42) (100) (72) (71) (76) (29) (98) (4) (66) (97) (79) (18) (89 87) (69) (77) (93) (3) (20) (16) (26) (43) (57) (5 56) (25) (50) (68) (60 21) (59) (46) (63) (22) (55) (39) (51) (7) (2) (44) (1) (9) 
32 (3) (41) (89) (74) (25) (5) (72) (6 34 48) (31) (24) (2) (28) (57) (83) (86) (14) (44) (84 38) (50) (77 85) (92) (11) (67) (17 21) (39) (46) (13) (63) (7) (55) (88) (82) (32) (56) (10) (91) (90) (47) (40) (52) (58) (33) (99) (1) (97) (4) (15) (73) (27) (42) (69) (94) (79) (100) (51) 
33 (80 83) (19) (55) (91) (45) (65) (63) (54) (100) (17) (15) (82) (71) (75) (12) (79) (99) (61 21) (20) (81) (90) (3) (6) (76) (8) (69) (84) (60) (51) (25) (52) (40) (96) (73 39) (46) (72 34) (67) (1) (16) (77) (11) (49) (47) (14) (93) (13) (42) (86) (85 37 50) (44) (58) (30) (97) (88) (35) (98) (27) (22) (31) (57) 
34 (22 26) (1) (17) (43) (88) (84) (39) (31) (77) (51) (28) (74 66) (75 2) (37) (38) (91) (57) (35) (23) (65) (100) (25) (9 33) (53) (21) (55) (49) (61) (5) (80) (85) (20) (7) (81) (47) (62) (19) (11) (32) (86 13) (16) (94) (34) (68) (48) (76 14) (41) (54) (59) (30 90) (24) (93) (97 50) (56) (92) (83) (58) (45 15) (78) (12) (36) 
35 (63) (14) (24) (90) (33) (77) (68) (21) (1) (5) (91) (7 100) (6) (69 30) (82) (13) (89) (65) (26 59) (38) (42) (94) (95) (51) (85) (10) (34) (64) (45) (75) (55) (88) (86) (92) (19) (16 99) (32) (87) (29) (17 12) (66) (58) (48) (71) (27) (43) (28) (93) (96) (39) (72) (49) (46 70) (61) (18) (52 2) (31) (60) (81) (73) (40) (20) (11 35) (53) (84) (67) (41) (3) (54) 
36 (91) (16) (62) (81 25) (46) (15) (76 88 42) (33) (3) (93) (21) (17) (75) (28) (71) (56) (63) (35) (47) (72 27) (36) (59) (22) (12) (39) (23 50) (74) (96) (79) (99) (58 9) (10) (53) (30) (100) (43) (5) (89 24) (95) (69) (98) (83) (61) (77) (31) (68) (64) (92) (26) (82) (86) (4) (70 40) (66) (37) (44) (97) (13 57) (1) (55 65) (49 87 85) (54) (80) 
37 (82) (1) (12) (76) (93) (33) (97 5) (27) (60) (35) (32) (95) (96) (92) (64) (16 38) (48) (8) (52 40) (49) (80) (13) (100) (25) (83 6) (53) (30) (11 46) (37) (45) (91) (87) (89) (99) (88) (18 41) (9) (24) (63) (73) (84) (28) (71) (23) (50) (26) (98) (58) (3) (36) (67 4) (10) (55) (47 2) 
38 (95) (38) (18) (23) (77) (11 10 98) (97) (4) (52) (22) (51) (65) (82) (39) (29 84) (60) (40) (33) (85) (32) (67 87 37) (16) (92) (25) (6) (54) (15 3) (66) (71) (14) (2 8) (42) (68) (50) (88) (94) (72) (48) (63) (83) (45) (70) (73) (1) (43) (80) (13) (69) (44) (35 12) (56 93 76) (75) (61) (31) (46) (89) (90 86) (99) (9) (62) (91) (41) (5) (26) 
39 (17 30) (91) (70) (15) (55) (100) (75) (8) (16) (11) (78) (44 84) (73) (38) (12) (86 56) (53) (21) (35) (39) (51 63) (6) (87) (95) (67) (76) (62) (46) (29) (4) (92) (96) (66) (47) (9) (7) (88) (26) (81) (45) (65 23) (22) (24 25) (10) (32) (77) (85) (93) (58) (37) (60) (64) (3) (20) (13) (48) (27) (49) (72) (74) (61) (94) 
40 (45) (62) (39) (53) (4) (91) (51) (43) (61) (50) (59) (68) (82) (3) (87 66) (8) (33) (41) (72) (97) (99) (78) (7) (98) (31) (65) (93) (94) (10) (2 81) (44) (26) (70) (20) (71) (80) (52) (36) (76) (23) (21) (32) (17) (90) (46) (15 1) (37) (6) (79) (47) (85) (100 95) (92) (12) (86) (18) (56 28) (13) (34) (29) (58) (24 83) (16) (5) (22) (77) (96) (63 69) (74) (64 75) (57) (49) 
41 (95) (52) (19) (9 75) (24 53) (70 1) (29) (71) (40) (49) (61) (56) (51) (72) (10) (58) (55) (100) (59) (26 82 45) (47) (18) (93) (23) (97) (25) (65) (17) (79) (67) (14) (57) (94) (60 63) (8) (44) (62) (78) (80) (39) (46) (85) (77) (11) (50) (99) (98) (74 2) (37) (92) (4) 
42 (27) (48) (52 100) (55 73) (95) (56) (89) (31) (79) (1) (75) (51 61) (11) (33) (34) (10 99) (12) (69 66) (20) (92) (7) (47) (90) (22) (87) (59) (21) (29) (82) (91) (46) (39) (74) (88) (23) (42) (93) (45 17) (71) (40) (60) (2) (72 86) (64) (77) (49) (94) (80) (13) (85) (96) (58) (24) (18 63) (83) (54) (78) (43) (50) (67) (65) (16) (19) (30) 
43 (32) (42) (6) (19) (87) (96) (63 58) (21) (95) (64) (61 67) (8) (55) (74) (25) (81) (48) (52) (12) (16) (31 23) (51) (88) (2 49) (30) (76) (24) (7) (18) (28) (47) (72) (4) (26) (92) (15) (27) (82) (85 100) (22) (11) (93 43) (35) (97) (44) (86) (9) (83) (99) (41) (54) (56) (39) (50) (3 5 71) (13) (68) (57) 
44 (46) (13) (34) (50) (17) (35) (33) (95) (5) (7 94) (48) (44) (66) (82) (40) (10) (74) (72) (58) (25) (6) (38 27) (20) (28 69) (81) (76) (57) (18) (98) (80) (39) (43) (31) (86) (14) (3) (93) (96) (51) (73) (91) (97) (54) (99) (83) (8) (53) (1) (2) (78) (36) (92) (12) (77 15) (21) (19) (87) (75) 
45 (45) (21) (61) (34) (94 29) (92) (42) (12) (39) (8 69) (97) (41) (38) (75) (44) (76) (72) (64 65 49) (54) (22) (99) (77) (85) (59) (5) (14) (7) (27) (15) (57) (28) (90) (47) (19) (6) (18) (63) (24) (9) (95) (36 78) (83) (86) (43) (32) (37) (25) (4) (33) (53 81) (68) (40 91) (82) (52) (88) (73) (48) (71) (10 58) (100) (62) 
46 (24) (51) (33) (56) (60) (48) (71) (53) (61) (81) (87) (34) (100) (41) (69) (19) (92) (8) (91) (78) (98) (89) (85) (54) (38 22) (27 9) (13) (45 74) (79) (65) (70 7) (3) (47) (32) (40) (17) (39) (83) (77) (86) (11) (35) (29) (62) (50) (64) (21) (88 30) (28) (90) (99) (68) (14) (12 4) (44) (16) (67) (59) (82) (93) 
47 (23) (87) (83) (18) (59) (73) (31) (88) (95) (17) (99) (62) (33) (81) (43) (75) (21) (61) (27) (4 70) (10) (57) (15) (42) (26 98 9) (79) (72) (94) (55) (35 5) (65) (24) (56) (14) (49) (41) (25) (36) (93) (69) (13) (46) (60) (82) (30) (84 47) (91) (1) (32) (16 96) (66) (86) (44) (3) (48) (19) (12) (92 22) (64) (6) (80) (77) 
48 (39) (34) (27) (26) (41) (48) (93) (74) (86) (6) (35) (76) (64) (96) (2) (90) (57) (32) (36) (21) (77) (84) (70) (60) (46) (92) (40) (13) (29) (66) (22) (68 78) (79) (54) (37 51) (73) (67) (82) (45) (52) (100) (24) (71) (42) (44) (23) (98 16) (58) (69) (18) (25) (85) (83) (12) (3 75) (87) (1 91) (10) (33) (55) (19) (94 14) (17) 
49 (7) (69) (1) (24 21) (66) (51) (36 59) (95) (67) (96) (64) (8) (61 83) (88) (22) (29) (81) (65) (56) (75) (72 39) (46) (3) (54) (98) (93) (48 10) (43) (84) (30) (27) (77) (60) (74) (33) (16) (17) (11) (32) (87 12) (92) (14) (38) (13) (91) (25) (57) (73) (37) (52) (62) (9) (80) (89 2) (31) (68) (42) (6) (35) (47) (97) 
50 (48) (76) (97) (31) (94) (53) (12) (9) (44) (22) (59) (62) (65) (68 77) (37) (25) (92) (41) (99) (91) (67) (5) (57 33) (69) (14) (13) (73) (27) (32) (26) (10) (78) (20) (64) (43 96) (30) (8) (89) (98) (6) (34) (4) (45 11) (1) (3) (23) (35) (84) (50) (29) (85) (86) (88) (42) (82) (18) (63) (80) (46) (66) (28 81) (38) (55) (70) (75) 
51 (79) (7) (43) (25) (37) (77 68) (58) (83) (90) (50) (24) (54) (9) (3) (52) (5 1) (8) (49) (75 67) (84) (89) (74) (72) (10 28) (17) (81) (40) (80) (64) (34) (73) (15) (71) (88) (13) (47) (97) (41) (92) (65) (51) (86) (96 46) (59) (6) (23) (38) (63) (82) (19) (95) (30 29) (78) (11) (32) (39) (60) (76) (69) (85 26) (22) (99) 
52 (1) (2) (71 29) (12) (73) (34) (63) (92) (94) (9) (88) (69) (82) (14) (38 15) (19) (51) (25) (57) (58) (55) (39) (27) (37) (65) (10) (13 22) (23) (45) (36) (72) (50) (20) (56 97) (67) (18 53) (98) (81) (33) (93) (26) (48) (66) (28) (17) (35) (61) (100) (41) (83) (79) (70) (46) (30) (4) (77) (85 47) (64) (42) (86) (90) (78) (52) (3) (40 5) 
53 (63) (51) (7) (98) (80) (88) (38) (3) (27) (29) (49) (72) (16) (26) (78) (30) (65) (28) (59) (1) (70) (2) (85 58) (9) (82) (43) (87) (96) (90) (54) (71) (19) (61) (46) (6) (76) (99) (91) (83) (73) (74) (47) (48) (17) (92) (12) (40) (8) (34) (94) (44) (41) (68) (75) (13 39) (33) (57) (23) (15) (95) (79) (5) (25) (93 52 89) (60) (81) (53) (84) (18) (67) 
54 (95 29) (5 3) (66) (70) (87) (67) (79) (65) (50) (85) (13 53) (93) (1) (4) (73) (94 12) (58) (74) (42) (55) (84) (86) (18) (97) (17) (10) (63) (31) (20) (6) (78) (76) (96) (7) (100) (46 23) (99) (34) (71) (28) (36) (81) (33) (98) (25 90) (60 19) (69) (2) (30) (9) (38) (24) (88) 
55 (25) (59) (78) (32 17) (13) (67) (30) (18) (41) (11) (61) (47) (20) (16) (57) (28) (81) (76) (99) (5) (94) (100) (14) (83) (21) (75) (29) (45) (22) (86) (55) (80) (35) (70 93) (8) (73) (69) (6) (3 9) (39) (65 85) (49) (72) (31) (34) (52) (74) (63) (15 23) (54) (2) (10) (87) (53 98) (88) (48) (60 40 46) (7) (27) 
56 (8) (61) (5) (42) (10) (98) (17) (23) (13) (47) (60) (71) (12) (70 18) (56) (7) (51) (35) (96) (89) (92) (62) (79) (37) (68) (15 52) (22) (24 49) (36) (74) (58) (67) (64) (73) (4) (59) (69) (87) (25) (88 72 44) (28) (54) (33) (53 9) (65 78 29) (48) (38) (34) (99 66) (2) (91) (27 57) (76) (83) (77) (20) (81) (97) (86) (50) 
57 (89) (96) (40) (44) (8 69 9) (17) (32 94) (70) (85) (11) (18) (28) (21) (95) (24) (78) (13) (65) (60) (99) (57) (71) (42) (10) (19) (31) (3) (84) (2) (56) (47) (86) (88) (83) (27) (39 48) (92) (73) (93) (100) (34 53 75) (35) (62) (67) (77) (5) (45) (91) (63) (76) (55) (50) (25) (97) (1 59) (58 49) (51) (54) (82) (72) (64) (16) 
58 (68) (96 52) (88) (11) (27) (6) (34) (72) (45) (31) (23) (26 78) (29) (33) (74) (16) (65 47) (76) (17) (55) (89 87) (95) (37) (99) (94) (22) (13) (19) (91) (44) (10) (7) (67) (92) (66) (35) (90) (59) (1 83) (79) (85) (4) (3) (63) (71 98) (5) (54) (84 53) (81) (97) (61) (82) (57) (24) (64) (38) (32) (56) (77) (80 48) (46) 
59 (9 81) (78) (26) (12) (44) (43) (64 82) (42) (95) (2) (98) (62) (30) (1) (94) (39 73) (15) (45) (6) (61) (57 90) (28) (8) (58 20) (29) (77) (68) (32) (91) (40) (50) (19) (83) (67) (48) (84) (24) (23) (97) (87) (14) (22) (27) (100) (17) (75) (38) (47) (99) (88) (21) (89) (16 92) (70) (66) (69) (3) (33) (80) (18 25) (79) (60) (74) (11) 
60 (38) (41) (80) (7) (89 11) (30) (23) (17) (66) (45 57 37) (2 94) (58) (100) (43 65) (83) (39) (47) (98) (56) (15) (62) (85) (96) (33) (76) (50) (54) (86) (18) (67 81) (46) (59) (32 64) (69) (35) (13) (5) (53) (48) (88) (40) (75) (78) (21) (9) (25) (77 60) (34) (29) (24) (90 73 36) (82 91) (63) (95) (28) (27) (6) (3) (84) (79) (55) (12) 
61 (97) (42) (34) (37) (56) (79) (6) (68) (85) (7) (57 60) (67) (9) (99 30) (74) (33) (32) (31) (61) (59) (11) (82) (73) (95 98) (41 25) (26) (87 52) (49) (19) (50) (54) (28) (58) (88) (23) (35) (24) (40) (15) (17) (72) (78) (27) (29) (39) (91) (80) (22) (5) (12) (10) (62) (55) (83) (71) (21) (14) (84) (51) (48) (94) 
62 (89) (74) (100 79) (21) (26) (14) (97) (12 85) (82) (50 16) (67) (9 78) (83) (75) (91 29) (39) (98) (22) (6) (24) (28 42) (60) (66) (70 49) (1) (94) (64) (59) (27) (8) (34) (3) (71) (53) (95) (62) (58) (96) (19) (33) (47) (45) (30) (5) (69) (76) (63) (51 13) (18) (11) (40) (93) (90) (56) (52) (54) (36) (17) (77) (80) (86) (15) (99) (88) (25 10) (73) (32) (4 92) 
63 (47) (24) (20) (96) (98) (6) (62) (9) (21) (79) (45) (65) (14 95) (54) (70) (91) (2) (60) (48) (17) (43) (73) (86) (41) (33) (40) (1) (37) (85) (30) (58) (11 84) (36) (19) (25) (64) (44) (51) (80) (5) (16) (71) (26) (83) (49) (75) (89) (42) (8) (22) (74 81) (69) (15) (77) (55) (57) (76 7) (63) (4) (67) (27) (97) (39) (90) (18) (10) (99 23) (52) (59) 
64 (96) (20) (82) (59) (37) (16) (58) (23) (90) (67) (51) (10) (62) (8) (61) (15) (66) (80) (88) (6) (33) (21) (11) (83) (81) (42) (55) (69) (76) (65) (24) (38) (52) (49) (2) (50) (5) (63 1 72) (77) (47) (75) (85) (32) (39) (56 86) (29) (93) (68) (41) (71) (43 40) (13) (35) (12) (9) (95) (70) (89) (54) (25) (92) (53) (46) (78) (74) (27) 
65 (39) (73) (52) (98) (86) (33) (87) (6) (94) (45) (17) (91) (95 12) (43 75) (90) (72) (60 38) (18) (31) (9) (46) (97) (74) (8) (20) (78) (57) (59) (80) (49 81) (85) (19 44) (15) (48) (100) (36) (69) (22) (96) (76) (21) (53) (10) (62) (84) (61 65) (99) (4) (7) (70) (42 63) (28) (92) (2) (66) (30) (89) (67) (25) (51) (24) (77) (55) 
66 (76) (58) (40) (45) (87) (20) (83 64) (78) (24 89 32) (41) (23) (80) (13) (12) (82) (38) (31) (17) (95) (66) (67) (56 1) (63 94) (51) (73) (74) (57) (50) (99) (4) (33) (52 29) (88) (7) (65) (72) (100) (46) (70) (30) (53) (21) (5) (91) (55) (44) (86) (39 37 77) (59) (3) (49) (75 96) (81) (28) (14) (85) (6) (47) (79) 
67 (60) (32 86) (29) (75) (15) (91) (68) (51) (25) (73 57) (87) (84) (46) (33 70 98) (50) (90) (3) (6) (89 59) (47) (61) (27) (76) (40) (88) (95) (55) (53) (10) (41 43) (49 65) (5) (19) (22) (99 13) (2) (16) (44) (81) (7) (80) (97) (21 54) (1) (66) (77) (63) (24) (85) (9) (12) (34) (36) (71) (20) (48) (45) (82) (58) (42) 
68 (11) (20) (52) (7) (9) (58 29) (82) (88) (40) (42) (15) (71) (3 93) (70) (97) (62) (80 92) (45) (46 41 32) (61) (23) (78 64) (34) (43) (84) (50 6 89) (24) (79) (59) (28) (54) (27) (75) (30) (67) (91) (39) (4) (48) (65) (38) (100) (66) (25) (95 44) (60) (69 81) (85 74) (22) (10) (26) (68) (12) (86) 
69 (75) (44) (22) (100) (52) (87) (31) (64) (54) (98) (38) (26) (47) (91) (16) (37) (40) (4) (28 66) (10) (23 85) (34) (12) (20) (63) (79) (35) (1 41) (88) (62) (19) (57) (72) (80 48) (92) (36) (2) (70) (18) (71) (50) (77) (65) (42) (68) (13) (86) (15) (58 49) (53) (46) (9) (56) (27) (3) (29) (94) (83) (97) (60) (90) (73) (32) (17) (6) (74) (33) 
70 (3) (63) (58) (85) (70 4) (17 94) (83) (35) (12) (9) (50) (86) (27) (64) (80) (8) (87) (93) (88) (13) (66) (69) (28) (61) (97 16) (78) (29) (31) (71) (76) (75) (26) (100) (40) (99) (79) (34) (30) (22) (6) (57) (72) (77) (7) (42) (41) (46) (49) (39) (96) (32) (23) (92) (95) (36) (89) (38) (37) (67 11) (65) (82) 
71 (49) (12) (74) (34) (50) (21) (46) (91) (27) (90 86) (36) (93) (5) (52) (87) (70) (17) (80) (41 54) (94) (92) (29) (32) (38) (20) (95) (22) (9) (100) (40) (24) (56) (53) (85) (99) (14) (13) (82) (25) (72) (62) (33) (58) (30) (81) (57) (78) (48) (3) (51) (77) (10) (98) (16 69) (89) (35) (61) (55) (23) (8 66) (11) 
72 (83) (29 70) (24) (4) (80) (16) (7) (63) (64) (84) (75) (49) (85) (51) (89) (62) (57) (17) (30) (41) (10) (46) (76) (97) (33) (66) (44) (37) (42) (72) (93 99) (96) (58) (65) (11) (55) (15) (2) (35) (77) (69) (34) (36) (27 12) (31) (52) (21) (98) (61) (54) (47) (50) (48) (28 60) (67 25) (8) (6) 
73 (69) (44) (75) (29) (68) (93) (47) (48) (89) (15) (78) (36) (97) (9) (61) (6) (23) (85 99) (26) (40) (39) (81) (98) (90 13) (51) (71) (2) (4) (42) (12) (50) (88) (70) (18) (10) (32) (25) (55) (79) (80) (11) (67) (64) (65) (92) (28) (34) (96) (5) (82) (41) (66) (73) (60) (43) (49) (72 59) (56) (20) (57) (22) (16) (94) (24) (63) 
74 (81) (20) (32) (67) (89) (100) (40) (5 11) (31) (84 64) (25) (7) (14 73) (55) (39) (47) (49) (8) (69) (27) (22) (83) (57) (37) (46 92) (13) (12) (16 82) (26) (42) (61) (99) (98) (1) (17) (30 53) (44) (72) (45) (80) (62) (78) (36) (29) (59) (93) (4) (65) (91) (75 76) (10) (71) (58) (63) (23) (86) (60) (33) (52) (77) (66) (19) (94 15) (56) (2) 
75 (90) (88) (43) (4) (98) (72) (64) (26) (19) (66) (53) (59) (32) (11) (9) (95) (46) (82 13) (55) (54 47 73) (87) (80) (22) (25) (42) (15) (38) (14) (30) (75) (5) (83) (18) (100) (10) (85) (21) (28) (58) (12 24) (67) (96) (27) (20) (48) (8 89) (74) (44) (49) (77) (1) (52 56 99) (57) (65) (76) (40) (45) (94) (97) (81) (34 91) 
76 (9) (21) (26) (10) (38 63) (13) (94) (100) (77) (35) (62) (82 93) (31) (55 86) (32) (89) (79) (39) (65) (99) (56) (67) (27) (2) (49) (85) (75) (91) (42) (96) (7) (53) (92) (36) (45 8) (70) (40) (51) (52) (48) (50) (57 90) (3) (71) (17) (68) (73 97) (69) (29) (74) (19) (30) (6) (64) (15) (95) (28) (33) (98) (25) (46) (59) 
77 (55) (82) (59) (57) (18) (60) (95) (13) (50) (97) (92) (76) (64) (71) (93) (89) (20) (88) (98) (39) (21) (99) (61) (40) (42) (46) (56) (15) (29) (100) (35) (67) (65) (4) (27) (24) (22) (74) (16) (72) (36) (38) (84) (83) (68) (63 49) (45) (75) (86) (87) (32) (1) (12) (14) (2) (54) (58) (52) (9) (77) (96) (51) (34) (17) (78) (90) (43) (5 80) (11) (28 48) (66) (23) (73) 
78 (56) (39) (17) (38) (59 8) (24) (81) (80) (25) (85) (45) (5) (27) (77) (9) (35) (50) (95) (76) (83) (19) (20) (92) (91) (64) (75 4) (58) (53) (54) (66) (51) (6) (89) (99) (60) (37 30) (48 1) (7) (23) (100) (46) (34) (49) (84) (16) (68) (13) (57) (18) (40) (90) (3) (98) (78) (71 43) (2) (87 62) (82) (97) 
79 (55) (9) (69) (71) (32) (17) (19) (49) (13) (75) (94) (56) (89 98 20) (67) (92) (47) (12 53) (81 24) (31) (54 41) (63) (16) (2 39 87) (15) (70) (5) (88) (78) (73) (86) (30) (3) (28) (77) (79) (66) (44) (29) (36) (76 23) (46) (37 85) (35) (97) (22) (27) (82) (62) (43) (42 26) (45) (83) (100) (4) (7) (72) (59) (61) 
80 (31) (69) (86) (78) (100) (1) (90) (7) (2) (11) (46) (17 75) (79) (97) (33) (52) (27) (83) (61) (23) (32) (96) (77) (89) (35) (87) (12) (99) (62) (37) (59) (45) (29) (38) (70) (20 48) (98) (15) (41) (6) (39 47) (4) (68) (43) (74) (95) (64) (84 54) (60) (30) (14 63) (18) (71) (51) (73) (49) (81) (36) (40) (24 3) 
81 (73) (14 17) (54) (10) (42) (55) (91) (78) (6) (83) (32) (84) (99) (70) (100) (5) (24) (77) (8) (2 16) (9) (95) (82) (93) (29) (59) (81) (71) (61) (49) (22 67) (64) (50) (53) (85) (72) (96) (23) (35) (88) (51) (11) (12) (18) (66) (69) (34) (57) (19) (89) (63 90 97) (36) (4) (92) (46) (44) (47) (87) (41) (13) (1) 
82 (62) (98 41) (79) (63) (15) (47) (87) (46) (75) (88) (74) (83) (21) (5) (40) (26) (50) (55) (18) (7) (16) (80) (10) (91) (35) (92) (51) (77) (22) (44) (66 20) (39) (3) (94) (67) (86) (73) (58) (96 32) (61) (76) (34) (71) (82) (17 43) (11) (59) (24) (36) (30) (27) (60) (13) (52) (1) (70) (12 97) (49) (95) (84) (81) 
83 (80) (52 55) (4) (61) (12) (51) (66) (75) (91) (3) (47 63) (22) (68) (85) (32) (42 88) (73 6) (86) (16) (30) (41) (19 83) (54) (34) (89) (8) (74) (99 21) (71) (39) (93) (28) (67) (17) (90) (33) (84) (43) (37) (49) (18 7) (57) (65) (81) (45) (35) (25) (87) (95) (15) (98 38) (26) (53) (72) (100) (76) (96) (20) (64) (13) (44) (31) (70) (27) (11) 
84 (68) (60) (53) (39) (38) (11) (54) (13) (28 29 19) (78) (1) (86) (98) (45) (48) (58) (93) (31 17) (87) (46) (70) (9) (43 27) (100) (55) (50) (57) (99) (47) (77) (8) (91) (85) (62) (79) (80) (66) (12) (35) (56) (59 83 72) (15) (94) (36) (97) (81) (4) (23) (52) (24) (88) (92) (63) (44 3) (14) (95) (41) (33) (84) (74) (2 34) 
85 (47) (19) (53) (69) (8) (93) (6) (68) (80) (50) (98) (97) (16) (43 82) (56) (96) (39) (5) (83) (55) (15) (28) (34) (3) (14 42) (9) (64) (75) (62) (91) (13) (41) (66) (95) (32) (24) (90 88) (92) (21) (35) (40) (17 30) (59) (58) (23) (94) (73 76) (61) (1) (63) (49) (100) (45) (70) (60) (78 72) (10) (36) (65) (22) (31) 
86 (43) (100) (60) (84) (31) (61) (95) (42) (54) (99) (72) (82) (94) (46) (37) (49 88) (22 91 57) (10) (5) (92) (25) (75) (71) (13) (34 93) (70) (80) (64) (30) (40) (24) (15 4 79) (59) (68) (51) (18) (62) (50) (48) (14) (73) (55) (89) (39) (81) (8) (20) (65) (23) (38) (53) (3) (86) (28) (96) (52) (36) (98) (9) (58) (41) (2) (69) (56) (44) (45) (97) (17 74) 
87 (75) (72) (8) (11) (21) (100) (1) (59) (7) (74) (91) (22) (99) (76) (6) (43) (17) (16) (41) (19) (95) (77) (89) (23) (53) (54) (34 46) (4) (64) (31) (3) (32) (69) (2) (85) (39 30) (66) (90) (25 38) (9) (70) (36) (61) (62) (79) (29) (68 78) (58) (40) (15) (73) (5) (13) (45 65) (18) (87) (10) (47) (55) (84) (26) (37) (97) (82) (94) (20) (14) (60) (88) (42) 
88 (77) (72) (64) (19) (93) (22) (87 84) (47) (40) (79) (36) (74) (10) (51) (61) (13) (4) (43) (49) (52) (28) (18 54) (8) (7) (14) (45) (69) (62) (2) (16 68) (24) (42) (21) (71) (37) (57) (15) (100) (97) (94) (5) (63) (39) (41) (91) (27 73) (6) (1) (56) (17) (48) (92) (86 20) (78) (67) (33) (23) (99) 
89 (12) (54) (88) (61) (68) (66) (49) (81) (82) (22) (91) (41) (5) (20) (89) (27) (10) (77) (92) (36) (38) (25) (99) (46) (65) (37) (83) (60) (35) (24) (23) (39 4) (93) (2) (84) (11) (28) (96 53) (17) (18) (70) (87) (73) (71) (58) (44) (6) (34) (79) (52 48) (85) (86) (29) (94) (100 97) (56) (40) (31) (95) (21) (30) (9) (1) (47) (98) (43) (64) (15 19) (76) (74) (75) (51) 
90 (84) (16) (28) (68) (49) (50) (65 97) (30) (7) (6 8 73) (37) (99) (11) (79) (36 92) (54) (46) (22 61) (58) (19) (42) (47) (78) (81) (59) (70) (63) (74) (38) (69) (35) (5 9) (88) (48) (24 89) (53) (13) (71) (23) (75) (94) (33) (41) (4) (52) (51) (86) (20) (56) (95) (27) (18) (17) (44) (43) (98) (1) (100) (29 15) (40) (32) 
91 (27) (12) (75) (14) (56 30) (26) (77) (44) (80) (96) (47) (98) (48) (25 88) (51) (35 81) (67 36) (87) (78) (29) (54) (5) (11) (91) (31) (86) (66 52) (72) (1 94) (84) (73) (89) (58) (18) (79) (2) (83) (7) (16) (19) (68) (42) (15) (20) (95) (60) (82 76 46) (99) (6) (59) (97) (21) (8) (71) (64) (13) (32) (92) (61) (62) (49) (50) (40) (57) 
92 (3 58) (90 88) (33) (35) (24) (86) (54) (32) (20) (80) (36) (45) (51) (53) (47) (69) (71) (73) (11) (17) (8 29) (93) (76) (43 61) (23) (10) (97) (63) (81) (50) (25) (99 72) (38) (40) (84) (87) (21) (46) (31) (98) (65) (7) (39 34) (37) (67) (42) (57) (62) (79) (78) (59) (48) (15) (22) (14) (82) (5) (56) (83) (30) (12) (70) (92) (1) (2) (77) (16) (96) 
93 (26) (11) (31) (29) (55) (66) (33) (40) (73 95 79) (37) (90) (14 97) (72) (36) (20) (7) (84) (10) (15 89 49) (48) (56) (60 57) (39) (4) (93) (23) (42) (24) (5) (65) (12) (35) (43) (86) (41) (34) (98 96) (16) (47) (75) (32) (78) (88) (25) (6) (71) (59) (58) (3) (85) (67 70) (45) (100) (76) (18) (82) (74) (64) (38) (22) (28) 
94 (72) (41) (63) (97) (27) (44) (45) (36) (15) (40) (16) (9 50) (13) (100) (53) (47 43) (75) (69) (42) (23) (90) (58) (67) (59) (28) (49) (88 2) (48) (89 30) (64) (21) (46) (77) (84 18) (1) (79) (6) (76) (7) (39) (31) (73) (68 12) (98) (99) (85) (92) (94) (5 65) (78 60) (22) (62) (37) (95) (52) (83) (10) (57) (35) (74) (55) (38) (20) (86) (11) (93) (96 80) (17) 
95 (56) (65) (82) (44) (21) (20) (88) (75) (60) (92) (24) (98) (62) (74) (2) (3) (86 51) (9) (15) (26) (69) (8) (55) (70) (79) (99) (47) (68) (54) (84) (25) (95) (66) (76) (89) (16) (18) (6) (64) (12) (35) (71) (43) (57) (39) (40) (45) (61) (7) (34) (96) (85) (46) (17) (81) (33) (14) (93) (41) (37 94 97) (72) (87) (31) (23) 
96 (20) (36) (13) (15) (45) (42) (56 65) (39) (81) (71) (77 3) (99) (58) (69) (24) (66) (64 18) (2) (68) (78) (1) (82) (35) (8 90) (52) (88) (51) (49) (26) (22) (59) (54) (60) (74) (87) (5 14 19) (29) (33) (47) (85) (9) (23) (50 30) (53) (37) (25) (80) (43) (95) (96 10) (38) (73 93 46) (41) (83) (6) (61) (100) (31) (79) (48) (91) 
97 (42) (2) (89) (15) (48) (96) (91) (62) (85) (36) (64) (10) (13) (29) (90) (40) (58 24) (60) (83) (47) (59) (78) (66) (18) (53) (38) (26) (35) (37) (46) (52 9) (23) (14) (1) (75) (81) (82) (99) (32) (4) (71) (98) (16) (57) (93) (86) (69 100) (56) (80) (12) (44) (73) (61) (97) (55) (31) (70) (95) (76 8) (6) (25) (87) (30) (72) (11) (17) (19 3) 
98 (77) (27) (33) (86) (79) (11) (71) (75) (25) (81) (37) (31) (63) (5) (84) (10) (1) (41 7) (91 47) (67) (58) (28) (83) (68) (61) (89) (22) (62) (64) (88) (38) (29) (36) (69) (21) (26) (52) (100) (76 78) (3) (17) (66) (56) (43) (24) (51) (6) (99) (23) (12) (90) (2) (73 9) (49) (95) (55) (93) (87) (32) (13) (65) (8) (18) (97) (20) (57) 
99 (78) (11) (51 98) (28 92) (10) (3) (29 84) (87) (16) (37) (75) (71) (42) (13) (67 14) (46) (45) (91) (73) (56) (79) (44 60) (86) (54) (1) (85) (95 27) (58) (19) (26) (96) (43) (88) (72 76) (47) (99) (39 65) (49) (94) (93) (100 50) (7 6) (61) (55) (64) (20) (69) (22) (25) (82) (62) (48) (32) (41) (38) (18) (80) (40) (81) 
100 (87 30 68 4) (54) (41) (49 99) (36 29) (97 64) (94) (19) (21) (60) (17 1) (77) (65) (53) (48) (14) (38) (18) (25) (16) (85) (74) (5) (81) (8) (98 51) (46) (44) (76 26) (22) (78) (12) (75) (13) (28) (50) (67) (7) (33) (90) (40 32) (10) (27) (31) (23) (52) (73) (2) (66) (70) (96) (43) (79) (83) (56) (35) (72) (92 3) (86) 
1 (74) (24) (42) (90) (37) (64) (96) (40) (62) (13) (80) (58) (9) (91) (18) (38) (20) (66) (29) (52) (78) (23) (44) (57) (50) (54) (41) (82) (33) (26) (84) (32) (59) (51) (36) (67) (49) (75) (94) (63) (99) (31) (69) (34) (15) (97) (16) (85) (28) (100) (98) (4) (77) (12) (47) (27) (2) (53) (10) (14) (92) (81) (48) (35) (87) (6) (88) (22) (89) 
2 (59) (86) (94) (56) (7) (21) (44) (91) (57) (16) (25) (4) (53) (87) (2) (52) (98) (96) (69) (60) (3) (64) (34) (15) (48) (40) (74) (37) (77) (97) (10) (5) (76) (19) (54) (73) (27) (72) (13) (12) (63) (23) (95) (38) (31) (100) (43) (14) (20) (55) (6) (32) (88) (92) (17) (30) (42) (84) (9) (22) (81) (78) (41) (49) (29) (18) (80) (67) (65) (89) (28 79) (35) 
3 (79) (93) (53) (76) (52) (39) (21) (58) (85) (51) (36) (95) (14) (69) (46) (43) (24) (29) (100) (31) (6) (22) (70) (87) (78) (13) (12) (47) (83) (32) (48) (62) (20) (96) (55) (68) (66) (82) (54) (84) (33) (7) (3) (44) (99) (5) (35) (67) (71) (98) (57) (97) (2) (10) (49) (1) (60) (25) (8) (92) (40) (26) (38) (59) (80) (37) (86) (50) 
4 (20) (30) (31) (10) (97) (29) (5) (100) (47) (89) (8) (50) (19) (36) (74) (43) (1) (68) (65) (46) (40) (12) (86) (38) (87) (81) (56) (41) (39) (28) (84) (52) (21) (63) (75) (73) (22) (23) (80) (4) (72) (70) (69) (79) (93) (88) (3) (17) (78) (58) (7) (83) (66) (45) (62) (24) (90) (37) (16) (54) (32) (25) (77) 
5 (90) (45) (51) (77) (89) (88) (47) (75) (92) (14) (62) (11) (93) (28) (35) (5) (82) (78) (22) (81) (74) (54) (98) (9) (30) (67) (10) (66) (12) (1) (64) (8) (56) (21) (18) (24) (38) (44) (91) (100) (58) (55) (61) (50) (4) (6) (3) (94) (60) (31) (43) (32) (36) (87) (27) (19) (53) (79) (57) (73) (96) (71) (20) (40) (29) (86) (52) (63) (34) (85) (37) 
6 (61) (90) (28) (32) (37) (60) (31) (63) (17) (47) (14) (96) (94) (38) (97) (91) (62) (44) (51) (54) (49) (98) (85) (68) (67) (16) (24) (29) (35) (50) (45) (78) (10) (65) (48) (70) (76) (26) (73) (9) (22) (81) (12) (80) (55) (58) (64) (15) (25) (59) (95) (99) (33) (72) (39) (21) (69) (88) (93) (23) (83) (43) (53) (1) (40) (66) (87) (89) 
7 (55) (13) (66) (83) (43) (19) (4) (60) (42) (34) (65) (22) (26) (78) (61) (72) (9) (67) (45) (98) (7) (63) (12) (21) (35) (27) (31) (28) (54) (29) (68) (74) (1) (46) (90) (18) (44) (3) (39) (80) (16) (87) (82) (49) (5) (76) (91) (99) (6) (2) (58) (51) (70) (92) (88) (53) (20) (79) (32) (93) (94) (40) (56) (11) (95) (100) 
8 (78) (57) (92) (38) (71) (97) (41) (75) (22) (85) (6) (63) (17) (49) (100) (83) (44) (72) (84) (53) (55) (5) (76) (95) (96) (88) (11) (40) (91) (4) (37) (39) (3) (64) (90) (30) (46) (74) (33) (86) (70) (15) (13) (16) (56) (8) (81) (29) (98) (9) (59) (45) (14) (1) (65) (18) (10) (31) (43) (87) (24) (62) (50) (7) (2) (51) (20) 
9 (61) (86) (4) (73) (31) (63) (78) (34) (39) (37) (22) (8) (15) (97) (21) (98) (19) (23) (38) (5) (69) (90) (49) (96) (43) (68) (56) (95) (71) (84) (87) (16) (85) (45) (54) (36) (65) (2) (94) (75) (77) (3) (47) (79) (17) (81) (53) (70) (64) (59) (67) (30) (50) (62) (25) (41) (76) (52) (60) (14) (9) (12) (11) (46) (57) (51) (89) (7) (55) 
10 (72) (88) (93) (19) (97) (58) (41) (15) (9) (32) (57) (2) (49) (24) (86) (64) (68) (18) (89) (30) (29) (87) (25) (39) (55) (56) (22) (73) (69) (82) (63) (76) (61) (45) (50) (7) (14) (27) (44) (100) (75) (4) (85) (37) (81) (16) (38) (65) (42) (13) (67) (47) (92) (94) (62) (51) (98) (71) (35) (40) (48) (36) (3) (11) (96) (10) (52) (74) (8) (20) (54) (99) 
11 (70) (74) (83) (33) (72) (26) (42) (16) (17) (51) (92) (5) (82) (87) (22) (68) (75) (27) (6) (90) (49) (84) (71) (14) (7) (94) (99) (28) (32) (13) (89) (63) (38) (77) (29) (15) (24) (11) (62) (2) (58) (98) (93) (18) (80) (50) (21) (12) (59) (19) (73) (43) (3) (35) (8) (23) (60) (1) (97) (20) (91) (41) (34) (64) (46) (55) (81) (57) (37) (39) (61) (10) 
12 (45) (47) (38) (66) (81) (89) (83) (39) (53) (80) (94) (5) (8) (35) (40) (82) (68) (30) (43) (69) (93) (15) (65) (44) (22) (54) (61) (84) (6) (42) (67) (73) (74) (59) (48) (28) (46) (12) (37) (13) (70) (49) (34) (36) (19) (77) (75) (79) (91) (56) (4) (97) (25) (31) (52) (10) (95) (62) (17) (98) (64) (14) (60) (92) (9) (33) (50) (16) (18) (100) (2) (71) (72) 
13 (46) (24) (57) (40) (36) (55) (23) (83) (1) (30) (73) (98) (10) (85) (44) (78) (5) (54) (76) (94) (96) (81) (34) (17) (87) (16) (13) (25) (35) (37) (70) (33) (86) (100) (74) (69) (75) (64) (50) (20) (77) (66) (60) (58) (91) (19) (53) (42) (38) (6) (56) (49) (79) (88) (48) (52) (62) (82) (84) (4) (47) (14) (9) (32) (3) (39) (15) (8) (97) (21) (99) (71) (67) (29) (43) (51) (90) 
14 (66) (33) (4) (55) (97) (95) (20) (9) (13) (74) (62) (59) (16) (35) (45) (24) (38) (44) (85) (23) (63) (27) (96) (71) (91) (2) (32) (26) (12) (6) (30) (77) (61) (5) (50) (18) (99) (21) (75) (80) (41) (84) (88) (49) (48) (100) (93) (34) (47) (52) (92) (81) (87) (46) (86) (22) 
15 (14) (75) (6) (10) (27) (63) (33) (1) (13) (64) (73) (32) (91) (84) (59) (24) (56) (93) (60) (72) (89) (3) (7) (52) (83) (30) (43) (16) (94) (51) (86) (26) (80) (82) (45) (15) (90) (47) (19) (39) (85) (38) (68) (55) (4) (36) (95) (65) (31) (88) (96) (28) (92) (21) (77) (29) (23) (53) (22) (62) (79) (34) (61) (12) (97) (44) (74) (40) (76) (2) (67) (87) (69) 
16 (72) (71) (31) (6) (16) (100) (63) (43) (4) (94) (88) (82) (19) (64) (49) (33) (92) (18) (5) (17) (10) (47) (34) (22) (39) (25) (87) (7) (37) (67) (85) (62) (40) (48) (57) (70) (97) (95) (81) (42) (15) (38) (79) (74) (8) (58) (93) (1) (53) (69) (3) (73) (55) (35) (77) (90) (13) (46) (91) (99) (83) (78) (59) (36) (23) 
17 (10) (32) (15) (100) (35) (46) (36) (28) (92) (47) (65) (76) (40) (16) (44) (95) (51) (97) (14) (82) (80) (52) (85) (71) (39) (53) (63) (78) (98) (1) (89) (34) (70) (31) (23) (56) (21) (24) (72) (88) (61) (3) (77) (84) (81) (49) (57) (69) (6) (33) (8) (4) (94) (9) (42) (59) (83) (87) (27) (66) (7) (48) (11) (86) (90) (74) (5) (79) (41) (62) (13) (60) (17) (20) (58) (25) (55) (54) 
18 (73) (60) (98) (27) (87) (75) (41) (26) (52) (50) (54) (24) (99) (81) (38) (2) (65) (48) (62) (7) (25) (9) (35) (47) (63) (5) (89) (37) (45) (44) (53) (95) (21) (19) (80) (14) (15) (31) (91) (40) (43) (10) (28) (86) (93) (42) (56) (90) (100) (78) (88) (20) (96) (57) (94) (97) (16) (18) (77) (69) (82) (6) (17) (55) (59) (83) 
19 (31) (97) (96) (48) (27) (62) (15) (61) (59) (78) (84) (54) (41) (22) (74) (35) (58) (57) (87) (9) (76) (51) (81) (2) (83) (79) (75) (46) (8) (44) (100) (11) (91) (99) (28) (88) (47) (5) (69) (17) (13) (53) (1) (43) (34) (52) (21) (25) (90) (67) (65) (63) (42) (89) (20) (19) (33) (85) (26) (45) (3) (12) (7) (6) (4) (23) 
20 (21) (89) (54) (22) (50) (34) (42) (86) (65) (98) (12) (82) (73) (87) (14) (24) (20) (74) (99) (35) (29) (75) (5) (2) (71) (27) (68) (44) (3) (1) (30) (7) (8) (93) (63) (59) (31) (83) (66) (25) (91) (69) (79) (95) (40) (77) (4) (6) (92) (80) (39) (23) (18) (56) (96) (13) (11) (33) (88) (78) (94) (10) (9) (67) (90) (52) (17) (55) (19) (64) 
21 (34) (45) (11) (46) (27) (88) (92) (76) (31) (75) (43) (64) (71) (4) (13) (17) (33) (49) (48) (8) (65) (7) (20) (25) (19) (72) (2) (60) (14) (29) (28) (35) (15) (30) (66) (59) (40) (18) (22) (82) (94) (12) (55) (83) (63) (85) (21) (67) (89) (44) (26) (57) (9) (91) (98) (36) (100) (95) (61) (39) (47) (62) (32) (42) (87) (77) 
22 (7) (31) (24) (90) (13) (23) (3) (43) (61) (45) (100) (59) (81) (83) (58) (79) (26) (16) (18) (88) (27) (89) (94) (17) (63) (33) (52) (96) (50) (55) (29) (34) (85) (15) (92) (75) (99) (47) (30) (56) (36) (77) (70) (28) (68) (86) (5) (74) (98) (42) (62) (39) (9) (69) (87) (48) (8) (49) (40) (38) (21) (51) (73) (93) (11) (82) (46) (12) (71) (1) (10) (65) (67) (4) 
23 (22) (17) (15) (1) (48) (4) (63) (73) (8) (59) (27) (38) (52) (78) (19) (69) (28) (54) (2) (9) (88) (98) (90) (95) (55) (60) (40) (34) (58) (12) (93) (89) (94) (56) (24) (97) (79) (84) (80) (13) (47) (66) (21) (81) (64) (6) (3) (14) (61) (37) (86) (11) (43) (5) (16) (85) (100) (68) (50) (71) (36) (39) (87) (70) (77) (51) (74) (41) (53) (42) (92) (31) (25) (96) (18) 
24 (31) (18) (14) (49) (92) (35) (10) (81) (17) (5) (60) (29) (4) (71) (90) (11) (65) (66) (63) (12) (96) (15) (41) (61) (32) (16) (34) (46) (24) (13) (68) (27) (93) (67) (1) (82) (89) (88) (45) (25) (95) (62) (36) (28) (39) (42) (48) (72) (26) (47) (51) (2) (22) (86) (57) (58) (21) (77) (40) (6) (97) (98) (54) (37) (85) (7) (64) (84) (79) (23) (78) (56) (30) (59) (73) (43) (75) (80) 
25 (95) (51) (14) (60) (59) (86) (41) (53) (73) (16) (21) (25) (9) (54) (76) (72) (96) (39) (7) (18) (57) (93) (87) (63) (61) (75) (91) (29) (28) (13) (89) (74) (37) (20) (19) (65) (55) (67) (52) (49) (64) (71) (31) (98) (36) (6) (38) (23) (78) (97) (32) (47) (45) (10) (30) (68) (11) (99) (83) (100) (33) (50) (92) (24) (62) (48) (43) (34) (22) (56) (8) (26) (44) (5) (17) 
26 (97) (40) (73) (31) (96) (24) (22) (20) (8) (74) (6) (51) (79) (3) (91) (69) (15) (53) (19) (14) (83) (63) (26) (39) (38) (9) (1) (62) (27) (47) (34) (37) (17) (50) (100) (76) (70) (99) (25) (52) (82) (48) (58) (41) (4) (7) (30) (68) (35) (95) (75) (13) (87) (93) (61) (98) (59) (36) (43) 
27 (72) (80) (12) (22) (27) (55) (89) (18) (20) (76) (42) (46) (32) (44) (79) (91) (67) (10) (77) (94) (19) (64) (84) (61) (3) (17) (37) (23) (2) (78) (7) (28) (4) (69) (9) (5) (82) (25) (71) (29) (83) (99) (45) (6) (35) (62) (98) (74) (58) (48) (50) (63) (43) (57) (53) (33) (36) (100) (70) (56) (75) (52) (59) (39) (88) (47) (68) (60) (90) (49) (11) 
28 (27) (68) (73) (32) (72) (52) (1) (45) (57) (6) (62) (65) (54) (13) (30) (89) (76) (46) (59) (85) (3) (60) (53) (70) (93) (19) (15) (51) (22) (34) (11) (16) (31) (23) (10) (24) (84) (5) (26) (86) (8) (75) (99) (4) (88) (44) (7) (83) (100) (17) (37) (35) (90) (9) (98) (2) (21) (12) (40) (29) (66) (56) (69) (94) (79) (50) (77) (55) (61) (43) (36) 
29 (84) (90) (42) (20) (40) (23) (79) (93) (98) (30) (72) (1) (91) (8) (70) (22) (61) (17) (62) (27) (19) (4) (59) (64) (69) (67) (71) (99) (53) (51) (24) (80) (66) (14) (92) (50) (38) (73) (89) (52) (46) (45) (31) (26) (97) (81) (7) (49) (6) (77) (55) (58) (29) (100) (39) (56) (35) (10) (76) (60) (87) (25) (74) (96) (48) (41) (54) (68) 
30 (75) (55) (4) (8) (91) (16) (47) (76) (9) (62) (61) (50) (13) (96) (80) (78) (24) (11) (86) (60) (66) (79) (90) (70) (15) (18) (85) (17) (100) (51) (72) (26) (49) (14) (94) (36) (33) (65) (34) (20) (59) (53) (28) (54) (39) (68) (89) (5) (3) (25) (74) (46) (22) (87) (82) (52) (30) (83) (71) (7) (1) (63) (97) (12) (37) (42) (29) (35) (92) (43) 
31 (3) (65) (28) (32) (89) (15) (27) (44) (100) (70) (50) (72) (25) (33) (54) (84) (35) (42) (97) (98) (49) (87) (47) (79) (23) (34) (38) (61) (18) (9) (80) (83) (43) (29) (76) (8) (19) (36) (94) (86) (74) (95) (26) (91) (69) (31) (92) (85) (66) (6) (40) (57) (20) (21) (93) (96) (58) (10) (7) (4) (55) (14) (1) 
32 (49) (15) (50) (61) (71) (1) (74) (79) (73) (3) (93) (57) (21) (59) (18) (68) (64) (85) (23) (90) (9) (55) (100) (25) (51) (5) (29) (92) (97) (20) (76) (69) (19) (82) (2) (37) (75) (28) (83) (31) (45) (58) (34) (99) (46) (6) (30) (43) (77) (98) (67) (62) (60) (17) (40) (47) (70) (87) (48) (81) (22) (4) (27) (24) (13) (32) (10) (66) (26) (38) (80) (12) (35) (91) (39) (11) 
33 (25) (72) (71) (58) (98) (60) (62) (34) (96) (26) (76) (52) (66) (63) (61) (44) (18) (54) (95) (21) (22) (47) (67) (10) (83) (90) (32) (46) (74) (84) (16) (13) (53) (2) (37) (8) (4) (65) (50) (100) (80) (42) (56) (45) (11) (3) (93) (88) (7) (35) (49) (38) (59) (69) (92) (36) (48) (1) (64) (40) 
34 (84) (72) (3) (83) (78) (33) (89) (52) (28) (44) (24) (62) (8) (20) (19) (23) (71) (87) (35) (45) (53) (12) (67) (14) (48) (34) (56) (11) (32) (73) (50) (70) (81) (82) (60) (17) (51) (68) (26) (58) (86) (93) (69) (21) (16) (75) (27) (10) (1) (61) (54) (18) (42) (57) (95) (55) (13) (85) (46) (31) (77) (92) (40) 
35 (96) (52) (95) (35) (13) (11) (78) (72) (29) (82) (12) (30) (7) (27) (56) (6) (34) (22) (39) (80) (97) (93) (24) (44) (71) (36) (77) (100) (9) (37) (85) (20) (58) (3) (70) (4) (83) (91) (76) (90) (21) (1) (92) (5) (89) (33) (47) (81) (69) (46) (17) (79) (94) (16) (31) (60) (38) (55) (48) (61) (50) (64) (57) (43) (15) (10) (84) (49) (25) 
36 (49) (40) (65) (21) (18) (12) (91) (11) (73) (3) (36) (72) (86) (76) (19) (96) (81) (44) (77) (45) (70) (8) (92) (71) (88) (67) (47) (15) (60) (4) (89) (14) (1) (52) (85) (34) (27) (87) (63) (56) (97) (26) (20) (31) (16) (37) (80) (25) (62) (98) (6) (100) (54) (90) (93) (10) (84) (5) (17) (13) (79) (94) (74) (82) (48) (69) 
37 (66) (63) (30) (95) (20) (22) (36) (98) (51) (74) (99) (94) (89) (96) (61) (6) (17) (2) (33) (40) (39) (90) (69) (79) (88) (23) (34) (28) (56) (18) (72) (78) (37) (49) (27) (92) (50) (58) (3) (38) (52) (83) (48) (97) (41) (5) (7) (24) (87) (64) (60) (70) (26) (16) (4) (80) (86) (45) (93) 
38 (80) (92) (45) (1) (86) (78) (100) (77) (89) (84) (87) (29) (59) (71) (7) (76) (12) (26) (52) (11) (98) (4) (64) (37) (93) (15) (38) (68) (66) (5) (20) (49) (44) (96) (69) (51) (99) (21) (53) (25) (23) (35) (9) (16) (3) (50) (60) (8) (39) (90) (75) (54) (6) (58) (94) (46) (30) (97) (32) (83) (27) (65) (34) (22) (70) (56) 
39 (22) (31) (76) (9) (10) (43) (73) (25) (36) (62) (4) (28) (70) (23) (55) (64) (33) (94) (48) (44) (83) (2) (77) (52) (89) (53) (24) (66) (99) (74) (92) (86) (42) (88) (78) (18) (95) (27) (45) (26) (32) (17) (84) (59) (96) (61) (51) (93) (40) (79) (3) (63) (87) (85) (1) (41) (60) (82) (34) (6) (49) (80) (57) (46) (68) (5) (38) (14) (12) (30) (65) (29) (39) (19) (11) (8) (16) (35) 
40 (15) (28) (71) (30) (48) (86) (60) (93) (13) (88) (92) (69) (64) (80) (53) (62) (16) (20) (87) (7) (68) (21) (9) (70) (63) (27) (78) (76) (75) (95) (10) (6) (32) (67) (46) (59) (66) (99) (94) (3) (57) (73) (51) (22) (91) (38) (11) (36) (42) (55) (2) (44) (12) (1) (4) (82) (52) (35) (45) (97) (41) (74) (61) (33) (100) (19) (90) (77) (24) (37) (85) (89) 
41 (60) (34) (70) (47) (68) (71) (46) (25) (95) (43) (64) (85) (13) (63) (18) (67) (50) (52) (29) (96) (98) (79) (89) (7) (100) (30) (35) (80) (17) (72) (55) (51) (86) (48) (21) (6) (66) (45) (84) (4) (24) (14) (90) (99) (83) (69) (61) (87) (38) (20) (88) (26) (82) (81) (1) (37) (73) (10) (32) (12) (93) (11) (94) (9) (40) (5) (53) 
42 (50) (67) (96) (62) (94) (52) (73) (18) (74) (9) (23) (77) (31) (68) (75) (83) (48) (26) (59) (88) (4) (43) (90) (33) (45) (25) (93) (35) (70) (87) (69) (79) (42) (99) (38) (56) (15) (61) (20) (13) (65) (63) (57) (28) (27) (22) (49) (76) (72) (47) (85) (14) (97) (21) (24) (10) (91) (64) (17) (36) (86) (92) (11) (54) (81) (1) (29) (32) (7) 
43 (77) (45) (29) (99) (67) (50) (6) (73) (65) (63) (94) (22) (3) (79) (19) (100) (42) (27) (15) (98) (18) (92) (16) (51) (53) (47) (60) (44) (4) (34) (38) (88) (82) (85) (86) (5) (59) (8) (40) (10) (36) (20) (49) (75) (89) (7) (87) (83) (64) (43) (9) (35) (11) (12) (93) (95) (84) (17) (96) (90) (23) (78) (68) (31) (80) (2) 
44 (2) (14) (18) (28) (58) (75) (17) (82) (29) (23) (56) (65) (39) (66) (63) (21) (41) (50) (38) (12) (10) (91) (27) (100) (43) (83) (97) (59) (20) (45) (99) (9) (73) (36) (32) (90) (5) (3) (94) (95) (69) (89) (26) (74) (57) (44) (67) (4) (31) (33) (46) (40) (72) (84) (86) (81) (53) (8) (47) (6) (79) (68) (48) 
45 (67) (88) (21) (50) (55) (33) (77) (29) (45) (25) (23) (40) (99) (41) (24) (37) (52) (35) (93) (17) (5) (18) (11) (96) (84) (94) (74) (59) (60) (46) (48) (28) (58) (3) (34) (86) (92) (15) (95) (83) (57) (80) (10) (6) (13) (75) (62) (63) (65) (39) (22) (31) (2) (1) (26) (78) (87) (8) (66) (68) (76) (38) (79) (85) (42) (16) 
46 (67) (71) (78) (4) (44) (32) (7) (12) (55) (49) (51) (100) (2) (69) (36) (72) (18) (80) (13) (94) (66) (54) (81) (53) (29) (27) (82) (15) (47) (28) (74) (42) (35) (70) (92) (39) (17) (87) (58) (40) (38) (20) (6) (31) (99) (75) (96) (23) (24) (41) (91) (50) (84) (95) (5) (89) (48) (76) (86) (33) (65) (60) (64) (77) (97) (79) (52) (21) (3) (90) (9) (26) (37) (68) 
47 (41) (79) (32) (29) (87) (92) (45) (24) (1) (40) (36) (80) (17) (96) (26) (83) (91) (47) (42) (59) (7) (10) (95) (56) (46) (13) (23) (97) (58) (53) (52) (2) (99) (14) (66) (3) (34) (57) (12) (69) (98) (39) (89) (63) (22) (43) (85) (64) (60) (8) (21) (67) (62) (84) (88) (33) (93) (74) (37) (27) (25) (75) (55) (90) (51) (94) (73) (5) (81) (72) (16) (49) (82) (11) (15) 
48 (16) (92) (11) (63) (60) (73) (21) (72) (52) (80) (49) (89) (100) (50) (91) (37) (3) (42) (94) (35) (24) (99) (84) (9) (29) (56) (86) (96) (31) (13) (67) (68) (19) (90) (47) (76) (5) (61) (88) (77) (30) (45) (6) (25) (97) (55) (59) (53) (58) (44) (75) (43) (28) (14) (65) (71) (12) (4) (2) (57) (34) (78) (32) (93) (17) (38) (8) (39) (48) (46) (69) 
49 (41) (14) (2) (90) (34) (25) (42) (18) (17) (69) (62) (96) (55) (51) (24) (40) (76) (100) (43) (56) (71) (28) (27) (63) (61) (79) (35) (53) (82) (86) (77) (73) (57) (4) (83) (37) (12) (9) (65) (67) (66) (64) (47) (75) (93) (8) (98) (89) (85) (36) (33) (20) (80) (72) (39) (78) (30) (99) (88) (94) (16) (23) (74) (81) (10) (91) (45) (70) (1) (29) 
50 (78) (29) (85) (60) (17) (11) (91) (9) (10) (23) (41) (68) (44) (64) (43) (46) (96) (76) (100) (31) (1) (40) (73) (15) (36) (52) (77) (84) (94) (90) (37) (33) (32) (56) (14) (25) (28) (13) (57) (86) (20) (42) (92) (24) (27) (72) (38) (21) (34) (51) (61) (99) (82) (2) (50) (19) (62) (59) (71) (66) (69) (16) (81) (67) (6) (26) (54) (70) 
51 (12) (38) (90) (35) (72) (95) (51) (64) (86) (65) (82) (96) (7) (41) (99) (39) (92) (3) (4) (33) (81) (67) (22) (24) (20) (63) (83) (76) (5) (16) (98) (34) (18) (53) (31) (27) (1) (77) (6) (30) (62) (91) (46) (56) (80) (8) (88) (48) (25) (49) (42) (52) (100) (32) (89) (57) (78) (26) (66) (13) (40) (43) (73) (71) (44) (61) 
52 (40) (56) (35) (69) (48) (65) (3) (72) (96) (75) (62) (37) (100) (83) (94) (33) (88) (90) (52) (76) (4) (41) (7) (32) (68) (58) (30) (28) (18) (55) (66) (13) (97) (2) (53) (6) (64) (86) (5) (10) (20) (84) (43) (82) (63) (27) (29) (45) (98) (8) (71) (74) (1) (31) (42) (49) (51) (89) (91) (77) (38) (19) (80) (61) 
53 (69) (67) (16) (81) (1) (97) (46) (44) (20) (75) (7) (34) (15) (3) (6) (40) (39) (8) (84) (74) (64) (19) (29) (52) (89) (27) (2) (25) (71) (54) (45) (4) (21) (12) (86) (17) (50) (57) (24) (58) (79) (65) (37) (41) (100) (87) (56) (55) (96) (9) (66) (76) (62) (90) (92) (83) (85) (78) (31) (60) (94) (53) (36) (13) (35) (22) 
54 (28) (16) (17) (36) (62) (81) (30) (79) (49) (84) (22) (96) (21) (64) (34) (38) (31) (60) (14) (89) (88) (91) (18) (44) (29) (77) (99) (8) (72) (71) (53) (43) (46) (15) (57) (63) (58) (2) (45) (6) (83) (56) (75) (80) (7) (61) (48) (12) (51) (5) (55) (92) (4) (68) (9) (26) (3) (10) (33) (23) (20) (69) (87) (27) (90) (86) (35) (78) (42) (95) (100) (67) 
55 (31) (50) (7) (39) (99) (93) (5) (58) (43) (74) (98) (22) (82) (66) (32) (41) (76) (61) (72) (13) (63) (52) (19) (84) (27) (71) (54) (55) (42) (1) (16) (47) (34) (65) (33) (12) (25) (79) (36) (11) (2) (37) (10) (97) (81) (83) (23) (3) (73) (60) (86) (30) (4) (94) (67) (17) (20) (75) (14) (24) (77) (35) (87) (85) (64) (95) (57) (48) 
56 (61) (84) (49) (4) (76) (92) (40) (12) (74) (85) (58) (64) (79) (89) (52) (88) (71) (73) (86) (24) (21) (90) (14) (28) (96) (91) (41) (93) (10) (6) (8) (39) (11) (46) (77) (69) (31) (99) (1) (75) (56) (78) (62) (32) (25) (36) (43) (57) (23) (47) (34) (3) (95) (19) (97) (27) (30) (66) (60) (13) (16) (20) (38) (98) (100) (42) (2) (9) 
57 (77) (76) (78) (32) (53) (95) (86) (23) (41) (88) (93) (60) (44) (84) (47) (98) (70) (67) (12) (75) (24) (2) (57) (15) (14) (71) (48) (56) (69) (49) (26) (63) (34) (83) (7) (97) (13) (1) (10) (43) (40) (50) (81) (5) (61) (29) (66) (3) (52) (91) (30) (33) (21) (25) (27) (74) (16) (92) (59) (58) (73) (4) (55) (36) (20) (45) (65) (31) (9) (72) (94) 
58 (61) (8) (87) (70) (69) (74) (75) (62) (25) (19) (34) (82) (53) (89) (40) (63) (3) (52) (56) (32) (71) (14) (30) (17) (36) (16) (85) (1) (57) (18) (22) (97) (99) (26) (23) (86) (39) (96) (59) (54) (9) (64) (10) (66) (13) (67) (51) (41) (33) (20) (5) (78) (31) (24) (45) (44) (48) (35) (27) (72) (90) (68) (92) (84) (11) (43) (15) (42) (93) (60) (91) (77) (37) (98) (94) (28) (12) 
59 (28) (45) (62) (93) (22) (49) (91) (12) (5) (1) (94) (53) (57) (97) (40) (42) (56) (35) (58) (63) (78) (85) (87) (20) (64) (31) (96) (77) (61) (50) (7) (55) (84) (65) (74) (92) (24) (34) (41) (10) (26) (6) (81) (80) (66) (60) (86) (46) (68) (73) (23) (25) (3) (47) (75) (2) (15) (36) (82) (79) (51) (90) (21) (76) (11) (67) 
60 (68) (29) (4) (7) (24) (73) (95) (1) (72) (65) (61) (17) (82) (33) (62) (28) (60) (2) (93) (42) (63) (41) (100) (3) (10) (31) (14) (89) (74) (39) (87) (15) (26) (35) (12) (96) (91) (53) (18) (6) (67) (11) (48) (20) (94) (97) (27) (46) (77) (57) (55) (13) (47) (51) (78) (80) (8) (59) (84) (85) (54) (56) (38) (86) (99) (37) (49) (69) (21) 
61 (39) (72) (6) (45) (13) (83) (98) (1) (18) (90) (59) (61) (36) (11) (74) (47) (87) (53) (70) (35) (46) (30) (52) (99) (40) (85) (95) (81) (7) (86) (10) (89) (16) (71) (23) (55) (91) (97) (28) (56) (64) (82) (92) (15) (68) (58) (67) (24) (14) (17) (41) (21) (73) (79) (77) (34) (88) (65) (49) (96) (38) (19) (5) (4) (33) (25) (43) (42) (80) 
62 (38) (25) (87) (16) (21) (11) (4) (19) (74) (61) (7) (84) (92) (79) (14) (99) (64) (50) (63) (94) (30) (72) (18) (57) (65) (71) (2) (29) (15) (69) (40) (95) (34) (45) (46) (5) (98) (86) (80) (6) (39) (62) (97) (56) (13) (20) (68) (1) (41) (22) (49) (47) (88) (78) (26) (60) (91) (85) (23) (36) (82) (76) (59) 
63 (80) (43) (16) (2) (62) (63) (52) (88) (36) (10) (39) (18) (40) (82) (33) (27) (94) (76) (57) (67) (26) (55) (41) (32) (14) (45) (92) (37) (64) (79) (83) (54) (69) (65) (13) (73) (42) (81) (85) (70) (7) (22) (11) (31) (1) (50) (3) (23) (12) (29) (72) (9) (15) (60) (53) (84) (5) (35) (17) (66) (90) (98) (58) (38) (77) (51) (74) 
64 (23) (63) (22) (25) (40) (95) (93) (30) (97) (76) (86) (9) (12) (2) (99) (58) (50) (73) (5) (77) (91) (60) (98) (51) (81) (74) (89) (68) (88) (27) (8) (94) (37) (47) (24) (80) (35) (100) (57) (11) (78) (17) (16) (70) (52) (1) (46) (39) (10) (72) (21) (42) (96) (85) (26) (56) (66) (62) (69) (75) (4) (49) (83) (36) (45) (6) (3) (59) (48) (87) (43) 
65 (92) (93) (52) (99) (35) (100) (14) (95) (74) (13) (66) (19) (1) (17) (58) (83) (41) (56) (50) (12) (38) (30) (51) (15) (34) (8) (29) (70) (98) (57) (73) (42) (45) (36) (69) (54) (49) (94) (65) (60) (86) (76) (27) (75) (96) (24) (87) (10) (18) (33) (2) (72) (5) (28) (67) (25) (64) (77) (85) (46) (53) (3) (40) (47) (68) (39) (11) (90) (63) (89) (55) 
66 (97) (12) (30) (64) (91) (87) (73) (84) (38) (96) (4) (10) (44) (98) (56) (17) (16) (67) (74) (52) (35) (54) (83) (93) (78) (26) (58) (100) (34) (14) (22) (71) (62) (31) (79) (39) (42) (2) (77) (82) (6) (81) (68) (66) (47) (59) (13) (7) (19) (40) (69) (1) (89) (75) (49) (65) (8) (5) (60) (50) (48) (9) (15) (85) (72) (95) (70) (36) (28) 
67 (88) (20) (39) (98) (73) (66) (18) (53) (48) (56) (46) (15) (91) (43) (62) (26) (55) (3) (74) (64) (27) (17) (42) (77) (7) (92) (23) (94) (82) (83) (28) (33) (70) (54) (79) (50) (10) (37) (14) (60) (57) (22) (93) (13) (72) (41) (51) (81) (75) (8) (38) (35) (63) (32) (99) (31) (5) (25) (52) (29) (100) (76) (68) (59) (58) (1) (65) (61) (21) (49) 
68 (87) (85) (28) (40) (38) (86) (73) (45) (95) (98) (88) (51) (48) (19) (6) (26) (83) (64) (56) (35) (13) (23) (58) (67) (84) (49) (5) (34) (4) (36) (53) (8) (22) (30) (80) (1) (91) (15) (69) (61) (94) (89) (31) (100) (50) (76) (77) (78) (20) (9) (11) (96) (21) (59) (68) (43) (90) (14) (25) (46) 
69 (6) (70) (92) (80) (38) (51) (48) (71) (56) (54) (52) (21) (99) (15) (23) (5) (27) (10) (76) (47) (49) (50) (96) (81) (20) (40) (18) (22) (36) (25) (24) (30) (60) (35) (3) (7) (73) (16) (26) (65) (57) (55) (59) (64) (90) (98) (94) (31) (72) (79) (87) (46) (44) (62) (97) (11) (4) (33) (32) (86) (1) (63) (13) (88) (42) (85) (19) (12) (45) (95) (68) (74) 
70 (54) (27) (83) (67) (66) (22) (56) (26) (95) (85) (86) (6) (23) (9) (82) (52) (73) (18) (12) (89) (29) (65) (5) (53) (64) (57) (17) (50) (14) (1) (35) (72) (92) (93) (55) (87) (46) (70) (15) (25) (76) (11) (63) (71) (47) (30) (68) (48) (97) (90) (21) (24) (39) (69) (84) (79) (81) (36) (80) (41) (59) (100) (10) (62) (38) (8) (40) (16) 
71 (22) (41) (48) (42) (77) (52) (1) (96) (8) (53) (88) (10) (76) (78) (92) (69) (12) (98) (68) (31) (83) (15) (5) (58) (90) (93) (79) (2) (89) (14) (23) (45) (6) (21) (17) (51) (82) (40) (35) (64) (81) (26) (73) (57) (24) (43) (37) (13) (4) (62) (99) (91) (74) (86) (28) (70) (38) (19) (25) (80) (63) (95) (11) (7) (36) (56) (97) (61) (29) (33) (67) (46) (54) (9) 
72 (87) (86) (66) (28) (13) (42) (43) (64) (74) (33) (40) (61) (51) (70) (18) (11) (83) (85) (88) (15) (35) (45) (52) (39) (99) (30) (57) (26) (56) (65) (31) (71) (36) (22) (3) (44) (47) (21) (91) (2) (32) (55) (58) (12) (93) (77) (97) (17) (23) (69) (75) (72) (6) (14) (53) (84) (16) (10) (49) (27) (73) (20) (8) (38) (81) (100) (94) (92) (95) (79) (41) 
73 (85) (47) (27) (81) (59) (26) (51) (42) (7) (55) (63) (30) (17) (8) (16) (15) (93) (77) (79) (88) (38) (21) (82) (76) (90) (73) (74) (50) (6) (62) (33) (87) (97) (99) (65) (35) (28) (45) (22) (39) (23) (100) (92) (66) (86) (32) (10) (56) (61) (89) (29) (80) (67) (91) (53) (11) (52) (37) (60) (83) (54) (69) (13) (98) (19) (96) (75) (44) (48) (25) (14) (49) (57) (94) (2) 
74 (62) (87) (64) (22) (48) (27) (63) (53) (28) (34) (29) (51) (56) (58) (75) (88) (39) (90) (40) (54) (100) (84) (18) (41) (3) (42) (49) (82) (30) (2) (93) (89) (9) (17) (86) (36) (71) (13) (4) (24) (10) (61) (55) (25) (59) (95) (44) (76) (80) (96) (26) (66) (43) (77) (16) (94) (65) (69) (46) (68) (7) (20) (83) (15) (5) (32) 
75 (98) (94) (95) (82) (17) (79) (30) (70) (29) (8) (49) (85) (11) (90) (50) (47) (73) (89) (5) (41) (48) (68) (33) (91) (62) (27) (21) (99) (87) (3) (76) (86) (12) (93) (78) (34) (51) (53) (59) (22) (100) (35) (18) (83) (69) (65) (64) (55) (15) (60) (42) (44) (6) (72) (63) (2) (40) (57) (66) (45) (75) (38) (23) (36) (97) (80) (74) (39) (20) (26) (4) (67) (77) (24) (10) 
76 (83) (10) (100) (53) (97) (39) (27) (14) (64) (11) (34) (9) (38) (79) (58) (57) (63) (54) (70) (43) (91) (19) (28) (77) (6) (48) (4) (16) (67) (78) (45) (66) (99) (51) (12) (60) (23) (17) (94) (31) (26) (92) (85) (50) (89) (25) (56) (24) (36) (75) (65) (5) (72) (87) (74) (93) (44) (21) (95) (3) (18) (82) (33) (62) (40) (55) (98) (7) (37) 
77 (50) (13) (41) (62) (18) (4) (48) (38) (36) (8) (92) (44) (56) (77) (70) (42) (7) (91) (20) (5) (9) (35) (60) (100) (59) (3) (25) (63) (10) (88) (71) (96) (47) (58) (24) (52) (31) (78) (1) (14) (57) (32) (46) (51) (49) (23) (84) (19) (64) (11) (33) (45) (82) (30) (76) (94) (34) (74) (12) (28) (80) (65) (39) (87) (66) (79) (72) (98) (21) (75) (89) (81) (67) (2) (69) (27) (40) 
78 (62) (71) (40) (59) (1) (90) (16) (45) (70) (3) (46) (66) (9) (34) (4) (53) (65) (2) (25) (78) (61) (80) (44) (87) (28) (18) (96) (48) (14) (12) (79) (98) (19) (100) (42) (41) (64) (50) (29) (93) (91) (88) (94) (68) (13) (52) (27) (84) (99) (57) (74) (60) (81) (11) (58) (56) (92) (10) (54) (97) (77) (51) (73) (30) (20) (39) (85) (55) (26) (7) 
79 (68) (21) (56) (80) (31) (99) (66) (89) (62) (9) (14) (69) (13) (100) (27) (92) (24) (47) (88) (52) (42) (95) (23) (58) (5) (2) (84) (48) (10) (36) (61) (41) (51) (94) (86) (53) (98) (59) (87) (63) (12) (33) (76) (96) (8) (19) (91) (93) (25) (22) (82) (54) (73) (40) (60) (79) (28) (20) (17) (15) (16) (46) (32) (29) (90) (70) (4) 
80 (86) (15) (58) (83) (44) (72) (66) (70) (99) (94) (67) (78) (8) (47) (23) (11) (4) (20) (77) (40) (65) (12) (38) (84) (25) (63) (68) (69) (10) (53) (91) (16) (3) (49) (33) (37) (50) (7) (97) (26) (17) (73) (59) (51) (61) (92) (21) (64) (36) (82) (85) (74) (2) (18) (42) (75) (34) (22) (41) (55) (60) (71) (9) (31) (29) (96) (62) 
81 (86) (50) (60) (81) (65) (67) (44) (46) (27) (29) (95) (52) (8) (5) (91) (100) (80) (54) (75) (12) (3) (22) (45) (84) (18) (33) (35) (47) (34) (98) (63) (56) (71) (28) (68) (55) (59) (25) (89) (79) (66) (83) (90) (58) (15) (17) (53) (9) (99) (39) (36) (23) (51) (78) (49) (97) (40) (43) (96) (73) (4) (74) (11) (92) (7) (82) (64) 
82 (53) (87) (74) (67) (89) (35) (99) (96) (28) (79) (45) (43) (48) (73) (70) (66) (38) (37) (59) (9) (26) (1) (32) (78) (30) (19) (57) (60) (50) (24) (3) (7) (51) (42) (36) (17) (18) (95) (25) (85) (4) (52) (75) (10) (2) (44) (81) (33) (68) (64) (5) (76) (97) (46) (71) (41) (21) (8) (40) (11) (62) (82) (93) (6) (58) (47) (13) (61) (22) (12) (14) (92) (86) (20) (91) (16) (77) 
83 (46) (75) (15) (14) (77) (18) (4) (92) (51) (19) (63) (79) (31) (59) (11) (21) (48) (60) (5) (80) (58) (69) (81) (37) (57) (32) (43) (44) (96) (42) (34) (84) (24) (94) (45) (29) (89) (100) (28) (36) (56) (91) (17) (61) (97) (74) (82) (40) (49) (98) (55) (64) (38) (25) (66) (13) (85) (16) (83) (70) (78) (9) (27) (33) (53) (52) (47) (62) (8) (72) 
84 (38) (84) (17) (47) (15) (78) (32) (86) (30) (14) (8) (10) (95) (61) (3) (94) (89) (53) (50) (68) (80) (26) (39) (60) (31) (91) (87) (67) (93) (11) (98) (63) (51) (5) (82) (48) (49) (9) (22) (34) (28) (6) (27) (16) (4) (92) (57) (83) (1) (7) (12) (99) (37) (74) (77) (35) (90) (19) (88) (81) (21) (59) (29) (54) (65) (72) (25) (33) (58) 
85 (75) (66) (54) (79) (22) (64) (83) (48) (87) (46) (52) (23) (58) (93) (57) (25) (69) (12) (67) (43) (89) (8) (70) (55) (50) (51) (15) (65) (35) (62) (28) (19) (99) (34) (78) (20) (10) (95) (13) (39) (31) (42) (81) (38) (61) (32) (60) (16) (24) (96) (68) (45) (63) (84) (11) (36) (53) (94) (5) (21) (14) (76) (71) (97) (100) (72) (40) (73) (9) (7) (1) (2) (33) (3) (41) 
86 (88) (97) (5) (91) (31) (9) (93) (68) (55) (52) (48) (95) (38) (63) (45) (13) (62) (64) (2) (1) (65) (35) (4) (80) (71) (54) (27) (21) (94) (98) (77) (29) (51) (36) (14) (83) (99) (32) (12) (57) (20) (60) (42) (16) (66) (25) (90) (28) (44) (47) (15) (69) (39) (84) (79) (70) (24) (34) (74) (46) (82) (89) (50) (10) (67) (92) (100) (7) (43) (86) (33) (76) (40) (56) 
87 (35) (100) (77) (83) (67) (80) (43) (82) (54) (10) (78) (56) (19) (36) (53) (5) (49) (81) (9) (38) (1) (18) (59) (71) (58) (75) (47) (95) (65) (91) (70) (88) (46) (2) (44) (92) (48) (39) (96) (79) (40) (87) (89) (61) (42) (25) (97) (7) (66) (55) (24) (6) (20) (84) (98) (15) (31) (69) (4) (99) (37) 
88 (85) (66) (73) (58) (99) (91) (36) (47) (69) (18) (86) (25) (96) (32) (87) (49) (35) (50) (92) (14) (33) (39) (57) (83) (21) (37) (62) (46) (15) (64) (90) (89) (67) (5) (81) (10) (29) (13) (55) (16) (70) (4) (28) (56) (93) (53) (51) (52) (26) (38) (7) (23) (82) (77) (2) (22) (20) (19) (61) (84) (8) (95) (42) (59) (31) (68) (12) (43) (34) (54) (75) (45) (79) (98) (60) (94) 
89 (57) (1) (42) (46) (89) (97) (29) (10) (12) (4) (37) (53) (75) (71) (68) (74) (51) (31) (87) (94) (8) (95) (65) (80) (78) (59) (27) (7) (23) (72) (98) (73) (16) (56) (49) (36) (70) (6) (66) (79) (35) (81) (58) (2) (67) (63) (24) (32) (21) (5) (15) (25) (93) (64) (83) (60) (38) (50) (91) (26) (62) (77) (90) (9) (20) (3) (76) (86) 
90 (13) (98) (25) (35) (31) (9) (75) (81) (52) (16) (11) (76) (20) (48) (83) (21) (97) (58) (92) (87) (64) (63) (40) (12) (93) (100) (5) (22) (71) (8) (78) (54) (34) (85) (38) (62) (94) (77) (32) (67) (42) (80) (46) (23) (69) (18) (65) (96) (1) (10) (19) (4) (60) (33) (29) (26) (59) (28) (73) (53) (45) (51) 
91 (19) (2) (57) (96) (53) (89) (66) (10) (11) (50) (31) (71) (75) (5) (78) (26) (44) (65) (21) (42) (13) (86) (58) (83) (82) (22) (12) (38) (47) (67) (88) (97) (39) (34) (98) (60) (37) (32) (49) (35) (45) (87) (25) (17) (46) (91) (76) (62) (69) (40) (61) (63) (33) (36) (74) (30) (85) (68) (23) (16) (1) (48) (84) (99) (59) (9) (56) (81) (27) 
92 (5) (11) (53) (57) (43) (47) (100) (42) (77) (86) (41) (46) (44) (45) (4) (68) (19) (50) (88) (62) (71) (2) (32) (65) (58) (21) (14) (81) (94) (78) (7) (91) (89) (38) (8) (12) (73) (99) (13) (22) (82) (17) (30) (92) (59) (85) (56) (74) (49) (36) (6) (10) (76) (29) (40) (39) (37) (51) (35) (48) (69) (70) (95) (79) (52) (15) (84) (64) (9) (34) (90) 
93 (21) (97) (53) (17) (64) (22) (94) (76) (28) (29) (71) (18) (72) (35) (74) (44) (86) (46) (36) (52) (34) (89) (12) (70) (11) (19) (24) (85) (98) (92) (49) (73) (40) (43) (42) (81) (84) (20) (99) (38) (68) (48) (83) (47) (55) (10) (9) (7) (16) (4) (13) (27) (26) (41) (96) (31) (77) (88) (30) (39) (54) (37) (33) (95) (57) (62) (93) 
94 (87) (45) (18) (75) (73) (69) (11) (74) (60) (31) (71) (3) (66) (50) (8) (54) (89) (53) (27) (52) (62) (5) (85) (34) (65) (44) (15) (95) (2) (41) (26) (1) (39) (55) (17) (88) (13) (24) (94) (6) (30) (84) (79) (22) (7) (99) (48) (100) (38) (9) (76) (47) (70) (32) (59) (29) (86) (42) (91) (57) (4) (82) (90) (28) (58) (14) (35) (61) (25) (40) 
95 (98) (47) (9) (63) (61) (77) (67) (75) (86) (38) (84) (35) (59) (57) (39) (87) (18) (24) (82) (58) (93) (16) (11) (41) (15) (17) (4) (78) (95) (7) (83) (60) (8) (97) (65) (85) (71) (26) (3) (40) (51) (10) (81) (89) (49) (37) (14) (28) (64) (70) (45) (96) (76) (94) (99) (2) (68) (66) (44) (21) (42) (91) (90) (36) (62) (43) (80) (53) (54) (22) 
96 (53) (93) (5) (3) (48) (36) (83) (23) (100) (39) (22) (66) (70) (80) (44) (96) (63) (37) (75) (82) (58) (50) (51) (43) (76) (72) (56) (17) (85) (94) (9) (33) (15) (35) (81) (65) (73) (47) (1) (57) (42) (40) (6) (28) (89) (62) (54) (21) (91) (86) (49) (31) (14) (26) (95) (77) (60) (99) (7) (10) (64) (97) (92) 
97 (25) (67) (87) (30) (72) (76) (65) (90) (70) (32) (11) (85) (69) (61) (41) (40) (6) (45) (63) (59) (51) (77) (29) (58) (89) (81) (82) (18) (92) (57) (91) (93) (2) (21) (73) (36) (38) (23) (44) (4) (95) (80) (31) (78) (37) (84) (22) (49) (52) (75) (1) (5) (24) (34) (54) (50) (17) (68) (13) (62) (3) (27) (56) (28) (15) (33) (43) (79) (10) (9) (12) (20) (97) (94) (98) (16) (100) (88) (86) (19) 
98 (95) (23) (76) (33) (69) (29) (6) (73) (10) (78) (21) (37) (60) (90) (28) (30) (85) (44) (89) (59) (99) (100) (41) (3) (52) (13) (84) (94) (46) (71) (77) (62) (38) (65) (79) (26) (92) (74) (8) (67) (25) (54) (49) (31) (97) (5) (86) (11) (80) (56) (75) (22) (16) (27) (93) (58) (47) (36) (40) (63) (1) (61) (91) (48) (72) (83) (50) (55) (14) (82) (53) (7) 
99 (10) (77) (37) (44) (3) (78) (26) (92) (8) (88) (32) (54) (81) (9) (56) (14) (66) (96) (20) (67) (70) (45) (72) (12) (63) (51) (98) (62) (61) (50) (87) (17) (23) (76) (84) (1) (94) (53) (2) (33) (65) (97) (71) (100) (16) (35) (15) (57) (30) (43) (86) (21) (22) (95) (89) (47) (75) (28) (18) (36) (74) (38) (91) (59) (58) (80) (73) (24) (99) (42) (41) (46) (31) (90) (55) (83) (40) 
100 (97) (10) (45) (66) (35) (57) (76) (70) (88) (37) (60) (40) (79) (6) (48) (4) (52) (62) (31) (17) (77) (75) (29) (86) (34) (65) (81) (14) (93) (9) (83) (28) (23) (2) (1) (74) (71) (46) (11) (59) (20) (24) (33) (89) (19) (80) (39) (43) (22) (94) (26) (96) (15) (69) (54) (90) (99) (25) (68) (32) (55) (36) (78) (41) (98) (87) (85) (84) (42) 
