0
100
100
1 (11) (36 58 73 23 15 22 41) (97) (32) (60) (96) (39) (59) (90) (40 85) (81) 
2 (5 10) (30 81) (78 91 56 9 79 20 36 64 70) 
3 (97 77 8 74) (82 36 67) (13) (71 63) (6) (21 3) (49 40) (42 59) 
4 (92) (2 50 21 7 23) (26) (85 72) (64) (95 83 28 75 81 25) (82 51) 
5 (13 68 72 16 60 100) (21) (73 94 7) (59 15 39) (89 61 67 38) 
6 (28 92 67) (48 15 8 71 19 60) (65) (72 36) (34) (33 45) (31 46 59) (100 42) (49 68 90 38) (89) 
7 (23) (6 72) (35 46 10 96 84 38 27) (63 32 26 14 83) 
8 (57) (36 61 35 11 86 78 32 24 98 13 58 75 7) (25 90 45 8 6 70 68 48) (18) 
9 (37 60) (49 33 15) (92 88) (58 5 89) (99 81 55 29 57) (56 64 45 3) 
10 (73 60 23 21) (56 80 85) (97 64 91 81 6) (47) 
11 (41 24 37) (18) (31 30) (64) (95) (69 6 53 12) (65 83 61 43 86) (88 60 98 62 47) 
12 (13 94 72 84) (53 51) (37 41 60) (32 40 12) (4 52 79 22 64 7 11) 
13 (52) (37 7 14) (98) (48 1 44) (33) (63 29 71 84) (65 78 42 51 30) (82) (32) 
14 (15) (47) (94) (38 83) (19 31 43 100 8 40) (52 6 4 91 41) 
15 (61 32 51 91 7 84 100 82 9 27 23 93 59 10 79) (92 39 36) (63) (47) 
16 (72 48 75 89 16 34 84) (8 17) (41 5) (40 7) (37 79 96 39 47) (21 83 55 23) (62) 
17 (16) (11 85) (48 9 83) (52) (91 46) (35) (32 74) (38 55) (94) 
18 (77 45) (5 54 31 98) (43 96) (32 72 35 53 56) (68 88) (6 25) 
19 (24 60 53) (39) (9 38) (56 95 16) (98 89 97 67 17 84 57 18 75) (7 14 43 2) (15) 
20 (18 12 96) (8) (10 53 87 1 33) (99 77 81 100 25 21 32 13) (74) (78) (5 93) (76) (51) (57 31) 
21 (60 19 67) (97) (65 15 45) (21) (29 12 44 84 76) (82 4 63) (39 1) (13) (22) 
22 (9) (66 62 3 16 91) (40 46) (96) (47 41 87 1 97 79) (72 43) (15 86) (59 20) (10 11) 
23 (68 11) (21) (13) (49 80) (32 89) (99) (16 39 59 55 58 28 70 96) (57) 
24 (12 52) (72 37 28 51 49) (24) (99 35) (26 21 65 30 85 63) 
25 (43 24) (53 28 31 72 96 16) (97 79 26 9 81) (33) (87 32 8 60) 
26 (11 14 78) (21 49 77 96) (44 84) (83 60 46 32 61 48 100) (90) 
27 (98 77) (24 68 35) (60 15 32 87 47) (82 53 88 38 10) (79 14 34 76) (80 50 9 19 52 25) 
28 (72 88) (92) (21 9 63 48 100 55 66 18 15 44) (57 50 54) (84) (74) 
29 (30 9 83 50 25 91) (14 64 92) (80 93) (88 98 39) (87 26 79 82 46 7) (59) (6) 
30 (44 27 73 51 54) (76) (96 91) (86) (41) (8) (65 37) (31) (49 48) (6) (69 98 25 87 16 93) (77 71) 
31 (68 82 79 16 57 33 69 37 34) (73 43 24 92 67) 
32 (71 16 65) (44 98 70 95) (51 11 45) (17 100) (47 24 92) 
33 (53 23 71 91 46 98) (64) (7 10) (25 32 28 73) (92 21) (69 59 96) (48 35 16 12 62 70 15 37 95 100 29 72) (6) 
34 (17 57 9 1 25 88 18 68) (41) (71 33 28 89) (2 70 87) (35 69 5) (63) (39) 
35 (33 85 90 62) (41 91 81 58) (48 100 86 13) (12) (53 27 76 10 43) (38) 
36 (82 61 90 11 17 20 30 27 6) (63) (14 94 77 54 21 23 81 79 91 47 2 34) (15 100) (32) (88) 
37 (40 27 43 96 71 4) (31 76) (84) (23) (83) (100) (13 53 35) (36 85 33) (74) 
38 (55 91) (90) (81 4 69 19) (45 70) (71 17 88 77 60) (25 86 27 5) (51 2) (62) 
39 (89) (7 75 35 72 29 100 27) (99) (85 90 33) (81) (22 23 57 26) (71 24) (19) (45) 
40 (30 67 81 78) (96) (24 32 4 23 51 62) (61 90 56) (21) (68 84 100 65 59 18 46 85) 
41 (99 27 98 12 18 43 51 60 88) (59) (72 64) 
42 (9 56 31 47 42 76 10 80) (18 81 50 46 94) (98 55 88) (27 70 79 67 20 14) (77) (30 37) (62) 
43 (100 97 34 47 50 43 98 55 3 18) (38 54) (78 56 6 31 83 8) (44 48 53 58 86) (79 5) 
44 (94) (31 57 50 12 97) (68 48) (56 25 81 70 49 3) (91 71 82) (14 11) (21 90) (5) 
45 (89) (79 84 70 47 1 3) (27 60 74 86 100) (45 51 44 4) (68) (38 42) 
46 (81 56 58 51 42 100 25 78) (20 93 67) (82 85) (30) (17 1) (7 61 53 19 77) 
47 (53) (64) (29) (85) (94 52 71 90) (38 25) (23 44) (78 40 55) (63 98 76) 
48 (10 23) (14 11 99 29) (18 38 27 94) (25 7 57) (36 70) (28 85 34 15) (96 16 60 19 98) 
49 (38 18 85 28) (86 61) (25 52 19 82 79 73 94) (17 33) (59 76 80) (54 63 77 91) (14 34 75) 
50 (7 30 70 90 74 13 64 50 11 92 73 53 10 44) 
51 (4 96) (24 79 52 38 2 32) (31 67) (75) (53) (6) (98) (18 65 1 21 93 63 74 12) 
52 (64 69 56 65) (22) (58) (10 32 25 21 53 9) (12 54) (92 2) (93) (71) 
53 (34) (75 7 63) (73 59) (55 11) (35 92 3 47 17 81 56 37 22 44 30) (6 36) (89) (40 2) 
54 (50 17) (37 78 2 21) (6) (57 68) (48 85 3 8 91 55 20 72 61 59 1 87 28 65 75 25 79 16) (64) 
55 (30 19 12 96 77 93 80 14 88 85 43) (55 95 50 17 29 46 79 62 36 38) (60 51 31) (98 48 89) 
56 (61 58 6) (24 66 11 55 50 65 12) (86) (44 88 60 33 20 64 31) (81 47) 
57 (38) (66) (49 19 34 14) (68) (79) (82 67 46) (4 43 77) (78) (87 24 69 88 25 1 95) (28 83) 
58 (20 6 39 3 75 86 47 65 73 78) (48 32) (69) (37) (72 23 54) (89) (46) 
59 (87) (63 83 15) (51 89 4) (80 49 46 59) (96 8 81 74 21 35 84 76) 
60 (72 44) (1) (64 63 20 29 32 45 82 52) (41) (58) (84 46) (31) (13) (74 79 95) (22) (78) 
61 (57 52 6 36 42) (71 35 96) (49 3 94 12 50 23) (46) (58 10) (98) (69) 
62 (70 71 29 8 62) (19) (26 61 57) (87 10 84 14 22) 
63 (63 37 36) (6) (55 22) (80 92) (27 24) (97) (56) (4 70) (15) (96 16 2 3) 
64 (80 56 70 45 94 92) (84 40) (100 47 76 12 16 41) (22) (21 5) (34 30 90 62 9 93 7 65) (6) 
65 (77 43 64 22 17 19 97 92 60 29) (4 87 70 6) (95) (57 91) (41 58) (36 42 15) 
66 (19 52) (75 22) (68 73 59 79 60 64 93) (74) 
67 (34 68) (33) (65 9 38) (11 10 53 57) (95) (86 6 26) 
68 (25) (8 36 83 75 58 39 72 37 81 84) (7 49 97 43) (21 44) 
69 (60 8 71) (3 75 18 73 87 24 36) (59 53 64) (79 84) (91) 
70 (63 18 30 84 86) (68 13) (99 1 7 73 37 12 20) (5) (71 62) 
71 (76 28 78) (99 66) (16) (49 36) (29 89 91 26 13 67) (71 56 44) (9 11 53 77 45) 
72 (59) (79) (47 3 46) (90 54 22 42) (28 70 33 56) (14) (40 51 36 84) 
73 (4 98) (85) (93 25 91 14 63 16 59 29 100 79 80 9) (94 73 88) 
74 (80) (76 20) (74 28 32 62 38 51) (58 90) (63 7 11 1) (52 71) 
75 (34 69 81 39 60 75) (46 47 80 4 5) 
76 (50 49 51 72 3 15 11 10 21 64 20 66 4) 
77 (26 76) (22 48) (63) (72 42) (100 5 38 66 79) (57 47 9 61 31) (3 91) 
78 (22) (12 34 88) (74 56 53 96) (86) (59 50 71 14 60 16 47 9 72 28) 
79 (38 80) (42) (41 10) (97 22 69 57 23 37) (16 43 60 1 13 58 74 31) 
80 (61 33 38 2 8) (27 48 59) (1 49 91 7 18 12 37) 
81 (28) (23 56 54 7 69 61 29 9 58) (94 76 11 77 95) (35 86 85 78 18) (12 96) (32) (30) (17 1) 
82 (60) (65 71 56 47 52 79 49) (74 99 82 55 43) (64) (51 81 97 33 16 91 9 87) (77) 
83 (62 95 55 94 28) (99 36 76 89 53) (93 19) (79 30 80 27 38 64 73) (32 25) (71) 
84 (41) (87) (69 1) (52) (86 85 71 98 34 83) (17 64) (8 32) (90 57 79 5) (18) (81) (91) (19 7 23) 
85 (11 84 12) (43 50 70) (23 47 35 30) (51) (1) (14) (21) (38 29) (20 94 60 15 13 57) 
86 (34) (35 94 4) (19 81 64 74) (88) (68 82 39 47 54 29) (42) (32 27) (37) (52 49 63) (79 38) 
87 (91 12 2) (83 74 19 90 73) (89 22 80) (53 97 99 88) (64 48) (94 72 30 27) 
88 (52 97) (90 46 30 11 83 29 79 28) (4 34 72 76 55) (21 42 6 32 93) 
89 (22 49 38) (95) (24 18 15 11 28 77 99 85) (2 56 7 87 17 92) (83 75 16 6 8) 
90 (59 37 53) (56 14 66) (44) (47 20 42) (92 11 74 15 80 49 67 57 41 72) 
91 (81 50 92 55 75 72 7 30 65) (68 60 16) (69 48) (64 100 79 21 11 85) 
92 (66) (95) (41 35 19 33 12 83 40) (21 2 75 59 29) (99 91) (71) (77) (13 43 73 20) 
93 (47) (8) (14 35) (68 16) (34 84 81 89 50 97 23) (20 61) (100) 
94 (8 52) (65 89 57 91) (97 70) (75) (29 48 55 36) (92) (47 88 25 64 59) 
95 (9 17 94 32 82 86) (55) (26) (27 29 3) (84) (81) (19 61) (59) (87) 
96 (72 67 40 7) (13 34 9 46) (2) (38) (35) (31) (3 80) (54 21) 
97 (56) (6 94 15 22 93 74 76 70) (2 24 29) (82 28) (13) (49) (81) (92 91) (5 41) 
98 (50 61 63) (32 92) (66) (62 15 84 31) (56 36 30 100 57 43) (98 51 25 44) (54) (29 91) (46 6) (16 58 40) (28) 
99 (44) (22) (2 25 24 15 94) (42 7 81 64) (17 80 28) (98 39) (68 85) (91 21 13) (89) 
100 (98 58 79 45 14) (96 95 83) (6 90 42 10) (1 28) (29) (100) 
1 (60) (46) (84) (57) (21) (13 22 81) (79) (34 51 45) (80 70) (85 74 20) (54 100) 
2 (92) (97) (34) (63) (36) (4) (89) (54) (53) (80) (52 99 87 19 96 38 51) 
3 (53) (22) (69) (54) (45) (3) (58) (63) (76) (43) (72) (9 95 96 61) (44 77) 
4 (63) (14) (59) (88) (21) (45) (76) (75) (38) (40) (37) (73) (51) (65 12 86 57) 
5 (9) (16) (77) (34) (97) (2) (43) (20) (70) (84) (64) (18) (75) (38) (44) 
6 (61) (88) (89) (56) (8) (10) (14) (33) (11) (67) (29) (98) (63) (3) (65) (97 54) (7) (51 100) (18 43) (64) (30 53) (58 36) 
7 (39) (89) (64) (16) (46) (74) (12) (19) (15) (4) (33) (96) (48) (81) (68) (84) (8) (53) (50) (80) (91) (13) (29 99) (70) (5) 
8 (6) (25) (16) (3) (14) (68) (93) (62) (43) (80) (20) (94) (89) (8) (54) (69) (59) (30) (84) 
9 (15) (52) (2) (28) (17) (67) (42) (82) (96) (77) (29) (81) (78) (22) (73) (64) (71) (27) (34) (25) (95) (19) 
10 (27) (35) (22) (33) (100) (20) (50) (48) (76) (2) (15) (79) (67) (7) (52) (62) (42) (61) 
11 (48) (32) (91) (23) (56) (17) (44) (36) (26) (90) (74) (76) (50) (89) (67) (81) (71) (8) (88) (12) (1) (22) (85) (53) 
12 (12) (81) (21) (55) (78) (70) (52) (80) (56) (41) (61) (11) (64) (35) (87) (44) (85) (24) (51) (33) (20) (92) 
13 (99) (20) (85) (37) (35) (8) (50) (23) (5) (70) (12) (60) (21) (3) (92) (71) (97) (79) (96) 
14 (42) (72) (26) (13) (19) (73) (90) (49) (85) (29) (36) (100) (44) (78) (7) (57) (62) (48) (55) (27) (93) 
15 (21) (14) (99) (76) (65) (9) (28) (27) (59) (19) (36) (63) (22) (97) (85) (89) (98) (1) (6) (90) (5) (48) (33) 
16 (93) (82) (5) (19) (63) (71) (17) (30) (23) (78) (54) (91) (64) (25) (89) (48) (22) (79) (73) (31) (16) (32) (98) (33) 
17 (19) (55) (46) (54) (65) (34) (99) (32) (16) (53) (36) (81) (38) (89) (49) (84) (95) 
18 (42) (69) (20) (28) (84) (70) (81) (43) (40) (89) (48) (34) (41) (51) (19) (8) (49) (80) (11) 
19 (55) (84) (57) (65) (92) (95) (49) (38) (27) (46) (87) (48) (21) (62) (14) (66) (86) (6) (83) (39) 
20 (93) (74) (60) (36) (70) (2) (92) (76) (58) (85) (22) (42) (56) (46) (54) (90) 
21 (88) (23) (20) (85) (44) (4) (52) (76) (92) (59) (10) (99) (36) (16) (51) (24) (33) (3) (68) (21) (96) (40) (54) (64) (28 91) (26 5) 
22 (39) (12) (1) (77) (21) (78) (72) (97) (89) (87) (79) (53) (99) (62) (65) (64) (63) (60) (52) (66) 
23 (79) (15) (40) (61) (47) (93) (84) (4) (10) (37) (85) (7) (81) (58) (33) (16) (1) (36) (48) (39) 
24 (89) (69) (19) (63) (27) (56) (51) (8) (32) (97) (57) (31) (11) (99) (25) (39) (40) (24) 
25 (98) (27) (49) (57) (73) (47) (83) (94) (54) (30) (20) (38) (68) (4) (33) (29) (8) (18) (48) (46) (34) (99) (52) (44) 
26 (67) (39) (25) (77) (7) (29) (24) (4) (62) (95) (71) 
27 (35) (42) (37) (83) (86) (38) (48) (95) (80) (7) (87) (45) (15) (39) (30) (63) (36) (41) 
28 (57) (74) (71) (100) (49) (54) (48) (83) (78) (24) (25) (81) (88) (33) (6) (4) (98) (34) (89) (23) (97) (99) (72) 
29 (71) (86) (98) (47) (55) (92) (48) (95) (9) (65) (81) (94) (97) (33) (39) (88) (73) (21) (100) (85) (13) (60) (62) 
30 (81) (88) (55) (46) (91) (13) (83) (87) (85) (64) (53) (2) (50) (24) (98) (70) (11) (40) (29) (36) (42) 
31 (14) (43) (56) (98) (11) (60) (37) (18) (6) (55) (42) (51) (20) (44) (79) (77) (30) (96) (25) 
32 (33) (23) (60) (18) (8) (98) (83) (88) (12) (27) (95) (51) (17) (7) (26) (86) (25) (40) (81) (15) (20) (84) (58) (36) (13) (52) (74) (1) 
33 (92) (37) (56) (34) (25) (49) (9) (82) (72) (80) (6) (20) (31) (13) (39) (35) (67) 
34 (64) (75) (53) (78) (16) (67) (36) (43) (49) (84) (88) (27) (6) (93) (86) (31) (48) (57) (96) 
35 (7) (61) (39) (53) (37) (34) (92) (85) (59) (24) (17) (8) (93) (18) (81) (96) (27) (33) (86) 
36 (15) (65) (55) (1) (6) (53) (83) (98) (68) (3) (37) (2) (69) (63) (72) (48) (61) (71) (94) (8) 
37 (31) (86) (90) (53) (9) (33) (58) (13) (80) (42) (68) (16) (30) (70) (11) (79) (24) (63) (54) (12) 
38 (55) (14) (96) (74) (49) (89) (45) (19) (43) (35) (17) (83) (57) (7) (5) (85) (6) (80) (51) (67) (47) (27) (77) (48) (79) (86) 
39 (29) (75) (86) (23) (68) (16) (34) (5) (58) (19) (21) (15) (99) (1) 
40 (22) (53) (92) (1) (16) (12) (98) (96) (47) (14) (37) (3) (72) (64) 
41 (30) (90) (35) (16) (92) (97) (65) (60) (22) (14) (12) (34) (64) (79) (1) (11) (84) 
42 (61) (90) (88) (45) (77) (46) (3) (6) (86) (65) (13) (72) (99) (42) (79) (100) 
43 (11) (14) (37) (98) (68) (18) (82) (31) (25) (19) (55) (57) (35) (92) (41) (22) (65) (43) (79) (85) 
44 (50) (47) (45) (43) (32) (71) (53) (60) (13) (21) (30) (99) (90) (26) (98) (28) (56) (68) 
45 (9) (21) (8) (38) (45) (39) (100) (71) (6) (32) (60) (64) (18) 
46 (58) (59) (96) (7) (75) (98) (22) (26) (72) (40) (61) (42) (33) (55) (57) (17) (6) (29) (88) (60) 
47 (64) (15) (16) (85) (90) (43) (10) (45) (72) (77) (11) (32) (53) (93) (42) (82) (94) (14) (22) (78) (75) (56) (36) (27) (58) (86) 
48 (55) (26) (35) (94) (44) (30) (80) (43) (13) (28) (77) (58) (33) (87) (8) (54) (16) (17) (6) (91) 
49 (68) (86) (3) (61) (44) (71) (97) (26) (80) (30) (89) (82) (57) (59) (9) (76) (23) (90) (24) (6) 
50 (98) (50) (29) (42) (55) (27) (91) (61) (56) (44) (28) (93) (85) (43) (78) (4) (54) (76) 
51 (85) (32) (4) (98) (46) (40) (12) (59) (74) (13) (20) (55) (41) (82) (76) (38) (30) (24) (45) (15) (72) 
52 (74) (12) (61) (27) (88) (51) (14) (84) (17) (82) (49) (86) (60) (47) (66) (13) (24) (94) 
53 (47) (87) (71) (33) (43) (11) (25) (19) (12) (69) (52) (90) (50) (67) (51) (46) (78) (83) (35) (27) (37) (20) (18) 
54 (58) (28) (43) (72) (30) (81) (52) (86) (36) (18) (49) (98) (96) 
55 (43) (38) (82) (23) (88) (63) (47) (53) (17) (56) (16) (95) (91) (9) (42) (54) (83) (55) (28) (94) 
56 (46) (10) (53) (78) (43) (42) (71) (44) (2) (64) (18) (9) (97) (89) (90) (52) (98) (72) (81) (19) (40) (82) (63) 
57 (39) (44) (20) (79) (90) (8) (77) (85) (48) (62) (23) (94) (31) (61) (54) (84) (34) (67) (19) (9) (65) (98) (28) 
58 (23) (8) (60) (61) (56) (81) (74) (9) (100) (65) (98) (1) (43) (46) (68) (35) (52) (79) 
59 (49) (54) (40) (23) (72) (29) (5) (33) (78) (1) (59) (53) (92) (41) (94) (66) (69) (3) (6) (95) (80) (22) (73) (90) (15) 
60 (55) (78) (9) (12) (26) (65) (27) (10) (11) (45) (56) (41) (5) (79) (6) (25) (85) (19) (91) (1) (48) (38) (21) (82) (69) (66) (75) 
61 (15) (98) (77) (46) (40) (95) (26) (56) (81) (62) (49) (5) (11) (8) (93) (54) (36) (80) 
62 (35) (11) (42) (16) (74) (64) (38) (62) (70) (83) (22) (33) (40) (98) (55) 
63 (21) (47) (28) (24) (74) (36) (49) (51) (7) (73) (53) (63) (70) (34) (15) (77) (3) (60) (59) (98) (13) (86) 
64 (33) (65) (66) (87) (99) (12) (52) (54) (4) (2) (56) (83) (10) (86) (41) (50) (94) (69) (60) (11) (91) (29) (82) (76) (84) (47) (9) 
65 (13) (54) (91) (52) (30) (82) (64) (40) (56) (32) (6) (94) (58) (51) (11) (21) (24) (67) 
66 (22) (76) (57) (77) (98) (56) (92) (28) (90) (71) 
67 (57) (3) (96) (46) (21) (31) (71) (40) (42) (19) (90) (6) (51) (5) 
68 (99) (34) (91) (93) (27) (45) (44) (57) (40) (86) (54) (67) (6) (5) (8) (23) (18) (70) (31) (66) 
69 (58) (75) (52) (91) (30) (33) (38) (34) (31) (61) (57) (81) (11) (84) (79) 
70 (32) (63) (42) (85) (38) (62) (34) (94) (64) (72) (44) (8) (23) (45) (33) (48) (97) (50) (65) (2) 
71 (38) (34) (82) (13) (37) (3) (6) (69) (47) (92) (44) (39) (32) (30) (52) (33) (74) (78) (62) (61) (84) (71) (70) (83) 
72 (88) (25) (77) (41) (39) (96) (5) (6) (28) (60) (22) (90) (16) (76) (12) (18) (54) (91) (24) (87) (4) (7) (78) (68) (58) (33) 
73 (1) (66) (87) (70) (83) (53) (30) (10) (50) (73) (58) (49) (33) (92) (5) (31) (69) 
74 (28) (45) (87) (59) (78) (60) (79) (3) (20) (51) (86) (97) (66) (17) (82) (50) (74) (37) (90) 
75 (51) (39) (53) (16) (8) (66) (91) (92) (68) (54) (94) (69) (75) (19) (58) (49) (4) (89) 
76 (20) (59) (21) (64) (71) (83) (42) (74) (37) (47) (77) (30) (49) (81) (27) (88) (97) (35) 
77 (81) (55) (82) (42) (3) (89) (30) (36) (26) (57) (38) (20) (27) (71) (65) (18) (49) (92) (46) 
78 (58) (43) (8) (54) (60) (71) (20) (81) (40) (26) (57) (46) (47) (2) (13) 
79 (15) (22) (73) (72) (55) (27) (54) (31) (88) (66) (25) (16) (2) (57) (69) (84) (91) (86) (43) (49) (42) (45) (83) (100) (51) (29) (82) (60) (36 12) (77) 
80 (42) (74) (90) (75) (73) (10) (64) (83) (79) (99) (23) (55) (87) (49) (96) (59) (63) (29) (27) 
81 (44) (35) (38) (82) (25) (2) (46) (95) (93) (56) (86) (99) (91) (1) (36) (39) (4) (10) (59) (75) (42) (40) (97) (53) (9) (20) (84) (68) 
82 (97) (57) (15) (36) (3) (82) (29) (95) (27) (4) (60) (44) (86) (13) (46) (21) (31) (49) 
83 (17) (92) (14) (57) (11) (37) (43) (89) (84) (59) (100) (29) (68) (26) (88) (16) (87) (7) (4) 
84 (64) (68) (15) (72) (40) (98) (28) (59) (60) (85) (21) (16) (26) (13) (19) (12) (93) (95) (70) (7) (69) (45) (62) (37) 
85 (1) (55) (4) (46) (89) (37) (49) (17) (84) (73) (10) (24) (48) (35) (54) (40) (81) (99) (47) (39) (91) 
86 (11) (43) (22) (8) (58) (35) (84) (56) (49) (30) (38) (81) (45) (67) (95) (70) (78) 
87 (25) (27) (22) (65) (82) (34) (29) (84) (20) (54) (95) (59) (30) (89) (69) (62) (57) 
88 (78) (34) (28) (29) (11) (73) (87) (41) (38) (94) (56) (55) (27) (36) (86) (9) (18) (42) (57) 
89 (6) (19) (45) (94) (16) (39) (58) (53) (34) (83) (5) (23) (71) (87) (55) (9) (59) (99) (93) 
90 (74) (47) (38) (64) (26) (8) (100) (1) (35) (6) (40) (39) (44) (50) (36) (72) (87) (88) (84) 
91 (69) (80) (99) (49) (71) (65) (29) (77) (98) (30) (17) (54) (97) (14) (33) (15) (82) (84) (92) (44) (22) (87) (73) (36) (2) (38) (10) (94) (35) 
92 (63) (6) (32) (15) (89) (94) (91) (4) (65) (33) (52) (98) (31) (29) (97) (50) (64) (53) (9) (90) (28) 
93 (29) (46) (51) (64) (73) (55) (20) (88) (66) (83) (97) (52) (30) (15) 
94 (48) (87) (99) (12) (85) (17) (95) (83) (61) (14) (49) (81) (5) (86) (44) (64) (47) (73) (42) (36) (97) 
95 (65) (100) (92) (67) (4) (11) (83) (81) (19) (60) (57) (55) (89) (32) (33) 
96 (100) (37) (61) (55) (78) (25) (30) (59) (20) (63) (16) (48) (51) (7) (23) (1) (26) (22) (33) (18) (81) (40) 
97 (25) (82) (65) (44) (68) (79) (94) (43) (3) (63) (88) (22) (21) (10) (93) (87) (19) (1) 
98 (99) (98) (100) (42) (13) (55) (32) (73) (30) (18) (33) (41) (27) (43) (19) (11) (48) (8) (51) (29) (47) (84) (61) 
99 (82) (83) (41) (20) (48) (39) (71) (70) (92) (9) (23) (24) (89) (87) 
100 (73) (43) (93) (14) (45) (5) (98) (91) (33) (37) (39) (36) (26) (77) (20) (64) (15) (28) (35) (100) (6) (46) (32) (40) 
