0
100
100
1 (36 64) (30) (80) (70) (96 3) (79) (67) (81 52) (91) (83) (21 97) (37) (12) (16 28 65) (19) (73) (15) (89 6 20) (44) (34 35 82) (99 53) (32) (18) (72 84) (10 8) (1) (46 43) (69) (50) (22) (49) (17) (92 98) (11) (47) (90) (41 5) (95 87) (86 85) (55) (38) (68) (56) (77 88) (58) (31) (71) (100 26) (63) (48 78 57 59 14 27 74) (4) (76 9) (2) (24) (29) (25) (42) (54 45) (60) (93) (51 94) 
2 (59) (28) (88) (24) (75) (92 80) (19) (81) (32) (45) (27) (63) (41 99) (12) (53) (20) (42) (18) (38) (21) (90) (7) (31 93) (47) (72) (96) (61) (37 87) (62 50 29 6) (52 25 66 33) (65) (73) (43) (68 76) (98) (46) (54) (23) (94) (35) (74) (26) (91 84) (2) (83) (4) (13) (9 15) (85 17) (69) (97 56) (57 8) (89) (44) (11) (86) (64) (79) (22 48) (30) (100) (40 51) (5) (10) (55) (36) (58 77) (39) (70 34) (3 95) (78) (14 16) (67) 
3 (22) (41) (2 31) (45) (61 11) (42) (82) (30 73) (29) (100 38 46) (58 90) (19) (28) (5) (4) (48 6) (62) (34) (10) (94) (13) (49) (26) (17) (83) (91) (20) (54) (8) (3) (79 55) (92) (74) (40 80 72) (37) (15) (21) (95) (96 97) (25) (93 7 89) (36) (69) (50 12) (71) (76 64 14) (77) (86) (98 44) (85) (35 16) (78 24 18) (9 59) (1) (65) (88 57) (63) (75) (56) (53) (47) (67) (52) (87) (68) (33) (99) 
4 (3) (17) (46) (79 20 59) (6) (43 35) (19 28) (32) (25) (1) (95) (73) (47) (81 16) (15 4) (45) (100) (41) (24) (84) (70) (87 83 71) (69 12) (33) (93 38) (39) (2) (36 58) (92) (68) (9) (5) (88) (80 53) (52) (74) (55) (99) (63 56 77) (34 22) (72 50) (48) (13) (37) (21 54) (14 8 42) (65) (30) (76) (86) (44 23) (29) (31) (98) (40) (27) (62) (11) (57) (26) (75) (82 97) (91) (60 66) (18) (49) 
5 (15) (26 65 70) (1) (92) (63) (24) (86) (11) (22) (44 59) (38) (5 34) (49 36 9 85 66 53 52 87 50) (7) (75) (19) (72) (47 51) (64) (95) (61) (62) (14) (12 54) (67) (57 21) (6) (43) (99 10 93) (13 46 45 96) (100) (88) (83) (40) (68 42) (79) (25) (74) (23) (41 30) (18 2) (4) (31) (77 17) (80) (69 73 84) (78 3 98) (55) (37) (35) (48) (60) (94) (89) (32) (33) (27) (16) (81) (71 8) 
6 (27) (3) (74) (30) (26) (31 95 6) (56) (24) (28) (33) (63) (100 81 44) (62 53) (91) (88 46) (21) (51) (23 66) (87) (34) (89) (48) (39) (80) (79) (70) (2) (49) (8 58 36 19) (72) (7 69) (16) (55 41) (17 99) (65 52) (12 77 1) (15) (68) (97) (61) (71) (98 84 37 20 64 11) (57 35) (14 13 50) (93) (83 75) (43) (96) (32) (5) (54 9) (76) (40) (67) (42) (94) (90 18) (92) (59 29) (47) (85) (60) (73) 
7 (17) (16 73 31) (7) (14) (58) (90 11 33) (35) (28) (92 2) (44) (29) (67 52) (21 80 86) (26) (98) (48 37 1 77) (42) (61) (46 49 93 53) (62) (65) (36 64) (85) (3) (41) (81) (72) (4 45) (76 25 59) (68 69) (50) (47) (95) (39) (6) (9) (82) (20) (97) (96 71 75) (5 43) (60) (56) (38 88) (51 89) (18) (23) (70) (84 87) (19 34 83) (74) (66) (100) (94 30) (15 8) (79) (63) (91) (12) (57) (22) (55) (32 99) 
8 (85) (6) (4 87) (8) (11) (53 63 65) (17) (29 66 56 20) (89 43) (92) (73) (46 91) (74 69) (14 39) (95 54) (44 16 18 50) (97 48 72 71) (30) (32) (99) (78) (26) (40) (67) (31) (58) (13) (75) (60) (62) (80) (76) (47) (49) (28) (70) (93) (23) (55) (5) (34) (88) (36) (15) (86) (42) (68) (2) (10) (19) (90 7 94) (98) (64) (22) (35) (45) (9) (57 1 59) (21) (51) (83 41) (27) (24) (33) (3 82) (100) (77) (81) (84) 
9 (80) (2 11 78) (64) (99 6) (9) (22 3) (7) (18) (95) (70 31) (67) (73) (53 17) (94) (62) (72) (32) (38) (30) (13) (50) (8 61 91) (46) (43) (16 24 21) (25) (83) (48) (37 39 66) (52 5) (90) (69 54) (77 44) (96) (28) (60) (29 100) (40 81) (20) (89 92 79 82) (57) (42) (86 68 41) (26) (12) (19 1) (76) (56) (36 97) (87 45) (51 75) (15) (33) (93 23) (85 58 49) (84 10) (34 55 27) (59) (63 4) 
10 (82) (70) (15) (47) (32) (98) (86) (62) (20) (37) (4) (22) (50) (38) (30) (25) (100) (65) (42) (56) (92) (94) (2) (61) (17) (53 35) (13 31 60) (85) (18) (71 23) (16 91) (99) (68 83 66) (58 6) (27) (29 41) (7 59) (52) (80 93) (78 26) (69 55) (1) (81 64) (89) (40 14) (72) (76) (57 21 24) (28 77) (49) (12) (33 9 79 48) (45 54) (51 75 63) (46) (67 88 74) (19) (97) (84) (39) (43) 
11 (32 21) (23) (77) (53) (17) (83) (2) (69 80 56) (48) (11) (96) (78) (13) (59) (89 66) (60) (45) (85 75) (25) (74) (58) (44) (73 22 68 94) (43) (24 86 90) (42) (61) (81 54) (99) (91) (46) (4) (49 100) (37) (57) (41) (36 70) (30) (79) (64) (47 29 7) (18) (14) (26) (87) (10) (27) (82) (16) (9) (34 20 1 6) (3 67 52 72) (88 71 76) (8) (63) (5) (84) (12) (98) (62) (93) (28 65 97) (40) (39) 
12 (43 4) (30 39 83) (3) (11) (76 69 58 48 51 14 29 62) (21) (10) (89) (52) (59) (98) (85 32) (49) (47) (57) (12) (38) (31) (22 17 78) (2) (95 34) (63 1) (8) (73 88 53) (90 65) (5) (66 50) (28) (55) (81) (42 79 82) (46) (68) (33) (41 54) (45 23) (18) (40 70 100) (16) (67 71) (7) (60) (26 92) (9) (75) (80) (6) (61) (93) (13) (36) (15 91) (87 35 77 86) (24) (19) (84) (99 94) (27) (96) (74) (44) (64) (20) 
13 (34) (37) (86) (12) (81) (77 10) (30) (26) (3 33 13 57) (74) (14) (6) (27) (62) (100 39 15) (91 1) (44) (45) (76 38 66) (41 55) (52) (90) (40) (29) (53) (93) (79 16) (49) (7) (2) (32) (20 25) (42) (97) (64) (51 18 72) (78 95 9 89 5) (70) (88) (31) (75 69) (65) (94 48 67 82 35) (92) (96 56) (22 84 24) (17 73 71) (28) (99 80) (43 85) (59) (50 58 68) (54) (61) (83) 
14 (47) (1) (61) (71) (56) (22) (32) (19) (69 45 42) (41) (85) (58) (62) (35) (55 97) (81) (96 46 3) (54 20) (84 51 88) (64 74) (76 93) (7) (13) (65) (21) (9) (43) (6) (100 27) (95) (4) (52) (17) (39) (67) (44) (59) (86 5 30 14 60 80) (66) (16) (34) (8) (82) (90) (79 83) (99) (92) (37 10) (77) (98) (63) (70 94) (38) (75 12) (15) (2) (31 49) (11 57) (33) (78) (48) (26 23) (91 18 29 25 50) (40 68) (36) 
15 (69 28) (96 70) (52 7 18) (5) (24) (23) (38) (89) (60) (37 51 86) (63) (91 30) (16) (36) (75) (44 46) (21 57 58) (80) (88) (8) (55 83) (45) (59) (17) (11 33) (48) (50) (78) (97 31) (92 56) (98) (39) (84) (42 76) (79 66) (6) (72) (64) (65) (43) (49) (15) (29) (90 82) (87) (2 4) (1) (61) (35 74) (93) (26) (94) (47 41) (99 34) (12) (73) (10) (20 25 85 54) (68) (53) (27) (14) (3) (22) (67) (13 100) (19) (62 95) (32 9) (71) 
16 (43) (38) (93) (72) (10) (16) (31) (45) (50) (35) (87) (33 85) (78) (47 1) (60) (98 44 12) (75) (54) (49) (62 40) (4 83) (58) (14) (9 53 97) (24) (79) (91) (65) (67) (37 81) (71 26) (76) (55) (13) (99) (86) (59 18) (19 39 89 51 30 94 5 32 29) (48) (68) (15 22 96) (66) (100 7) (11) (56) (8 23) (57) (17) (90) (21) (92) (80 74) (46) (63) (82) (88 64) (3 28 41) (69) (52 27 84 42) 
17 (80) (32 14) (99 97 34) (98 64) (47 55) (8) (10 15) (28 77 59) (71) (60) (82 51 3 61) (48) (7 65) (62) (83) (81) (36) (54 78) (22 26 63 12) (6) (76 35) (74 94 16 4) (79 50) (31) (96) (67 53 85) (37) (46) (42) (69) (66) (44) (57) (24) (72) (93) (9) (68) (5) (33) (25 1) (18 89) (73 30) (2 86) (84 75) (11) (27 52 49) (23 90) (88) (41) (17) (19) (13) (43) (29 40) (20 92) (95) (39 21) 
18 (7 56) (54) (93) (51) (38) (65) (96 49) (61) (34) (35 3) (81 40) (26) (15) (8) (33 57) (4) (60) (53) (94) (100) (21) (42 27 43) (95 20) (45) (41 30 11) (67) (47) (64 5) (50) (86) (74) (87 80) (98) (16) (17) (85) (68) (12) (88 73) (90) (10) (29) (92 13) (14) (44) (97) (48) (55 39) (78) (23) (19 66) (84) (70) (62 36) (79) (9 25) (71 58) (89) (69) (24) (28) (77) (31) (18 72 75) (99) (1) (6) (91) (37) 
19 (74) (52) (90 87 63) (67 35) (68) (70) (66) (99) (86) (44) (10) (50) (20) (77 42) (53) (89) (96 8) (71 34) (88) (49) (24) (41) (48) (25) (78 30 43 72) (95) (28 17) (51) (81) (60) (59) (73 56 23) (6) (83) (3) (33) (27) (36) (46 76) (58) (13 32 80 69 84 97 100) (16 40) (18) (19) (61 31 62) (26) (92) (47) (75) (1) (55) (4 9) (11) (7) (82) (37) (22) (85 54) (64 98 5) (79 12) (39) (21 15 45) (14) (65) 
20 (85 81 14) (10) (21) (58 43 89) (96 11) (57) (51) (87) (71) (86) (15 78) (73) (65 3) (63) (82) (25) (16) (34) (24) (77) (83) (84 31) (79) (49) (97 64) (4) (38 1) (37 59) (18 100) (47) (35 2) (70) (19) (61 66) (67) (46) (93) (94) (20) (41) (75 54 56 48) (12) (68 36 7) (60 6) (95) (27) (52 26 92 53) (50 45) (98) (91 80 8) (32 62) (28) (69) (13 74 76) (55) (90) (22) (88) (29) 
21 (58) (47 69 8) (21) (89) (92) (53) (4 98) (81) (74) (40) (52) (43) (38) (42) (67 59 94 64) (84 34 46) (100) (55) (96) (31) (11) (14) (44) (76) (97) (24 19) (54 33) (48) (29 22) (25 49) (5 28 32 30) (23) (77 78 17) (18) (15) (26) (87 1) (56) (90) (6) (60 12 13) (37 45 72) (39) (62 36) (86) (73) (82 65) (10) (91) (79) (83) (57 35) (41) (61) (2 88) (85 16 27) (20) (51) 
22 (42) (8 22) (17 47 24) (62) (69 25) (49 78 31 12) (84 41) (23) (15) (72 14) (40 71) (35) (75) (51) (87) (39 74 57) (96 28) (26) (95 10) (48) (60) (13) (50 90) (64) (38) (45) (63) (9) (37) (88) (98) (19) (59 97) (53) (5 20) (61 16) (21) (34 29) (99) (54) (4) (70) (44 52) (36) (68) (67) (94) (33) (91) (83) (46 93) (80) (43) (58) (7 18 77) (55) (85) (6) (79 32) (11 30 82) (66) (56) (76) 
23 (35) (15 41) (20) (93 19) (29) (87) (55) (91) (56) (100) (96 88) (57 51) (23) (46 27) (50) (89) (71) (39) (49) (58) (84) (60) (80) (73) (52) (79) (70) (43) (95) (2) (6 75) (9) (24) (26) (97) (11) (4 83) (90) (67) (53 38) (59 45) (44 7) (47 69 68 85 86 66) (64) (94) (77) (13) (28) (10) (16 14 48) (62) (18) (21 98) (81 1) (78) (32 5) (12) (54) (3) (40) (65) (82 17) (61 31) (33) (25) (99) (74) (30) (92) (76 36) 
24 (94) (63) (73) (11 33) (59) (92) (48) (24) (52 2) (16) (61 46) (40) (19) (50) (53) (65) (23) (30) (64) (41) (32) (43 12) (26 8) (1) (36) (14 72) (60) (29) (7) (25 74 39) (99) (51) (34) (78) (10) (28 88) (100) (66) (5 87) (18) (37) (42) (47 95) (71 56 67) (21 49) (98) (91) (84) (79 89) (4) (75) (82) (90) (20 93) (13) (35) (57 69) (3) (15) (83) (17) (9) (80 22 70 96 77 6) (44) (76) (85) (86) (81) 
25 (53) (2) (8) (94 3) (61) (58) (44) (46) (71 67) (78) (28) (9) (57) (1) (42) (95) (40) (4 10 86) (77 36 98) (69) (89) (59 29) (92) (84) (52 33) (50 81 15) (96 38 90 75 80 60) (68) (45) (27 31 74) (72 14 41) (99) (35) (23 54 55) (22) (73) (39) (26 49 25) (70) (21) (7 48 100) (17) (18) (97) (24) (85) (5 93) (16) (66 30) (76) (13 64 47) (34 88 56) (51) 
26 (68) (16) (78) (47 72 84) (2) (71) (74 27) (81) (100) (42) (3) (24) (86) (59 77) (37) (34) (18) (10 56) (65) (75) (64) (41) (87) (58 6) (53 15 8 55) (22 38 33 49 66) (90) (50 35) (30) (54) (51) (98) (48 57) (63) (4) (92) (62) (5) (85) (88 73) (70 83 89 39) (7 52) (80 36 61 67) (76) (31) (25) (69 17) (99 43) (20 29) (79) (45 19) (32) (12) (14) (96) (21) (1) (23) (11) (28) (44) (13) (40) (60) (95) 
27 (91) (43) (28) (69) (31) (72) (98) (93) (2) (74) (54 13 34) (58) (26) (18) (71) (63 47 73) (16 95) (49) (75) (88) (29 42) (57) (21) (40 37) (61) (83 56) (86) (7) (60 5) (27) (85) (53 48) (23) (36) (90) (17) (39) (10 55 79) (20) (9) (35) (92 97) (65 89 44) (6) (25 24) (12) (77 68) (3) (41) (4) (52) (70 62) (1) (14 80) (15 30 81) (50 82) (19) (84) (76 32) (64) (38) (51 59) (94 96) (67 8) 
28 (20 46) (16 33 99 21) (69) (26) (29) (52) (7) (62) (57) (35) (85 65) (32 36) (6) (23) (68) (88) (70) (60) (19 94) (10) (28 93) (92) (76) (66) (4 67 77) (96) (25) (95 81) (17 27) (31) (87 15 82 53) (78 11) (84 18) (75) (42 22) (47 14 30 3) (48) (63 24 34) (44) (1) (72) (9) (37) (50) (41) (5) (8) (38) (40) (98) (71) (74) (80 13) (59 56) (100) (12) (64) (45 51 43 61) (73) 
29 (49) (82) (62) (21) (15 4) (87 40) (50) (70 1) (69) (47) (5) (66 46) (37) (90) (92) (94) (78) (63) (86) (76) (51) (48) (64 89) (54) (6) (16) (14) (33) (26) (18 38 44) (67) (83 84 53 75 85) (95) (39) (96) (73) (57) (79) (2) (98 42) (25 65) (56) (8 9) (97) (88) (77) (36 81) (22) (93) (23 20) (43 32) (30) (80) (60 24 72 13) (7) (27) (12) (100) (3) (91) (35) (29) (71) (58) (55) (61 99 68 11 34) 
30 (98) (61 89 53) (7 43) (73 72) (13) (87 22 65 14 34) (97 24 39 48 79) (27) (32 21) (3) (47) (100) (59) (36) (57 67) (6) (62) (66 35) (99) (40 85 84) (64) (23 95 74) (42) (86) (2) (52) (41) (68) (28) (96) (77 63 16) (29 4 26) (78) (54) (10 30 37) (38 12) (15) (44 25) (94) (46 51 58 88) (49) (80) (33) (60) (50) (45) (17) (8) (18) (9) (5) (76 93) (70) (81) (20) (91) (82) (71) 
31 (59 84 64) (38) (75) (83 26) (99 35) (28) (34 6 17) (70 93) (67) (58) (43 37) (40) (41 2) (62 98) (44 4) (94) (52) (24) (82) (60 36) (29) (100) (87) (15 42) (69) (74) (49) (63) (9) (68) (48) (33) (72) (55) (20 85) (14) (7) (90) (8) (73) (27) (25 46) (10) (1) (66) (39) (32) (65) (16) (53 89) (45 19 3) (30 22 95) (96) (79) (77 13 31) (81 56) (47 97) (51) (92) (12) (86 21 71) (11) (61) (23) (78) 
32 (19) (21) (48) (44 57) (22) (97) (32) (35) (43) (78) (94) (96) (89) (60) (46) (56) (75) (13) (86) (29 100) (85) (20) (64) (14) (12) (61 23) (4) (98) (93) (55) (66) (77) (80) (9) (30 18) (42) (73) (59) (24 62) (74) (67) (63 36 91) (5) (84) (76 87 2 47) (40) (45 58) (68) (15) (49) (37) (88) (50 6 3) (11 17) (8 69) (27) (72) (82) (71) (28 25) (7) (31 53) (81 26) (65) (38) (33) (95) (39) (41) (16) (10) (34) (54 79) 
33 (25) (66) (75 89 12) (77) (14) (68) (45) (40 21) (55) (90) (59 34) (16 49) (13) (72) (94) (80) (70) (100) (83) (19) (23 26) (10 18) (42) (50) (51 67) (73 48) (7) (58) (22 35) (39) (1 91 79) (9 63) (20) (53) (8) (43 31) (44 32) (95) (76 17) (98) (62 57) (33) (30) (96) (15) (37) (65 4) (46) (93) (69 36) (87 54) (29) (74) (78) (3 27) (71) (85 84) (41) (6 52 99) (86) (92) (2) (11) (60) (28) 
34 (41) (3) (84) (9 100) (59) (5 54) (57 15) (94) (72 50 55) (85) (81) (7) (77) (86) (29) (69) (11) (91 76) (56) (80) (99 19) (82) (68 95) (52) (33) (73 40) (66 61 93) (97 65 67) (83) (96) (27) (18) (78) (79 17 25) (60) (1) (20) (63) (24) (87) (32) (30 13 34) (38) (31) (36) (64) (45) (12) (2) (8) (10) (46) (4) (42) (62 75 28) (48 70 35 43) (71) (58) (39) (37 51 22) (74) (23) (49 14) (6) (98) 
35 (54) (2) (24) (10) (53) (28) (79 71 75 95) (58) (83) (52) (76) (29) (92) (4) (30) (9) (34 64 62) (85) (31 27) (97) (68) (93 98) (20) (50 6 18) (45 80 77 39) (36) (91 15 89) (82) (23 51 78 56) (7) (70 73) (38) (96 74) (16) (57) (59) (67) (41) (84 94) (19) (46) (86) (1 90) (87) (21) (60 35) (48) (13) (11 17) (88 25) (8) (12) (99) (40) (72) (69) (55) (42) (37) (32 33 22) (26) (100) (49) 
36 (94) (62 29) (69 24) (91) (48) (11) (33) (97) (30) (21) (50) (43) (81) (76) (25 12 34 57) (40) (38) (31) (65) (20) (85 41) (74) (98) (22) (4) (87) (13) (14 61) (15) (67 100) (96) (72) (84) (54) (42 26) (45) (75) (52 59) (86) (28) (36) (51) (17 93) (35 58) (70) (18) (78) (89) (56) (23) (7) (95 9 49) (6) (88) (80) (53 37) (77) (66) (92) (16) (10) (99 27) (39) (71) (79 1) (32) (8) (90 83) (47) (46) (63) (68) (3) (19 60) (64) 
37 (45) (95) (29) (55) (87 48) (40) (91) (36 66) (78 11 18) (2 35) (20) (51) (90) (68 88) (12 54 25) (86) (53) (52) (89) (61) (37 76 75) (41) (46 59) (10) (84) (1 39 70) (82 57) (14) (3) (21) (69) (4) (32) (43) (83 19 38) (42) (28) (6) (30) (64) (92) (58) (100) (56) (50) (60 62) (16) (23) (47 71) (49) (65) (22 67) (17) (93) (77 9) (63) (15) (33 5 34) (72) (27) (79) (97 81 31 85) (26 24) (7) (8) 
38 (61) (1) (45 49) (65 30) (60) (8 5 57 85) (17) (32 93) (24) (21 43) (16 87) (10) (79 76 27) (40 67) (13) (7) (14) (9) (83) (33 80) (72) (82) (91 84) (20) (34) (68) (86) (36) (35) (18 88) (75 4 95) (51) (73) (15) (44 98) (55) (48) (64) (54) (71) (56 100) (47) (78 97 63) (81) (99) (69 41 29) (23 52) (92 62) (42) (3) (25) (22) (37 74) (90 50 46) (26) (66) (19) (2 28) (39) 
39 (52) (50) (25 9) (11) (35) (80) (41 5 96) (29 1 97 33) (59) (37) (2 67 49) (40) (42 17) (51) (87) (3 60) (100 63) (8 78) (57) (98 31 84) (85 77 93 27) (86 13) (18 19 48) (30) (26) (32 44 90) (12) (68 4 99) (83) (14 16) (89) (45) (91) (53) (62) (39 28 82) (95) (24 88) (20) (72) (23) (6) (56) (66 10 34 36) (81 75 54 70) (58) (94) (38 92) (55) (65) (71) (74) (61) (43) 
40 (57) (48 68 39 46) (58 14) (74) (70 89) (19 42) (15) (76 60) (56 73 45) (66) (100 95) (87) (98) (92) (26 63 13 79) (20) (77 81) (67) (93) (96) (24) (6) (37) (65) (83) (8) (69) (35 21) (75) (78 16) (82) (30) (40 90) (5) (10) (12) (18) (94) (49) (29) (44 33) (72 61 22 38) (80 84) (27) (41) (1) (34) (23 28) (11 32) (64) (71 17 91) (43) (4 55 59) (99 54) (3) (7) (85 31) (25 50) (47) (62) (2 53) (9) (51) (36) 
41 (52) (29) (21) (60 5 97) (71 12) (17) (53 83) (58) (8 80) (44) (68) (64) (42) (34) (61 59) (30) (46) (77) (37) (65) (35 91) (43 27) (70 75) (57 79) (36) (69) (41 56) (25) (10 74) (32 19 22) (28) (51) (81) (18) (49) (48) (3) (9) (20 88 89) (54 6) (67) (87) (4 62) (47) (94) (33 39) (78) (26) (1) (38) (100 93) (50) (82) (84) (7) (24) (99) (73) (16) (55) (85) (14) (72) (45) (63) (23 40) 
42 (1) (63 41) (6) (18) (9 23) (60) (64) (91) (10 68 24) (5) (36 83) (96 27 17 73 44) (89) (31) (70) (46) (87) (19) (66) (51 22 71) (30) (7) (47) (56 12) (29) (90) (52) (54 99) (85) (50) (77) (55 58) (61) (97) (2 75) (21) (35) (59) (20) (33) (8) (26) (45) (69 3) (13 11 42) (14 98 15) (32 92) (100) (28) (88) (38) (76 53) (72) (67 86) (57) (94) (37) (84 16 48) (79) (4) (25 49 78) (34 80) (43) (39) (40 65) 
43 (3) (54) (60) (14) (78 79 10) (92 16) (12) (40 55) (36) (5) (80) (4) (18) (93) (53 56 100) (59 52 98) (81) (85) (70 83 41 42 21 88) (8) (91 13 74) (72) (37) (27) (99) (15) (11) (69) (65) (96 30 23 34) (62) (47 46) (68) (29 45 48) (58) (17 95) (71) (32 6) (33) (1) (39) (64) (57) (19) (63 25 26 89 97) (94) (73) (28) (2 22 7) (66) (76) (44 75) (87) (82) (9 51) (90) (84) (50 24) (86 49) (31) 
44 (15) (60 79 61) (43 92) (47 17 7) (64) (37 81) (56 23) (5) (57) (91) (77) (71) (97 39 74 80) (85) (86) (93 98) (14) (54) (69) (82) (53) (2) (72 75) (32) (73) (34) (21 83) (76) (6 26) (68 88 25) (11) (42) (70) (4) (49) (67 1) (16) (87) (24) (3) (100) (20) (65) (78) (66 96) (45) (10 38) (44) (95) (9 28 99) (46) (52 55) (90) (94) (12) (33 41 36 29) (8) (22) (35 13) (59) (63) (27 58) (62) (84) 
45 (53 36) (87) (67) (13) (49 26) (59) (58) (61) (35) (48 15) (65 56) (77) (17) (86 90) (5 20) (40) (75) (60) (96 64 97 92 46) (57) (23 84) (32) (10) (18) (42) (95 71) (6) (51) (29) (43) (83) (91) (1) (89) (62) (50) (78) (33) (34) (99) (66 8) (69) (81) (9) (25) (52) (44) (54) (80) (2 88 30) (63) (55) (3) (14 45) (94 7) (4 22 19) (39) (73 41) (76) (79) (31) (93) (74) (27) (12 85) (68 98) (37) (11) (82) 
46 (88 16) (17 35 3 10 2) (72) (46) (73 93) (78) (97 49) (13) (1) (36) (27) (92) (30 47 62 86) (59) (37) (87) (56) (51) (100) (66) (60) (61) (76) (4 41) (23) (85 79 71) (53) (33) (57) (20) (98 82) (18) (8) (83 15) (67) (31) (38) (25 6) (48) (9 58) (64) (65) (42) (5) (21) (11 77) (74 80) (43) (45 84) (99) (81) (40 70) (14) (52) (68) (29 54) (91) (90) (96 32 50) (28) (22) (89) (12) (34 75) (63) (44 24) (94) 
47 (73 99) (31) (32) (84 69) (59) (92) (42) (26) (30 16) (97 86 56) (72) (34) (66) (33 57) (68) (70) (82 85 64) (36) (10) (87) (14 28) (37) (79) (12 25) (21) (43) (29) (9 6) (22 93) (39) (94 49) (38) (46 48) (98) (90) (8 65) (55 77) (23) (61) (15) (13) (89 45) (35) (44) (71) (96 11) (17) (52) (40 67) (53) (51) (95) (19) (4) (7) (81) (80) (74 58 88) (1 5) (76) (78) (27) (83 18) (62) (50 54) 
48 (21 93 53) (61 77 69) (29 24 47) (26) (63) (54) (96) (45) (25) (32) (66) (60 73) (37 55) (97) (91) (71 75) (46) (52) (15) (42 49) (51 16 14 56 18) (80 85) (44) (19) (50) (74) (98 10 38 59) (82) (12) (1) (5 70) (4) (48) (31) (58) (65 87) (34) (11) (39) (2) (78) (3) (94) (20) (68) (41) (36) (35) (17 30 67 64) (76 9) (57 28) (92) (13) (89) (33) (100) (72) (99 86) (8) (81) (40 22) (79) (7) (83 90) (43) 
49 (13 24) (42) (34) (50) (53 87) (57) (20) (4 67 79) (27) (41 86 16 35) (25) (7) (98) (44) (93) (49) (97) (11 95) (18) (83) (72) (9 31) (58) (82) (100) (30) (76) (37 22) (64) (78) (91) (29) (75) (68 56) (36 89) (26) (69) (47) (63) (33) (1) (70) (10 38) (43 23) (62) (51) (66 99 19) (71 32) (60 65) (39) (8) (88 96) (45) (21 5) (81) (15) (12) (94) (52) (2) (48 28) (14) (85) (73) (3 61) (77) (40) (80 54) (90) 
50 (73) (42) (65 21) (39) (82) (6 32) (38) (92 50) (79 25 10 64) (8 9) (56) (76) (4) (89) (55 36 44 52) (35 49) (100) (94 16) (53) (58 30 74) (85) (86 84 1 14) (57) (45) (2) (37 90 62) (80) (68 81) (91 46) (18 75) (60 78 43) (48) (67) (54) (87 72) (93) (5 61) (27) (98) (40) (70) (34) (23) (20) (69) (99 15) (63) (59 29) (33) (83) (17) (7 24) (26) (66) 
51 (2) (30 69) (48) (79) (38) (8) (4 14) (93) (97) (87) (26) (96 89) (100) (24) (82 71) (83) (54) (34) (86 9 28) (43 67 59) (23) (66 36) (56) (6) (85) (52) (99) (81) (32) (5 50 75) (45) (58) (1) (40) (20) (61) (13) (94 37) (53) (51 46) (88) (42) (21) (72) (18) (12) (11 74) (78) (90) (33) (70) (7) (60) (80) (76) (22) (16) (19) (62 10) (27) (35) (95) (73) (65 64) (41) (25) (91) (63) (47 44 68) (98) (77) (17 3) (92) 
52 (21) (11) (67 3) (100) (69) (30 80) (78) (26) (25 59) (15) (39) (64 16 63 84 91 46 2) (13 43) (99 8) (40) (83) (55 81) (35) (60) (20 66) (9 62 74) (23 50 47) (32) (79) (98) (31) (70) (76) (33 68) (73 18 54) (77 90) (12) (93) (1) (86) (14) (65) (19) (53) (34) (22) (36) (27) (44) (5) (92) (6 10) (95) (87) (72) (71) (88 58) (17) (4) (37 94 42) (89) (97) (96) (52 75) (41) (24) 
53 (74) (56 40 62 79 93) (9) (65) (17) (22) (72) (92) (73 44) (24 97) (34 41 88 67) (64) (81 5) (10) (31) (75) (60) (4 50 61 36) (66) (32) (43 15) (26) (2) (29) (82 52) (3) (14) (42) (57) (28 33) (91) (63) (18) (96) (77) (12) (83 49) (95) (100) (68 23) (76) (71) (85) (90) (6 80) (54 27) (8) (86) (59) (87 20 47 99) (48) (53 89) (13) (7) (38) (69) (16) (70 78 84) (98) (37 39) (25) (35) (58) (94) (11) (55) 
54 (43 56) (57) (7 69 41 67) (63) (49) (45 76) (79) (53) (50 23) (19) (8) (35) (31) (20 25) (46) (34) (83 36) (93) (72) (99 16 11 47) (14) (64) (73) (91) (81) (88) (95 78) (44 55) (4) (90) (26) (40 32) (85) (71) (77) (3) (17 75 97) (92) (87 39) (94) (38) (100) (5) (28) (12) (66) (74 13) (54 21) (27 9) (84 62) (70 18) (2) (86) (89) (68) (82) (33 6) (48) (42 15) (24) (30) (22 96) (80) 
55 (70) (67) (54 7 17) (18) (61) (59 85) (86) (2) (24 27) (63) (25) (77 56) (32 49) (81) (79 95) (74) (21) (8) (6 62) (16) (11) (100) (40) (26) (43) (4) (28) (76) (71 83) (87) (38) (9 78) (53) (89) (48) (15) (50) (82) (33 10) (42) (66) (93) (92) (64) (51 46) (13 1 65 88) (96) (41 35) (14) (94) (91) (84) (99) (75) (72) (90) (73) (57) (30 3 47) (37 58 20) (19) (98) (60 55) (23 22) (52) (44 5) (29) 
56 (29) (2) (52) (54 8 12) (59) (33) (15 55 5) (24) (34 46 49) (40) (37) (36) (30) (26) (89 23 14 60 28) (98) (25) (41) (43 39) (13) (16 84) (62 31) (47) (99 75 70 32 63) (4 45) (68) (9) (57) (65) (71) (61 35) (22) (77 38 20 87) (79 66) (73) (48) (80) (82) (42) (93) (83 69 21) (94 18) (96) (76) (85 51) (81) (100 7 95) (10) (90) (17) (72) (1 50) (88 27) (6) (44) (74 56) (78 53) (11) 
57 (56) (52 18) (98) (60) (58) (38 49) (12) (15 1) (99) (34) (21) (24) (30) (19) (35) (67) (5) (78 4) (37 9) (16) (89 48) (45 57) (36) (65) (29) (71 3) (62 86) (6) (83 22) (32 27) (17) (50) (87) (100 76) (68) (91) (31) (74) (61) (97 92) (40) (96) (13 77 39) (44) (23) (51 41) (8 20 10 70) (64 90) (72) (25) (33) (95) (79) (66 84) (43) (69) (63) (59) (53 81) (80) (93) (28 47) (82 85 46 14) (26 42) 
58 (44 25) (94) (97) (4) (88) (19 62) (30) (90) (16 39) (83 91) (27) (71) (10 68) (24 82) (28) (55) (84) (77 63) (42 60) (72) (65) (69) (8 86 74) (58) (15 43) (20 26 22) (33) (87) (45 76 89 96 52) (70) (17) (95) (29) (59) (49) (21 37) (7 51) (64) (98 23 53 48) (80 11 6) (46) (73) (81) (47) (50 54) (75 1) (5) (79) (100) (9 78) (57) (67) (31) (35) (56) (38) (14) (99 85) (3) (36) (40) (93) (41) 
59 (79) (41 20 5) (87) (64 47) (4 90) (31 42) (44) (66) (38 63 82) (98) (89 46) (24) (76) (39) (48) (22) (85) (26) (29) (69) (1) (92) (65 77) (43) (19) (10 27) (68) (56) (97) (59) (15) (3) (71) (54) (45) (83) (30 23) (37) (49) (32 51 17) (55 16) (28) (25) (73) (78 7) (57) (61 60) (100) (67) (86) (33) (35) (95) (52) (80 88) (8 74 72 53 81) (11 6) (14) (70) (93) (91) (2) (12 94) 
60 (4) (6) (56 78 31 54) (95) (52 96 19 62) (69) (73) (8) (61) (37) (30) (7) (64 5) (58) (85 26 75 18 76) (74 35 25) (79) (53 99) (86) (46 43) (39) (48) (17) (72) (49) (90) (47 13) (94 9) (11) (65) (100 55 36 84) (1) (83) (42) (50 29 60) (27) (87) (98) (89) (77) (40) (38) (59) (28) (16) (32 2) (67) (80 24 22) (23) (63 14) (12) (82) (70) (20) (51) (3) (15) (57) (10 34) (33) (44) (93) (68) (71 45) (81) (21) 
61 (70) (8) (91) (14) (86) (25) (3 24) (36) (83 90 79) (22) (39) (68 15 87) (69) (33 30 62) (45) (38) (27) (82) (93 46) (64) (78 7) (37) (5) (55 21) (1) (94) (99) (58) (47) (48) (44) (80) (95 76 13) (20 100) (88) (92) (89 6) (65 26 23) (28) (74) (34) (67) (31) (49) (63) (75) (52) (97) (4) (50) (18) (66 19) (53) (57 81) (9) (85 35 12 71 2) (61 59) (60) (77 98 43) (96) (73) (32) 
62 (51 42) (20) (64 81 40) (87) (21) (55) (1 65) (12) (66) (14) (56 17 86) (71 50 92 2) (54 34 98) (15) (26 28 27 96 80) (88) (49) (10) (99) (5) (19 90 18) (84) (16) (77 97) (24) (58 62 59) (38) (30) (7) (48 32) (68) (82 60) (61) (11 35) (91 79 95) (25) (13 67 70) (89) (46) (93) (57 75) (29) (63) (78) (100) (44 37) (73) (53 76 6 31) (74) (4) (3) (23) (36 41 72) 
63 (69 90) (66 53 100) (70 51 45) (78) (23) (94) (34 58) (60 61 15) (63) (87 36 79) (55) (96 86) (1 44) (98) (40 6) (48 65 4) (2 42 14 71 49) (29) (24) (95 37) (3) (20) (7) (75) (17 18 41 52) (68) (31) (73 26 22) (76 27) (35 39) (99) (19) (10 85 93 30) (32 84) (89) (72) (77) (54) (62 47) (50 59 11) (12) (5) (83) (43 9) (25) (13) (97 57) (16) (82 88 64) (8) (28) (91) (74 46) (81) (21) (92) (67) (80) 
64 (81) (92 54 60) (49) (48) (71) (5) (20) (27 50) (72) (89) (12) (8) (67) (79) (83 99) (56) (95) (57 84) (36 29) (39) (70 32 21) (64) (100) (68) (85) (98) (3) (91 28) (74) (78) (44) (38 77) (69 16 19) (58) (86 61) (13) (59) (93) (17) (62 24) (43) (10) (53 96 80 90) (7) (55) (46 40) (88) (9) (76 82) (6 23) (37) (25) (31) (18) (52) (45) (30) (73 87) (2) (97) (22) (41) (1) (65) (51 26) (42) (33) 
65 (56) (21 58) (23 67 61) (15) (38) (43) (20) (44 100 48) (12) (27) (10) (42) (26) (74 49) (24 83) (2) (34 40 57 50) (3) (62) (79 19) (90) (98) (82) (86) (60) (96) (5) (64) (87) (66) (33 91) (76) (65 84 63) (4) (77) (53) (52) (45) (59) (30) (1) (9) (7) (31) (18 37) (88) (11) (36) (25 95 70) (39) (47) (13) (80) (92 8) (97) (16) (93) (69) (75 99) (35) (29 22) (85) (89 72 55 46) (14 81 32) (51) 
66 (20 1 54 39) (9) (11) (85) (14) (22 24) (51) (13 37) (89) (97) (2) (8 10) (67 33) (55) (81) (76) (63) (77) (59 99) (69) (87) (32) (38) (40) (78) (64 72) (93 80 84) (6) (42) (100) (45) (25) (62) (36) (74 52) (4) (49 48) (86 34) (60) (53) (61) (18) (98 17 15 19 47) (83) (26) (88 12) (44 79) (71) (35) (70) (65) (94 27) (50) (3) (95) (96) (7) (66) (30) (73) (28 43) (75) (90) (92 58) (41 56) 
67 (75) (74) (24) (92) (84) (83) (21) (85) (88) (63) (93) (18) (59 81) (91) (90) (16) (36) (31) (1 7 22) (37 66) (70 76 44) (62) (94) (72) (96 3) (58 6 54) (2) (89) (64) (55 97) (4 29) (95) (28) (33 27) (34) (30) (56) (78) (45 41) (86) (46) (15) (9) (52 13) (43) (79) (71) (17) (77) (99) (12) (39) (8) (38 57) (69) (100) (61) (73) (67) (11 49) (53) (48 60) (80) (19) (47 51) (35 26) (20) (65 50) (14) (82) (32) (68) (98) (23) 
68 (67) (44 66 37) (69) (92) (53) (19) (27) (9) (15) (46) (59) (51) (62) (77) (76) (61 91 97) (26) (96) (3) (84) (23 71) (54) (39) (74) (49) (52) (57 38) (81 89) (98) (30) (63 82) (88) (25) (14) (79) (93 16) (60) (34) (29) (33) (56 40) (32) (50) (80) (21) (68) (55) (87) (2) (47) (13) (8 5 18) (12) (10) (41) (20 36) (73) (22 6) (83) (95) (7) (90 75) (35 31 70) (100) (42) (4) (11 48) (72) (45 17) (64 1 94 85) (24) (78 58) (28) (65) 
69 (21) (40 35) (28) (1 16) (69) (77) (44) (73) (20) (54) (65 68 82) (88 45) (70) (46) (7) (13) (36 57 76) (2 71) (99) (8) (29 60) (24) (66) (14) (34) (91) (80) (62) (12) (11) (26) (58) (90) (86) (52) (81 17) (9) (64) (15 95) (4) (5) (47) (38 32 98) (84 6) (55) (67 96 22) (39) (74) (97) (41) (51) (89) (27) (18) (37 61) (48) (19) (59) (92) (49 25 87) (72) (78) (79) (63) (94) (53) 
70 (83) (65 94) (23) (98) (59 18) (63 76 20) (92) (11) (91) (70) (55 24) (28) (10) (57) (62) (69) (2) (99) (86) (56) (100) (6) (4) (42) (14) (38) (34 54) (43 53) (25 17) (64 31) (47) (97 46 79) (81) (12) (3 8 13) (33 67 80) (30) (72) (74) (51) (82) (66 39) (89) (19) (71 16) (40) (49) (85) (36) (75 1) (95) (15 68) (88 84) (48 90 50 32) (93) (9) (60) (73) (41 44) (37) (58) (22) (61 26 96) 
71 (28) (71) (57) (9) (25) (24) (23) (45) (67) (37 13 89 51) (33 58) (64) (34 29) (79) (94) (80 50) (93 39 30) (17) (18 47) (8) (5 52) (98) (83 85) (87 26) (7 48) (35) (82) (20 53) (3) (12) (78) (56) (61) (15 1) (32 54) (31) (91 2) (6) (40 14) (43) (19) (88) (99 11) (59) (86) (75 42 77 97) (81) (73 72 49) (27) (66) (70) (100) (96) (84) (44) (21 41) (90) (38) (74) (62) (22) 
72 (1 2) (93 72) (69 55) (61) (4 24) (92) (82) (95 76) (38 53 22 29) (11) (8) (90) (7) (43) (52 36) (35) (63) (32 10) (62) (26) (97) (94) (88 44) (16) (77) (25) (59) (15) (66) (74 20 37) (31) (30 47) (34 86) (5 68) (13 64 91) (54) (50) (98) (96) (70) (27 83) (19) (87) (14) (79 80) (17 65) (41 18) (23 58) (46 100) (85) (57) (81) (42) (71 39) (12) (75 51) (73) 
73 (26) (81) (93) (2) (11) (100) (16) (32 41) (13) (6) (68) (91) (9) (88 44) (5) (18) (79 20) (64 46) (37 87) (97) (1) (15) (34 74) (54) (24) (7) (59 80) (82) (71) (76) (66) (39) (99) (27 4) (65) (77) (30) (62) (78) (52) (75) (92 95) (22 23 57) (61) (35) (33 60) (43) (10) (90 36 51) (25 89) (50) (56 31) (98) (17) (28) (58) (3) (38 84) (55) (72) (14) (40) (19 49) (67) (29) (70 21) (83) (12) 
74 (26) (83) (28) (20) (74) (2 31) (59 19) (36 91) (77) (46 39) (73 10) (49 56) (4) (50) (85) (58) (23 60 14) (37) (78) (76) (99) (40) (70) (88) (92) (6) (34) (69) (27) (1) (68 54) (81 89) (64) (87) (84 67) (18) (51) (90) (80) (30) (16) (96) (22 35 55) (13) (38 52 44) (21 43) (61) (29 42) (94) (17 95) (12 72) (62 63) (32) (75) (97) (47 5) (98) (57) (82) (9) (25) (15 71) (53) (33) (86) (45) 
75 (70 33) (19) (35 52) (31 20 8 89) (13 94 5 71) (92 45 74) (24) (78) (6 21 86) (46 57 58) (42 43 82 60) (37) (91) (88) (75) (53 22) (38) (40) (62) (49) (9 84) (30) (2) (39) (90) (87) (65) (69) (73) (54) (51 36 61) (44 15) (1 29) (41) (26) (12) (79) (83) (56 23) (27) (59) (47 96) (85) (81 77) (14 98) (11) (3) (18) (66) (4) (28) (95) (100) (48 93) (64) (10) (97) (76) (68) (25) (32 72) (55) (80) 
76 (71) (8) (46) (99) (74) (27) (53) (20) (41) (10 68 4) (2 90 3) (48) (28) (87) (54) (5) (65 79) (85) (23) (44) (6) (37 30 24) (15 78 18) (16) (98) (13) (29 75) (88 72 62) (96) (97 92) (50 77 61) (34 69) (66) (32 47 33) (70) (93 51 58) (86 9) (94) (81) (55) (45) (49) (14) (38) (60) (63) (1) (59) (80) (100) (52) (40) (31) (11 19) (22 42) (89 83) (76 17 84) (12) (39) (25) (57) (64) (43) (36) (95) 
77 (60 31) (44) (97) (65 40 74) (77) (61 68) (70) (92) (33 93 50 10) (67) (32) (9 48 62) (69) (87 53) (11 86) (16 57 23) (18) (21) (35 26) (27) (28) (4) (96 36) (25) (14) (78) (84) (30) (75 95) (82) (72) (20 7 81) (17 15) (64) (66 41) (85 37) (76) (38) (8) (1) (100) (5) (99) (79) (89 58) (88 91) (12 45) (49 39) (47) (63) (13) (59 90 55 34) (22) (52 71) (43) (42 24 80) (73) (51) (3) (56) (94) 
78 (47 91 92 1 68) (59) (79 19 87) (24) (36) (16 76) (50) (82) (13) (77 85 8 12) (4) (7 44) (10) (90) (31) (64) (67 11) (43) (37) (34 100) (40 81 3) (98) (38) (39) (72 65) (57) (84 25) (93) (2) (99) (62) (23 18 56) (6) (89 55) (21) (29) (46) (97 74 83) (5) (20) (42) (61) (75 45) (9) (63) (80 96) (52 15) (88 51) (86) (30) (73) (58 27) (69 14) (54) (78) (17) (49) (95) (32) (28) (35) (22) (94) (60) (33) (48) 
79 (9) (46) (88) (64) (54) (51) (68) (30) (49 85 22 41 13) (86) (76) (97) (100) (20) (75) (94) (2) (43 80) (8) (7 29) (48) (33) (10) (27) (63) (18) (34) (53 66) (72) (79) (39 59) (67) (93) (84) (44) (81) (21) (90) (61) (45) (31 17) (35) (25) (77 57) (42) (12) (47) (28 62) (36 3 89) (4 69) (98) (56 24) (19) (40 15) (70) (95) (87 38) (65) (74 58) (99) (6) (1) (83) (52 23 50) (55 82 91) (78) (71) (60) 
80 (92) (97) (63) (68) (62 42 44) (16 20 2) (94) (100 77) (86) (45) (52) (29 23) (4) (13) (11 5 1) (35) (48) (37) (87 85) (39) (71) (78) (59 43 58) (41 96) (38 8) (40) (80) (28) (82 18 60) (56 65) (31) (84) (15 10 3 64 75) (26) (53) (9) (14 47 88 98) (27) (89 32) (67) (17) (66) (19) (79) (50) (24 93) (81) (30 74 36 46) (34) (21) (6 72) (12) (33 57 83) (51) (91 76 54 70) (49) (61) (99) 
81 (24 40 68 93) (69) (96) (39) (94 86) (52) (98) (95) (44) (74) (4 1) (64) (47) (50) (49) (11) (100) (99 79) (28 21 89) (29 58) (80 65) (90) (42 18) (13) (7) (60) (36 63) (81 27) (76) (85 54) (26) (22) (20) (33) (8) (59 66) (43) (34) (67) (84) (23 92) (30) (48) (37) (88) (3) (56) (35) (91) (5 55) (73) (14) (75) (97) (83 32) (17 15) (77) (72 31 6) (87) (19) (12) (53) (41 70) (62) (38) 
82 (53) (84) (74 91) (57) (81 73) (63 21 70 44) (92) (95) (83) (16 99) (30) (9) (94) (78 11) (45) (88 18 17 28) (77) (13) (41 75 34 49) (43) (61) (86) (79) (90) (85) (31) (39) (97) (7 96) (82) (35) (24) (52 8) (80 15) (64) (38) (54) (76 12) (5 3) (40) (25) (2) (36) (19) (100) (67) (87) (6) (55) (47 26 14) (48) (56) (69 23) (29) (50) (22) (46) (89) (37) (27) (51) (10 72) (60) (93 71 4) (66) (1) 
83 (73) (76) (26 31) (54) (37 65) (85) (53) (86) (14) (87) (42) (20 62) (84) (49) (50 68) (93 41 75 45) (35) (16) (28) (48) (18 10) (100) (55 56 51 24 21) (66) (23 9) (36) (8) (69 81) (40) (83) (17) (89) (52) (43) (57) (33) (71) (38) (96 15) (34 46) (3) (44 94) (63) (25) (95) (30) (90) (4) (2) (74) (99 32) (82) (91) (6) (77) (59 79 78 5) (7) (47) (60) (39 72) (70) (92) (80) (97) (1 12 19) (88) (64) (61) (22) (58) 
84 (89) (57) (56) (49) (17) (21) (96) (85) (94) (20) (43) (37) (31 64) (75) (72) (88) (32) (10) (63) (87) (73) (77) (84 30 25 98) (97) (71) (99) (46 81) (35 55) (61 29) (6) (28 82 7) (51) (24) (4) (93) (3) (68 34) (40) (95) (70 83) (69) (39) (47 1) (38 65 80) (33) (60 23 26 91) (16) (50) (62) (92) (86) (41) (54 59) (53) (78 5) (58 27 18) (44) (22 2) (8) (45) (100) (42) (90) (76) (9 74) (52 66) (48) 
85 (37) (62) (86) (54 99) (50) (64) (17 39 29) (27) (36) (96) (82) (11) (28) (93) (19) (4) (85) (9) (25 41) (95) (70 40 74 33) (18) (13) (72) (45) (43) (61) (32) (44) (16) (77 53) (52) (26) (68 51 23) (46) (38) (3) (56 14) (87 2 98 59) (20 84) (63 55 15) (100) (58) (65) (34 57) (76 69) (60) (81) (80) (90) (8) (73) (5) (31 75) (83) (35) (49) (78 89) (6) (66 47) (94) (21) (71) (91) (12) (10) 
86 (1 55 85) (48) (12 13) (23 74) (92) (37) (72 93) (18) (82) (22) (9) (40) (10 56 95 39) (44 15 7) (16) (11 69) (99 86) (5 89) (50) (80) (26 96) (90) (64) (32 75 73) (38) (49) (81) (65) (2) (25) (63) (78 27 42) (100) (30) (35) (21 77) (4 52) (67) (46 61) (88) (36 76) (17 91) (70) (51) (6) (14) (83 53) (66) (3) (43 59) (97) (57) (98) (79) (28) 
87 (3) (81 86) (2) (4) (43 69) (59 65) (67) (5) (77) (38) (41) (20) (85 90 15 37 13) (23) (99 42) (40 51) (97 1 31 84) (6) (91) (27 18) (93 80 33) (58) (75) (64) (95) (73) (29) (49) (57) (24) (10) (9) (76) (66 55 8 35) (94) (87 32) (7) (16) (83) (30) (60) (53 50) (46) (88) (25 96) (48 28) (34) (17) (47) (56) (12) (71) (79 78) (39 98) (52) (45 22) (82) (21) (63) (72) (62) (68) (89) (61) (19 92) (74) (14) (44 11 26) 
88 (72) (45) (94) (66 25) (23 29 83) (89) (16) (31) (71) (24) (81) (2) (63) (75 59) (18) (80) (68) (74 4) (78) (26) (97) (43) (88) (30 44 79) (47 40) (54 86 95) (51) (20 69) (22) (56) (36) (64 100) (15) (67) (35) (70) (84 42 34) (96) (92 48) (6) (93) (10) (7 98 17) (62 76) (53 8 27) (99) (87 39) (13) (85) (5) (50) (73) (77 57 46) (58) (91) (61) (3) (12) (14) (82) (49) (28) (33 37) 
89 (88) (86) (7 34) (94 3 31) (22) (16) (43 39) (98) (17) (21) (89) (47) (66) (46 6) (78) (100) (85) (19) (5) (99) (30 55) (29 59) (8 45 97) (69) (96 26) (95) (37 61) (32) (4 92) (75 76) (13 60 80 87) (42) (67) (49 71 72) (27) (18 12 83) (11) (51) (1) (90) (77) (20) (38) (24) (62) (54) (10 79 48 91) (44) (81) (40) (56) (35) (50 74) (52) (64 93) (53) (2 65) (82) (28 9) (70 63) (14 33) 
90 (66 35 19) (30) (100) (76) (22) (25 65) (78 46) (32) (96) (89) (12 63) (3 71 72) (91) (41) (56) (37 94) (84) (92) (24 53) (5) (69) (81 33 77) (42) (95) (48 87) (45) (99) (13) (74) (27) (64) (62 49) (57) (4 51) (88 2 20) (52 70) (83) (59) (28) (47) (17) (43) (75) (38) (97 23 73) (60) (36) (55) (68) (8) (29) (86 9) (15 39) (61) (58) (1) (85) (31) (82 26) (14) (11) (50) (80) (34) (10) 
91 (37) (11) (2) (66 4) (76) (26) (31 39) (52) (60) (19) (78) (44) (87) (27) (92) (65 25) (71 14) (46) (57) (45) (10 18) (51 69) (77 50) (3) (34) (33) (83) (36 53) (74) (38) (29) (22) (97 59) (40) (6) (43) (80 1) (100) (96) (56) (24) (88) (41) (68) (94) (63 90 91 67) (89) (9 12 54) (8) (61 13) (42) (70 62) (64) (98) (5 84) (93) (32) (17 95) (81) (82) (7) (72 15) (35) (21) (86) (28 79) (75 48 23 47 55 99 58) (49) (85) 
92 (71) (58) (51) (6 75) (68) (40 42 57 56) (76) (12) (54) (88 37) (16) (4) (39) (100) (72) (17) (66) (59 1) (98) (44) (38) (22) (90 82) (93) (31) (8) (41 24) (52 7) (97) (86) (20) (14) (62) (96) (53 11) (29 60) (48) (30) (33) (77) (46) (84) (45 9) (26) (79) (85) (87) (67) (35) (21) (78 27) (32) (74 2) (18) (80 70) (99) (3) (91) (83) (15) (36) (61) (43) (13) (63) (28) (89) (94) (47 73) (10) (49) (34 95) (23) 
93 (81) (74) (73) (98 21 20) (48 68) (18 55) (77 51) (90) (31) (16) (57) (28) (2) (60) (7 47) (45) (12) (8) (39 44) (43 82) (99) (75) (25) (72 92 3) (22) (76) (59) (71) (96) (34) (23) (13) (95) (86) (30) (91) (64) (10) (29) (50) (100 69) (63) (79 80) (37) (65 58) (9 40) (42 1) (15) (4 24) (78 52) (19) (11 83) (14) (93 84) (54) (36) (27) (49) (97) (33) (46) (6 35 67 87) (70) (41) (53) (62) (89) (94) 
94 (76) (49 24) (50) (25) (30) (90) (48) (40) (60) (57 17) (6) (91) (47 8) (100 33) (37) (19) (52) (95) (59) (20) (73 21) (27 68) (89) (43) (10 28) (55) (13) (61) (45 96) (58) (23) (51 22 35 32 97) (82) (94) (62) (15) (1) (16) (2) (77 56) (39) (41) (42 34) (88) (53) (63) (54) (75) (18) (71) (29) (79 46 26 4 31 38) (86) (12 66) (5) (87 69) (74) (65) (3) (67) (80) (9) (11) (64) (81) (92) (36) (44) (93) 
95 (2) (11 89 41) (93) (64) (35) (10) (68) (12) (57 49) (18 47) (7) (76 25) (9) (28) (52) (67 26) (70) (40 99) (54 100) (8) (44) (21) (36) (27 51) (75) (33 22 38 97) (43) (46 90) (56) (98) (86) (65 60 82 80) (31 78 6) (91) (39 96) (1 55) (20) (45 95 16 15) (29) (4) (48 5 79) (13) (63 19) (88) (71) (77 50) (72) (69) (62) (34) (73 84) (24) (42 74 87) (94) (66) (61) (58) (32) (92) (59) (14) (83) 
96 (74 4) (87) (68) (53) (88) (51) (85 20) (72) (58 31) (21) (12 8 40) (55) (37) (30) (76) (1) (11) (39 64) (98) (93) (94 54) (25) (89) (9 28) (61) (75 71) (29 57) (63 100) (13) (10) (81) (6) (42) (80) (32) (83 66 90) (73) (44) (26) (70) (77) (50) (65) (2) (91) (16) (34 69 7 92) (52) (27) (86 14) (97) (23) (24 99) (56 17) (35) (59) (60) (82) (62 79) (46) (36) (19) (47 33) (96) (22 49) (45) 
97 (54) (69) (53) (82) (9 85 27) (34) (8 32) (26) (39 98) (81) (33) (68 87) (84 91) (13) (99) (56) (44 76) (75 72) (11) (45 23) (94) (30 95 5 58 28) (16) (59) (73) (79) (31) (65 49 48) (4) (51) (24 6 77) (12) (25) (93) (70) (18) (35) (64) (67) (57) (50) (88) (66) (90 19 60) (40) (20 71) (92) (55) (78 14 38 83 3) (63) (1) (74) (7) (96) (22 15) (21 89) (100) (10 46 36) 
98 (67) (78) (23) (51) (2) (90 14) (92 98) (84 28 26 72) (12 77) (70) (3 21) (7) (64) (82) (35) (25) (19 41) (81) (17) (27) (30 52 37) (36 96) (69) (95) (18) (46) (5 85) (8) (74) (63 34 87) (49) (4 33) (83 9 61) (10) (65 99 42) (40 50) (79) (59) (86 32 6) (89) (24) (43) (53 16) (31 80) (44) (13 11 55) (38 76) (97 94 73) (58 93) (100) (91 66) (60) (68) (75) (29) (45) (20) (57) (56 54) 
99 (89 11) (50) (40) (19) (75) (60) (72 70) (30 7) (100 14) (37) (43 47) (63 57) (55 71 5) (46 61) (17 22 79 2) (27) (88) (10) (13) (94) (64 95 86) (38) (83) (51) (49) (84) (45 42) (31) (90) (82) (80) (97 1) (28) (52 12) (44) (29) (25) (65) (77) (36) (73) (66 3) (39) (74 62 98) (8 69) (67) (23 56) (53) (26) (21 85 6) (20 18) (59) (91) (96) (15) (34) (33 54 81) (68) 
100 (46 48) (77 22 47) (83 75) (43) (85) (79 68) (72) (49) (84) (70 44 38 54) (51 88 9 57) (11) (18 39 95 86) (28) (93) (59) (52 32) (14) (91) (82 81) (35) (21) (60) (76) (20) (73) (40) (26 15 27) (8) (98 6) (4 89) (100) (99 29 7) (5 94) (69) (19) (90) (97) (87) (37 36) (31) (53) (24) (34) (25) (33) (13) (1) (42) (50) (10) (92) (2) (41 74) (16) (71) (66) (45) (67 55) (12) (61) (78) (58) 
1 (45) (62) (58) (100) (73) (33) (55) (49) (26) (57) (80) (75) (51) (18) (9) (96) (90) (12) (1) (71) (6) (39) (94) (15) (64) (47) (81) (27) (48) (74) (44) (70) (8) (34) (16) (41) (29) (68) (46) (93) (31) (21) (19) (17) (67) (35) (24) (11) (92) (28) (38) (59) (14) (56) (42) (3) (77) (78) (84) (69) (99) (61) (23) (95) (10) (43) (5 91) (52) (86) (76 20) (7) (36) (60) (13) (65) (82) (79 89) (25) (87 97 66) (4 50 72) (40) (63) (37 83) 
2 (25) (9) (91) (80) (15) (52) (26) (24) (67) (73) (21) (96) (53) (40) (17) (50) (49) (51) (48) (64) (84) (75) (86) (98) (44) (59) (61) (87) (79) (6) (94) (72) (31) (5) (34) (7) (70) (83) (20) (92) (66) (29) (89) (63) (46) (4) (2) (65) (55) (78) (8) (35) (1) (85) (60) (32) (62) (100) (71) (82) (30) (95) (54) (56) (43) (3) (74) (42) (23) (93) (45) (37) (68) (11) (76) (90) (13) (10) (33) (12) (88) (14) (39 38) (69) (99) (27) 
3 (80) (97) (25) (33) (54) (67) (52) (61) (6) (24) (14) (9) (55) (43) (8) (59) (89) (42) (91) (36) (45) (73) (28) (48) (77) (93) (62) (11) (82) (71) (51) (68) (49) (81) (12) (57) (39) (31) (40) (1) (87) (29) (37) (85) (92) (64) (4) (19) (83) (66) (98) (78) (75) (23) (63) (44) (34) (5) (16) (26) (84) (30) (15) (65) (53) (46) (27) (2) (13) (86) (88) (17) (18) (58) (90) (99) (79) (60) (7) (41) (38) (70) (94) (76) (3) (32) (20) 
4 (47) (45) (86) (38) (63) (10) (37) (97) (16) (15) (9) (31) (68) (85) (30) (96) (66) (5) (57) (46) (53) (41) (77) (11) (20) (40) (44) (4) (73) (18) (28) (91) (3) (51) (78) (80) (32) (87) (27) (69) (94) (100) (76) (21) (55) (25) (17) (81) (23) (60) (70) (22) (1) (95) (84) (14) (33) (54) (93) (7) (90) (2) (83) (26) (82) (62) (89) (35) (12) (42) (24) (67) (48) (49) (36) (39) (50) (75) (65) (43) (79) (56) (19) (58) (59) (72) (52) (88 92 74) (8) (34 98 61 29) 
5 (57) (74) (71) (63) (34) (21) (28) (1) (90) (98) (2) (95) (50) (26) (72) (97) (82) (40) (48) (53) (12) (56) (22) (32) (39) (23) (45) (5) (94) (17) (78) (8) (46) (47) (65) (44) (3) (68) (88) (16) (18) (76) (38) (86) (51) (19) (81) (64) (42) (4) (75) (11) (58) (37) (15) (73) (13) (49) (43) (6) (41) (60) (9) (61) (85) (24) (91) (100) (14) (62) (80) (87) (52) (77) (99) (54) (59) (27) (83) (55) (84) (89) (29) (25) (30) (69) (7) 
6 (100) (83) (14) (1) (78) (22) (20) (81) (15) (56) (30) (80) (59) (28) (3) (67) (26) (12) (79) (10) (60) (50) (23) (58) (52) (9) (63) (61) (66) (44) (89) (69) (54) (51) (11) (32) (93) (96) (41) (85) (71) (70) (53) (88) (17) (43) (40) (35) (95) (34) (75) (2) (76) (39) (57) (97) (99) (29) (18) (31) (4) (73) (92) (84) (46) (42) (68) (64) (37) (27) (47) (24) (8) (6) (55) (74) (33) (91) (36) (45) (62) (7) (94) (19) (13) (87) (82) (21) (98) (5 86) 
7 (2) (14) (56) (50) (100) (93) (69) (87) (35) (38) (36) (13) (37) (34) (27) (47) (40) (8) (42) (15) (28) (44) (73) (86) (9) (97) (60) (7) (17) (65) (95) (58) (92) (98) (51) (10) (64) (96) (91) (20) (49) (6) (12) (32) (18) (67) (16) (24) (31) (43) (54) (88) (66) (23) (33) (19) (3) (48) (72) (61) (29) (84) (30) (79) (45) (68) (83) (26) (53) (82) (25) (41) (99) (59) (63) (81) (89) (5) (55) (71) (62) (11) (78) (22) (77) 
8 (44) (51) (96) (24) (36) (99) (28) (70) (84) (4) (56) (75) (9) (37) (98) (31) (12) (83) (46) (82) (81) (97) (94) (29) (53) (38) (93) (61) (54) (89) (45) (60) (47) (5) (66) (39) (42) (34) (32) (78) (55) (72) (80) (69) (27) (71) (14) (11) (2) (92) (35) (100) (63) (22) (58) (3) (41) (19) (52) (21) (50) (91) (18) (90) (33) (64) (85) (79) (95) (43) (87) (48) (7) (30) (25) (65) (59) (16) (49) (77) (26) (17) (6) (88) (76) (8) (15) (68) (1) (57) (67) (40 20) 
9 (16) (42) (94) (3) (67) (100) (44) (11) (36) (54) (39) (92) (90) (83) (23) (28) (86) (98) (7) (75) (68) (34) (45) (82) (65) (12) (57) (69) (91) (96) (58) (41) (18) (97) (33) (53) (31) (52) (13) (78) (55) (9) (32) (93) (22) (4) (5) (8) (29) (6) (56) (63) (61) (95) (70) (66) (43) (49) (74) (19) (79) (47) (2) (40) (35) (17) (71) (25) (30) (50) (64) (1) (37) (48) (84) (51) (73) (89) (24) (14) (87) (85) (76) (38) (80) (77) (60) (46) (10) (27) (15) 
10 (52) (35) (48) (31) (5) (23) (11) (60) (38) (88) (3) (46) (89) (74) (83) (25) (18) (92) (30) (77) (96) (76) (51) (91) (36) (100) (34) (93) (22) (65) (26) (13) (59) (44) (55) (95) (53) (33) (79) (16) (75) (42) (78) (28) (43) (62) (20) (19) (82) (17) (94) (56) (84) (8) (37) (50) (98) (90) (9) (27) (70) (39) (24) (1) (86) (63) (32) (14) (49) (72) (85) (41) (15) (45) (2) (73) (58) (40) (57) (68) (80) (66) (64) (21) (97) (87) (47) (12) (99) 
11 (17) (7) (1) (6) (90) (85) (40) (56) (99) (70) (43) (46) (4) (53) (71) (78) (55) (8) (5) (29) (2) (63) (97) (62) (19) (26) (67) (73) (66) (100) (98) (35) (48) (58) (18) (32) (89) (76) (52) (80) (60) (75) (81) (77) (93) (95) (82) (22) (15) (94) (65) (96) (11) (68) (42) (47) (86) (51) (3) (28) (39) (59) (33) (24) (49) (23) (87) (91) (92) (14) (34) (21) (20) (37) (69) (44) (31) (16) (9) (45) (36) (54) (72) (12) 
12 (89) (26) (90) (29) (69) (43) (86) (14) (39) (68) (81) (3) (7) (20) (1) (18) (79) (17) (52) (21) (96) (72) (99) (19) (56) (97) (22) (82) (42) (30) (16) (2) (32) (94) (63) (31) (77) (95) (54) (60) (6) (59) (44) (37) (71) (28) (57) (65) (53) (91) (10) (93) (27) (12) (36) (33) (98) (46) (41) (48) (40) (87) (62) (100) (78) (24) (47) (80) (11) (35) (92) (76) (64) (88) (51) (9) (67) (70) (75) (15) (73) (34) (85) (4) (23) (66) (83) (49) (74) (61) (13) (5) (45) 
13 (79) (32) (5) (51) (64) (89) (35) (71) (67) (61) (15) (19) (18) (8) (25) (96) (22) (53) (87) (48) (78) (65) (6) (31) (73) (3) (85) (43) (36) (93) (13) (23) (81) (77) (40) (49) (42) (63) (29) (92) (57) (94) (90) (21) (24) (82) (75) (76) (69) (100) (88) (47) (33) (39) (80) (12) (72) (97) (2) (56) (62) (45) (99) (54) (44) (70) (20) (26) (11) (34) (10) (74) (38) (60) (14) (52) (30) (55) (27) (86) (46) (17) (28) (68) (98) (16) (4) (91) (66) (9) (95) 
14 (28) (53) (20) (19) (91) (60) (82) (39) (22) (72) (6) (74) (99) (83) (56) (31) (97) (51) (85) (76) (48) (2) (43) (77) (18) (93) (10) (24) (55) (96) (13) (78) (34) (26) (1) (80) (41) (42) (38) (73) (7) (89) (46) (58) (86) (69) (5) (12) (21) (4) (65) (50) (47) (40) (98) (52) (90) (49) (37) (33) (87) (54) (17) (100) (25) (27) (8) (23) (15) (67) (88) (62) (14) (45) (29) (71) (63) (81) (36) (3) (70) (11) (75) (16) (61) (59) (92) (44) (95) (30) (32) (68) (66) (57) 
15 (76) (63) (15) (93) (55) (25) (54) (48) (37) (57) (18) (28) (46) (13) (67) (90) (49) (75) (80) (87) (59) (56) (30) (35) (1) (26) (12) (58) (99) (47) (88) (9) (73) (69) (14) (27) (95) (38) (16) (78) (85) (43) (50) (60) (7) (83) (70) (23) (45) (22) (5) (8) (65) (91) (32) (42) (33) (24) (74) (6) (44) (4) (52) (62) (77) (34) (94) (100) (68) (71) (36) (29) (21) (40) (17) (2) (31) (82) (66) (86) (79) (97) (92) (10) (61) (19) (53) (20) (72) (3) (81) 
16 (5) (100) (16) (74) (6) (46) (89) (20) (51) (69) (54) (86) (72) (59) (44) (2) (31) (93) (77) (92) (15) (98) (96) (83) (78) (97) (50) (32) (36) (21) (57) (68) (13) (62) (67) (28) (56) (10) (30) (52) (47) (84) (82) (9) (33) (88) (1) (37) (94) (42) (29) (26) (41) (17) (73) (70) (24) (25) (58) (76) (38) (87) (14) (43) (4) (60) (11) (80) (39) (48) (27) (49) (95) (85) (23) (40) (3) (55) (7) (19) (12) (64) (53) (8) (65) (18) (22) (35) (63) 
17 (71) (50) (56) (88) (12) (36) (66) (32) (89) (7) (5) (18) (99) (9) (82) (59) (72) (38) (67) (15) (92) (64) (10) (37) (27) (87) (33) (4) (22) (57) (26) (11) (16) (60) (69) (19) (1) (2) (76) (85) (98) (44) (34) (70) (77) (28) (25) (79) (42) (96) (41) (31) (21) (30) (83) (43) (45) (74) (39) (23) (17) (78) (53) (94) (81) (63) (8) (62) (91) (3) (73) (51) (86) (47) (46) (40) (35) (6) (48) (84) (13) (52) (55) (80) (54) (90) (24) (68) (14) (58) 
18 (65) (28) (61) (67) (41) (37) (64) (8) (81) (83) (2) (75) (25) (63) (78) (30) (17) (20) (9) (86) (29) (6) (35) (48) (21) (89) (66) (73) (27) (18) (14) (80) (52) (99) (5) (26) (32) (91) (1) (82) (87) (97) (50) (36) (33) (47) (38) (43) (88) (24) (23) (85) (100) (55) (95) (22) (34) (71) (13) (92) (70) (19) (98) (76) (46) (72) (57) (60) (15) (62) (74) (53) (51) (77) (49) (94) (10) (42) (11) (7) (12) (45) (4) (40) (16) (69) (39) (84) (56) (68) (3) (54) (79) (93) 
19 (78) (60) (42) (37) (5) (87) (69) (65) (24) (73) (28) (71) (98) (52) (43) (62) (57) (7) (16) (22) (1) (63) (12) (95) (48) (96) (81) (94) (49) (36) (4) (72) (19) (8) (18) (89) (59) (82) (21) (33) (45) (75) (35) (80) (85) (26) (83) (10) (67) (38) (20) (34) (91) (79) (58) (51) (47) (17) (6) (40) (66) (3) (70) (41) (99) (76) (90) (61) (68) (9) (2) (93) (39) (54) (31) (23) (55) (15) (74) (14) (27) (32) (100) (97) (64) 
20 (79) (98) (28) (42) (52) (11) (20) (73) (19) (51) (46) (27) (93) (94) (3) (22) (29) (13) (35) (18) (65) (62) (88) (41) (24) (21) (48) (97) (15) (85) (7) (36) (56) (71) (95) (2) (89) (78) (12) (9) (63) (44) (50) (49) (34) (39) (92) (99) (30) (4) (32) (58) (14) (70) (90) (83) (67) (77) (87) (74) (6) (76) (80) (84) (31) (1) (45) (59) (40) (17) (64) (10) (8) (60) (53) (38) (26) (23) (72) (96) (100) (66) (81) (54) (69) (57) (75) (55) (68) (37) (61) (33) 
21 (55) (57) (12) (94) (91) (14) (9) (83) (93) (11) (29) (64) (32) (35) (56) (26) (86) (25) (37) (78) (19) (68) (7) (22) (71) (33) (17) (74) (100) (41) (61) (89) (18) (67) (49) (62) (47) (20) (63) (58) (51) (60) (1) (97) (46) (10) (28) (36) (3) (82) (92) (96) (38) (81) (85) (15) (52) (50) (16) (21) (31) (23) (8) (48) (40) (44) (42) (79) (54) (77) (43) (6) (73) (5) (95) (98) (80) (65) (27) (24) (30) (84) (69) (99) (87) (75) (4) (2) 
22 (36) (94) (68) (69) (7) (91) (26) (67) (52) (65) (72) (44) (20) (90) (87) (76) (100) (97) (30) (77) (43) (3) (61) (17) (60) (45) (35) (12) (99) (22) (24) (2) (89) (16) (10) (25) (70) (86) (28) (54) (53) (42) (51) (31) (73) (29) (38) (14) (59) (75) (84) (66) (13) (33) (56) (71) (79) (96) (93) (9) (81) (46) (5) (48) (4) (74) (55) (15) (41) (19) (32) (82) (1) (78) (92) (57) (37) (34) (40) (63) (11) (49) (95) (88) (64) (58) (21) (47) (8) (83) 
23 (74) (44) (87) (9) (31) (57) (36) (97) (68) (84) (61) (11) (92) (37) (82) (40) (32) (8) (22) (60) (25) (45) (5) (59) (10) (26) (34) (2) (72) (12) (96) (15) (63) (16) (99) (42) (64) (49) (7) (35) (81) (43) (6) (80) (83) (53) (73) (62) (93) (47) (78) (41) (90) (70) (98) (91) (38) (77) (27) (19) (76) (88) (55) (52) (67) (24) (71) (29) (79) (86) (21) (65) (85) (50) (46) (14) (4) (30) (75) (51) (18) (54) (28) (94) (33) (39) (58) (56) (23) (17) 
24 (78) (19) (92) (97) (68) (4) (52) (3) (24) (82) (88) (40) (61) (11) (80) (18) (90) (70) (75) (10) (37) (72) (77) (39) (31) (64) (28) (42) (55) (48) (30) (87) (15) (21) (81) (96) (23) (62) (59) (54) (43) (66) (6) (12) (49) (1) (91) (36) (2) (22) (41) (29) (35) (93) (20) (100) (69) (56) (65) (26) (34) (25) (89) (58) (46) (84) (8) (50) (73) (63) (17) (67) (60) (98) (76) (83) (32) (13) (16) (27) (71) (95) (79) (9) (44) (5) (38) (94) (51) (57) (53) 
25 (84) (17) (27) (10) (91) (28) (44) (37) (31) (1) (93) (78) (64) (94) (13) (82) (29) (19) (49) (98) (9) (69) (20) (63) (68) (46) (86) (96) (40) (5) (73) (99) (43) (48) (74) (21) (90) (25) (54) (55) (36) (100) (52) (53) (22) (7) (79) (77) (23) (97) (87) (88) (30) (95) (59) (2) (4) (66) (75) (39) (3) (42) (85) (45) (33) (26) (41) (83) (15) (60) (58) (34) (56) (47) (18) (62) (65) (50) (11) (70) (14) (57) (32) (35) (71) (72) (61) (24) (51) (38) (76) 
26 (63) (14) (51) (23) (42) (20) (15) (37) (5) (95) (55) (72) (19) (22) (99) (64) (6) (65) (71) (12) (52) (35) (91) (87) (11) (33) (86) (53) (81) (25) (96) (48) (82) (94) (49) (61) (66) (73) (10) (69) (28) (84) (60) (16) (1) (98) (47) (31) (38) (57) (80) (32) (27) (58) (70) (74) (39) (13) (59) (43) (18) (4) (17) (29) (3) (100) (85) (54) (9) (7) (62) (68) (75) (50) (67) (45) (83) (90) (24) (56) (21) (88) (36) (89) (2) (44) (77) (92) (40) (8) (97) (30) (41) 
27 (41) (20) (45) (74) (12) (88) (71) (65) (35) (19) (64) (30) (33) (53) (10) (26) (17) (13) (47) (93) (82) (92) (31) (76) (78) (23) (89) (21) (79) (80) (98) (2) (32) (59) (97) (46) (63) (27) (94) (54) (15) (95) (52) (67) (87) (44) (40) (81) (66) (100) (73) (62) (42) (5) (34) (51) (8) (72) (28) (11) (77) (91) (6) (68) (1) (85) (57) (43) (9) (37) (14) (99) (36) (90) (4) (86) (75) (55) (96) (49) (58) (29) (16) (18) (39) (50) (60) (61) (84) (56) (25) (38) (69) 
28 (92) (19) (68) (90) (55) (70) (37) (61) (2) (96) (3) (59) (66) (75) (35) (53) (51) (1) (99) (64) (46) (9) (18) (74) (42) (47) (41) (54) (91) (63) (82) (20) (57) (97) (25) (34) (23) (83) (98) (15) (24) (4) (100) (8) (6) (79) (87) (30) (60) (67) (38) (40) (21) (85) (86) (12) (13) (89) (44) (28) (32) (16) (95) (88) (7) (22) (80) (62) (58) (49) (94) (11) (27) (78) (31) (39) (69) (71) (48) (33) (77) (84) (81) (17) (36) (93) (43) (56) (73) (76) (10) (26) 
29 (6) (21) (65) (96) (17) (56) (14) (94) (64) (34) (1) (47) (69) (76) (43) (99) (40) (9) (27) (4) (75) (45) (44) (42) (8) (59) (82) (78) (39) (88) (41) (49) (55) (10) (11) (12) (15) (93) (84) (22) (85) (72) (13) (28) (71) (3) (81) (7) (95) (60) (91) (100) (67) (79) (16) (73) (30) (80) (63) (38) (62) (58) (26) (31) (36) (20) (23) (37) (87) (46) (2) (29) (24) (33) (25) (74) (48) (98) (50) (32) (18) (68) (89) (53) (92) (90) (35) (57) 
30 (27) (45) (51) (26) (30) (98) (48) (28) (55) (63) (15) (83) (50) (9) (72) (60) (52) (3) (2) (89) (70) (25) (90) (84) (54) (1) (18) (74) (73) (65) (46) (67) (33) (23) (24) (39) (5) (61) (99) (58) (71) (29) (94) (64) (22) (6) (32) (86) (88) (10) (56) (77) (40) (92) (11) (59) (80) (87) (19) (43) (38) (96) (75) (4) (42) (12) (36) (35) (93) (78) (17) (62) (8) (34) (81) (21) (68) (31) (7) (16) (66) (76) (82) (41) (57) (97) (47) (13) (49) (14) (37) (79) 
31 (57) (85) (100) (62) (17) (31) (60) (59) (84) (33) (94) (40) (58) (2) (47) (8) (48) (27) (6) (82) (81) (98) (80) (53) (79) (87) (67) (91) (7) (64) (71) (34) (39) (52) (70) (72) (42) (46) (3) (56) (12) (14) (45) (95) (89) (13) (77) (49) (36) (61) (54) (93) (92) (99) (75) (76) (15) (96) (21) (73) (22) (25) (18) (32) (16) (88) (78) (43) (9) (20) (83) (65) (1) (90) (26) (4) (63) (37) (74) (5) (23) (97) (68) (28) (35) (10) (19) 
32 (4) (89) (32) (14) (19) (6) (92) (73) (90) (2) (64) (61) (29) (84) (87) (27) (97) (42) (83) (26) (50) (20) (40) (51) (71) (17) (11) (22) (80) (91) (63) (35) (1) (41) (46) (33) (12) (72) (66) (13) (48) (8) (54) (10) (24) (78) (23) (44) (86) (75) (43) (96) (70) (52) (56) (7) (37) (5) (69) (60) (21) (76) (57) (62) (59) (94) (9) (45) (30) (67) (15) (53) (68) (95) (74) (77) (39) (38) (31) (28) (98) (47) (36) (49) (81) (16) (65) (85) (100) (34) (55) 
33 (88) (23) (32) (53) (18) (15) (97) (100) (94) (99) (67) (68) (48) (34) (89) (5) (30) (83) (10) (56) (26) (40) (95) (93) (24) (41) (12) (36) (16) (8) (33) (91) (76) (9) (6) (39) (77) (42) (79) (13) (21) (85) (81) (70) (4) (3) (25) (35) (28) (55) (60) (22) (31) (80) (44) (54) (29) (19) (47) (51) (71) (37) (59) (98) (43) (58) (64) (38) (61) (49) (90) (66) (14) (74) (46) (50) (17) (87) (75) (96) (52) (92) (65) (84) (78) (45) (2) (73) (57) (7) 
34 (98) (76) (53) (74) (85) (54) (40) (96) (2) (68) (69) (7) (82) (95) (36) (38) (84) (14) (65) (24) (80) (11) (32) (43) (67) (34) (20) (93) (66) (81) (61) (9) (25) (8) (56) (72) (15) (1) (19) (50) (42) (39) (4) (22) (3) (12) (6) (29) (79) (13) (37) (87) (33) (52) (48) (78) (70) (97) (89) (88) (41) (63) (18) (71) (51) (91) (92) (60) (47) (35) (5) (27) (21) (17) (44) (100) (46) (30) (99) (45) (49) (31) (83) (73) (57) (26) (28) (94) (62) (90) (77) 
35 (65) (52) (95) (4) (53) (45) (58) (77) (18) (23) (81) (84) (54) (91) (66) (35) (78) (44) (60) (61) (73) (27) (7) (80) (93) (79) (74) (59) (41) (42) (2) (72) (26) (96) (86) (89) (1) (29) (13) (82) (94) (71) (87) (33) (6) (83) (39) (24) (55) (57) (31) (98) (48) (34) (38) (20) (100) (40) (68) (19) (17) (46) (88) (22) (30) (14) (47) (49) (3) (85) (5) (51) (37) (21) (16) (62) (12) (36) (92) (10) (63) (50) (56) (97) (75) (69) (25) (32) (28) (90) (67) (8) (15) 
36 (17) (7) (43) (20) (77) (42) (24) (100) (18) (11) (61) (30) (66) (72) (35) (14) (73) (1) (12) (51) (85) (54) (88) (97) (37) (22) (41) (27) (91) (68) (64) (34) (40) (26) (3) (86) (58) (31) (65) (48) (74) (9) (92) (52) (98) (44) (79) (81) (95) (8) (5) (56) (69) (33) (28) (62) (60) (94) (75) (53) (78) (76) (67) (83) (23) (32) (47) (99) (19) (96) (25) (49) (50) (29) (63) (70) (2) (82) (90) (45) (39) (36) (4) (15) (46) (57) (93) (6) (80) (38) (21) 
37 (9) (39) (83) (68) (50) (56) (5) (32) (27) (45) (87) (22) (49) (20) (19) (98) (24) (92) (53) (6) (2) (28) (21) (30) (73) (15) (42) (29) (77) (75) (37) (3) (46) (36) (18) (34) (44) (62) (64) (43) (78) (10) (31) (47) (67) (96) (66) (61) (81) (71) (80) (58) (88) (13) (51) (26) (40) (11) (90) (65) (86) (33) (89) (57) (84) (55) (4) (76) (16) (59) (41) (63) (69) (82) (17) (52) (72) (94) (85) (74) (93) (60) (35) (99) (7) (38) (14) (48) (100) (1) (70) (91) 
38 (14) (83) (41) (23) (94) (20) (27) (56) (72) (7) (15) (36) (100) (87) (68) (84) (99) (51) (57) (54) (44) (3) (77) (81) (1) (97) (79) (62) (75) (98) (61) (49) (30) (5) (9) (67) (2) (95) (37) (25) (90) (10) (35) (31) (4) (80) (92) (13) (78) (59) (40) (74) (22) (69) (12) (34) (76) (65) (60) (42) (26) (55) (70) (48) (50) (73) (16) (66) (89) (58) (71) (18) (29) (39) (21) (28) (86) (47) (64) (82) (32) (85) (91) (53) (46) 
39 (95) (19) (17) (53) (32) (99) (11) (25) (30) (27) (82) (35) (65) (72) (63) (93) (64) (89) (91) (57) (2) (54) (75) (100) (14) (96) (60) (36) (88) (16) (66) (26) (40) (4) (43) (8) (59) (7) (23) (69) (45) (92) (71) (22) (47) (38) (52) (80) (12) (67) (84) (33) (18) (97) (42) (29) (90) (34) (37) (15) (94) (39) (79) (48) (10) (77) (83) (6) (74) (76) (31) (87) (49) (56) (58) (44) (9) (70) (68) (81) (41) (85) (13) (73) (24) (86) (61) (21) (50) (78) 
40 (54) (48) (2) (91) (18) (23) (3) (21) (32) (75) (16) (27) (25) (42) (36) (10) (77) (12) (69) (58) (17) (33) (6) (100) (31) (41) (57) (35) (53) (79) (46) (24) (68) (80) (38) (81) (88) (14) (73) (40) (52) (19) (82) (94) (63) (97) (8) (47) (11) (71) (99) (22) (62) (89) (4) (84) (85) (86) (83) (45) (92) (50) (56) (26) (28) (34) (95) (30) (49) (76) (39) (70) (43) (65) (37) (60) (93) (87) (55) (74) (64) (98) (5) (96) (29) (9) (13) (66) (78) (51) 
41 (3) (6) (38) (43) (34) (72) (91) (46) (67) (19) (79) (77) (5) (80) (98) (11) (21) (85) (70) (35) (25) (33) (83) (30) (32) (2) (64) (41) (73) (92) (71) (69) (49) (14) (95) (16) (48) (55) (1) (37) (62) (28) (26) (93) (27) (31) (23) (17) (58) (59) (63) (8) (39) (75) (13) (54) (10) (52) (90) (44) (45) (20) (76) (40) (57) (100) (84) (15) (4) (82) (24) (36) (94) (53) (51) (87) (42) (66) (22) (9) (81) (7) (56) (18) (68) (12) 
42 (29) (10) (2) (47) (7) (12) (28) (43) (86) (38) (51) (88) (15) (26) (56) (50) (99) (72) (34) (16) (45) (54) (31) (80) (83) (81) (100) (90) (24) (35) (89) (42) (94) (18) (30) (57) (53) (11) (98) (4) (1) (37) (63) (64) (59) (74) (66) (33) (96) (93) (58) (44) (78) (9) (39) (68) (22) (92) (77) (95) (71) (46) (14) (55) (3) (40) (48) (13) (5) (27) (87) (60) (41) (52) (17) (49) (8) (32) (62) (25) (36) (76) (84) (79) (75) (21) (91) (65) (70) (19) (6) 
43 (7) (49) (1) (67) (58) (74) (44) (34) (26) (21) (30) (65) (54) (2) (94) (19) (72) (15) (91) (88) (76) (47) (83) (82) (66) (18) (42) (36) (12) (95) (93) (41) (20) (52) (84) (89) (80) (14) (39) (27) (23) (29) (17) (45) (81) (70) (57) (51) (56) (99) (10) (92) (40) (5) (13) (4) (87) (16) (37) (53) (61) (50) (33) (28) (78) (32) (11) (38) (100) (6) (86) (79) (90) (64) (31) (22) (55) (85) (8) (46) (24) (77) (71) (63) (59) (98) (73) (9) (60) (75) (48) 
44 (83) (42) (9) (78) (48) (95) (98) (31) (33) (94) (72) (47) (77) (15) (19) (41) (92) (54) (51) (86) (62) (28) (85) (68) (44) (43) (49) (23) (60) (64) (46) (84) (76) (50) (45) (82) (1) (13) (63) (65) (25) (8) (39) (97) (7) (96) (53) (30) (100) (87) (80) (89) (6) (67) (18) (22) (2) (99) (24) (38) (59) (52) (91) (58) (11) (61) (70) (32) (69) (26) (3) (4) (75) (88) (79) (16) (14) (93) (40) (81) (71) (17) (29) (12) (27) (21) (55) (74) (5) (66) (57) (56) (73) 
45 (19) (94) (4) (33) (89) (92) (67) (45) (31) (77) (63) (44) (58) (76) (12) (85) (43) (75) (90) (97) (93) (23) (59) (98) (41) (28) (5) (57) (36) (15) (47) (40) (39) (71) (74) (2) (65) (18) (34) (79) (32) (83) (11) (87) (1) (68) (54) (9) (25) (100) (14) (10) (91) (16) (61) (26) (22) (48) (60) (21) (30) (96) (38) (50) (51) (88) (95) (82) (49) (37) (8) (42) (69) (78) (46) (84) (20) (66) (35) (99) (80) (64) (3) (56) (13) (7) 
46 (89) (37) (15) (76) (36) (44) (35) (10) (16) (52) (38) (25) (94) (86) (87) (23) (46) (31) (84) (1) (32) (3) (34) (83) (96) (60) (43) (95) (80) (5) (64) (22) (7) (19) (56) (98) (21) (97) (85) (100) (82) (93) (20) (4) (50) (33) (30) (59) (90) (99) (70) (11) (28) (58) (88) (48) (29) (45) (6) (54) (14) (2) (79) (40) (91) (69) (67) (78) (42) (8) (12) (63) (74) (24) (51) (75) (92) (9) (55) (72) (61) (73) (65) (17) (41) (47) (57) (62) (68) 
47 (7) (17) (44) (77) (68) (69) (5) (15) (22) (37) (76) (93) (61) (83) (48) (30) (75) (19) (42) (57) (38) (52) (8) (82) (55) (23) (95) (4) (49) (65) (24) (80) (84) (43) (58) (32) (18) (94) (96) (31) (40) (1) (63) (3) (11) (79) (89) (10) (72) (26) (81) (41) (91) (46) (87) (99) (54) (21) (74) (27) (85) (60) (28) (2) (90) (71) (67) (36) (70) (20) (16) (51) (92) (6) (53) (14) (66) (88) (56) (29) (25) (100) (12) (59) (78) 
48 (14) (43) (47) (17) (16) (90) (55) (48) (77) (71) (46) (34) (39) (65) (24) (93) (69) (23) (40) (36) (32) (79) (38) (83) (25) (97) (50) (28) (94) (22) (76) (3) (11) (58) (59) (15) (56) (4) (41) (51) (7) (26) (68) (13) (33) (62) (92) (31) (91) (89) (95) (86) (6) (8) (30) (45) (35) (2) (37) (61) (63) (88) (81) (9) (75) (60) (1) (29) (80) (18) (70) (64) (27) (12) (49) (53) (54) (57) (10) (87) (67) (42) (20) (5) (78) (19) (21) (82) (66) (100) (84) 
49 (5) (80) (11) (45) (48) (100) (40) (58) (1) (68) (37) (96) (60) (34) (10) (33) (56) (23) (91) (64) (32) (47) (16) (93) (27) (65) (7) (83) (42) (31) (57) (21) (17) (76) (15) (39) (41) (53) (79) (70) (94) (36) (82) (89) (77) (30) (22) (19) (25) (69) (18) (99) (26) (9) (67) (78) (88) (29) (12) (8) (86) (87) (43) (90) (95) (44) (71) (63) (92) (55) (81) (24) (35) (84) (98) (62) (54) (46) (6) (3) (49) (14) (59) (20) (74) (75) (66) (38) (73) (50) (61) (4) (97) (13) (85) 
50 (96) (66) (22) (12) (16) (77) (33) (60) (97) (56) (99) (74) (9) (13) (81) (78) (8) (62) (19) (30) (38) (5) (27) (46) (39) (25) (89) (65) (57) (45) (28) (52) (80) (93) (100) (6) (73) (14) (15) (79) (7) (29) (95) (10) (26) (61) (91) (67) (85) (86) (40) (82) (24) (49) (32) (18) (83) (1) (17) (20) (23) (64) (88) (2) (36) (50) (55) (71) (41) (72) (58) (34) (94) (47) (48) (68) (63) (43) (35) (4) (3) (90) (42) (53) (98) (37) (70) (51) (87) (76) (54) (84) 
51 (18) (79) (6) (55) (82) (98) (15) (83) (13) (58) (71) (14) (36) (28) (60) (75) (42) (80) (70) (22) (12) (69) (23) (93) (47) (95) (74) (68) (17) (21) (27) (91) (37) (26) (99) (76) (64) (34) (41) (48) (16) (45) (65) (49) (72) (67) (94) (19) (97) (66) (86) (1) (30) (7) (43) (85) (62) (77) (78) (39) (87) (20) (90) (8) (84) (35) (29) (89) (56) (5) (40) (33) (31) (92) (57) (88) (2) (25) (24) (51) (100) (96) (38) (9) (73) (63) (46) (59) (10) 
52 (26) (80) (39) (5) (47) (21) (63) (56) (6) (94) (20) (49) (30) (73) (31) (77) (7) (15) (51) (58) (2) (25) (41) (13) (79) (10) (81) (67) (90) (34) (45) (36) (17) (23) (59) (1) (11) (57) (52) (3) (42) (95) (50) (37) (19) (68) (93) (60) (87) (71) (24) (66) (91) (48) (4) (89) (84) (82) (75) (46) (76) (78) (65) (14) (53) (64) (28) (85) (55) (43) (35) (44) (74) (99) (98) (16) (33) (100) (38) (12) (96) (9) (61) (83) (92) (27) (22) (72) (69) (86) 
53 (55) (71) (62) (30) (67) (7) (99) (60) (80) (35) (82) (91) (50) (56) (13) (90) (39) (31) (25) (27) (68) (47) (52) (77) (98) (40) (65) (89) (96) (36) (58) (69) (92) (1) (42) (84) (17) (72) (33) (22) (23) (49) (54) (2) (63) (10) (44) (57) (48) (46) (61) (18) (83) (43) (75) (12) (37) (76) (45) (59) (21) (16) (97) (81) (86) (15) (4) (94) (66) (64) (88) (8) (19) (51) (20) (87) (85) (79) (11) (29) (6) (28) (74) (53) (9) (32) (24) (26) (70) (41) (5) (3) (100) (93) 
54 (89) (58) (45) (85) (9) (38) (68) (75) (5) (35) (55) (43) (76) (48) (25) (66) (3) (46) (62) (99) (88) (94) (15) (96) (1) (67) (47) (6) (83) (79) (33) (17) (59) (30) (49) (81) (8) (100) (91) (18) (12) (92) (42) (23) (20) (10) (21) (32) (60) (19) (22) (16) (82) (26) (53) (40) (73) (29) (56) (93) (63) (71) (72) (78) (50) (2) (98) (44) (4) (41) (11) (13) (37) (27) (36) (84) (64) (69) (70) (14) (80) (97) (34) (95) (51) (52) (39) (54) (74) 
55 (48) (39) (58) (100) (67) (59) (52) (44) (1) (86) (82) (91) (29) (66) (72) (7) (16) (96) (9) (95) (64) (69) (50) (25) (87) (12) (76) (13) (5) (15) (19) (31) (68) (6) (79) (37) (81) (54) (89) (27) (3) (22) (17) (8) (84) (53) (43) (99) (62) (90) (63) (23) (70) (98) (83) (4) (85) (60) (21) (32) (45) (38) (73) (78) (10) (56) (75) (20) (55) (94) (74) (34) (42) (41) (77) (35) (33) (40) (47) (2) (26) (65) (18) (97) (14) (61) (93) 
56 (22) (15) (51) (27) (6) (58) (64) (79) (81) (7) (60) (77) (20) (35) (44) (87) (97) (36) (11) (74) (16) (55) (98) (99) (48) (53) (67) (62) (10) (88) (13) (41) (66) (68) (14) (39) (37) (4) (2) (47) (91) (29) (26) (42) (90) (3) (92) (95) (57) (82) (21) (19) (78) (8) (80) (83) (9) (86) (40) (54) (70) (31) (32) (73) (96) (38) (28) (89) (46) (25) (1) (75) (50) (56) (23) (43) (85) (34) (71) (45) (94) (59) (65) (18) (84) (24) (49) 
57 (72) (38) (73) (2) (85) (95) (62) (36) (12) (90) (18) (35) (78) (56) (67) (87) (74) (26) (88) (22) (58) (23) (98) (27) (4) (59) (68) (13) (48) (97) (39) (9) (63) (45) (49) (7) (6) (65) (17) (41) (94) (100) (20) (70) (80) (10) (16) (92) (99) (29) (91) (96) (43) (93) (75) (46) (83) (40) (60) (15) (42) (57) (86) (69) (1) (64) (44) (84) (34) (32) (55) (82) (11) (77) (5) (53) (28) (21) (25) (79) (47) (61) (33) (76) (37) (3) (8) (50) (14) (30) (54) (24) (71) 
58 (50) (79) (70) (64) (31) (49) (57) (95) (20) (88) (16) (30) (21) (93) (10) (15) (9) (12) (81) (6) (47) (8) (29) (14) (19) (83) (37) (46) (75) (61) (7) (26) (60) (71) (98) (66) (2) (45) (3) (63) (11) (13) (33) (74) (51) (78) (53) (48) (36) (76) (84) (72) (77) (91) (18) (100) (90) (43) (32) (1) (73) (44) (87) (42) (58) (96) (39) (35) (41) (85) (4) (80) (69) (23) (92) (97) (94) (40) (25) (34) (68) (67) (65) (27) (52) (62) (22) (55) 
59 (62) (56) (71) (44) (31) (33) (74) (65) (5) (73) (6) (45) (58) (4) (90) (92) (97) (22) (19) (70) (59) (11) (94) (42) (79) (93) (51) (3) (86) (61) (27) (72) (43) (63) (12) (89) (98) (36) (96) (85) (78) (34) (10) (46) (95) (57) (84) (75) (8) (88) (7) (1) (81) (77) (40) (99) (16) (55) (64) (20) (69) (52) (39) (53) (13) (23) (87) (2) (91) (24) (30) (17) (26) (32) (68) (15) (50) (9) (47) (41) (80) (67) (60) (21) (66) (48) (83) (37) (28) (35) (76) (14) (100) (25) 
60 (64) (55) (35) (25) (23) (15) (59) (79) (85) (68) (31) (90) (28) (24) (62) (42) (77) (60) (14) (84) (91) (53) (11) (22) (33) (50) (30) (100) (9) (69) (32) (75) (12) (97) (51) (94) (93) (80) (73) (58) (27) (46) (18) (49) (37) (26) (10) (99) (40) (87) (44) (56) (96) (39) (76) (57) (61) (5) (65) (52) (83) (17) (7) (63) (29) (34) (89) (4) (78) (66) (20) (70) (48) (82) (16) (36) (21) (19) (38) (45) (67) (98) (1) (92) (43) (6) (81) (41) (8) (95) (74) 
61 (71) (83) (38) (99) (11) (75) (68) (70) (79) (3) (32) (69) (36) (10) (5) (48) (76) (51) (91) (89) (86) (29) (44) (25) (20) (66) (15) (84) (80) (18) (14) (65) (31) (56) (41) (96) (24) (100) (22) (55) (92) (85) (60) (42) (19) (88) (94) (90) (62) (53) (57) (6) (47) (82) (74) (30) (67) (9) (21) (61) (39) (95) (23) (72) (64) (73) (98) (46) (13) (34) (77) (37) (2) (50) (12) (17) (59) (87) (78) (28) (63) (40) (26) (45) (27) (49) (7) 
62 (7) (34) (87) (33) (8) (10) (84) (92) (56) (16) (20) (30) (83) (85) (69) (28) (35) (31) (37) (26) (61) (68) (62) (41) (40) (21) (76) (43) (72) (57) (11) (93) (14) (79) (22) (53) (52) (77) (58) (63) (60) (64) (89) (96) (4) (32) (27) (17) (67) (54) (6) (44) (73) (38) (78) (88) (94) (55) (47) (66) (50) (75) (70) (15) (99) (46) (95) (90) (74) (3) (45) (39) (29) (23) (65) (18) (71) (12) (81) (51) (19) (80) (13) (49) (91) (36) (5) (2) (9) 
63 (31) (77) (65) (53) (82) (44) (72) (3) (68) (93) (40) (91) (11) (6) (52) (12) (38) (42) (7) (78) (62) (1) (10) (70) (4) (97) (98) (69) (5) (45) (60) (19) (89) (33) (20) (76) (63) (9) (51) (15) (95) (24) (84) (83) (80) (16) (87) (99) (32) (26) (17) (27) (29) (49) (46) (74) (56) (2) (43) (67) (54) (96) (22) (59) (57) (55) (90) (37) (94) (30) (34) (28) (92) (66) (36) (79) (8) (14) (58) (39) (41) (85) (48) (88) (86) (50) (61) (81) 
64 (71) (3) (31) (24) (17) (28) (44) (96) (90) (85) (23) (75) (87) (68) (73) (41) (59) (38) (94) (34) (53) (11) (80) (29) (74) (77) (48) (49) (69) (89) (51) (78) (57) (8) (25) (12) (88) (76) (19) (6) (47) (58) (27) (32) (5) (62) (86) (52) (21) (45) (64) (43) (26) (15) (95) (84) (65) (40) (1) (97) (55) (66) (63) (37) (60) (70) (91) (36) (93) (9) (2) (67) (79) (50) (22) (35) (13) (18) (42) (7) (82) (30) (72) (20) (54) (98) (61) (14) (83) (10) (46) (16) (99) (81) 
65 (4) (45) (52) (6) (37) (83) (99) (65) (38) (66) (60) (85) (32) (78) (95) (68) (84) (33) (72) (58) (89) (98) (46) (56) (1) (69) (75) (62) (28) (80) (15) (27) (44) (39) (26) (79) (73) (31) (34) (16) (24) (86) (7) (23) (18) (87) (3) (50) (11) (43) (51) (61) (63) (48) (12) (59) (2) (41) (19) (94) (91) (13) (55) (30) (57) (90) (17) (40) (53) (81) (96) (10) (64) (67) (49) (70) (93) (20) (77) (14) (47) (29) (42) (5) (97) (21) (8) (76) (36) 
66 (83) (91) (15) (55) (59) (52) (16) (48) (77) (12) (86) (75) (20) (97) (68) (5) (31) (88) (17) (82) (47) (8) (99) (95) (32) (44) (69) (89) (36) (70) (71) (67) (14) (100) (96) (33) (76) (50) (94) (40) (87) (18) (22) (65) (4) (34) (9) (38) (19) (28) (49) (13) (53) (98) (73) (24) (23) (30) (92) (79) (51) (46) (62) (7) (63) (10) (37) (66) (25) (11) (45) (57) (80) (84) (42) (72) (54) (85) (26) (43) (6) (81) (39) (61) (56) (29) (90) (2) 
67 (61) (25) (10) (20) (5) (52) (12) (42) (27) (94) (63) (78) (60) (7) (74) (77) (49) (33) (70) (92) (89) (18) (3) (47) (13) (21) (46) (51) (8) (44) (59) (17) (6) (38) (9) (28) (88) (29) (16) (79) (98) (91) (14) (19) (45) (54) (93) (71) (82) (65) (34) (39) (24) (36) (37) (66) (69) (22) (95) (50) (11) (81) (55) (87) (58) (35) (73) (32) (48) (41) (97) (15) (80) (31) (53) (57) (62) (67) (40) (1) (26) (2) (64) (68) (100) (86) (23) (99) (30) 
68 (14) (68) (63) (31) (90) (28) (45) (79) (70) (91) (34) (41) (36) (42) (81) (99) (32) (64) (56) (15) (10) (92) (97) (44) (4) (53) (83) (18) (20) (49) (94) (93) (52) (85) (13) (38) (76) (50) (23) (100) (48) (29) (59) (16) (25) (6) (37) (60) (57) (1) (33) (61) (96) (2) (8) (54) (27) (62) (84) (26) (98) (95) (5) (19) (87) (7) (12) (46) (77) (88) (51) (35) (47) (17) (40) (69) (9) (74) (73) (80) (67) (72) (39) (78) (30) (11) (43) (58) (3) (22) (75) 
69 (21) (68) (85) (52) (41) (2) (50) (5) (59) (77) (79) (95) (45) (100) (56) (87) (25) (27) (23) (98) (72) (47) (37) (88) (9) (74) (34) (4) (49) (82) (7) (67) (61) (65) (97) (57) (78) (99) (42) (35) (76) (94) (83) (53) (96) (84) (36) (69) (22) (6) (63) (24) (26) (60) (29) (19) (20) (75) (44) (40) (14) (8) (89) (17) (1) (93) (54) (90) (64) (38) (33) (16) (81) (11) (43) (12) (66) (32) (18) (15) (3) (13) (51) (31) (58) (70) (28) (10) (91) (86) (48) 
70 (81) (44) (60) (92) (4) (13) (39) (61) (79) (86) (11) (46) (51) (29) (12) (8) (96) (50) (14) (85) (42) (82) (100) (48) (35) (2) (66) (69) (99) (88) (23) (75) (53) (1) (15) (59) (7) (98) (64) (5) (24) (58) (52) (73) (57) (34) (77) (26) (72) (36) (55) (74) (37) (62) (27) (43) (19) (68) (63) (9) (83) (97) (54) (41) (93) (10) (89) (18) (84) (31) (91) (25) (67) (40) (95) (70) (28) (80) (56) (33) (65) (76) (20) (71) (22) (49) (90) (6) (47) (30) 
71 (19) (14) (7) (26) (28) (100) (68) (56) (73) (32) (83) (57) (22) (35) (15) (84) (80) (49) (38) (4) (48) (75) (99) (29) (76) (97) (41) (31) (13) (52) (8) (69) (27) (90) (51) (71) (74) (58) (93) (61) (64) (1) (36) (33) (85) (94) (63) (25) (5) (59) (89) (62) (30) (43) (44) (91) (77) (23) (55) (10) (45) (95) (42) (70) (39) (16) (24) (54) (12) (47) (92) (82) (3) (79) (88) (40) (53) (87) (18) (72) (34) (17) (11) (60) (37) (96) (6) (66) (67) (20) (46) 
72 (91) (82) (59) (24) (84) (33) (35) (42) (53) (72) (28) (30) (65) (40) (15) (57) (51) (47) (4) (17) (100) (26) (1) (76) (39) (83) (13) (64) (80) (31) (18) (27) (54) (41) (95) (71) (70) (37) (55) (78) (75) (73) (56) (68) (62) (79) (49) (11) (98) (74) (63) (6) (44) (92) (77) (46) (90) (52) (10) (9) (2) (3) (50) (87) (16) (38) (36) (93) (22) (25) (21) (97) (32) (85) (5) (99) (43) (67) (7) (19) (29) (69) (48) (88) (66) (81) (89) (8) (34) (58) (96) (60) (86) 
73 (20) (88) (4) (2) (74) (82) (78) (67) (15) (25) (63) (83) (56) (46) (100) (7) (62) (31) (35) (96) (5) (47) (29) (9) (77) (71) (8) (38) (30) (21) (33) (3) (69) (1) (59) (45) (66) (87) (13) (90) (34) (68) (70) (51) (42) (92) (12) (53) (61) (50) (60) (11) (49) (26) (97) (40) (85) (18) (43) (32) (27) (17) (81) (93) (41) (94) (55) (72) (95) (54) (52) (24) (64) (99) (86) (6) (75) (48) (23) (84) (58) (44) (28) (98) (19) 
74 (25) (22) (55) (28) (36) (39) (17) (12) (87) (43) (46) (78) (24) (83) (69) (54) (13) (100) (60) (20) (11) (91) (68) (44) (64) (30) (74) (41) (73) (89) (65) (99) (81) (15) (23) (21) (8) (72) (71) (56) (31) (19) (6) (4) (16) (59) (92) (61) (70) (40) (3) (50) (98) (57) (62) (51) (32) (7) (85) (82) (1) (95) (52) (77) (67) (48) (94) (5) (75) (26) (47) (45) (63) (88) (97) (76) (96) (33) (53) (34) (38) (66) (86) (58) (35) (79) (90) (84) (10) (18) (14) (27) (80) (2) (93) 
75 (77) (54) (43) (100) (75) (67) (53) (11) (88) (14) (80) (32) (74) (90) (97) (71) (28) (58) (15) (52) (51) (66) (19) (82) (10) (8) (73) (16) (45) (87) (55) (39) (3) (60) (27) (42) (72) (25) (41) (76) (92) (12) (35) (24) (5) (70) (98) (6) (63) (61) (56) (9) (44) (78) (49) (36) (37) (31) (79) (99) (46) (4) (33) (22) (7) (65) (23) (26) (48) (89) (85) (13) (34) (81) (86) (62) (84) (18) (2) (93) (38) (91) (96) (17) (83) (29) (95) (94) (50) (40) (20) (68) 
76 (14) (82) (38) (79) (86) (24) (25) (81) (1) (98) (37) (64) (51) (15) (17) (70) (69) (76) (63) (34) (8) (3) (16) (91) (92) (7) (65) (54) (90) (83) (35) (88) (96) (66) (85) (6) (94) (57) (78) (45) (21) (61) (89) (80) (60) (68) (75) (53) (32) (40) (2) (50) (27) (87) (56) (22) (46) (48) (43) (44) (30) (55) (11) (9) (73) (10) (20) (42) (33) (95) (23) (77) (26) (84) (29) (59) (100) (67) (47) (49) (13) (52) (4) (12) (74) (36) (72) (19) (58) (97) (62) (93) (28) 
77 (86) (90) (40) (17) (12) (93) (36) (100) (94) (42) (18) (88) (26) (87) (85) (52) (20) (35) (92) (96) (46) (9) (73) (77) (22) (75) (66) (19) (67) (21) (4) (91) (25) (83) (97) (64) (63) (89) (62) (11) (56) (69) (54) (95) (7) (80) (60) (68) (45) (37) (23) (41) (28) (34) (74) (58) (81) (59) (99) (5) (1) (57) (14) (78) (2) (30) (47) (84) (27) (8) (44) (72) (24) (55) (82) (48) (6) (13) (61) (33) (79) (39) (49) (76) (53) (98) (31) (3) (10) (71) (65) (32) (29) (51) 
78 (24) (28) (83) (8) (52) (47) (68) (93) (48) (12) (60) (38) (46) (1) (82) (35) (42) (9) (92) (90) (29) (44) (53) (26) (73) (30) (50) (84) (58) (56) (5) (22) (2) (67) (51) (11) (33) (32) (18) (31) (39) (78) (66) (40) (88) (21) (95) (54) (62) (36) (55) (3) (75) (57) (71) (87) (80) (17) (59) (14) (10) (77) (41) (85) (86) (45) (74) (89) (100) (25) (76) (91) (61) (98) (64) (43) (34) (19) (20) (15) (79) (37) (49) (69) (23) (63) (16) (97) (13) 
79 (2) (33) (52) (12) (1) (72) (6) (79) (43) (61) (83) (13) (40) (78) (81) (47) (73) (92) (15) (96) (95) (7) (88) (26) (35) (19) (97) (63) (82) (3) (55) (41) (80) (9) (5) (14) (46) (51) (94) (36) (27) (93) (16) (69) (89) (100) (11) (70) (56) (34) (54) (32) (42) (86) (91) (71) (99) (49) (59) (17) (37) (62) (57) (38) (98) (44) (66) (48) (18) (21) (45) (23) (76) (60) (4) (58) (67) (10) (68) (53) (75) (65) (50) (24) (87) (29) (22) (31) (20) (64) (30) (77) 
80 (49) (36) (83) (24) (25) (70) (82) (41) (96) (90) (7) (79) (34) (17) (15) (5) (86) (12) (94) (16) (42) (4) (77) (19) (59) (95) (43) (50) (66) (63) (75) (68) (27) (61) (1) (11) (48) (14) (87) (64) (51) (93) (20) (67) (2) (52) (81) (9) (58) (46) (28) (18) (29) (92) (44) (22) (98) (38) (71) (65) (73) (39) (10) (72) (78) (8) (88) (74) (26) (56) (33) (23) (6) (30) (13) (80) (54) (84) (60) (62) (53) (45) (69) (35) (91) (3) (40) (89) (76) (47) (85) (57) (32) (99) 
81 (39) (67) (58) (5) (79) (17) (10) (100) (77) (19) (89) (32) (41) (13) (71) (84) (59) (23) (30) (9) (66) (90) (76) (36) (27) (46) (52) (11) (86) (7) (63) (85) (96) (28) (93) (24) (25) (2) (1) (38) (60) (14) (51) (4) (75) (18) (91) (57) (73) (65) (87) (49) (61) (29) (72) (50) (26) (88) (16) (82) (37) (97) (45) (98) (44) (56) (78) (55) (70) (53) (31) (20) (62) (34) (74) (64) (83) (99) (48) (40) (94) (68) (8) (6) (81) (43) (47) (54) (80) (69) (12) (21) 
82 (65) (56) (59) (51) (87) (79) (49) (73) (99) (15) (35) (11) (82) (46) (88) (72) (91) (55) (71) (96) (70) (13) (100) (31) (9) (97) (29) (60) (54) (86) (44) (74) (94) (32) (43) (28) (57) (45) (68) (84) (83) (12) (39) (8) (17) (89) (64) (19) (40) (14) (69) (50) (41) (27) (53) (77) (80) (4) (98) (47) (37) (16) (85) (24) (62) (63) (92) (3) (78) (67) (93) (58) (1) (38) (7) (30) (95) (61) (10) (20) (21) (90) (34) (75) (48) (22) (23) 
83 (87) (93) (90) (47) (64) (10) (17) (37) (34) (74) (81) (3) (73) (67) (55) (85) (6) (89) (53) (68) (76) (4) (60) (70) (84) (40) (19) (13) (100) (49) (38) (96) (35) (46) (99) (57) (80) (15) (52) (33) (88) (95) (82) (56) (7) (8) (21) (78) (91) (43) (5) (48) (83) (24) (63) (65) (31) (20) (51) (61) (58) (66) (42) (92) (97) (22) (71) (79) (1) (9) (2) (72) (54) (27) (12) (39) (86) (98) (11) (45) (26) (59) (36) (14) (23) (75) (29) (50) (16) (44) (41) 
84 (78) (73) (39) (34) (82) (69) (50) (77) (15) (32) (93) (41) (2) (23) (31) (44) (47) (24) (52) (9) (63) (66) (14) (83) (60) (56) (79) (28) (18) (16) (36) (22) (85) (65) (1) (70) (53) (99) (42) (46) (6) (74) (76) (90) (95) (26) (13) (37) (75) (25) (27) (54) (8) (88) (10) (64) (68) (98) (5) (100) (92) (33) (80) (43) (21) (71) (30) (35) (19) (17) (57) (91) (40) (81) (7) (55) (58) (87) (11) (45) (20) (38) (97) (29) (4) (12) (62) (84) (67) 
85 (59) (40) (61) (98) (27) (86) (65) (31) (54) (33) (66) (70) (46) (68) (9) (29) (49) (42) (24) (25) (80) (36) (57) (79) (19) (16) (21) (74) (55) (13) (32) (6) (38) (81) (14) (26) (56) (44) (100) (90) (18) (28) (37) (1) (67) (50) (76) (15) (51) (92) (43) (22) (97) (7) (41) (39) (3) (10) (84) (91) (71) (34) (89) (47) (88) (12) (11) (77) (23) (8) (87) (64) (48) (60) (72) (82) (96) (30) (20) (35) (45) (85) (58) (75) (17) (63) (5) (53) (83) (99) (78) (2) 
86 (26) (78) (75) (49) (94) (99) (1) (88) (77) (7) (60) (93) (45) (47) (85) (100) (38) (48) (55) (24) (4) (46) (66) (58) (50) (36) (2) (3) (51) (8) (65) (81) (44) (31) (15) (63) (17) (96) (87) (39) (71) (59) (27) (16) (64) (52) (89) (83) (74) (70) (12) (82) (11) (86) (92) (19) (13) (53) (79) (69) (9) (95) (62) (80) (10) (18) (37) (34) (76) (42) (25) (84) (32) (54) (33) (90) (72) (57) (14) (35) (61) (67) (21) (29) (91) (23) (43) (98) (30) (20) (5) 
87 (54) (58) (80) (12) (85) (81) (11) (6) (51) (9) (77) (7) (63) (3) (64) (2) (41) (46) (15) (24) (94) (55) (37) (53) (95) (33) (61) (92) (48) (87) (5) (34) (100) (65) (35) (72) (83) (22) (38) (16) (75) (47) (76) (69) (93) (78) (50) (32) (1) (79) (73) (89) (66) (57) (84) (39) (30) (40) (26) (36) (82) (19) (18) (71) (49) (21) (52) (90) (29) (8) (88) (97) (91) (98) (59) (68) (28) (45) (42) (43) (4) (96) (62) (60) (23) (44) (74) (20) (56) (31) 
88 (17) (6) (88) (99) (86) (14) (5) (91) (53) (73) (20) (90) (4) (32) (96) (43) (84) (52) (27) (66) (10) (30) (62) (75) (22) (64) (77) (13) (42) (15) (41) (89) (74) (58) (82) (79) (47) (83) (55) (7) (87) (2) (11) (63) (68) (8) (23) (56) (80) (36) (92) (97) (24) (69) (65) (3) (21) (38) (71) (44) (94) (54) (37) (28) (95) (81) (39) (70) (35) (12) (67) (100) (19) (59) (46) (26) (16) (25) (61) (18) (76) (49) (45) (72) (78) (1) (51) (29) 
89 (1) (35) (54) (40) (59) (21) (78) (52) (56) (84) (19) (27) (81) (7) (74) (76) (15) (31) (87) (61) (90) (95) (37) (20) (60) (8) (26) (98) (70) (55) (42) (88) (17) (99) (57) (32) (39) (58) (16) (3) (46) (97) (89) (33) (18) (24) (67) (36) (11) (45) (13) (51) (96) (100) (9) (63) (71) (75) (50) (65) (47) (68) (5) (64) (80) (85) (66) (12) (73) (77) (41) (79) (6) (43) (53) (23) (93) (86) (83) (49) (82) (48) (2) (25) (69) (10) (29) (91) (92) (62) (30) (94) 
90 (39) (21) (59) (20) (2) (99) (63) (42) (51) (69) (100) (31) (54) (75) (29) (19) (84) (81) (87) (36) (85) (7) (22) (52) (33) (57) (56) (72) (70) (40) (45) (92) (48) (76) (43) (66) (64) (67) (9) (17) (86) (37) (1) (13) (23) (58) (35) (79) (50) (98) (62) (15) (89) (97) (96) (38) (11) (82) (83) (27) (25) (74) (78) (73) (3) (53) (68) (77) (24) (71) (18) (93) (95) (65) (55) (8) (91) (46) (49) (16) (26) (61) (14) (12) (44) (6) (94) (47) (60) 
91 (24) (70) (52) (38) (81) (99) (3) (75) (86) (39) (23) (93) (98) (46) (49) (7) (20) (69) (40) (55) (62) (64) (68) (63) (94) (83) (88) (41) (33) (72) (53) (84) (89) (80) (57) (37) (71) (73) (4) (59) (27) (95) (97) (96) (32) (85) (54) (77) (6) (9) (35) (61) (65) (29) (15) (48) (100) (18) (50) (8) (74) (36) (92) (44) (10) (34) (91) (78) (90) (51) (22) (87) (16) (45) (14) (67) (79) (30) (58) (2) (82) (43) (12) (11) (13) (21) (1) (42) 
92 (57) (25) (4) (70) (27) (75) (7) (91) (13) (95) (77) (21) (89) (98) (74) (97) (20) (42) (33) (86) (82) (94) (63) (65) (93) (67) (9) (6) (81) (45) (29) (47) (1) (37) (55) (12) (35) (5) (36) (10) (68) (31) (40) (50) (48) (78) (52) (23) (15) (39) (84) (19) (8) (44) (28) (51) (43) (87) (2) (54) (14) (24) (66) (17) (61) (100) (38) (69) (62) (18) (26) (16) (53) (64) (76) (46) (80) (3) (73) (72) (90) (88) (83) (59) (96) 
93 (61) (64) (57) (84) (4) (97) (55) (56) (43) (82) (18) (6) (66) (70) (86) (20) (100) (75) (59) (77) (80) (16) (1) (12) (44) (71) (37) (11) (5) (41) (14) (83) (10) (47) (73) (22) (3) (34) (33) (72) (62) (88) (7) (68) (67) (30) (54) (95) (36) (13) (81) (53) (51) (89) (24) (15) (2) (45) (63) (46) (98) (35) (23) (52) (29) (93) (87) (94) (91) (60) (9) (27) (50) (32) (28) (8) (40) (38) (49) (96) (92) (31) (65) (76) (78) (25) (17) (48) (39) (79) (58) (85) 
94 (97) (60) (53) (16) (32) (28) (29) (94) (76) (66) (92) (7) (42) (95) (12) (61) (51) (23) (18) (72) (2) (80) (77) (55) (83) (81) (90) (100) (25) (67) (99) (40) (47) (96) (89) (31) (9) (71) (70) (34) (6) (20) (46) (30) (68) (36) (39) (56) (41) (91) (15) (21) (17) (45) (69) (3) (27) (63) (78) (11) (1) (24) (82) (43) (74) (85) (10) (58) (93) (79) (8) (49) (88) (44) (22) (5) (59) (35) (54) (98) (13) (87) (84) (48) (75) (50) (52) (14) (33) 
95 (6) (39) (66) (14) (18) (3) (86) (100) (94) (72) (93) (57) (17) (65) (70) (37) (7) (60) (92) (89) (30) (53) (33) (43) (5) (74) (35) (13) (76) (52) (36) (34) (20) (84) (38) (28) (79) (24) (88) (69) (55) (59) (49) (2) (91) (97) (32) (78) (8) (58) (75) (51) (40) (54) (45) (82) (87) (26) (29) (25) (23) (85) (98) (19) (83) (44) (9) (15) (31) (77) (12) (27) (22) (95) (90) (47) (99) (1) (64) (56) (68) (73) (62) (61) (4) (67) (81) (63) 
96 (25) (76) (72) (28) (31) (62) (2) (74) (48) (75) (32) (77) (15) (80) (34) (86) (14) (92) (64) (61) (87) (85) (16) (47) (1) (7) (45) (35) (66) (60) (63) (90) (23) (51) (22) (82) (53) (11) (39) (33) (98) (27) (68) (89) (21) (84) (26) (97) (49) (81) (95) (29) (40) (3) (20) (13) (46) (71) (91) (70) (58) (18) (52) (19) (42) (43) (94) (17) (54) (99) (83) (69) (65) (78) (24) (56) (6) (44) (30) (55) (88) (67) (36) (12) (5) (9) (57) (96) (93) 
97 (78) (79) (73) (36) (30) (90) (72) (35) (59) (58) (51) (47) (34) (9) (67) (69) (38) (16) (29) (14) (44) (42) (82) (96) (64) (22) (10) (43) (41) (4) (91) (8) (32) (48) (6) (23) (52) (1) (93) (65) (80) (71) (66) (53) (17) (77) (68) (49) (2) (45) (99) (57) (98) (11) (7) (39) (18) (31) (54) (86) (81) (84) (63) (100) (37) (13) (76) (46) (27) (95) (92) (83) (75) (19) (89) (87) (74) (25) (61) (70) (21) (20) (15) (94) (3) (88) (62) 
98 (31) (25) (21) (4) (33) (1) (5) (86) (35) (46) (72) (38) (64) (34) (14) (10) (30) (27) (42) (47) (60) (6) (20) (98) (44) (28) (19) (81) (32) (93) (91) (84) (8) (78) (29) (69) (48) (99) (85) (49) (17) (56) (71) (67) (59) (65) (15) (50) (23) (2) (63) (11) (80) (57) (51) (89) (76) (66) (100) (36) (24) (79) (7) (92) (55) (52) (88) (40) (68) (22) (87) (73) (97) (74) (53) (3) (18) (96) (70) (43) (16) (62) (45) (95) (39) (58) (61) (12) (26) (75) 
99 (54) (25) (8) (81) (17) (51) (98) (100) (53) (45) (13) (97) (40) (80) (56) (46) (88) (57) (84) (19) (83) (15) (16) (18) (86) (2) (33) (93) (66) (35) (3) (23) (74) (4) (5) (71) (96) (22) (85) (34) (90) (70) (52) (14) (1) (39) (89) (28) (49) (65) (26) (42) (38) (47) (36) (29) (64) (11) (69) (79) (44) (73) (7) (24) (77) (87) (78) (55) (41) (95) (92) (58) (67) (76) (62) (9) (82) (43) (12) (60) (50) (6) (61) (30) (31) (48) (91) (10) (63) 
100 (9) (26) (39) (58) (40) (91) (77) (92) (30) (80) (90) (50) (67) (21) (35) (18) (57) (51) (16) (11) (41) (10) (95) (66) (36) (79) (5) (28) (33) (78) (14) (23) (52) (85) (75) (54) (4) (89) (1) (88) (44) (55) (31) (53) (15) (12) (82) (65) (62) (71) (42) (29) (38) (2) (43) (96) (37) (48) (63) (25) (60) (19) (13) (86) (76) (59) (6) (70) (98) (8) (64) (32) (84) (20) (24) (68) (93) (73) (46) (81) (94) (100) (7) (83) (72) (61) (99) (49) (3) (56) (97) (34) 
