0
100
100
1 (36 4) (82) (81) (41) (94) (95) (13) (27) (12) (88) (66) (67) (32) (63) (24 97) (23) (30) (60) (9 74) (14) (61) (39) (29) (35) (70) (8) (98 64) (78) (62) (49) (73 1) (52) (18) (57) (72 83) (22) (75 19) (28) (55) (84 51) (11) (79 42) (96) (100) (90) (59) (15) (16 2) (85) (31) (33) (87) (46) (40 6) (53 37) (38) (50) (45) (5) (21) (34) (43) (44 76) (7) (26) (68) (93) (77) (91) (10) (80 54 47) (3 56 20) (58) (92) (89) (65) (99) (86) 
2 (7) (35 29) (64) (63) (90 8) (93) (26) (15 91 74 22) (84 98) (45) (18) (69) (76 48) (1) (50) (81 59) (68) (61) (30) (100) (11) (41 9) (87) (86) (52) (16) (24) (23) (40) (77) (38) (92) (95) (55) (58) (80 66) (85) (53) (14 19) (37) (88) (3) (44) (21) (54) (25 5 51) (78 71) (39 42 56) (12) (6) (32) (28) (67) (27) (36) (20) (31) (99) (2) (65) (89) (43 46) (33) (79) (75) (94) (83) (96 97) (34) (13 49) (72) 
3 (62) (60) (43 10 45) (95) (63) (53 22) (47) (3) (56) (30 39) (2) (13 84) (71) (92) (46 17 97) (93) (38 90) (80) (44) (27) (48 16) (18) (83) (65) (12) (70 64) (100) (61 7) (5) (67) (79) (11) (14) (20 82) (34) (89) (29 41) (58) (55) (35) (36) (78) (72) (68 21) (52 8 40 74) (42) (25) (37) (66) (59 50) (32) (49) (87) (81) (73) (57 51) (33) (26) (85) (77 9) (96) (23) (54) (98) (28 24 86) 
4 (1) (21 94 97) (11 71) (25) (4) (42) (87) (32) (96) (89 34) (28 98) (3) (24) (22) (41) (51) (47) (19 77) (5) (29) (43) (44) (65) (99) (6 84) (18 37) (93) (80 38) (56) (40 69) (54) (64) (66) (20) (9) (45) (74) (8) (7) (13) (75) (70) (88) (10) (23) (17) (14) (76) (68) (50) (78) (31 95) (55) (83) (58) (35) (73) (79) (91) (53) (57) (60) (90) (61) (62) (16) (30) (92 26) (59) (82 27) (12) (86) (46) (49) (72) (36 52) (33) (81) 
5 (46 32) (77) (42) (54) (95) (55) (49) (48) (3 98) (10) (28) (20) (51 36 16 71) (41) (5) (73 67) (23) (43) (18) (27) (47) (62) (60) (76 65) (96 25) (92) (79) (2) (97) (37 63) (26) (100) (13) (66) (85) (22) (14) (80) (94) (38) (35) (74) (59) (11 87) (6) (8) (64) (68) (12 17 31) (78) (15) (40) (93) (70) (30) (99) (9) (50 21) (7) (52 19) (86 89 4) (29) (44 72 39 53) (69) (58 82) (61) (83) (88 84) (90) (57) (34) (91) 
6 (3) (4) (52) (44) (29 70) (28) (65) (96) (9) (99) (100) (22) (59) (75) (49 54) (74 72) (73 66) (80) (27) (58) (83) (45) (61) (6) (24) (69) (41) (81) (36) (63) (25) (71 14 38) (98) (94) (76) (8 12) (86) (68) (5) (87) (79) (35) (50) (16) (88 89) (30) (95 20) (60) (42) (47) (26) (34) (48 11) (56 67) (92) (37) (15) (7) (40) (53 82) (39) (93) (55) (46) (64) (21) (1 85 84) (77) (78) (13) (32) (2) (10) (23 17) (43) (31 57) (51) (18) 
7 (37) (82) (46) (39 91) (58) (49) (2) (75) (41) (68) (10 19) (44 40 72) (12) (85) (21) (77) (15) (88) (3) (74 64) (78) (80) (89) (96) (61) (51) (56) (66) (62) (99) (73) (31) (30) (8) (98) (17) (100 32) (7) (48) (14 70 54) (93) (81 11) (86) (55 59) (92) (24) (45) (50) (25) (69) (36) (71) (65) (16) (5) (18) (4) (67) (35) (33) (94 27) (1 76) (29) (28) (38) (43) (6) (87) (47) (79) (84) (13) (20) 
8 (83) (73) (53) (7) (56) (11 50) (13 41) (72) (97) (80) (85) (39) (81) (54) (30) (62 25 23) (68) (45 6) (86) (71 26 15) (65 2) (94) (61) (8) (17) (58) (59) (16 69) (20 35) (55) (34) (87) (99) (79) (51) (24) (88) (3) (78) (60) (95) (57) (29 98 52) (44 42) (89) (70) (12) (63) (37) (9 10) (96) (46) (38 36) (19) (4 82) (66) (28 100) (14) (74 48) (77) (40 33) (90) (22) (43) (76) (31) (64 84) (67 32) (93) 
9 (73) (19) (48 98) (50) (92) (74) (99) (81) (62) (68 33) (35) (58) (8) (77) (57) (72) (4) (22) (12) (83) (40) (54 84) (60 24) (16) (17) (36) (44 38) (43) (3) (59 21) (39) (18) (30 97) (89) (13 85) (6) (49) (90) (96) (80) (51) (37) (27) (7 28) (67) (25) (86) (75 31) (41) (9) (88) (53 11) (23) (78) (69 20 14) (10) (45) (47) (61) (32) (42) (91 1) (65) (56) (82) (93) (94) (26 100) (79) (34) (63) 
10 (57) (77 23 53) (41) (74) (61) (88) (87) (54) (62) (2) (17 8 91) (55 85) (83) (36) (40) (31) (33) (4) (27) (94) (100) (45) (14) (20) (12) (46) (89) (90) (30) (39) (95) (63) (9) (35) (60) (73) (52) (13) (68) (32 49) (99) (24) (26) (65 44) (66) (10) (98) (34 82 5) (93) (42) (79 76) (21) (48 96 59) (11) (69 37 6) (71) (67) (51) (47) (28) (15) (84) (16) (75) (38) (72) (19) (25 86 18 92) (3) (64) (81) (22) (50 43) (56) 
11 (18) (4) (14) (40) (11) (97) (61 71) (66) (36) (10) (31) (76) (58) (50) (75) (63) (90) (16) (25) (24) (34) (53) (93) (96) (62) (54) (28) (33) (42) (95) (78) (7) (56) (60) (55) (48 30) (3) (79) (15) (13 43) (39 35) (92) (65) (84) (88 57) (27) (23 87) (47) (32) (69) (41) (59) (81) (12) (29) (6 1) (80) (5) (52 45) (20) (46) (72) (74) (68) (94) (37) (67) (83) (91 82 2) (51) (38) (98 70) (49) (17) (9) (19) (86 21) (89) (73 85) 
12 (84) (3) (70) (7 78) (99) (94) (33) (96) (11) (89) (4) (82) (81) (75) (53) (54) (35) (42) (97) (13) (85) (62 14) (8) (90) (30) (48) (63) (45) (43) (64) (2 9) (73) (92 28) (61 57) (77 56) (40 5 95 19) (10 6) (83) (88) (50) (86) (71) (49) (66) (15) (38) (55 60) (32) (27 24) (52) (39 72) (46) (26) (23) (58) (80) (20) (21) (36) (41) (12) (74) (69) (91 67) (29) (44) (34) (59) (31) (98 25) (37) (22 18) (76 93) 
13 (60) (77) (48) (31 45) (91 22) (51 75) (83) (57) (96) (39 9) (71 61) (54 84) (1) (23) (34 41) (59) (13) (82) (87) (55) (2) (88) (56) (58) (93) (21) (76) (74) (27) (67) (28) (98 64) (95) (3 32) (6) (44) (33) (18) (30 62) (40) (78) (47) (85) (52) (89) (50 15 16) (10) (65) (4 42) (79 63) (100) (7) (90) (20) (80) (19) (73 12) (25) (17 69) (43) (14) (94) (66) (37) (86) (99) (26) (53) (92) (11) (29) (36 72) (97) (46) 
14 (92 9 95) (45) (57) (83) (81 62) (90) (91) (58 78) (85 22) (36) (70) (40 26) (71) (50) (47 100) (27) (80) (98) (16) (72 52) (73) (49) (87) (25) (14) (5) (39) (69 8) (89) (61) (79) (88) (23) (6 93) (82) (46 2 51) (12) (30) (10) (94) (77 3) (43) (41) (75) (20) (44) (54) (59 99) (21) (7) (64) (11) (55) (53) (31) (68) (84 42) (38) (66) (18) (28) (67) (15) (63) (96) (76) (86) (37) (56) (33 1) (13) (17) (60) (29) (97) (48) (34) (65 32) (4) 
15 (46 33) (9 97) (84) (77) (48) (92) (15) (87) (68) (100) (88) (51 8) (54) (25) (40) (30) (16) (18 70 72) (53) (19 94) (49 55) (17) (93) (86 74) (89) (23 35) (91) (73) (13) (81) (44) (57) (58) (27) (60) (29) (45) (78 14) (98) (37) (7) (67) (22) (42) (59) (61) (32) (65) (21 11) (26) (10) (79) (69) (56) (71) (38) (47) (3) (62) (76) (36 34) (43) (82) (66) (5) (2) (63 64 6) (24) (90) (80) (41) (50) (31) (95 1) (28) (12) (85) (20 52) 
16 (12) (55) (66) (10) (47) (20) (15 2) (87) (46) (92) (64) (25) (48) (35) (36) (7) (97) (54) (9) (6 72) (13 88) (63) (3) (31) (79) (73 17) (40) (80) (45 38) (100) (49) (98 34) (4) (65) (56) (50) (78 60) (41) (99) (26) (59) (68) (82) (77 89) (32) (86) (28 33) (53) (16) (43 57) (51 27) (96) (74) (69) (95) (94 29 1) (81) (44) (18 84) (52) (22) (61) (85) (39) (90 76 58) (30) (75) (24) (70) (14 67) (37 21 42) (91) (11) (19) 
17 (23) (49) (37) (46) (41) (16) (85) (58) (70) (98) (18) (71) (33) (48) (69) (13) (4) (38 79 80) (94) (99) (66) (31 17) (21) (39) (11) (65) (83) (19) (89) (88) (20) (24) (28 61) (74) (35) (81) (2) (57) (90) (73) (53) (60 63) (91) (45) (67) (56) (44) (9) (100) (36) (76) (50) (8) (25) (29) (10) (54) (7) (62) (97) (87) (75) (86) (3) (78 12 6 72) (15 42 93) (47 1) (34) (95) (59) (40 68) (30) (96 14) (22) (92) (32) (27) (55) (64) (51) 
18 (57) (58) (35) (54) (52 13) (51) (7) (85) (97 16) (6) (11 60) (45) (41 82) (20) (68 63) (69) (94 93) (10) (67) (53) (90) (1) (64) (8 56 14 30) (26) (43) (34) (49 55) (78 31) (99 96) (61) (40) (21 27) (24) (66 44) (71) (88) (48) (80) (59) (86) (81 38 5) (2) (37) (32) (87) (73) (25) (36) (75 65) (83) (72) (62) (95) (79) (15 28) (18) (19 84 9) (4) (100) (76) (42) (89) (77 17) (98) (23) (91) (22) (92) (46) 
19 (87) (1 39) (41) (57) (78) (37) (22) (26 93) (84 81) (70) (82) (5) (21 30) (12) (91) (86) (23) (61 88 59) (45) (38) (89) (35) (98) (80 25 36) (49 64 75) (72) (100) (58 92) (71) (79) (63) (17) (85) (13 3) (50) (94) (10) (73) (47) (6) (18 16 68) (53 44) (62) (83 96) (54) (95) (19) (8) (4 56) (77) (55) (15) (90) (27) (67) (52) (97) (29) (31) (42 24) (69) (11) (74 43) (40) (66 33) (28) (32) (46) (14) (48) 
20 (71 46) (31) (53) (44 16) (92 15) (8) (23) (5) (21) (35) (100) (65) (14) (7 74 63) (49) (48 37 73) (9) (41) (18) (93) (17 99 88) (40 28) (91) (72) (87) (59) (86 76) (43 75) (66) (77 22) (81) (96) (11 57) (80) (67) (95 34 83) (25 69) (29) (4) (54) (6 20) (56) (10) (13) (47) (97) (78) (79) (19 85) (45) (98) (3) (89) (70) (61) (32) (62) (26) (38) (84) (58) (30 33) (12 94) (42 24) (64) 
21 (4) (28) (23) (33 57) (50) (70 14 30) (93) (45 62) (68) (95) (78 65) (52 47) (85) (63) (22) (58) (54) (29) (49) (7) (6) (53) (100) (76 66) (24 48 39) (44) (72 81) (73) (26) (3) (61) (46) (79 38) (87) (56) (10) (91) (36) (82 42) (19) (11) (12) (37 92) (18) (59) (1) (69) (5) (74 25) (90) (89) (13) (84) (94) (96) (27) (43 8) (2) (32) (40) (97) (20) (86) (99) (31) (77) (80) (9 55) (17) (16) (21) (41) (35) 
22 (76 72 5) (67) (37) (11) (93) (7 21) (39) (80) (6) (27) (29) (26) (12) (82) (43) (63) (100 74) (92 38) (77) (75 52) (31 28) (4) (88) (42) (73) (86) (22 48) (45 23) (44) (46) (70) (87) (85) (34 2) (64) (95) (56) (18) (14) (49 78) (54) (98 96 20) (79) (13) (32) (84) (15) (99) (61 89) (25) (9) (50) (1 69 62) (57 16) (3) (51) (53) (30) (36) (81) (19) (97) (59) (17) (83) (91 8) 
23 (20) (5) (45 79) (71) (86 14 68) (91) (63) (55) (66) (8) (61) (36) (54 75) (28 31) (47 33) (2) (76) (12) (18) (70) (56) (80) (97 58) (93) (44) (34) (41 72 83) (90) (11) (85) (40) (17) (3 43) (100) (78 96) (48) (73) (26) (25 92 81 32) (50) (99) (77) (13) (35) (1) (23 53) (59 67 98) (89) (74) (88) (21) (9) (29) (16) (38) (82) (87 19) (42 95) (69) (52) (22) (84 24 62 30) (39) (49) (37) (15) (64) (6) (27) (4) (57) (60) 
24 (17) (100) (18) (79 3) (6) (27) (63) (58) (33) (10) (21) (43) (80) (32) (82) (84) (44) (9) (41) (71) (81) (55) (53 36) (65) (11) (67 25) (5) (45) (46) (22) (64 40) (74) (15 98) (12) (68) (88) (49 89) (87) (76) (20) (95) (75) (30 14 47) (78) (61) (54) (7 23) (77) (19) (73) (69 90) (39 50) (62) (60) (38 48) (97) (56) (37) (94) (51 59) (72 26) (8) (28) (57) (1) (29 34) (99) (86) (52) (4 16) (70) (91) (2) (35) (93) 
25 (92) (33) (8) (72) (68) (12) (100) (84) (31) (23) (90) (32) (25) (54) (60) (76) (21) (96) (55) (26) (44) (74) (36) (10 81) (82) (58) (45) (15) (69) (1) (35 18) (83) (6 57) (97) (42) (70) (61) (63) (79) (40) (2) (20) (89) (62) (3 75) (88) (93) (91 27 28 22) (67) (64 98) (59) (48) (65) (37 9 29) (66) (24) (56) (71 7) (34) (94 78) (16) (38) (41) (14) (87) (73) (51) (53 30) (17) (13) (52 43) (5) (95) (50 80) (39) (19) (86) (11) (85) (47) (77) (4) 
26 (48) (43) (31) (3) (49) (32) (99) (88 18) (97) (69 41) (42) (17 89 60) (96) (68) (79 33) (1) (51 37) (6) (85) (74) (63) (64) (14) (84 7 39 47) (2) (45 9 87 92) (78) (95) (10 76) (100 80) (93) (25 34) (13) (52) (54) (20) (36) (5) (58) (70) (65) (40) (38) (62) (55) (53) (44) (83) (27 12) (91 4) (90) (28) (29) (11) (81) (24) (8 73) (72) (50) (59) (23 56 57) (16 77) (19 82 26) (94) 
27 (91) (68) (90) (54 76) (46 95) (9) (58 2 51) (40) (25) (94) (39 53) (17) (83) (69) (84 67) (98) (82) (87) (55) (15) (64 35) (37) (72 13) (100) (42 12) (34) (70) (30 93) (31) (7) (81) (56) (6) (86) (45) (96) (73 97 44) (66) (21) (33 49 22) (74) (3) (38) (41) (78) (80) (43) (65) (61) (20) (59) (29) (8) (23 5) (52) (77) (48) (27) (75) (4 11) (92) (79 1) (16) (71) (14 89) (26) (47) (28) (19 32 63) 
28 (49) (91) (24) (26) (16 86 81) (50) (18) (99) (100) (68 92) (28 22) (15) (66 41) (82) (47 56) (20) (39 95) (98) (11 61) (13) (90 34) (93 37) (94) (58) (97) (65) (14) (59) (83) (89) (72 69) (60) (9) (57) (30) (17) (80) (64) (6) (25 71) (21) (27) (85 74 42) (3) (51 62) (46) (67) (10) (76) (52) (33) (8) (77 53) (43) (32) (19) (55) (38) (70) (31) (73) (88) (40) (23) (29) (45) (84 2) (35) (36) (87) (79) 
29 (66) (91 9) (86) (47) (3) (1) (75) (51) (58 76) (45) (81) (41) (87) (33) (18 43) (42) (79 34) (49) (40) (44) (92) (56) (60) (77) (59) (39) (53) (100 72) (82) (89) (52) (7 84) (90) (37) (99) (32) (54 50) (46) (38) (25) (67) (95) (5) (70) (28) (97 48) (10) (55) (68) (15 31) (11) (94) (17) (35) (88) (20) (4) (27) (6) (63) (13) (36 78) (65) (98) (73) (96) (69 19) (14) (21 23) (12 74) (57) (22) (64) (80 29) (26) (30) 
30 (64) (11) (1) (40) (50) (94) (74) (29 72) (54) (8) (5) (81) (17) (93) (84) (100) (37) (35) (6) (38) (28) (41) (96) (48) (24) (7) (31) (39) (19) (30) (44) (68) (69) (91 75) (79) (3 80 62 45) (95) (14) (53) (78) (34) (70) (9) (87) (56 18) (12) (2) (25) (42) (23) (58 33) (67) (27) (15) (16) (49) (36) (90) (77 99) (55) (82 61 66) (71 43) (32) (88 98) (83 52) (46) (73) (57) (22) (65) (10) (4) (20) (21 86) 
31 (80) (93) (69) (57) (12) (25) (59) (95 3) (77) (36) (91 82) (54) (70) (53) (37) (86 44 15) (17) (38) (64) (42) (2) (83) (22) (85 74) (14) (94) (11 8) (67) (99) (87) (21) (23) (30) (4) (63) (51) (71) (45) (24) (76) (13) (41) (16) (27) (40) (20) (6) (47 19) (31) (26) (33) (32) (7) (29) (79) (46) (1) (61) (73) (55) (100) (5) (89) (50) (18) (66) (97) (52) (10) (43) (60) (34 98) (81) (72 39) (90) (49) (78) (58) (75) 
32 (31) (27) (19) (91) (57) (79) (100) (51) (80) (18) (49) (8) (30) (47) (52) (77 87) (43) (22) (78) (73) (24) (4) (62) (71) (94) (65 89) (15) (39) (81 36) (97 96) (32) (33) (88) (64) (63) (85) (23 13) (11) (38) (70) (45) (26) (59) (3) (2) (56 75 10) (9) (69) (25) (44 17) (35) (99 60) (48) (95) (58) (5 67) (82) (46 66) (42) (29 7) (90) (61 68) (83 84) (20) (54) (93) (41) (50) (6) (98) (28) (12) (72) 
33 (81 2) (94) (100) (13) (96 34 28) (92) (16) (23) (59) (90) (3) (53) (71) (80) (32) (4) (99) (5) (58 10) (38) (64) (74) (35 66) (77 57 30 76) (95 20) (61) (42) (39) (88) (37) (22) (26 49) (97) (75) (27) (40) (62 46) (87) (73) (65) (45) (11) (12) (50) (63 86) (93) (29) (85) (31) (48) (91) (19) (84) (70 55 43) (69) (52) (72 14) (6) (25) (51) (24) (60 78) (68) (47) (54) (18) (41) (17) (1 82) (36 67) (56) (33) (7) (89) (8) 
34 (37) (27) (95) (3) (56 89) (77) (5) (72) (53) (74) (43) (28) (76) (67 58) (51) (46) (7) (79) (91 25 66) (55) (14) (73) (78) (26) (49) (98) (31) (8 4 30 9) (18 99) (35) (57) (21 48) (96) (36) (86) (39 100) (97 90 70) (65) (19) (17) (50) (83) (69) (42) (62) (52) (88) (63) (34) (33 16) (41 2) (54) (80) (29) (11 10) (87) (81 71) (6 15) (24 12) (92) (60 68) (47) (64) (75) (32) (82) (20) (23) (13) (61) (85) (93) (22) 
35 (87) (81) (48) (49) (93 86) (60) (45) (36) (19) (72) (50) (39 94 42) (46) (51) (98) (30 13 32) (14 1) (25) (59) (17) (38) (68) (65) (23) (64) (34) (61) (66) (24) (69 3) (33 54) (96) (11) (63) (27) (99) (10) (5) (70) (31) (21 92) (76 15) (73 82) (35) (9) (57) (88) (67) (89) (2) (95) (22) (12) (84) (40 71) (7 52) (80) (26) (75) (47) (62) (44) (28 29 20) (55) (78) (41) (79) (8) (6) (58 91) (53 77) (43 100) 
36 (57) (50) (22) (8) (72 10) (27 66) (85 70) (48) (40) (14 25) (1) (75) (35) (3 33) (67) (9) (94 4) (82) (43) (7) (41) (62) (51) (15) (11) (54) (28) (55) (17) (63 20) (13) (39 19) (23) (64) (83) (30) (18 96) (46) (77) (81 95) (100) (60) (65) (36) (99 69) (78) (38) (26) (24 58 93) (47) (34 21) (68 98 59) (71) (32) (86 52) (90 61 29 2 42) (31 56) (76) (92) (49) (5 91) (84) (16) (80) (45) (6 87 44) (73) (74) (88) (97) 
37 (70) (100) (81) (91) (51) (82) (10) (96) (57) (8) (69 7) (61) (80) (76 26 21) (44) (1) (78 54) (6 4) (37 98) (62) (39) (93) (2) (13 58) (19) (95 60) (99) (92 71) (68) (74) (3) (25 97) (55) (41) (66) (52) (46 20) (79 33 56) (67) (48 43) (30) (65 12) (72) (90) (29) (84) (14) (45) (53) (94) (11) (22) (32) (47 31) (38) (77 50) (42) (89) (16 40) (59) (15 49) (63) (36 88) (28) (23) (5) (35) (34) (75) (87) (9 17) (85) (83) (27) 
38 (48) (50) (63 37) (2) (19 52) (47) (26 4) (44) (99) (12) (77) (22) (81) (35) (97) (96) (45) (53) (25 98) (28) (56) (64) (8 86 40) (29) (15) (89) (49) (24 69) (75) (72) (13 76) (82) (34) (68) (38) (20) (91 1) (65) (80 23) (55) (30) (71) (59) (27) (10) (88) (61) (100) (84) (94 11) (62 21 90 33) (67) (51) (66 60) (70) (31) (18 39 42) (85) (36) (93 17) (43) (32) (46) (5) (79 73) (14) (7) (6 78) (92) (87) (57) (95) (58) 
39 (3) (19) (100) (6 17) (21) (14) (77 67) (46) (60 61 24) (66 18) (72 25) (7) (68) (12) (90) (55) (74) (94 78) (52) (71) (70) (85 76) (63) (22 15) (9) (83) (37) (1) (73) (48) (54) (5 26) (4) (28) (35 29) (44) (30 36) (58) (47 64) (88) (38) (93) (80) (39) (51) (8) (57) (20) (86) (32) (89 59) (96) (56) (79) (81 40) (10) (42) (97) (84) (43 49 69 13) (45) (98) (27) (11) (65) (2) (75) (95) (92) (99) (62) 
40 (52 76) (53) (18) (51) (96) (71) (9) (97) (95 33 21) (44) (16 62 100 85) (15) (3) (64) (24) (77) (11 63 49) (73) (88 12 66) (5 35) (75) (86) (27) (38 1) (56) (48 93) (20) (6) (91) (92) (10 79) (80) (72 30) (32) (34) (94) (89) (99) (74) (87) (29 65) (84 40 81) (22) (78) (82 23) (17) (39) (41) (14) (55 46 45) (36) (50) (57) (61) (2 59) (42) (37) (98) (26) (83) (90) (67) (28 54) (31) (25) (43 19) (8) (69) 
41 (100) (83) (60) (48) (10) (8 96 2) (47) (65) (50) (87 73) (57) (77) (6 81) (13) (11 22) (24) (69) (99) (37 19 12) (21) (56 17) (46 25) (72) (59) (3) (78) (88) (94) (30) (20) (14) (41) (26 40) (27 80) (23) (9) (63 85) (75) (51) (70) (31) (39) (7) (90) (35) (89) (29) (54) (95) (1) (34) (58) (66) (64) (44 52) (93) (62) (28 74) (79) (55 84) (16) (61 91) (4) (33) (97) (68) (86) (5) (49) (38 71) (76) (98 92) (36) 
42 (69 42) (1 96) (55 29) (21) (78) (97 79) (18) (94) (52 14 28) (24 82) (64 86) (80) (43) (95 54 76 27) (92) (48) (8 49 90 81) (40 7 68 74) (100 75) (31) (15) (20) (37 11) (47) (61) (99) (77) (17) (5) (16) (89) (36) (22) (19) (51) (9) (44) (35) (41) (50 88) (83) (26) (53) (10) (72) (25) (85) (65) (58) (62 23) (91) (56) (67) (63) (30) (70 4) (33) (32) (60) (12) (38) (46) (6) (45) 
43 (37) (87) (85) (86 9) (32 68) (69) (62 3 38) (57) (47) (45) (25) (19 18) (76) (60) (53) (43 44) (98) (30) (15 4) (73) (71) (29) (56 89) (26) (95) (82) (99) (33) (75) (81 61) (70) (34) (5) (96) (93) (40 84) (63) (50) (48 77) (1) (14 28) (31 79) (2) (42) (22) (54) (8) (16 83) (21) (100) (97) (11 59) (23 39) (12) (7) (51) (78 80) (66) (13) (35) (17) (36) (92) (90) (27 58) (72) (65) (94) 
44 (63 83) (95) (92) (36) (50) (91) (24) (19) (27) (70) (29) (10) (74) (54) (87) (26) (37 93) (73) (41) (88) (78) (46) (86) (51) (98) (60) (45) (42) (5) (25) (52) (31) (66) (57) (71) (49) (2) (11) (39) (59) (14) (8) (12) (65) (33) (94) (28) (47) (17) (15) (81) (72 53) (90 7) (23) (1) (96) (77) (44) (9 18) (100) (22 4 32) (85 40 35 3) (34) (67) (16) (48) (13 69 99) (43) (6) (38) (55) (89 84) (79) (61) (56 64) (82) (58) (21) 
45 (95) (70) (57) (89) (38) (62) (13) (66) (80) (58 96) (29) (39) (36) (76) (44) (21) (34) (6) (92) (30) (74 33 49 12) (90 83) (40) (88) (37) (10) (97) (98) (61) (53) (59) (50) (1 51) (3 7 41) (69) (28) (17 56) (23) (81) (20) (48) (32) (19) (26 9) (25 54 77) (22) (93) (47 85) (91) (65) (2 100) (14) (11) (84) (87) (31 5) (99) (24) (4) (45) (73) (15 67) (63) (18 71 78) (16) 
46 (35) (1) (20) (89) (49) (50) (65) (93 79) (57 36) (63 25) (19) (45 30) (47) (62) (43) (13) (5) (56) (16) (58) (29 2) (67) (44) (100) (12) (17) (98 37) (78) (21 99) (96) (3 88) (71) (23) (60) (54) (42) (77) (76) (39) (95) (46) (84) (8) (51 26) (72) (68) (41) (33) (75) (7) (15) (52) (38) (92) (94) (85) (73) (40) (32) (55) (24) (11) (80) (10) (22) (64 48) (34) (70) (91) (74) (28) (81) (27 59 66) (6) (61 4) (83) 
47 (55) (43 36) (65 86 96) (7) (81) (71) (100 94) (69) (37) (21) (76 29) (95) (93 6 54) (20) (59) (87 27 3 62) (39) (42) (68) (50) (9 48 66 8 13) (5 32) (24) (46) (92) (77) (1) (45) (18) (40) (52 84) (30) (75) (35) (73) (16 14) (57) (60) (97) (23) (31) (61) (80) (79) (4 82) (38) (41) (63) (67 88) (28) (78) (17) (44) (89) (83) (53) (15) (51) (22) (58) (72) (64) (25 12 99) (26 85 34 74) (33) (47) (90) (10) (98 11) 
48 (22) (69) (5) (42 30 100) (3) (46) (15) (62) (10) (31) (73) (24) (75) (63) (95) (84 28) (27 60) (40) (23) (8) (18 78) (16) (45) (86) (25 13) (58) (32 26) (92) (81) (64) (19) (17 1) (80) (90) (87) (49 83) (79 4) (7 33 20) (89) (11) (51) (57) (93) (12) (53 39 71) (85) (96 54) (61) (56) (88) (72) (48) (36) (47) (6) (50) (98) (97) (44 37) (91) (82) (65) (70 55) (35) (74) (77) (66) (94 14 76 67) (99 2) (43) (21) (59) 
49 (8) (27) (52 85 17) (86 42 83 31) (34 91) (59 35 36 63) (69) (15) (73) (56) (33) (49) (19 54 79 72 100) (18) (57) (81) (60) (28 5) (92) (84 25) (68) (88) (67) (37) (24) (96) (98) (93) (32) (13) (99) (38 22 39) (77) (9) (41) (97 76) (70) (66) (78) (65) (87 75) (89) (30) (40) (14) (64) (23 12) (61 80) (11) (71) (29) (47) (6) (10) (21) (26) (7) (94) (62) (48) (95) (2) (82) (55) (58 16) (45) (46) (51) (44) (43) 
50 (78) (16 29) (56) (13) (28) (82) (65) (32) (66 26 30 98 46) (43) (23) (14) (85) (7) (45) (99) (9) (89) (93) (47) (57) (75) (71 90 62 2) (24 8 3) (70) (88) (33) (76) (39) (84) (15) (50) (87) (60) (64) (63) (97) (12) (37) (69) (1 44) (5) (95) (38 49) (100 10) (80) (41) (22 58) (51) (53) (48) (83) (17 40) (92) (11) (91) (31) (34) (6) (77) (4) (54) (96) (55 19) (86) (79) (27) (94) (74 81) (59) (25) (20) (61) (72) (21) 
51 (19) (66) (1 51) (60) (39) (41) (18) (99 21) (22) (20) (62) (100) (28) (43) (48) (30) (53) (49) (9 7) (89) (56) (15) (33) (80 58) (24 32) (42) (5) (23) (85) (67) (46) (55) (63) (27) (6 25) (73 96) (10) (81) (11) (13) (50) (52) (70) (8) (75) (12) (47) (97 38) (3 2) (72) (82) (44) (69) (87) (93) (77 16) (4) (34) (91 84) (14) (78 64 79) (59) (65) (61) (90 40) (94) (74) (76) (88) (35) 
52 (97 56) (22) (7) (94) (35) (15 81) (68) (18) (73) (17) (23) (9) (39) (53) (78) (54) (76) (96) (72 40) (28) (36) (69) (92) (41) (49) (52) (6 45) (4) (5 42) (67) (71 87) (57) (70) (50 48) (80) (38) (77) (33 14 86) (11 84) (27 62) (88) (91 65) (47) (1 79) (61) (37) (43) (25) (12) (51 93) (95) (8) (99) (59) (58 21) (2) (32) (66 19) (82) (30) (34) (46 98) (16) (100) (83) (44) (75) (63 55 20) (13) 
53 (33) (59) (48) (20) (19) (17) (75) (56) (51) (1) (10) (65) (63) (21) (54) (24 30 40) (92) (94) (82) (74) (71 52) (35) (66 5 26) (91) (42) (39) (53) (8) (93 31) (2 57) (87) (79 60) (43) (15) (80) (12) (86) (25) (76) (62) (50 38 98) (61 85) (99) (49) (3) (22) (69) (29) (72 4) (41 90) (81 45) (58) (44) (78) (55) (68) (34) (100) (46) (64 9) (47) (32 37) (77) (6) (89) (27) (18) (70) (14) (36) (73) (96 13 84) (16) 
54 (88) (68) (14) (57 69) (59) (77) (24 72) (99) (1) (85 32) (79) (86) (55 29) (19) (95 39) (17) (8) (56) (47) (98) (10) (21) (82) (6) (49) (34) (65) (37) (31) (94) (45) (20) (66) (30) (48) (2) (75) (22 81) (18) (26) (38) (100 84 67 11) (93) (92) (52) (61) (78) (42) (89) (64) (3) (4) (96 16) (7) (53) (87) (90) (58) (54) (51) (44 15) (71) (83) (60) (41) (5) (46 9) (76) (13) (28) (25) (40) (73 91) 
55 (37) (69) (34) (19) (90) (63 75) (73) (23) (64) (9) (8) (22 66) (53) (68 93) (50) (97) (21) (14) (28) (61) (1 46) (6) (43) (83) (100) (65) (52) (11 7) (33 72) (13) (10) (71) (78) (70) (48) (2) (76) (96 49 31) (41 36) (15) (82) (81) (5) (79 54 51) (98) (27) (30) (38) (3) (57) (42) (32) (80) (17) (88) (84) (59) (86) (74) (92) (85) (67 56) (29) (44) (12) (95) (91 47 58) (25) (87) (55) (4 77) (40) (99) (62) (39 16) (20) (35) (26) 
56 (89) (27) (37) (34) (75) (16) (91) (57) (53 76 20) (44) (50) (29) (95 10) (62) (73) (69) (48) (79) (41) (15 56 98) (100) (70) (2) (6) (30) (23) (8 96) (35) (74) (19) (65) (86) (55) (18) (64) (78) (85) (7) (77 45) (82) (94 32) (22) (88) (99) (54 42) (90) (81) (49) (25) (97 28) (38) (36) (87 58) (84 5 13) (12) (46 24) (80) (83) (21) (92) (66) (3 43) (72 67) (9 40) (61) (14) (71) (1) (47) (52) (26) (11) (60 31 59) (51) (93) 
57 (100) (53) (9) (81 59) (21 88) (33 45 32) (79 50) (55) (80 5) (86) (22 40 20 65 1) (75) (66) (24) (15) (18) (51) (77) (62) (3) (69) (49) (36) (13) (27) (29) (41) (12) (61) (90) (58) (31) (92) (72) (6 11) (25) (26) (70) (2) (93 43 89) (48) (14) (99) (96) (44) (4) (17) (97) (68) (63) (64 23) (28) (10 42) (83) (47 85 71) (52) (8) (73) (67) (87 91) (60 84) (35) (95 98 57) (54) (19) 
58 (33) (31) (42) (64) (23) (65) (95) (72 38) (73) (60) (90) (81) (9 92) (36) (45) (8) (71) (28) (49) (56) (66) (26) (51) (29) (69) (52) (13) (58) (99 22) (7) (4 50) (87) (41) (59) (48) (79) (55 93) (100) (14) (15) (97) (77) (82) (18) (80) (12) (21) (88) (62) (85 83) (32) (24) (96 47) (25) (86 39) (17) (37 34 40) (94 46 35) (27) (57 11) (20) (54) (68) (67) (63) (10) (1) (75) (74) (6 30) (53 84) (70 78 43) (3) (2 76) (61) 
59 (82) (58 42 59) (65 70) (76) (100) (22) (36) (21) (88) (12 84 25 5) (95) (7 85) (51) (6 90) (8) (10) (64) (93) (54) (94) (30) (80) (16) (11) (39 2 77) (73) (81) (38) (74) (37) (43 91 29) (87) (19 35) (48) (50) (57) (79 99) (14) (17) (67) (28 34) (92) (9 23) (47 45) (53) (52) (1) (27) (15) (83) (56) (78 66) (89 96 20) (55) (98) (4) (40) (86) (97) (41) (44) (63) (71) (69) (49) (75 61) (62) (3) (72) (32) (60) (13) 
60 (19 9) (13) (64) (100) (96) (14) (89) (27) (52) (8 58) (84) (80) (95) (97) (85 53) (67) (42) (29) (68) (61) (40) (77) (81) (16) (36) (73 39) (11) (7) (51) (78 23) (94) (98) (22 37) (83) (66) (38 21) (76) (99) (55 87 91) (93) (47) (30) (1 56) (4) (82) (49) (48 18) (86) (62) (43) (26) (79) (25 65) (34) (28 90) (92) (3) (35) (54) (17) (63 44) (6 45) (20) (69) (59) (15) (5 33 10) (50 57) (2) 
61 (47 33) (63 86) (1) (66) (17) (69) (10) (40) (90 41) (6) (32 92) (12) (76) (68) (45) (39) (96) (7 15) (36) (28 4) (8 35 82) (9) (95 99) (64) (2 73) (87 60) (94) (78) (37) (49 25) (56 29) (3 26) (52) (20 21) (93) (74) (34) (70) (14) (16) (50) (88) (91 44) (57) (51) (98) (55) (65) (43) (58) (89) (24) (19) (38) (53) (97) (75 83 72 27 84 85) (100) (81 61) (71) (13 18) (59) (23 31) (54) (30) (67 46) 
62 (93) (29) (48) (78) (75 54) (1) (50) (43) (27) (57) (35) (82 53 89) (2 77) (73) (80) (83) (37) (66) (64) (7 21) (96 26) (69) (33 45) (72) (41) (36) (17 92) (4 56) (71) (91) (38 30) (65) (79) (59) (100) (11) (95 25 3) (98) (40) (55) (42) (63) (85) (20) (67) (24) (23) (84) (81) (76) (47 86) (74) (51) (5 62) (58) (52 15) (99) (18 31 44) (6) (49) (60 87) (94) (12) (68 70 61) (97) (19) (39) (34) (14) 
63 (50) (11) (97) (47) (27 41) (76 4) (68) (26) (73) (59 78) (39) (6 90) (96) (31) (49) (13 8) (84) (2 7 1) (67) (74) (64) (66) (37) (60) (92) (22) (98) (20) (34) (94) (86 51) (25) (18) (55) (10 61) (3 16) (32 46) (72) (30) (75 12) (36) (54) (100) (21) (91) (63) (82) (53 83) (95) (43) (79) (17) (29) (88) (70 40 93) (14) (23) (35) (44) (87) (45) (85) (19) (38) (5) (9) (89 24 99 69) (15) (62) (42) (52) 
64 (8 92) (40) (72) (22) (89) (69) (56) (4) (94) (49) (26) (85) (90) (11 54) (37) (81) (36) (55) (25) (33 99) (48 20) (82) (62) (50) (65) (6) (83) (68) (52 2) (18) (24) (17) (13 97 39) (47) (75) (10 15) (66 46) (87) (23) (78 43 57 30) (67) (3) (98) (77) (38) (42) (84) (29) (80) (34 71) (88 19) (53) (51) (59 96) (7) (35) (1) (16) (21) (45 61) (14 100) (27 5) (79 74) (93) (41) (64) (60) (73) (76) (91) (95) (9 28) (58) (44) (70) 
65 (57) (25) (34) (2) (77 16) (78) (89) (12 33) (24) (10) (55) (64) (67) (92 37) (6 74) (35) (21) (75) (30) (47) (95) (40) (86) (17) (59) (53 100) (61) (19) (22) (51) (15) (1 9 52 79 26) (82) (56 45) (11) (28 62 50) (93) (85) (68) (91) (46) (80 39) (71) (49 3) (36) (14) (31) (42) (98) (41 81) (54) (18) (83) (4 87) (84) (13) (65) (73) (8) (72) (94) (90) (29) (48) (5) (63) (58) (43) (44) (70) (7 27) (76) (96) (60) 
66 (95) (77 75) (50) (19) (99) (89 78) (62) (65) (32) (34) (12) (100) (88) (82 47 29) (90) (14) (2 58) (54) (61) (91) (27) (71) (87) (17 31) (3) (63) (46) (8) (72 25) (26 79) (39 64) (28) (69) (52) (6) (36 33) (92) (48) (22) (43) (96) (76) (67) (94) (40) (11 7) (86 45 1) (73) (41) (30) (9) (81) (18) (66) (20) (15 98) (93) (42) (70 37) (85) (97) (80) (23) (74 21) (84) (56) (68) (44) (53) (13) (59) (83) (57) (5 38) (10) 
67 (97) (1) (93) (26) (2) (9) (95) (92) (24 10) (41) (52) (100) (94 77) (54 73) (36) (19) (25) (27) (74) (79) (29 47) (99) (70) (89) (53) (45) (71) (88) (3) (66) (81) (15) (22) (18 91) (21) (35) (17) (83) (98 55) (34) (62 14) (40) (39) (80) (58) (76) (28) (78) (69) (7) (68) (61) (59) (43) (13) (86) (42) (82) (12) (23) (75) (50) (90) (38 49) (96) (64) (44) (56) (5) (46) (60) (11) (20) (85) (87) (30) (63) (72) 
68 (36) (67) (10) (24) (69) (53) (61) (48) (20) (95) (14) (99) (13) (49) (42) (86) (90) (60) (88 22) (16 3) (31) (7) (15) (57) (100 56) (94) (55) (23) (1) (44) (29) (83) (64) (77) (6) (70) (41) (71) (11) (74 66) (5 85) (21) (34 97 78 73) (93) (51) (33) (30) (19) (92) (91) (28 84) (82) (37 12 39) (25) (81) (27) (80) (62) (45) (46) (54) (79) (8) (89) (2) (38) (76 58) (96) (98) (18 43) (63) (75) (68) (87) (35) 
69 (44 19 60) (76) (56 78) (86 51 68 48) (40) (15) (65) (25 79 1) (63) (91 66) (32) (3) (47) (36) (74) (7 46) (81) (29 26) (67) (5) (61) (64) (4) (35) (88) (28) (37) (59) (34) (80) (57) (55) (71) (62) (82 12) (6 27) (14 31 24 52) (100) (77 92 53) (21) (72) (45) (69) (95) (10) (83) (84) (54) (85) (89) (58) (50) (33) (18) (23) (39) (99) (8) (11) (9) (75) (22 49) (94) (30) (73) (87 42) (97) (43) (13 93) (38) (70) (90) (96) (16) 
70 (67) (69) (53) (14) (88) (59) (64 65) (95) (60) (63 83) (38 5) (97) (47) (94) (81 51) (19) (36 74) (32) (80) (15 99) (93) (6) (43) (28 82) (85) (50) (57) (27 54) (23) (62) (42) (24) (79) (20) (9 22) (72) (98) (84) (61) (16) (55 44 91 18 68) (4) (7) (87) (34) (29 35) (3) (21) (2) (75) (1) (96 76 77) (49) (11) (33 48) (37) (70) (66) (31 8) (73) (45) (71 86) (10 25) (58) (52) (30) 
71 (70) (52) (24) (39) (34) (3) (95) (30) (69) (41) (13) (56) (17 46) (65) (64) (74) (49 18) (40 63) (8 7) (21) (68 98 99) (81 90) (60) (50) (38) (23) (84) (37) (9) (27) (1) (92) (75) (87) (44) (100) (14 28) (2) (6) (77 97 26) (33) (96) (89) (71) (54) (86) (93) (91) (55) (19) (66) (47) (10) (35) (45) (83) (22) (11) (58) (80 16) (82) (48) (62 42 20 31) (78) (85) (5) (51) (57) (15) (94 4) (53) (36) (29) (32) (88 73) (25) 
72 (53 14 66) (97 63) (93) (81) (57 35 38 70) (52) (3) (2) (67) (12) (20) (85) (61) (60) (87) (39 82) (75) (19) (71) (22) (72) (47 44) (83) (92) (65) (10) (15 5) (84) (24) (77) (36) (78) (28 86) (74) (88) (54) (80) (95) (73) (99) (8 26) (42 55) (1) (25 76) (6) (51) (49) (9) (48 100) (96) (46) (27) (69) (68 62) (56) (17) (59 40) (41) (58) (29 11) (7) (33 32) (94) (79) (30) (98) (18) (43) (4) (50) (45) 
73 (43 41) (57 78) (67) (8) (59 96) (79) (30) (95) (77) (12) (20) (81) (32) (35) (69 63) (34) (37) (38 89) (4) (75) (49) (21) (91) (94) (56) (25) (58 27) (97) (74 86) (92 90) (5) (72) (19 39) (60) (68 36) (76) (98) (29) (9) (23) (15) (62) (55) (84) (66) (70) (14) (54) (31) (64) (24 51) (22 88 3) (73) (11) (42) (6) (83) (26) (85) (99) (28 100) (40) (48) (50 18) (53 47) (44) 
74 (78 72 35) (9) (12) (83) (82) (87) (71) (40) (63) (90) (28 45) (17) (33 51) (53) (16) (58) (41) (23 74 77 36) (59) (97) (10) (37) (79) (67) (88 6) (22 32 47) (34) (86 60) (62 42) (85) (4) (56) (15) (26) (66) (84) (73 7) (19) (31) (96) (27) (70) (11) (18) (48 13 93) (95) (3) (43) (14) (30) (50 46 68) (44) (2) (89) (69) (25) (98) (57) (91) (55 65) (81) (92) (64 21) (8 76) (29) (75) (99) (54) (49) (24) (94) (5) 
75 (60) (92) (95) (65) (80) (15) (53) (31 41) (39) (50) (36) (55) (26) (3 43) (84) (48) (81) (22) (96 30) (1) (99 23) (18) (49) (75) (45) (7 72) (64) (61) (77) (58) (37 71) (70) (73 13) (11) (85 74) (16) (68) (8) (33 28) (56) (67) (46) (66) (4) (76) (40) (87) (44) (100) (62) (94) (59) (25 35) (24 12) (97) (93) (88) (21) (89 86) (42) (63) (47) (69 17) (5) (54) (34 51) (52 98) (29) (32 20) (6) (14) (10) (19 2) (57) (90) (91) (27 83) (79) 
76 (14 52) (42) (48 30 98 23) (29) (72) (80) (11) (25) (31) (51) (35 18) (50) (86 93) (45) (54) (9) (73) (16) (20) (84) (10) (71) (8) (74) (83 3) (88) (47) (70) (87 76) (99 36) (44) (60) (61) (27 57 85) (100 7) (90) (81 4) (63) (28) (40) (68) (65) (32) (38) (24) (19) (1) (97) (37 34) (49) (53) (55) (94) (46 75) (2) (26) (33 67) (59 78) (64) (15) (95 6 5) (66) (39 82) (56) (89) (43) (17) (21) (12) (92 41) 
77 (30) (17 82 74) (69) (83) (70) (10) (57) (71) (39) (80) (87) (60) (9) (40) (8) (11 14) (61) (73) (27) (97 98) (24) (100) (76) (72 33) (50) (26) (62) (58) (42) (21) (5) (7 93) (23) (15) (63) (18) (47) (36) (12 99) (32 19) (52) (51) (91 53) (6) (84) (45) (90) (64) (43) (20) (77 56 94) (31) (29) (41) (65) (1) (95) (22) (85) (81 25) (37) (2) (13) (35 44) (54) (96) (4) (46) (16) (48) (67 55 86) (75) (88) (38) (3) (79 68) (66) (78) (28 34 92) 
78 (33) (28) (7) (83) (66) (77) (11) (82) (72) (36) (46) (70) (49 6) (88) (44) (37) (5) (41) (54) (59) (21) (80) (24) (67) (61) (92) (93 43) (8) (47) (85 87) (13 79) (89) (23) (58) (53 32) (12 3) (42) (51 31) (91 10) (16) (96) (4) (94) (90) (20) (35) (55) (69) (57) (39 81) (1 17 26 63) (100) (95 15) (38 29) (68) (40) (99) (98) (65 78) (73) (45) (25 84) (48) (34) (76) (56) (18 74 86 75) (9) (27) (64) (52) (30) 
79 (20 38 34 37) (33) (29) (13) (14) (45) (47) (69) (42) (26 55 8) (18) (4) (28 49) (27) (64) (79) (22) (74) (46) (96 2 62) (58 59) (67 85) (93 32 83) (48) (81 72) (89 6) (40) (100) (35) (54) (17) (50) (61) (73) (84) (78) (95) (19) (36 23) (11 71 66) (97) (51) (56) (1 88) (87) (31) (75) (9) (70 77) (92) (21 65) (44) (5) (30 68) (86) (80) (12 25 43) (63) (94) (52) (7) (16) (82) (98) (3) (24) (91) (10) (53) 
80 (99 92) (79) (96) (95) (42) (62) (18 67) (98) (41) (46) (45) (54) (91) (63 16) (80) (70) (59) (39) (23) (40) (5) (33) (36) (12) (29) (6) (86) (48 34) (3) (57) (28) (37) (14) (94) (58) (88) (68) (97) (31) (100) (75 38 87 35) (19 71) (74) (30) (90) (89) (82 81) (7) (2) (49) (11) (27) (55) (51) (60) (73) (66 10 24) (61) (56) (9 78) (17) (69 25 83) (76) (4 93) (72) (44) (43) (26) (64) (85 15) (52) (22) (13 20) (53) (32) (77) 
81 (46) (95) (38 61 100 33) (64) (10) (4) (13) (44 53 76) (94 66) (51) (84) (48) (60 47) (52) (26) (65) (3 49) (9 43) (85) (16) (6) (57) (96 87 14 50) (81) (27 34) (92) (42) (35) (86) (39) (55) (62) (18) (12 17) (79 56 74) (99) (30 82) (20 89) (25) (54 59) (77) (15 58 97 90) (98) (36) (19) (32 69) (91) (31) (8) (67) (21) (7) (71 41) (78) (73) (37) (2) (88) (5) (22) (93) (68 23 80) (1 11) (45) 
82 (63) (68) (72) (3) (48) (78) (13) (62) (65) (8) (93) (91) (96 64) (16) (9) (66) (23) (50 34) (69) (37) (98) (67) (15) (20) (100) (84) (6) (57) (77) (83) (56) (85) (14) (76) (87) (36) (31) (46) (88) (24) (94) (61) (92) (51) (25) (32) (60) (40) (95) (79 21) (41 39) (26) (44) (55) (80) (53) (38) (47) (29) (10) (71) (27) (49) (19) (90) (2) (74) (43) (73 5) (97) (82 45 42) (22) (1) (11) (52) (17) (28 59) (35) (70) (75) 
83 (42) (34) (7 56 27) (52) (25) (24) (58 14 40) (8) (6) (63) (61 38) (91) (28) (32) (16) (82) (77) (99) (36) (11 79) (55) (15) (10) (54) (86) (29) (74) (43) (64) (93) (68) (41) (20) (84) (37) (45) (97) (17) (78) (85) (9) (21) (92 49) (3) (48) (4) (88) (47) (44) (18) (69) (76) (31) (35 73) (72) (12) (65) (30) (66) (89 75) (22) (87) (13 81 50) (1) (53) (80) (62 96) (51) (46) (59) (2) (94 19 100) (39) (23) 
84 (58) (31 61) (2) (68) (11) (44) (80) (72) (50) (6 94) (78 97 42) (29) (1) (34) (23) (62) (21 7) (3) (4) (88 5) (77 51) (63) (96) (71) (82 18) (26) (70) (75) (33) (47) (14) (55) (81 49) (86) (40) (16) (27 53) (87) (24) (20) (85) (93) (74) (45) (39) (69) (66) (91) (13) (76 30) (25) (12 79 100) (83) (52) (17) (57) (54) (8 90) (32) (59) (65) (41 38) (36) (37 84) (56) (48 35) (98) (46) (73) (89 9) (64) 
85 (26) (39) (55) (27) (87) (30) (50) (94) (61) (19 35 64) (66 36 100 2) (4) (41) (56) (3) (79 63) (14) (45) (80) (82) (70 93) (65) (20) (22) (95 68) (75 62) (59) (85 71 77) (42 72) (99) (47) (92) (91) (97) (46) (83) (96) (34) (24) (33 12) (84) (90) (40) (25 29) (86 73) (5) (9) (38) (32) (81) (44 7) (1) (67) (31) (53) (21) (11) (52) (89) (16) (15) (51) (13) (88) (6) (57 58) (43 69 28 23 60) (17 78) 
86 (97) (38) (83) (40) (21) (36) (78) (28 45) (47) (66) (18) (99) (77) (88) (76) (100) (56) (69) (93 22) (84) (64) (46) (3) (75) (41) (2) (27) (37 74) (68 10) (71) (65) (15) (63) (85 13 17) (54) (95) (87) (55) (82 81) (32) (12) (44 51) (42) (39) (52) (26) (92) (9) (16) (50) (70) (4) (72) (25) (8) (61 57) (89) (58) (80) (79 31) (33) (91 98) (60) (23) (94) (48 6) (53 29) (43) (19) (59) (35) 
87 (53 89) (61) (85) (81) (88 60 75) (71) (17) (58) (39 74) (22 90) (36 37) (19) (35) (43 98) (38) (69) (4) (54) (57) (97) (100) (3) (16) (48) (33) (65) (13) (10) (99) (27 67 64) (86) (79) (42) (8) (12 68) (87) (1) (70) (92) (82) (45 47) (21) (55) (18) (91) (44) (66) (96) (26) (9) (41) (20) (73) (5) (31) (72) (62) (52) (23) (49) (84 76) (7) (93) (32) (29) (63) (94) (59) (15 77 2) (11 56) (30 14) (40 80 34) (46) (83) 
88 (77) (55 71 64) (75) (49) (63) (21 95) (94) (58) (89) (48) (67) (93 8) (47 65) (59) (99) (13) (31) (72) (81) (27) (34) (19) (32) (90) (7) (41) (78) (20) (29) (52) (74) (35) (9) (38) (30) (66) (10) (3) (6) (62) (33) (28) (50) (92) (12) (86) (15) (82) (60) (1) (5 54) (16) (51) (70) (88) (84 11) (98) (43) (100) (46 56) (36) (76) (37) (73) (79) (17) (14) (22) (53 57) (80) (45 87) (18) (40) (69 85 42) (61 4 23) (97) (44) 
89 (79) (14 91) (2) (71 62 21) (41) (43 6) (15) (45) (5) (26) (77) (59) (92) (68) (90) (25) (28 57) (95 20 94) (22) (97) (52) (69) (49) (47) (33) (98) (42) (32) (18) (10) (35) (55) (37) (19) (46 99 44) (75) (65) (76 13) (81) (24) (11) (93) (88) (84) (7) (86) (9) (27) (17 74) (31 70) (61) (12) (96) (82) (38) (53) (63) (72) (56) (73) (51) (40) (85 54) (50) (66) (78) (87) (64 83) (58 16) (4) (60) (30) (8) (1) (67 23) (36) (39) 
90 (1) (5 41) (36) (49 77 16 85) (70) (100) (18) (45) (56) (22) (52 62 2 33) (39) (63) (81) (34) (83) (17) (53 13) (19) (78) (38) (82 14 96 69) (21) (37) (95) (80 32) (86) (73) (23) (25) (92 46) (58 66) (20) (57) (48) (44) (90) (47) (31) (40) (75 76 67) (61) (27) (30) (68 54) (84 93) (74) (10) (9) (59 4) (35) (99) (55) (65 51) (8) (94) (64) (91 7 98 12 60 43) (72) (79) (26) (97) (11) (3) (29 24) (89) (50 87) (28) (71) 
91 (1) (53 8 100 57) (79) (65) (60 47) (73 10) (89) (76) (18 16) (99 20) (42) (69 74) (5) (35) (72 24) (96) (30) (67) (14 63) (64 87) (98) (27) (68) (17) (59) (29) (54) (15) (51) (3 92) (43 34) (13) (61) (19) (55 21) (22) (31) (44) (2) (52) (56 37 85 6) (36) (95 90) (66 26) (91) (23) (32) (28) (25) (86) (75) (40) (71 82) (88) (33) (49) (46) (77 45) (62) (39) (50 4) (97) (41 12) (83) 
92 (99 40 29 20) (53) (81) (96) (91) (48 47) (64) (19) (90 6) (83 58) (79) (38) (66 63) (4) (87) (88) (45) (11) (31 50) (71) (86) (18 72) (85) (93) (1) (70) (30 54) (28) (84) (34 24) (14) (74) (62) (76) (77) (25 59) (35) (15) (9 41) (67) (80) (92) (17) (60) (16) (82) (7) (61 69) (100) (13) (78 10) (26) (65) (5) (55) (98 23) (21) (27) (42) (52) (37 8) (12) (95) (36) (56) (33 51 3) (22) (44) (94) (73) 
93 (71 67) (18) (46 60) (61 87) (29) (43) (94) (6) (32) (57) (73) (10) (12 78) (47) (77) (69) (37) (95) (81) (64) (38) (15) (82) (98) (55) (84) (85 79) (35) (59 7) (89 90) (58 62) (76) (5) (34) (31) (72 21 48) (19) (28) (1) (56) (13) (96) (4) (42) (23) (63) (75) (93) (86) (22) (3) (2) (27) (88) (49) (54) (40) (20) (26) (25) (50) (9) (44) (65) (16) (39) (66) (41 83) (80) (14) (24) (92) (36) (68) (100) (53 99 33) (74) (70) 
94 (76 72 79) (75) (86) (20) (94) (45 100) (74) (46 9) (85) (92) (23) (4) (60) (97) (93) (59) (68) (89) (28) (81) (70 57) (33) (56) (48) (64) (35) (14 12) (1) (84 5 63) (80 62) (34) (18) (44) (11) (99) (52) (82) (54) (78) (6) (19) (26 67) (32) (69) (77) (3) (41) (8) (55) (61) (47 22) (49 7 16 87) (98) (90) (13) (31) (58) (36) (24) (15) (51) (37) (91) (43) (95) (96) (2) (38 39) (30) (21) (53 83) (66) (27 73) 
95 (17) (5) (65) (19) (80 8) (56) (84) (85) (11) (59) (3) (33 38) (76) (15) (51) (12) (36 57) (14 47) (18) (77) (64 89 1) (16) (37) (72) (97) (73) (50) (10 71) (100) (29) (70 83) (54) (53) (90) (42) (87 58) (92) (9 25) (4) (74) (30) (67) (79) (22) (60) (32) (40) (63) (2) (21 46) (7) (98 95) (61) (94) (6) (62 52) (24) (88) (35) (99) (91) (49) (41 13) (23) (45 75) (28) (86) (39) (81) (69) (48) (31) (96) 
96 (40) (18) (34) (44) (2) (66) (74) (91) (65 8) (46 70) (80) (29) (33) (17) (24) (22) (88) (96) (81) (49) (50) (69) (64) (90) (94) (11) (63 54 47) (85 95 38 55) (25) (56 37) (84) (62) (52) (43) (93) (28) (3 12) (10) (27) (73) (31) (67) (42) (51) (53 16 36) (1) (60 77) (61) (41) (87) (98) (20 45) (57) (35) (9) (72) (32) (100) (89 92) (19) (83) (58) (23) (7 82) (79) (75) (78) (76) (71) (15) 
97 (23) (96) (99) (33) (52) (67) (10) (91) (61) (100) (18) (1) (64) (85 34) (65 8 72) (2) (93) (82) (12) (26) (20) (36) (24) (13) (70) (29) (31 35) (44) (6) (25 39) (58) (16) (48) (21) (9) (94) (28) (14) (5) (17) (88) (83) (57 50) (78) (59) (77) (92) (71) (43) (55) (75 45) (79) (86) (42) (87 97) (30) (4) (73) (11 27) (54) (80) (22) (7) (32 68) (98) (76) (74) (47) (90) (60) (49) (40) (19) (37) (3) (53) (38 51) (15 84) (62 66 95) (69) (89) 
98 (27 17) (38) (7) (22) (57) (65) (24 68) (99) (75) (53) (36) (86) (50) (81) (76) (14) (41) (8) (3) (64) (12) (43) (69) (94) (97 71) (21 96) (90) (30) (85) (66 77) (88 73) (63 19) (2) (55 48 18) (26) (46) (93) (61) (29) (31) (11) (4 51) (70) (37) (13) (9) (92) (35 44) (20) (79) (40) (72) (16 67) (1) (39) (42) (84 23) (5) (45) (15) (83) (33) (25) (80) (60) (74) (59) (56) (32) (6 98) (82) (62) (28 58) (10) 
99 (85) (62) (73) (37) (43) (20) (55) (54) (58) (41 36 47) (40) (42 22 50 1) (75) (92) (98) (30) (44) (95) (57) (49) (82) (74) (61 16) (79) (77) (71) (46) (4) (25) (100) (29 7) (6 88) (2 89 60 19) (33) (91 86) (39) (96) (9 38) (51 84) (87) (21) (80) (94) (3) (81) (11) (15) (10) (67) (12) (34) (18) (28) (5) (93) (69 45) (65) (63) (48) (35) (24) (14) (68) (78) (26) (64) (27 13) (32) (72) (70) (8) (52) (66) (90) (31 53) 
100 (95) (51) (25) (52) (42) (83) (68) (3) (78 74) (65 81) (87) (1) (10) (98) (43) (13) (75) (53) (12) (66) (14) (46 17) (80) (58 40) (69) (22 11) (6) (4) (33) (8 29) (19) (99) (18) (16) (76) (89) (49) (26) (71 32) (39) (21 96) (2) (7) (27) (35) (56) (79) (47) (44) (45 23) (57) (31 36) (90) (15) (62 9 88 84) (82) (54) (28 59) (30) (73) (37) (60) (41) (64) (72) (55) (100) (61) (94) (5) (38) (24) (92) (77) (86 63) 
1 (59) (67) (38) (18) (66) (19) (58) (96) (63) (21) (95) (1) (71) (64) (52) (31) (93) (81) (48) (41) (22) (27) (68) (23) (55) (91) (89) (77) (14) (65) (75) (92) (40) (7) (88) (50) (2) (69) (87) (72) (13) (4) (83) (53) (35) (42) (98) (56) (60) (15) (43) (54) (46) (6) (33) (84) (85) (90) (29) (79) (82) (26) (9) (78) (25) (36) (70) (37) (39) (16) (45) (11) (24) (62) (57 17) (97) (51) (30) (94) (99) (61) (44) (76) (47) (100) 
2 (25) (70) (45) (74) (97) (2) (53) (77) (91) (34) (71) (51) (65) (48) (63) (49) (62) (52) (27) (30) (72) (59) (64) (39) (100) (55) (11) (16) (18) (98) (86) (66) (6) (37) (85) (33) (93) (5) (32) (57) (60) (81) (17) (96) (54) (75) (3) (58) (83) (10) (44) (61) (7) (26) (28) (13) (14) (68) (80) (40) (1) (67) (76) (35) (22) (43) (89) (41) (94) (31) (50) (56) (84) (12) (87) (90) (82) (79) (24) (23) (8) (21) (95) (38) (36) (99) (15) (46) 
3 (77) (79) (91) (83) (31) (61) (8) (63) (21) (84) (96) (72) (16) (67) (60) (99) (1) (11) (64) (6) (30) (39) (76) (12) (7) (35) (82) (80) (4) (34) (78) (25) (58) (70) (65) (22) (55) (53) (87) (56) (47) (9) (15) (5) (62) (26) (28) (98) (46) (13) (27) (40) (45) (68) (90) (75) (43) (93) (41) (59) (48) (20) (57) (74) (81) (71) (100) (44) (24) (37) (36) (86) (73) (66) (50) (94) (92) (10) (97) (51) (95) (54) (19) (23) (2) (14) (69) (29) (88) (85) (3) (32) (33) (17) 
4 (45) (20) (16) (75) (86) (93) (33) (52) (13) (85) (18) (79) (1) (99) (44) (83) (84) (37) (98) (14) (12) (60) (65) (71) (54) (58) (91) (50) (42) (77) (90) (21) (88) (26) (46) (57) (19) (61) (62) (8) (89) (6) (22) (34) (41) (39) (55) (4) (17) (9) (78) (7) (36) (5) (72) (38) (92) (100) (81) (94) (95) (47) (74) (53) (25) (30) (63) (24) (48) (43) (87) (27) (97) (76) (29) (11) (10) (73) (59) (69) (23) (51) (31) (32) (70) (80) (64) 
5 (67) (97) (4) (32) (93) (25) (1) (79) (60) (19) (23) (50) (56) (41) (15) (40) (76) (39) (45) (63) (27) (3) (21) (88) (43) (54) (11) (35) (52) (74) (90) (71) (99) (91) (87) (38) (53) (81) (20) (26) (57) (65) (33) (84) (68) (94) (12) (69) (7) (92) (37) (55) (95) (46) (29) (42) (18) (49) (66) (82) (72) (62) (14) (6) (5) (70) (22) (51) (100) (36) (2) (80) (48) (34) (89) (78) (64) (47) (44) (30) (10) (77) (85) (59) (31) (24) (73) (75) (98) 
6 (37) (46) (89) (100) (91) (19) (42) (15) (71) (93) (77) (74) (16) (14) (48) (5) (99) (75) (36) (65) (95) (12) (94) (83) (56) (66) (10) (52) (78) (73) (33) (82) (32) (76) (35) (54) (26) (38) (1) (6) (57) (55) (69) (86) (24) (30) (59) (40) (97) (23) (81) (84) (62) (13) (28) (53) (92) (80) (70) (4) (64) (18) (63) (88) (45) (58) (11) (31) (47) (60) (85) (34) (44) (21) (49) (41) (22) (51) (29) (9) (50) (72) (8) (39) (7) (27) (2) (20) (17) (68) (79) (61) (98) (25) 
7 (63) (83) (46) (38) (1) (56) (33) (98) (34) (14) (13) (89) (74) (95) (20) (21) (3) (31) (42) (59) (69) (30) (65) (64) (99) (54) (18) (15) (58) (4) (68) (55) (44) (6) (84) (5) (32) (26) (79) (97) (60) (47) (90) (8) (61) (51) (85) (67) (94) (66) (92) (17) (25) (50) (76) (71) (29) (72) (22) (39) (35) (12) (78) (75) (9) (52) (16) (45) (24) (81) (27) (2) (36) (11) (88) (7) (37) (43) (41) (70) (77) (96) (62) (80) (49) (48) (87) (93) (100) 
8 (77) (40) (98) (89) (19) (34) (60) (42) (41) (44) (53) (75) (20) (43) (99) (46) (5) (95) (68) (23) (33) (7) (9) (59) (65) (94) (35) (49) (26) (73) (18) (31) (27) (78) (87) (83) (50) (3) (97) (36) (54) (12) (32) (82) (4) (51) (71) (84) (6) (58) (10) (57) (100) (48) (24) (8) (28) (37) (74) (2) (38) (14) (25) (79) (64) (70) (66) (92) (22) (52) (1) (69) (47) (90) (30) (88) (76) (96) (72) (56) (61) (39) (55) (21) (17) (15) (63) (86) (91) (81) 
9 (80) (53) (18) (78) (61) (79) (8) (99) (89) (77) (14) (34) (87) (88) (17) (69) (90) (54) (64) (81) (13) (1) (11) (51) (47) (52) (93) (29) (21) (85) (76) (60) (83) (44) (2) (97) (65) (96) (9) (98) (24) (59) (82) (4) (74) (57) (5) (45) (94) (30) (39) (35) (16) (27) (92) (41) (26) (56) (22) (25) (28) (6) (84) (36) (20) (86) (10) (15) (12) (42) (95) (73) (55) (40) (43) (67) (66) (37) (49) (72) (3) (71) (58) (32) (23) (50) (63) (70) (100) 
10 (81) (57) (100) (32) (31) (88) (61) (89) (42) (65) (1) (33) (5) (82) (70) (55) (92) (90) (60) (76) (44) (17) (64) (12) (95) (18) (25) (41) (6) (7) (74) (83) (72) (75) (37) (16) (77) (21) (36) (11) (71) (79) (9) (39) (35) (68) (50) (51) (99) (15) (19) (97) (78) (20) (96) (46) (30) (87) (29) (48) (54) (47) (80) (8) (91) (59) (10) (67) (38) (45) (98) (40) (58) (63) (53) (13) (4) (66) (3) (86) (93) (14) (26) (28) (69) (56) (24) (49) (34) 
11 (73) (2) (38) (8) (60) (76) (58) (45) (49) (40) (23) (100) (22) (18) (10) (31) (43) (72) (69) (6) (85) (94) (41) (19) (78) (75) (55) (7) (44) (37) (96) (9) (92) (42) (90) (66) (99) (26) (28) (57) (95) (97) (16) (62) (67) (24) (34) (79) (82) (83) (27) (11) (15) (14) (77) (29) (70) (30) (88) (1) (65) (35) (4) (3) (5) (56) (13) (21) (63) (48) (74) (71) (12) (46) (80) (36) (89) (68) (39) (47) (87) (84) (33) (50) (98) (59) (64) (81) (20) (52) (32) (54) (25) (17) (51) 
12 (55) (30) (27) (63) (58) (33) (6) (99) (22) (90) (47) (67) (79) (72) (76) (92) (32) (52) (88) (7) (45) (100) (5) (16) (97) (13) (39) (59) (56) (44) (85) (42) (53) (41) (75) (40) (81) (15) (37) (61) (3) (69) (48) (62) (34) (96) (80) (77) (38) (66) (84) (25) (17) (26) (87) (29) (94) (11) (14) (1) (20) (86) (95) (78) (57) (9) (73) (12) (83) (35) (24) (49) (4) (8) (46) (43) (50) (93) (23) (19) (89) (98) (21) (65) (10) (31) (68) (74) (2) (51) (91) 
13 (52) (37) (13) (46) (56) (23) (38) (39) (100) (20) (11) (60) (82) (3) (19) (92) (49) (79) (16) (12) (34) (84) (44) (6) (95) (14) (83) (41) (65) (81) (35) (86) (50) (90) (88) (47) (21) (57) (48) (80) (27) (5) (97) (77) (85) (59) (8) (71) (17) (25) (93) (36) (2) (10) (31) (28) (26) (61) (55) (45) (66) (7) (63) (1) (68) (87) (51) (43) (15) (67) (99) (33) (89) (69) (75) (58) (32) (74) (94) (9) (91) (98) (54) (64) (22) (18) (78) (53) (29) (4) 
14 (64) (37) (15) (95) (61) (93) (90) (85) (1) (35) (30) (39) (58) (80) (9) (36) (55) (12) (72) (76) (17) (82) (18) (34) (79) (49) (71) (100) (70) (43) (57) (22) (31) (53) (73) (97) (81) (74) (51) (4) (14) (50) (11) (41) (48) (19) (59) (40) (77) (92) (54) (33) (88) (91) (98) (21) (65) (13) (67) (94) (5) (83) (42) (75) (68) (45) (89) (66) (20) (29) (3) (24) (2) (63) (10) (27) (99) (26) (16) (69) (47) (62) (44) (52) (8) (87) (6) (7) (38) (28) (84) (60) (56) (23) (25) 
15 (60) (16) (34) (31) (61) (99) (42) (89) (74) (28) (47) (93) (17) (23) (25) (35) (81) (10) (98) (100) (53) (46) (5) (7) (63) (24) (69) (54) (65) (48) (22) (1) (39) (95) (55) (83) (66) (50) (92) (78) (18) (75) (87) (19) (96) (91) (86) (37) (32) (85) (36) (64) (94) (57) (62) (88) (67) (70) (45) (6) (44) (72) (20) (14) (77) (82) (56) (2) (71) (11) (59) (68) (38) (73) (49) (51) (8) (52) (15) (27) (58) (30) (40) (80) (12) (29) (13) (76) (97) (43) 
16 (85) (64) (9) (93) (43) (53) (69) (34) (47) (94) (7) (65) (46) (4) (45) (2) (28) (59) (100) (37) (89) (36) (99) (6) (50) (19) (91) (84) (71) (70) (1) (52) (60) (63) (21) (17) (25) (61) (88) (76) (98) (18) (90) (11) (96) (86) (51) (42) (87) (30) (56) (77) (27) (95) (14) (83) (48) (16) (55) (78) (22) (24) (20) (33) (74) (68) (44) (41) (40) (23) (10) (8) (80) (79) (54) (13) (15) (26) (5) (92) (82) (81) (97) (75) (31) (3) (49) 
17 (41) (14) (59) (6) (83) (64) (84) (74) (8) (43) (45) (78) (91) (63) (26) (58) (5) (57) (80) (95) (98) (76) (49) (18) (96) (72) (13) (65) (7) (11) (4) (52) (40) (75) (67) (9) (37) (32) (46) (92) (44) (100) (47) (38) (23) (89) (77) (24) (30) (50) (28) (79) (10) (60) (48) (87) (90) (85) (20) (17) (62) (88) (16) (86) (97) (35) (19) (31) (25) (66) (36) (39) (71) (22) (15) (82) (54) (55) (61) (42) (81) (34) (29) (21) (3) (33) (53) (27) 
18 (36) (75) (21) (13) (67) (34) (72) (32) (89) (57) (31) (62) (6) (60) (96) (2) (86) (73) (98) (88) (77) (76) (81) (5) (53) (38) (42) (43) (63) (97) (16) (94) (39) (11) (68) (90) (44) (18) (52) (20) (23) (22) (51) (91) (45) (17) (100) (64) (69) (28) (24) (87) (9) (71) (83) (19) (84) (78) (74) (58) (7) (15) (66) (10) (47) (1) (56) (4) (61) (33) (40) (14) (3) (92) (65) (95) (48) (79) (93) (25) (49) (29) (70) (12) (30) (99) (54) (26) (80) 
19 (27) (55) (16) (34) (35) (2) (66) (44) (29) (80) (13) (48) (21) (65) (82) (5) (76) (92) (46) (59) (98) (36) (95) (40) (56) (96) (19) (52) (79) (12) (63) (26) (31) (72) (57) (97) (61) (11) (87) (91) (15) (100) (50) (30) (41) (10) (88) (17) (43) (94) (71) (22) (86) (51) (7) (25) (37) (83) (20) (32) (81) (45) (28) (39) (4) (73) (89) (70) (67) (93) (53) (8) (99) (24) (90) (18) (60) (42) (69) (49) (33) (9) (75) (1) (74) (68) (54) (64) (62) (85) (23) (38) (77) 
20 (58) (27) (77) (1) (59) (38) (36) (40) (9) (32) (96) (23) (8) (57) (11) (99) (34) (66) (85) (81) (3) (56) (15) (60) (88) (24) (14) (68) (82) (89) (21) (29) (76) (22) (33) (92) (73) (41) (5) (20) (25) (55) (16) (46) (30) (31) (37) (97) (61) (83) (93) (6) (62) (26) (91) (2) (12) (98) (47) (64) (35) (87) (39) (4) (28) (51) (10) (84) (48) (13) (78) (71) (7) (75) (67) (90) (50) (79) (45) (42) (18) (70) (94) (72) (63) (54) (52) (53) (17) (80) 
21 (99) (12) (84) (71) (5) (38) (83) (86) (44) (42) (28) (17) (29) (81) (27) (7) (50) (25) (46) (37) (6) (22) (66) (76) (10) (98) (57) (73) (53) (52) (40) (16) (4) (100) (21) (62) (3) (85) (14) (36) (49) (45) (94) (78) (74) (97) (54) (63) (93) (39) (13) (88) (41) (11) (47) (67) (48) (92) (15) (20) (59) (90) (69) (24) (75) (43) (95) (82) (58) (31) (23) (70) (9) (35) (18) (30) (77) (2) (79) (34) (87) (55) (60) (1) (91) (51) (19) (65) (68) (89) (56) (61) (64) 
22 (58) (32) (81) (79) (89) (87) (38) (68) (85) (53) (96) (2) (17) (24) (19) (39) (80) (21) (14) (99) (93) (23) (86) (65) (37) (47) (82) (6) (16) (92) (44) (70) (56) (52) (4) (31) (66) (22) (13) (48) (77) (27) (25) (10) (54) (88) (15) (97) (90) (91) (94) (20) (28) (95) (55) (40) (83) (1) (41) (46) (3) (49) (73) (5) (57) (12) (30) (64) (72) (35) (45) (36) (43) (100) (60) (34) (42) (69) (51) (18) (50) (8) (63) (71) (33) (98) (75) (67) (9) (29) (74) (59) 
23 (96) (42) (23) (62) (48) (49) (27) (77) (32) (19) (1) (22) (17) (74) (64) (29) (55) (2) (11) (61) (46) (81) (25) (75) (34) (59) (40) (14) (41) (24) (35) (67) (3) (70) (18) (95) (100) (36) (33) (71) (38) (73) (56) (91) (43) (47) (78) (6) (97) (60) (21) (84) (51) (86) (5) (82) (31) (50) (76) (88) (98) (9) (66) (69) (58) (63) (28) (45) (57) (92) (79) (20) (44) (80) (87) (4) (13) (90) (94) (10) (30) (93) (83) (68) (85) (37) (52) (8) (15) (89) (12) (26) 
24 (33) (26) (7) (12) (63) (94) (56) (76) (17) (47) (44) (2) (75) (72) (10) (3) (80) (16) (53) (42) (34) (71) (21) (62) (84) (78) (36) (73) (9) (50) (89) (65) (79) (61) (83) (19) (67) (57) (99) (91) (38) (96) (1) (64) (69) (23) (45) (39) (11) (77) (90) (82) (51) (48) (20) (93) (68) (58) (85) (32) (15) (98) (92) (8) (4) (54) (35) (95) (74) (49) (100) (18) (97) (70) (46) (6) (31) (40) (41) (25) (28) (30) 
25 (96) (66) (75) (17) (83) (77) (35) (34) (4) (89) (55) (98) (100) (31) (54) (42) (73) (9) (84) (45) (65) (50) (44) (38) (22) (16) (68) (85) (90) (20) (37) (33) (78) (46) (71) (5) (10) (27) (72) (41) (30) (21) (43) (56) (91) (67) (51) (63) (29) (64) (74) (24) (19) (13) (39) (11) (2) (80) (14) (81) (69) (76) (93) (95) (25) (57) (26) (61) (48) (3) (6) (53) (58) (59) (52) (92) (28) (70) (82) (15) (62) (99) (8) (49) (86) (32) (60) (79) (18) (97) (36) (47) (40) (12) (23) (7) 
26 (92) (55) (87) (74) (14) (25) (19) (40) (46) (3) (82) (37) (91) (13) (81) (53) (23) (67) (43) (20) (79) (48) (44) (85) (84) (73) (28) (10) (29) (99) (80) (41) (58) (75) (47) (90) (36) (72) (97) (5) (31) (77) (26) (27) (60) (45) (32) (57) (33) (89) (66) (21) (16) (35) (39) (62) (42) (69) (56) (22) (6) (63) (71) (1) (54) (93) (15) (98) (34) (38) (24) (65) (49) (64) (9) (18) (78) (100) (12) (50) (4) (61) (94) (8) (76) (86) (2) 
27 (17) (1) (32) (98) (82) (26) (4) (83) (55) (86) (53) (47) (16) (2) (68) (87) (48) (7) (88) (69) (74) (28) (67) (93) (12) (49) (96) (100) (42) (39) (62) (99) (50) (5) (81) (33) (60) (71) (44) (56) (94) (10) (75) (91) (73) (92) (23) (84) (9) (34) (3) (51) (22) (15) (72) (65) (77) (46) (19) (85) (59) (37) (58) (35) (70) (18) (61) (43) (36) (90) (64) (14) (24) (25) (38) (40) (57) (41) (30) (6) (13) (76) (31) (66) (78) (27) (63) (11) (97) (79) (89) (80) (21) (52) (29) 
28 (67) (38) (49) (21) (15) (26) (42) (97) (19) (40) (39) (33) (86) (83) (61) (76) (80) (47) (11) (44) (1) (98) (5) (93) (52) (68) (71) (59) (29) (28) (34) (4) (17) (16) (92) (45) (79) (64) (88) (32) (2) (58) (36) (30) (70) (91) (74) (46) (66) (12) (43) (55) (77) (94) (57) (56) (73) (82) (25) (90) (24) (27) (35) (65) (54) (14) (69) (50) (85) (13) (8) (51) (37) (41) (20) (96) (75) (23) (18) (89) (9) (78) (48) (10) (95) (100) (6) (99) (72) (22) (7) (60) (3) 
29 (14) (84) (96) (37) (59) (88) (54) (73) (1) (83) (11) (30) (80) (47) (13) (22) (28) (77) (45) (12) (7) (32) (71) (56) (31) (27) (35) (5) (90) (91) (19) (98) (62) (67) (72) (2) (58) (16) (65) (86) (21) (41) (20) (78) (64) (100) (36) (82) (49) (97) (69) (53) (17) (57) (75) (24) (15) (79) (46) (25) (61) (8) (68) (74) (34) (40) (39) (3) (42) (63) (66) (76) (95) (87) (43) (92) (4) (93) (44) (38) (60) (6) (50) (29) (23) (85) (99) (70) (26) (33) (55) 
30 (63) (92) (12) (47) (56) (36) (99) (53) (51) (84) (50) (89) (41) (5) (80) (52) (97) (85) (17) (98) (46) (77) (43) (60) (74) (2) (48) (72) (37) (88) (22) (78) (40) (16) (65) (1) (4) (42) (79) (34) (9) (62) (81) (91) (54) (28) (59) (33) (61) (3) (29) (69) (6) (87) (30) (67) (68) (45) (20) (58) (94) (95) (90) (15) (24) (21) (8) (64) (19) (76) (70) (27) (71) (13) (32) (38) (66) (10) (75) (83) (100) (7) (73) (11) (31) (55) (35) (39) (14) (18) (25) (49) (23) 
31 (68) (22) (94) (80) (90) (5) (86) (71) (27) (23) (45) (40) (21) (76) (11) (30) (8) (70) (14) (25) (82) (28) (33) (73) (56) (97) (81) (29) (37) (61) (35) (93) (85) (58) (2) (42) (96) (49) (7) (63) (84) (54) (91) (20) (19) (99) (50) (92) (32) (12) (69) (74) (44) (13) (6) (100) (57) (55) (98) (26) (75) (18) (83) (38) (77) (36) (62) (15) (43) (48) (53) (88) (34) (1) (10) (89) (78) (87) (4) (79) (17) (66) (65) (16) (31) (9) (95) (41) (47) 
32 (53) (49) (87) (42) (14) (66) (23) (96) (73) (35) (57) (54) (36) (15) (99) (44) (45) (43) (97) (12) (30) (63) (93) (25) (9) (79) (59) (2) (61) (55) (33) (29) (71) (40) (5) (38) (88) (75) (47) (27) (32) (34) (50) (100) (95) (98) (3) (56) (52) (26) (89) (7) (83) (58) (82) (20) (76) (16) (74) (78) (24) (69) (31) (21) (22) (28) (90) (91) (77) (86) (19) (94) (1) (85) (6) (17) (51) (13) (4) (81) (8) (70) (46) (18) (10) (11) (72) (39) (48) (80) (84) (37) 
33 (77) (44) (87) (43) (4) (80) (58) (23) (27) (13) (31) (17) (49) (50) (86) (9) (53) (34) (94) (19) (41) (93) (2) (79) (70) (7) (48) (89) (61) (8) (72) (45) (21) (65) (68) (20) (66) (10) (78) (76) (40) (46) (26) (90) (99) (74) (35) (55) (71) (69) (15) (14) (62) (57) (88) (28) (95) (11) (100) (16) (32) (85) (12) (37) (97) (29) (24) (75) (51) (36) (98) (81) (38) (30) (92) (96) (47) (91) (42) (60) (33) (1) (3) (84) (52) (64) (25) 
34 (51) (82) (58) (5) (4) (37) (54) (80) (29) (28) (70) (76) (73) (65) (52) (81) (15) (26) (25) (99) (67) (91) (47) (56) (59) (35) (18) (64) (3) (16) (60) (68) (79) (85) (44) (8) (2) (14) (71) (97) (94) (66) (53) (61) (11) (74) (75) (36) (12) (63) (69) (93) (78) (22) (88) (90) (38) (50) (55) (45) (31) (30) (20) (1) (84) (87) (34) (83) (46) (43) (92) (77) (62) (17) (33) (27) (24) (9) (10) (40) (96) (49) (23) (6) (41) (13) 
35 (93) (15) (77) (61) (63) (91) (97) (95) (4) (68) (24) (65) (85) (82) (33) (83) (1) (36) (76) (32) (98) (12) (38) (58) (67) (35) (88) (42) (86) (87) (71) (60) (8) (79) (47) (17) (44) (41) (27) (3) (51) (72) (75) (34) (5) (81) (73) (28) (16) (30) (40) (23) (37) (94) (11) (19) (57) (2) (43) (25) (99) (62) (59) (18) (78) (39) (92) (55) (6) (69) (74) (56) (100) (53) (90) (96) (48) (10) (89) (84) (9) (70) (52) (21) (49) (7) (29) (46) (64) (20) (80) 
36 (9) (17) (75) (80) (59) (44) (61) (92) (46) (18) (37) (21) (24) (48) (38) (16) (10) (67) (14) (69) (55) (83) (33) (87) (42) (88) (94) (31) (47) (26) (36) (1) (64) (74) (2) (82) (66) (49) (6) (77) (11) (35) (4) (86) (76) (30) (70) (29) (22) (65) (73) (57) (90) (53) (93) (89) (58) (5) (68) (84) (34) (81) (41) (45) (52) (8) (79) (28) (7) (62) (32) (19) (40) (60) (3) (25) (99) (95) (96) (100) (56) (78) (13) (91) (98) (85) (71) (12) (43) (97) (63) (72) (23) (39) (15) 
37 (79) (98) (100) (84) (54) (10) (50) (94) (97) (87) (1) (18) (92) (43) (66) (99) (9) (17) (44) (4) (55) (47) (34) (76) (41) (14) (2) (26) (24) (3) (71) (8) (63) (37) (56) (12) (77) (69) (59) (33) (46) (20) (5) (65) (93) (38) (60) (78) (40) (16) (75) (82) (80) (19) (29) (48) (53) (86) (83) (68) (88) (45) (13) (7) (22) (31) (89) (61) (15) (21) (90) (6) (91) (30) (52) (28) (74) (81) (49) (96) (25) (39) (58) (70) (27) (42) (62) (95) (11) (64) (23) (73) 
38 (81) (6) (30) (96) (38) (2) (69) (61) (63) (78) (44) (45) (67) (41) (28) (52) (90) (87) (10) (7) (86) (50) (36) (15) (18) (26) (60) (35) (20) (19) (43) (46) (32) (29) (3) (62) (70) (89) (71) (83) (47) (37) (100) (17) (80) (97) (94) (88) (95) (98) (66) (73) (82) (21) (84) (31) (49) (33) (56) (9) (59) (39) (11) (92) (1) (93) (14) (85) (76) (40) (58) (64) (5) (4) (54) (42) (8) (77) (53) (12) (16) (22) (24) (72) (51) (79) (68) (25) (55) (27) (99) (23) 
39 (84) (82) (64) (17) (44) (29) (62) (48) (99) (38) (89) (94) (10) (50) (39) (30) (45) (68) (60) (9) (24) (75) (59) (40) (76) (80) (16) (46) (32) (11) (100) (65) (34) (78) (8) (1) (49) (13) (77) (51) (28) (53) (55) (98) (36) (21) (26) (54) (5) (23) (90) (19) (12) (2) (25) (85) (97) (3) (72) (31) (67) (58) (66) (22) (91) (41) (81) (83) (87) (52) (35) (33) (71) (63) (43) (6) (69) (47) (61) (73) (7) (93) (37) (14) (95) (27) (86) 
40 (23) (4) (56) (35) (11) (8) (38) (82) (83) (5) (88) (87) (96) (47) (25) (97) (26) (16) (67) (39) (73) (61) (92) (50) (40) (57) (53) (75) (54) (91) (71) (36) (41) (85) (21) (18) (30) (48) (93) (10) (55) (33) (99) (76) (15) (49) (80) (86) (24) (90) (28) (9) (20) (31) (62) (12) (45) (98) (69) (6) (63) (7) (43) (60) (77) (3) (42) (64) (95) (2) (58) (14) (51) (27) (66) (84) (100) (78) (52) (46) (29) (74) (79) (59) (37) (17) (19) (1) (65) (72) (13) (44) (89) 
41 (15) (90) (46) (40) (92) (49) (29) (100) (81) (68) (36) (34) (21) (52) (56) (62) (18) (98) (73) (61) (4) (84) (12) (64) (59) (9) (89) (30) (50) (33) (17) (20) (16) (6) (80) (87) (10) (44) (41) (86) (35) (85) (53) (88) (71) (31) (76) (78) (19) (32) (8) (14) (11) (58) (82) (37) (45) (95) (99) (54) (93) (3) (25) (24) (94) (42) (7) (96) (5) (28) (47) (67) (1) (74) (66) (2) (51) (83) (27) (65) (72) (26) (23) (75) (77) (55) (57) (91) (13) (63) 
42 (30) (54) (70) (8) (55) (51) (36) (34) (49) (83) (65) (2) (68) (63) (67) (48) (28) (97) (73) (56) (20) (38) (76) (14) (64) (32) (59) (6) (100) (47) (43) (31) (33) (23) (1) (18) (75) (3) (62) (78) (92) (87) (25) (98) (39) (77) (95) (29) (46) (57) (58) (27) (99) (11) (74) (52) (13) (44) (82) (93) (15) (96) (17) (81) (4) (5) (88) (16) (91) (26) (60) (66) (71) (42) (9) (19) (53) (79) (89) (86) (37) (10) (85) (69) (21) (84) (72) (40) (22) (80) (35) (12) 
43 (3) (83) (26) (5) (70) (65) (85) (94) (34) (20) (38) (33) (48) (55) (73) (69) (18) (66) (100) (8) (12) (86) (42) (10) (47) (72) (14) (90) (51) (16) (36) (31) (91) (82) (39) (35) (24) (56) (68) (23) (32) (62) (22) (77) (78) (96) (37) (89) (13) (4) (57) (30) (88) (63) (21) (19) (43) (1) (40) (59) (44) (52) (64) (75) (60) (49) (98) (9) (2) (81) (74) (61) (29) (11) (15) (99) (25) (87) (80) (27) (46) (67) (79) (7) (53) (50) (58) (76) (93) (6) (28) (97) 
44 (51) (68) (3) (70) (73) (60) (35) (30) (4) (42) (44) (55) (21) (5) (97) (13) (46) (16) (31) (45) (14) (64) (94) (8) (50) (29) (6) (24) (26) (1) (86) (40) (49) (89) (93) (22) (87) (83) (52) (2) (20) (62) (38) (54) (79) (36) (19) (98) (91) (82) (23) (37) (10) (77) (65) (90) (41) (53) (74) (67) (92) (48) (27) (100) (71) (15) (88) (47) (85) (7) (32) (18) (72) (57) (12) (80) (76) (43) (99) (75) (59) (96) (81) (39) (66) (17) (9) (78) (61) (56) (69) (63) (84) (25) 
45 (60) (8) (82) (83) (89) (69) (39) (61) (52) (15) (45) (48) (1) (9) (43) (29) (99) (42) (88) (25) (38) (28) (21) (47) (97) (14) (84) (78) (72) (66) (27) (90) (59) (11) (2) (94) (67) (53) (36) (35) (96) (76) (79) (77) (10) (58) (92) (91) (31) (54) (23) (20) (46) (16) (85) (6) (98) (19) (17) (13) (4) (71) (30) (81) (33) (22) (63) (50) (3) (32) (7) (44) (12) (95) (40) (64) (75) (62) (24) (86) (70) (57) (100) (65) (18) (68) (80) (74) (37) (87) (49) (26) (56) 
46 (6) (16) (28) (38) (5) (29) (32) (22) (53) (21) (2) (72) (84) (40) (39) (14) (78) (100) (50) (95) (34) (85) (55) (49) (77) (65) (68) (46) (67) (24) (91) (44) (8) (66) (71) (93) (83) (33) (12) (41) (74) (54) (11) (36) (63) (98) (15) (75) (31) (89) (81) (86) (7) (19) (99) (48) (1) (87) (82) (94) (4) (96) (56) (35) (79) (76) (27) (88) (3) (69) (61) (52) (58) (17) (64) (47) (20) (13) (10) (18) (30) (51) (80) (42) (37) (90) 
47 (32) (88) (86) (52) (6) (71) (11) (72) (47) (42) (35) (61) (19) (85) (92) (15) (83) (90) (14) (4) (64) (65) (1) (97) (13) (41) (33) (48) (63) (87) (5) (76) (44) (50) (67) (23) (73) (75) (51) (53) (95) (79) (25) (16) (36) (20) (28) (7) (84) (82) (37) (9) (45) (24) (74) (78) (81) (55) (21) (93) (77) (27) (69) (62) (43) (60) (46) (56) (57) (70) (38) (17) (39) (49) (100) (29) (34) (94) (99) (26) (66) (96) (89) (59) (58) (31) (91) (3) (54) (10) 
48 (34) (33) (18) (57) (73) (86) (82) (35) (90) (97) (53) (6) (39) (65) (37) (81) (42) (83) (77) (41) (8) (19) (7) (46) (74) (14) (84) (29) (56) (47) (80) (62) (10) (3) (70) (24) (72) (59) (95) (43) (17) (21) (87) (69) (98) (16) (75) (54) (12) (55) (51) (93) (23) (5) (52) (94) (45) (58) (40) (44) (9) (88) (26) (15) (27) (71) (76) (25) (30) (60) (32) (79) (92) (38) (36) (20) (49) (11) (50) (22) (64) (78) (13) (99) (2) (66) (68) (48) 
49 (84) (7) (11) (12) (31) (100) (40) (29) (19) (53) (48) (61) (52) (27) (62) (16) (18) (59) (21) (6) (96) (30) (68) (35) (82) (95) (28) (63) (4) (60) (9) (90) (10) (17) (69) (81) (41) (39) (2) (44) (57) (65) (5) (36) (20) (83) (72) (54) (22) (93) (32) (87) (15) (67) (64) (80) (23) (50) (91) (70) (58) (79) (37) (89) (51) (45) (46) (49) (26) (88) (34) (94) (33) (73) (42) (24) (99) (55) (76) (97) (74) (14) (1) (3) (78) (75) (38) (56) (71) 
50 (58) (34) (41) (19) (85) (56) (37) (36) (70) (32) (4) (74) (93) (72) (79) (52) (12) (59) (89) (8) (91) (55) (43) (95) (14) (88) (11) (92) (67) (23) (69) (61) (42) (46) (62) (10) (40) (86) (17) (47) (29) (71) (9) (66) (31) (7) (75) (28) (38) (3) (5) (33) (97) (26) (48) (64) (63) (77) (13) (60) (16) (6) (45) (76) (82) (84) (96) (98) (99) (90) (25) (50) (53) (15) (44) (81) (51) (35) (65) (73) (2) (22) (83) (57) (30) (24) (1) (21) 
51 (8) (45) (52) (48) (91) (68) (97) (40) (14) (6) (69) (86) (65) (56) (84) (100) (41) (51) (59) (82) (18) (26) (1) (83) (9) (5) (61) (89) (2) (73) (63) (43) (16) (50) (29) (79) (44) (99) (53) (64) (11) (94) (76) (85) (34) (32) (46) (22) (78) (88) (38) (62) (49) (98) (60) (28) (74) (39) (54) (77) (10) (72) (81) (42) (57) (92) (4) (35) (95) (47) (55) (90) (71) (3) (7) (17) (25) (96) (15) (24) (75) (58) (36) (27) (13) (70) (33) (37) (80) (31) 
52 (59) (25) (40) (75) (97) (33) (77) (47) (31) (70) (32) (92) (21) (65) (8) (54) (14) (71) (16) (58) (24) (35) (1) (100) (60) (15) (78) (36) (6) (30) (82) (34) (53) (81) (46) (64) (27) (86) (84) (23) (95) (10) (55) (44) (67) (62) (87) (11) (94) (39) (52) (13) (4) (37) (3) (19) (76) (51) (72) (66) (96) (2) (12) (38) (91) (88) (22) (18) (90) (69) (79) (5) (56) (28) (63) (89) (42) (61) (49) (29) (99) (83) (57) (26) (80) (85) (41) 
53 (24) (61) (57) (16) (30) (53) (74) (37) (3) (59) (35) (22) (52) (68) (66) (69) (9) (88) (6) (82) (38) (72) (10) (60) (2) (62) (83) (15) (58) (63) (13) (80) (64) (23) (75) (79) (28) (87) (29) (50) (26) (85) (1) (18) (20) (70) (84) (77) (81) (44) (98) (56) (31) (42) (86) (43) (51) (99) (47) (14) (21) (97) (90) (27) (34) (94) (89) (67) (73) (40) (55) (93) (54) (4) (96) (76) (5) (8) (100) (11) (19) (65) (48) (92) (91) (78) (45) (95) (12) (25) (33) (17) (71) 
54 (77) (39) (8) (64) (59) (11) (33) (80) (43) (73) (78) (42) (66) (41) (57) (70) (67) (26) (5) (63) (55) (31) (81) (68) (49) (87) (94) (9) (89) (48) (2) (34) (15) (7) (37) (99) (17) (53) (32) (86) (19) (93) (61) (13) (88) (3) (74) (21) (22) (20) (29) (35) (14) (76) (25) (83) (36) (45) (75) (62) (1) (84) (52) (96) (40) (54) (27) (90) (47) (6) (95) (97) (56) (58) (60) (100) (4) (46) (65) (23) (30) (10) (24) (92) (12) (50) (69) (16) (18) (72) (44) (71) (91) (79) 
55 (30) (94) (34) (77) (70) (56) (8) (54) (2) (100) (97) (10) (47) (19) (55) (6) (79) (52) (39) (98) (75) (59) (80) (99) (38) (74) (76) (25) (61) (1) (28) (86) (48) (60) (40) (16) (26) (82) (49) (11) (27) (73) (36) (29) (4) (93) (50) (91) (44) (90) (17) (18) (71) (85) (67) (21) (14) (81) (53) (23) (65) (33) (88) (5) (35) (57) (92) (42) (63) (13) (3) (46) (58) (78) (89) (31) (83) (7) (62) (15) (69) (87) (64) (37) (68) (41) (24) (84) (51) (96) (72) (12) 
56 (93) (86) (71) (43) (85) (92) (46) (18) (76) (82) (77) (96) (66) (100) (51) (79) (64) (65) (24) (27) (19) (8) (22) (6) (32) (4) (68) (98) (12) (40) (11) (42) (78) (58) (59) (81) (33) (1) (45) (30) (80) (25) (2) (15) (3) (73) (23) (53) (60) (91) (29) (72) (49) (75) (28) (21) (36) (62) (61) (90) (20) (14) (74) (7) (87) (26) (55) (13) (67) (54) (88) (95) (16) (37) (50) (69) (39) (44) (89) (10) (34) (48) (56) (94) (38) (41) (17) (52) (83) (9) (84) 
57 (45) (90) (47) (53) (58) (64) (54) (95) (29) (100) (75) (96) (10) (36) (22) (84) (11) (66) (60) (59) (26) (18) (24) (6) (16) (23) (70) (15) (43) (20) (99) (68) (35) (34) (37) (65) (17) (86) (62) (88) (25) (12) (52) (40) (21) (41) (82) (87) (30) (97) (28) (61) (93) (55) (74) (44) (39) (78) (91) (14) (76) (94) (9) (85) (89) (19) (32) (50) (57) (31) (71) (80) (33) (46) (8) (77) (38) (13) (56) (5) (3) (49) (69) (81) (72) (98) (4) (73) (48) (1) 
58 (51) (45) (14) (5) (24) (26) (90) (61) (59) (28) (16) (67) (96) (48) (13) (23) (98) (77) (87) (17) (44) (46) (29) (65) (93) (57) (50) (36) (25) (27) (11) (89) (9) (85) (33) (31) (20) (69) (88) (42) (74) (71) (100) (43) (8) (94) (55) (34) (92) (32) (56) (41) (78) (30) (1) (53) (70) (4) (6) (95) (54) (18) (72) (12) (81) (99) (49) (21) (84) (83) (79) (39) (58) (37) (19) (52) (60) (3) (64) (66) (35) (62) (47) (97) (7) (80) (68) (73) (75) (2) (38) (15) (86) 
59 (29) (7) (23) (43) (24) (72) (73) (9) (57) (19) (27) (39) (46) (49) (80) (37) (94) (8) (41) (1) (48) (84) (51) (70) (79) (59) (17) (5) (86) (6) (67) (82) (66) (15) (89) (97) (78) (69) (3) (47) (91) (75) (33) (52) (56) (54) (58) (11) (74) (45) (64) (13) (83) (63) (35) (10) (31) (85) (4) (38) (93) (28) (95) (88) (40) (92) (62) (2) (60) (81) (98) (25) (55) (16) (32) (44) (26) (22) (65) (21) (50) (100) (20) (87) (61) (36) (12) (18) (53) (76) (90) (14) 
60 (47) (8) (97) (88) (73) (77) (9) (12) (72) (95) (14) (54) (37) (29) (93) (49) (48) (99) (24) (10) (53) (92) (18) (15) (31) (25) (56) (6) (32) (5) (70) (69) (68) (28) (39) (80) (90) (82) (44) (76) (98) (85) (71) (26) (33) (62) (86) (17) (64) (42) (75) (96) (58) (16) (11) (35) (74) (43) (3) (46) (94) (4) (100) (50) (13) (34) (57) (51) (38) (65) (63) (81) (41) (67) (61) (89) (87) (23) (91) (36) (59) (1) 
61 (57) (9) (83) (82) (28) (6) (68) (64) (85) (46) (70) (31) (34) (90) (95) (72) (53) (86) (22) (75) (5) (89) (80) (41) (18) (58) (21) (15) (17) (61) (38) (78) (12) (96) (99) (32) (88) (76) (56) (2) (1) (87) (7) (52) (39) (69) (51) (20) (3) (59) (23) (42) (63) (54) (77) (16) (66) (94) (13) (84) (79) (4) (37) (81) (25) (40) (35) (48) (98) (92) (60) (43) (47) (19) (62) (45) (44) (93) (97) (24) (50) (10) (100) (30) (11) (67) (65) (14) (8) (36) (27) (49) (33) (91) (55) 
62 (77) (66) (58) (33) (97) (8) (89) (59) (10) (84) (36) (40) (5) (74) (83) (62) (88) (91) (9) (37) (45) (48) (20) (50) (52) (35) (21) (49) (23) (42) (22) (7) (1) (65) (19) (39) (90) (14) (80) (43) (87) (11) (94) (79) (56) (60) (72) (12) (57) (69) (68) (13) (93) (17) (4) (99) (30) (75) (71) (41) (51) (63) (98) (32) (85) (95) (55) (81) (46) (24) (96) (15) (100) (3) (34) (64) (73) (26) (53) (82) (92) (38) (28) (18) (25) (67) (70) (47) 
63 (14) (89) (27) (88) (13) (52) (17) (74) (44) (70) (51) (15) (61) (94) (78) (100) (43) (11) (48) (57) (25) (1) (41) (8) (71) (26) (35) (33) (95) (50) (24) (93) (76) (36) (6) (29) (91) (85) (53) (45) (23) (80) (39) (73) (60) (86) (99) (68) (16) (96) (42) (63) (58) (84) (9) (20) (98) (55) (32) (19) (31) (21) (34) (72) (47) (82) (40) (83) (18) (87) (59) (46) (75) (12) (5) (92) (3) (38) (79) (2) (77) (37) (67) (66) (10) (62) (65) (49) (69) (22) (90) 
64 (95) (93) (53) (55) (58) (33) (91) (19) (50) (39) (32) (60) (64) (51) (74) (30) (16) (69) (22) (100) (83) (10) (40) (24) (42) (47) (14) (31) (85) (82) (15) (25) (6) (70) (41) (90) (77) (76) (61) (63) (29) (56) (66) (59) (35) (20) (4) (44) (75) (98) (49) (88) (68) (46) (5) (2) (99) (34) (23) (67) (17) (7) (57) (36) (38) (84) (73) (12) (65) (26) (79) (87) (71) (89) (3) (1) (62) (28) (97) (78) (18) (94) (81) (80) (96) (86) (8) (54) (27) (48) (13) (92) 
65 (60) (52) (79) (48) (16) (78) (93) (13) (36) (91) (1) (97) (54) (96) (30) (6) (44) (56) (71) (8) (61) (35) (39) (89) (58) (42) (95) (66) (81) (21) (47) (77) (4) (37) (28) (53) (76) (32) (45) (14) (29) (17) (11) (72) (7) (10) (38) (27) (82) (50) (20) (59) (75) (49) (98) (64) (5) (55) (25) (46) (9) (51) (15) (62) (74) (83) (18) (69) (57) (84) (87) (85) (33) (90) (41) (2) (43) (34) (70) (24) (92) (40) (65) (26) (88) (3) (86) (99) (100) 
66 (57) (52) (15) (54) (21) (27) (100) (35) (17) (79) (50) (84) (4) (7) (66) (34) (64) (43) (70) (63) (31) (51) (83) (77) (1) (11) (96) (44) (23) (10) (87) (86) (82) (8) (46) (12) (81) (74) (49) (92) (97) (71) (6) (90) (16) (61) (91) (75) (47) (18) (99) (40) (76) (88) (62) (20) (59) (80) (14) (78) (58) (67) (56) (69) (39) (93) (72) (85) (32) (3) (30) (60) (41) (29) (94) (98) (19) (38) (68) (28) (73) (13) (45) (5) (48) (89) (33) (36) (37) (25) (2) (55) (53) 
67 (36) (24) (42) (6) (19) (99) (73) (13) (85) (3) (12) (82) (49) (72) (64) (93) (22) (16) (74) (90) (7) (89) (60) (76) (34) (9) (97) (25) (95) (28) (1) (94) (77) (51) (63) (56) (23) (81) (98) (45) (15) (10) (8) (55) (11) (40) (39) (38) (92) (47) (88) (78) (59) (44) (57) (33) (79) (29) (61) (5) (58) (30) (52) (75) (69) (65) (66) (91) (68) (18) (70) (32) (20) (80) (46) (35) (37) (54) (62) (14) (31) (96) (2) (17) (27) (87) (48) 
68 (64) (2) (35) (77) (42) (68) (71) (93) (74) (99) (10) (39) (91) (100) (34) (47) (18) (37) (3) (65) (19) (72) (17) (27) (66) (11) (60) (63) (24) (76) (1) (41) (6) (52) (28) (87) (16) (53) (73) (55) (29) (90) (82) (79) (30) (38) (98) (70) (94) (36) (58) (84) (26) (54) (7) (67) (9) (85) (97) (15) (5) (8) (62) (69) (43) (33) (57) (23) (32) (81) (61) (21) (83) (14) (86) (46) (78) (75) (25) (80) (89) (4) (49) 
69 (96) (37) (70) (51) (33) (55) (48) (79) (30) (7) (15) (63) (71) (26) (58) (35) (93) (61) (20) (2) (60) (90) (47) (22) (11) (36) (39) (27) (42) (67) (64) (100) (18) (50) (10) (43) (44) (83) (29) (41) (31) (66) (91) (77) (69) (99) (92) (32) (85) (74) (52) (88) (80) (94) (38) (59) (25) (72) (75) (73) (17) (95) (21) (49) (6) (13) (8) (34) (23) (12) (68) (53) (86) (45) (54) (4) (14) (87) (5) (62) (19) (82) (81) (89) (40) (97) (24) (28) (57) (9) (98) (16) (56) (84) (78) 
70 (30) (43) (42) (25) (23) (69) (58) (71) (31) (56) (50) (52) (57) (22) (70) (66) (1) (46) (74) (94) (93) (12) (68) (51) (38) (84) (6) (7) (3) (80) (28) (73) (49) (77) (99) (88) (21) (37) (90) (79) (34) (78) (67) (44) (24) (62) (26) (87) (32) (75) (64) (59) (45) (61) (27) (89) (8) (72) (95) (36) (29) (92) (65) (16) (15) (98) (5) (20) (11) (39) (85) (41) (63) (4) (96) (53) (48) (82) (17) (86) (35) (19) (14) (76) (33) (97) (55) 
71 (13) (67) (38) (71) (27) (19) (57) (28) (10) (39) (89) (41) (8) (31) (30) (53) (58) (20) (81) (85) (86) (90) (87) (25) (4) (59) (15) (46) (88) (17) (44) (12) (11) (5) (96) (62) (70) (47) (72) (6) (97) (33) (65) (7) (98) (82) (55) (36) (54) (37) (80) (66) (75) (99) (92) (69) (100) (56) (48) (93) (52) (45) (35) (40) (61) (3) (68) (34) (49) (32) (84) (74) (95) (50) (14) (64) (79) (43) (18) (23) (91) (76) (2) (24) (77) 
72 (15) (75) (59) (79) (33) (37) (78) (44) (77) (53) (57) (98) (58) (64) (90) (22) (51) (87) (67) (36) (95) (63) (4) (19) (52) (91) (54) (66) (23) (10) (92) (28) (30) (34) (11) (74) (40) (55) (93) (42) (24) (27) (46) (38) (13) (82) (16) (41) (31) (14) (80) (18) (89) (97) (85) (48) (1) (83) (32) (49) (12) (9) (47) (70) (84) (56) (50) (7) (29) (62) (65) (5) (26) (100) (20) (6) (73) (88) (25) (86) (94) (96) (35) (72) (76) (43) (69) (61) (2) (17) (21) (3) (8) (39) (99) 
73 (21) (22) (29) (20) (44) (84) (90) (78) (61) (91) (69) (93) (68) (98) (25) (26) (53) (64) (23) (60) (15) (54) (95) (46) (45) (30) (48) (58) (67) (6) (16) (27) (71) (24) (32) (11) (35) (8) (55) (38) (66) (4) (3) (72) (59) (79) (97) (51) (81) (87) (88) (43) (82) (99) (83) (76) (74) (34) (80) (13) (17) (28) (47) (94) (10) (19) (56) (77) (92) (1) (14) (62) (33) (100) (5) (57) (12) (39) (52) (75) (40) (49) (41) (85) (89) (65) (18) (63) (7) (31) (96) (70) (9) (36) (73) 
74 (56) (30) (25) (98) (73) (2) (92) (50) (1) (36) (42) (40) (75) (10) (68) (28) (79) (9) (90) (11) (16) (13) (88) (76) (64) (61) (97) (80) (58) (17) (5) (51) (20) (37) (47) (69) (66) (39) (95) (29) (34) (65) (26) (59) (83) (71) (21) (78) (86) (81) (27) (70) (87) (46) (48) (89) (19) (84) (41) (4) (63) (67) (91) (72) (44) (7) (12) (8) (3) (77) (62) (45) (82) (31) (22) (100) (96) (99) (33) (23) (15) (53) (55) (74) (93) (6) (94) (24) 
75 (6) (86) (80) (94) (51) (48) (27) (63) (61) (95) (49) (47) (24) (18) (33) (69) (73) (91) (30) (59) (29) (83) (39) (16) (46) (13) (79) (96) (78) (64) (65) (7) (88) (23) (98) (97) (54) (4) (53) (67) (20) (90) (57) (89) (43) (38) (74) (52) (68) (55) (56) (25) (62) (31) (77) (75) (11) (58) (9) (99) (32) (70) (100) (50) (35) (34) (71) (22) (72) (82) (41) (85) (37) (10) (93) (2) (66) (14) (17) (87) (42) (19) (12) (84) (40) (1) (36) (76) 
76 (78) (97) (98) (63) (93) (38) (22) (74) (89) (96) (46) (36) (59) (47) (51) (62) (75) (61) (52) (39) (58) (66) (82) (14) (40) (83) (90) (73) (26) (2) (27) (37) (11) (43) (28) (60) (41) (10) (84) (35) (31) (16) (5) (87) (50) (20) (53) (34) (55) (8) (80) (21) (81) (56) (24) (17) (91) (23) (25) (15) (42) (54) (64) (67) (12) (70) (49) (76) (100) (6) (33) (94) (72) (86) (65) (95) (48) (45) (88) (29) (69) (13) (4) (7) (92) (68) (77) (18) (1) 
77 (97) (28) (10) (93) (1) (73) (80) (53) (41) (21) (62) (8) (99) (65) (13) (45) (92) (9) (5) (46) (40) (33) (87) (75) (83) (59) (88) (90) (66) (78) (57) (26) (89) (37) (49) (19) (85) (15) (6) (48) (69) (29) (3) (2) (98) (34) (38) (68) (54) (96) (22) (82) (31) (4) (47) (25) (79) (55) (91) (16) (58) (51) (67) (77) (35) (12) (100) (27) (30) (86) (24) (39) (23) (18) (74) (20) (56) (64) (95) (36) (14) (70) (94) (81) (43) (72) (32) (7) (52) (84) (71) (44) (42) (60) (50) 
78 (84) (1) (85) (35) (72) (6) (14) (92) (77) (78) (24) (23) (50) (53) (62) (32) (26) (40) (8) (55) (76) (47) (71) (41) (74) (56) (60) (68) (51) (58) (48) (16) (44) (42) (65) (89) (81) (36) (13) (96) (31) (49) (33) (46) (93) (99) (64) (73) (21) (15) (34) (27) (82) (4) (30) (94) (7) (43) (22) (66) (63) (69) (90) (100) (38) (86) (19) (2) (18) (29) (3) (11) (12) (39) (52) (5) (54) (17) (97) (45) (37) (61) (67) (59) (25) (83) (20) (9) (79) (80) (88) 
79 (100) (97) (26) (50) (53) (4) (44) (55) (58) (21) (68) (43) (66) (30) (46) (59) (37) (42) (62) (70) (19) (11) (24) (18) (6) (51) (14) (23) (9) (72) (22) (92) (94) (99) (89) (1) (2) (82) (40) (17) (41) (48) (31) (86) (49) (29) (7) (87) (81) (16) (13) (84) (67) (34) (73) (8) (27) (78) (64) (77) (25) (95) (57) (74) (54) (69) (65) (56) (60) (3) (98) (39) (32) (83) (28) (15) (5) (88) (38) (63) (35) (75) (10) (47) (79) (20) (93) (96) (80) (52) (91) (85) (90) 
80 (69) (3) (48) (49) (66) (11) (36) (85) (20) (16) (31) (64) (22) (26) (88) (82) (87) (14) (18) (15) (62) (30) (68) (67) (25) (21) (38) (97) (19) (37) (90) (70) (12) (40) (29) (55) (4) (5) (24) (80) (50) (96) (98) (33) (51) (71) (57) (34) (92) (52) (78) (100) (13) (6) (77) (8) (59) (84) (39) (65) (58) (43) (45) (76) (79) (27) (81) (95) (23) (53) (75) (60) (7) (9) (72) (28) (17) (2) (56) (41) (35) (93) (83) (1) (86) (47) (32) (46) (42) (99) (94) 
81 (18) (3) (65) (16) (4) (81) (67) (41) (89) (39) (86) (52) (100) (94) (29) (9) (54) (36) (19) (66) (68) (90) (78) (51) (72) (38) (69) (53) (14) (43) (95) (33) (11) (61) (45) (12) (60) (84) (23) (96) (49) (40) (59) (46) (28) (74) (62) (15) (22) (77) (98) (37) (64) (88) (21) (7) (58) (57) (32) (76) (26) (31) (30) (2) (55) (25) (27) (87) (34) (44) (35) (56) (48) (47) (99) (75) (50) (92) (79) (93) (20) (85) (17) (83) (10) (71) (24) (80) (73) (8) (6) (70) (1) (42) 
82 (61) (86) (56) (24) (43) (14) (51) (18) (29) (44) (89) (100) (82) (68) (47) (65) (27) (49) (85) (74) (1) (69) (5) (37) (42) (15) (94) (97) (88) (83) (53) (12) (63) (48) (71) (58) (52) (31) (99) (93) (33) (7) (64) (38) (79) (26) (16) (6) (35) (72) (60) (28) (13) (90) (67) (36) (32) (8) (80) (59) (98) (91) (22) (66) (10) (3) (96) (50) (87) (78) (9) (23) (55) (21) (62) (4) (70) (34) (19) (92) (11) (54) (77) (40) (30) (81) (25) (84) (76) 
83 (56) (85) (78) (62) (94) (69) (63) (77) (39) (3) (42) (54) (100) (32) (80) (26) (49) (58) (86) (55) (10) (89) (75) (59) (92) (95) (8) (37) (60) (25) (66) (17) (93) (31) (18) (70) (61) (43) (14) (9) (82) (52) (22) (28) (41) (72) (91) (96) (2) (1) (48) (47) (46) (45) (30) (12) (36) (79) (74) (64) (90) (20) (65) (44) (13) (73) (40) (76) (11) (71) (50) (4) (57) (67) (98) (87) (19) (27) (6) (97) (23) (34) (84) (68) (5) 
84 (47) (88) (100) (3) (72) (79) (32) (93) (95) (48) (89) (27) (25) (29) (76) (20) (58) (77) (90) (66) (49) (26) (78) (8) (84) (73) (86) (39) (69) (51) (41) (82) (23) (96) (59) (5) (83) (74) (16) (18) (85) (22) (63) (71) (11) (57) (61) (4) (45) (38) (21) (14) (6) (56) (43) (60) (75) (37) (99) (10) (81) (12) (15) (64) (19) (9) (7) (54) (28) (44) (92) (94) (24) (30) (98) (46) (1) (13) (33) (52) (50) (97) (35) (40) (70) (36) (65) (2) (87) (55) (62) (53) (68) 
85 (34) (80) (75) (81) (32) (49) (37) (41) (54) (69) (13) (85) (90) (12) (66) (77) (21) (72) (60) (26) (92) (86) (28) (96) (50) (48) (6) (73) (97) (33) (98) (40) (15) (45) (5) (11) (65) (71) (43) (68) (9) (22) (64) (23) (51) (87) (55) (31) (95) (39) (25) (17) (14) (18) (70) (20) (42) (1) (19) (89) (36) (47) (3) (82) (62) (2) (93) (8) (67) (78) (79) (94) (16) (91) (63) (99) (59) (74) (53) (83) (88) (44) (84) (58) (61) (57) (38) (46) (7) (76) (56) (10) 
86 (24) (76) (52) (1) (55) (23) (85) (38) (9) (83) (47) (27) (56) (65) (79) (12) (81) (53) (84) (28) (17) (50) (69) (13) (29) (77) (72) (16) (15) (100) (5) (8) (6) (98) (48) (73) (4) (78) (63) (71) (61) (34) (7) (54) (88) (70) (25) (43) (49) (41) (58) (87) (90) (74) (33) (36) (62) (20) (67) (92) (68) (39) (75) (95) (89) (19) (22) (44) (11) (99) (57) (3) (91) (21) (2) (31) (30) (42) (60) (80) (18) (14) (35) (93) (94) (40) (10) (97) (59) (66) 
87 (65) (28) (96) (37) (60) (62) (35) (44) (4) (50) (97) (90) (52) (66) (19) (58) (3) (1) (24) (34) (53) (99) (20) (21) (26) (64) (2) (10) (48) (83) (100) (70) (47) (41) (82) (43) (51) (85) (54) (30) (79) (75) (49) (77) (11) (68) (32) (14) (40) (8) (22) (92) (72) (95) (69) (5) (63) (84) (25) (93) (57) (76) (61) (89) (45) (81) (86) (88) (67) (27) (36) (17) (6) (87) (7) (94) (15) (29) (38) (31) (33) (55) (56) (74) (78) (91) (80) (16) (71) (18) (59) (23) (13) 
88 (74) (64) (5) (37) (45) (1) (25) (67) (11) (83) (91) (46) (49) (12) (51) (15) (86) (78) (69) (40) (19) (32) (17) (96) (89) (22) (93) (100) (23) (20) (73) (66) (82) (92) (44) (36) (72) (24) (38) (98) (88) (30) (57) (84) (4) (87) (33) (55) (77) (95) (75) (63) (8) (42) (61) (76) (28) (34) (68) (29) (9) (52) (16) (6) (14) (26) (80) (35) (10) (39) (81) (58) (13) (54) (56) (50) (7) (41) (85) (48) (79) (18) (71) (70) (2) (59) (99) (47) (97) 
89 (69) (37) (21) (83) (68) (96) (22) (24) (75) (64) (1) (45) (40) (35) (6) (42) (67) (31) (10) (51) (34) (17) (29) (78) (93) (56) (79) (80) (12) (2) (100) (23) (65) (28) (97) (18) (49) (91) (41) (66) (32) (39) (53) (50) (81) (15) (4) (74) (60) (54) (48) (62) (86) (9) (33) (46) (38) (99) (27) (71) (13) (57) (8) (5) (95) (73) (43) (90) (44) (20) (84) (3) (76) (14) (63) (25) (85) (26) (88) (59) (87) (7) (16) (61) (94) (11) (47) (19) 
90 (91) (55) (67) (82) (1) (97) (60) (85) (44) (2) (90) (57) (36) (65) (58) (68) (17) (23) (33) (42) (88) (80) (8) (24) (99) (59) (71) (95) (84) (32) (21) (69) (37) (41) (10) (89) (15) (11) (96) (16) (30) (3) (76) (54) (73) (100) (38) (12) (56) (75) (45) (92) (63) (94) (48) (28) (78) (31) (40) (25) (5) (66) (50) (4) (93) (19) (74) (27) (29) (14) (53) (87) (34) (26) (39) (47) (81) (77) (61) (64) (98) (51) (9) (18) (43) (13) 
91 (40) (20) (97) (74) (41) (81) (77) (90) (15) (68) (38) (23) (16) (78) (32) (91) (4) (10) (30) (14) (79) (63) (52) (55) (22) (53) (80) (60) (62) (73) (61) (42) (84) (5) (24) (27) (2) (19) (56) (49) (34) (87) (67) (12) (26) (48) (44) (66) (64) (69) (57) (29) (36) (50) (96) (45) (75) (70) (46) (17) (51) (18) (28) (59) (85) (94) (9) (1) (13) (89) (25) (92) (71) (33) (83) (37) (82) (35) (54) (7) (86) (21) (65) (31) (11) (99) (95) 
92 (94) (10) (5) (20) (90) (65) (83) (18) (80) (61) (88) (85) (36) (66) (13) (11) (2) (7) (78) (15) (4) (82) (87) (86) (44) (60) (41) (38) (46) (62) (42) (57) (6) (19) (58) (25) (49) (37) (33) (21) (53) (9) (50) (56) (99) (59) (64) (69) (89) (43) (47) (45) (79) (75) (96) (73) (40) (97) (76) (29) (22) (71) (16) (68) (63) (81) (92) (77) (28) (12) (100) (67) (48) (17) (23) (74) (1) (3) (14) (26) (54) (34) (72) (98) (93) (55) (95) (52) (35) (27) (91) (39) 
93 (40) (39) (26) (97) (54) (20) (25) (48) (37) (10) (17) (84) (70) (52) (94) (86) (24) (11) (7) (21) (67) (6) (41) (9) (88) (22) (38) (28) (96) (15) (93) (35) (64) (58) (12) (53) (27) (87) (60) (2) (32) (63) (69) (55) (56) (83) (1) (31) (98) (80) (68) (65) (72) (89) (99) (45) (79) (3) (43) (5) (78) (85) (81) (66) (47) (57) (76) (82) (59) (33) (8) (19) (51) (34) (30) (44) (36) (49) (71) (23) (92) (18) (50) (61) (90) (46) (74) (75) (14) (77) (62) (4) (13) 
94 (9) (21) (83) (25) (81) (94) (5) (62) (65) (70) (12) (37) (16) (74) (58) (87) (85) (72) (6) (84) (8) (36) (19) (71) (30) (82) (14) (31) (35) (69) (79) (64) (96) (60) (75) (100) (90) (13) (10) (66) (32) (54) (97) (48) (67) (78) (93) (26) (27) (2) (68) (53) (76) (18) (11) (59) (56) (46) (20) (47) (98) (50) (95) (99) (15) (77) (44) (80) (52) (92) (4) (63) (73) (33) (7) (40) (24) (49) (39) (1) (51) (38) (29) (86) (42) (88) (61) (43) (28) (41) (89) (17) 
95 (90) (21) (45) (47) (4) (79) (29) (69) (3) (18) (94) (63) (65) (37) (19) (72) (70) (62) (41) (26) (91) (95) (93) (67) (15) (54) (11) (60) (34) (43) (16) (23) (80) (39) (49) (10) (59) (5) (56) (73) (17) (77) (82) (57) (55) (88) (58) (66) (48) (89) (44) (64) (99) (30) (38) (13) (52) (25) (68) (36) (74) (31) (85) (35) (76) (22) (24) (40) (96) (6) (28) (42) (86) (20) (97) (14) (50) (61) (75) (46) (2) (100) (33) (32) (81) (71) (92) (78) (1) (27) (8) (12) 
96 (82) (83) (69) (100) (20) (36) (65) (9) (93) (74) (71) (68) (18) (39) (70) (49) (92) (26) (58) (8) (47) (7) (60) (13) (87) (55) (10) (94) (63) (50) (1) (30) (79) (4) (3) (95) (66) (25) (41) (72) (52) (33) (48) (57) (98) (84) (97) (61) (27) (34) (17) (16) (67) (81) (53) (91) (19) (64) (73) (23) (21) (40) (2) (56) (54) (77) (85) (89) (14) (44) (51) (35) (5) (75) (42) (32) (80) (6) (78) (96) (99) (22) (90) (37) (38) (43) (29) (45) (62) (11) (12) (46) (59) 
97 (32) (23) (12) (66) (62) (36) (60) (73) (48) (15) (49) (11) (71) (61) (81) (68) (27) (85) (18) (59) (28) (33) (88) (83) (20) (13) (76) (87) (79) (17) (25) (37) (95) (90) (91) (40) (1) (80) (47) (9) (50) (52) (74) (34) (29) (26) (94) (19) (42) (39) (69) (72) (98) (16) (55) (24) (82) (3) (58) (64) (14) (63) (8) (51) (4) (84) (70) (77) (5) (75) (67) (56) (97) (45) (31) (89) (57) (22) (21) (86) (2) (43) (41) (38) 
98 (82) (93) (23) (40) (57) (10) (62) (80) (79) (3) (16) (50) (28) (9) (66) (94) (84) (18) (98) (71) (96) (35) (41) (22) (30) (11) (78) (53) (25) (32) (97) (44) (27) (45) (74) (48) (24) (29) (59) (99) (54) (7) (2) (4) (65) (12) (13) (46) (55) (67) (43) (86) (87) (91) (56) (1) (89) (61) (63) (73) (68) (47) (75) (5) (14) (15) (77) (34) (20) (36) (49) (76) (81) (64) (90) (38) (6) (31) (100) (95) (8) (88) (52) (60) (72) (17) (37) (70) (19) (92) (39) 
99 (43) (46) (30) (76) (89) (14) (24) (71) (26) (48) (67) (66) (73) (61) (7) (8) (68) (94) (12) (22) (6) (86) (72) (33) (80) (95) (41) (42) (50) (59) (88) (29) (55) (52) (20) (78) (34) (38) (9) (47) (1) (2) (17) (93) (44) (18) (37) (77) (21) (75) (97) (31) (45) (83) (51) (62) (32) (13) (100) (39) (70) (35) (69) (36) (63) (40) (56) (58) (16) (4) (10) (90) (87) (60) (28) (81) (53) (49) (54) (23) (92) (64) (85) (98) (57) (74) (91) (5) 
100 (27) (84) (33) (6) (95) (24) (63) (26) (37) (76) (62) (46) (93) (5) (75) (96) (68) (32) (13) (77) (54) (87) (21) (56) (48) (53) (20) (45) (59) (78) (61) (41) (81) (82) (9) (57) (2) (65) (69) (83) (29) (40) (42) (55) (31) (10) (73) (28) (67) (50) (14) (64) (22) (86) (19) (85) (60) (25) (7) (18) (38) (49) (51) (17) (66) (100) (92) (15) (16) (35) (97) (90) (43) (44) (58) (72) (99) (34) (30) (23) (8) (88) (36) (79) (47) (3) (94) (39) (80) (71) (91) (52) (1) 
