0
100
100
1 (18) (11) (9) (41 29) (75) (76) (2) (60) (73) (99 82) (36) (44 84) (65) (91 89) (71) (16) (57) (80 14) (95) (58) (87) (51) (37 72 92) (39 15) (4 20 81 70 40) (77) (35) (31) (32 62) (12) (23) (26 86 54) (19 52) (13) (50) (49) 
2 (75 83 80 69 81) (30) (14 17) (72) (51) (74) (15) (63) (13 66 71) (48 31 40) (89 91 1 38) (95 33 55 35) (3) (27) (5 73 52 64 85 53 92 20) (12 34 54 8) (90 18) (7 10) (39 50) (68 4 87 37) (62 96) (28 78 45) 
3 (23 71 32) (43) (50 80 79) (11 7 84 39) (47) (64) (29) (68) (54) (89 25) (93 86) (74 78 97) (95 61) (21 55) (41 57 67 94 19 8) (69 14) (38) (13 91) (46) (30) (53) (22 77 35 59) (26) (5 28) (34 6 73 83 90 17) 
4 (18) (9 71 78 40 7 81) (49 61) (32 12 44 6) (27) (3 15 96 30) (8 66 36) (69 58) (23 54 4 1 2 11) (17 89 67) (77 75 82) (48 64) (55 90 13) (21 34) (29 80) (86) (24 35 87 51 57 97 41 95) (83 37 76 93 42) 
5 (94 89) (91 21 59 83 84 43) (26 47) (13) (80 20) (40) (6 62 53 78) (4 64 66 73) (86) (57 9 88) (65) (23) (32 18) (54 34 61 90 24) (30 71 55) (25 92 31 63 7) (41 74 11 14 60 56 39 33) (44) (17 67) (58) (93) (72 3 46) 
6 (40 53 60) (71) (18) (72 83 31) (50 80) (16 11 49 90) (57 27 6) (22) (61 38) (88 41 36) (75) (21) (95 37 33 25 10) (58 82 74) (67) (12 30) (20 69 79 26 63) (85 66) (5 99 46) (65 44) (3 43 42 32 39 55 45 7 4 9) (23 56) 
7 (31 82 29 76) (25 11) (73 74 67) (43 8) (27 23 53 72 3) (97 14) (98) (95 37 93) (60 99) (4 88) (7 32) (46 91) (24 64 6 81 16 42 62 17 49 40 41 35 96 80 69) (1 68 92 36 55) (77) (28 21) (89 51) (39 61 50 56) 
8 (24 30 74) (98) (60) (77) (65 48 23 18) (3 47 91 82) (5 45 61 80) (76) (93 34 75 55 83) (43 44 15 2 85 64 99 71 86 84) (90 1) (12) (56 97) (16) (73 54 52) (7 100) (25) (70 67) (6 26 41 96) (89 51) (19) (63) 
9 (46 54) (97 100) (43) (10 56 39) (18 71 3 88 14) (16) (98) (92 11 61) (90 70 59 93 75) (67) (33 99) (52 36) (30 23 53) (44 63 42) (86 9 25 22 8 81) (68 17 91 89) (12 58 40 84 94) (35) (48) (78) (65 24 66) 
10 (27 88 28 47) (49 11 66 13) (19 1) (76 53 29) (89 6 44 63) (93 79) (51 31) (9) (82) (68 58 8 32) (59) (98) (38 25 64) (42) (45 60 96 50 18 21 40 24 30 39) (46 91) (48 20) (7) (86 70 17 81) (14 54 99) (80) (84) (34) (16 43) 
11 (25 66 56 94) (92 7 34 99 28 63) (88 6) (85) (5) (97) (70) (89 2 33) (27 69) (48 17) (59 38) (93) (40 68 14 12 50) (21 41 16 44) (24 47 72 45) (51 62 46) (29) (58 49) (3) (15) (35) (39) (91) (81) (11 67 80 76 77) (79) (8) (10) (71) (9) (42) 
12 (39) (81 96) (24) (48) (61 69) (19 1 51 70 99) (26) (18 68 64 62 36 22 2) (11) (33 20 77) (57) (9 25 37 10) (6 67) (28 98) (54) (29) (14) (90 55) (74) (94 41 50) (4 42 32 75 12) (52 86 79 44 13) (92) 
13 (8 82 100) (86 76 54 34) (53 59 2 87 44) (31) (52) (48) (62) (9) (10 12) (78) (83) (57) (29 60) (37) (39) (51) (72 84 42 23 66 99 67 26 7 20 11) (18 70 19) (6) (41 69) (88) (17 68) (91) (13) (5) (25 46 15 73) (33 32) (71 47 21 16 92 1) (79 98 35) 
14 (54) (96) (14) (40 17) (25 13 57) (12) (20 4 7) (2) (84 83 93 45) (30 87 23) (16 11 91) (9 29 94) (28) (42 85) (92) (74 52) (5) (53 76 8 79 58) (1) (88) (62 55 33 21) (72 68 34 60 49 32 90) 
15 (55) (68 18) (39) (25 19 3 38 88 94) (96) (90) (37) (31) (14 73) (30 63 76) (86) (13 78 34) (53 70 43 22 60 97 11 69) (42 8 40 44 54) (29 28 1 2) (7) (46 61 77) (65 84 36 52 87) (6 95) (99 5 74) (93 81 10) 
16 (57) (35 93) (14 80) (29 88) (5) (19 58) (86 63) (10 51 16 23 4) (40 70) (17 53) (54 47 28) (62) (52) (18 20 13 73) (78) (74 81 100) (64 59 1) (46) (24 84) (72 82 43) (61 77) (76 60 31 89) (22 91 33 6) (83) (66) (71 67) 
17 (4 13) (90) (45 28 23 56) (21 54 47 78 31 27 59 83) (3 22) (44) (49 12 80) (40 100) (82 93) (11) (30) (50 68) (63 65 19 72 33) (37 89 42) (26) (35) (69 15 88 96) (51 97) (60 14 52) (66 36) (64 20) (38 34 53 81) (24 16 70) 
18 (67 57) (33) (26) (55 21 79 27) (2 71 93 54 5 44 13) (87 58 3) (46 11 97 69 68 66) (82 78) (37 18 84 100) (56 47) (63 34 29 90 94 74 77 76 14 20 23 85 4 92) (16 51 25 98 1) (10 43) (38) (45 75) (61) (96) 
19 (73) (57 65) (50 93 74) (61) (48) (22) (45 51 43) (83 47 23) (31 81) (34) (42 39 59) (60 3 82 76 36) (100 85) (46 30) (4 32 88) (7 38 71 27) (25) (54 44) (58 21) (89 78 35 98 72 19) (16 20) (8) (70) (2 77) (80 52) (14 9 63) 
20 (51) (41) (43) (10 66 36 15 54 25) (50 22) (81) (29) (59) (57) (47) (33) (65 89 76 8 19 34 55 5 7 77) (12 84 26) (73 48) (100 60) (64 69 53 88 24 4) (3 56 39 49 75 68 38) (99 2 17) (16 96 94 45) (28) (71 27 40) (20 9 30 91) (1 97 86 58 46 82) 
21 (4) (27) (93 68 67 95) (38) (70 100 82) (87 78 86 89) (81 8) (15) (77 72 37) (39 58 13 7 55 36) (45) (79 32 57 16) (18 11) (12 83) (74 59 92 56 99 2) (60) (80 10) (31) (5 52) (6 51 22 20 65 41 96) 
22 (57 11) (9 41 6 46 56) (3) (59 1 22) (13) (100) (44) (61 51) (15) (68) (30) (98 97 35 29 32) (24 63 65) (78) (38 23 21 64 83) (2) (67 49 14 89 87 39) (28) (52) (91 92 5) (54) (34 18) (88 93 95) (43) (69) (55 62) (17 27) (40 66 33 90 77) 
23 (20) (36) (48 1) (87) (31) (81) (76 22) (28 79 53) (97 57 96 61 73 46 14) (38) (32) (35 40 43 72) (18 42 99) (55) (56) (60 3 71 2) (70) (10 15 16 12 33 19) (37) (25 92) (34 85 24 62 94) (11 50 74 27) (84 90) (80 41) (59 39 65 66) (45 5) 
24 (25) (81 22 38 26 71) (41) (70) (42 87 18 6) (55) (15) (32 54) (43) (65) (51 99 80 98 100) (94) (19) (44 48 29) (20 9 27) (24) (84) (72 8 78 4) (52 46 83 7 10 47 39 36 76) (85) (77 37) (75 58) (3) (49 69) (92) (73 40 68 34) (21 64 86) (50 82 57 33 31 14) 
25 (79 11 45 29 61 42) (70 12 47 5) (90) (58 15) (69) (86 20) (38 60) (28 98) (68) (9 2 91) (43) (50) (81) (36) (21) (7) (84 88 94 48 31 8) (95) (54 14 66 23) (18 16 62) (44) (41) (1 77 63) (4) (93) (74) (6 52 78 64 3) 
26 (24 90 81 48 15 56) (40) (26 16) (50 52) (74) (46) (5 4) (91 41 6 44) (30 96 8 35) (39 79 20 63 88 19) (72 66 25) (99 78) (70 68 14) (34) (83 28) (87 1 45 67) (92) (27) (61 86 60 55) (31) (47 32 37 23) (85 94 13 42) 
27 (69) (62 16 35 30) (27) (2) (51 48) (75) (7 9) (68) (57 91 12) (54) (52) (97) (8) (80) (77) (6 72 61 36 13) (85 47) (34 1 89 29 79 39) (67 95 65) (98 53 82 86 64) (17) (3 94 93) (10) (37 60 24 41) (78) (40) (26 38) (20 70) (88) (4 44 92 45) (55 71 63 50) 
28 (90) (13 38 1 31) (47) (62) (65) (64) (75) (36 20) (18) (92 44 12 37 54) (10) (66) (91) (52) (59) (49) (16 83 25) (51 3 93) (30 24 95 88) (55 78 39 33 73) (46 32 58) (4 85 68) (96 80) (71) (5) (9 98) (17) (14) (6 99) (15 61 34 57) (7) 
29 (19) (50) (93) (99) (67 90) (28) (39) (92 87 68 86 97 1 18 73) (11) (81) (16 53 77) (35) (96) (43) (14) (44 10 79 48 84 60 85) (83) (63) (12 65) (72 56) (78 46 91) (41 26) (57 80) (52) (34) (45 49 5 24) (47 22) (59) (76 7) (32) 
30 (10 52 61 41) (95 90 86) (65 84 37 42) (55 21) (11 85 1 74 45 87) (28 44 69 34) (30 81 46 62) (82 14) (63) (22) (32) (33) (13) (54 70 15 12 57) (17 66 27 18) (9 5 71 24 49) (2) (93) (20) (31) (43) (78) (88) (64) 
31 (18) (65 100 46) (44) (40) (20) (31 17) (1) (76 72 67 51 2 59) (10) (16 78) (85 57 24 84) (95 4) (90 93 63) (81 77 70 29 87 35) (69 97) (33) (92) (53) (7 79) (37 54 62) (45 42 30 56 6 99 9) (98) (12 64) 
32 (49) (48 67) (96 70 23 52 82) (87 30 24) (71) (99) (2 15 47) (31) (64) (44) (74 83 19) (20) (43) (3 79) (97 36 68 57) (14 25 59 76 6 69 16) (90 60) (91 53 9) (72 100 56) (73) (54 34) (75 33) (17 26 94) (11) 
33 (87 52) (51 97) (40 20) (17) (88 55 11 78 22) (76 23) (96) (36) (14 73 35) (12) (58) (39) (56) (24) (26 3) (91 45 49 6 77) (79 64 75) (53 92 66) (72 95 57 81) (8 15) (43) (85) (100) (28) (60) (46 33) (10) (21) (99 93) (69 19) (27) (65) (4) (82 41 74) (1 31 2) (62 44 59 25 70) 
34 (37 47 59 99) (14 60 55) (87) (69 26) (17 70) (97) (51) (18 72 88 81) (36) (80 63 75) (31 4 3) (61 62 71 76 64) (46 22) (67) (10 54 1) (84 16 29) (58) (23 66 57 32 100 41 42 27 73) (56) (30 21 49) (94 98) (40 12 95) (9) (7) (39 92) 
35 (64 46 12 61 13 29) (93) (92) (50 89 87) (1 22 81) (79 16 97) (32 5 83) (78 8 67 17) (28) (77 19) (45 94 30 2 41) (14 34) (84 72) (27) (40 99 10 96) (55 51) (42) (53 20 15 59 7 39 49 47 37 58 95 86 76 31 75) (36 35 60) (90 68) (100) 
36 (95 13 15 16 42 35) (98 73) (97 57) (100 7 39) (21) (37 54 9 94 3 61 70 90) (75) (40 50) (11) (69) (5 33 60 79 25 28 23) (92 64 4) (53) (29) (96 85 49 84 68) (36 91 71) (52 1 77) (38 58 59 41 93 34) (44 76) 
37 (13 85 71 59) (74 38) (67 12 2 63) (37) (40 83) (66) (31 100 70 58 26) (81 30) (32) (4) (52) (64) (68) (53) (33) (96 56) (62 42 7 65) (94 46 1) (27 61 36 18 28 49 22 69 35 89 50) (93) (29 57 5 20) (95 73 48) (84 14) (3 54 98 75) (47 92 21 90 16) (39) (79 86) 
38 (94 49 32 87 96) (41 78 16 64) (95 15 33) (11) (46) (51 40) (25 76 60 63 4) (57 36 83) (18) (88 35 5 30 9 53 47 2 26 80) (54 48) (3 56 10) (28 52 69) (73) (23 85) (21 44 19 86 67) (97 34) (59) (37) (43) (65 14) (61 42) (72) 
39 (68 50 27 16 3 35 58 51 49 97 47) (83) (72) (4) (66 34 92 93 30) (76) (70 71) (41) (15) (94) (14) (88 10) (85) (74 100) (31 23 75) (61 38) (20 78) (21) (32 55) (95 46) (7) (2) 
40 (48 15) (21) (40 75 82 92) (65 36 89 73 11 34 49) (59 74 81 93 13 29 96) (54 77) (30) (1 97 61) (58 90 23 66 62 2 51) (7) (32 86) (22) (46 9) (94) (50) (53) (18) (26 44) (24 27 33) (14 100) (5 8 95 10) (3 91) (52) (37) (17 20) (55) 
41 (58 25) (24) (11 99) (73 8 88 22 15) (35) (57 89 83 55) (64 33 76 92 62 67 93) (87) (31) (21 26 78) (20 17) (38) (36 1 29 77) (80) (34) (61 45 54 52 2) (46) (56) (7 59 86 74 95 94 100 12 66 91) (49 84 5 48 13 98) (72 16 10 30) 
42 (64 26 58) (91 57) (83 24 72) (4) (84 51 69) (80 89) (8 70 11) (29) (35 49) (95 38 22 75) (79 93 13 37 97) (87 34 39) (60) (3 90 61) (15 33 44 68 98 30 67 62) (85 2 31) (86) (28) (12) (55 16 1 65) (92) (50) (99 40) 
43 (81 92) (93 43) (70 85 24 100) (15) (27) (64 49) (47 67 99 19 16) (50) (75 20) (36 72) (7 73) (31 46) (91 53 68) (5 83) (42 65) (57 2 95 48 45 32 28 59 1) (96) (84 39) (35 62) (14) (30) (78 55 25 4 54) 
44 (40 93) (1 87 42) (77) (10) (50 18 53) (55 13 54) (88) (23) (85) (51 29) (64 63 46 81 58 68 59 86 19 38) (60 15) (5) (30) (22) (35 67) (98) (82 11) (76 92 26 41 6) (91) (43 9 83 79 21 37) (97 74 20 12 62 73 3) (45) (32) (52) (89 14 31) 
45 (50) (46 37 31) (83 78 33 61) (4) (8 11 29 63 80 49) (72 45) (52 100) (40 66 43) (85 20) (56 65 94 18) (9) (14 73) (58) (38) (51 7) (74 57 21 1 34 90 87) (99 70) (39) (54 69 6 88 55 28 27) (5 35 19) (17) (82 91 71) 
46 (32) (12 17 52) (22 80 33 47 73 18 98 29) (81) (69 7) (59 48 56 82 31 62 90 83 75 19) (23 95) (1 40) (44) (11 9) (60) (43 86) (10 92 88) (35 49 4 70) (45 28 54) (39) (63 15 58) (42 89 85 84) (8 78 79 21 68) (72 5 6 36 27) (16) 
47 (66 90 68) (84) (18) (57 22) (77 33 5 59) (93 97) (29 99) (94 20 14) (89 58 9) (4) (19 91 3 82 42) (83 71) (44) (51 67 69 28 87) (41 47 16 1 53) (52) (31 23 37 36 63 70 25) (85) (64) (38 10 6 65) (76 45 62) 
48 (36) (39) (71 20 59) (31 37) (50) (3 100 9 88) (18 55) (97 65) (95) (98 40) (99 80 17) (62 85) (81 41) (10 29 7) (60) (24) (74 61) (6) (12 22 67) (16) (86 44) (33) (54 89 51 94 42) (56) (38 70 93 25 73 15) (82) (27) (46) (34 13) 
49 (97) (28) (43) (92 74) (34) (95 40 86 37) (61) (91 54 63 42 16 30 77 53) (8 80) (62 32 1 2 88 24 96 85 48 31) (44 72) (89 50) (87 56) (94 38 39 25 18 49) (46) (27 78 52 14) (20) (60) (90 58) (68) (4 82) (98 71) (73 36) (33) (93 57 76) (51) 
50 (97 82 40 52 54 28 19 3 55) (93 20) (88 67 64 78 74 100) (21) (37 59) (41 81 22 1) (5 61) (72) (79) (23) (87 63 43 95 68) (14 8 73) (60) (94) (49 85 33) (32 58 12 76) (69) (48 57 83 53) (42) (86) 
51 (11 10) (92) (98) (70 51) (45 41) (4 22 85) (53) (16) (52) (96) (62) (37 63) (1 27) (83 75 60 5) (48 7 19) (86 94 81) (28 69) (13 39 79) (44 46 42 35 61 76 77 74) (95 38 89 87 55) (80) (40 50) (72 12 31 29 91 67) 
52 (46) (75 97 92 18 62) (11 96 66) (60) (8) (13 84 14 65 43) (39 100) (27 94 44 59 1 86 26 45 80 82 47 52 56 79) (19 42) (36 40 67 71 50) (78 68 10 53) (30) (77) (32 25) (72 35 16) (95 98) (83 49) (73) (4 2) 
53 (40 51 9) (88 99) (76 19) (21 32 11) (89) (73) (27 95 66 34 61) (2) (98 10 44 28) (77 64 69 85 68) (18 71) (43) (84 75 72) (50 49 93) (94 53 48) (24) (35) (47) (41) (12 38) (14 55 60) (86 91 54 3) (46) (23 20) (29 74) (7 39) 
54 (49 25) (31 79 36 50) (22 13) (88) (32) (35) (71) (85) (33 19) (4) (70) (60) (90) (5 80) (82 47 72) (65 7) (76) (52 84 53) (63) (58 98 6 68 81) (56 95 14) (61 37 23) (59) (40) (20 9 41) (92 69) (100 77 89) (10) (48 29) (44 30 73 11) (66 39 74 34 57 64) 
55 (69) (14 77) (27) (89) (72) (95 83 23 61 91) (25) (41) (58) (63) (7 66 29 75 16 79 56 73) (39 99 57 10 90 21 44) (96) (88 92 87) (54) (22 97) (28) (98) (64) (17 53 2) (94) (37 30) (59 36 19) (67 55) (38 20 24 11) (34 47) (68 46 71 1 70 74) 
56 (2 80) (3 94 24 27) (79 12) (89 5 14) (7 11 38 19 23) (65 15 8 52) (36) (77) (9 90 20 25 17 96 85) (49 92 6 29 74) (95 62) (99) (73 60 98) (41) (37 32) (68 1 43 64 67) (47 57 56 28 76) (13 21) (78 72 55) (58) (50 88 71) (46 54) (26) 
57 (97) (44 89 3 67) (96 36 39) (85 57) (99) (79 51 21) (30 61 91 5 92 54 20 13 24) (6) (69 37 29 25) (7 98 48 2) (46 83) (93) (14) (50 8 60) (76 31 59) (63 74) (40 80 87) (23) (17 56) (65 4 73) (15 32) (33) (75) (34 11 41 27 71) 
58 (2 55) (92 34) (78 26 90) (76 36 3) (54 69 33) (23 72) (65 21 71) (39 1 37 7) (38 60 4 98 96 42 77) (18 49 85 53 75) (95) (29 35) (14 31 10) (24) (51 27 97 9) (15 68) (52 12 83) (80 100 57 17 81 91) (88) (74) (22) 
59 (18 93) (74 13) (85 8 16 52 100 48) (59 5 79) (26 89 73) (62) (23) (45 10) (51 7 22 47) (53 72 6 87 28) (9 38 50 46 36) (1 11) (25 37 86) (65 29) (68 82 88) (66) (43 60) (30) (64 54) (77 35 92 42 4 67 21 76 69) (56 24 17 49 84) (90) 
60 (85 66 27) (10 77 63) (4 3) (86 11) (40 79 95 19) (84 53 13) (21 26) (99) (60 80 76 71 61 51) (58) (62 43 65) (75 89) (81) (1) (25) (23) (30 44) (83 59 67) (18) (12 28) (55 24 15 93 92) (33) (56) (22 34 68) (88) (17) 
61 (6 66) (82 84 35 98) (17 61 30 1) (54) (81 33) (24 18 55) (69 22) (15) (85) (48) (78 2 94) (70) (68 95 43) (91) (100 44) (53 45) (72) (38 16 79 26 65) (32 36 92 88) (41 64 86 47) (34 19 75 29 4) 
62 (53) (66 72 89 33 57 12 35) (78) (88 24 40 91 39 68 44) (76 36 96 69 5 100 37 80) (9) (2 13 38) (34 50 1) (18) (45 63 77 64 29) (3 95 48 60) (79) (71 81 58 83 56 47) (25 94 10) (67 59 52 8 7) (90) (6 19) (84 62) (15 27 46 74) (92 54) 
63 (37) (82) (73 61 90 8 87 85) (72 64 22 51 77 96) (5 2) (79) (14) (93 78 24 3 1) (30 31 7 25 40 33 57 4 52 13) (80) (29 48 15) (75) (35) (56) (74 36) (55) (17) (71 98) (70 44 6) (66 58 49 53 100 94) (28 95) (65) (50) (88) (12) (84) (45) 
64 (34 43) (88 35 7 86) (54 60) (81) (82 92 98) (90) (11 79 29 89) (25 64) (1 72 70 99) (26 94 80) (87) (74 55) (52 49 57) (96) (73 6 75) (20 42) (31 77) (19) (39) (44 51 46 63) (10 100 38) (41 78 76 83 21 33 50 24 84 12) (23 66 27) (3) (71 67 62) 
65 (13 47 38) (37 94) (32) (66) (95) (23 83 81) (87 36 24 50 78) (79 84) (80) (76) (85 3 10 56 45 91) (11 16 33 44) (62 28) (68 18 43 69 58 34) (100 96 63) (4 39) (29 14) (97 75 88 74 54 99 9 7 42) 
66 (48 80) (13) (45) (46) (53 17) (75) (22 39 92) (36 2) (91) (35) (90) (25) (82 67 95 62 94) (16) (5 55 14) (43 6 32 1) (66) (28 50) (20) (81) (11 44) (98) (42) (77 76) (21 69 8 26 86 52 60 70) (15 9) (19) (51) (85 24) (88 100) (89) (99) (96 57 18 10) 
67 (48) (90) (39 26 38 77) (12) (15) (5 70) (35 52 85) (68 83) (8 14) (91) (41 74) (3 31 55 25) (60 20) (23) (92 63 98) (34 7) (11 59 72 97) (69) (22) (86) (4 65 32) (46 93 9) (96 19 87) (43) (21) (49 67 33) 
68 (1 40 10 93 33) (12 73 29 90 17 87 76 22 83 99 95 45 58 26 46) (18 36 66) (37 35) (11 55 57) (71 85 72 21 16) (56 64 4 84 15 60) (89 52 59) (6 2 53) (54 5) 
69 (45 40 61 41 1) (81 17 22 9 8 79) (39 70 59) (13 33 55) (56) (66) (32 46 16 21) (35) (37 52 18 26 7 47) (48) (20 38) (77 28 91 44 31 67 36) (85 87) (75 89 29) (95 24) (54 82 14) (92 93) (71 65 94 6 62 42 5) (23) 
70 (5 81) (69) (100 3 76) (17 38 27 84 10) (29) (64) (50) (42 26 22) (80) (33) (82) (55 93) (28 94 75 66) (12) (54) (40 98 43) (25 88 18) (48) (47 41) (7 79 97 59) (2 6 13 85) (4) (90) (87) (99 95 52) (63 73) (39 46 74 21) (91) (23) (61 11) (9) (37) (78) (8) (70) 
71 (93) (40 12 37 58 47 50) (28 7 90) (1) (73 16 8 6) (13 34) (79) (81 89) (2 5) (39 19 99 87 98 70) (59) (21 95 18 100) (88 24 25 57) (4 76) (55 61) (9) (46 3 38 71 15 49 77) (83 32) (48 75 67) (86 29 82) (62 91) 
72 (78 62 83 43 89) (37 7) (99) (4) (79) (92) (41) (39 87 34 12) (72 56 25 66 70 14 11 24) (61 74) (75) (67 95 48 96 27) (29 40 68) (59 85 45 23 17) (36) (98) (63 73 10 50 49) (81) (18) (3 82) (16 2 30 57 42 60) 
73 (100) (95 3 23 30 70 87 96 24) (83 54) (99) (58 34) (67) (13 62 5 17 45) (25 43) (32 97) (88 93 98 76 37) (92 16 77 56 31) (59 12) (27) (22 57 40 79 68 89 90 29 78) (84 91) (15 11 4 81) (46 20) (35) (73) 
74 (13 30 86 33 54 88 76 62 9 5) (37 15 47 51 79 97 21 93) (44 36) (57 7) (100 72 23 59) (85) (4 78 8) (75) (80 14 90 73 68 91) (52 11) (31 83 35) (70 3 63 50 18 32 42) (56) (28) (64) (26 77 45 66) (61 46) (48 94 49 71) (74) (55) (87) (6 92 22 69 29) 
75 (90) (76 86) (78 77 17 89) (82) (47 98) (83 74 67 27) (29 79 11 13) (51 92 19 70) (31) (81) (65 58 60) (64 95 41 66) (25 4 38) (52 61 16 14 1 37 28 87 56 7 68 48) (80 20) (9) (46 73 3) (97) (91) (34 30 45 6) (39 24) (2) (49 22 36) (21 50 85) 
76 (58 9 38 12 57 80 17 47 39 19) (13) (11) (94 61 92) (71 28 85) (15 35 90) (66) (63 22) (2 34 95) (68) (3 52) (21 40) (83) (24) (46) (64) (25 99 76 44) (37) (93 67) (33 75) (100) (89 78 86 59) (54) (26 36 8 27 98) (31) (82) (79) (56 42) (41 74 10 72) 
77 (78 51) (63) (32) (82) (56) (28) (100) (74) (83) (27) (26) (71 8 89 41) (37 73 50 38 91) (76) (80) (25 61 60 69 12 15) (35 87) (77 64 20 40 88 34 96 19 59 86 44) (70 99) (55 81) (57) (67 84 79) (36 7 22 98) (4) 
78 (24 25) (47) (8 17 86) (16 32 56) (11 90 65) (28) (38 6 21) (54 2) (14 27 59) (20) (35 83 61) (51 34 19 95) (41 4 13 18) (7) (10 31 55 60 9 89 45) (39) (33 52 71) (57 92) (53) 
79 (16) (33 59 52 45 39 5) (69) (25 85) (82) (3 30) (53 6 10 88 28 19 4 90) (66 40 14 35 44 86 56) (89 97 31) (70) (60 75 74) (37) (15) (51) (65 78) (43 68) (83) (64) (96 1) (92) (80) (93 20) (84 29) (50 13 73) (87) (54 34) (41 36) (23) 
80 (6 38) (5) (78) (8) (85) (64) (39) (82 47 69 11 42 2 57 94) (52) (75 1) (48) (4 73 30 83 84) (63 58 53) (29) (89) (66 24 27) (43 68) (67 20 31 86) (14 3) (98 26 10) (36) (61) (71) (60 21 72 7) (62 41 54 65 95 50 23 99 93) (87) 
81 (12) (49 51) (14 29) (98) (100 94 47 48 66 90) (6 15 78 44) (89) (23 84 16 42 70) (81) (28 71 22 41 5 3 96 24 60 8 34 67 13) (64 27 30 77 20) (72 75) (1) (61 57 58 21) (11 2) (10 76 55) (17 95 7 35) (79) (59 92) 
82 (9) (95 88) (24 46 35 63 52 92 29 59) (65 13 83) (70 50) (86 37 58) (78) (5 47 62) (56) (98) (39 75 3) (73) (20 53 32 90) (44 76 8) (21) (23 87 12 48) (6 79 10) (91 30 97) (36 22 51 31 41 17 96 7 93 57 72) 
83 (3) (20 92 67) (54 2 17) (91) (10 7) (39) (84) (36 21 81 57 37 12) (70 49) (41) (60 30 32 87 100 33 61 58) (26 28 59) (13) (27 85) (5 64 29) (23 69) (96 48) (53 93 66 35) (86 1 56 83 40 47) (75 42) (38) (44 25) (51) 
84 (71) (96) (53) (77 13 29 11 66 7 14) (37 98) (92 25 72) (16 8 99 80 10 89) (69 32) (65) (21 22) (34) (23) (4 58) (49 86) (47 38 79 40) (70) (12 81) (57 59) (42 46 26) (97) (3 75 56) (87 93) (30 83 27) (1) (60) (2 44 24 64 28 48) 
85 (79 6 55) (100 76) (80 11) (19 47 72 18 58 35 20 40 5 83) (88 8 13) (1 38) (42) (78 94) (60) (96) (7 14) (34 68) (49) (25 56 75) (85 4 86 70) (62 23 9 12 67 90 36 32) (97 65 44 15 27 43 37) (41) (46 69) (61) (22 33) 
86 (88) (63 35) (66 36) (69 30) (56) (85) (24) (60 22 1) (57 61 64 17) (10 19 89 54 91) (70) (49 26) (87) (71) (48 72 100 6 38) (42) (62) (4 13 92) (44 90 53 33 95) (80 73) (21 75 84 37 55) (15 12 18) (28 32 96) (20) (94) (11 67 93 99 8 46 29 68) 
87 (13) (93 71) (70) (100) (53 72) (21) (85 51 1) (20 25 67 48) (44) (96) (34 94) (15) (45 55) (79 91) (17 22 65 82 32 86 78 52 40 10 27 80) (63 97) (5 81) (33 41 54 36 28 19 66) (73 6) (88 23) (87) (12) (77 74) (83) (8 31 84) (64) (95) (92) 
88 (87 92 9 88 24 35) (15 100 25 56) (50 83 64 81 65 7 77 89 19 32) (62 98 51) (36 90 63 96 70) (53 33) (74 30 57 26 99 37) (20 1 52) (11 49 97) (86 40) (93 48 67) (66) (13 16 79 43 54 31) (82 29 59) (14 45 21) 
89 (2 4) (68 70 45 28 78) (65) (29) (40 76) (77) (62 8) (33) (6 64 10 98 49 11) (35) (91) (23) (92) (12) (3 15) (57 19) (59) (66 21 53) (63) (74 41 5 71) (81) (27 32 22 100 16 44 34) (30 96 61 86) (43) (88 56) (95) 
90 (92) (29 55 76) (44 56 63 99) (98 60 37) (80 26) (3 36 20 31 23 8) (54 39) (13) (1 42) (25 5 100 70) (67 40 14) (51 12) (33) (43) (61 4 73) (74) (86 97 68 47) (53) (89) (30) (71) (2) (49) (10) (77 7) 
91 (81) (27 79) (75 82 64 85 29 28) (25) (83) (70 6 57) (69 32) (22) (34 53 12 92) (98 31 14 5) (44 39 17) (30 59 67) (90 11 74) (49 48) (77 37) (100) (72 16 60) (62 66 88) (47 26 10 99 3 4 94) (73 65) (91) (50) (13 61 2) (42 18) 
92 (74) (51) (31 11) (4 32 67) (81 18 93 10 68) (2) (39) (98 22) (42 12 75) (57) (35) (64 54 85 86 41 17) (59) (29 47 88 26 73) (79 46) (90) (70 89) (95 61) (7 23) (5 44) (43 50 13 53) (100 3 77) (91 84 6 58 8) (69) (28 80) (24) (9 82 27) (72) 
93 (12 53) (94 100 26) (67) (77) (35 83 45 50) (64) (14) (4 28 17 61) (34 1 40 96 2 44) (5) (92 30) (51) (80) (3) (65) (19) (97 89 36 57) (46 31) (48 11 24 37 41 15 7 8) (91) (49) (69) (74) (55) (42 84) (68 23 25 32) (13 66) (10 95) (6) 
94 (3 5) (72 40) (86 32) (99 64) (88 2) (36) (74) (35) (96) (45 59 53) (80 83 77) (52 24 11 69 67 41 8 43) (33 61 91) (95 20 23) (39 50 29 42) (49 65 28 1 93) (76 7 73) (81 70) (25 75 58) (63 84 6) (9 18 38 97) (89 57) 
95 (97 53 17 30 31 71 2) (24) (86 6 96 42 3 21 90) (14 5) (43 66 62 28 36 52 70 85 57) (27) (9) (98 77) (49) (83 34 38) (72) (7) (99) (60 82 76) (18) (10) (54 87 88 65 44) (11 56 33) (4) (75) (1) 
96 (77 27 76 39 19 53 20 98 6 56) (73) (79 67 32 100) (3) (8 4 16) (2 66 34 85 50) (33) (96 75 65) (94 17) (61 88) (46 99 58 64) (43 40 87 41 44 25 57) (28 92) (90 10 22 82 42 45 48) (62) (5) (37) (68) (7 52) (26) 
97 (73 72 83 70 62 22 40) (59) (84 97 15 16) (32) (85 9 54) (89) (100 69) (20) (6) (99 94) (39) (44 19) (37 51 87 41) (74) (12) (31 1) (47) (10) (30) (25 17 71) (36 81) (21 3) (78 92) (63) (86) (88 7 75 11) (93 2 28 49 68) (79 38) (67) 
98 (16 17) (78) (89 85) (11 68) (80 77 55 83 27) (69 33 62) (52 59 20 99 87) (3 19 46 39 23 42 10 8) (4) (74 71) (91 81) (26 61) (88 60 84) (63 37 6) (65) (96 95) (79 1 82 2 15 41) (18 9 66) (34) (76 64) (5 12 49) (58 45 73) (25 70) 
99 (34 62 11 100) (66) (95 88 73) (20 56 57 78) (2) (45) (58 31) (6 54 49) (40 3 82 9 75) (14) (46 69) (16 21 87 7 18) (27 5 44 60 28 89) (94) (80) (92) (85) (67 48) (83 47 10 84 59 37 91) (8 74) (97) (93 26 4) (76 38 29) (55 36) (53) (72 99) (24) 
100 (99) (13 44) (94) (90 53) (61) (20) (12 2 35) (34 73 54) (85 11 43) (79 40 55 6 62) (49 26 95 5 67 18 59) (41 70 71 15 78 39 52 56) (65) (1) (92 60) (27) (91) (10) (93) (63) (46 98) (32) (47) (83 66 50) (9 88) (21) (58) 
1 (59) (33) (100) (43) (20) (18) (63) (60) (69) (62) (15) (98) (25) (75) (68) (80) (93) (26) (14) (16) (7) (10) (61) (35) (95) (83) (51) (2) (85) (71 23 87 27 42) (79 12) (13 94) (66) (31 30) (29) (64) (81) (97 90 28 88 47) (50) (86 58 44 45) (8 46 22 34 52) (55) (40) (36) (4) (41) (84) (56) (49 37) 
2 (57) (23) (92) (66) (76) (71) (40) (4) (38) (31) (75) (30) (32) (81) (52) (68) (70) (89) (19) (72) (22) (11) (58) (95) (41) (80) (84) (18) (98) (100) (42) (63) (83) (91) (96) (61) (62) (43) (25) (12) (78) (55) (49) (27) (1) (37) (20) (99) (56 97) (15) (39 8) (94 21 13) (90) (93 14 35 33 53) 
3 (73) (93) (56) (80) (60) (36) (25) (99) (4) (27) (83) (57) (7) (74) (40) (82) (8) (67) (32) (17) (71) (97) (72) (33) (2) (62) (24) (42) (94) (50) (34) (90) (28) (39) (89) (84) (81) (44) (53) (91) (76) (58) (37) (5) (18) (95) (65) (75) (6) (23) (64) (48) (22) (20) (63) (79) (98 47) (70 38) (11) (19) (15) (96) (92 9) 
4 (98) (70) (17) (61) (21) (47) (26) (89) (59) (31) (92) (96) (18) (72) (12) (99) (43) (60) (6) (63) (37) (1) (93) (7) (24) (27) (2) (25) (19) (95) (65) (51) (39) (90) (91) (14) (45) (49) (79) (33) (36) (54) (42) (46) (86) (4) (77) (28) (78) (85) (38) (5) (16) (58) (80) (20) (75) (73) (74) (68) (67) (34) (57 84 71) (52) 
5 (6) (81) (63) (22) (43) (100) (2) (96) (18) (37) (36) (29) (67) (15) (50) (40) (35) (46) (98) (90) (71) (99) (95) (70) (13) (30) (87) (26) (54) (82) (16) (14) (44) (57) (83) (94) (79) (25) (80) (28) (92) (56) (21) (47) (20) (3) (73) (38) (93) (51) (91) (66) (62) (74) (41) (68) (89) (85) (45) (11) (23) (8) (69) (59) 
6 (64) (3) (22) (95) (57) (7) (62) (100) (99) (27) (13) (98) (5) (69) (85) (96) (47) (91) (89) (16) (26) (78) (44) (25) (54) (66) (4) (10) (92) (82) (74) (32) (68) (75) (31) (79) (21) (81) (93) (59) (80) (61) (94) (33) (56) (97) (28) (71) (6) (12) (70) (63) (46) (8) (15) (24) (86) (11) (48) (87) (45) 
7 (54) (88) (82) (96) (21) (31) (3) (95) (59) (11) (25) (70) (28) (51) (97) (43) (10) (8) (36) (6) (90) (39) (99) (94) (77) (58) (81) (37) (35) (57) (20) (7) (27) (92) (53) (63) (74) (84) (72) (83) (64) (41) (46) (40) (24) (62) (93) (78) (80) (15) (2) (71) (45) (56) (85) (14) (55) (69) (75) (5) (19) (34) (13) (48 4 67 65 29) 
8 (26) (20) (98) (13) (57) (74) (87) (99) (90) (24) (70) (45) (85) (42) (35) (2) (92) (94) (19) (89) (77) (69) (41) (11) (46) (84) (66) (52) (21) (63) (86) (67) (10) (62) (25) (81) (3) (33) (59) (9) (80) (93) (14) (15) (78) (50) (7) (40) (76) (96) (82) (49) (27) (56) (4) (71) 
9 (36) (30) (99) (12) (13) (92) (38) (98) (54) (44) (76) (45) (53) (5) (25) (88) (27) (48) (71) (97) (85) (47) (20) (22) (65) (4) (66) (6) (40) (69) (14) (24) (46) (34) (11) (58) (95) (100) (19) (10) (74) (94) (32) (82) (75) (28) (70) (1) (9) (78) (67) (56) (62) (59) (31) 
10 (66) (64) (2) (83) (68) (46) (54) (81) (70) (55) (18) (41) (52) (27) (24) (40) (15) (53) (44) (16) (62) (96) (60) (84) (98) (78) (95) (58) (34) (6) (13) (48) (87) (89) (91) (90) (92) (12) (29) (20) (38) (59) (51) (30) (99) (23) (65) (82) (28) (21) (39) (31) (11) (9) (79) (100) (47) (76) (72) (97) (93) (80) (86) (35 33) 
11 (7) (59) (78) (74) (73) (54) (40) (98) (10) (23) (29) (70) (75) (6) (3) (1) (85) (21) (66) (25) (46) (14) (76) (95) (12) (9) (17) (15) (42) (55) (67) (33) (84) (38) (94) (80) (41) (30) (99) (93) (56) (11) (36) (97) (51) (91) (89) (4) (53) (65) (57) (72) (86) (64) (60) (45) (88) (44) (52) (5) (68) (22) (18) (13 32) (100) (81 92) 
12 (63) (58) (77) (33) (53) (82) (92) (17) (44) (9) (70) (72) (73) (93) (48) (85) (27) (41) (67) (8) (1) (21) (50) (62) (35) (34) (28) (81) (89) (84) (37) (87) (31) (29) (12) (86) (23) (83) (4) (90) (14) (13) (46) (97) (98) (6) (68) (76) (30) (56) (71) (100) (20) (51) (42) (2) (60) (11) (91) (64) (25) 
13 (88) (51) (69) (87) (75) (79) (13) (42) (40) (2) (56) (100) (60) (10) (14) (76) (59) (17) (36) (4) (41) (65) (12) (3) (16) (5) (28) (21) (85) (81) (26) (86) (78) (37) (91) (83) (1) (90) (71) (44) (35) (18) (15) (22) (30) (62) (93) (73) (66) (92) (57) (52) (70) (54) (84) (63) (27) (82) (74) (48) 
14 (26) (29) (14) (44) (84) (2) (32) (85) (5) (58) (63) (55) (25) (1) (23) (74) (88) (17) (22) (50) (45) (67) (40) (90) (91) (19) (49) (9) (47) (99) (93) (39) (38) (35) (15) (69) (30) (56) (28) (80) (57) (95) (10) (33) (65) (75) (24) (81) (78) (43) (3) (7) (16) (54) (52) (34) (12) (37) (53) (18) (11) (79) (72) (66) 
15 (11) (21) (48) (2) (39) (28) (63) (43) (40) (30) (20) (67) (38) (57) (13) (56) (24) (93) (8) (17) (87) (1) (25) (32) (74) (62) (41) (60) (89) (88) (77) (26) (22) (46) (85) (86) (66) (58) (44) (35) (68) (81) (76) (100) (98) (36) (61) (23) (4) (71) (79) (73) (33) (42) (97) 
16 (88) (43) (14) (11) (6) (29) (37) (41) (71) (79) (72) (49) (99) (10) (69) (21) (25) (46) (61) (66) (91) (81) (96) (84) (73) (48) (28) (59) (27) (98) (89) (18) (7) (36) (19) (9) (55) (8) (75) (65) (39) (34) (17) (31) (16) (23) (38) (68) (78) (51) (47) (13) (20) (52) (26) (35) (1) (42) (97) (32) 
17 (11) (4) (7) (5) (32) (34) (3) (91) (14) (55) (10) (57) (92) (30) (46) (56) (20) (68) (61) (16) (93) (69) (2) (66) (41) (35) (28) (27) (86) (87) (59) (48) (58) (82) (40) (78) (60) (83) (45) (13) (81) (22) (75) (97) (33) (95) (63) (96) (72) (70) (76) (98) (73) (9) (31) 
18 (98) (5) (28) (9) (10) (29) (24) (59) (46) (21) (15) (66) (13) (25) (70) (12) (31) (49) (48) (94) (47) (72) (65) (40) (85) (18) (92) (44) (95) (100) (52) (78) (53) (8) (74) (71) (62) (61) (69) (30) (45) (1) (99) (91) (60) (38) (4) (16) (22) (6) (2) (37) (34) (23) (58) (68) (86) 
19 (55) (33) (26) (71) (98) (44) (66) (53) (56) (19) (1) (46) (88) (38) (89) (16) (79) (62) (51) (29) (35) (76) (24) (17) (85) (75) (77) (50) (67) (61) (8) (97) (3) (13) (96) (32) (87) (86) (10) (93) (78) (47) (64) (20) (43) (12) (52) (23) (45) (60) (54) (15) 
20 (20) (2) (100) (96) (73) (56) (30) (25) (14) (47) (64) (55) (75) (10) (40) (98) (18) (79) (53) (28) (83) (41) (44) (13) (97) (54) (24) (5) (37) (45) (43) (35) (48) (39) (90) (49) (94) (77) (82) (57) (32) (21) (88) (66) (67) (27) (33) (99) (17) (6) (78) (50) (69) (81) (19) (12) (85) (80) (87) (31) (23) (16) (1) (86) (26) 
21 (71) (24) (76) (19) (80) (87) (25) (64) (39) (82) (7) (88) (100) (95) (99) (60) (13) (30) (14) (89) (17) (34) (84) (68) (5) (36) (78) (3) (46) (55) (50) (70) (53) (6) (11) (10) (41) (66) (67) (18) (81) (37) (74) (59) (22) (58) (44) (69) (45) (75) (97) (86) (83) (56) (40) (38) (57) (4) (33) 
22 (16) (97) (19) (21) (34) (50) (58) (3) (51) (6) (20) (66) (61) (23) (86) (37) (89) (35) (41) (73) (87) (67) (68) (17) (85) (82) (15) (22) (44) (9) (77) (84) (29) (92) (54) (40) (48) (69) (70) (59) (74) (81) (12) (91) (63) (30) (76) (46) (33) (42) (96) (75) (24) (47) (55) (60) 
23 (92) (6) (19) (47) (82) (79) (40) (1) (5) (50) (26) (72) (32) (36) (46) (14) (74) (55) (54) (85) (13) (93) (38) (65) (87) (16) (59) (9) (34) (44) (25) (70) (64) (7) (84) (17) (53) (69) (90) (80) (94) (89) (83) (81) (56) (60) (39) (57) (58) (3) (98) (22) (8) (73) (33) (4) (67) (18) 
24 (32) (66) (62) (84) (73) (58) (95) (27) (31) (81) (99) (78) (82) (26) (17) (33) (76) (22) (80) (59) (61) (8) (23) (56) (53) (24) (4) (69) (57) (20) (75) (86) (30) (63) (41) (11) (64) (93) (94) (7) (60) (55) (40) (42) (9) (29) (5) (43) (92) (88) (72) (48) (12) (71) (16) (28) (10) (65) (49) 
25 (60) (47) (18) (56) (54) (97) (24) (66) (93) (9) (13) (52) (15) (8) (85) (19) (38) (77) (87) (88) (43) (83) (49) (67) (73) (5) (71) (36) (96) (11) (32) (28) (78) (10) (63) (59) (26) (62) (12) (72) (76) (75) (3) (90) (48) (23) (41) (84) (79) (64) (33) (20) (70) (14) (55) (94) (6) (91) (57) (98) (7) 
26 (58) (26) (91) (32) (12) (60) (18) (83) (67) (5) (96) (76) (56) (37) (13) (88) (68) (6) (99) (42) (98) (80) (3) (66) (69) (92) (61) (59) (64) (70) (74) (27) (8) (40) (34) (24) (1) (90) (77) (100) (38) (41) (86) (17) (44) (20) (52) (93) (84) (33) (29) 
27 (87) (83) (91) (40) (95) (27) (21) (2) (7) (39) (51) (99) (34) (84) (77) (80) (64) (11) (53) (96) (56) (89) (30) (100) (62) (78) (20) (23) (92) (35) (72) (52) (55) (45) (73) (76) (85) (18) (46) (98) (17) (81) (22) (48) (6) (70) (75) (26) (37) (24) (49) (10) (58) (33) (60) (4) (43) (19) (57) 
28 (29) (50) (20) (69) (17) (92) (43) (23) (53) (3) (84) (87) (78) (59) (99) (49) (96) (97) (74) (22) (10) (12) (36) (89) (15) (42) (35) (93) (33) (7) (86) (95) (70) (66) (56) (11) (81) (83) (91) (37) (79) (76) (77) (47) (16) (60) (38) (55) (63) (2) (71) (46) (14) (25) (45) (75) (30) (94) (26) (51) (65) 
29 (88) (72) (63) (15) (65) (99) (54) (27) (14) (13) (81) (90) (31) (80) (24) (48) (36) (25) (16) (46) (56) (64) (51) (59) (69) (41) (12) (20) (86) (35) (70) (4) (18) (1) (73) (3) (57) (37) (34) (45) (84) (79) (61) (22) (92) (11) (62) (55) (94) (91) (89) (71) (68) (82) (83) (44) (58) (53) (74) (7) (47) (75) (40) (42) (10) 
30 (26) (86) (37) (75) (42) (22) (31) (15) (40) (30) (93) (54) (20) (82) (60) (9) (5) (73) (61) (19) (4) (39) (41) (63) (44) (2) (27) (49) (32) (6) (55) (35) (90) (8) (80) (34) (74) (14) (10) (3) (83) (43) (17) (89) (97) (72) (57) (59) (81) (84) (28) (38) (88) (79) (91) (95) (52) 
31 (17) (51) (1) (46) (35) (48) (57) (34) (6) (30) (16) (44) (26) (69) (2) (80) (47) (74) (64) (79) (10) (31) (24) (95) (97) (63) (54) (23) (92) (7) (49) (25) (91) (41) (82) (43) (73) (90) (19) (88) (99) (76) (93) (45) (15) (87) (42) (21) (78) (67) (75) (33) (37) (5) (28) (58) (32) (39) (13) 
32 (38) (54) (3) (83) (5) (65) (14) (93) (52) (61) (53) (19) (100) (12) (26) (34) (88) (97) (82) (87) (69) (37) (91) (10) (30) (56) (7) (94) (71) (74) (77) (1) (28) (89) (73) (40) (67) (22) (96) (57) (13) (92) (35) (23) (6) (21) (44) (39) (43) (24) (50) (46) (49) (4) (66) (78) (84) (85) (86) (29) 
33 (11) (42) (46) (98) (65) (90) (38) (86) (83) (18) (6) (28) (23) (33) (61) (62) (14) (17) (22) (12) (36) (37) (48) (70) (54) (89) (79) (5) (60) (50) (87) (31) (24) (78) (96) (40) (32) (95) (20) (64) (47) (30) (49) (88) (94) (63) (69) (68) (57) (45) (41) (85) (2) (76) (9) (16) (74) (58) (67) (13) 
34 (89) (84) (53) (41) (40) (27) (48) (17) (58) (32) (8) (96) (5) (64) (54) (42) (76) (87) (81) (98) (14) (4) (15) (57) (60) (75) (36) (3) (62) (93) (99) (77) (38) (39) (28) (67) (73) (85) (35) (79) (19) (95) (30) (23) (18) (13) (91) (22) (49) (71) (26) (55) (65) (2) (29) (61) (20) (78) (24) (10) (72) (45) (100) (11) 
35 (63) (19) (52) (11) (35) (42) (46) (45) (37) (38) (2) (64) (61) (73) (68) (58) (86) (59) (29) (17) (85) (76) (62) (3) (41) (44) (79) (43) (93) (9) (78) (7) (4) (66) (83) (39) (26) (53) (81) (94) (92) (13) (100) (36) (77) (16) (27) (67) (51) (89) (54) (23) (74) (82) (69) (22) (33) (88) (31) (1) 
36 (62) (66) (1) (28) (55) (34) (48) (43) (20) (27) (12) (23) (83) (99) (57) (82) (79) (35) (49) (77) (37) (25) (63) (61) (90) (88) (52) (95) (69) (80) (68) (46) (15) (65) (74) (56) (59) (41) (38) (94) (72) (85) (86) (40) (47) (75) (7) (32) (54) (76) (21) (17) (4) (24) (97) (93) (58) (19) (6) (36) (87) (33) (9) 
37 (47) (37) (97) (88) (15) (51) (90) (12) (30) (23) (38) (17) (31) (85) (34) (83) (59) (57) (98) (75) (63) (76) (27) (2) (26) (40) (44) (49) (50) (21) (28) (74) (55) (56) (93) (42) (77) (73) (7) (18) (58) (6) (13) (68) (82) (79) (65) (86) (24) (72) (91) (4) (36) (62) (99) (69) (1) (96) (48) (71) (54) (35) (45) (84) (70) 
38 (49) (45) (47) (19) (99) (70) (95) (3) (22) (44) (64) (15) (69) (58) (48) (77) (27) (37) (42) (10) (67) (55) (59) (2) (41) (36) (86) (61) (56) (23) (6) (97) (17) (25) (78) (84) (21) (18) (94) (24) (53) (71) (76) (11) (62) (20) (80) (39) (65) (75) (51) (28) (85) (83) 
39 (80) (7) (20) (100) (48) (5) (22) (69) (76) (52) (10) (62) (26) (78) (43) (34) (91) (82) (28) (11) (75) (46) (49) (72) (94) (92) (27) (35) (21) (12) (58) (45) (2) (33) (98) (90) (55) (1) (83) (15) (71) (13) (66) (29) (53) (9) (64) (37) (3) (42) (36) (67) (23) (96) (65) (97) (54) (19) (70) (51) (6) (57) (79) (24) 
40 (71) (14) (54) (34) (31) (5) (6) (35) (90) (52) (27) (77) (24) (76) (83) (26) (23) (48) (63) (72) (45) (33) (7) (79) (96) (94) (37) (9) (42) (16) (53) (93) (69) (70) (57) (11) (62) (84) (51) (99) (20) (17) (4) (46) (2) (97) (85) (100) (60) (49) (68) (1) (89) (15) (36) (38) (88) (50) (10) (73) (44) (40) (22) (87) 
41 (44) (27) (51) (50) (57) (72) (93) (25) (20) (96) (12) (48) (97) (81) (75) (1) (22) (78) (21) (79) (35) (100) (76) (38) (4) (36) (94) (54) (6) (80) (53) (70) (61) (7) (55) (3) (8) (67) (5) (56) (24) (39) (23) (30) (92) (47) (82) (83) (64) (87) (85) (11) (26) (69) (34) (13) (98) (77) (89) (33) (29) 
42 (37) (19) (70) (66) (12) (11) (44) (43) (81) (59) (80) (47) (65) (36) (72) (86) (14) (35) (51) (46) (91) (69) (84) (9) (31) (85) (10) (76) (50) (30) (23) (92) (34) (17) (48) (98) (6) (90) (15) (64) (24) (93) (4) (74) (58) (7) (25) (94) (49) (95) (26) (96) (83) (52) (38) (13) 
43 (59) (33) (50) (45) (95) (85) (94) (9) (53) (18) (32) (3) (79) (64) (15) (72) (65) (100) (92) (7) (29) (43) (73) (46) (24) (80) (30) (10) (70) (20) (61) (66) (22) (56) (52) (23) (49) (6) (16) (44) (25) (96) (5) (8) (60) (19) (88) (67) (89) (38) (90) 
44 (27) (61) (65) (55) (85) (28) (19) (38) (46) (82) (9) (96) (90) (74) (48) (83) (15) (79) (86) (84) (60) (18) (53) (47) (33) (12) (77) (17) (100) (4) (54) (99) (49) (76) (30) (95) (81) (32) (89) (69) (26) (64) (24) (22) (8) (97) (5) (52) (25) (13) (1) (31) (40) (51) (6) (93) (66) (91) (42) (62) (87) (36) (63) (29) (10) (92) (57 11) 
45 (94) (63) (30) (31) (20) (68) (35) (79) (61) (72) (78) (93) (69) (8) (62) (23) (11) (41) (10) (45) (88) (14) (75) (98) (47) (46) (65) (74) (27) (33) (73) (2) (44) (89) (25) (29) (66) (6) (87) (99) (59) (51) (21) (19) (18) (17) (26) (52) (96) (43) 
46 (6) (38) (37) (49) (41) (76) (75) (70) (34) (13) (9) (48) (59) (96) (43) (51) (33) (44) (64) (85) (26) (100) (15) (73) (68) (3) (67) (20) (24) (29) (30) (98) (31) (55) (40) (39) (74) (45) (23) (19) (5) (18) (69) (84) (56) (62) (22) (86) (93) (92) (66) (57) (82) (35) (10) (28) (11) (53) (16) (99) (71) (52) (7) 
47 (3) (71) (91) (26) (82) (32) (11) (65) (17) (59) (13) (35) (55) (27) (39) (90) (81) (34) (46) (37) (61) (99) (74) (69) (38) (8) (62) (80) (47) (100) (92) (54) (52) (83) (78) (56) (29) (97) (16) (18) (20) (84) (43) (5) (76) (10) (28) (75) (85) (25) (19) (24) (53) (70) 
48 (51) (99) (69) (23) (25) (96) (74) (29) (86) (72) (4) (59) (82) (50) (61) (53) (54) (37) (49) (84) (10) (46) (57) (40) (75) (41) (63) (43) (27) (32) (2) (87) (62) (66) (11) (71) (12) (70) (93) (19) (81) (91) (67) (20) (24) (38) (88) (8) (13) (26) (80) (83) (9) 
49 (98) (32) (91) (63) (95) (10) (85) (39) (97) (54) (84) (28) (35) (67) (46) (14) (49) (24) (37) (22) (50) (83) (34) (41) (99) (81) (56) (20) (17) (1) (7) (53) (94) (59) (45) (36) (86) (72) (6) (58) (33) (89) (40) (64) (30) (90) (38) (4) (29) (88) (93) (43) (100) (52) (42) (71) (11) (74) (75) 
50 (25) (43) (96) (39) (45) (51) (64) (44) (7) (54) (27) (92) (1) (63) (77) (11) (91) (35) (57) (24) (88) (74) (93) (23) (59) (100) (56) (12) (26) (6) (36) (70) (49) (82) (42) (2) (66) (29) (37) (20) (40) (72) (19) (80) (10) (71) (94) (62) (3) (17) (75) (52) (65) (48) (53) (79) 
51 (18) (47) (33) (83) (31) (1) (22) (57) (27) (58) (8) (2) (28) (21) (88) (4) (7) (19) (87) (78) (12) (42) (74) (92) (24) (48) (60) (49) (51) (53) (45) (40) (63) (79) (81) (64) (17) (20) (90) (34) (16) (59) (35) (38) (44) (93) (66) (11) (13) (97) (77) (39) (10) (75) (82) 
52 (30) (38) (25) (63) (69) (27) (98) (79) (76) (37) (14) (15) (62) (49) (56) (46) (17) (16) (41) (19) (64) (80) (44) (45) (24) (68) (12) (26) (67) (75) (40) (70) (66) (36) (13) (87) (95) (22) (96) (54) (52) (100) (29) (28) (47) (59) (1) (32) (50) (82) (33) (58) (9) (74) (78) (94) (2) (8) (88) (21) (51) 
53 (35) (52) (54) (55) (50) (79) (14) (82) (80) (84) (59) (29) (51) (13) (94) (92) (78) (53) (32) (100) (33) (7) (91) (5) (83) (3) (36) (44) (87) (16) (2) (9) (43) (20) (62) (86) (89) (17) (68) (40) (49) (31) (66) (88) (38) (23) (90) (61) (15) (6) (93) (95) (58) (27) (10) (60) (96) (37) (99) (47) (63) 
54 (2) (45) (20) (34) (62) (90) (9) (14) (86) (49) (38) (44) (64) (31) (19) (58) (30) (4) (37) (69) (46) (25) (57) (27) (87) (97) (5) (36) (13) (18) (28) (88) (59) (17) (50) (79) (55) (65) (99) (53) (24) (70) (16) (41) (12) (80) (3) (92) (74) (10) (15) (56) (95) (78) (1) (73) (76) (48) (8) (61) (43) (68) (22) (40) (100) (83) (32) 
55 (15) (44) (6) (77) (98) (30) (43) (81) (48) (42) (12) (67) (74) (8) (27) (63) (86) (4) (23) (34) (64) (71) (53) (51) (60) (40) (87) (66) (85) (68) (69) (39) (20) (3) (100) (78) (18) (58) (22) (45) (28) (35) (21) (41) (61) (90) (99) (70) (56) (7) (24) (5) (33) (2) (26) (50) (14) (93) (55) 
56 (9) (26) (17) (65) (6) (49) (68) (100) (56) (54) (89) (38) (21) (88) (32) (23) (5) (63) (34) (77) (37) (95) (90) (29) (85) (79) (76) (86) (57) (20) (33) (31) (78) (45) (73) (8) (60) (83) (82) (84) (99) (69) (75) (48) (59) (41) (46) (18) (72) (74) (62) (96) (11) (52) (22) (55) (7) 
57 (57) (99) (80) (54) (24) (94) (3) (71) (47) (83) (34) (12) (96) (72) (5) (18) (29) (68) (64) (30) (33) (66) (6) (92) (22) (86) (21) (31) (58) (89) (73) (81) (50) (41) (82) (56) (74) (93) (45) (77) (62) (19) (23) (1) (78) (55) (91) (76) (27) (28) (20) (63) (43) (32) (14) (36) (49) (4) (84) (38) (88) (42) (16) (95) (37) (13) 
58 (84) (4) (85) (39) (55) (11) (60) (94) (19) (37) (34) (16) (80) (99) (20) (40) (45) (46) (81) (41) (73) (63) (28) (5) (25) (54) (33) (82) (62) (71) (56) (65) (9) (76) (1) (68) (83) (92) (10) (36) (98) (42) (21) (96) (49) (50) (47) (44) (6) (35) (100) (14) (18) (75) (24) 
59 (99) (37) (10) (16) (89) (78) (97) (54) (32) (72) (52) (98) (46) (41) (40) (31) (79) (47) (69) (62) (73) (83) (44) (36) (68) (23) (60) (11) (100) (92) (35) (17) (57) (50) (28) (67) (71) (76) (29) (3) (33) (22) (19) (21) (82) (20) (77) (84) (5) (9) (59) (88) (34) (81) (38) (13) (55) (91) (70) (43) (48) (74) (94) 
60 (54) (36) (42) (79) (56) (60) (49) (15) (23) (21) (66) (1) (78) (34) (33) (83) (59) (25) (91) (64) (100) (10) (75) (85) (86) (38) (6) (84) (98) (57) (44) (51) (27) (32) (72) (67) (48) (62) (19) (58) (90) (80) (68) (81) (16) (5) (13) (95) (50) (99) (17) (14) (53) (35) (8) (46) (29) (7) (26) (52) (20) (77) 
61 (26) (19) (100) (80) (90) (98) (51) (9) (38) (72) (27) (3) (57) (71) (7) (40) (8) (63) (4) (50) (18) (36) (74) (45) (70) (96) (60) (75) (83) (35) (69) (34) (28) (61) (6) (42) (92) (81) (55) (25) (53) (48) (41) (30) (93) (54) (77) (5) (12) (91) (94) (22) (78) (76) (85) (23) (15) (89) (86) (39) (37) (49) (16) 
62 (85) (11) (30) (47) (88) (5) (40) (43) (42) (59) (16) (97) (44) (31) (46) (7) (64) (72) (34) (25) (99) (22) (49) (41) (80) (23) (33) (66) (69) (13) (37) (60) (2) (89) (12) (14) (51) (96) (71) (27) (65) (86) (91) (52) (48) (98) (73) (1) (62) (74) (95) (100) (28) (56) (82) 
63 (65) (76) (80) (31) (6) (88) (64) (15) (77) (94) (11) (8) (2) (57) (22) (38) (27) (98) (37) (87) (54) (47) (50) (67) (10) (18) (55) (45) (97) (60) (29) (5) (100) (9) (34) (72) (82) (26) (86) (17) (16) (62) (19) (74) (25) (90) (44) (89) (30) (49) (70) (46) (51) 
64 (75) (92) (28) (53) (84) (54) (42) (98) (44) (17) (83) (56) (59) (86) (64) (89) (62) (43) (10) (41) (4) (30) (96) (12) (8) (38) (81) (76) (32) (68) (3) (88) (80) (31) (55) (61) (47) (24) (2) (27) (35) (20) (37) (91) (7) (25) (74) (50) (36) (16) (94) (70) (87) (77) (5) (22) (79) (93) (63) (33) (34) 
65 (80) (45) (94) (87) (61) (59) (31) (58) (40) (52) (22) (67) (33) (24) (21) (23) (30) (63) (43) (60) (47) (69) (37) (48) (78) (20) (79) (84) (56) (42) (6) (85) (82) (29) (98) (9) (89) (1) (15) (5) (27) (57) (100) (91) (75) (88) (19) (17) (8) (38) (28) (54) (93) (96) (95) 
66 (91) (81) (25) (17) (84) (100) (26) (52) (86) (39) (13) (98) (22) (66) (70) (80) (45) (93) (55) (79) (6) (34) (83) (95) (75) (72) (60) (10) (87) (69) (65) (63) (54) (20) (41) (64) (62) (11) (9) (99) (33) (28) (16) (76) (2) (68) (5) (4) (74) (61) (37) (23) (59) (30) (88) (47) (18) (96) (53) (40) (89) 
67 (92) (38) (52) (81) (60) (8) (51) (88) (96) (32) (90) (41) (59) (16) (86) (27) (31) (5) (18) (35) (66) (85) (6) (50) (64) (99) (91) (57) (77) (21) (13) (48) (44) (26) (76) (43) (42) (71) (93) (7) (69) (83) (67) (55) (56) (37) (75) (94) (47) (34) (62) (11) (3) (29) (73) (100) (4) (97) (9) (22) (72) (80) (87) (12) 
68 (42) (43) (27) (53) (14) (58) (86) (29) (21) (60) (17) (37) (7) (90) (39) (10) (20) (59) (3) (13) (89) (52) (54) (72) (25) (61) (44) (79) (2) (67) (74) (50) (62) (97) (76) (49) (22) (56) (18) (35) (73) (11) (26) (92) (47) (55) (93) (36) (75) (9) (96) (46) (80) (28) (32) (85) (24) (98) (65) (12) (15) 
69 (13) (85) (62) (58) (24) (54) (97) (86) (22) (51) (46) (80) (36) (15) (18) (74) (50) (65) (30) (67) (2) (92) (37) (20) (98) (45) (53) (47) (3) (27) (91) (84) (34) (7) (31) (25) (59) (93) (79) (32) (12) (42) (66) (70) (77) (38) (94) (17) (61) (11) (4) (55) (33) (57) (83) (6) (99) 
70 (11) (92) (82) (71) (39) (61) (12) (74) (34) (64) (86) (90) (17) (45) (24) (47) (19) (37) (8) (13) (25) (79) (32) (33) (89) (81) (27) (85) (51) (97) (87) (66) (48) (9) (15) (16) (31) (94) (88) (23) (46) (54) (84) (98) (83) (21) (42) (1) (91) (43) (55) (70) (95) (63) (73) (69) (72) (77) (67) (30) (36) (26) (10) (75) (100) 
71 (30) (53) (18) (57) (74) (34) (78) (23) (68) (3) (32) (71) (19) (49) (62) (45) (9) (86) (16) (98) (81) (20) (2) (80) (13) (52) (8) (48) (11) (39) (69) (90) (89) (56) (76) (37) (60) (5) (1) (47) (77) (28) (95) (55) (63) (36) (64) (6) (58) (87) (84) (97) (24) (27) (54) (4) (100) 
72 (41) (31) (45) (38) (51) (14) (80) (24) (59) (50) (68) (56) (23) (61) (5) (11) (49) (81) (33) (99) (6) (85) (64) (76) (54) (86) (82) (34) (13) (63) (84) (91) (52) (46) (97) (26) (27) (58) (29) (2) (62) (67) (87) (1) (55) (32) (92) (17) (39) (95) (19) (21) (16) (94) (42) (43) (74) (53) (35) (72) (7) 
73 (8) (63) (91) (87) (99) (36) (40) (7) (86) (5) (55) (68) (71) (29) (80) (53) (70) (72) (59) (37) (50) (28) (1) (57) (100) (77) (79) (38) (41) (48) (19) (56) (90) (52) (46) (16) (33) (3) (97) (24) (54) (94) (64) (74) (20) (32) (2) (13) (43) (34) (82) (23) (96) (73) (98) (44) (45) (15) (92) (75) (49) 
74 (70) (79) (32) (51) (8) (7) (2) (49) (48) (74) (33) (63) (89) (88) (30) (16) (25) (12) (6) (92) (93) (3) (90) (58) (21) (72) (50) (5) (40) (77) (99) (87) (98) (15) (14) (91) (54) (56) (76) (55) (67) (18) (41) (23) (75) (64) (53) (45) (39) (65) (37) (62) (19) (26) (94) (97) (57) (59) (44) 
75 (74) (58) (72) (80) (34) (27) (65) (84) (70) (60) (42) (36) (64) (9) (94) (18) (97) (83) (55) (86) (8) (82) (85) (69) (66) (43) (63) (61) (53) (33) (92) (81) (6) (91) (79) (96) (95) (12) (24) (35) (28) (40) (1) (52) (4) (57) (20) (99) (71) (39) (37) (46) (32) (76) (51) (2) 
76 (71) (96) (99) (66) (54) (89) (60) (36) (82) (56) (90) (24) (62) (44) (33) (57) (20) (47) (34) (75) (16) (35) (7) (95) (19) (76) (85) (4) (41) (77) (58) (94) (64) (49) (38) (23) (39) (51) (1) (68) (11) (29) (14) (13) (10) (98) (59) (15) (50) (32) (8) (73) (53) (18) (74) (65) (31) (81) (70) 
77 (33) (64) (94) (74) (84) (20) (11) (7) (18) (88) (41) (69) (8) (62) (53) (22) (27) (4) (87) (67) (36) (95) (98) (59) (49) (31) (89) (77) (1) (55) (75) (35) (51) (54) (60) (12) (71) (96) (58) (3) (29) (91) (63) (52) (90) (19) (15) (44) (73) (21) (47) (93) (40) (24) (16) (81) (92) (25) (66) (56) 
78 (46) (81) (65) (19) (25) (16) (61) (26) (27) (89) (30) (24) (38) (43) (72) (39) (3) (49) (50) (21) (64) (18) (41) (62) (70) (15) (45) (22) (4) (98) (82) (2) (99) (80) (5) (85) (73) (74) (63) (13) (100) (76) (97) (87) (52) (33) (35) (17) (75) (56) (28) (58) (79) (29) (77) (31) (9) 
79 (36) (71) (82) (23) (81) (57) (74) (35) (32) (77) (55) (29) (73) (92) (61) (97) (52) (100) (13) (63) (76) (51) (14) (10) (59) (6) (70) (3) (62) (65) (96) (33) (85) (56) (54) (37) (31) (25) (75) (88) (60) (84) (69) (46) (44) (11) (72) (50) (87) (26) (91) (12) (27) (21) (64) (18) (98) (42) 
80 (11) (70) (85) (62) (46) (74) (84) (45) (3) (41) (7) (79) (52) (56) (34) (49) (76) (27) (66) (28) (58) (60) (87) (92) (86) (93) (8) (24) (99) (10) (48) (16) (1) (75) (6) (77) (21) (90) (57) (94) (23) (98) (38) (17) (4) (54) (29) (2) (42) (63) (51) (5) (19) (65) (64) 
81 (60) (84) (34) (54) (66) (26) (69) (29) (62) (88) (16) (64) (61) (12) (71) (31) (20) (19) (70) (33) (23) (77) (10) (50) (4) (51) (94) (17) (58) (87) (37) (44) (48) (92) (73) (7) (89) (21) (2) (24) (65) (72) (30) (11) (1) (9) (98) (40) (75) (35) (81) (43) (83) (15) (25) (91) (97) (46) 
82 (50) (7) (30) (17) (77) (61) (95) (27) (10) (32) (63) (72) (6) (59) (96) (75) (66) (99) (18) (92) (40) (46) (76) (13) (47) (98) (87) (69) (1) (24) (4) (44) (79) (80) (49) (19) (20) (64) (91) (52) (88) (70) (48) (54) (33) (8) (21) (71) (45) (16) 
83 (21) (67) (22) (74) (8) (72) (14) (77) (42) (91) (24) (51) (80) (55) (46) (2) (6) (95) (41) (97) (19) (93) (60) (16) (82) (58) (73) (85) (13) (62) (87) (29) (98) (76) (43) (65) (37) (99) (28) (39) (64) (47) (68) (79) (75) (57) (44) (35) (84) (4) (88) (26) (100) (78) (45) (5) (3) (94) (32) (83) (52) (50) (38) (17) (71) 
84 (93) (1) (79) (60) (3) (34) (42) (64) (86) (9) (18) (14) (59) (53) (81) (87) (20) (16) (99) (43) (92) (46) (35) (5) (36) (10) (23) (13) (94) (65) (47) (70) (63) (25) (97) (73) (54) (37) (83) (98) (62) (77) (8) (30) (80) (15) (52) (68) (61) (41) (24) (31) (29) 
85 (8) (63) (45) (53) (60) (44) (91) (56) (66) (80) (83) (86) (67) (92) (38) (30) (99) (6) (51) (98) (23) (57) (65) (49) (70) (11) (97) (42) (59) (24) (75) (26) (43) (68) (79) (36) (50) (28) (27) (47) (46) (58) (76) (96) (72) (95) (100) (2) (19) (39) (85) (37) (69) (18) (61) (33) (87) (54) (14) (48) (31) (74) (29) 
86 (30) (1) (41) (50) (37) (94) (87) (5) (79) (15) (53) (13) (42) (27) (89) (46) (60) (40) (48) (78) (71) (61) (75) (95) (16) (20) (83) (52) (97) (76) (10) (84) (25) (12) (29) (80) (51) (24) (9) (49) (88) (38) (82) (26) (85) (35) (92) (3) (90) (21) (77) (67) (59) (66) (8) (4) (44) (74) (64) 
87 (72) (59) (99) (22) (98) (26) (13) (41) (97) (82) (73) (77) (75) (15) (4) (31) (23) (32) (64) (1) (47) (55) (24) (69) (68) (42) (33) (45) (21) (80) (96) (86) (50) (34) (84) (95) (38) (88) (74) (29) (57) (18) (2) (49) (14) (79) (65) (63) (87) (30) (51) (67) (71) (83) (44) (70) (35) 
88 (14) (58) (66) (22) (28) (64) (27) (30) (92) (85) (73) (11) (60) (98) (100) (91) (94) (53) (38) (95) (45) (44) (34) (86) (33) (65) (63) (56) (48) (17) (19) (46) (61) (96) (26) (13) (39) (97) (16) (41) (6) (55) (71) (10) (87) (25) (50) (79) (74) (99) (15) (89) (70) (62) (5) (49) (54) (20) (82) (7) (59) (88) (9) (77) 
89 (41) (66) (68) (93) (19) (77) (46) (94) (1) (27) (8) (72) (4) (64) (44) (37) (48) (76) (78) (81) (80) (3) (79) (22) (17) (53) (2) (42) (16) (11) (5) (97) (54) (71) (9) (10) (51) (92) (90) (99) (62) (88) (7) (86) (69) (98) (21) (59) (40) (35) (49) (75) (73) (56) (47) (20) (84) (60) (55) (57) 
90 (3) (32) (22) (47) (92) (96) (26) (71) (23) (40) (95) (54) (70) (73) (86) (37) (64) (56) (100) (81) (4) (25) (82) (85) (63) (75) (91) (49) (12) (36) (9) (66) (8) (79) (31) (5) (46) (68) (35) (58) (62) (6) (18) (78) (88) (14) (76) (42) (55) (30) (17) (45) (29) (74) (15) (59) (2) (67) (28) 
91 (65) (5) (89) (8) (70) (86) (98) (7) (71) (47) (43) (61) (49) (87) (57) (20) (100) (13) (11) (77) (14) (42) (62) (41) (32) (58) (55) (69) (45) (29) (25) (27) (3) (40) (74) (9) (93) (22) (94) (66) (91) (26) (82) (67) (10) (99) (83) (1) (51) (44) (36) (73) (2) (75) (33) (28) (16) (53) (92) 
92 (42) (18) (73) (58) (84) (96) (59) (36) (28) (74) (5) (88) (14) (89) (78) (97) (64) (33) (61) (99) (72) (35) (49) (79) (9) (22) (27) (56) (31) (75) (26) (41) (66) (83) (13) (29) (11) (87) (39) (23) (62) (60) (81) (43) (51) (52) (69) (34) (90) (46) (93) (37) (1) (100) (24) (44) (57) (82) (40) (21) (54) (55) (12) (76) (91) (67) (7 2) (86) 
93 (50) (71) (19) (88) (87) (29) (68) (60) (94) (21) (25) (40) (37) (4) (15) (11) (92) (31) (48) (41) (3) (69) (53) (57) (43) (49) (73) (44) (84) (99) (47) (22) (10) (27) (36) (39) (5) (83) (82) (8) (86) (63) (76) (16) (100) (9) (35) (14) (33) (79) (59) (80) (17) (42) (70) (28) (18) (74) (97) (7) (67) (30) 
94 (56) (99) (49) (96) (69) (62) (9) (51) (23) (18) (37) (63) (32) (40) (20) (45) (61) (25) (74) (97) (36) (50) (93) (66) (76) (15) (65) (5) (24) (87) (81) (26) (86) (41) (48) (55) (47) (3) (39) (27) (64) (80) (91) (35) (14) (53) (85) (52) (34) (12) (38) (11) (70) (100) 
95 (1) (100) (68) (94) (82) (22) (61) (78) (6) (70) (43) (7) (93) (31) (54) (73) (38) (72) (98) (50) (55) (52) (25) (36) (37) (40) (60) (41) (39) (63) (66) (33) (3) (46) (80) (62) (27) (35) (99) (51) (34) (92) (75) (48) (42) (4) (2) (76) (49) (53) (71) (30) (87) (89) (58) (21) (86) (15) (81) (28) (56) (69) (65) 
96 (35) (40) (62) (10) (83) (73) (63) (66) (89) (32) (21) (17) (55) (8) (56) (64) (28) (72) (15) (4) (33) (12) (23) (29) (67) (96) (85) (77) (81) (36) (84) (2) (93) (52) (98) (37) (95) (18) (94) (51) (58) (38) (26) (82) (87) (65) (79) (43) (7) (14) (20) (88) (49) (57) (86) 
97 (34) (15) (29) (57) (75) (38) (40) (47) (82) (67) (93) (9) (94) (17) (20) (87) (95) (31) (48) (73) (79) (22) (65) (50) (11) (70) (23) (4) (36) (52) (42) (90) (88) (8) (74) (85) (55) (58) (49) (39) (32) (35) (97) (7) (18) (3) (84) (99) (27) (44) (33) 
98 (92) (64) (76) (46) (88) (28) (77) (27) (54) (90) (51) (96) (34) (73) (37) (24) (66) (48) (58) (56) (55) (84) (8) (36) (53) (70) (95) (67) (13) (49) (75) (19) (41) (82) (44) (9) (81) (63) (100) (52) (18) (12) (31) (91) (61) (42) (22) (72) (71) (10) (7) (25) (80) (57) (89) 
99 (41) (95) (56) (15) (53) (60) (94) (98) (8) (70) (66) (76) (33) (72) (100) (99) (9) (86) (96) (43) (13) (10) (1) (12) (47) (68) (11) (7) (55) (6) (45) (90) (77) (97) (57) (34) (73) (42) (28) (29) (64) (26) (24) (21) (48) (32) (65) (31) (88) (91) (71) (80) (84) (20) (23) (35) 
100 (99) (62) (36) (9) (24) (8) (70) (97) (65) (92) (34) (90) (54) (20) (64) (45) (19) (73) (39) (43) (50) (66) (31) (16) (88) (89) (33) (85) (59) (74) (87) (35) (93) (83) (63) (21) (81) (96) (48) (32) (18) (37) (52) (22) (17) (40) (71) (76) (13) (58) (91) (61) (41) (86) (77) 
