0
100
100
1 (85 68 32 9 61 37) (42 94 22) (62 5 29 49) (79 18 83 44 24 43) (66 28 75 6 23) (8 20 99 38 90 45 100 80 86 13) (36) (47 98 84 89 55) (64 27 19 82 10 67 77 25 14) (78 97) 
2 (72) (77 13) (99 67 19 30 88 65 44 85 87 68 96 12 57 79 94 91) (71 37 23) (11 38 92 84 43) (46) (41) (31) (40 18 1 15 59 73 69 26) (49) (82) 
3 (77 1 18 58 70 75 85 15 65 40 31 29 14 56 50 93 11) (81 4 3) (64 2 72 26 67 47 62) (49 79 89 87) (8) (30 76 99 51 61 34 7 12 57) (42 83 63 45) (44 90 21 38 55 73 25 95 43) 
4 (36 96 74 88) (23 73 16 19 62 48) (29) (65 33 28 12 53 80) (24 14 49 57 69 32 13 97) (63 51 44) (38 18 75 50 83 9 76 98 78 90 39 94 41 7 6 3) 
5 (78 39 30 65 68 90 8 54 57 23) (60 22 56 72 24) (67 51 92 35) (73 34 5) (84 14 11 44 63) (82 3 80 41 79) (62 52 47 2) (61 10) (28 83 9 49 1 19) 
6 (54) (14 5 98 33 9) (4 6) (58) (78 32 47 61 15 69 68 64 80 38 60 70) (51 42 100 94 25 31 63 99) (46 39 86 66) (23 3 77 13 57 73 48 22) (89 36 26) (24 2 43 82 67 7 81 55 65) (50) 
7 (66 94 69 82 99 100) (63 88 77 35) (9 75 41 84 74 73 28 52 27 5) (96) (65 51) (80 76 72 50 67 57) (43 44 3) (45 23) (92 97 55 62 95 81 61 59 54) (93 21) (10 49 2 29 12) (20 30 8) 
8 (28 69) (5 61 50 15 39 42 19 74 94 37 60 96 31 51 67) (71) (34 40 83 90 22 4) (36) (81 68) (54) (52 24 2 62) (57 98 78) (75 21) (59) (100 86 47 1 93 88 20) (53 76 23) (82 55) (80 45 35 8 64 49) 
9 (60 19 47 100 12 5 76 49) (27 56 38 13 35 43 42) (32 14 16 26 8 6 81 86) (90 30 29 96) (48 55 40 4 1 25) (64 59 83 87 79 9 89) (66 23 53) (11 50 17 18 74 72 46 51 52 57) 
10 (2 18 73 97 21 76 78 49 80 26) (31 56 33 3) (37 12 94 53 44) (63 16 7 55 38 29 32 48 100 99 61 17) (45) (62 52 27 92) (84 96 77 74 42 57) (41) (6 30 67 36) 
11 (67 66 53 50 13 70 3 99 14 47 77 32 63 64 21) (10 76) (65 24 15 85) (18) (6) (75 94 74 69 96 5 89 30 23 59 86 78 57 36 27) (52 51) (72 55) (25 92 9) (28 37 82 22) (35 45) 
12 (69 75 27 8 68 85 44 20) (59) (67 29 22 89 55 49) (70 3 16 12 100) (17 86) (13 82 93 63 47 46 51 54 84 81 14 9 11 78 45 42 6 98 15) (52) (37) (91) (87 97 39) (77 5 32 41 61 76 50 34) 
13 (13 69 3 51 34 15 8 67 65 76) (24) (60 86 78) (39 58 71 26 48 55) (35 99 96 53) (29 36 97) (27 2 70 92 83 54 37 43 32 85 33 61 56 91 59) (25 64) 
14 (76 25 22 44 63 75 78) (52 7 65 38 33 94 81 32) (66 72 8) (19 60 68 30 89) (13 6 100 70 4 31 20 12 97) (39) (83 10 77 47 49 92 48 45 2) (53 88 84) (37 46 40 82 56 67 57) 
15 (13 69 46 62 75 99 57) (93 85) (82 72 86) (88 34) (100 51 25 52) (54 31 1) (9 76 27 67 65 53 26 97 48 18 30) (70 74 11) (84) (89 61 59 55 44 12 24) (66) 
16 (49 37 91 54) (51 96 36 90) (45 12) (5 32) (81 85 39 55 20 50 87 43 29 71 86 6 27) (59 88 76 46 2 99 53) (66 56) (72 41 34 77 3) (10 98 1 83 69) (33) 
17 (84 53 11) (10 63 71 39 98 28 99 1) (50 30 56 86 31) (92 18 70 17) (25 61 100 21 64 45 90) (43) (8 75 9) (66) (23 88 49 69 26 74 73 60 87 91 32) (48) (52 85) (40) (47) (54 35 14) (16) 
18 (81 97 5) (13 94 2 65 24 30 88 64 12 68 6) (22 57 29 14 18 59 28 75 93 54) (55 62 39 19 11 89 56 7 58 36 83 47 84 86 33 42 32 25 45 17 74) (48) (9 10 20 90 67) 
19 (16) (5 11 6 32 29 86 36 57) (58) (75 67) (18 92 21 20) (61 78 93 48 68 65) (2 69 23 52) (15 89 28 59 9 55) (38 88 31 82) (90 76) 
20 (80 13 8 61 46) (73 3 98 94 39 96 92) (7) (99 50 10 22 88) (48) (95) (38 33) (12 11 75 24) (84) (56 18 43 55 52 47 36) (31) (81 19 37 97 21 54 78) (71 68 77 32 70) (45 42 34) 
21 (4) (3) (100) (77 25) (72 1 48 99 38 46 2 43 10 56 79) (94 98) (86) (93 29) (70 15 92 64) (71 88 14 83) (16 11) (30 18 90 74 85 8) (53 67 82 17 80 58 28) (23 84 44 47 22) 
22 (61 93 33 83 25) (84 24 36) (13 52 66 12 40) (80) (1 41 48 51) (32) (49) (58 60 43 56 30) (46 70 9 37 72 19) (34 64 99 16 15) (26 11 22 86 67 63) 
23 (69 53 10 11) (17) (3 13 65 26 99 42 79 16 31) (36 33 22) (62 46) (88 24) (76 59 47 96 68 64 81 63 32 58 100) (54 14) (55 25 18 70 95 50) (7 72 6) (75) (89 49 51 28) (45) (71 57 90) (5) 
24 (41 9 7 97 40 49) (58 95 6 65 3 25) (8 15 37 48) (42) (100 87 55 32 43 67 20 73 52 78 69 59) (93 70) (68 1 24 66 72 18 94 77 27 22 83 64 33) (90 92) (88 62) (34 46 71) (81) (21 54 44) 
25 (55 27 64 48 44 14 13 75 82 92 69 52 24 35) (58 70 17 98) (32 96 42) (31 81 50 78 45 4 36 10 8) (60 39 83 84 91 94 63 37 7 65 22) (19 88 43 33 47 25 38 3) (74) (93) (56) 
26 (84 59) (26) (11) (63 27 79 49 48 52 15) (60 64) (18) (72 25) (62 93 82 98 1) (95 23 80 2 58) (22 29) (74) (45 47 68 16 94 66 51 100) (3 53 10 13 5 21) 
27 (83 63 56 94 67 75 2) (59 12 57 39 43 87 37) (38 45 81) (19 72) (13 90 8 92 27 34 10 41 21 100) (66 7 91) (89 46) (79) (53 74 24 29 99) (17 9 1) (32) (47 23 14 69 51 5 15) (97 42) (55 65 60 88) 
28 (99 54 87 83 41 43 26 93 90 79) (12 81 25 96 34 6 59 98 53 35 73 84 50) (77 45 22) (4 33 5) (94 40) (82 18 51 66 20 44 36) (89 23 48) (56) (67 15 76) (57 60 92 8 13) (71 75) 
29 (27 36 96 10 39 51 70 53 26 72 52 15 79 3 93) (2 37 44 20 82 97 7 71 57 28 58 89 98 25 41 62 94 55 87) (74 19 46 22) (18 90 42 11 61 38) (64 32 99 91) 
30 (27 77 89) (61 30 75 9 84 18) (6 90 51 67 15 58 60 99 69 10 25 45 29 34 62 93 43 63 55) (64) (33 36 47 40 66 97 1) (83 68 24 31 78 35 100 4 92 72 17 94 44 26 74 81 11 85) (7) 
31 (38 100) (76 34 60 75 85 50 72 53 84 7) (97 3) (14) (12 74 70 47) (10 2 54 19 21 69 66 37 11 95 29 68 79) (83 18 32) (23 4 59 88 49 16 5 58 33 24 98 6 61 25) (9 1 99 77) (55 63 22 8 46 92) 
32 (95 52 1 8 55 36 59 93 43 2 16 77) (81 4 75 26 23 80 74 91 63) (89 54 27 87 78 97 79 56 17 9 14 38 15) (10) (3 44 66 100) (19) (67) (18 50 33 21 11 47) (53 37 6) (25) (92) 
33 (86 35 79 13) (9 93) (4 31 67 61 23 7) (47 45) (32 1 48) (53 41 64 65 73) (16) (89) (95 50 24 27 38) (6) (69 96 71 5 33 43 46 18 10 2 40) 
34 (16 2 21 62 24 29 14 52 7 15 82 30 48) (58 75 69) (59 25 78 88 72) (95 61 74 5 81 31) (100 90) (68 33 38 85 92 20 51 35 66 9) (60 93 87 3 71 76 39 73 67 26 41 8 98 57) 
35 (46 31 73) (47) (64 42 96 60 24) (78 62 68 87) (27) (32) (57 10 61 1 3 4) (58 38 51 8) (70 45 53) (89) (5) (59) (26) (20 56 34 63 65 29) (92 94 41 67 85 76 37 13 2 82 15 50 39 66 44 9) 
36 (9 23) (50 11 32 76 47 68 83 14) (33 16 1 18 80 88 24 36 4 17 65 77 38 60 85 74 79 35) (3 7 53 66 27) (93 91 46) (44 29 43 22) (31 41 10 86 70) (89 49 63) 
37 (37) (60 6 8 27 55 86 67 89 36 43 97 5) (23 92 56 95 87 7 85 40 93 54) (66 74) (50 39 69) (61) (14 26) (99 100 58 98 24 68 41 88 34 33 18 82 38 47) (35 4 42) 
38 (46 9 99) (83 43 5) (95 32 44 23 79 70 36) (10 13 84 31) (33 55 27) (69 18 58 92 29 65 90 63 74) (1 16 41 12 81 98) (34 97 14 80 73 3 77 53 89) 
39 (14) (46 40 26 47 82) (42 90) (27 77 34) (16) (85 61 54 49 19 78) (92 67 39 76 38 20 36) (70 79) (43 93 98 53 12) (23 95 80 50 15) (56 4 57 44 31 51 28 9 17) 
40 (28 24) (86 74 98 65) (68 18 79 90 38 96 95) (5 21 23 89 43 57 14 67 2 33) (20 59 42) (13 88 80 99 9) (19 62 4 72 75 50 94 7 81) (78 84 26 32) 
41 (34 65 2) (31) (22 16 68) (66 41 25 38 69 8 37 71 15 3 44) (59 72) (39 5 53 60 29 26 36 43 92 52 99) (4 55 49 6 100 61 33 9) (30 24 45 80 11 83) (96) 
42 (58 98 96) (25) (29 51 84 19 73) (62 28 88 52 7 44 50 63 13) (82) (10 39) (24 60 3 97 9 71 30 74 78 56) (36 53 46 45 15) (89 68 43 14 17 65) (85 93) (83) 
43 (82 84 11 88 59) (51) (96 64) (80 27 29 85) (74 28 46 52) (49) (1 75 36 10) (3 39) (94 100 25 19 56 17 22 30) (81 70 91) (66 65) (13 93 43 69) (61 23 48 72 44) (6 14 71 31 63) (16) 
44 (22 26 66) (39 77 81 74 94 16 73) (53 99 6 82 87 83 28 76 24 35 95 96 19 20) (47 33 51 60 98 67 32) (10 36 90 70 78 2) (68 9 29 12 43 55) (27 91) (79 86 14) (23) 
45 (20 55 48 88 61 15) (72 77 34 2 52) (28 91 81 74 53 44) (24 93 90 54 14 7 70 95) (92 11 67 80 62 60) (59 32 21) (16) (6 10 73 49) (1) (87 37) (8) (3 82 22) (94 17 58 75 97) 
46 (77 14 56 98) (7 74 91 30 53 26) (99 47 66 82 68 19 8 96 25 31) (51 50 84 48) (37 93 23 10 13 75) (52 57 2 90) (17) (12 79 85 1 36) (97 44 71 100 16 24) (78) (67) (32 73) (95) 
47 (55 44) (13 92 51 30 23 15) (28 75 29) (38 71) (74 37 3 79 34 73 64) (12) (56 2 83) (89 33 72 94) (39 52 65 40 86 11 7 88 68 36 32 47 99 97 22 41) (14 85) 
48 (29) (99 78 14 61 47 63 92) (64 35 6) (1) (90) (91 67) (17 42 74 97) (93) (7 77 41 12 44) (27 76 75 66 79 39 96 68 48) (43 20 51 53 69 95 87 38 30 88 45 49 73 55) 
49 (28) (77) (45 17) (70 88) (100) (38) (85 56 47 6 60 41 8 83) (23 59 93 61 52 40 39 15 79 73 30) (11 10 14 26 89 78 57 2 33 98 1 42 87 97 76) (3 63) (9) (46 48 99) (25) 
50 (42 24) (43 21 44 64 8 58 68 67 81) (92 37 60) (89 48 73 31 3 56 63) (91 76 17 33 23) (82) (39 80 34 53 71 36 2 49) (99 16 72 54 19 22 77) (35 29 69 45) (52 83 57 62 100 6) 
51 (63 71 2 46) (38) (66 62 84 79) (4) (50 35 20 65 31 76 75 87 8 47) (74 92 81) (16) (56 17) (78 22) (12) (77 44) (24 32) (94 39 52) (9 80) (100 30 18) (82) (49) (25 33 45 58) (7) 
52 (35 72 80) (98 48 24 1 12 84) (71) (49 5 67 73) (94 81 87 43 31 52 88 25) (15 13 63 68 17 8 82 20 23 33 26 51 11 27 92 19) (54 99 18 41 39 100 78 60 6 77) (55) (28 4 86 66) 
53 (4) (31 37 53 28 34 65 51 39 76 44 42 29 80 52 92 22 5 18 32 55) (11 45 75 33 46 83 15 24 36) (20 26 47 19 100 14) (7 9) (84 57 81 91 73) (27) (85 87 43 69 59 23 68 64 62) 
54 (40 56 93 31 79 87 22 71) (3 20 69 86 13) (48 59 68 80 44 25 27 30) (92 97 82) (94 100) (6 63) (26 34 88 85 38 18 35 50 99) (74 32) (70) (47) (75 42 11 91) (5) (78 83 66 19 55 9 53 81 33) 
55 (82 69 98 32 74 77 81 15) (13 95 46 75 90) (67 49) (47) (36 83 35 60 97) (86 78 54 11 91 58 33 72 40) (79 52) (31 80 12 100 21 96 99) (55) (85 39 88 44 20 71) 
56 (36) (95 5 21 31 93 25 10 70 71 86) (98 20 87 90) (30 35 6 22 41 11 42) (17 62 99 38 3 33 83) (72 57 16 27 49 15) (59) (24 51 7 58 94 12 80) (60 47 13 43 48 68) (74 78 2) 
57 (74 56 25) (57 21 98 15 73 24 3 51 26) (84) (11 7) (91 10 16 63 94 27 30 97 52 36 87 17 13 5 80 59 85) (22 60 72 81 33 66 34 100 82) (50 88 83) (4) (19 76) 
58 (30 98 85 7 57 58 39 99 14) (16 51 23 69 50 77 6 88) (74 68 5 38 8 84 35) (32 26 76 2 80 22) (28 78 63 25 45 61 79) (59 31) (19 48 37 17) (89 100) (82 56 24 29) (60 66 97 64) 
59 (54 40 85 63 47 19 35 9 23 15 4) (6 32 62 60 50 90 49 31 78 98 99 51 76) (37 81 10) (55 97 36) (53 65 8) (87 92 66 12 5 30 68 77 2 42 26 41) (96 84 21 79) 
60 (22 75 87) (9 77 28 68) (21 12 45 72) (51 54) (91 42) (3 55) (25 38 4 30) (76 6 74 23 27 19 95) (89 36 50 58 62 29 41 26 15 18 90 70 34 60 97 59) 
61 (94 45 1 49) (11 47 67) (44 84 23) (15 2 64 81) (99) (19) (79) (69 13 10 98 63 28 40 33 9 27 90 87 14) (35) (22 3 52 66 70) (77 16 38) (34 41 92 95) (53 61 73 5 32) 
62 (2 21) (77) (82 35 72) (29 43 74) (88) (60) (65 20 23) (54 64 3 22 40 30 85 50) (48 49) (70 13) (31 12 73 98 86 90 26 96 33) (53) (94 87 15 69 100 17 27 93 81) (5 7 61 75) (41) (63 62 66 4 52 92 44 28 55) 
63 (67 14 4 68 87 65 73 85) (77 97 61 62) (13 83 48 18 11 2 40 49 17 38 1 43) (3 12 28 10 81 95 8 44 93 90) (71 64 32 16 29 46 27 69) (31) (91 72) (51) (50 92) 
64 (3 77 87 74 98 27) (97) (2 96 14) (8 64 12) (60) (11 26 28 58 17 33 23 15 65 52 10) (56 50 100) (85 91 44 7 34 82 86) (22 13 49 67 81 94) (51 32 53 9 93 36) (62 76 84 55) 
65 (55 38 51 54 25) (30) (79 2) (15) (40) (19) (61) (9 32 65 63 41 46 74 1) (47 62) (89 82 88 13 27) (92 28 91 67) (76 6 10 83) (53 12 26 7 42) (21 85 43 57 36) 
66 (47 87 52 72 32 56 100 64 22) (67) (70 25 68 60 86 12) (71 95 39 57 75) (98 94 34 10 49 88 73 58 48) (2 16 97 96 89 8 55 6 9 36 5 15 51 20 18) (17 84) 
67 (79 36 50 24 38 48 62 49 17 68 70 6 95) (43 19 64 78) (9 87) (99 45 21 63 66 77 82) (11 1 15 7 47 69 81 52 20 42 25 98 55) (5 57 92 53 14) (13 2 23 12 89 8 40 46) 
68 (4 58) (66 99 54 45 53 92 78 90 41 76 18) (36 7 10 2 60 17 100 51) (65 21 61) (50 96 11) (87 68 86 77 57 48) (59 47 52 19 37 55 42 84) (97 9 23 27 49 69 56 31 6 71 25 43) 
69 (42 52 54 79 47 92 28 27 76) (37 64 29 50 8 73) (72 23 14 95) (26 88 90) (67) (51) (84 80) (3 7 81 66 83) (70 78 53) (65 99 45 74 75 44 20) (4 96 48 11 24 60 89 38) 
70 (72) (22 17) (32 88) (25 40) (79 84 67 97 64 66) (65 8) (93 3) (44) (69 86 33 100 30 58 81 28 27 48 38 7 29 47 83) (10) (42 57 70 75) (60 21 54) (99 1) (20) (87) (52) (2 59 94 82) 
71 (39) (70) (78 57 8 87 79) (26 72 13 18) (5 52 4 45) (29 15) (92) (7 20) (65 25 47 23) (22 95) (97 53) (19 98 16) (67 73 61 77 60 68 42) (91 93 34 75) 
72 (10) (19 52 42 57 97 27) (65 5 81 99) (48 40 31 87 23) (47 45 26) (80 70 24 94 54) (90 63 68 74) (37 11 91) (33 34 9) (77 14 18) (39) (96) (3 46 41 86 51 13 58) 
73 (28) (45 30 40) (23 54 57 22 61 73 15 56) (16 38 2 81) (46 75 93 25 35 91 87 17 85 43 34 74 47 5 100) (98 6 37) (99 95 18 94 24 21 97 20 79 58 39 66 92 48) (83 10 68) (84) (50) (44 8) 
74 (80 29) (71 38 12 55 14 97 72) (73 33 2 89 47 17) (94 39 43 31 48 85 25) (22 90 35) (93 41 24 50 91 61 42) (76) (56 77 65) (62 82 100 84 18) (5) (11 95) (45 78 74 8 23 53 1 70 28 51 49) 
75 (30) (89 46) (74 56 35 91 93) (25) (41 82 62) (39 34 64 3 36 7 14 76 42 33 92 65 28 32) (83 6) (54 60 100 70) (78 90 2) (22 98 16) (96 88) (38 37 75 53 19 68 72 95 97 77) (63) (69 67 43 8) (44 27 51 23) 
76 (31 79 61 1 43 87 64 21) (83) (20 7 86) (94 100 11 81 30) (97 5) (91 18 95 26 54 39 27 51 4 28 25 8 2 47 62) (12) (55 48 80 72 69 82) (22 60 77 65 14 56 71) (23) 
77 (27) (35 41 65 80 71 37 23) (75 12 68 56 18 86 90) (64 8 52 79 85 98 30 72 53 44 11 6 60 1 39 54 22 100 7 48 15 92 20 9 78 96 95 62 43) (45 40) (33 32) (91 42 77 2) (74) 
78 (52 60 90 17 32 71 3) (19 2 33 67 69 54 9 11 66 47 95 24 59 35 78) (7) (98 40 88 13 30 42 29 92) (96 18 44 48 37 22) (39 61 23 62) (85) (45 4 75 16 31 84 28 86 20) 
79 (32 98 33) (67 97 7) (40 51 44 25 91 100) (43 22 42 8) (96) (64 99 24 2 84 11 88 47 6 87 68) (72 52) (4 17 58) (66 95) (39 21) (69 77) (70 46) 
80 (100 78) (95) (80 41 82) (1) (22 30 13 40 71 72 96 20 65 21) (17 91 70 83) (62 57 3 98 92 51 79 26 89 32 56 31 37 24 68) (47) (49 52 53 36 9 50 19 23) (94 58) (64 34 60 87 97 2 84) 
81 (32 76) (77 42 25) (44 84) (39 87 40 22 51) (36 37) (8 95) (33 94 62 47) (49) (2 3) (57 30) (55 52 10 80 79 86 70 43 23 88) (73 67 21 82 78) (38 45 71 35 4 15 6 81) 
82 (19 58 88 48 68 62 29) (97 18 60 76) (38 66 65 30 14 4 36 89 25 39 79 21 34 17 22 55 80) (72 11 82 64 32 52 71 90 40 24 67 20 47 77) (53 54 3 85) (10 35 26) (91) (9) 
83 (62 43 11 92 20 90 29) (7) (42 73 35) (97 61 16 15 66 5 65 14 50 12 67 52 48) (99 72 56 80 68 32 13 19) (39 94 2 31 91 4 34 36 26 59 55 41 37 8 74 44) (27 46 87) 
84 (61) (95 71 2 33 31) (60 87 30 55) (68 4) (25 74 39) (11 46 7) (44 27 20) (50 35 59 28) (53 69 32 36 19) (26 3) (49 64 45 42 93 57) (51 85 13 23 98 18 99 12 17) (96 41 47) 
85 (47) (9 15 44 5) (91) (39 14 36) (12 17 19 88 65 89 98 57 93 49) (100) (33) (72 41 13 54) (95 82) (84 4 16 87) (38) (56 25 69 3 63 29) (67 86) (35 64 37) (11 43 31 79 53 60 94 74 51 22 83) 
86 (91) (73 81 70 30 12 31) (38 57) (5 60 83 100 97) (37 20 64 98 1 93 4 7 52 33 46 79 45 90) (95 26 44 87 85) (16 10) (22) (42 89 3 76 58 75) (65) (92 51 13 15 82 80 68) 
87 (61 33 43 53 85 32 80) (46) (27 69 75 45 78) (64) (99 15 79 86 35 73 81 26 47 90) (12) (89 83 31 29 4 82 8 1) (62) (98) (13) (20 17 49) (50 66 10 16 7 52 3 54 18 2 9 96 11 84 39) (71 21) 
88 (9 62 28 79) (39 61) (88 56 47 55 17 60 90) (11 65) (16 10 78) (52 38 24 99 76 63 91 25 98 2 42 94 7 92 37 70 43) (13 31) (44) (49) (27 54 84 3 4) (6) 
89 (89 40 66 9 53 15) (12 98 92 26 39 19) (60 55 29 6 95) (79 65 99 82) (77 20 94 75 27 2 13 49 86 73 63 70 31 8 91 5 35 96 90 7 37 30 80 81 64 18 45) 
90 (45 49 70 67 52) (69) (96) (35 22 18) (61) (95 51 33 54 12 65 2 89 44 27 72 48 73 92 88) (13 23 36 57) (68 86) (47 14 79 8 60 25 29 7 21 80 71) (43 93 34 3 91) (42) 
91 (15) (57) (20 37) (100 97 48 38 87 39 31) (83 55) (25 82 46 34 28) (62) (4) (24 50 40 18 75) (7 12) (36 69 6) (42 3 84 30 10 35 66) (94 86) (8) (85 23 21 93) (47) (79 67) (32 2 14 49) (26 80 9 56 58) (43 64 99) 
92 (94 29) (59) (9 26) (12 53 23 30 11 76 55 43 2 57 73 41 81 8 83 22) (86 25 18 87 79) (33 14 51 31 34 20 46 17 64 96 32 21 54) (44 56 50 75 4 95) (69 63) (47 42 36 1 39 99 40 66 3 88) (80 45 93) 
93 (65 17 11 91) (69 77 59) (19) (81 24 96 45 8 62) (78 53 71 99 83 1) (60 63 100 98 61) (21 90 37 7 42 64 13 34 38 28) (5 4 89 86 74 85) (55) (73) (46 16 80 22) (41 10 40) (67 93 51) (29 15 36 31) (87) 
94 (39 92 32 37 6 29 26 89 54 34 57 8) (87 58 86 41 28 98 66 4) (42 9 55 85 65 45 24 1 83 44) (38 10) (7 2 73 47 50 80) (61) (77) (76 99 36 52 56 51 69 22) (95) 
95 (19 42 15 29 84) (53 31) (79 91 14 46 51 4 61) (21 92 69 10 65 33 100 86 99 48 89 78 43 9 47 17) (44 98 22 96) (1 18) (11 7 49 28) (23 95) (26 38 37) (34) 
96 (98 83 21 53 68) (13 43 3 91) (65 60) (33 97 92 72) (5) (6 66 70 55 56 32 84 12 11 16 10 48 26 46 90) (30 81) (29 31 18 62 22) (51 8 1 9 41) (93) (39 58 42 75 4 67 7 38 45 20 71 24) (87 89) 
97 (62 1) (74) (88 79 22 67) (63) (52 89 44) (42) (34 68 85 57) (87 64 66 6 56 41 92) (36 70 27 69 75) (7 97 93) (47 40 100) (16 5) (50 60 9 95 4 54) (58) (14 18 29 21 26 83) 
98 (39) (2 34 26 96 33 36 82) (98 21 27) (1 38) (90) (66 45 44 97 12 84 32) (13 48 74 68 3) (81 37) (100) (17 70 22 50 16 41 43 88 91 76 92 72 85 56 46 57) (20 55 6 9 80 28) (42 8 87) (14 63 29) (89) 
99 (79) (30 14 16 8 17 6 58 18 76 15 100 74 21 26 55 57 61 51 12 69 5 49 25 83 20 87 56) (22 78 1 90 46) (24 33 67 63 52) (86) (77 3) (64 38) (93 97 32 66) (75 39 4) (45) 
100 (71 75 59 9 28) (22 56 16 35 13) (20 86) (25 98 1 42 67) (91) (41 12 58 66 77 69) (79 38 14 57 92) (55) (97 34 18 6) (87) (3 26 40 54 36 27 29) (15 48) (23) (10) 
1 (35) (46) (100) (70) (49) (65) (26) (86) (36) (98) (92) (33) (94) (16 61 74) (76) (21 67 93 77 63 87 24 22 3) (96 17 38 30 43 2 8 45 48 80 15 52 27 31 97 95 32 9 99 5) 
2 (21) (58) (77) (73) (27) (50) (94) (88) (14) (63) (87) (40) (46) (78) (16) (92) (67 44 74 47 29 62 79 98 33 59 81 13 26 91 5 56 18) (7 8 65 34 51 49 6 68 10 89 32 35 90 19 76 31 83 70 41 80 45 64) (61 3 84 75 66) 
3 (87) (96) (13) (20) (31) (50) (49) (24) (32) (45) (57) (38) (78) (43) (5) (70) (10) (29) (69 16 42 75 47) (72) (60 91 88 80 86 25) (36) (99 35 21) (56 23 63 100 85 54) (7) (4 34 64 90 3 26 12) (92 82 11 6) (81 84 98 62 61 41) 
4 (97) (82) (9) (81) (83) (62) (99) (33) (52) (51) (92) (69) (76) (30) (86) (95) (94) (41) (36) (87) (63) (6) (57) (28) (31) (88) (37) (53 25 14) (85 68) (35 91 32) (3 96 39 8) (84 71 21) (60 40 59 93 78 79) 
5 (89) (28) (19) (11) (72) (71) (56) (41) (40) (85) (76) (5) (18) (7) (23) (38) (74) (52) (86) (97) (93) (35) (62) (9) (58) (31) (12) (53) (57) (67) (34) (59) (61 27) (37 6 66 83 54) (96 99 16 73 33 8 1 26) 
6 (1) (96) (97) (49) (79) (9) (88) (48) (99) (33) (18) (60) (81) (50) (11) (67) (30) (52) (73) (4) (45) (91) (32) (24) (28) (66) (58) (44) (75) (77) (59) (10) (23) (12) (100 14 89) (16 65 6 68 31 19 54 94 98 43 56) (41 37) 
7 (71) (58) (96) (57) (76) (75) (94) (29) (78) (42) (23) (20) (4) (64) (10) (51) (45) (89) (67) (93) (47) (36) (62) (24) (68) (27) (95) (69) (86) (46) (77) (70) (79) (91) (97) (40) (65) (48 56 6 34 3) (53 37 88 30) (14 18) (83 31) (87) (25 84 33 90) 
8 (69) (92) (7) (45) (71) (89) (46) (3) (67) (99) (59) (13) (5) (35) (50) (75) (87) (73) (9) (81) (58) (17) (66) (51) (63) (20) (49) (25) (91) (79) (64) (32) (41) (98) (90) (52) (1) (93) (37) (96) (8) (74) (24 76 70 83) (14 34 77) (31) (94 12 28 21 27) 
9 (6) (96) (18) (38) (98) (40) (97) (88) (12) (80) (9) (39) (24) (67) (85) (77) (36) (11) (27) (53) (95) (61) (17) (34) (5) (64) (51) (60) (35) (31) (91) (22) (4) (66) (42) (59) (32) (30) (89) (78) (7) (1) (92) (65) (33) (68 54 72 87) (15 100 49 82) (94 44 41 19) 
10 (33) (93) (14) (64) (87) (45) (65) (44) (59) (16) (36) (30) (43) (63) (56) (7) (88) (68) (18) (27) (66) (26) (94) (25) (38) (72) (96) (29) (17) (42) (57) (91) (32) (49) (61) (73) (46) (100) (5) (21) (1) (35) (82) (81) (20) (11) (86) (95 31 70) (23) 
11 (88) (3) (74) (18) (93) (54) (31) (63) (15) (79) (30) (53) (9) (92) (82) (21) (56) (83) (85) (2) (96) (72) (55) (22) (19) (45) (78) (43) (5) (12) (77) (20) (36) (61) (47) (41) (67) (64) (68) (23) (69) (29) (87) (76) (49) (57) (95) (26) (52 17 84 32) 
12 (2) (51) (85) (39) (16) (48) (66) (47) (67) (100) (22) (65) (9) (91) (63) (18) (7) (76) (83) (98) (87) (62) (77) (20) (38) (46) (4) (12) (90) (56) (64) (59) (3) (28) (31) (55) (60) (74) (15) (44) (96) (92) (86) (52) (10) (14) (84) (27) (99 89) 
13 (89) (11) (20) (52) (35) (12) (28) (47) (43) (25) (64) (27) (84) (93) (18) (14) (100) (61) (83) (6) (78) (9) (46) (96) (26) (90) (71) (65) (42) (67) (1) (63) (88) (57) (85) (54) (15) (72) (87) (86) (2) (98) (55) (4) (23) (13) (62) (33) (22 38 40 80 56) 
14 (34) (6) (92) (63) (3) (58) (83) (31) (11) (4) (48) (64) (42) (27) (5) (90) (1) (91) (46) (69) (98) (40) (43) (12) (17) (95) (25) (99) (45) (47) (85) (36) (72) (75) (67) (61) (53) (37) (82) (74) (23) (39) (21) (49) (76) (44) (100) (18) (9 32 38 97) 
15 (26) (71) (34) (47) (13) (61) (81) (29) (53) (100) (3) (11) (45) (42) (2) (95) (89) (60) (59) (32) (77) (21) (87) (39) (64) (86) (8) (12) (56) (93) (19) (28) (41) (6) (67) (83) (62) (30) (99) (22) (85) (35) (73) (24) (66) (91) (65) (57) (49) (27) (55 52) 
16 (46) (61) (38) (43) (71) (85) (88) (12) (87) (44) (100) (93) (9) (63) (51) (33) (98) (73) (36) (41) (39) (19) (10) (23) (66) (22) (96) (83) (97) (45) (57) (78) (32) (17) (34) (75) (58) (21) (31) (50) (99) (56) (4) (26) (86) 
17 (39) (62) (68) (25) (52) (73) (36) (63) (93) (87) (12) (85) (51) (67) (23) (57) (46) (30) (58) (98) (66) (17) (99) (9) (56) (27) (74) (64) (88) (80) (42) (50) (82) (45) (32) (92) (43) (10) (95) (78) (21) (49) (48) (70) (79) (18) (84) 
18 (63) (17) (1) (53) (3) (23) (4) (52) (73) (29) (51) (18) (95) (66) (31) (2) (20) (99) (96) (89) (74) (78) (60) (24) (97) (71) (26) (54) (72) (76) (90) (37) (30) (19) (10) (9) (100) (15) (92) (40) (84) (28) (87) (33) (91) (77) (11) (82) (21) (68) (36 38 32) 
19 (83) (53) (4) (78) (22) (39) (58) (42) (9) (18) (43) (14) (25) (84) (60) (95) (29) (68) (72) (5) (65) (20) (31) (89) (8) (46) (85) (52) (82) (50) (2) (75) (57) (27) (61) (93) (40) (1) (32) (67) (59) (44) (80) (71) (54) 
20 (91) (62) (14) (99) (55) (7) (12) (1) (53) (51) (18) (69) (28) (45) (44) (67) (70) (39) (100) (56) (78) (92) (96) (83) (66) (8) (34) (80) (73) (48) (40) (54) (87) (86) (52) (82) (24) (77) (16) (35) (76) (84) (71) (89) (29) (19) (98) 
21 (90) (65) (68) (56) (19) (31) (95) (62) (82) (76) (45) (98) (93) (8) (91) (99) (32) (10) (20) (57) (59) (55) (40) (73) (26) (96) (70) (80) (92) (87) (27) (50) (67) (60) (97) (7) (3) (17) (81) (34) (24) (11) (79) 
22 (79) (97) (95) (36) (70) (66) (74) (81) (71) (93) (78) (6) (31) (43) (75) (11) (86) (12) (90) (61) (20) (99) (56) (26) (28) (29) (44) (51) (8) (92) (5) (64) (18) (54) (85) (98) (47) (82) (50) (45) (80) (24) (73) (21) (14) (100) (53) (23) (58) (22) (1 60 76) (57 96 62 77 94) (41 25) 
23 (67) (39) (50) (76) (84) (33) (43) (58) (80) (59) (71) (61) (28) (19) (73) (68) (81) (17) (64) (40) (62) (9) (11) (47) (75) (72) (74) (27) (46) (52) (92) (6) (7) (78) (2) (26) (77) (8) (5) (4) (69) (31) (60) (49) (36) (100) (21) (53) (32) (37) (90) (44) (91 1) (95 38) 
24 (13) (52) (69) (53) (8) (35) (79) (44) (24) (93) (45) (42) (78) (33) (25) (99) (31) (41) (4) (40) (67) (27) (6) (22) (5) (36) (20) (88) (34) (94) (74) (50) (23) (57) (73) (72) (96) (15) (1) (37) (11) (82) (58) (80) (30) (18) (56) (91) (46) (51) 
25 (66) (57) (60) (65) (56) (100) (15) (82) (17) (32) (99) (90) (42) (18) (52) (51) (68) (54) (91) (43) (28) (26) (24) (29) (70) (73) (1) (34) (92) (88) (31) (9) (85) (13) (67) (21) (25) (14) (71) (75) (23) (84) (11) (74) (81) (6) (76) (3) (41) (58) (46) (30) (79) (22) (49) 
26 (54) (49) (3) (6) (46) (2) (9) (83) (41) (17) (94) (29) (86) (22) (69) (52) (82) (23) (60) (30) (59) (95) (100) (92) (98) (57) (37) (97) (80) (62) (89) (87) (13) (26) (64) (96) (35) (40) (44) (28) (91) (65) (71) (99) (32) (39) (58) (76) (84) (34) (53) (10) (15) (72) 
27 (69) (64) (10) (16) (35) (56) (33) (44) (60) (100) (9) (77) (75) (39) (37) (13) (98) (54) (48) (29) (61) (84) (57) (72) (25) (68) (36) (27) (89) (87) (53) (15) (65) (90) (30) (83) (52) (12) (24) (38) (62) (32) (43) (1) (70) (26) (63) (7) (76) (97) (11) (88) 
28 (100) (64) (84) (23) (95) (11) (61) (94) (78) (52) (8) (18) (91) (49) (63) (74) (29) (93) (69) (45) (60) (17) (88) (76) (53) (65) (39) (62) (43) (19) (47) (7) (1) (5) (44) (98) (4) (40) (70) (21) (42) (58) (75) (73) 
29 (53) (58) (18) (44) (95) (12) (71) (47) (100) (7) (97) (19) (69) (62) (70) (63) (60) (1) (78) (87) (42) (36) (92) (74) (50) (83) (3) (34) (94) (16) (85) (10) (31) (43) (89) (82) (98) (30) (48) (35) (93) (9) (4) (41) (21) (90) (96) (13) (27) (26) (38) 
30 (48) (73) (78) (96) (86) (92) (89) (34) (10) (57) (54) (80) (5) (49) (9) (46) (76) (81) (41) (84) (3) (51) (14) (17) (91) (43) (56) (99) (2) (15) (77) (21) (75) (18) (47) (11) (22) (30) (58) (7) (70) (60) (82) (62) (42) (59) (65) 
31 (63) (17) (84) (50) (10) (74) (62) (39) (59) (56) (95) (33) (87) (46) (19) (76) (78) (80) (92) (35) (41) (43) (2) (53) (3) (72) (85) (30) (91) (58) (8) (38) (14) (93) (51) (83) (36) (89) (34) (96) (6) (86) (23) (25) (15) (20) (52) (54) (68) (88) (55) 
32 (23) (12) (55) (10) (99) (83) (25) (1) (94) (92) (17) (36) (80) (13) (16) (29) (63) (33) (53) (6) (20) (70) (98) (22) (61) (24) (84) (18) (91) (47) (82) (58) (65) (81) (64) (9) (38) (96) (51) (54) (40) (27) (79) (11) (46) (31) (4) (87) (45) (44) (66) (14) (19) (75) (78) (59 77 35) 
33 (53) (32) (64) (61) (52) (78) (38) (87) (54) (16) (33) (18) (13) (96) (49) (36) (37) (44) (40) (28) (56) (99) (20) (75) (62) (6) (55) (57) (84) (4) (86) (92) (74) (34) (95) (41) (98) (25) (10) (72) (14) (47) (90) (31) (30) (77) (24) (85) (23) (51) (81) (50) (79) (70) (22) 
34 (35) (28) (83) (27) (15) (90) (50) (8) (64) (38) (100) (31) (53) (80) (39) (91) (75) (37) (94) (3) (72) (41) (30) (20) (47) (95) (60) (5) (13) (82) (98) (92) (57) (16) (12) (71) (73) (97) (24) (93) (45) (22) (54) (61) (66) 
35 (90) (56) (8) (36) (77) (81) (44) (61) (59) (9) (54) (82) (7) (74) (62) (100) (91) (58) (34) (50) (52) (13) (48) (30) (75) (83) (5) (33) (55) (11) (85) (89) (25) (51) (78) (37) (87) (17) (28) (84) (73) 
36 (55) (1) (92) (4) (18) (11) (81) (6) (25) (85) (47) (16) (67) (8) (46) (42) (98) (68) (13) (65) (32) (66) (29) (93) (36) (84) (83) (20) (44) (60) (39) (90) (100) (22) (57) (91) (41) (80) (37) (28) (43) (10) (97) (56) (19) (23) (38) (53) (64) (82) (50) (30) (94) (59) (75) 
37 (32) (1) (2) (16) (69) (29) (50) (37) (10) (12) (81) (68) (8) (98) (20) (11) (25) (85) (24) (27) (80) (93) (35) (83) (47) (13) (95) (72) (78) (89) (77) (45) (22) (59) (46) (88) (41) (75) (53) (58) (73) (31) (86) (91) (94) (14) 
38 (27) (3) (63) (51) (85) (75) (9) (56) (1) (29) (58) (6) (20) (61) (95) (49) (2) (40) (98) (99) (35) (69) (88) (60) (73) (96) (91) (34) (65) (25) (33) (47) (10) (74) (32) (19) (31) (82) (86) (93) (4) (21) (48) (39) (41) (36) (94) (100) (81) (67) (37) (54) (70) (14) 
39 (34) (12) (27) (16) (82) (29) (77) (66) (47) (55) (94) (78) (8) (91) (4) (14) (17) (79) (49) (73) (85) (41) (44) (37) (52) (53) (98) (13) (83) (43) (71) (5) (99) (76) (96) (81) (39) (42) (35) (72) (58) (6) (74) (48) (88) (87) (51) (92) (89) (20) (18) (50) (25) (75) (84) 
40 (30) (100) (63) (82) (91) (39) (93) (89) (55) (9) (62) (77) (49) (33) (3) (65) (97) (47) (59) (81) (92) (2) (80) (78) (17) (28) (79) (22) (24) (54) (8) (70) (73) (67) (37) (72) (61) (14) 
41 (28) (92) (5) (24) (56) (62) (7) (72) (75) (52) (84) (47) (2) (27) (98) (83) (93) (16) (34) (68) (94) (48) (85) (77) (33) (22) (96) (35) (37) (41) (97) (61) (12) (74) (10) (60) (65) (59) (49) (100) (38) (80) (36) (4) (29) 
42 (72) (53) (8) (54) (65) (79) (90) (23) (94) (56) (20) (48) (84) (1) (10) (100) (83) (98) (29) (96) (70) (49) (75) (60) (78) (35) (50) (93) (68) (86) (25) (92) (74) (97) (71) (95) (91) (59) (18) (88) (37) (9) (40) (27) (39) (12) (67) (6) (81) (3) (77) (69) (24) 
43 (48) (25) (91) (2) (95) (1) (24) (75) (13) (36) (27) (3) (87) (74) (37) (68) (81) (20) (83) (22) (77) (32) (17) (53) (98) (76) (62) (65) (52) (16) (6) (30) (79) (67) (92) (39) (44) (40) (90) (88) (41) (85) (56) (33) (7) (21) (42) (9) (28) (63) (38) (73) (50) (43) (96) 
44 (32) (14) (4) (53) (43) (79) (63) (46) (78) (94) (15) (73) (45) (30) (3) (41) (50) (38) (70) (95) (25) (98) (12) (47) (90) (1) (77) (24) (35) (61) (10) (55) (2) (97) (81) (42) (28) (7) (84) (92) (5) (88) (54) (62) (64) (39) (75) (69) (86) (83) (36) (21) (48) (85) (51) (29) 
45 (1) (74) (71) (3) (42) (7) (96) (99) (12) (60) (51) (18) (92) (48) (10) (94) (41) (33) (78) (61) (23) (16) (67) (35) (89) (84) (25) (50) (17) (93) (8) (58) (30) (20) (53) (26) (98) (69) (86) (11) (87) (81) (27) (90) (28) (77) (68) (49) (73) (72) (14) 
46 (14) (65) (27) (24) (79) (67) (15) (99) (95) (31) (9) (63) (33) (98) (84) (12) (6) (38) (92) (42) (20) (83) (73) (23) (53) (86) (16) (22) (43) (2) (51) (55) (96) (75) (29) (87) (93) (39) (35) (21) (36) (72) (49) (91) 
47 (48) (20) (68) (30) (11) (78) (23) (74) (97) (51) (26) (49) (9) (73) (91) (31) (65) (94) (53) (12) (80) (39) (82) (18) (72) (14) (55) (69) (36) (61) (21) (81) (92) (54) (25) (35) (90) (47) (79) (46) (6) (33) (70) (44) (95) (85) (3) (71) (84) (8) (66) (56) (76) (27) (37) (67 1 87 32 5 59 17 88) 
48 (78) (95) (17) (56) (77) (58) (50) (48) (68) (52) (73) (22) (69) (72) (63) (10) (83) (14) (66) (20) (34) (9) (43) (76) (100) (91) (19) (21) (90) (18) (6) (24) (4) (46) (28) (96) (45) (70) (25) (82) (62) (74) (26) (49) (54) (15) (33) (67) (98) (13) 
49 (7) (39) (68) (24) (90) (17) (26) (85) (52) (14) (16) (23) (81) (10) (3) (55) (48) (62) (63) (56) (88) (45) (31) (5) (4) (89) (66) (43) (22) (80) (59) (84) (1) (74) (61) (87) (67) (50) (36) (51) (91) (12) (41) (99) (95) (2) (9) (64) (8) 
50 (69) (16) (83) (80) (51) (6) (33) (67) (7) (57) (64) (73) (8) (40) (60) (98) (68) (35) (46) (58) (92) (28) (32) (4) (54) (94) (11) (91) (39) (59) (17) (9) (62) (23) (20) (87) (12) (36) (31) (42) (97) (3) (37) (74) (25) (63) (84) 
51 (42) (5) (76) (93) (4) (47) (22) (9) (16) (3) (74) (7) (48) (44) (46) (79) (86) (13) (26) (68) (72) (92) (66) (28) (43) (34) (94) (69) (11) (56) (64) (23) (60) (81) (58) (59) (99) (8) (53) (52) (96) (65) (12) (75) (27) (90) (80) (39) (57) (85) (6) (84) (95) (29) (15) (63 35 30) 
52 (61) (69) (25) (81) (64) (26) (17) (87) (29) (83) (50) (97) (9) (77) (78) (51) (82) (41) (99) (66) (15) (24) (8) (52) (7) (57) (72) (20) (11) (67) (53) (47) (46) (62) (45) (79) (70) (19) (90) (14) (88) (43) (68) (22) (55) (49) (94) (32) (10) (12) (5) (42) (86) (71) (80) (34) 
53 (75) (8) (59) (13) (38) (39) (69) (29) (46) (54) (23) (36) (61) (15) (26) (48) (31) (33) (21) (32) (45) (35) (65) (9) (42) (82) (10) (95) (92) (80) (27) (64) (89) (4) (44) (41) (68) (85) (16) (96) (74) (17) (87) (53) (50) (14) (28) (77) (62) (71) (93) (11) (67) (84) 
54 (39) (24) (59) (65) (73) (92) (8) (100) (15) (28) (75) (77) (94) (45) (62) (6) (32) (85) (78) (97) (31) (37) (87) (72) (12) (7) (20) (68) (5) (82) (70) (17) (88) (50) (60) (69) (55) (90) (18) (16) (13) (23) (52) (76) 
55 (84) (81) (67) (55) (3) (47) (41) (65) (29) (89) (60) (53) (52) (12) (27) (88) (76) (24) (82) (7) (11) (9) (20) (99) (98) (62) (94) (66) (13) (96) (48) (23) (45) (6) (64) (10) (91) (83) (31) (68) (8) (54) (59) (74) (30) (25) (1) (16) (37) (15) (92) (18) (19) (44) (93) (38) (32 100) 
56 (25) (76) (47) (21) (66) (16) (92) (14) (74) (17) (54) (77) (27) (13) (42) (5) (3) (51) (99) (68) (98) (91) (85) (57) (49) (37) (22) (9) (96) (75) (97) (32) (83) (10) (18) (88) (39) (73) (28) (46) (35) (100) (80) (64) (58) (20) (43) (94) (50) 
57 (90) (46) (100) (6) (18) (81) (86) (80) (5) (94) (85) (40) (65) (14) (84) (7) (67) (53) (98) (99) (8) (49) (10) (11) (23) (71) (28) (58) (56) (91) (34) (92) (39) (72) (4) (97) (66) (70) (9) (29) (19) (57) (2) (35) (68) (73) (50) (15) (3) (27) 
58 (21) (82) (22) (24) (18) (6) (99) (64) (35) (29) (55) (96) (26) (45) (34) (25) (37) (66) (3) (31) (19) (50) (100) (72) (30) (60) (79) (56) (13) (23) (42) (97) (86) (70) (38) (94) (68) (51) (58) (73) (80) (91) 
59 (8) (34) (23) (28) (45) (40) (78) (11) (32) (27) (9) (7) (49) (92) (19) (2) (53) (70) (41) (16) (84) (83) (68) (13) (93) (60) (58) (31) (15) (54) (18) (35) (24) (56) (26) (57) (12) (100) (43) 
60 (6) (30) (96) (89) (52) (82) (14) (75) (45) (78) (86) (8) (66) (42) (59) (80) (93) (84) (97) (34) (69) (77) (27) (35) (85) (37) (25) (36) (90) (68) (50) (26) (71) (76) (49) (55) (56) (41) (58) (22) (88) (17) (70) (57) (9) (60) (13) (44) (31) (62) (64) (5) (28) 
61 (62) (84) (12) (58) (31) (83) (33) (71) (41) (49) (95) (78) (43) (88) (5) (6) (22) (65) (63) (94) (13) (61) (87) (30) (17) (35) (74) (73) (37) (19) (48) (7) (90) (10) (3) (45) (20) (93) (39) (15) (99) (8) (29) (76) (1) (34) (68) 
62 (91) (4) (42) (24) (88) (81) (80) (74) (1) (8) (30) (10) (18) (50) (59) (78) (83) (63) (82) (26) (5) (96) (45) (87) (93) (64) (34) (56) (51) (67) (60) (76) (3) (15) (97) (62) (75) (40) (29) (65) (7) (77) (23) (35) (53) 
63 (92) (58) (49) (38) (6) (99) (26) (32) (51) (42) (27) (57) (61) (31) (88) (4) (30) (11) (62) (3) (7) (67) (43) (50) (98) (12) (72) (36) (5) (35) (10) (52) (23) (25) (54) (75) (65) (85) (48) (14) (59) (22) (17) (89) (93) (97) 
64 (1) (11) (53) (23) (63) (86) (9) (91) (13) (64) (22) (17) (75) (30) (6) (97) (93) (24) (33) (18) (70) (50) (3) (48) (77) (29) (8) (67) (26) (35) (79) (61) (76) (66) (62) (87) (58) (80) (43) (85) (82) (89) (47) (84) (21) (99) (25) (69) (92) 
65 (74) (19) (40) (90) (4) (96) (83) (18) (2) (42) (80) (82) (11) (33) (13) (76) (86) (72) (15) (47) (88) (38) (51) (35) (85) (75) (89) (43) (71) (62) (25) (69) (59) (41) (5) (24) (53) (65) (14) (95) (94) (23) (68) (3) (64) (70) (63) (93) (27) (77) (7) (36) (6) 
66 (44) (26) (68) (24) (22) (17) (43) (27) (11) (79) (67) (73) (99) (78) (54) (61) (82) (69) (51) (59) (87) (34) (30) (52) (92) (91) (37) (6) (41) (94) (100) (83) (97) (31) (14) (62) (16) (15) (96) (70) (48) (89) (32) (46) (7) (36) (57) (35) (58) (98) (28) (9) (1) 
67 (63) (35) (10) (91) (85) (48) (8) (44) (93) (40) (28) (71) (39) (96) (32) (99) (66) (70) (46) (7) (2) (79) (30) (19) (50) (22) (18) (12) (64) (75) (69) (27) (3) (55) (33) (6) (100) (78) (82) (90) (65) (52) (45) (24) (1) (15) (37) (21) (13) (11) (97) (5) (14) (81) (34) (61) (83) 
68 (31) (66) (82) (48) (96) (67) (56) (30) (75) (77) (40) (90) (59) (63) (50) (58) (47) (37) (86) (53) (34) (5) (36) (23) (8) (18) (12) (54) (71) (72) (80) (98) (14) (20) (46) (44) (79) (1) (68) (35) (26) (2) (41) (42) (60) (73) (84) (6) (52) (19) (83) (97) (24) 
69 (93) (19) (41) (91) (58) (12) (8) (62) (11) (33) (50) (2) (55) (6) (27) (87) (53) (23) (100) (61) (16) (24) (38) (37) (92) (48) (99) (31) (68) (13) (78) (30) (85) (75) (79) (63) (95) (76) (17) (25) (84) (97) (34) (94) (7) (54) (4) (43) (67) (90) (15) (70) 
70 (97) (36) (23) (81) (70) (15) (88) (17) (96) (60) (11) (38) (67) (12) (14) (29) (21) (22) (6) (43) (66) (54) (98) (49) (80) (20) (39) (45) (62) (13) (35) (89) (44) (71) (3) (61) (86) (90) (74) (79) (31) (69) (24) (56) (75) (25) (72) 
71 (8) (93) (41) (29) (50) (63) (51) (23) (87) (82) (55) (16) (77) (84) (76) (47) (13) (24) (17) (80) (74) (100) (54) (46) (56) (52) (2) (21) (90) (96) (34) (78) (42) (33) (43) (68) (81) (20) (66) (28) 
72 (14) (43) (98) (57) (83) (22) (27) (29) (9) (7) (85) (55) (15) (31) (77) (71) (40) (50) (23) (16) (74) (76) (30) (80) (2) (62) (82) (41) (70) (11) (3) (96) (60) (79) (5) (69) (90) (45) (24) (66) (75) (34) (63) (47) (52) (56) (26) (21) 
73 (71) (42) (20) (66) (63) (83) (24) (2) (46) (47) (17) (6) (34) (45) (48) (49) (52) (94) (89) (5) (81) (69) (38) (7) (74) (10) (93) (35) (86) (28) (3) (90) (62) (92) (61) (53) (57) (87) (50) (44) (73) (33) (4) 
74 (83) (73) (43) (99) (11) (46) (55) (57) (42) (77) (17) (40) (69) (25) (85) (98) (74) (44) (38) (60) (36) (51) (4) (29) (84) (30) (8) (45) (65) (10) (27) (48) (32) (26) (34) (54) (58) (62) (31) (93) (56) (37) (18) (21) (97) (75) (9) (47) (15) (64) (72) (7) 
75 (91) (32) (46) (19) (40) (25) (17) (51) (60) (43) (92) (30) (66) (75) (54) (78) (47) (100) (28) (27) (4) (96) (34) (1) (86) (53) (31) (23) (99) (55) (20) (7) (77) (14) (87) (70) (69) (15) (12) (71) (11) (18) (73) (3) (62) (8) (48) (97) (89) (45) 
76 (13) (36) (98) (88) (16) (11) (51) (44) (60) (53) (75) (28) (9) (74) (49) (64) (7) (82) (4) (35) (92) (14) (68) (57) (34) (15) (31) (23) (94) (39) (86) (12) (10) (99) (19) (69) (65) (48) (58) (3) (81) (50) (8) (59) 
77 (30) (76) (52) (61) (99) (79) (10) (94) (14) (74) (58) (81) (20) (89) (72) (71) (28) (64) (46) (59) (67) (3) (55) (50) (62) (68) (11) (48) (77) (45) (21) (1) (31) (75) (39) (100) (2) (93) (36) (44) (38) (51) (60) (12) (16) (32) (24) (63) (6) (7) (49) (82) 
78 (30) (99) (49) (75) (58) (14) (12) (44) (69) (24) (13) (19) (55) (11) (77) (35) (68) (80) (81) (32) (78) (54) (25) (51) (59) (46) (93) (56) (6) (40) (67) (42) (74) (52) (88) (95) (87) (39) (4) (8) (5) (48) (10) (34) (20) (71) (1) 
79 (55) (88) (61) (51) (46) (77) (99) (39) (5) (71) (95) (54) (67) (47) (1) (97) (80) (9) (90) (100) (40) (91) (59) (26) (49) (86) (69) (2) (31) (92) (27) (76) (28) (82) (81) (23) (85) (70) (87) (38) (44) (65) (3) (29) (48) (58) (89) (21) (33) (36) (32) (73) 
80 (40) (77) (69) (5) (10) (91) (50) (90) (39) (55) (86) (76) (58) (38) (98) (87) (32) (53) (1) (43) (8) (82) (45) (57) (36) (74) (22) (92) (89) (93) (94) (21) (54) (41) (4) (51) (56) (26) (6) (72) (81) (80) (52) (7) (20) (83) 
81 (20) (8) (73) (14) (30) (9) (52) (87) (12) (69) (67) (44) (51) (25) (92) (55) (57) (72) (32) (16) (63) (24) (76) (28) (7) (62) (61) (18) (6) (53) (40) (86) (96) (38) (34) (43) (70) (64) (54) (23) (89) (81) (27) (93) (98) (59) (3) (50) (45) 
82 (2) (5) (46) (28) (54) (42) (39) (1) (26) (21) (44) (89) (25) (81) (91) (86) (80) (37) (76) (43) (14) (34) (55) (52) (62) (87) (70) (57) (12) (58) (65) (11) (67) (98) (8) (64) (15) (85) (45) (75) (51) (50) (7) (19) (29) (35) (74) (6) (82) 
83 (47) (25) (56) (31) (76) (87) (96) (86) (42) (27) (44) (54) (22) (75) (4) (85) (21) (3) (65) (91) (50) (14) (1) (93) (49) (94) (92) (97) (55) (73) (9) (53) (16) (5) (38) (13) (70) (99) (80) (30) (41) (28) (24) (18) (63) (69) (8) (36) (57) 
84 (61) (88) (85) (20) (30) (22) (40) (81) (66) (68) (2) (74) (21) (26) (14) (1) (43) (95) (5) (69) (17) (91) (25) (78) (53) (31) (70) (28) (52) (7) (96) (79) (18) (64) (46) (98) (87) (59) (73) (10) (58) (12) (57) (42) (38) (15) (80) (51) 
85 (11) (1) (87) (13) (34) (86) (21) (77) (35) (17) (58) (39) (78) (57) (91) (47) (46) (31) (42) (16) (64) (2) (15) (55) (54) (74) (3) (37) (59) (53) (97) (63) (98) (49) (65) (62) (94) (30) (82) (12) (73) (36) (93) (84) (43) 
86 (89) (16) (6) (22) (92) (9) (54) (18) (77) (95) (11) (70) (56) (72) (100) (94) (55) (19) (33) (52) (36) (44) (17) (12) (91) (1) (68) (81) (15) (99) (87) (90) (64) (47) (78) (66) (62) (40) (37) (76) (13) (8) (93) (21) (85) 
87 (3) (52) (97) (83) (45) (63) (73) (91) (86) (59) (60) (35) (94) (98) (54) (44) (2) (62) (92) (66) (85) (84) (27) (28) (67) (34) (72) (51) (79) (24) (12) (17) (9) (61) (81) (70) (37) (76) (29) (71) (96) (68) (48) (57) (64) (100) (49) (16) (32) (99) (53) (56) (93) (80) 
88 (62) (42) (14) (82) (23) (31) (40) (8) (27) (20) (52) (49) (18) (81) (54) (16) (15) (48) (79) (70) (92) (34) (17) (90) (4) (78) (57) (19) (58) (88) (75) (69) (85) (25) (55) (98) (65) (21) (47) (43) (36) (37) (7) (66) (97) (24) (2) (45) 
89 (18) (40) (66) (47) (74) (38) (95) (75) (1) (15) (98) (36) (12) (58) (42) (35) (9) (85) (50) (33) (30) (80) (69) (90) (87) (23) (28) (65) (82) (6) (32) (94) (97) (96) (11) (29) (89) (19) (49) (60) (67) (14) (27) (86) (3) (93) (37) 
90 (34) (27) (21) (24) (48) (28) (46) (68) (98) (61) (77) (5) (18) (59) (60) (63) (83) (39) (8) (93) (62) (9) (72) (96) (56) (44) (4) (88) (55) (1) (86) (45) (74) (30) (82) (78) (16) (3) (23) (89) (19) (99) (75) (38) (87) (17) (40) (29) (69) 
91 (75) (80) (89) (65) (71) (63) (32) (50) (98) (17) (53) (86) (12) (46) (88) (64) (16) (29) (76) (82) (100) (27) (60) (77) (57) (72) (13) (55) (2) (90) (54) (43) (79) (48) (44) (73) (85) (45) (36) (96) (93) (95) (83) (25) (74) 
92 (32) (10) (77) (59) (69) (13) (62) (83) (78) (39) (97) (34) (25) (88) (28) (2) (41) (50) (45) (80) (5) (47) (61) (63) (35) (17) (24) (94) (71) (52) (11) (21) (20) (98) (38) (67) (14) (75) (48) (65) (19) (7) (96) (30) (27) (73) (89) (53) (31) (100) (68) (37) (51) (54) (90) (95) (86) 
93 (43) (33) (74) (8) (25) (37) (34) (30) (24) (64) (85) (90) (99) (93) (39) (18) (56) (84) (46) (92) (49) (86) (32) (42) (22) (12) (62) (73) (21) (48) (3) (75) (28) (26) (96) (19) (71) (7) (45) (54) (63) (36) (97) (70) (15) (91) (29) 
94 (26) (52) (73) (27) (4) (72) (18) (54) (89) (88) (11) (83) (80) (51) (85) (62) (21) (25) (56) (92) (70) (91) (1) (81) (24) (20) (76) (28) (40) (64) (43) (10) (6) (35) (2) (57) (7) (29) (74) (61) (45) (14) (47) (8) (44) (30) (66) 
95 (78) (44) (85) (7) (89) (55) (40) (84) (24) (81) (90) (63) (94) (75) (3) (56) (79) (60) (46) (73) (66) (26) (95) (77) (37) (71) (23) (20) (32) (39) (45) (31) (97) (69) (76) (80) (92) (86) (61) (34) (33) (38) (48) (67) (74) 
96 (4) (59) (29) (77) (28) (95) (13) (79) (72) (84) (68) (80) (8) (75) (98) (42) (87) (43) (66) (2) (55) (90) (33) (10) (69) (25) (35) (7) (20) (89) (44) (16) (93) (41) (9) (62) (78) (23) (40) (48) (46) (64) (11) (92) 
97 (54) (47) (49) (24) (48) (29) (83) (59) (30) (70) (37) (15) (68) (18) (45) (7) (46) (14) (42) (57) (96) (80) (72) (75) (98) (76) (82) (73) (71) (86) (12) (79) (74) (99) (63) (4) (10) (97) (1) (60) (13) (20) (58) (38) (64) (27) (66) (91) (55) (32) (100) (31) 
98 (46) (78) (94) (55) (85) (87) (21) (58) (42) (52) (8) (66) (79) (29) (39) (25) (49) (57) (6) (37) (100) (28) (98) (61) (56) (20) (71) (84) (67) (59) (44) (93) (31) (80) (1) (26) (73) (95) (34) (88) (62) (64) (40) (4) (17) (38) (89) (96) (86) (12) (77) (75) (16) 
99 (61) (22) (47) (73) (21) (27) (56) (79) (10) (49) (68) (11) (54) (31) (40) (44) (46) (1) (15) (6) (23) (13) (38) (58) (87) (7) (83) (84) (3) (67) (88) (29) (94) (91) (59) (17) (95) (92) (16) (69) (50) (20) (37) (72) (89) (55) (52) (70) (30) (48) (28) (41) (93) (2) 
100 (95) (70) (21) (1) (23) (54) (26) (85) (99) (6) (57) (50) (91) (79) (15) (34) (66) (46) (55) (17) (62) (74) (52) (51) (86) (9) (80) (53) (97) (32) (7) (93) (64) (77) (76) (68) (10) (31) (49) (43) (75) (24) (37) (8) (30) (12) (27) (41) (14) (58) (73) (98) 
