0
100
100
1 (28) (51 74) (40 33) (18) (95) (80) (22) (11 39 17) (38) (100) (79) (34 66) (69) (25) (91) (73) (83) (27 19) (52 72) (90) (2 59 54) (58) (42) (29 50 53 89) (64) (30 35) (68 49 62 44) (31 13 57) (70) (3) (76) (37) (21 16) (6) (12 8) (87) (20) (5) (65) 
2 (7 43 49) (35) (53) (56) (85) (20) (75 29) (5) (3 37) (31 81) (41) (91) (86 47) (79 93 92 89) (58) (87) (4) (46 10 12) (40 42 45 76) (78 17) (39) (59 24 50 82 34) (48 74 22) (13 77 2 6 96) (62 44) (97) (80 72) (69) 
3 (46) (33 41 82) (88 23 57) (62 94 32) (64 55 42) (100) (40) (60) (90 73 18) (65) (48 53 63) (91) (96 68 97) (78 24 20 30 6) (19) (80 76 67 70 66 4 35) (3 39 69) (25) (51 43) (17 83 2) (58 61) 
4 (97) (91) (28 60 10) (46) (56 100 14 85) (47 73 38 27) (89) (88 75 17) (5) (86 16 3 7) (68 13) (39) (50) (72 70) (43 15 11 94) (80) (87) (4) (62 20) (84) (77 49) (32) (90) (55) (61 18 95) (63) (8) 
5 (92) (50 59 70) (31 64) (46) (98) (15) (8) (81 65) (84 97 29) (7) (10) (48 17) (43) (2) (57) (86 96 16 28) (34) (79 18) (94) (42) (24 91 78 49 9) (61) (53 60) (27 55 90) (22 54 56 80 51) (77 23 83) (69 66) (100 26) 
6 (35 58 100) (56 96) (77 22 65 2 32) (59 41 68) (11 47) (8) (45 17) (54) (74) (15 97 3 25 16 1) (60) (37 7) (92) (66) (9) (19) (5) (24 26 53 31 82) (93) (94) (4) (75) (48 6) (49 72 38) 
7 (43 45 2) (39) (75) (34) (54) (79 29 46 99) (27 9 94 48 85) (61 37) (52 98 12 88) (25 73 77 49 82) (11) (51) (55) (96 92) (41) (3) (26 15 95) (18 6 100) (58) (78 56) (62 63) (67 42 13 22 59) (81 35 60 84) 
8 (54 98 87) (32) (19) (23) (94 58 22) (30) (53 39) (89) (11 45 92) (7 34 28 80) (76) (62) (100 37 13) (50 75 41) (46) (95 38 12) (81) (66 3) (26) (25) (84) (42) (21) (2) (52) (61) (74 93) (14) (10 16) (43 36 48 77 51) (31) (5) 
9 (57) (100 70) (85) (12 94 40 37) (98 23) (30 34 16 50 24) (39) (21) (51) (99) (60 42) (15 77) (36) (71 62) (11 89 87) (75 5 73) (58 3 19 68 53 91) (25) (10 7) (26 92) (4 72 67 79 61) (88 45) (13 74 96 80) (44 2 95) 
10 (33) (100 52 37) (53 89) (20 34) (79) (55) (24) (15) (2) (26) (11) (75) (88 36 74) (10 86 54) (7 44 39 70) (80) (14 60 13 21) (65 12) (82) (49 56) (68) (78 57) (41 40 32 69) (8 96 25) (94) (51 72) 
11 (76) (68) (2 55 93) (48 43) (74) (49) (61 73 59) (21 32 28 83 97 13) (39) (20 81 70) (99 1 17) (52) (50) (11) (78) (92) (9 96 24) (82 62) (19 26 6) (34 67 85) (37 86 53) (79) (69 60 16) (51) (71 27) 
12 (98 16 5 76) (32 1) (45) (93 62) (23 79) (52) (18 91 36) (11 69 68 31) (53) (17 89 21) (4) (58 37 66 33 28 83) (85 57 81 86) (49) (63) (82 48 95) (6) (39 41 10) (92) (9) (70 78 65 80) (30) (19) (25) 
13 (63) (72) (71) (93 39 74 79) (25) (76) (56 3 36) (12) (96 47 77 5 28) (2 34 57) (46) (18 78 94 26) (11 52 86 15 75 48) (6) (68) (84 24 62 22 31 61 27 81 69 87) (70 51) (82) (66 40) (1) (53) 
14 (11) (87 43) (99) (88) (45 27) (90) (46) (28) (62 59) (97) (54 21 92 5) (29 35) (65 1) (38) (17) (37 78 75) (13) (84) (32 79) (67 51 83 66 86 23) (4) (48 19) (14 80 57 89 77) (33) (70) 
15 (24) (67 32 48) (13 30) (80 4 51) (90 21 7) (26 79 57) (6) (98 100) (72 33) (71 45) (47) (52) (23) (42) (15) (3 54 97) (37) (17) (82 94 70) (92) (29 60 44) (74 86) (34 95 5 10) (65 46) (66) (36 61) (55 16) 
16 (92 64) (13 78 57) (9 19) (37 8 35 44 32 41) (21) (86 43 53 31) (25) (34 94 84) (77 1) (82 50 63) (99 60 17) (45 75) (46) (61) (91) (28 16) (24 6 73) (72 7) (56) (98) (11 30) (87) (85) (38 89) 
17 (35 40 79) (88) (16) (34 68 65) (82 61 70 72 74 43 83) (78) (95) (77 12) (19) (32 90) (60 21 92 1 47 85 18 33) (59 91) (56) (42 37) (48) (14 76 22) (2) (57) (97) (31 11) (64 89 86) (36) (41 81) (5 84 100) 
18 (98 90) (89) (35 64 3) (12) (26 100) (6) (40 52) (1 33) (29) (22) (93) (45) (92) (79) (2) (72) (20) (71 59 57) (19) (51 49 47) (77) (37 62) (96) (44 32) (24) (28) (68) (30) (46 82) (66) (88) (74 38) (56 9) (18 17 65) (67 99 85) 
19 (7 70 30 15) (37) (73) (42) (69 18) (40 38) (67) (57) (24 55) (75) (29 77 54 93) (56) (50) (43) (32) (9 78 14 76) (86 1) (45 20 63) (81) (34) (16 64 90) (94) (80 72 96 8) (4 35 100 31) (82 60 39) (59) (66 22) (47 61 88 68 6) 
20 (65 57) (1) (25) (12 7) (93 21) (3) (90 41 42 89) (29) (56 60) (87 35 97 45 16) (75 82) (9 63 92 47) (27 46 26) (37) (15 40 55 94 83 30) (79) (20 66 18 86) (99) (71) (74 95 100) (13 81 96) (49 28 32 19 54) 
21 (19) (74 55 96) (62) (66) (23) (5 69) (49 7) (83) (70 34 20 18) (2 27 24 97) (94) (76 17 65) (1) (41) (60) (6 29) (12) (67) (77) (38) (21) (9) (54) (37 50 71 78) (25) (98) (84) (8) (91) (72) (16 85) (90) (28 63 35) (86) (56) 
22 (42 70 76) (85) (89) (71 81 93) (27 86 1) (73) (87) (35 88) (37) (45) (9) (82 90) (47 16 5) (69) (22) (58) (78) (28) (38 57) (64) (17 33 61) (75) (4 72 83 96 100 11) (49) (68 2 95 55 97) (20) (54) (7) (60 59) 
23 (84) (86) (80 36 91 14 95 85) (77 40 6) (66 54 78 20) (44 67 49) (57 58) (16) (93) (74) (27 90 15) (31 98 2) (11 61) (28 24) (32) (71) (35) (65) (7) (60 34 55) (43 30 75 96 99) 
24 (99 39) (80) (50) (5 86) (26 73 57 27) (37 84) (69) (61) (1 53 74) (14 29 4) (78 60 55) (82 7 19 68) (81) (47) (2 76) (64 11 66) (43) (17) (24) (94 88) (46) (59 8) (89 32) (65) (15) (72) (12) (92) (48 97) (51 35) (23 16) (49) (36 83 58) (85 6) (56) 
25 (45 61) (66) (51 83) (96) (82 14) (94) (86) (88) (70) (59 34) (76) (68 19) (56 9 21 98 33 12) (46) (17 87) (65) (81 77) (52) (90) (80 26 79 91 49 37) (75) (85) (27) (92) (25 78 47 8) (42) (57 60 67 100) 
26 (94) (80 31 59 77 5 79 25 7) (76 90) (49 71) (17) (37 40 38 65) (34 87 57 100) (88) (61) (69) (3 48) (42 98 13) (96 45 23) (75 20) (52) (27 84 78 83 55 19 21 29) (81) (24) (43 67) (33) (6) 
27 (5) (9 37) (54) (67) (81) (53) (87) (94) (82 93) (97 88 44) (4 79) (64 89) (98 83) (21) (43) (25 91) (38) (71) (18) (95 30 57 65 77) (13) (100) (32 52 39) (33 28) (8 92 48) (2) (7) (74) (61 75 59 70) 
28 (11) (53) (95) (76 7) (14 8 17) (34) (19 20) (47 18 67 56) (68) (96) (23) (87) (45 24) (31) (42) (60) (77 38) (49) (51) (28 93 21) (40) (25) (86 36 2 88 37 30) (13 9 55) (12) (26 99) (90 91 89) (27 48) (58) (4) 
29 (95) (74) (29 15) (11 45) (84) (32) (72) (62) (56 23) (5 92) (40 13 27) (77) (83 20 9) (54) (43) (91) (66) (24 52) (35) (12 78) (1 21) (76 33) (98 85) (65 100) (94) (31 8 17) (2 93 38 37) (48) (42 53) (71) (55) (88) (67) 
30 (50) (9) (94 88 63) (8) (12 24) (3) (20) (79 1) (86) (7) (39) (17 35) (98 45 59 13) (31 74) (5 81 19) (21) (15 44 56) (99 38 61) (28) (49 78 65 48 82 60 72) (25) (66) (87) (76) 
31 (40) (98 84) (12) (37) (44 59) (73) (93) (2) (20 53 82 70) (33) (5 90) (8) (4) (43 19) (6 76) (77) (89) (52) (7) (3 34 32 47 30) (14) (38) (95) (62 61) (87) (100) (22) (45 31 10) (67) (56 17) (58) (65 26 49) (81) (79 55) 
32 (99) (30) (74 43 82) (26) (8) (50 4) (54 3) (88 92 47) (46 100 90) (83 22) (31 36 77 75 5) (15) (59 51 78) (32) (79) (38 28) (17 24 60 63 48 72) (81) (93) (25) (11) (65 1) (84 95 33 56) (52 42) (10) (40) (39 49) (96) (37) (20 73) (89) (87) 
33 (40) (26 94) (21 41) (91 16) (66 93 60) (83) (89) (90) (17 58) (42) (12) (8 14 36) (15) (86) (84 5) (39) (20) (80 99 50 4) (49 27 87 37 11 48 68 45) (10) (77) (53 75 63) (13) (72) (6 69 1) (61) (34) 
34 (98 43 35 28 12) (7 52 37 58) (44) (78 49 46) (60) (42) (39 63) (32 2) (25) (86 6 55) (73 85 82 13 95 29) (11) (100) (61) (69 38) (77 51 74 3) (53 71 76) (54) 
35 (8 97 58) (93) (15) (34 64) (6 94) (51) (68) (18 2) (29 87 28) (43 52 84 60) (48 76) (86 31) (12) (20) (99 3) (41) (36 72 26 61 78) (32) (71) (90 50) (49 40) (16) (85 59) (53 25) 
36 (44) (81 18) (86 41 76) (39 14) (52) (62) (15) (58 95 36) (78) (90) (82) (35 80) (85 63) (26) (13) (25) (20) (64 73) (45 96) (40) (43 70) (27) (88 100) (1) (37) (29 75) (99) (4 97) (65) (67) (11) (54) (53) 
37 (51) (83) (44) (13) (88) (96 36 5 71) (46) (1) (95) (2) (62 82 87) (85) (27) (50 33 66) (11 92) (26 29) (54 3) (100) (97) (79 77 49 24) (55) (74) (80 38 90) (15 63 81 89 17) (37) (76) (99) (25) (68 12 32) (93) 
38 (83) (70) (91) (2) (1 60 55 73 18) (27) (11) (10) (63 25 82) (37) (88) (52 3 79) (84 38) (58 20) (98) (12 68) (77 65) (51) (81) (95) (76 32 47 49) (14) (61) (26) (15) (89 9 99) (13 5) (41) (50) (6) (93 22) (94) (24) (17 40) (96) 
39 (48 62 56) (16 83) (27) (50 79) (100 8) (30 96) (49) (37) (53) (73) (81) (97 23) (19 2 77 99) (36 45 70 24 18 92) (11) (88 35 17) (86 47 6) (41) (51) (68) (95) (44) (15 5) (63) (57) 
40 (21 92 69) (43) (78 75 55 34 17) (39) (28 47 100) (59 32) (44) (76) (93) (4) (52 54) (5) (58) (48) (61) (57 18 10) (30 2) (1 20) (27) (11 81) (70 79 56 60) (16 87) (90) (84 42 40 49 35) (72 88) (9 83 68) 
41 (17) (6) (88 5) (79) (22 36) (94 15) (74 75) (38 77) (28) (4 20 47 85) (41) (71) (11 98 43 70) (76 2) (10) (37) (25 55 65) (3 30) (18 32) (72 33 68) (52 84 69) (13 66 35 46) (19) (90) (92 34 23) (100 99 54 95 82) 
42 (8) (25 77 43) (70 72) (4) (87 80) (5 95) (83) (73) (38 50) (2) (75) (97) (12 57) (1 18 11) (41 52 90) (32) (24 3) (22) (9 46) (19) (93 56) (86) (53) (29 45) (79 47 35) (92) (64) (7 71) (94) (82 60 65) 
43 (92 93 39) (55 71 100 77 8 99 57 58 45) (65 75 64 15) (32 30 29 12) (18) (61) (1) (80) (31) (25 62 28 97) (9 74 53 73 83) (86 50) (59 44) (88) (67 20 24) (52 54 85) (5) (40) (19 49) (17) (7) (13) (84) (66 42) (4 43) 
44 (15 46 91 1 31) (94 47) (37) (70 81 35 8 21) (84 43 49 74 73 87 52) (34) (85 2) (80 54) (38 5 3) (18 28) (57) (45) (20 83 13) (89) (65 10 53) (90) (27) (77) (69) (61) (96) (76 19) (42 39) (67) 
45 (46 32) (70) (54) (57 56) (13 22) (71) (52 7) (43) (17) (48) (10 35 84 34) (50 26 5) (69) (20) (8) (38) (21 94 41 2) (99 15) (4) (86 63 53) (82) (30 73) (37) (33) (19) (60) (80 77) (68) (88 78 42) (95 51) (91) (9) (29) 
46 (76 11 31 35 51) (72) (89) (90 9 87) (93) (60) (52) (43 59 45 5) (56 50 91) (97) (94) (30 34 48 6 8 13) (44) (10 15 66 26) (62 82) (99 32) (68 23 70) (84 64 17 61 12) (88) (77 18) (24) (7) (3) (57) 
47 (83) (27) (68 29) (76 42 46) (34 81 72 67 39 45) (94) (64) (100 53 7) (92) (86 6) (55) (21 71 26) (4) (25 96 11 75 28 5) (98 99) (95) (16) (18) (32) (43) (73) (30) (19) (12 24 36 87) (40) 
48 (8 25 83 99 34) (63) (17 3) (66 82 44) (33 64 40) (10 39 78 69) (26 98) (73) (32 96 93) (59) (86) (92) (24 75) (2) (79 100 47) (22) (4 65 80 85) (87 19 76) (38 42) (45) (68 56) (29 23) (58 50) 
49 (44) (79 67 97 16 32) (13 50) (72) (100 28) (36) (95) (54 46) (82 96) (12 98 60) (34) (62 17) (70 65 9 88 20) (15 21) (66 80) (86) (25 87) (14) (61 40 10) (51) (58 99 85) (73 27) (55) (45 75 84) (41) 
50 (78 4 68) (66 84) (10 99) (8) (100 16 17) (45) (34) (54 26 69) (73 24) (91) (11) (86 98) (31 29 41) (87) (97) (57 28) (12) (71) (80 43) (64 35) (22) (52) (38 48) (93) (15) (59 50) (67) (96) (75 27) 
51 (78 54 42 93 50 8) (99) (45) (71 56) (83) (47) (1 27) (37) (63) (38 25 12 51) (53 60) (13) (79) (30) (24 61 9) (91 57 82 58) (20) (73 23 10) (44 77) (76) (48 65 43) (49) (5 22 87) (98) (15 2 68) (18) (70 36 11 28 92 69) 
52 (31 87) (37 19 9) (70 6) (20 83 11 61) (73) (10 41 75) (28) (3) (86) (100) (47 26) (96 52 59) (92) (76 44 23 93) (82) (66 88) (18) (21) (56) (71) (84) (65 57) (33 39) (54) (22 45) (80) (27) (81 78 16 97 4) 
53 (81 17 39 24) (88) (20 54) (35 46) (19) (95 71 45 14 74) (12 98 4 27) (55) (67) (76 84) (22) (30) (80 86 33 1) (68 61) (16) (6 93) (36 79 62) (82) (59) (97 18 40 42) (96 10 65) (38) (31 89) (56) 
54 (21) (92 36) (54 76 20) (40) (94 99 6) (16 78 83) (12) (34 91 84 65 47 82 22) (45) (97) (9) (64 72) (3 15) (68) (28) (23) (73 70 80 55) (77) (18) (69 89 56 14 95) (79 17) (50) (100 88) (5 62) (61) (42 27) (11 67) 
55 (8 26) (95 86) (90) (78 55) (53) (27 51 76) (34 63 84 70 80 40) (13) (74) (31 18) (45) (61 79) (7 91 49 50) (11 97 33) (2 43) (3 46) (93 89 64 54 52) (1 99) (28 39) (57) (48) (60 96 100 75) 
56 (79) (4) (98 84) (66) (29) (96) (7) (6) (20 49) (3) (59 68) (77) (18) (24 56 87 52) (94 88 39) (63) (38) (91 11) (14 8) (89) (70) (30 83 61) (51 36) (32 82) (78) (92) (25 31 33 5 97) (76 42) (48 2 21 95 67 81) (10) (37) (69 41) (60 71) 
57 (71) (49) (23) (100) (53 15) (98) (90) (84 44 51) (21 69 42 18 85) (96 61 40) (52 70) (41 95 24 30 68 36) (27) (62) (63) (26) (32) (2 76 13) (25 54 43) (99 91) (87 31) (65 88 34) (47) (8 6) (81) 
58 (6) (54) (14) (42 74 44) (10 12) (47) (73) (93) (15 18 89 64) (2 67 86 81) (28) (68 37 94) (27 49) (60) (90 5) (31) (36) (35) (65 87 33) (51) (55) (46) (45 80) (20) (56 32) (7 34 96) (61) (79) (63) (57 22) 
59 (77) (48) (28) (50) (58) (14) (92) (46 10 89) (2 100 40 81) (86) (71) (59 31 74 39) (9 45) (66 38) (83 29) (5) (97 79 16 82 80 25 17) (34) (15 37 23) (26) (47 64) (43) (32 95 85) (54) (61) (27 90 99) (87 6) (30) (60 65) 
60 (89) (15) (85 59 65 76 43) (6 30 56) (69) (100 18 20) (24 44 10) (37 4) (22) (27 38 95 33 73) (64) (67) (41 96) (34 68 61 2 91 57 31 86 45 79) (92) (8) (13) (55 21 48 32) (52 98 36 7) (62) (14) 
61 (90) (51 32) (15) (44 83) (10 67 98 81 35) (55) (78 52) (56) (72) (47 77) (95 38 5) (54) (97) (43 12 94) (3) (34) (64 36 86) (28) (66 9 58) (27) (21 82 17) (45) (65 57 39) (19 53 92) (13 22 76 93 18 4) 
62 (22) (68 20) (18) (91 50 35 41 43 84) (13 71 59 12 58 42 23 3) (46 33 4 86 82 63 32 88 29) (69 76) (94 61) (83 19) (81 49) (75 56) (92) (9 53) (96) (16 54) (17 34) (67) (39 48 31) 
63 (46 84 45 61 60 7) (41) (37 40 81 8 1) (12) (100 58) (24) (64) (28 87 15 26) (83 90 39 89 32 76 85 70 67 23) (10 51 79) (59 55 16 63) (34 14) (42) (33) (73) 
64 (84 81 73) (64) (54) (51) (72) (82 39 85) (41 18 10) (12 69) (93) (50) (90 23 88) (26 17 77 1) (28) (33 43 15 74) (71 21 46) (42) (47) (27 4) (70 14) (92) (96) (45 38) (7) (66 78) (9) (40) (44 67 24) (8 86) (94 31) 
65 (35 41) (100 26 87 4 57) (88) (54 89 9 53 36) (75 96) (92 5) (46) (55) (21) (22 61) (97 56) (14 84 83 3 49 77 71 47) (79 74) (15 76) (68 72 45) (80 42) (73) (51 28 66) (39) (31 19) (95) (29) (13) (40 2 27) 
66 (39) (18) (91 80) (7) (38) (85 78) (45 21) (48 15 5 88 4) (59) (41 66) (1) (92 22) (47 76 35) (40 63 90) (77 65 61) (57) (74) (28) (34) (49) (11 52 72) (89 51) (42 37) (23) (71 69) (83 12 64 99) (86) (16) (10 54) (27) (30) 
67 (13 47) (99 61) (21) (19 66 12 100 3) (33 50) (5 8) (87) (32 9) (37 82) (86 62) (77) (29 11) (71) (94 90) (41) (91 68 96 49) (46) (7) (59 85) (84 30) (22 80) (74 18 79) (17) (98) (38 27) 
68 (41 12 47) (75 49) (24) (3 95 68 92 11) (15) (29) (26) (88) (66 64) (35) (84) (30) (6) (57) (71 73 5 1 59 4 32) (28 65) (97 90) (67 19) (93 81) (25) (31) (8 91) (23 13) (7) (22) (70) (87) (2) 
69 (71 75) (96) (28 65 84 21 99) (89) (41) (18) (29) (36 60) (82 61 70) (4) (53) (74) (78) (73) (64 43 58 27 46 24 49 87) (2) (22 33 45 1) (39) (59) (93) (37 8) (94) (19 5) (86) (69 100) (10) (16) (50) 
70 (22 45 43 17) (21 84) (93 80 14 53 2 56 96 35 64 34) (77 91) (6 79) (81) (61) (86) (27 71) (58) (54) (60) (50) (68) (40) (8) (24) (48 92 90) (1) (44 7) (88) (82) (31) (87) (23 97) (52) (73) (70 66 67) (98) (74 99) 
71 (94) (3 12 80) (16 5) (13) (39) (41) (53 47 76) (6) (100) (67) (4) (86 92 66 81) (50 36) (40 57 1) (82 75 20 24) (22 44 64) (26) (25) (18 33) (79) (45) (38 95) (83) (87 99) (21 68) (30) (15) (72) (69) (61) (42) (43 37) (73) 
72 (29 59) (52 7 58) (89) (2 69) (17) (8) (56 86 92) (15) (77 71 44 61) (13) (39 90) (95 40) (54 38 22) (42) (74) (62) (26 76 43) (5 25 84 96) (4) (55) (41) (21) (88 60) (18) (23) 
73 (51) (95) (20 25 81) (2) (50) (33) (66 14 9) (35) (36) (71 61 52) (26) (18 82) (72 90) (48) (39) (7 94) (68) (97) (53 34) (28 17 6 22 85 83) (69 91) (59 27 1 37) (3) (47) (31) (15 10 29 56 62 74) 
74 (72 92 12) (75 69) (50) (81) (100 63 86 98) (56) (39) (49 55) (29) (82 9 68) (97 87 71 95) (28 16) (26 32 96 21) (70) (64) (5 40 58) (47) (7) (8) (42) (48 15) (34) (51) (61 76) (57 46) (4) (79 91) (77) (19 93 80 30 41 45) (11) 
75 (17) (45 66 35 95 40) (34 72 28) (57) (48 96 25 59) (77) (6) (20 10 21) (3) (13 14 82 38) (52 11 37) (90 26) (81) (4 32 29) (99) (31 97) (63) (2) (18 30) (83) (65 39 68) (24 15) (67) (71) (50) (92 53 85) 
76 (45) (74 14 99) (39) (78) (70 85 100) (24 17 43 26) (84) (29) (92) (2 97 7) (61 34) (86 47) (3 19) (53 8 62) (10 42 55 35 63 60) (69) (23) (36 31 9) (25 38) (89 11 66) (58 12 16) 
77 (39 1 83 93) (20 27 61 46) (60 55) (40) (29) (86) (79) (71 15 80 6) (85) (98) (50 14) (22 52) (24) (45) (72 12) (59) (23 31) (58 100 4 34 89) (32 56) (28) (17) (65) (48) (88) (51) (5 69) (44 9) (77) (87 8) (73) (81 63) (76) (3) (57 67 90) 
78 (18) (15) (12 89 66) (59) (41) (46) (19 39 20) (56) (21 65 37 85) (38 16) (98 32 78 6) (91) (60 93) (26 84 51) (86 33) (35 88 73 62) (55) (8 29 7 24 13 69) (61 52 54) (83) (43 53) (23) (80 1) 
79 (94) (48) (14 95 27 99) (86 65 73 4 5) (24 9) (37 57 88 77 84 90) (53) (32) (50) (16 83 40 28 66 31) (92 74 15) (25) (22 3) (6 78 64 59) (45 100 26) (62) (63 21 11) (34 91) (29) (23) (81) (51 35) (42) (19 46) 
80 (100) (28) (8) (15 57 12 89) (62 39) (48) (3 10 44) (66 96 91) (1 24) (80) (90) (20 34) (56) (99) (35) (33 58) (49 79 86) (6) (30) (55) (40) (14) (17 84) (29) (41 82 85 87) (68 61) (51) (63) (59) (95 45) 
81 (2 91 64 74 21 96) (11) (3) (57) (76) (30 24) (40) (46 22 31 1 92 59) (10 99) (25 33) (36) (53 12 44 62 54 75) (67 27) (98 90 97 7 58) (28 4 95 56) (43 13) (51) (23) (38 81 60) (65) 
82 (9 75) (99 5) (15 56 48 29 79) (71 33 32 2 93) (45) (11) (92 94) (89) (65) (20) (70) (73 97 17 61 43) (81) (44) (53) (41 18) (100 62 85) (90 55 16) (67 74 66 23) 
83 (52) (45 58 65 17 99 30) (6) (48) (92) (4 41) (62) (83) (11 39) (12 5) (16) (90) (43 82) (68 28) (42) (73) (19) (37) (9 80 59 7) (79) (72) (88 70) (87 51) (76 55 46 40 38) (47 50) (75 36) (13) 
84 (43 74 28 47) (18) (36) (92 66) (24) (13 68 79) (5 21) (14 46) (44 99) (95) (83) (51 64 63) (9) (38) (87) (35) (42 27 57 91 20) (26) (77 55) (8 54 69) (23) (22) (93) (6 50 3) (1) (10) (97) (31) (56) (41) (29 37) (25) 
85 (28) (36) (84 56) (78 67) (82) (80 97 25 86) (79 50 53 18) (52 19 38 65) (13 5 34 7) (58) (42 41) (54) (72) (1) (43) (6 57 96) (8 17) (63) (26 100 99) (39) (90) (48 73) (71 20) (76 66 4) (46) (60 12 33) 
86 (95) (18) (15) (9 19) (49 84) (77) (55 89) (4 38) (92 6 10 20) (86) (73 83) (1 87 54) (8) (63 60 51) (65) (35 64 56) (61 98 39 5 68) (85) (34) (78) (25) (14) (90) (40) (99 43) (47) (59 13) 
87 (88 95) (49) (5 42 73 41 33 1 45) (18 10 11 59 51) (97) (83) (76 2) (64) (99 80 86 78 70 16) (58 85) (48) (67 30) (65 61 57 20 9 93) (35) (60 90 23 89) (68) (55) (54) (22) (84 94 96) (27 52 72 47) (31 19 63) (74) 
88 (36) (37) (89 66) (5 82) (20 74) (35) (99) (13) (83 27) (1 70 94) (51 77 46) (11 45 18) (64 98) (91 19 25 61 40 88 62 29 16 80 22 60) (2) (52) (47 3 92 65 44 26 28 15) (12) (24 95 32 9) 
89 (74 24 45) (59 10 80 95) (67) (25 32) (48 21 68 85 98 66 49) (34 1 4 72 54 5) (11 53) (22) (96) (26) (9 23 82 100 29 37 16) (90) (91) (61 43) (84) (89) (13) (73 18 79 65) (75) (86) 
90 (36) (82 19 91) (66 21 26 38 18) (79) (68 44) (61 98) (67) (5 100) (14) (47 37 51 83) (70) (4 2) (48) (57 9) (89 49) (35 42) (34 15 45) (60 55 40 56) (32) (84 39) (64 22) (33) 
91 (41) (36) (13 72 8 25) (60 99) (78) (51 44) (83 69 33) (61 21 81) (84 97 95) (55) (92) (75 32) (80) (15 35) (91 71 65) (5) (27) (73 90 37 58 45 14) (68) (96 54) (57) (82 4 63 52) (98) (3 85) (23) (43) (17) 
92 (32) (5 68) (56) (88) (24) (99 36 69) (53) (11) (38 98 47 26) (92) (82) (31) (6 7 30) (20 86 18 48) (46 9) (41) (34 42 59 25 64) (87) (96) (61) (49 3 45) (55) (54) (52) (74) (23 57 39) (33) 
93 (90) (32 49 65) (56 75 62 21 31) (52 74) (28) (85) (71) (19) (18 38) (25) (37) (97) (50) (54) (10 41 20 70 23 78 7 81 91) (44) (66) (72) (17 2 83 26 34) (99 8) (9 98 6 93 53 100 27) 
94 (32) (1) (100) (7) (59) (51) (11) (5 17) (58) (47) (75) (96) (3) (61) (65) (60) (21) (50 39 81 12 13 70 74) (89) (90) (86) (29) (85) (80) (68 83 73 43) (97 38 55 67 40 24) (76) (15 18) (87 66) (22) 
95 (50 24 1) (58 9) (99 71) (23 38) (69 14 49 37 55 35) (18) (29) (72) (8 48) (20) (82) (7) (4) (95) (81) (97) (44) (96) (57 26) (12) (75) (87 56) (98 73 68 40 54) (17) (33 70) (15 13) 
96 (69) (97 35 20 77) (28 44 94) (16 4) (53) (21) (40) (46) (12 10 36) (91 11) (47 3) (58 54 81 88 18) (57 50 96) (30 25 86) (37 56 82) (84) (76 63) (83 99 100) (42 29) (15) (87 70 68) (73 41 22) (98) (19) 
97 (2 33) (27) (28 59 61 65) (77 82 64 49 50 41) (67) (52) (9 95) (55) (25) (98 17 18) (94 7) (5) (43) (66) (35 83 42 92 75) (15 56 22) (89 3) (39 72) (48) (53 69 58 96) 
98 (92 63 64) (21 53 39) (98 32) (81) (100 94 16) (23) (84 27) (9 51) (3) (1) (73 49) (89 85) (91) (86 6 11) (82) (56) (79 58 33 43 61 66 17 10 76) (60 55 30 47) (4 15 5 28) (40) (37) 
99 (84 62 57 33) (54 52) (4 45) (92 70) (37 64) (98) (96) (72 13) (17 80) (60) (77 30 36) (31 24 14) (89 12) (67) (91 69) (76 41 39 15) (2) (71) (26) (28) (88) (93) (38 97 1 95) (47) (73 29) (68 63 25) (66 21) (50 65) 
100 (25 9) (7 47 67 15 10 100) (21) (2) (20 66) (72 23 39 16 27 11 45) (51 41 86) (43) (56) (28 92) (52) (42) (75) (18) (32 77 8 57 53) (1) (5 97 78) (37 88) (65) (95 22 91) (98) (48 26) (50) (62) (36 35 13 64 71 80) (63) (58 40 82 33 54 6) 
1 (42) (17) (55) (13) (14) (12) (44) (21) (87) (99) (71) (77) (69) (36) (53) (85) (22) (32) (20) (98) (6) (84) (40) (38) (100) (94) (70) (66 63) (51 64) (18) (19 89) (68 73 88) (81) (29) (80) (78) (43 11 86 95) (16) (24) (30) (33 37) 
2 (34) (37) (24) (39) (70) (8) (2) (11) (56) (57) (82) (72) (75) (13) (93) (35) (81) (58) (22) (59) (97) (7) (60) (48) (1) (42) (45) (3) (9) (18) (31) (23) (27) (55) (28) (21) (51) (88) (44) (73) (76 29 38) (100 68) (40) (69 41) (6 5) (87 17) (99) (90) (65) (10) 
3 (92) (94) (44) (35) (79) (91) (13) (8) (4) (1) (71) (37) (76) (62) (31) (46) (52) (98) (9) (42) (2) (56) (48) (20) (67) (61) (6) (77) (15) (84) (75) (7) (65) (68) (97) (55) (38) (34) (18) (81) (3) (41) (80) (73) (96) (54) (30) (26) (88) (32) 
4 (95) (31) (24) (69) (60) (43) (90) (72) (98) (53) (2) (86) (45) (42) (48) (75) (66) (52) (36) (96) (32) (12) (62) (28) (19) (4) (50) (83) (79) (74) (81) (64) (6) (27) (14) (3) (68) (22) (15) (71) (89) (47) (65) (91) (56) (33) (9) (99) (61) (40) (77) (41 85) 
5 (90) (27) (74) (88) (94) (22) (89) (68) (58) (40) (84) (44) (41) (56) (83) (67) (97) (38) (14) (66) (29) (46) (100) (12) (37) (85) (82) (54) (71) (21) (9) (51) (79) (1) (91) (2) (4) (39) (31) (26) (32) (69) (61) (17) (6) (72) (98) (13) (86) (43) (15) (30 77 33 42 87 92) (65 45) (24 47 59 8) 
6 (7) (41) (52) (73) (19) (12) (54) (13) (21) (2) (6) (100) (70) (78) (34) (15) (3) (26) (1) (38) (24) (79) (92) (86) (46) (85) (53) (47) (77) (11) (56) (57) (60) (80) (18) (39) (35) (33) (31) (58) (84) (23) (71) (68) (59) (98) (16) (83) (93) (75) 
7 (60) (81) (64) (22) (21) (15) (46) (45) (43) (83) (100) (24) (9) (16) (28) (27) (93) (10) (2) (76) (85) (94) (26) (5) (47) (31) (78) (6) (63) (42) (97) (8) (56) (74) (73) (58) (19) (92) (70) (30) (67) (4) (66) (68) (95) (34) (72) (23) (20) (55) 
8 (21) (35) (63) (76) (39) (31) (27) (84) (100) (57) (24) (74) (6) (44) (16) (42) (68) (30) (80) (46) (1) (60) (19) (4) (10) (5) (32) (72) (50) (56) (91) (70) (25) (77) (45) (43) (33) (93) (78) (29) (28) (69) (67) (51) (85) (55) (48) (86) (64) (95) 
9 (52) (45) (19) (79) (12) (25) (40) (51) (62) (61) (21) (6) (46) (7) (43) (16) (65) (18) (87) (97) (93) (73) (98) (38) (42) (64) (30) (83) (77) (49) (59) (20) (86) (89) (54) (90) (28) (88) (5) (76) (84) (74) (22) (95) (92) (11) (29) (27) (82) (100) (67) 
10 (9) (8) (63) (49) (48) (58) (40) (80) (33) (69) (84) (73) (56) (52) (32) (61) (10) (44) (59) (96) (87) (98) (15) (100) (60) (50) (41) (4) (12) (31) (81) (89) (5) (38) (2) (46) (51) (64) (66) (93) (76) (86) (53) (45) (75) 
11 (81) (75) (6) (56) (55) (1) (67) (22) (16) (12) (46) (98) (88) (82) (83) (10) (40) (13) (94) (87) (38) (17) (79) (36) (68) (34) (89) (52) (47) (28) (100) (9) (11) (24) (42) (66) (54) (29) (96) (92) (23) (14) (41) (32) (37) (50) (74) (76) (51) (33) (7) (39) (4) (8) 
12 (51) (58) (95) (85) (29) (53) (83) (63) (33) (64) (35) (2) (47) (43) (74) (7) (18) (67) (66) (80) (62) (25) (96) (61) (31) (78) (9) (76) (21) (77) (50) (37) (99) (71) (8) (38) (17) (68) (42) (30) (88) (81) (54) (46) (34) (49) (28) (94) (20) (13) (10) (1) (24) 
13 (60) (68) (62) (94) (41) (8) (99) (7) (9) (46) (51) (36) (26) (34) (86) (4) (33) (88) (83) (91) (84) (89) (38) (61) (81) (1) (29) (14) (75) (45) (55) (43) (95) (16) (85) (20) (27) (78) (72) (65) (49) (28) (11) (15) (57) (2) (10) (67) (30) (71) (37) (100) (44) 
14 (63) (36) (73) (80) (75) (76) (17) (54) (60) (65) (8) (23) (38) (91) (64) (56) (53) (4) (10) (49) (31) (99) (95) (14) (90) (58) (79) (25) (70) (77) (28) (33) (86) (24) (84) (19) (59) 
15 (6) (7) (97) (91) (98) (78) (9) (54) (60) (74) (20) (96) (41) (71) (10) (29) (36) (94) (59) (95) (61) (100) (4) (23) (79) (72) (15) (13) (58) (19) (35) (43) (44) (38) (49) (99) (82) (75) (51) (45) (77) (30) (65) (50) (37) (80) (57) (32) (5) (86) (90) (64) (66) (46 39 24 68 73) (33 63) (88) 
16 (6) (74) (50) (59) (1) (89) (8) (24) (62) (53) (40) (35) (82) (63) (11) (54) (78) (33) (83) (87) (96) (88) (22) (79) (47) (19) (98) (12) (69) (71) (39) (66) (100) (23) (21) (4) (9) (76) (52) (15) (5) (17) (49) (20) (16) 
17 (45) (77) (21) (24) (15) (82) (25) (59) (41) (64) (30) (16) (49) (4) (98) (32) (31) (39) (5) (67) (14) (54) (48) (3) (50) (94) (80) (70) (93) (22) (72) (83) (61) (99) (97) (75) (46) (29) (1) (62) (76) (40) (26) (11) (6) (2) (38) (91) (12) (85) (53) (28) (95) (73) (18) (43 33 37) 
18 (66) (73) (84) (35) (41) (51) (97) (64) (72) (82) (52) (12) (55) (1) (28) (62) (93) (19) (89) (57) (46) (71) (38) (87) (43) (5) (18) (27) (86) (75) (3) (39) (61) (90) (7) (94) (85) (36) (100) (44) (92) (13) (20) (60) (58) (78) (21) (69) (4) (53) (42) (88) (40) (95) (17) (56 47) (67 54 96) 
19 (90) (9) (65) (44) (3) (47) (20) (39) (1) (25) (16) (48) (21) (24) (30) (83) (86) (28) (45) (11) (87) (67) (79) (61) (42) (6) (53) (12) (68) (8) (88) (14) (52) (69) (85) (18) (31) (74) (78) (41) (43) (93) (96) (26) (62) (17) (76) 
20 (35) (18) (36) (20) (58) (87) (54) (82) (43) (84) (86) (2) (100) (29) (93) (22) (77) (28) (1) (3) (21) (62) (10) (75) (51) (23) (96) (40) (49) (41) (73) (80) (71) (33) (31) (38) (19) (56) (32) (52) (30) (44) (85) (60) (11) (4) (88) (26) (95) (53) (92) (45) (78) 
21 (94) (17) (74) (1) (27) (98) (57) (90) (70) (26) (28) (47) (12) (9) (8) (45) (93) (33) (25) (64) (56) (11) (49) (52) (21) (79) (91) (81) (96) (29) (69) (60) (20) (65) (99) (100) (40) (30) (61) (67) (15) (84) (44) (75) (72) (16) (66) (10) (71) (14) (89) (54) (78) 
22 (62) (1) (79) (54) (13) (8) (61) (32) (6) (48) (100) (94) (31) (66) (77) (50) (18) (81) (71) (65) (22) (38) (53) (41) (51) (19) (45) (87) (5) (67) (69) (52) (73) (97) (60) (72) (88) (89) (90) (70) (7) (42) (68) (2) (17) (58) (96) (84) 
23 (51) (52) (14) (82) (84) (92) (100) (79) (57) (54) (98) (68) (39) (26) (29) (93) (95) (21) (91) (24) (78) (41) (12) (48) (72) (70) (59) (77) (89) (15) (87) (5) (81) (46) (76) (63) (3) (9) (64) (28) (66) (8) (62) 
24 (81) (13) (5) (38) (26) (95) (3) (88) (68) (69) (6) (57) (80) (56) (60) (79) (21) (89) (2) (78) (71) (64) (42) (99) (47) (15) (37) (63) (39) (10) (11) (30) (16) (51) (19) (53) (50) (46) (23) (9) (18) (84) (28) (94) (43) (70) (29) (32) (75) (76) (77) (24) (48) (92) 
25 (3) (9) (1) (8) (96) (59) (16) (56) (28) (91) (79) (21) (48) (27) (7) (68) (89) (81) (13) (93) (10) (73) (26) (88) (49) (41) (37) (100) (36) (47) (30) (71) (99) (92) (51) (35) (86) (57) (97) (84) (75) (42) (43) (25) (38) (20) (34) (76) (12) (6) (72) (32) (85) 
26 (32) (90) (10) (99) (47) (8) (63) (52) (74) (45) (48) (36) (95) (9) (78) (11) (37) (50) (5) (92) (18) (75) (7) (59) (38) (84) (15) (93) (64) (6) (24) (55) (57) (72) (25) (100) (79) (35) (13) (88) (76) (46) (33) (71) (28) (68) (73) (65) (89) (31) (85) (20) 
27 (59) (20) (24) (64) (7) (37) (91) (61) (54) (58) (53) (60) (5) (23) (50) (70) (28) (52) (88) (81) (93) (66) (84) (51) (100) (38) (26) (4) (40) (73) (97) (79) (98) (39) (67) (65) (47) (21) (87) (13) (29) (49) (36) (14) (44) (69) (33) (57) (77) (11) (25) (22) (1) (55) 
28 (96) (20) (5) (61) (100) (79) (28) (18) (77) (11) (65) (35) (16) (58) (99) (74) (51) (1) (43) (66) (47) (44) (32) (73) (30) (97) (21) (4) (41) (63) (54) (40) (8) (34) (85) (98) (49) (50) (14) (68) (23) (13) (55) (75) (59) (88) (83) (12) (81) (52) (84) (69) (27) (80) (22) (93) (64) 
29 (7) (20) (26) (69) (50) (59) (96) (14) (48) (62) (80) (36) (72) (18) (76) (35) (89) (73) (79) (65) (21) (68) (34) (94) (43) (77) (47) (42) (95) (2) (19) (88) (84) (99) (24) (78) (5) (15) (29) (67) (75) (45) (37) (1) (56) (74) (82) 
30 (56) (57) (71) (67) (12) (74) (3) (92) (83) (53) (99) (20) (41) (19) (96) (18) (87) (59) (46) (81) (23) (40) (9) (8) (15) (43) (32) (60) (75) (68) (98) (16) (45) (51) (31) (27) (28) (80) (66) (47) (39) (1) 
31 (93) (64) (87) (8) (65) (32) (12) (23) (28) (60) (77) (53) (56) (46) (13) (43) (1) (44) (75) (59) (35) (62) (92) (58) (2) (99) (84) (70) (26) (79) (55) (68) (31) (30) (16) (29) (19) (73) (57) (5) (81) (6) (76) (17) (52) (50) 
32 (11) (37) (75) (57) (3) (92) (45) (88) (94) (82) (16) (78) (59) (49) (89) (91) (24) (15) (56) (58) (10) (63) (17) (42) (32) (62) (4) (19) (100) (29) (35) (31) (8) (34) (74) (18) (46) (48) (20) (40) (93) (60) (12) (90) (14) (79) (61) (38) (27) (68) (98) (67) (41) (77) (43) (23) (6 47) 
33 (98) (91) (48) (53) (22) (56) (12) (87) (71) (27) (29) (85) (10) (41) (1) (18) (31) (81) (90) (69) (60) (92) (100) (99) (26) (32) (95) (73) (82) (45) (37) (67) (52) (78) (14) (17) (15) (25) (80) (55) (64) (97) (3) (58) (62) (63) 
34 (5) (45) (77) (8) (55) (57) (85) (26) (28) (90) (25) (35) (75) (40) (89) (66) (70) (23) (16) (11) (49) (80) (41) (21) (58) (50) (19) (1) (86) (44) (46) (47) (74) (54) (15) (2) (73) (7) (79) (62) (59) (60) (76) (61) (31) (10) (63) (13) (17) (48) (33) (92) (93) (9) 
35 (100) (6) (14) (30) (87) (40) (66) (76) (91) (39) (19) (88) (79) (18) (42) (17) (3) (86) (46) (75) (96) (95) (21) (34) (80) (62) (50) (22) (73) (20) (78) (36) (29) (97) (44) (24) (1) (45) (23) (7) (65) (61) (2) (58) (90) (16) (41) (84) (70) (53) (68) 
36 (61) (83) (58) (23) (35) (76) (84) (85) (92) (41) (28) (39) (88) (13) (49) (81) (36) (73) (65) (24) (71) (91) (90) (9) (69) (100) (47) (99) (8) (37) (57) (10) (60) (15) (51) (56) (32) (53) (54) (96) (17) (33) (12) 
37 (12) (21) (29) (34) (32) (84) (52) (18) (63) (41) (83) (15) (69) (7) (58) (2) (98) (99) (36) (88) (75) (38) (78) (19) (8) (22) (28) (89) (71) (96) (95) (45) (24) (17) (6) (44) (9) (31) (67) (66) (56) (1) (60) (100) (11) (93) (79) (10) (59) (14) (39) (90) (51) (16) (33) (25) (20) (27 73 91) (26) (37) 
38 (50) (72) (78) (34) (28) (31) (1) (32) (8) (14) (53) (94) (83) (19) (61) (6) (59) (86) (38) (44) (51) (90) (37) (18) (27) (93) (84) (60) (99) (29) (81) (64) (67) (26) (85) (66) (30) (75) (45) (22) (41) (48) (71) (92) (76) (42) (56) (16) (21) (4) (95) 
39 (11) (73) (59) (27) (36) (44) (9) (75) (53) (83) (78) (99) (52) (92) (30) (34) (86) (56) (85) (72) (65) (12) (61) (1) (10) (94) (47) (55) (33) (3) (64) (8) (71) (98) (97) (69) (66) (77) (48) (80) (62) (2) (24) (74) (43) (19) (76) (13) (4) (40) (32) (90) (7) (63) (100) 
40 (9) (2) (13) (86) (80) (66) (83) (18) (36) (100) (64) (88) (71) (43) (31) (54) (28) (17) (81) (95) (59) (38) (90) (1) (47) (98) (96) (26) (55) (49) (63) (74) (29) (19) (57) (10) (72) (32) (53) (65) (75) (40) (77) (3) (79) (20) (33) (70) (35) (94) (48) (23) 
41 (2) (65) (8) (42) (80) (7) (16) (50) (92) (100) (72) (39) (96) (60) (68) (41) (99) (66) (91) (45) (35) (93) (62) (57) (78) (6) (20) (97) (69) (12) (85) (74) (21) (3) (10) (67) (63) (84) (52) (33) (87) (82) (38) (17) (36) (49) (83) (56) (64) (71) 
42 (65) (44) (90) (85) (22) (26) (5) (63) (25) (71) (3) (96) (2) (92) (32) (79) (19) (87) (74) (20) (76) (34) (97) (84) (54) (58) (56) (9) (51) (7) (17) (72) (33) (48) (28) (43) (1) (100) (15) (29) (62) (66) (83) (45) (40) (64) (8) (53) (47) (57) 
43 (46) (3) (17) (81) (72) (41) (45) (85) (4) (16) (27) (94) (51) (78) (86) (43) (70) (64) (71) (24) (11) (35) (47) (40) (82) (91) (57) (55) (8) (36) (84) (26) (98) (50) (7) (59) (5) (2) (29) (83) (61) (23) (34) (89) (69) (31) (60) (76) (44) (100) (42) (19) (62) (97) (14) (32) 
44 (52) (61) (71) (31) (18) (82) (30) (91) (70) (36) (43) (27) (72) (58) (93) (77) (23) (96) (88) (48) (16) (81) (10) (34) (9) (90) (57) (15) (64) (49) (1) (37) (2) (95) (51) (40) (60) (46) (80) (39) (84) 
45 (91) (65) (36) (60) (29) (51) (89) (16) (53) (71) (25) (82) (100) (19) (46) (61) (31) (75) (18) (92) (42) (30) (59) (9) (74) (50) (55) (64) (80) (2) (47) (76) (15) (6) (49) (20) (43) (22) (12) (33) (77) (39) (83) (54) (26) (28) (69) (58) (48) (66) (70) (90) (87) (14) (8) (7) (44) (88) (79) (52) (63) (99) 
46 (44) (47) (2) (77) (13) (42) (84) (81) (7) (18) (67) (4) (15) (58) (53) (24) (45) (78) (65) (25) (32) (88) (37) (14) (41) (34) (59) (62) (5) (3) (92) (49) (79) (96) (63) (69) (20) (16) (85) (64) (8) (83) (74) (55) 
47 (92) (87) (41) (40) (13) (59) (42) (18) (24) (71) (94) (48) (74) (68) (31) (61) (52) (20) (73) (6) (84) (58) (76) (19) (39) (57) (4) (54) (98) (99) (17) (83) (96) (64) (44) (25) (66) (22) (15) (100) (86) (38) (32) (90) (65) (51) (88) (28) (67) (2) 
48 (15) (7) (59) (55) (95) (17) (60) (5) (87) (29) (50) (46) (62) (26) (51) (92) (24) (77) (39) (80) (33) (79) (8) (13) (75) (32) (83) (3) (97) (66) (2) (56) (45) (11) (100) (40) (74) (27) (73) (82) (12) (85) (89) (14) (90) (30) (70) (28) (35) (6) 
49 (10) (24) (40) (28) (5) (97) (21) (31) (68) (89) (57) (20) (74) (32) (43) (37) (51) (22) (1) (93) (92) (66) (62) (12) (38) (25) (2) (67) (39) (11) (34) (55) (56) (44) (7) (33) (98) (26) (18) (86) (90) (58) (6) (30) (4) (95) (80) (35) (23) (87) (69) (65) 
50 (75) (79) (74) (55) (64) (69) (33) (37) (71) (77) (83) (5) (93) (11) (70) (51) (73) (8) (97) (1) (16) (24) (35) (4) (59) (45) (38) (96) (54) (32) (94) (85) (62) (2) (48) (49) (100) (46) (99) (21) (39) (43) (42) (9) (30) (84) (19) (50) (67) (95) 
51 (13) (24) (58) (1) (7) (34) (73) (45) (8) (74) (38) (86) (79) (46) (87) (81) (57) (5) (88) (39) (35) (28) (18) (3) (65) (84) (78) (14) (80) (10) (61) (25) (98) (49) (64) (63) (91) (37) (11) (83) (9) (56) (66) (94) (32) (90) (15) (51) (77) (100) (55) 
52 (85) (29) (91) (40) (92) (60) (75) (1) (50) (26) (11) (35) (57) (43) (88) (61) (45) (100) (99) (31) (52) (18) (32) (73) (70) (87) (10) (66) (44) (42) (55) (77) (72) (46) (36) (7) (41) (12) (38) (27) (56) (93) (34) (25) (15) (13) (8) (78) (97) (83) 
53 (96) (73) (75) (29) (62) (92) (35) (2) (61) (89) (3) (57) (44) (71) (93) (33) (34) (81) (100) (82) (98) (24) (10) (13) (45) (65) (69) (5) (78) (1) (70) (6) (12) (11) (9) (79) (43) (36) (16) (47) (31) (55) (39) (28) (51) (97) (27) (8) (76) (42) (85) 
54 (59) (36) (64) (8) (15) (27) (84) (85) (45) (62) (72) (93) (10) (7) (52) (92) (5) (6) (44) (37) (34) (51) (99) (32) (95) (78) (81) (29) (91) (40) (21) (54) (55) (41) (50) (86) (1) (70) (53) (14) (89) (19) (23) (20) (22) (61) (66) (65) (57) (58) (43) (87) (49) (96) (100) 
55 (91) (55) (97) (72) (15) (22) (94) (74) (92) (34) (19) (21) (38) (7) (80) (60) (26) (83) (11) (78) (29) (23) (87) (40) (98) (5) (86) (77) (24) (43) (90) (63) (3) (53) (47) (31) (4) (20) (84) (49) (76) (82) (37) (65) (58) (41) (54) (28) (61) (95) (10) 
56 (7) (20) (77) (96) (100) (62) (21) (52) (82) (30) (13) (28) (81) (74) (95) (84) (86) (73) (60) (61) (40) (17) (80) (18) (2) (98) (93) (70) (48) (10) (85) (16) (65) (29) (72) (51) (4) (54) (42) (24) (19) (32) (6) (56) (53) (5) (58) (31) (25) (46) (97) (45) (39) (78) (92) (90) 
57 (20) (27) (65) (51) (77) (60) (15) (58) (90) (3) (92) (75) (42) (18) (61) (87) (10) (43) (85) (44) (45) (16) (79) (25) (40) (66) (50) (80) (55) (5) (95) (19) (12) (81) (52) (100) (96) (9) (39) (13) (23) (71) (24) (91) (46) (17) (26) (68) (22) (14) (84) (74) (99) (1) 
58 (33) (95) (22) (98) (91) (69) (38) (61) (1) (87) (97) (28) (74) (49) (9) (63) (83) (8) (72) (94) (96) (35) (6) (7) (70) (77) (36) (2) (51) (76) (100) (31) (12) (40) (3) (80) (85) (81) (43) (24) (23) (59) (34) (62) (48) 
59 (63) (72) (60) (83) (77) (53) (68) (52) (1) (78) (22) (5) (35) (14) (62) (80) (81) (24) (56) (6) (19) (27) (86) (30) (59) (67) (75) (89) (25) (11) (31) (18) (97) (48) (17) (66) (2) (40) (32) (46) (26) (50) (87) (94) (92) (43) (73) (79) (69) (7) 
60 (63) (28) (40) (42) (5) (15) (32) (94) (11) (99) (4) (70) (7) (72) (49) (98) (88) (90) (55) (9) (45) (35) (85) (87) (16) (59) (69) (22) (56) (19) (76) (58) (33) (10) (77) (34) (21) (91) (86) (46) (23) (81) (24) (51) (6) (38) (30) (20) (17) (78) (3) (25) 
61 (70) (80) (77) (19) (94) (4) (86) (88) (73) (90) (87) (76) (7) (71) (69) (59) (27) (40) (8) (30) (3) (49) (66) (62) (63) (92) (15) (35) (89) (67) (31) (97) (22) (17) (23) (46) (13) (57) (78) (9) (5) (24) (60) (52) (74) (16) (53) (55) (11) (72) (26) (65) (51) (82) (98) (58) (34) (56) (44) (33) (43) (91) (38 54) (25) 
62 (93) (82) (46) (99) (1) (67) (12) (43) (13) (81) (39) (60) (8) (2) (80) (36) (54) (14) (83) (31) (29) (21) (11) (57) (3) (9) (7) (37) (79) (72) (53) (18) (88) (49) (73) (4) (100) (78) (76) 
63 (55) (96) (30) (62) (98) (66) (48) (77) (3) (79) (12) (91) (80) (84) (16) (33) (34) (19) (86) (75) (39) (87) (38) (57) (85) (7) (56) (13) (20) (63) (45) (51) (37) (4) (74) (76) (32) (36) (21) (58) (100) (99) 
64 (86) (92) (99) (68) (3) (46) (63) (16) (60) (50) (98) (84) (17) (55) (79) (69) (19) (58) (24) (5) (27) (88) (87) (61) (35) (18) (74) (66) (1) (100) (48) (47) (36) (81) (42) (54) (64) (59) (70) (71) (43) (22) (90) (97) 
65 (32) (99) (17) (81) (94) (48) (66) (30) (88) (60) (54) (25) (43) (15) (93) (53) (86) (27) (10) (29) (41) (44) (5) (68) (21) (18) (82) (85) (83) (3) (20) (100) (77) (69) (12) (23) (87) (58) (38) (42) (14) (31) (79) (57) (1) (26) (59) (75) (89) (91) (36) (78) (6) (51) (61) (24) (97) (49) (52) 
66 (56) (93) (98) (6) (75) (52) (88) (100) (15) (41) (84) (99) (21) (33) (30) (64) (49) (76) (8) (3) (68) (80) (14) (85) (94) (5) (25) (89) (50) (1) (37) (67) (66) (20) (19) (13) (73) (12) (43) (82) (71) (65) (48) (59) (23) (70) (29) (97) (61) (79) (78) (18) (46) (24) (90) 
67 (94) (81) (63) (44) (56) (77) (90) (49) (14) (54) (85) (3) (100) (99) (47) (18) (60) (21) (97) (11) (36) (53) (9) (29) (82) (75) (23) (68) (70) (31) (87) (64) (61) (27) (71) (28) (7) (62) (58) (19) (26) (89) (43) (15) (50) (25) 
68 (99) (19) (45) (96) (94) (56) (46) (54) (50) (84) (58) (67) (24) (89) (35) (65) (41) (95) (28) (4) (10) (92) (48) (25) (60) (6) (9) (13) (68) (40) (90) (12) (73) (87) (62) (18) (53) (22) (1) (33) (51) (75) (91) (37) (80) (38) (39) (74) (70) (83) (17) (11) (71) (86) (47) (57) (3) 
69 (19) (5) (44) (34) (3) (56) (54) (21) (26) (77) (12) (50) (41) (69) (76) (40) (51) (57) (62) (95) (60) (78) (73) (33) (10) (24) (2) (72) (91) (64) (45) (1) (84) (71) (92) (48) (11) (66) (74) (96) (99) (22) (13) (97) 
70 (64) (87) (55) (56) (94) (93) (3) (12) (96) (74) (4) (9) (27) (38) (70) (41) (99) (21) (5) (22) (15) (83) (88) (44) (68) (40) (17) (19) (10) (39) (76) (11) (82) (90) (36) (63) (1) (49) (45) (31) (51) (54) (42) (69) (57) (14) (46) (95) (13) (25) (52) 
71 (52) (82) (42) (22) (23) (75) (65) (95) (57) (27) (35) (13) (70) (20) (99) (43) (53) (26) (45) (18) (9) (67) (74) (93) (64) (56) (59) (68) (29) (85) (21) (91) (73) (15) (37) (100) (34) (41) (69) (47) (50) (72) (11) (77) (66) (51) (62) 
72 (93) (61) (99) (73) (91) (74) (22) (54) (17) (29) (77) (95) (100) (4) (83) (18) (35) (42) (66) (6) (41) (10) (33) (2) (47) (9) (16) (75) (21) (13) (24) (87) (64) (65) (40) (30) (1) (32) (89) (15) (46) (71) (85) (49) (19) (97) 
73 (79) (85) (51) (50) (48) (44) (60) (38) (7) (49) (82) (63) (22) (69) (86) (19) (1) (31) (39) (34) (96) (58) (11) (4) (24) (3) (99) (47) (71) (70) (54) (9) (94) (68) (98) (77) (83) (64) (43) (36) (89) (78) (65) (32) (16) (95) (45) (87) (52) (42) (91) 
74 (73) (87) (64) (81) (11) (70) (34) (69) (6) (17) (93) (67) (37) (89) (76) (66) (29) (79) (82) (10) (30) (18) (94) (23) (21) (92) (55) (44) (58) (65) (41) (84) (15) (59) (13) (2) (1) (72) (8) (32) (9) (20) (88) (53) (43) (27) (24) 
75 (36) (41) (55) (74) (52) (100) (97) (42) (27) (89) (22) (50) (48) (14) (4) (2) (25) (62) (26) (13) (16) (20) (40) (6) (65) (68) (10) (81) (33) (69) (47) (49) (23) (9) (93) (83) (94) (8) (19) (7) (91) (82) (71) (32) (95) (43) 
76 (1) (65) (63) (35) (54) (71) (26) (48) (94) (74) (77) (8) (52) (46) (25) (55) (40) (56) (19) (62) (87) (28) (61) (21) (12) (53) (83) (47) (72) (37) (38) (57) (3) (98) (60) (44) (81) (2) (51) (96) (99) (22) (31) (36) (24) (85) (11) (17) (30) (34) (66) (13) (29) (41) 
77 (42) (33) (51) (88) (61) (100) (37) (8) (2) (5) (59) (9) (56) (21) (39) (29) (67) (75) (96) (32) (6) (27) (31) (18) (4) (99) (7) (14) (38) (77) (25) (28) (17) (74) (43) (54) (79) (70) (16) (26) (13) (19) (72) (84) (46) (97) (65) (44) (45) (41) (34) (86) (64) (23) (66) 
78 (32) (14) (85) (12) (69) (64) (22) (35) (54) (10) (34) (23) (30) (16) (45) (19) (25) (61) (7) (87) (79) (11) (26) (51) (76) (55) (86) (93) (24) (91) (48) (5) (17) (29) (50) (40) (13) (100) (2) (3) (78) (21) (56) (52) (66) (36) 
79 (32) (74) (67) (53) (39) (17) (84) (83) (31) (51) (58) (15) (65) (42) (7) (20) (30) (18) (80) (13) (38) (49) (63) (14) (60) (59) (26) (27) (5) (12) (11) (41) (90) (9) (70) (37) (98) (71) (77) (82) (85) (89) (2) (54) (40) (56) (25) (48) (55) (10) (1) 
80 (66) (25) (23) (8) (91) (65) (10) (80) (77) (54) (78) (87) (36) (70) (100) (2) (99) (44) (5) (52) (14) (67) (58) (89) (71) (85) (53) (33) (88) (83) (24) (43) (1) (9) (3) (12) (45) (94) (48) (15) (49) (4) (37) (59) (55) (19) (42) (26) (74) (50) 
81 (7) (68) (74) (52) (81) (57) (62) (61) (22) (12) (53) (59) (27) (96) (26) (36) (2) (31) (70) (94) (17) (75) (19) (24) (11) (95) (63) (13) (39) (71) (25) (8) (5) (98) (30) (58) (32) (37) (93) (91) (20) (73) (64) (44) (38) (82) (56) (79) (77) (40) (47) 
82 (19) (74) (70) (95) (97) (18) (71) (92) (7) (30) (16) (53) (27) (48) (2) (3) (56) (37) (100) (59) (31) (52) (90) (49) (67) (54) (13) (36) (69) (73) (89) (25) (91) (20) (22) (24) (98) (88) (15) (75) (38) (11) (34) (62) (61) (46) (85) (42) (96) (41) (6) (17) (12) (32) (83) (64) (45) (10) (51) (80) 
83 (65) (37) (78) (14) (56) (51) (26) (32) (86) (42) (1) (90) (87) (22) (27) (17) (71) (25) (44) (29) (24) (96) (21) (43) (77) (93) (39) (54) (91) (40) (33) (97) (73) (75) (88) (59) (94) (12) (38) (62) (20) (11) (66) (47) (63) (52) (83) (5) (79) (3) (48) (61) (84) 
84 (86) (44) (29) (49) (5) (35) (64) (72) (50) (17) (62) (79) (63) (13) (16) (45) (87) (80) (8) (21) (43) (53) (46) (68) (67) (31) (90) (52) (33) (26) (54) (70) (91) (89) (65) (24) (14) (57) (99) (32) (96) (56) (98) (4) (76) (69) (7) (78) (55) (85) (38) (23) (40) (41) 
85 (94) (67) (82) (2) (89) (12) (86) (80) (4) (25) (87) (9) (64) (24) (57) (37) (11) (59) (16) (63) (44) (34) (29) (77) (49) (60) (41) (76) (18) (22) (36) (7) (48) (23) (21) (91) (66) (78) (43) (98) (93) (73) (17) (35) (75) 
86 (77) (2) (86) (61) (69) (5) (33) (19) (11) (13) (87) (85) (22) (72) (47) (4) (34) (66) (100) (98) (55) (52) (14) (28) (70) (36) (53) (10) (62) (60) (39) (92) (35) (43) (78) (94) (30) (12) (71) (89) (17) (79) (48) (96) (15) (49) (16) (25) (76) (42) (58) (67) (50) (80) (24) (64) (23) (21) (59) (45) (74) (20) 
87 (67) (48) (30) (58) (95) (13) (27) (20) (83) (40) (92) (25) (68) (65) (50) (8) (94) (9) (35) (70) (31) (1) (59) (26) (96) (63) (84) (46) (44) (42) (2) (47) (37) (86) (77) (33) (49) (32) (22) (51) (52) (57) (80) (69) (71) (14) (28) (74) (56) (4) (16) 
88 (24) (88) (100) (17) (99) (54) (87) (83) (64) (40) (25) (49) (7) (46) (18) (92) (14) (30) (57) (68) (70) (43) (4) (45) (65) (32) (27) (22) (72) (78) (53) (26) (29) (28) (77) (62) (38) (79) (52) (41) (10) (36) (39) (56) (19) (37) (9) (96) (66) (3) 
89 (18) (94) (77) (2) (31) (58) (59) (38) (98) (32) (60) (20) (8) (28) (99) (17) (4) (90) (24) (12) (37) (1) (86) (78) (53) (82) (56) (16) (87) (76) (63) (14) (66) (89) (69) (72) (27) (88) (65) (46) (80) (33) (9) (22) (44) (55) (97) (10) (54) 
90 (21) (94) (40) (17) (36) (31) (73) (68) (19) (33) (89) (44) (14) (15) (46) (81) (42) (26) (85) (67) (93) (70) (61) (77) (32) (64) (63) (18) (82) (23) (37) (91) (3) (41) (83) (22) (1) (80) (66) (72) (86) (28) (55) (79) (58) (57) (4) (25) (35) (59) (20) (75) (87) (5) 
91 (16) (56) (33) (12) (4) (79) (51) (90) (5) (68) (23) (98) (73) (44) (67) (93) (74) (1) (50) (57) (81) (70) (9) (62) (45) (46) (17) (78) (91) (27) (29) (54) (25) (2) (55) (60) (21) (38) (89) (99) (3) (66) (88) (28) (100) (84) (96) (80) 
92 (66) (68) (98) (71) (16) (48) (81) (52) (17) (42) (9) (82) (79) (99) (60) (29) (64) (37) (62) (24) (12) (41) (6) (11) (91) (56) (88) (74) (86) (5) (14) (43) (65) (100) (70) (18) (51) (76) (25) (20) (2) (8) (97) (75) (59) (7) (61) (54) (72) (83) (40) (47) (84) (15) (39) (27) (32) (92) 
93 (69) (29) (31) (64) (37) (8) (48) (18) (33) (23) (52) (70) (61) (50) (55) (51) (78) (53) (84) (38) (46) (40) (42) (87) (58) (2) (13) (74) (77) (35) (82) (12) (28) (32) (93) (99) (20) (27) (68) (11) (43) (22) (19) (6) 
94 (56) (96) (82) (7) (71) (10) (9) (61) (88) (79) (87) (47) (33) (6) (29) (13) (42) (44) (64) (38) (16) (62) (46) (24) (54) (8) (5) (26) (15) (27) (58) (30) (98) (67) (35) (19) (73) (97) (20) (3) (25) (45) (4) (21) (41) (69) 
95 (20) (38) (27) (47) (75) (86) (84) (87) (97) (37) (89) (61) (88) (100) (36) (8) (53) (65) (68) (4) (49) (1) (31) (7) (45) (57) (15) (22) (72) (71) (73) (32) (79) (59) (39) (28) (60) (34) (95) (29) (17) (9) (54) (55) (56) (74) (41) (42) (91) (23) (99) (12) (81) (80) 
96 (19) (58) (57) (62) (38) (64) (47) (44) (99) (32) (2) (52) (18) (67) (70) (28) (89) (22) (11) (5) (36) (60) (10) (72) (91) (49) (87) (85) (21) (50) (7) (39) (92) (65) (25) (94) (37) (13) (6) (9) (23) (97) (80) (69) (56) (26) (96) (75) (48) (95) (3) (74) (81) (53) (20) (55) 
97 (46) (5) (21) (61) (56) (4) (53) (65) (55) (76) (85) (95) (42) (94) (100) (50) (43) (73) (93) (68) (99) (87) (20) (22) (11) (75) (15) (14) (35) (52) (37) (74) (54) (96) (70) (39) (17) (36) (81) (6) (82) (91) (3) (24) (49) (59) (2) (84) (27) 
98 (92) (60) (88) (27) (53) (29) (91) (5) (9) (23) (67) (95) (98) (8) (21) (7) (25) (96) (86) (16) (47) (48) (100) (30) (26) (97) (70) (50) (93) (12) (81) (31) (41) (15) (77) (34) (78) (57) (89) (38) (18) (61) (56) (90) (51) (99) (74) (49) 
99 (95) (28) (32) (85) (11) (91) (59) (66) (88) (51) (14) (20) (50) (92) (49) (36) (54) (39) (81) (16) (7) (75) (71) (82) (33) (87) (45) (93) (18) (69) (48) (9) (35) (96) (24) (47) (55) (30) (80) (70) (84) (46) (23) (37) (86) (41) (57) (76) (83) (79) (38) (67) (43) 
100 (31) (67) (63) (3) (25) (100) (18) (90) (8) (36) (69) (17) (29) (50) (43) (7) (15) (26) (54) (4) (47) (76) (59) (19) (48) (57) (9) (34) (82) (77) (89) (27) (5) (98) (85) (32) (10) (79) (60) (41) (80) (37) (52) (94) (55) (74) (20) (65) (96) (39) (71) (49) (93) (6) (40) (22) (1) 
