0
100
100
1 (91 48) (22 86 83 27) (60) (35 32 25 84 93 41 57 5) (3 24 39 17 69 75) (13 99 82) (20) (64) (63 51 4) (40 68 10 66) (100 78 50 76 88) (58 77 23 45 74 16 65 67 28) (49) (30 1) (44 98 46 80 33) (97 38 2 90 6 21 52) 
2 (47) (68 12 24 98 80) (18) (34) (73) (27) (76 8) (26 71 96 99 22 49) (28 9 19) (91 79 7 54 55 85 81 42 30 78 31 17 84 14 1 33 13 15) (87 58 63 37 94) (83 62 88 66 38 93 5 74 100 23) (39) (59 43) (57 44 82 50 95 2 11 21) 
3 (78) (7 81) (98 51 18 9 97) (96 94) (3) (63 5) (19 31) (8) (84 48) (56) (17 80 85 10 55) (16 76 82 23 6) (86) (66 15 87 40 47 24 49 2) (65 58) (100 54 37 90) (52 62 74) (50 70 72 41 53) (13 12) (39 44 99 83) (14 71 34 64 68) 
4 (2 10 34 93 23 18 14 97) (3 74 9 85 72) (6 96 89 67 33 43 60 79 7 70) (20) (21 51 99 32 62 38 95 24 90) (73) (92 78 98 82 30 48 66) (25 91 16) (100) (58 57 40 81 17 52 42 1 59 53 84 26 63) 
5 (57 23 7 79 99 8 13 80 1 25) (100) (74) (2 6) (82 88 33 89) (22) (30 20 52 41 75 78 49 45 93 39 31) (11 63 37 69) (66 62 5 73 90 40) (10 76 4 26 95 29 72) (97 15 68 42 86 84 54 85) (56) (34) 
6 (25) (83 21) (62 74 14 2 8) (32 46 80 69 58 94 56 22 44 100 55) (93 95 45 39 13) (6 82 67 66 12 49 59 53) (3 16 4 9 34 60 97 77 81 11 68 78 88 36 15 38 87 65) (92) (7 27 18 61) (98) (54 79 30) (26) (29) (42 72 63 37 31) 
7 (70 96 25 26 51 56 5) (17 13 52 54 29 10 95 76 79 82 97 21 37 98 8 7 4 36 78) (87 94 34 38 31 23) (66 84 77) (3 72 85) (18) (41) (47 69) (93 12 16 61 46 73 60 42 59 99 11 32 45 22 83 43) (89) 
8 (97 64) (87 55 23 96 24 35 60) (50) (41) (76 68 65 20) (91) (59 7 21 86 45 95 32) (37 66 28 88 84 49 82 48 80) (79 94 9 70) (6 51 13 83 77 3) (69 73 46) (5 92 42 4 89 81 27 33 63 62) 
9 (55 74 23 72 44 81) (15) (38 85 27 82 40 67 60) (11 35 13 65 47 34 29) (17) (89 59 28) (8 7 30 58 92 51) (14 87 5 63) (69 25 84 21 39) (52 43 99) (88 45 96 64 70 56 10 4) (20 37 9 77) (80) (1) (26) (2) (61) (83 36 16) 
10 (26) (33 57 64 84) (5 68 58 16 9 69 14) (32 41 97 98 23 65 44 60 86 6 74 73 31 63) (15 27 70 21 100 56 37 20 38 95 61 94) (85 79 53) (34 87 28 11 19 96 49 4 76) (72 89 47 83 88 22) 
11 (87 85 34) (24 39) (65 38 2) (58 3 57 23 26 98 43 99 91 13) (47 88 12 11) (62 83 9 93 89) (1 63 82 41) (10 94 15 33 60 77 92 79 35 40 31) (67) (81 72 53) (80) (6 61) (49 5 16) (73) (86 70 4 97 96 30 69 78 56 100) 
12 (84 3 35 79 98 44 14 36 43) (7 52 30 2) (8) (74 68 29 17 6 59 5 16 91 22 9 82) (51 53 28 92 56 61 90 12 65) (95 39 86 10 64) (32) (26) (18 25) (31 100 97 57) (83) (23) (33) (67) (11 45) (48) (66 87 70) (38 20) (47) 
13 (52 57 25 21 27 85 13 37 24 73 98 45 59 69 42) (32 71 44 19 47) (84 29) (1 6 60 41 100 12 39 66 56 26 68) (53 61 55 18) (74) (87) (90 77 91) (97 36 30 46 49 75 33 5 28 94 93 63 88 99 62 78 67 89) 
14 (87 81 33) (26) (83 28 50 52 42) (38 56 66 59 62 82 77 15) (85 92 23 97 27 61) (8 45 24 69 80 57 47 9 99 54 36 75 100 43) (63 14 73 94 34 39 31 53 95 64 49 12) (7 25 32 89 44 29 84 17 16) (10 46 13) 
15 (7 38 85) (18 42 63 89 61 26 60 45) (81 64) (44 55 62 91) (23 83 3 52 12) (4 29) (6 51 1 8 84 17 58 57) (36 96 33 25 75 49) (67 71 24 78 34 19 47) (11) (86 97) (40 100 70 56) (43 27) (21) 
16 (81 47 86 95) (8) (7 70 11 56 74 22 61 21 71 26 24 27 36 49 96 97 68 25) (31 45 64 79 62 66) (9 80 12 60 33 69 13 54) (67 10 19 28 5 51 59 65 99 41 2 48 91 55 57 17 3 40 63 98 4 16) 
17 (15 21 81 13 10 49 14) (41) (83 8) (42) (43 77 48 70 97 84 47 87 96 30 100 20 44) (34 98) (40 91 86 67 26 95 27 65 51 33) (9 75 64 35) (80 88 59) (46) (4 78 66 54 50 62 52 5 45) (23 31) 
18 (10 40) (33) (26 61 93 37 13 12 95 35 38 29 53 22 80 65 1 27) (73 23 98 30 81 82 9 71) (57 2 39 96 72) (20 48 63 70 87) (90 74) (52 62 7 3) (41 86 58 84 78) (17 92 54 60 50 76 14 83) (6 59) (45 43 94) (88 16) 
19 (74 91) (92 12) (41 61 54 71 31 63 10 6) (25 46 76 96 52 83 77) (21 37 94 82 44) (9) (11 67 20 60 73 45 53 98) (56) (78) (84) (34) (68) (28) (70 18 97 16 43 32) (65 13 66 29 2 57) (93 72 85 59 86 30 4 38 95 58 3 42 99) 
20 (38 46 13 69) (48 26 90) (3 51 67) (86 98 18 82 87 8) (78 9 2 36 33 74 96 80) (35) (23) (15 59 6) (70) (81 20 14 100 71) (41 42 61 16 49) (89 77 22) (92 79 4 53) (84 99) (24) (25 45) (93 65) 
21 (74 17) (50 69 21 52 20) (77 8 86 80 24 37 11 54) (71 26 36 33) (85 87 57 25 79 63 1) (75) (27 64 22) (30) (73 58) (62 12 10 83) (29 78 47) (60 4) (51 94 96 7 42 55 56 9 16 70 82 41 98) 
22 (5 3) (17 33 44 20 98) (60 49 23) (92 47 25 58) (32) (50) (77 8) (35 70 22 43 11 69 27 19) (64 30 63 84 71 90 2 56 29 79 81 65 42 4 37 76 51 99) (40 86 10 1 28) (78) 
23 (23) (3 94) (97 72 56 82 29 93 98 86 20 41 63 92 32 38 2 10) (59) (80 42) (77 51 54 69 33 89 66 5 19 62) (79) (7 13 46) (45 4 55) (78 37 16) (11 61 71 88 8 65 40 95 25) (67 28) (84 48 43) (91 21 53 52 15 17) (44 96 85) (75 73) 
24 (5 43 99 8 89 21 73 26 31 35 68) (79) (60 85 1) (62 90 61 40 53 86 46 18) (98 6) (45 12 64 72 55) (24 67 50 91 54 14 13 33 94 65 51) (34 59 10 11 80 38) (78 25 52) (93 32) (76 47 82 58 71 9) 
25 (10 66) (77 52 40) (89 100 27 78) (72 68) (9 65 16) (34 5 56 46) (94 69 43 28 75 4 24 95 33 88 50 2 98 20 99) (29 74 70 80 15 81 26 7 57) (90 25 44 87 6) (14) (12 97) (39 96 54 45 47 53 3 11 37 93 64) (48 55 71) 
26 (73 63 56) (90 84) (80 64 19) (27) (59) (43) (82 68 54 48 46 65 91 1 34 52 10 32 94 85 95 15) (77 18 5) (67 44 42 2) (26) (8 50 53 40 47 89) (57 83) (3 61 39 99 66 98) (88 58 100 28 78 22 11 38 13 12 97 9 79 30 37) 
27 (64 54 17 37 46) (12 69 61 43) (74 39 40 83 80 72 91 44 20 42) (60) (47 5 97 90 23 58) (63 65 9 36 81 30 19 98 51) (70) (7 82) (62 56 76 26 52 67 89 93 57 66) (75 48 29 94 24 92 31 28 86 18 71 85 33) (79 4) (49) (34 96) (11 38) (55 50 25) 
28 (98 44 4 69 60 86 19 63 10 75 54 32 33 93) (36 82) (71 99 67 41 11 6 50) (3 64 97 80 100) (28 5 34 79 21 59) (48 73) (62 94 70 77 45 78) (88) (53 61 20 91 81 92 16 23 14 38) 
29 (49 64 93 46 41 13 15 40 60 79 32 71 69 4 98) (50 83 66 1) (6 85) (25 65) (18 84) (35 51 55 10 30) (26 72 82 20 92 24 67 47 42 34 23 57 94 9) (58 43) (89) (3) (8 97 76 14) (7 19) (29 53 68 78) (90 2 17 45 91 44) 
30 (68 67 41 43) (42 36 19 29 15 46 62 21) (70 83 37 11) (34) (1 65 54 58 87) (8 77 24 6) (99 76 75) (12) (51) (59 17 47) (52) (45) (92 82 32 50 86 2 26 44) (3) (66) (56 14 4 30 53 93 27) (85 20 95 72 98 78) (13 61) (94) (31) (9 18 48 81 91) 
31 (89 1 6 87 37 47) (91 55 83 33 63 23) (46 77) (26 44 13 27 39 51 58) (52 8 34 69 70 64 50 29 53 3 79) (22 4 76 11 7 71 73) (12 67 5 32) (68 54) (65) (85 17 30 99 98 93 42 96 15) (21) (66 86) (72 45 75 28 81 24 48) (57) 
32 (12 64 93 36 37 3) (52 89) (38 80) (30 95) (9 21) (43 55 72) (74 41 63 16 2 19 46 24 28 20 14 82 73 13 42) (50 6 62 22 100 91 66) (11) (33 60 65 81 5) (98 15 44) (34 51 39 57) (26) (7 40 99) 
33 (80 52 2 44 45) (12 41) (36 11 4) (78 25 94 55 71 85 3 58 79 19 57 56) (88 84) (82 87 16 65 38 81 35 90 62 1 32 50 34) (21 37 31 20) (66 60 75) (28 92 6 51 63 54 100 15 47 14 83 73) (30 40 46 89 8 18) (72) (48 86 7 39) (53 69 77 10 13) 
34 (87 14 81) (25 80 82 19 93 86) (39 91 88 72 89) (83 17 98 99 61 41 74 62) (15 2 33 55 79 58 63) (13 1) (49) (7 54 26 30 66 73) (24) (57 68 45 48) (3 28 69 84 90 51 18 85) (20 60 9 29 67 8 10) 
35 (27 30 92) (34 98 40 81 80 32 58 26 1 31) (25) (52 79 43 95) (24) (38 4 21 97 47 96 41 3 8 16 86 100 22 7 99 68 60 66 59 18 75 2 14 85 62 72 6 17 53 63 5 20 74 49 13 48) (65 10 12 42 56) (57) (91 67 29) 
36 (92 76) (71 12 5) (20) (45 36) (74 16 70) (40 60 32) (22 54 33 82 87) (49 41 13 31 100 83 95 4 78) (37 50 68 11 73 98 72 90 25 29 1) (59 99 52 8) (88 39 96 89 28 84 67 23) (97 26 38) (46 64 56 63 66 86 80 65 61 58 62 47 77 24) (6 10 44 19) 
37 (27 80 70 1 20) (78 17 97) (73 63 15) (60) (93 85 88) (76 4 81 5 9 68 40 35) (99 11 30 74 22) (87 13 48 46 84 96) (33 3 32 26 72) (61 77 91 50) (65) (23 18 66) (92) (21 24 31 39 49 59) (47 36 82 79) 
38 (39 46 100 12 81) (10 99 97) (33 86 19) (79 3 90 76 42 60 9) (67 21 6) (41 59) (71 15 13 31 56 34 40 85) (66 83 11) (78 73 57 74) (89 27 17 14 25 69 22 68 7 75 28) (20) (16 95 96 23 48 65 77 35 49 37 26) (54) 
39 (90 3) (5 54 95 46 7 31 29 86 38 17 2) (81) (63 68 16 52 75) (49 30 100) (67 80 36 20) (58 21 62 15 74 70 99) (27) (71 73 42 84 56) (22 47) (93 26 65 14 69 94 9 32 60 24 50 34) (19) (89 79 97 33 66 11 98) 
40 (62 33 6 67 79) (10 99 68 57) (37 61 74 86 7 19 51 83 50 53 29 47) (97) (85 95 32 22) (93) (16 44 64 27 54) (73 52 59 71 98 40) (69 87 96 34 78 41 63 49 48 3 25 18 38 28 80 58 92 46 70) (89 26 56 39 55) 
41 (49 17 57 30 100 2 8 67) (25 6 42 54 4 87 34) (78 82 7 36 21) (69) (5 31 91 65 85 92) (33 23 79 94 74 71 20 24 47) (68 76 61 18) (90 75 16 1 22) (51) (52 66 73 44 86) (83) (77 53) (3 72 45 88) (64) 
42 (74 50 55 41) (61 13 37 48) (45) (68 60 95 51 78 84 42) (36) (64 92 96 98 27) (97 93 66) (12) (53) (43 29 19 54 67 34 47 90) (76 28 89 62 38 24 26 72) (40 22 25 16 85 8 4 57) (91 11) (56 73 33 2 75 71) 
43 (33 14 58 80 20 29 63 4) (28 16) (46 61) (2 92 74 11 21 39 76 40 30 57) (72 60 19 51 69) (7 93 87 41 37 25 49 6 95 88) (43 65 9) (94 67) (13 27) (59 91 44 56 22 98) (89) (32 96 90) (8 79 68 35 86 48) (53) (71 52 77 18 12) 
44 (29 35 61) (54 34 87 73 69) (13 16) (79 25 96 36) (62 92 2 86) (84 55 82 74 48 27 49 41) (72 9 70 58 52 18) (64) (37) (31 23 30) (28 80 91 26 67 75 5 47 17 100 97) (56) (33 78 11 12) (39 98) (63 88) (14 83 51 77 3 93 6) 
45 (97 73) (98 62 91 24 33 69 71) (80 35 49 79) (36 10 5 28 94 43 11) (12 13) (41) (30 19 16 3 66 14 63) (38) (21 55) (17 59) (6 88 32 93 99) (34 56 90) (51) (27) (68 20 61) 
46 (27 34) (82 40 57 65 49 16 37 80 97 56 87 63 24 67 14 45 95 77 8 25 55 35 17 38 47 11 22 41) (74 36 4) (92 33 71) (10 39) (58 85 83) (62 5) (100 66) (73 19 91 6 64 32) (60 54 31) (46 12 94 26 84 30 81 96 18) 
47 (60 70 96) (58 11 84 68 6 75) (89 18 78 57 49) (87 26 23 25 66 29 67 32) (50 41 42 2) (100 48 17 65 3) (88 46 90 9 81) (74 91) (63 72) (20 8) (80 51) (15) (44 59) (16 64 85 40 34 22) (39) (54 76 82) (86 56 47 79) 
48 (61 51 18 24) (35 59 13 29) (86 7 62 10) (80 1 60) (79 33 47) (70 83 36 12 58 89 48 21 28 88 87 49 22 40 96 8 76) (43 68 82 4 53 75 32 39 2 41 92 95 74 15 31) (26) (16 37) (19) (44 100 34) (23) (67 66) 
49 (1 26) (61 53 30 54 81 56 93 82 71 24) (79 22 63 20 52) (58 69 18 68 100 99 88 42 39) (2 49 51) (35 32) (78) (19 10) (15 23 45) (12 27 62 13 43 44 6) (36) (48 3) (72) (37) (9 17 89 80 59) (55 95) (38 33) (92 96) (98) (87) (97 29) 
50 (84 83) (23 4 30 3) (46 92 8 80) (93 58) (54 6 59 9 69) (2 29) (15 97 44 33 41) (57 63) (16 100 19) (77 47) (1 89) (13 42) (28) (35) (22 36 67 82) (87 75 68 70) (26 95 31 43 53 37 25 45 71 48 66 20) (65 86) (18) 
51 (67 95 27 85 54 80 35 11) (97 38 4) (30 24 100 55 63 51 57 45 73 3 61 82 65 69 39 98) (68 83) (10 60 92 12 58 77 99 13 91 47 94 34 89 62 71 7 75 74 17) (29 2 40) (14 41 8) (72 43 84 48) (81) 
52 (17) (23 2 31) (40 26 51 95 19) (12) (67 59 8 16 76 86 24 22 90 56 39) (35 82 28) (44 13 97 93 43 57 64 87 46 91) (79 9 94 89 27 45 77 69 50 63) (74 37 75 98) (80 92 96 53) (41 36 4 34 52 25 58 21) (48 83 15 7 70) (11 3 32 99 100) (65 88 38) 
53 (20 24 66 76 62) (70 92 83) (50 87 27 69) (12 13) (54 84 17 16 64 4 59 72 25 42 57) (67) (95) (2 77 88) (10) (75 78 93 90 23 34 61 65 40) (68) (86 1 51 26 99 38) (18 94 97 32 3 55 58 44 43) (7 60) 
54 (74) (77 38 6 87 83) (67 50 98) (47) (35 30 94) (52 42 14 25 31 89 54 22 9) (11 23 64) (91 13 48) (45) (95 15 36 86 73 59 21) (1 80) (58 72) (5) (24 12 75 71 3 20) (68) (53) (66 84 92 32 2) (76 96 8) 
55 (62 57) (94 72 89 80 75 44 53 7 96 98) (21 91 15 19 85 36 2 63 67 59 3 30) (93) (29) (60) (46 52 18 100 84 77) (50 40 38 23 71) (90 82 56 17) (58 45 76 32 83 66) (55 64) 
56 (20 1) (28 17 90 23) (14 7 5 69 64 49 67) (54 37) (83 86 62 22 57) (76) (82 4) (95 87 58 75 12 73 78 61 55) (42 88 56) (21) (32) (74 96 26) (77 63) (18 27 15) (72) (43 85 16 79 39) (70) (29) (44 89) 
57 (66) (47 6 36 43 81 37 16 63) (51 5 33 79 11) (49 78) (97 29 84 87 61 96 86 19 7) (48) (31 83 71 13 30 55 41 20 46 23) (76 8 65 70 67 92 68 10 72 45) (22 93 82 50 64 2 91 32 52) (14 90 26 38 21 53 3 58) 
58 (92 71 22) (72 27 76 74 64 57 30 5 85 94 24) (79 33 89) (56) (100 31 66 87) (34 67) (43) (13) (83 70 17 73) (41 20 49 91 55 28 18 2 16 65 19 44 69 51 93 15 53 88 11 14 35 90 10) (60 75 81 97) (61) 
59 (56 59) (47 68) (54 14 17 82 25 29) (80 81 51 94) (44 28 42 52 76 32 7 9) (84) (74 55 66 24 71) (10 41) (22 92) (96 38 35 69) (33 58 77 79 64 75 37) (21 85) (2 87 36 93 97 18) 
60 (23 44 71 58 61 78) (1) (84 81 53 35) (56 66) (97 6 10 69 54 22 13) (40) (82 96 34 31) (32) (85) (18) (65 30) (33) (43) (46 5 19 11 2 70 14 4 88 28 86 64 45) (77 9 67 8 94 92 68 79 87 52 15) 
61 (84 18 33) (58) (47 30 27 10 40 29 11 53) (31 80) (57) (8 69 86 28) (85 89) (95 26) (62) (64 92 5 45 82 3 81 25) (93 15 68) (63 96 78) (76 16 42 6 38 24 2 75 60 37 7 66 1) (32 79 71) (98 88 56 74 48 99) 
62 (56 66 32 33 41 70 84 1 79) (61) (58) (26) (37 39 96 23 89 53) (67 45 94) (83) (6 18 71 34 38 49) (30) (57 22 12) (17) (51 63 92 60 5 27 8 16 78 99 35) (55 62) (15) (11) (76) (73) (3) (19) (69 24 29) (14 65) 
63 (30 24) (17 52 96 14 4) (20 50 98 6 78 49) (85) (19 54 99 23) (22 40 18 12 31 43 72 10 48 47 16) (79 25 68 32) (84 69 2) (94 95 13 73) (21) (64 39 57 36 71 55 56 62) (59 28 88) (65 7 92 60) (8) 
64 (51 15 75 91 68 67 37 57) (71 10 2) (36 14) (3 77 17 22 65 69 42) (80 94 50 92 21) (96 95 53 60 31) (46 25 43 55) (20 7 12) (78) (40 32) (13 87 56 5 11 72 85 63 33 26 97 64 1 47) (48 70 49 16 23 89) 
65 (3 27) (13 63 86 64 46) (50) (72 61 32 56) (51 21 62 97) (54 15 1) (77 43) (93 79 87 34 30 20 2 17 14 73 22 82) (76 100 85 95 9 18) (92 29 8 91 26 57 24 48 40 28) (44) 
66 (66 20 50 35 59) (67 28 26 25 95 63 74 73) (53 96 18 56 40 78 55 54 84 3 90 30 42 76 10 21) (16 65 12 82 4 9 8) (72 81 75 94 7 64 44) (48) (79 13 97 47 37 62 23 41) (91 43 24 92 71 5) (70 38) 
67 (16) (1 9 46 58 37 10 32 88) (45 31 25 70 77 39) (41 60 92 2 44 61) (66 20) (74) (63 49 12 83) (67 5 53) (87 34) (14) (96 29 95 90 21 55 72 56 75) (47 81 99 86 36 62 69 38 42 7 26 82 54 52 11 15 22 73) 
68 (12) (2 90 94 22 77 75 51) (44) (76 29) (15 25 7 5 17 33 100 45 87 95 91 40 72 67 54 66 60 30 85 34 80 46 82 99 93) (9 52) (43 64) (50 56) (63 36) (10 20 23 68 79) (28 8 31 73) (35 47 13 62 59 42 38 98 55 19 65 14 37 81 3) 
69 (23 75 9 81 70 56 76 48 7 87) (53 47 65 100) (41 58 13 32) (34 52) (61 91) (80 24 16 57 40 33 21 17 64 54 83 5) (45 36 49 18 67 92 55) (46) (74 63 39 68 12 95 60 14 10) (27) 
70 (70 73) (60 7 41) (90 74 50) (63 28 82 8) (75 62 66) (6 72 88 5 29 9 89 24 2 94 34 85 65 16 11 31 58 100 18 83 40) (39 22 14) (57 3 37 15) (17) (54) (49 99 68 53 36 51 32 52 42 4 81 77 13 86 38) (59) (23) 
71 (43 93 38 1) (11 64 4 39 61) (90) (100 89 68 78 5 70 67 71 9 13 84) (99) (32 87 79 12 37 60 72 30 47) (19 57) (27 96) (86 7) (41 45 53 58) (94 25 17 63) (49 26) (69 20 82 88) (10 65) 
72 (12 27 54 13 41) (8 14) (58) (90 53 75 43 60 61 20 84) (50 25 22) (65) (2 28) (92 35 59) (17 39 94 4 87 66 72) (15) (80 30) (52 36 56 55 7 16) (40) (44) (85 74 69 1 37 19 78 45 70 42) (33 63 77 48 23) (32) (95 38 29) 
73 (78 100) (16 71) (43 24 84 81 27) (79 54 3 30 36 42 44 13) (83 18) (76 80 58 48 56 46) (38 6 55 87 14 19 62) (74 2 40 11) (9 51 68 4 91 28) (10 1 89 39) (95 26 82) (70 23 21 67 86) 
74 (22 59 64 77 7 41) (94 42 87 56 50 14 36 15) (78) (21 97 61 95 46 1 26 6) (44 11) (86 69 48) (16 33 66 62 19 8 23 84 71 54 80) (75 79 67 43 12 55) (90 65 38 49 25) (40 89 31 10 9 72) (4) 
75 (62) (81 28 74) (86 37 12 100 97 15) (5 6 42 44 26 99 79 60 4 93 75) (13 88 25 72 61 82 3 39 95 23 67 8 91 94) (10 87 9) (45 51 70) (76 56 11 1 33) (63 21 77 53 30 20 69 27 90 38 78) 
76 (13 91 96 34 97 27 22 19 52 43 63 90 46 18 59 94) (72 70 9 57 58 20 41 2) (45) (47 25) (51) (81 65 14 73 69 86 5) (89) (100 71 26) (66 77) (92 4 15 8 38 24 75) (79 32 6 54) (31 84 48) (23 68) 
77 (93 44 99 97 50 58 47) (5) (62 66 8 68 15 70) (20 78 88 45 67) (19 82 13 17) (26 79 65 76 90) (61 42 69 95 31 27 23 16 72 3 83 89) (63) (33 86) (75 22 84 77 6) (25 4 85) (54 28 100) (46 98) 
78 (83 20 13 1) (56) (10) (24 64 32 54) (36 31) (35 30 92 90 82 4) (7 55 26 61) (17 78 47 71 63 75 89 8 42) (37) (12) (9 98 57) (100 18 40 85 5 97 38 11 41 59 94 86 15 62) (52 69) (48 53 19 3 28) (66 95 25 72 74 6 39) (46) (76) (68 60) 
79 (100 65 44 20 55 49 2) (67 94 3 77 56 57 98 50 48 66 41 51 80 10 78 36 19 43) (97 59 54 22) (79 4 27 81 69 61 93) (33) (92 86 53 64 24 28 23 60 58 95 40) (26 45) (91 84 75 42 1 76 83 11 85 25 14 73) 
80 (26) (47 97 37 44 38 42 59 72 27 100 84 92 88 54) (83 81 56) (2 4 25 29 67 69 16 58 90 76 74 21 43 20) (7 18 45 55 12 99 6 8 11 39 17) (28 48 34 93 5 62 51) (65 94 82) (95 52 79 41 35 31 24 3) (66 13 46) 
81 (15 90 34 72 16 33 79) (97 75 80) (18 70 43 40 69 82 42 61) (83 87 73 94 92 8 26 95) (46 31 22 66 84) (86 36 64 37 12 3 13 5 78 89 93 81 10 45 91) 
82 (48 30 92 43) (11 68 38 45 18 91) (80) (35 26 81 24) (74 5 60 13 14 64 71) (72 7 59) (98 62 32 8 96 56) (87 4) (15 2 97 22) (20) (94) (44 10) (95 27 73 58 76 19 84) (99) (52 17 90 16 42 77) (1 40) 
83 (21 44 50) (79 40 15) (19) (36) (8 91 7) (17) (68 86 92 58) (43) (90 78 89 75 45 96 6 2 52 97 71 56 73 1) (18 84 57 62) (66 46) (93 65) (32 28 14 51 30 83 80 29 22 99 47 69 95 81) (16 85 63 82) 
84 (70 77 68 61 97 14 90 62 44 17) (78 48 80 92 1 59 23) (60 19 10 45) (11 73 2 57) (20 95 6 9 91 30 12) (51 39 85) (76 29) (65 22) (37 31) (54 53 21 5 99 94 83 98 56 55 41 52 100 18 8) (74 7) (58) 
85 (64) (57 75 24) (8 72 88 41 61) (83 4 93) (62 28 22) (15 65 55) (79 42 18 97) (63 81 51 100 23 80 59 1 89 98 17) (7) (32) (2 16) (35 54 11) (50 96 40) (26) (70 56 31 94 29 73) (6) (13 95 3 38 36 67) 
86 (67 9 20) (69) (50 26 1) (68 93 96 60 54 91 41 13) (18) (78) (49 14 4 61 36 48 52 34 82) (56 98 77) (40 16 21 24 80 74 59 22) (53) (88 85 83 37 43) (90 5 76 75) (81 11 44 84 45 63 31) (92 32 51 29 73) (42 3) 
87 (48 15 28) (89 69 38) (42 25 92) (83 95 77 90 16 21 63 61 87 31 97 94 13 60) (32) (26 1 66 99 18 35) (34) (39 29 82 71) (80) (11 43 40 73 79 67 50 45 10 55 68) (44) (59 84 85 56 93 23) (65 9 86 76 64 7 5) (57 54 3 74 51) 
88 (38 3) (1) (50 37 21 56 76 74) (67) (10) (23 8 88 93 5 48 17 100 46 86) (42 82 45 54 47 83 72 25 28) (20 19 34) (81) (55 68 4 13 59 33 40 22 73 94 66 31 69 26) (90 27 14 36 53 71 70 75 85) (87 24) (41 78) (49) 
89 (21 8 86 62 15 45) (89 88 40 19 10 66 36) (41) (14) (9 63 43 32 34 95 27 87 96 93) (70 92) (83) (13 50 85 84 16 17) (48 80 81 11 42 26 7 57 12 54 23 28) (49 24 65) (72 46 29 71 97 2) 
90 (9) (12 62) (33 72 41 60 84 29 27 54) (69 56) (6 53 97 70 39 34 71 93 32 73 58 86 91 61 75 85 1 35) (90 64) (89 4) (40 87 23 10 98 17 18 77 99 66) (2 95 80 46 59 49) (55 79 81) (13 92 45 82) 
91 (54 58 92 48 68 60) (100 76 56 79 33 84 91 87 41 97 26 90 70 36 74 94 98 47 19 27 35) (15 71 43 4) (21 14 78 86 63) (32 55 75 10 5) (29 93) (67 38 50 73 51) (82 77 69 61 9 24 66) (11 40) (96 31) (37 52 7) 
92 (95 36 71 38 90 55 16 39 68 40 100) (88 59 3 62) (25) (69 31 14 24) (30 52 50 2) (37 48 53) (7 91) (18 79 44 67 19) (23 64) (56 89 99 66 81) (49) (6 57 11 93 82) (87 29 20) (9) (85 10 35 12 94 21 78 75 42 33 84 80) (96 27) (28 45 8) 
93 (18 100 54 16) (36 37) (61 9 20 90) (3 14) (30 10 62 81 60 65) (12) (77 34 91 76 35 42 92) (56 46 97 39 47 5 50 80 8 21 24 2) (40 19 53) (72 31 23 85) (22 7 1 86 99) (98 52 68 74 71) (88) (87 89 78 73 29 4 49 93 48) 
94 (53 13 74 65) (88 58 7 16) (69) (30 54 6 44 55 10 78) (59 18 43 41 51) (68) (80 35) (99 56 15) (57 94) (3 52 4 22 84 95 62 23 39 85 98 46) (45 19) (42 92) (26 64) (47 97 2) (50) (75) (96 14 11) (21 8 79 86) (76) 
95 (30 52) (66 33 16 99) (91) (84 26 24) (77 61 42 90) (40 78 43 85 50 81) (48 8 5 68 45 96 6 18 83 11) (97) (44 17 38 92 14 70 7) (28 29) (27 71) (67) (15) (21 22 100 79) (54 39 12 46 2) (31 59 47 20 69 98) (36 80 87 41 73) (57 65) (58) 
96 (77 20 56 90) (48) (95 1) (10 26 37 68 30 70 19 40) (72) (12 80) (50 15 2 91 83 57 16) (92 27 32 52 54 51) (55 73 9 36 98 58 28 67 18) (31) (74 3 49 79 14 6 85 88 78 34 45 75 41) 
97 (17 15 28 88 58 6) (74) (39) (57) (22 68 35) (20 41 37 10) (92 78 60 13 70 66 75 4 38 2 36 53) (16 1) (26 81 87) (42 65) (61 24) (93 59 73 5 79 64 45 50 43 55) (84 77 46) (33 89 100 90 51 63 18 83 34 96 85) (56 3 44 31 91 98 62 47) 
98 (72 57 26 21 24 41) (4) (47 100 86 40 65 35 8 12 91 29) (59 53 80 34 61 92) (81 75) (90 2 45 13 43 1 95 50 64 46 69 11 74 51 14) (3) (19 39 79 16 83 7 76 9 66) (36 27 67 63 58 6 71 20 25 32 52 44) 
99 (79 1 45 64 54 31 97) (66 40 86 62) (29 25) (80 36) (59 76 61 26 4 46 100 42 96) (19) (49 85 90) (88 68 12 16) (18 10 71 56 48 6 38 67) (22 65 35 14 74) (73 15 41) (84) (2) (28) (11 81 30 82 69 70 92 63 77 24 60) 
100 (12 36 17) (45 47 62) (82 29 96 33) (57) (64 44 46 61 80) (23 85 56 24 75 11 78 37) (73 90 86) (22 6 5) (51) (77) (40) (41 28) (7 42 71) (2) (35) (20) (43) (38 99 89 3) (91 58 49 70 63) 
1 (24) (93) (30) (9) (15) (41) (98) (48) (84) (97) (21) (65) (60) (33) (26) (53) (18) (78) (37 74 64) (86 73 34) (31 4 13) (82 90 29 1) (50 61 49 83) (87 36) (88) (22 85 75 72 35 79 71 62 5) (99 56 11 67 54 96 2) 
2 (100) (73) (19) (20) (60) (54) (23) (94) (25) (95) (80) (34) (99) (70) (90) (29) (26) (79) (68) (41) (47) (2) (98) (92) (5) (39) (11 84 44 61 48 32 33 6 85) (22 42 30 50) (49 63) (59 64 51 57 65) (89) (9) (35 52 18 97 76) (82 72 4 93 43 1 67) (3 12 58 96) (83 16 55 53) 
3 (26) (19) (97) (96) (31) (62) (40) (12) (79) (6) (85) (11) (23) (30) (92) (16) (44) (50) (52) (32) (98) (34) (18) (75) (86) (15) (3) (7) (20) (64) (68) (100) (49) (1) (33) (73 94 78) (51 81 4) (41 25 54 28 55 88) (80) (61 93 70 39) (22 65) (66) (47 45 53 77 57 29 37 38 35 87 8) 
4 (41) (42) (31) (72) (48) (78) (1) (53) (46) (6) (43) (71) (88) (20) (36) (76) (85) (30) (23) (5) (99) (74) (97) (70) (8) (17) (94) (98) (16) (90) (19) (79) (86) (60) (25) (15) (51) (77) (22) (75) (73) (37) (27 21) (7) (11 80 35 56 50 29 82 10 91 93 33) (63 52 9 28 66) 
5 (45) (25) (77) (37) (26) (86) (62) (44) (56) (82) (22) (8) (31) (36) (69) (1) (46) (68) (32) (12) (71) (80) (11) (70) (84) (2) (75) (66) (16) (24) (3) (7) (76) (23) (95) (81) (88) (17) (13) (41) (39) (35) (100) (91) (58) (97 61 28 9 60 54 93) (67 5 10 78 57 27 87 64) 
6 (80) (25) (4) (90) (95) (10) (85) (5) (19) (76) (15) (38) (96) (24) (75) (30) (32) (97) (8) (41) (47) (49) (18) (45) (13) (100) (33) (44) (84) (70) (92) (1) (99) (63) (94) (74) (61) (46) (98) (78) (62) (6) (83) (77) (57) (73) (54 11 36 28 50 20) (35 40 43 60) (29 31 12) (3) 
7 (38) (84) (87) (52) (85) (41) (61) (53) (12) (27) (35) (3) (68) (89) (14) (92) (57) (33) (16) (93) (94) (18) (67) (21) (56) (91) (15) (83) (71) (78) (80) (40) (23) (9) (98) (25) (5) (7) (82) (70) (55) (100) (39) (8) (31) (95) (69) (66) (64) (48 6 63 74 51 34 2) (4 32 43 72 29 59) 
8 (77) (30) (88) (5) (66) (48) (52) (23) (93) (94) (29) (14) (83) (81) (78) (61) (22) (20) (47) (51) (76) (74) (35) (24) (54) (70) (17) (9) (85) (92) (43) (34) (46) (98) (65) (15) (6) (63) (82) (89) (75) (72) (41) (62) (12) (68) (95) (31) (7) (50) (21 57 36 60 26 42 80 3 84 33 16 2) 
9 (12) (74) (89) (24) (93) (2) (75) (38) (78) (69) (32) (98) (60) (71) (67) (59) (50) (19) (87) (54) (90) (66) (14) (96) (76) (65) (10) (26) (73) (43) (30) (44) (91) (49) (52) (68) (11) (6) (20) (9) (25) (39) (92) (47) (4) (17) (84) (86) (3) (27) (37 16) (21 18 34 29 70 8) 
10 (79) (7) (45) (81) (18) (60) (1) (33) (46) (97) (94) (29) (99) (14) (38) (71) (49) (36) (26) (78) (82) (58) (64) (34) (11) (19) (61) (88) (16) (96) (4) (66) (92) (91) (22) (90) (12) (25) (23) (48) (40) (51) (59) (73) (9) (63) (35) (28) (53) (21) (87) (89) (74) (3 75 84 67 5 17 24) (68 69 93) (57) 
11 (38) (62) (70) (57) (12) (5) (22) (26) (39) (74) (47) (7) (92) (75) (36) (85) (99) (79) (19) (44) (64) (16) (37) (42) (82) (2) (95) (54) (31) (11) (27) (100) (32) (78) (43) (52) (91) (10) (94) (23) (58) (60) (87) (25) (28) (30) (73) (80) (9) (67) (51) (84) (33) (6) (24) (86 15 21 98 45) (46 89) (61 71) 
12 (24) (32) (69) (48) (44) (51) (18) (25) (30) (19) (52) (72) (71) (89) (53) (38) (46) (78) (81) (26) (3) (33) (42) (43) (98) (96) (31) (80) (84) (93) (7) (74) (27) (95) (49) (75) (62) (35) (63) (16) (36) (45) (64) (6) (100) (15) (14) (54) (12) (66) (11) (99) (67) (21) (13) (92) (90) (56 2) (68) 
13 (9) (72) (50) (23) (2) (89) (76) (42) (36) (34) (60) (90) (57) (29) (31) (52) (7) (51) (37) (49) (97) (87) (86) (24) (81) (64) (45) (20) (94) (53) (14) (38) (30) (44) (8) (18) (3) (73) (68) (48) (77) (17) (16) (35) (1) (11) (85) (70) (26) (98) (78) (69) (88) (54) (66) (5) (65) (43) (6 33 13 82) (32 75 63 71 80 19 58) 
14 (96) (2) (44) (91) (3) (18) (28) (70) (35) (30) (38) (83) (84) (92) (64) (67) (72) (93) (65) (20) (76) (88) (94) (69) (79) (74) (68) (14) (46) (99) (82) (34) (43) (95) (6) (12) (32) (29) (33) (62) (25) (17) (39) (24) (56) (45) (4) (59) (58) (54) (73) (89) (10) (9) (60) (57) (63) (51) (98) (86) 
15 (70) (64) (75) (6) (20) (5) (65) (39) (50) (83) (68) (91) (52) (23) (26) (85) (97) (82) (58) (62) (74) (33) (76) (47) (11) (81) (89) (54) (61) (32) (99) (37) (14) (10) (29) (17) (55) (96) (56) (2) (95) (3) (94) (31) (34) (48) (25) (77) (38) (67) (30) (72) (60) (87) (78) (9) (49) 
16 (38) (7) (40) (10) (43) (33) (20) (39) (69) (95) (42) (9) (92) (6) (89) (19) (14) (96) (62) (86) (23) (3) (35) (44) (47) (83) (28) (94) (97) (80) (52) (82) (93) (98) (72) (45) (21) (1) (64) (85) (16) (57) (99) (56) (87) (11) (12) (74) (53) (81) (66) (50) (77) (36) (25) (18) (32) (41) (63) (4 46) (58 73 61 70 48) (67) 
17 (95) (72) (52) (78) (47) (14) (49) (85) (70) (62) (22) (82) (97) (63) (59) (51) (27) (39) (71) (4) (15) (30) (29) (80) (77) (16) (100) (18) (7) (88) (12) (35) (90) (68) (37) (64) (38) (41) (46) (31) (56) (65) (21) (45) (84) (2) (23) (58) (44) (83) (69) (55) (3) (9) (89) (34) (1) (53) 
18 (30) (61) (20) (90) (95) (82) (48) (6) (55) (40) (12) (76) (27) (99) (53) (24) (58) (49) (83) (78) (37) (94) (69) (93) (59) (87) (56) (35) (43) (29) (96) (62) (66) (73) (85) (3) (19) (2) (47) (13) (33) (86) (63) (81) (44) (26) (80) (97) (84) (4) (50) (41) (92) (34) (60) (65) (7) (46) (70) (15) 
19 (48) (92) (49) (42) (50) (78) (79) (16) (91) (26) (58) (52) (57) (33) (13) (28) (88) (77) (34) (46) (63) (73) (89) (23) (32) (84) (39) (22) (43) (27) (74) (15) (62) (10) (68) (40) (45) (99) (71) (98) (93) (76) (2) (72) (60) (94) (55) (36) (30) (82) (3) (38) (29) (96) (83) 
20 (21) (63) (98) (47) (12) (95) (23) (34) (4) (20) (82) (75) (10) (22) (88) (19) (97) (100) (37) (53) (54) (36) (43) (80) (67) (29) (79) (92) (9) (76) (58) (56) (72) (77) (86) (50) (33) (84) (25) (41) (38) (32) (1) (65) (78) (49) (5) (8) (93) (45) (27) (71) (30) (28) (35) (68) (66) (17) (18) (57) (39) (96 64) 
21 (16) (43) (80) (63) (94) (67) (54) (37) (69) (24) (28) (38) (6) (19) (92) (48) (32) (33) (13) (57) (86) (45) (89) (66) (8) (91) (41) (10) (55) (30) (74) (75) (59) (93) (73) (7) (87) (98) (84) (65) (83) (9) (35) (2) (23) (31) (56) (88) (95) (21) (4) (15) (64) (39) (17) (52) (1) 
22 (60) (99) (20) (42) (57) (26) (41) (76) (50) (46) (85) (36) (18) (10) (77) (40) (86) (43) (84) (58) (52) (31) (79) (72) (88) (2) (32) (5) (93) (64) (16) (81) (49) (97) (37) (74) (59) (95) (70) (39) (35) (56) (68) (83) (1) (54) (22) (21) (62) (6) (100) (7) (94) (63) (82) (65) (47) (12) (67) (38) (48) 
23 (56) (93) (54) (69) (17) (89) (38) (73) (57) (64) (85) (9) (3) (49) (47) (50) (22) (76) (10) (88) (7) (41) (37) (23) (11) (74) (2) (92) (79) (70) (100) (66) (77) (60) (72) (4) (48) (55) (84) (75) (27) (31) (29) (12) (8) (52) (94) (14) (62) (63) (1) (36) (53) (15) (87) (90) (5) (28) (44) (68) (20) (18) 
24 (48) (3) (54) (16) (59) (41) (100) (31) (91) (69) (63) (66) (93) (62) (15) (25) (49) (95) (61) (29) (34) (45) (88) (30) (13) (14) (36) (39) (24) (58) (76) (99) (20) (27) (35) (65) (82) (32) (53) (4) (42) (86) (2) (1) (85) (97) (52) (51) (11) (70) (80) (79) (92) (21) (46) (78) (98) (73) (8) (89) (37) 
25 (6) (22) (61) (15) (38) (1) (72) (13) (19) (23) (74) (34) (75) (67) (80) (79) (33) (66) (42) (7) (64) (16) (35) (98) (78) (71) (68) (29) (4) (87) (63) (9) (52) (53) (54) (76) (46) (88) (21) (43) (59) (27) (36) (44) (40) (77) (99) (5) (50) (14) (47) (41) (92) (24) (25) (20) (12) 
26 (80) (35) (12) (40) (64) (66) (2) (79) (86) (74) (87) (16) (29) (95) (61) (31) (85) (30) (73) (36) (18) (46) (7) (48) (52) (14) (75) (57) (4) (88) (39) (27) (15) (26) (77) (49) (21) (76) (78) (50) (56) (9) (89) (6) (71) (82) (10) (62) (47) (99) (67) (38) (34) (25) (94) (11) (53) (42) (98) (65) (97) (37) (44) (32) (24 13 17 20) (5 96 91) (81) 
27 (10) (6) (37) (98) (16) (9) (44) (46) (1) (69) (45) (73) (13) (58) (72) (96) (38) (62) (18) (51) (61) (8) (71) (95) (49) (21) (89) (65) (90) (77) (2) (53) (56) (22) (14) (39) (43) (42) (35) (25) (40) (91) (52) (17) (15) (80) (26) (82) (88) (79) (31) (92) (30) (75) (76) 
28 (85) (10) (70) (36) (99) (72) (25) (77) (23) (96) (63) (31) (13) (28) (45) (68) (97) (27) (59) (34) (40) (50) (43) (61) (73) (16) (38) (22) (8) (100) (60) (44) (19) (65) (42) (92) (1) (9) (87) (79) (75) (26) (89) (12) (56) (78) (66) (14) (58) (33) (52) (2) (83) (88) (95) (32) (48) (80) 
29 (80) (39) (91) (13) (23) (92) (61) (43) (6) (12) (35) (59) (18) (98) (68) (29) (19) (27) (44) (47) (7) (5) (72) (65) (15) (50) (25) (40) (36) (56) (49) (85) (21) (99) (70) (84) (42) (57) (87) (90) (89) (31) (100) (67) (9) (51) (95) (86) (30) (34) (48) (55) (93) (62) (83) (22) (14) 
30 (37) (45) (94) (51) (65) (41) (57) (9) (22) (17) (95) (31) (1) (92) (96) (12) (4) (44) (62) (99) (26) (71) (6) (2) (63) (66) (5) (11) (78) (32) (30) (50) (54) (18) (58) (34) (43) (84) (19) (68) (75) (60) (49) (83) (72) (39) (93) (35) (73) (55) (29) (27) (46) (61) (82) (21) (13) (33) 
31 (38) (48) (7) (30) (99) (76) (95) (67) (3) (44) (64) (39) (41) (14) (24) (68) (78) (57) (91) (36) (12) (81) (33) (80) (70) (96) (27) (11) (61) (74) (52) (17) (6) (5) (19) (35) (16) (86) (50) (84) (63) (85) (37) (46) (77) (54) (88) (87) (92) (10) (60) (93) (2) (58) (97) 
32 (8) (82) (61) (49) (19) (39) (7) (35) (96) (37) (23) (60) (29) (33) (85) (87) (6) (57) (91) (86) (52) (53) (76) (4) (90) (48) (40) (98) (45) (14) (31) (59) (10) (54) (70) (56) (63) (24) (83) (67) (36) (62) (71) (69) (64) (30) (72) (12) (47) (65) (43) (28) (46) (89) (13) (78) (1) (26) (22) (55) 
33 (31) (68) (23) (32) (41) (16) (24) (74) (81) (69) (27) (75) (77) (90) (1) (97) (13) (43) (14) (95) (20) (12) (28) (2) (50) (72) (60) (46) (10) (91) (39) (49) (45) (57) (25) (59) (22) (44) (34) (58) (11) (5) (92) (18) (40) (62) (79) (64) (15) (8) (36) (100) (21) (38) (42) (37) (17) (88) (61) (4) (48) 
34 (76) (60) (29) (31) (86) (51) (26) (67) (42) (39) (46) (81) (47) (44) (10) (48) (33) (7) (27) (93) (90) (38) (4) (19) (30) (98) (2) (45) (70) (25) (32) (65) (6) (80) (24) (17) (62) (28) (40) (88) (87) (41) (69) (68) (9) (35) (15) (5) (53) (11) (97) (96) (58) (14) (52) (89) (3) 
35 (82) (98) (91) (50) (66) (37) (93) (52) (33) (51) (48) (20) (44) (17) (62) (58) (12) (11) (43) (29) (38) (97) (87) (90) (99) (45) (46) (59) (100) (94) (49) (60) (85) (22) (72) (18) (54) (1) (9) (24) (80) (78) (92) (8) (68) 
36 (45) (9) (88) (67) (14) (91) (6) (70) (48) (52) (46) (39) (74) (41) (13) (57) (16) (79) (93) (44) (42) (15) (28) (85) (86) (36) (27) (98) (72) (49) (33) (83) (96) (81) (68) (37) (69) (32) (7) (95) (21) (92) (20) (30) (12) (97) (64) (100) (73) (99) (55) (54) (78) (59) (89) (63) (50) 
37 (59) (13) (64) (23) (62) (43) (81) (93) (48) (36) (10) (40) (72) (68) (22) (19) (92) (5) (70) (46) (31) (56) (66) (57) (84) (50) (7) (33) (21) (9) (100) (44) (18) (26) (78) (97) (25) (6) (38) (42) (96) (71) (91) (3) (8) (88) (2) (86) (27) (67) (30) (80) (61) (75) (52) (32) (49) 
38 (23) (24) (39) (2) (40) (76) (55) (4) (53) (66) (14) (18) (26) (72) (68) (78) (57) (100) (19) (42) (36) (91) (10) (28) (33) (35) (49) (46) (61) (1) (95) (15) (20) (88) (70) (99) (92) (6) (71) (45) (12) (85) (54) (7) (27) (67) (82) (87) (75) (59) (32) (52) (9) (73) (74) (97) (51) (11) (62) (80) 
39 (40) (87) (32) (34) (12) (95) (26) (47) (90) (3) (98) (37) (38) (69) (36) (6) (62) (14) (9) (73) (52) (80) (13) (1) (84) (97) (18) (93) (31) (67) (27) (72) (71) (33) (63) (92) (43) (49) (56) (44) (2) (51) (11) (78) (48) (46) (25) (70) (75) (94) (5) 
40 (40) (4) (83) (5) (23) (33) (38) (22) (95) (86) (98) (51) (90) (46) (25) (43) (96) (24) (37) (16) (47) (35) (1) (78) (66) (65) (69) (88) (100) (92) (79) (52) (36) (81) (9) (27) (82) (48) (63) (64) (11) (60) (18) (93) (29) (17) (87) (89) (72) (55) (53) (73) (61) (42) (3) (85) (99) (91) (74) (32) (68) (15) (26) (70) 
41 (18) (11) (32) (28) (67) (72) (13) (42) (79) (21) (34) (62) (52) (80) (35) (40) (59) (7) (74) (45) (47) (43) (84) (97) (69) (8) (29) (16) (86) (88) (94) (91) (48) (90) (99) (1) (17) (36) (71) (38) (20) (3) (96) (85) (44) (100) (51) (95) (50) (98) (10) (33) (30) (5) (23) (66) (19) (89) (76) (57) (78) (46) (58) (70) 
42 (79) (97) (35) (100) (59) (31) (64) (61) (27) (94) (7) (23) (77) (56) (39) (38) (2) (86) (73) (99) (80) (66) (49) (68) (72) (67) (41) (82) (54) (89) (42) (22) (85) (75) (53) (19) (26) (21) (47) (32) (50) (78) (15) (17) (13) (81) (5) (92) (93) (87) (95) (70) (20) (30) (74) (14) (88) (29) (4) (6) (8) 
43 (52) (32) (60) (72) (82) (11) (45) (26) (18) (65) (86) (50) (51) (95) (91) (81) (87) (98) (79) (64) (35) (94) (74) (4) (83) (49) (22) (80) (53) (27) (48) (43) (19) (17) (66) (89) (63) (15) (24) (100) (97) (57) (71) (9) (73) (14) (58) (68) (30) (25) (23) (2) (76) (29) (56) (12) (42) (7) 
44 (32) (74) (2) (58) (17) (95) (31) (41) (83) (9) (14) (1) (25) (75) (15) (92) (97) (29) (60) (30) (67) (27) (48) (50) (56) (52) (82) (19) (28) (87) (66) (79) (55) (47) (10) (13) (65) (33) (84) (26) (49) (98) (94) (36) (3) (22) (77) (73) (12) (23) (100) (68) (53) (59) (80) (40) (86) (43) (6) (72) 
45 (61) (72) (29) (80) (94) (96) (17) (100) (98) (34) (76) (30) (67) (77) (90) (8) (82) (24) (62) (57) (89) (83) (84) (92) (1) (28) (42) (31) (23) (95) (49) (33) (20) (7) (99) (75) (81) (68) (88) (12) (69) (16) (36) (13) (79) (6) (87) (52) (18) (5) (54) (97) (41) (55) (46) (14) (50) (71) (86) (60) (9) (15) (25) (19) (51) 
46 (33) (50) (78) (67) (46) (39) (94) (52) (100) (95) (36) (69) (64) (19) (31) (99) (76) (8) (32) (17) (25) (43) (38) (89) (80) (13) (29) (81) (30) (20) (27) (88) (68) (83) (47) (40) (93) (6) (26) (23) (98) (73) (37) (1) (55) (7) (74) (90) (24) (65) (77) (60) (14) (57) (97) 
47 (94) (14) (30) (3) (57) (17) (48) (77) (7) (42) (83) (93) (80) (39) (35) (97) (91) (100) (98) (33) (44) (95) (54) (13) (15) (31) (36) (22) (61) (41) (50) (9) (64) (78) (71) (24) (69) (66) (21) (10) (51) (47) (27) (16) (59) (26) (37) (11) (46) (63) (40) (29) (25) (2) (76) (12) (88) (68) (67) 
48 (40) (37) (4) (44) (63) (86) (96) (93) (52) (74) (92) (47) (57) (78) (25) (89) (31) (65) (84) (54) (38) (1) (20) (51) (95) (64) (80) (88) (33) (73) (17) (12) (18) (76) (50) (66) (8) (3) (82) (23) (28) (27) (72) (99) (48) (61) (79) (69) (16) (49) (87) (43) (26) (34) (35) (30) (42) (91) 
49 (40) (70) (71) (44) (43) (16) (74) (63) (3) (86) (5) (8) (90) (48) (41) (11) (46) (67) (10) (14) (22) (58) (47) (56) (62) (38) (100) (27) (2) (49) (13) (64) (36) (37) (57) (29) (35) (69) (1) (93) (92) (45) (79) (20) (6) (89) (15) (99) (96) (34) (17) (39) (88) 
50 (31) (86) (3) (14) (85) (17) (39) (70) (26) (96) (29) (40) (37) (93) (97) (88) (79) (22) (47) (1) (25) (87) (24) (52) (21) (68) (18) (30) (8) (36) (94) (53) (63) (72) (91) (65) (57) (92) (2) (74) (55) (66) (64) (95) (89) (28) (32) (83) (54) (77) (42) (27) (33) (98) 
51 (57) (42) (40) (29) (16) (24) (52) (51) (79) (98) (85) (7) (17) (23) (80) (62) (4) (64) (49) (8) (34) (91) (75) (47) (59) (100) (33) (68) (45) (87) (15) (30) (76) (97) (22) (73) (48) (83) (21) (58) (3) (31) (86) (53) (43) (65) (20) (41) (32) (70) (27) (9) (84) (12) (44) (1) (94) (96) 
52 (59) (41) (32) (43) (67) (44) (69) (33) (52) (35) (83) (68) (19) (1) (80) (23) (5) (94) (93) (25) (72) (96) (9) (92) (12) (84) (31) (82) (18) (60) (13) (4) (54) (36) (95) (39) (70) (27) (78) (57) (15) (91) (17) (14) (21) (98) (86) (3) (49) (30) (76) (55) (7) (40) (26) (24) (63) 
53 (40) (28) (26) (31) (93) (20) (60) (4) (84) (61) (78) (33) (42) (48) (88) (14) (71) (75) (97) (10) (54) (98) (3) (35) (62) (25) (57) (41) (23) (55) (18) (70) (69) (12) (79) (50) (49) (24) (52) (64) (30) (94) (29) (6) (92) (43) (86) (19) (58) (13) (90) (66) (11) (67) (72) 
54 (63) (26) (19) (34) (93) (73) (94) (90) (70) (77) (7) (25) (24) (23) (33) (21) (47) (74) (95) (84) (36) (86) (67) (68) (46) (66) (14) (2) (17) (39) (80) (59) (69) (38) (60) (51) (54) (49) (40) (96) (91) (18) (53) (42) (6) (79) (56) (27) (44) (76) (31) (16) (89) (65) (28) (99) (50) (5) (85) (78) (87) (3) (72) (30) (88) (41) 
55 (45) (73) (59) (66) (67) (27) (79) (51) (96) (87) (63) (92) (29) (2) (84) (94) (69) (90) (8) (16) (42) (68) (74) (23) (72) (33) (58) (6) (85) (97) (49) (91) (25) (62) (80) (40) (15) (9) (78) (55) (3) (44) (56) (13) (64) (21) (34) (24) (46) (53) (31) (57) (88) (32) 
56 (44) (45) (14) (26) (72) (84) (86) (46) (68) (30) (55) (61) (16) (43) (21) (38) (91) (35) (3) (39) (85) (80) (22) (27) (56) (62) (6) (78) (92) (15) (67) (9) (25) (33) (42) (13) (90) (49) (96) (64) (7) (83) (19) (100) (10) (74) (59) (58) (73) (87) (79) (63) (12) (97) (11) (5) (65) (69) (60) (94) (93) (52) (36) (82) (66) (47) (99) (23) (40 88 75) 
57 (38) (53) (55) (85) (35) (43) (83) (47) (26) (42) (87) (78) (96) (11) (63) (27) (71) (50) (65) (16) (10) (94) (84) (69) (18) (40) (52) (61) (70) (15) (29) (31) (41) (2) (89) (32) (97) (51) (34) (92) (100) (5) (33) (76) (95) (98) (21) (13) (12) (46) (4) (64) (25) (19) (14) (1) (62) (56) (79) (58) 
58 (80) (56) (3) (72) (79) (70) (6) (15) (47) (1) (61) (84) (4) (19) (82) (60) (22) (53) (95) (98) (43) (77) (69) (29) (11) (30) (21) (73) (83) (76) (59) (46) (100) (91) (67) (40) (36) (2) (9) (94) (54) (34) (62) (31) (26) (96) (97) (52) (44) (90) (18) (51) (39) (35) (50) (24) (10) (57) (55) (71) (49) (33) (48) (27) 
59 (90) (76) (72) (82) (14) (59) (35) (53) (52) (19) (80) (24) (74) (98) (7) (36) (54) (79) (9) (70) (85) (45) (13) (48) (95) (28) (88) (17) (63) (97) (84) (49) (30) (99) (38) (2) (16) (86) (50) (94) (18) (8) (87) (6) (47) (26) (78) (4) (23) (92) (43) (40) (37) (55) (66) (12) (68) (20) 
60 (58) (43) (69) (7) (67) (28) (9) (8) (47) (18) (38) (16) (33) (6) (11) (37) (19) (93) (34) (82) (46) (97) (72) (1) (70) (15) (64) (39) (61) (10) (99) (90) (71) (68) (48) (62) (75) (13) (51) (84) (42) (36) (91) (53) (79) (87) (4) (24) (55) (63) (27) (29) (32) (86) (78) (35) (21) (22) 
61 (78) (26) (30) (37) (69) (19) (49) (48) (36) (43) (85) (77) (87) (11) (98) (20) (40) (79) (93) (44) (9) (95) (41) (16) (91) (53) (7) (15) (58) (6) (34) (18) (74) (97) (13) (67) (10) (81) (84) (12) (24) (56) (51) (72) (100) (14) (23) (65) (99) (27) (42) (75) (57) (86) (71) (62) (28) (60) (90) (45) 
62 (97) (63) (92) (51) (99) (15) (13) (34) (42) (100) (62) (44) (21) (40) (17) (85) (45) (56) (8) (5) (28) (66) (33) (14) (11) (77) (82) (36) (27) (3) (35) (67) (16) (2) (80) (90) (94) (46) (49) (6) (75) (24) (68) (78) (23) (93) (30) (48) (18) (65) (84) (74) (39) (89) (4) (61) (32) (73) (83) (70) (53) (55) 
63 (31) (22) (23) (64) (46) (49) (66) (100) (5) (57) (55) (99) (2) (27) (52) (19) (1) (43) (11) (76) (67) (3) (72) (87) (78) (91) (65) (14) (75) (68) (6) (9) (86) (44) (8) (97) (36) (33) (70) (32) (45) (4) (10) (37) (40) (13) (21) (56) (28) (16) (62) (26) (89) (61) (77) (83) (47) (85) (15) (34) (50) (71) (35) (69) (51) (18) (39) (98) 
64 (14) (69) (59) (82) (71) (42) (16) (26) (97) (9) (27) (41) (25) (57) (52) (54) (85) (15) (66) (92) (44) (90) (29) (81) (31) (60) (63) (78) (1) (64) (32) (74) (22) (21) (12) (99) (58) (47) (46) (8) (68) (56) (10) (28) (53) (3) (17) (87) (55) (65) (24) (79) (100) (36) (40) (94) (98) (61) 
65 (36) (37) (63) (32) (80) (58) (31) (38) (70) (3) (12) (69) (50) (26) (27) (30) (95) (22) (47) (60) (72) (98) (99) (41) (11) (16) (94) (33) (66) (9) (20) (17) (62) (23) (19) (76) (24) (1) (89) (79) (85) (77) (53) (35) (39) (83) (43) (51) (8) (93) (25) (10) (29) (18) (64) (97) (6) (57) (68) (84) (46) (87) (74) (52) (71) 
66 (53) (67) (66) (12) (2) (3) (45) (54) (83) (13) (36) (68) (60) (32) (8) (42) (31) (72) (74) (62) (6) (19) (98) (17) (33) (46) (59) (95) (87) (55) (4) (48) (14) (78) (30) (1) (70) (16) (25) (5) (57) (39) (50) (61) (89) (88) (99) (23) (41) (37) (92) (77) (47) (76) (58) (90) (34) (91) (27) (79) (81) (7) (29) (80) (97) (26) (38) (35) 
67 (77) (34) (41) (80) (13) (11) (19) (47) (86) (20) (88) (62) (30) (48) (69) (15) (98) (52) (71) (55) (79) (40) (73) (74) (16) (28) (75) (60) (31) (85) (50) (29) (95) (23) (1) (58) (42) (24) (43) (6) (46) (68) (39) (57) (99) (87) (27) (91) (66) (38) (26) (51) (67) (53) (35) (96) (17) (54) (9) (92) (36) (56) (44) (4) (12) (64) 
68 (97) (63) (93) (68) (57) (94) (78) (39) (3) (24) (16) (82) (64) (29) (31) (54) (30) (41) (49) (53) (8) (35) (61) (48) (92) (77) (51) (26) (87) (37) (76) (34) (99) (47) (45) (83) (96) (91) (60) (84) (43) (59) (12) (88) (69) (1) (10) (19) (2) (42) (5) (70) (38) (25) (71) (13) (73) (50) (95) (40) (36) (6) (86) 
69 (13) (87) (52) (95) (44) (51) (81) (21) (20) (64) (94) (80) (27) (23) (38) (86) (50) (75) (29) (98) (77) (83) (71) (10) (49) (88) (61) (11) (67) (60) (72) (39) (22) (74) (43) (25) (5) (45) (7) (92) (63) (33) (91) (78) (14) (99) (53) (40) (41) (6) (62) (8) (76) (16) (31) (9) (58) (56) (59) (28) (34) (90) (1) (79) 
70 (62) (81) (89) (91) (36) (7) (99) (97) (84) (69) (67) (8) (40) (48) (64) (21) (47) (73) (17) (30) (77) (39) (90) (44) (27) (52) (22) (76) (53) (15) (60) (11) (72) (66) (19) (28) (58) (3) (56) (70) (25) (88) (12) (31) (10) (37) (95) (96) (50) (20) (75) (16) (57) (71) (85) (4) (9) (100) (18) 
71 (25) (66) (59) (31) (100) (63) (24) (43) (51) (61) (22) (23) (57) (16) (55) (18) (71) (2) (40) (82) (33) (29) (20) (46) (88) (50) (21) (89) (91) (73) (62) (41) (99) (27) (87) (54) (95) (83) (39) (92) (19) (76) (78) (15) (60) (64) (28) (45) (49) (13) (98) (90) (36) (93) (58) (74) (38) (42) (3) 
72 (37) (41) (56) (65) (9) (6) (49) (36) (89) (32) (90) (67) (98) (29) (18) (34) (7) (27) (88) (81) (58) (3) (78) (35) (96) (53) (85) (4) (72) (70) (44) (76) (42) (57) (5) (19) (43) (47) (74) (24) (31) (63) (64) (33) (51) (25) (68) (30) (82) (23) (54) (77) (11) (80) (75) (93) (10) (71) (66) (55) 
73 (39) (83) (81) (76) (31) (63) (46) (38) (13) (79) (58) (33) (21) (11) (88) (32) (24) (100) (54) (36) (96) (19) (10) (65) (34) (56) (5) (95) (4) (8) (14) (86) (18) (62) (44) (84) (41) (23) (90) (68) (70) (99) (28) (91) (45) (82) (7) (2) (37) (51) (26) (93) (66) (42) (85) (87) (97) (40) (67) 
74 (52) (27) (41) (42) (13) (19) (39) (97) (91) (70) (59) (58) (84) (5) (67) (73) (96) (66) (12) (93) (6) (51) (80) (43) (54) (87) (1) (99) (18) (94) (72) (78) (48) (88) (36) (75) (16) (25) (9) (40) (47) (46) (20) (37) (10) (82) (34) (21) (2) (35) (69) (32) (86) (98) (3) (56) (38) (44) (4) (61) 
75 (70) (47) (77) (39) (81) (100) (97) (55) (51) (31) (98) (13) (25) (54) (52) (59) (30) (28) (83) (94) (21) (66) (44) (27) (74) (35) (50) (5) (17) (75) (64) (68) (85) (92) (86) (42) (90) (15) (76) (1) (48) (88) (14) (53) (79) (56) (96) (78) (91) (69) (23) (67) (41) (58) (72) (61) (33) (38) 
76 (68) (38) (42) (78) (53) (29) (43) (84) (18) (94) (58) (19) (87) (48) (36) (1) (62) (52) (66) (86) (56) (47) (79) (98) (82) (55) (75) (61) (5) (31) (3) (37) (99) (27) (80) (54) (69) (88) (59) (10) (77) (57) (93) (7) (30) (73) (65) (8) (91) (22) (41) (2) (24) 
77 (53) (33) (28) (75) (26) (76) (1) (64) (8) (93) (44) (95) (70) (86) (25) (43) (79) (19) (68) (6) (41) (11) (38) (99) (90) (14) (56) (30) (65) (77) (55) (46) (59) (72) (91) (82) (51) (23) (22) (54) (84) (50) (21) (9) (36) (7) (100) (97) (37) (20) (13) (67) (17) (31) (74) (60) (52) (87) (96) 
78 (25) (62) (29) (75) (1) (49) (7) (66) (26) (36) (3) (24) (81) (17) (40) (60) (73) (30) (83) (71) (77) (78) (42) (74) (86) (33) (57) (28) (2) (61) (95) (41) (97) (23) (44) (13) (100) (19) (79) (4) (18) (15) (91) (53) (92) (6) (20) (56) (11) (21) (63) (72) (38) (93) (94) (96) (22) (64) (84) (47) (88) (5) (37) 
79 (60) (76) (83) (28) (61) (73) (2) (90) (98) (65) (92) (11) (71) (35) (23) (45) (62) (27) (10) (80) (40) (22) (48) (95) (43) (79) (4) (38) (20) (37) (41) (12) (91) (52) (63) (34) (16) (33) (58) (29) (99) (59) (7) (47) (21) (39) (97) (44) (56) (26) (5) (66) (68) (31) (49) (85) (96) (8) (24) (75) (77) (81) (6) (57) (87) (74) (94) 
80 (87) (21) (51) (59) (28) (23) (27) (86) (18) (64) (100) (72) (84) (82) (98) (16) (20) (2) (44) (5) (3) (74) (81) (83) (89) (25) (46) (92) (69) (96) (11) (37) (47) (49) (32) (54) (95) (85) (33) (43) (79) (94) (35) (24) (26) (52) (6) (93) (14) (8) (55) (40) (36) (68) (1) (73) (61) (99) (45) (39) (90) (34) (48) (9) (50) (17) 
81 (99) (97) (8) (92) (4) (86) (83) (11) (27) (33) (34) (32) (90) (22) (16) (18) (76) (67) (69) (61) (37) (82) (93) (59) (38) (49) (9) (35) (73) (58) (30) (66) (98) (15) (25) (39) (85) (47) (57) (17) (89) (88) (75) (28) (14) (6) (95) (31) (60) (51) (3) (68) (2) (70) (46) (79) (20) (81) (80) 
82 (80) (99) (12) (19) (91) (88) (6) (37) (26) (1) (71) (34) (65) (90) (7) (32) (44) (4) (14) (49) (36) (33) (50) (57) (56) (41) (51) (11) (68) (75) (23) (30) (46) (83) (9) (24) (52) (92) (20) (59) (73) (87) (55) (47) (78) (86) (48) (8) (2) (77) (60) (66) (3) (5) (18) (100) (81) (27) (21) (29) (28) (70) (61) (67) 
83 (67) (29) (95) (26) (88) (85) (15) (33) (14) (2) (8) (69) (84) (6) (44) (34) (3) (27) (40) (10) (98) (97) (1) (56) (36) (31) (79) (87) (17) (48) (57) (58) (12) (53) (11) (21) (19) (41) (89) (62) (18) (73) (51) (9) (83) (55) (78) (52) (46) (86) (81) (7) (77) (50) (80) (30) (54) (38) (96) (70) 
84 (80) (60) (5) (37) (95) (63) (8) (72) (34) (54) (26) (91) (55) (77) (2) (81) (1) (19) (53) (10) (79) (29) (92) (61) (7) (59) (87) (20) (42) (4) (3) (99) (13) (90) (15) (62) (74) (86) (47) (23) (46) (36) (82) (97) (14) (73) (18) (22) (89) (57) (17) (9) (39) (71) (12) (66) (94) (51) (50) (33) (44) (76) (83) 
85 (63) (99) (96) (7) (9) (24) (23) (72) (55) (87) (10) (90) (46) (79) (94) (100) (83) (47) (97) (21) (84) (68) (88) (92) (41) (5) (26) (37) (93) (58) (30) (27) (33) (3) (14) (2) (11) (77) (19) (65) (70) (89) (42) (15) (29) (61) (78) (51) (86) (95) (4) (59) (64) (34) (40) (56) (60) (38) (13) (31) (35) 
86 (81) (73) (22) (28) (53) (11) (23) (94) (38) (56) (39) (34) (8) (48) (24) (5) (89) (79) (10) (18) (43) (65) (78) (36) (98) (27) (61) (52) (17) (1) (44) (33) (35) (77) (100) (70) (30) (83) (76) (57) (40) (21) (41) (93) (31) (19) (54) (87) (99) (15) (50) (16) (60) (75) (91) (90) (47) (88) (71) (74) (67) (3) (12) (20) 
87 (56) (89) (75) (58) (57) (14) (12) (11) (49) (2) (6) (20) (47) (67) (7) (53) (82) (54) (40) (9) (34) (50) (65) (17) (48) (3) (71) (52) (60) (92) (59) (81) (88) (30) (93) (95) (90) (69) (64) (91) (87) (43) (44) (73) (36) (31) (21) (8) (10) (41) (97) (37) (74) (13) (46) (25) (18) (72) (68) (33) 
88 (18) (44) (23) (75) (67) (41) (96) (60) (94) (37) (97) (53) (58) (49) (93) (99) (6) (89) (70) (1) (25) (36) (8) (33) (28) (61) (86) (48) (47) (88) (77) (85) (34) (52) (2) (45) (10) (63) (17) (43) (9) (26) (92) (56) (71) (5) (11) (13) (80) 
89 (43) (39) (38) (40) (11) (61) (70) (34) (26) (77) (73) (97) (83) (32) (56) (71) (93) (31) (36) (9) (92) (24) (25) (81) (33) (52) (8) (27) (7) (76) (85) (42) (5) (20) (87) (23) (13) (48) (62) (14) (51) (64) (74) (54) (47) (49) (58) (15) (50) (90) (78) (10) (100) (4) (89) (55) (29) 
90 (52) (74) (98) (36) (13) (80) (22) (76) (97) (93) (24) (27) (5) (92) (1) (66) (91) (75) (12) (34) (3) (42) (68) (77) (53) (41) (38) (87) (57) (84) (33) (47) (58) (82) (25) (67) (81) (96) (71) (100) (18) (99) (20) (55) (78) (72) (29) (56) (45) (86) (26) (39) (70) (43) (4) (83) (90) (95) (88) 
91 (32) (51) (76) (34) (29) (31) (68) (93) (26) (12) (16) (37) (52) (98) (95) (27) (4) (24) (2) (58) (19) (44) (15) (97) (100) (84) (28) (54) (41) (35) (83) (11) (86) (55) (43) (8) (23) (91) (73) (75) (79) (57) (81) (30) (66) (69) (90) (17) (64) (45) (47) (46) (13) (65) (1) (96) (92) (42) (82) 
92 (37) (49) (22) (23) (91) (60) (84) (90) (11) (33) (12) (57) (9) (99) (46) (19) (50) (40) (78) (62) (61) (98) (93) (43) (87) (27) (97) (80) (82) (96) (41) (18) (89) (67) (42) (8) (20) (64) (54) (48) (52) (72) (59) (4) (69) (28) (94) (81) (36) (79) (35) (53) (51) (66) (86) (29) (14) (63) (65) (44) (6) (30) (95) (76) (83) (58) 
93 (97) (90) (30) (79) (6) (85) (93) (59) (24) (57) (87) (43) (28) (37) (45) (5) (91) (31) (20) (13) (40) (86) (55) (53) (4) (44) (89) (19) (18) (92) (42) (50) (81) (32) (77) (61) (88) (27) (58) (2) (23) (7) (1) (49) (34) (75) (25) (71) (29) (80) (52) (39) (65) (83) (68) (11) 
94 (13) (30) (55) (66) (68) (3) (75) (60) (19) (84) (72) (8) (87) (43) (54) (62) (94) (7) (51) (80) (45) (91) (63) (71) (92) (39) (23) (58) (76) (85) (64) (27) (70) (2) (59) (29) (88) (78) (10) (21) (25) (52) (82) (6) (14) (26) (11) (46) (24) (18) (28) (74) (33) (79) (53) (41) (81) 
95 (96) (10) (61) (49) (78) (82) (80) (68) (56) (16) (63) (26) (14) (67) (30) (65) (85) (90) (42) (8) (50) (12) (77) (92) (2) (18) (72) (19) (17) (48) (64) (54) (73) (84) (38) (39) (35) (52) (87) (4) (43) (83) (51) (32) (89) (36) (6) (40) (5) (81) (46) (79) (98) (74) (25) (75) (53) (7) (66) (69) (94) (23) 
96 (44) (86) (49) (27) (20) (99) (2) (92) (15) (76) (8) (62) (38) (91) (17) (59) (61) (89) (56) (48) (35) (55) (85) (37) (21) (60) (54) (18) (3) (100) (25) (94) (10) (9) (95) (66) (83) (67) (52) (31) (4) (64) (19) (23) (82) (36) (71) (7) (63) (16) (42) (97) (57) (11) (40) (47) (46) (43) 
97 (75) (46) (57) (85) (26) (49) (94) (4) (42) (38) (53) (89) (29) (8) (12) (93) (14) (28) (82) (91) (81) (64) (35) (50) (77) (25) (60) (99) (5) (95) (90) (19) (40) (1) (65) (6) (51) (7) (13) (11) (44) (45) (58) (3) (84) (27) (59) (15) (17) (52) (78) (23) (39) (76) (10) (66) (36) (80) (16) (79) (83) (74) (37) (87) 
98 (82) (1) (16) (27) (94) (17) (31) (54) (10) (39) (63) (84) (23) (42) (7) (2) (85) (77) (45) (18) (32) (49) (97) (40) (22) (51) (21) (12) (24) (26) (43) (30) (3) (35) (78) (4) (90) (79) (55) (95) (6) (96) (25) (91) (13) (19) (34) (86) (61) (29) (93) (11) (44) (20) (68) (52) (28) (36) 
99 (28) (68) (77) (19) (90) (13) (45) (9) (80) (31) (20) (3) (24) (26) (75) (71) (87) (36) (37) (53) (38) (95) (83) (40) (2) (82) (52) (11) (61) (94) (5) (62) (92) (4) (1) (16) (35) (67) (34) (39) (51) (30) (100) (7) (14) (63) (32) (49) (70) (22) (93) (84) (25) 
100 (46) (70) (52) (69) (25) (99) (6) (10) (95) (49) (78) (33) (88) (1) (35) (28) (4) (73) (55) (32) (36) (75) (91) (50) (13) (51) (3) (41) (26) (17) (97) (71) (15) (5) (65) (98) (47) (79) (44) (20) (84) (38) (93) (12) (2) (14) (80) (85) (48) (58) (76) (68) (11) (77) (92) (39) 
