0
100
100
1 (6 11) (61) (60) (65 46 3 33 69) (9 18) (41) (23) (63 93) (81 77 74) (48) (4 35 66 92) (49) (90 62) (44 72 73) (56) (13 5 51) (34) (52 43 96) (28) (79) (87) (89) (27 100 31) (30 45) (55) (42) (70) (64) (37) (95 54) (20 83) (99 1) (88) (50) (38) (53) (22) (10) (85) (29) (86) (91) (84) (98 26 82) (32 7) (57) (40) (36) 
2 (83 97) (15 24) (23) (46) (34 4 81 93 77) (40 50) (22 35 14) (43 94) (76) (49) (21) (48) (28 17 20 85) (41 58 92) (73 13) (3) (45) (65 5 52) (74) (38 78) (16 7) (68 39) (57) (80 99) (27) (2) (25) (42 89) (29 10 6) (66) (96) (63 90) (47 54 53) (37 12) (51 56) (32 79) (33) (95) (84) (62) (100 70) (67 72) (11) (88 18 61 26) 
3 (7) (31) (4) (78) (5 90) (36) (60) (53) (21) (18 86 61) (47) (88) (76) (10 26 89) (56 71 52 12) (27 6 2) (74) (17) (8 44) (77) (59) (32) (9 25 98 67) (46) (83 33) (14 66) (23) (22) (30 41 24) (69) (54) (13) (42) (72) (37) (84 20) (87) (73) (16) (97) (38 34 39 62) (19 100 11) (70 40) (63) (29) (82 49 3) (94 48 81) (93) (28 51) (45 99) (1 58 50) (35) 
4 (42 49) (59) (46 6) (64 68) (91 37) (41) (22) (66) (39) (10 11) (2) (62) (79) (80 67 57) (26) (7 18) (51 44 63) (24) (20) (65) (73) (97 47) (16 92 1 60) (71) (83 8 25 55 85 38) (35) (45) (54) (32 93 50) (82 61 56) (29) (86 74) (14 100) (69) (43) (90 95) (34) (70 84) (23) (30) (87) (27) (72) (77) (40) (81) (4 28 94) (15 48) (31) (52) (98 88) (17) (33 19) (12) 
5 (65) (52) (61) (17) (51 23) (50 69) (43) (79) (46) (15 49 41) (25 16) (95) (91) (34 2) (60) (73) (28 32 80) (74) (36 44) (54) (64) (10) (59) (86) (68) (85 87) (26 45 78 90 84 77) (21) (70) (5) (33 67) (66) (81) (93 48 71) (13) (14) (4) (8) (12) (31 27) (99) (19) (18 38 55) (37 75) (53 72) (24) (1) (97 63 47) (96 11) 
6 (94) (26 87) (48) (3 21) (44 45 71) (92 52) (53) (38) (14 8) (31 72) (99) (74) (56 25) (84) (68 5 29) (85) (82 97 66 73 23 32) (36) (47) (43) (37 59 30 79 81 75 34 67) (70 49) (54 96) (76) (9) (58) (22) (78 27 40) (64) (42) (2) (80) (55) (24 17 1) (77) (63) (4 46 100) (57) (65 13 89 60 7) (69) (62 61) (88) (50) (93) (35) (33) (28 15) (90 95) (20) 
7 (56) (62) (44 4 26) (65 25 14 11) (86 9) (88 5) (45) (35) (13) (60) (94) (54 97 16) (43) (32 55 47 75) (22) (19) (6) (1) (84) (41) (71) (64 78 63 37) (46) (3) (79 36) (69) (27 39 73 28) (82) (98) (74) (53) (21 50 52 18) (2) (89) (66) (17) (81 15) (49 61) (33) (20 38) (51) (87) (77) (8) (7) (72) (96 29) (99 40) (10) (59) (34) (48) (58) 
8 (63) (94) (100 74) (85) (41 11 86) (57) (12) (18) (88 10) (64) (30) (83 40) (78) (3 1) (46) (24 96) (48 22 52 72) (42) (28) (44) (21) (75 69 81) (38) (25) (51 43 50) (66) (62) (95) (58 97) (15) (71) (27) (91) (8) (73 93) (4) (59 45 35) (6) (87) (49) (39) (76 13 55 31 90) (84) (32) (98 47) (89) (33 80) (67) (99) (36 37) (17 19) (7) 
9 (19 15) (100) (11 61) (49) (3) (59 82 94) (40) (69) (52) (62) (68 90) (20 91) (55) (54 87) (24 9) (28 42) (72 64) (73) (41 22) (51) (84 56) (92 58) (96) (14) (12 85) (8 32) (74 99) (13 16) (76) (34) (5 65) (18) (33) (44 1) (17) (80) (60 97) (39 4) (23 7) (38) (36) (78 50 37 25) (83 46) (43 57 88) (10) (26) (31 79) (53 2 95) (71) (70) (75) 
10 (87) (28 36 47) (54 50 51) (15) (96) (11) (59) (49) (52) (38 31 14) (44) (16 22) (35 21 45) (12) (56) (93 17) (70) (95) (99) (62) (42) (84 76) (23 72 24) (10) (67 65 7) (43 92 71 98) (77 40 18) (33) (58 63) (27) (48 61) (6 3 85) (26) (64 1) (4) (46) (97) (5) (30) (83 55) (81) (79 73 9 91 13 34) (89) (32) (69) (25) 
11 (74 10) (67 19) (44 47 51 48) (32) (70) (42) (63) (60 13) (40) (50) (7 92) (9 97) (98) (71 35) (36) (93) (82 57 58) (64 53) (29 96 31) (62) (86 72 55) (15 49) (22 37 14) (38) (3) (56 46) (12) (73) (91) (33) (99 77) (69 23) (21 80) (28 1) (41) (26) (16) (18 27) (54) (11) (30 5) (20) (79) (66) (81) (43 84) (90 6) (100 25) (83 2) (45) (85) (94) (78 8) (17) 
12 (43) (11) (53) (30) (35) (14) (36) (28) (95) (61) (22) (10) (69) (5) (6) (46) (84) (90) (57 2 9) (93) (83) (82) (97 91) (80 68) (73 72) (47 8) (52 65 13) (64) (50) (26) (55) (3) (49) (24 17 29) (38 21) (19) (98) (1) (60 15 27) (16) (20) (86) (85 45) (41) (42) (58) (99 78) (56) (89 92 81) (48) (34 32) (87) (44 66 63 25) 
13 (10 74 35) (68) (32) (78 49) (6) (93) (28) (89) (13) (73 59) (22) (96) (70) (64) (95) (67) (44) (72 92 66) (41 69 90) (97) (51 99) (29) (62 39) (2) (85) (79 63) (18) (94 26) (77 83) (16) (45 31 17) (34) (4) (52 55) (27) (54 21) (53) (9) (82 3 76) (60 46) (12 56) (36 98) (75) (58 40) (5 15) (50) (80) (86 30) (65) (81) (87 1 43) (7) (11 33 14) 
14 (62 52 34) (41) (11) (78) (39) (58 27 26 96) (9 1) (51) (18) (36) (97 47) (43) (15) (24) (59) (86 46 53 33 65 54) (5) (68 83) (20 13 14 85) (100) (17) (92 71) (94 2) (3) (50) (32 64 8) (93) (99) (28) (72 63 95 81 30) (45 89 49) (40) (61 80 60) (29) (67) (6) (77 84 57) (19) (35) (75) (7) (82) (87) (91) (69) (88 21) (55) 
15 (44) (74 41) (76 19 36 97) (46 95 17) (62 45 96) (53) (39) (77) (9) (49) (55 13 4 14) (24) (59 38 10) (31 28 33 57 43 22 65) (32 30) (89) (35) (2) (16) (99 25 70) (52 61) (50) (81) (85 72) (12 83) (58) (73 91) (37) (3 68) (93 64 40 90) (8) (63 75 86 1 23) (51 100) (92 48) (56 98) (88) (94) (21 87) (18) 
16 (56 30) (21 7 63) (69) (71) (51) (9 82) (89 23 6) (59) (54 53 75) (37) (16) (60) (85 19 80) (65) (74) (12 38) (70) (78 43) (96) (90) (62 87 41) (25) (61) (22 18 26) (11) (48) (50) (92) (31) (35 8 55 33 91) (79 88) (45 72) (46) (93 10) (83) (73) (81) (52) (66) (99 67 100) (58) (49 20) (17) (34) (40) (97) (1) (5) (64) (57 94) (13 24) (98) (32) (68 86) (76) (44) (42) 
17 (20) (5) (6) (67) (12 34) (44) (98 43) (38) (18) (36 29 57) (14 68) (73 69) (45 50 40 25 64) (71 53 55 46) (52) (85) (65) (19) (70 82) (80) (41) (8) (15) (62) (75) (61) (31) (94) (97) (74) (1) (60) (59) (9) (58) (27) (33) (90) (48) (37) (23 11) (76) (51 63) (95 81) (78) (87) (92 16) (2 47 83 72 79 89) (100) (54) (77) (39) (35) (24) (93) (66 17) 
18 (7 10) (28) (26 96) (53) (82 48) (72) (9) (68) (88) (87 38 47) (80 33) (74) (49 14) (3 4 67) (60) (39) (89 56 15) (71) (94) (100) (5 91 85 78) (29) (63) (8) (34 22 51) (40 36) (70) (59) (75 62) (58) (95 76 41) (46 84) (99 92 73 2) (44) (37) (13 35 11) (45) (17) (24) (30) (32) (57 31) (6 65) (21) (61) (81) (98) (52 1 69) (77 43) (66) (97) (90) (64) (86) (55) (20 93 25) 
19 (80 45) (61) (14) (86) (44) (26) (97) (13) (2 58 69) (94 91) (63) (60 99) (43) (88) (89) (79 95) (10) (67) (28) (34 17) (40 11) (1) (20 35 24) (32 12 83 5 3) (19) (56) (51 81) (57 93) (8) (36 72) (71 73) (22) (30 9) (46) (37) (25) (66 59 7) (62) (33) (47) (18) (68) (4) (38) (16 53 98 76) (41) (50 48 64) (75) (39) (96) (90) 
20 (82 6 91 97) (67) (2 59 5 30 13 26) (36) (86) (33) (49 22) (70) (51) (69) (40) (37 42 23) (8 46 88 96) (52 65 76 90) (75 54) (15) (98) (64) (74 28) (81) (24) (31 53 19) (80) (3 4) (1) (17) (78 77) (72 20) (43) (39) (66) (7) (60 63) (95) (57) (73) (93) (10 56) (25 41 99) (47 21) (48) (11) 
21 (17 80) (23 36) (99) (46) (14) (68 30) (79) (43) (55) (90 9 85 83 34) (48) (21) (60 16) (100) (70 33) (19 62 18 51) (10) (69 32 86 28 89 12) (76 41) (7) (39 20) (40 94) (42) (15) (84) (92) (72 67) (24) (11) (6) (27 22 78) (98 57) (66 97 26) (61 82 74) (63) (81 77) (87) (58) (35) (53 64) (71) (25 75) (45) (73) (37 1) (44) (29) (49 47 91 95) (2) (4) 
22 (99) (64) (81 9 58) (17) (11) (95) (13) (47) (90 18 85) (82 3) (8 50) (68 69 42) (10 15) (34) (40) (96) (48) (60) (67) (35) (59 79) (88 45) (21) (52) (25 86) (20 61 75) (4 16) (78) (26) (73) (49) (5) (51) (7) (19) (36) (70) (28) (39) (94 71) (55 46) (83) (53) (92) (93) (62 37 80) (22) (23) (76 6) (97) (29) 
23 (20) (54) (4 9) (84) (90) (31) (39 28 72) (5) (99 42) (95 14 43) (2) (96) (34) (52) (53 82 13) (7) (97 62) (51) (98 10 79 35) (58 16) (22 88) (74 80 17) (87 85) (40) (59) (65) (47 46 81) (56) (3) (94 37 6) (55) (19) (86) (64) (63) (11) (61) (67 69) (75) (24) (27 33) (66 68) (76 25 45 57) (18) (70) (73) (89 93) (38 8) (32 30) (23 78 41) (49 36) (71) (1) (77) (15) 
24 (87 83) (49) (89 99 38 73) (97) (39) (28) (94) (30 93 9) (19) (36) (56) (80) (41) (37 2 81) (79) (53) (34) (21) (96 91 46) (42) (70 100 48 59) (25) (86 61) (76 18 64) (85) (65) (55) (26) (8) (44 27) (17) (66) (11 74 77 1) (23) (7 95) (84) (68) (98) (15) (6) (51) (69) (35 22) (78 13 50 16 75) (5) (88) (4) (10 90 52 71) (24) (3) (57) 
25 (53) (4) (84) (2) (38 59 31 81 57 61) (1 86) (44 94) (66) (25) (100 51 60 39) (7 26) (3 21) (29) (95) (98 88) (77 62) (8) (6 76) (58) (93) (33) (70 78) (27 45 35) (67) (13) (72) (74) (73) (23) (56) (36) (91 65) (46 82) (20) (11 83 85) (16) (75 63 22) (92) (80 28) (50) (43) (47) (49 17 37) (19 64) (69) (90) (5) (34 71 54 9) 
26 (85) (65 95) (47) (96) (52 55) (97) (46) (87) (37 57 84) (94) (29 27 4 7 18) (33 26) (48 31) (10) (68 90) (99) (38) (20) (74 21 17 45 44) (81 64) (25) (98) (71) (88) (86 79) (3 77 23) (100) (15 66) (89 75 60) (14 9) (92 28) (22) (53) (19) (41 78) (51 42) (8 35) (16) (39 2 49) (58 76 67 54) (93) (13) (73 59) (56 1) (91) (24) (5) (61 40 63) (12 11) 
27 (99 50) (7 52 75 2 48) (46) (83) (72 57) (8 27 100 69) (49 33) (55) (28) (43) (47) (42 13) (23 84) (21) (30 80 68) (70) (14) (32) (20) (93 17 54) (26) (91) (38 29) (9) (87) (12 37) (96) (88) (78 41 6) (60) (4 94) (98 61 22) (31) (67) (85 39 97 36 74) (86) (76) (95 45) (34) (63) (44) (90 18) (77) (66) (64) (73) (89) 
28 (28) (100) (56 10 7 35 98) (40) (89) (59 11) (90) (31) (2) (30) (32 55) (14) (65 77 80 27 85 51 36) (70) (75) (41 33 1 8) (66) (24 50) (12) (15) (23 4) (37 52 94 60) (87) (61) (16) (81) (67) (46) (43 99 17) (53 6) (83 26 38 64) (69) (88) (97) (74) (96) (78) (95) (86) (3) (91) (72) (57) (79) (45) (20) (76 71 9) (49) 
29 (71 96) (36 85) (46 53) (78) (41 48) (97) (24 55 90) (16) (21 51 83 74 92) (20 88) (30) (81 7 86) (63) (58 54) (29 27 67 87 57 68 82) (62 34 65 52 8) (26 4) (5) (49 2) (1) (33) (13 9) (6) (99 59) (89) (14) (72) (22) (70) (64 10) (66) (18 84) (25) (95 28) (38 32 47 12) (37) (50) (73 93) (45 44) (35) (61 80 75 43 19) (77) (98 42) (60) 
30 (36 76 17) (82) (52) (8 20) (14 48 33) (81) (23) (70 19 2) (93) (1 37 58 10 98 83) (32 84 67) (25) (12) (78) (41) (69) (18) (88 49) (55) (66 22 56) (71) (94) (51) (28 68) (99 72) (53 79) (4) (11) (63) (6) (46) (50) (80 62 21) (54) (26) (91) (43) (3) (74 5 92 97) (73) (34 24) (100) (60 65) (27 96) (13) (77) (87 16 86) (95) (85) (89) (29 30) (59 45 90) 
31 (9 70 10 46 12) (16) (91) (87 92) (5) (94 19 56) (81 33 69 79 2) (88) (60) (17 86) (26) (48 18 84) (7) (97 13) (20 95 73 47 78 6) (82) (8) (76) (98) (80) (68 42 89) (54) (71) (24) (37 3 38) (58 72) (45) (28) (64) (51 22) (57) (41) (55 32 31 100) (1) (67) (25) (74 43 15 27 85 93) (75) (63) (66) (36) (4) (90) (23) (59) (49) 
32 (86) (37 35) (20 54) (97) (47) (77) (53) (63) (88 99) (64) (11 61) (84 9 10) (89) (100 52) (36) (85 62 5) (3 78) (29 79 82 23 73 90) (75) (67 51) (92 42 15) (24 32 31) (33) (18 14) (69 8 48) (96) (13 12) (76) (43 44 26) (95) (66) (55 6) (71 34) (7 41 46) (50) (22 25 57) (45 80 56) (1) (91 30 81) (4) (72) (83 60) (19 40) (70 16) 
33 (14 69) (88) (75) (49 53) (62) (20 17) (79) (44) (33) (5 76 89 27) (8 82 18) (66 91) (43) (63) (98) (100 52) (40) (46 12 64) (48) (78) (24) (7) (26) (37 15 87) (6 73) (57) (16) (92 23) (30 42) (55) (68) (95) (72) (70 99) (28 31) (97 93 50 59) (51) (9 90) (83 94) (4 61 3 36) (32) (10) (84) (22) (54) (77) (71 21) (47 65) (86 34) (41) 
34 (30) (42 100 74 32) (58 84) (27) (2) (90) (12) (86 96) (24) (60 41) (36 33) (78) (39) (98) (94 92 51) (38) (46) (56 50) (79 77 81) (71 4) (61 22) (1 59) (7 80) (65 43) (19 53) (13) (72) (64) (57 3) (40 85 31) (87) (89 15) (14) (70) (67) (47 17) (93) (99) (5) (69 28) (95 18 49) (44) (25) (55) (73 76) (88 83 97) (26) (75) (6) 
35 (32) (34 99) (17) (40) (24) (57) (67) (54) (75) (30 95) (74) (100 53) (42 68 71) (43) (39) (93 60 76) (23 69) (16) (80 4 61) (77) (91 92) (83) (6) (5) (28) (10) (62) (87) (59 79 18) (11 47) (89) (19 36) (97) (51) (26) (50) (66 85 56) (33) (27 38) (88 7) (2 58 48 94) (1) (55) (65 63 9) (22) (90 84) (46) (78) (52 13 72 20) 
36 (48) (43) (81) (33 29) (67) (100) (65 96 79) (60) (85 53) (17) (62) (25 31) (26) (63 80) (50 3) (6 11) (38 76 44) (71) (98) (28) (64) (21) (4) (93) (75 20 69) (8) (68 90 19) (5) (46) (84) (15 30) (34) (66 12) (9) (42) (55 18 2) (47) (87 86) (58) (70) (97 91 40) (74) (72) (88) (32) (35) (78 56) (59) (13) (22 95 1) (7 49) (92) (54) (73) 
37 (11) (85) (76 86 45 24 93 4 97) (38) (29) (19 79 50 25) (52) (32) (8 92) (70) (10 1) (57 33 20 47) (75 83) (64) (78 2 59 53) (23) (84) (54) (80) (49 40) (98 99 72) (21 18) (13) (31 73) (48) (74 96) (16) (77 82) (63 14) (3) (22 71 90 94 28) (39 61 15) (26 5) (36 51 44 34 62 95) (42 17) 
38 (58 65) (54) (40 30) (90) (66) (25 24 48) (80) (93) (28 51) (88) (5) (22) (2 63 73) (96) (11) (91 31) (33) (79) (45) (7 76) (14) (20) (97) (4) (83 39 89) (99) (100) (64 92 29 17) (52 55 34) (75 57) (26) (69) (42 60 87 43) (8 78 74 56) (1) (23) (6) (94) (72 71) (61) (46) (77 86 67) (32 70) (81) (41) (49 35) 
39 (98) (40) (12 1) (2 99 42 24) (81) (13 69) (20) (72) (91) (83 57 39) (19) (93 71 47) (85 90 17 41) (87 18 75) (45) (65) (31) (74 70 25) (62) (89) (64) (7 51 43) (97) (11 59) (52) (84) (55) (5) (21 77 38 61) (88) (10) (37) (14 54 8 100) (96) (78) (63) (56 3) (36 67) (35) (22) (26) (34) (50) (23) (49) (76) (92) (4 86 44) (95) (53 15) (80) (82 16) 
40 (34) (59) (85) (23) (86) (74 16) (77) (5) (61 37) (56) (100 72) (98 75 1 81 7) (12 68) (48) (28) (31) (26) (65 10) (69 8) (52 50) (32) (96 40) (54) (30 51) (41) (57) (38) (39) (21) (53) (13 4) (42) (11) (43 33) (24) (20) (14) (79 70) (3) (88) (71) (73 82) (78 55) (87) (97) (17) (35 80) (58) (46) (92) (18) (60 94) (19 15 83) (27 66) (84) (91) 
41 (76 91 77) (6 5) (85) (86) (47 63 3 48 38) (92) (9) (23) (60) (71) (24) (98 43) (42) (79) (57) (70) (13 90 100) (33) (97 93) (56 25 72 59) (68) (67) (83 54) (19) (80) (69) (37) (50 64) (65 2) (29) (34) (44) (99) (31) (58 94 26) (14) (32) (11 40 51) (78) (27) (1) (15) (17) (88 8) (7) (95) (52 20) (53 89) (22) (62) (45) (96) (18) (39) (28) 
42 (12 43 48) (57 19 1 70) (24) (11) (16 26 45) (69) (63 29 74) (82 41) (83) (20 46 93) (88 8) (66) (85 44) (90 53 34) (10 55 79 18 65) (31 13) (17) (21 38 96 36) (98) (56 22 49 33 14 37) (7) (89 62 76) (28) (84) (68 72 51) (2 81) (78) (25) (71 94) (77) (42 67 5) (95 92 50) (60 3) (47) (80 73 64) 
43 (50 69 1 68 54) (48) (19) (92) (75 89 14) (28) (86 47) (32) (93) (39 56 91) (65 59) (18 76) (81 52 31 38) (46 84) (3 49 8) (44 27 95 80) (6) (42) (73) (23 4) (70) (77) (13 30) (55) (10 61) (35) (29) (100) (78) (26) (98) (85) (74) (37) (62 11) (96 41) (15) (90) (88 25) (66) (72) (67 45) (83) (16) (5 34 22) (99) (17) (60) (71 9 40) (36) (20) (63) (57) (53 21) 
44 (5) (89 37) (85) (25 42 33) (6) (28 10) (34) (54) (29 60) (22 46) (3 64) (2) (57 48) (58 80 19) (73) (30) (69) (77) (16) (67) (78) (45) (88) (4 90) (94) (50) (8) (70) (47) (71) (76 66) (95) (38 43) (23) (62 12) (51) (99 26 44 32) (17 9) (72 53) (93 92 91) (55) (52) (74 11 61 24 81 59 75 41) (98 79) (82 68 87 35) 
45 (42 61 64 5) (30) (43 22 29 93) (13) (6 97) (36) (14) (32) (89) (51 52 17) (75) (85 45) (1 10) (87) (20) (31 21 12 3 58 55) (84) (98 90 72) (53) (95) (37) (88 91) (96 77) (50) (81) (27 56) (24 69) (23) (9) (82) (76) (83) (34 62) (100 68) (33) (67 60 7) (99) (80 40) (79) (28 18) (11) (71) (25) (35 94 2) (54) (78 59 47) (44 92 46) (16) (41) (19) (39) (86 57) 
46 (41 53) (24) (16) (92 68) (86) (43) (36 5 26 27) (83 77) (50) (85) (66 11) (60) (98) (3) (63 79 45) (22 62 72 40) (46) (58) (89) (71) (97) (81 1 82) (39) (20) (74) (7 21 44 14 28) (54) (29) (6) (30) (12) (51) (2 57 78) (52) (76 49) (8) (65 47 93 67 75) (88) (84) (38) (73 42 61) (31 9) (18 96 15 64 55) (34) (87) 
47 (48) (87 56) (65 46) (17) (63) (18 89) (19 61) (72) (80) (94 30) (21) (47) (88) (24) (44) (98 76 92 29) (11) (99) (57) (28 79) (43) (16 54 23) (53) (26) (67) (85 14) (7 49 9) (82 66) (95) (10) (34) (73 40) (64 78 13) (42) (15) (75 2) (38 59 27) (6) (81) (51) (32 4) (52 3 12) (25) (91 70) (1 8 36 5) (22) (45) (69 58) (41 97) (90) (31) 
48 (39 86) (69 79) (47) (30 6 74) (85) (90 10 65) (49) (5) (97 12) (51) (41) (26 53 19 23) (13) (31) (62 38) (32 60) (70) (68) (71) (35) (98 43) (14) (20) (7) (64) (57 95 29) (84) (89 44) (50) (17 42 54) (56) (94) (93) (67) (75) (22 16) (48) (55) (1) (63 36) (92) (3 58) (88 28 2) (25) (81 82) (80 87) (11) (34) (15 76) (59) (24 66 83) 
49 (77) (52 20 1 81) (12) (28) (80 88 57 61) (69) (84) (5 65 83) (31 32) (92) (87 29 99 96 86 27) (8 36) (11) (41 30 95 47) (25) (24) (73) (7) (18) (76) (9) (37) (21 19) (13) (100 17 55) (90 14) (70) (22 46) (51 6) (67) (91 34) (63) (48) (15 58) (89 40) (54 50 85) (72) (66) (93 98) (39) (23) (59) (42 38) (94) (64 71) (16) 
50 (84 34) (12) (30) (57) (73) (26) (9) (95 6) (32 14) (2) (43 21) (75) (28) (91) (50) (38) (97 98 44 23 22 51) (89 88) (36 72 27 48) (62) (82) (52 60 65) (46) (92) (54) (49) (16) (31) (3 61 42) (78) (33) (39) (10) (45) (11 18) (71) (90) (99) (70 83) (56) (59) (40) (85) (13) (66) (53 63) (15) (77 93) (5) (19) (41 58) (64) (47) (35 96) (100) (76) 
51 (42) (57 100) (20) (47) (8 98 95 80 83 21) (54) (16) (43 5) (50) (18 74 27) (32) (4) (51) (65) (53 78) (94 15) (75) (72 88 19 38 60) (56) (11) (13 26) (82) (85) (66 49) (69 3) (86 37) (91 73 31 90) (62 23) (25 6) (55) (39) (99) (41) (84 22) (81) (87) (28 97 36 34) (30 12) (67) (92) (68) (71 45) (24 64) (61) (70) (7) 
52 (61) (80) (89) (46) (35) (4) (23) (25) (38) (60) (94) (62 54) (40) (22) (84) (39 68) (64 19) (53 74) (14 73 98) (3) (37 78) (42 9 29) (87 100 57 31 90) (66) (1 47) (86) (49) (17 13 33 7) (65 69 59 18) (16 52 95 20) (32 88) (36 2) (93 10) (27 82) (67 72) (26) (83) (76) (71) (58) (34) (96) (63 12) (70) (6) (44) (91 51) (43) (81) 
53 (41) (79) (58) (61) (98) (87) (18) (95) (85) (31) (26) (43) (9 80) (72) (90 76) (1) (50) (64 73) (16) (53) (99 84) (91 36) (57) (47 86) (60 82) (59 75) (17 51) (68 27) (8) (24) (7) (70 97 6 96) (39) (71) (20) (3) (30) (78) (12) (33) (35 45 67 56 89) (48) (23) (93) (74) (66) (49) (69) (46) (29) (25 14) (13) (52) (28 92) (88) (10) (2) (55 54) (40) 
54 (33 1) (82 47) (98 14 88 75) (51) (26) (93 96 55) (94 31) (11) (70) (27 58 15 78 48 9) (99) (84) (35 89 79 38 66) (40) (50) (12 92) (86 30 74 6 95) (65 71) (34 60 19 91 25) (85) (49) (2) (44) (62 87) (100) (83) (7) (28) (45) (54) (64) (43 3 97 90) (73) (5) (16) (81) (22) (46) (36 52) (68) (21 67 57 61 10 77) (41 37) (56 18 32 20) (29) 
55 (19) (43 36) (86 63 59 75 95 17) (34 54 56) (50 6 47) (64) (26) (66) (18) (29) (84) (45) (27) (74 62 24) (22) (80) (11) (13) (8) (92) (58 38) (65 71) (35 57) (72 73) (61 10) (49) (40 21) (81) (41) (68 7) (55) (97 69) (33) (1) (93 77 53) (42 96 14 94) (5) (25) (15 4 37 3 52 48) (20 89 31) (51) (32) (39) (46 28 30) (90 79 82) (16 91) (60) (100) 
56 (65) (36) (78) (54) (67) (6 57 50) (98) (95 31) (62 49 47) (46 43) (69) (27) (55) (44 56) (52) (45) (94) (86) (10 68) (53 89 28 48) (39 22) (35) (63 29) (82 38) (11 70) (33) (12) (76) (83) (42 97) (8) (23) (15 34) (73) (26 4 3 81 37) (9 93) (88) (92) (2 74) (71) (20) (75) (100) (99 40) (1 87) (19 41 17) (61 64) (16 32 59) (30 80 60) 
57 (14 45) (89 29) (63 31) (59 30) (64) (35) (18 80) (66 84 95) (98 55 36) (26 19) (44) (49 65 69 99) (61) (21) (28) (70) (56 33 75 92) (20) (76) (52 10) (86) (4 81) (22) (50) (9) (7) (38 58) (93) (27) (67) (83) (82) (43) (24) (79 32 53) (94) (1 42 54 91) (37) (39) (12) (87) (34 23) (40) (68) (25 57) (77) (73) (74) (17 16 5 71 11) (2 96) (51) (8) (13 88 72) 
58 (40 64) (16) (8) (88) (58) (43) (72 77 51 12 6) (32) (98 20) (38) (73 2) (53) (68 76) (36) (17 29) (37) (15) (27 28) (47 56 100 92) (79 44 50) (57) (33 30 66) (84) (95 14 11) (62 94 89 34) (13) (21 10 87 46 1) (3 97 86) (70 69 42 39 67) (60) (78) (24) (71) (31 41) (18) (85) (90 23) (5 4) (99) (45) 
59 (93) (24) (14) (72 61) (28) (68) (98 12) (86 1 29) (57 27) (63) (15 89 65 83 25 58) (22) (50) (43 44 48) (49) (59) (79 11 39) (99 80 54 91) (40) (21 38 81) (16) (26) (5 97 32 56 55) (75 90) (13 76) (41) (51) (23) (36) (74 45 100) (85 35 96 71 19) (84) (46) (88) (2) (42) (62) (78) (47) (34) (60) (69 33 8) (17) (73) (9) 
60 (14 34) (91 41) (2) (52) (66 76) (68) (49 84) (5 57 64) (93 32) (54) (94) (45) (73) (9) (80) (72) (98) (69) (33) (88 35 65 62) (3 67 90) (19) (24) (16) (11) (95) (99) (59 12) (36 96) (26 78 18) (22) (46 23) (83) (81 100) (29 86) (61 39 47) (89 63) (15) (1) (6 48) (51) (17 53) (75 60) (38) (25 37 4) (21 10) (30) (8 92) (42) (74) 
61 (35) (13) (31) (71 29) (73) (1 72) (7) (97) (92) (26) (47) (12) (30) (79) (82) (17) (99) (27) (57) (43 60) (50) (95) (83 11 3) (91 9) (94) (65) (58) (38) (77 62 54) (100 45) (23) (32) (78) (88) (8 16) (67) (36) (40) (89) (56 18) (4) (64) (53) (96 63) (85) (93) (6 68 44 75) (52) (76) (51) (39) (66 84) (70) (2) 
62 (27) (4) (98 87) (97) (45) (72 88 80) (56) (73) (14 18 29) (15) (93) (25 89 38) (51 52) (6) (61 57 59 2 24 35) (10 8) (94) (86) (36) (60) (21) (5) (83) (13) (79 47) (1) (75 64) (68) (20) (90 22) (54) (46 28) (81 55) (78) (67) (7 3) (17) (31 16 58 39) (85 100) (26 99) (69 42) (48) (43) (50) (95) (66 84) (76) (12) (91) 
63 (96) (36 85) (17) (97 14) (76 13 84 40 77) (71) (51) (9 11 89) (24) (58 74) (65 67) (62) (33 16) (20) (49) (64) (99) (92 37 69 21 94) (41 80 87) (81) (12 22 88) (83 8) (86) (78) (26) (45 27) (72) (52 91) (38 75) (82) (28 70) (3) (56 42) (93) (15) (59 90) (79 57) (46) (95) (53) (98 35 6) 
64 (32 79 61) (53) (28) (44) (46 13) (100) (84 74 73 29 70 64 51) (63) (18) (34) (6 22) (5 14) (94) (37 76 77 48) (92 45) (43 87) (38) (36 2 68) (26 86 62) (15) (17 54) (49) (83) (55) (90 59 72 85) (89 8) (10) (3) (65 52) (91 96) (31) (47) (20 1) (40) (23 71) (33 66) (98 82) (75 9 67 50 80 24) (42) (95) (35) (97) (21) (57) 
65 (4) (23) (7) (13) (54 58) (57 50) (12) (6) (49 88 2 37) (3) (63) (11) (79) (20) (86 48) (98) (32 19 72) (95) (52 43 38) (30) (36) (22 53 29) (82) (61 35 40) (46) (90) (25) (99 97 21 9 96 18) (33 73 65) (41) (59) (17) (31 44) (5 62) (16) (64) (28) (84) (83) (60) (66) (92) (8) (78) (67 51) (55 100 80 71 93) (56) (89) (87) (42) (74) (70) (69) (39) (91 24 1 68) (85) (76) 
66 (72) (49 7) (40) (26 43) (70 68 36 8) (28 15) (12) (14 30) (66 39) (24) (59 71) (93) (21 1) (45) (42) (75) (53) (44 16 85 98 94) (80) (6) (4 47) (52 17) (9 86 10) (92) (91) (69) (41 23) (65) (89 38) (61) (5) (35 2 99) (83) (76) (3) (78) (87) (20) (27) (82 79) (73) (81) (97) (74) (32 51) (29 63) (96) (67) (13) (57 48) (100 64 34 90) (58) (25) 
67 (74) (64) (36) (98) (99) (77) (55) (81 44 6) (14) (3) (62) (9) (85) (32 72) (47 2) (34) (37 39) (15 68) (97) (33) (24) (100) (23) (75) (40) (50) (10) (42 73) (59) (30) (58) (4) (29) (18 88) (46 41) (7 95 21) (8) (51) (66) (17 60) (31) (69 87 84 56 28 61) (91 35) (92 49) (12) (5 48 83) (1 86) (79 45 38) (57 71) (26 25) (70) (20) 
68 (87) (51) (80) (29 24) (31) (78 25) (20 32 70) (85) (7 97 88 94) (61 40) (10) (53 36) (50) (72) (65 38) (16 77) (47) (69) (58) (95 4) (82) (67) (49) (56) (5 68) (15) (28 91 64) (39 62 22 63) (45 100) (33 84) (90) (13 30 23 44) (34 73) (17) (93) (81) (89) (8 21 42) (75) (43 55) (54) (11 96 99 60) (76) (3 59) 
69 (81) (24 93 56 95) (45 40) (98 30 99 22) (3) (88 32) (4 39) (69) (16) (31 48) (58) (9) (89 59) (73 85 96 41 23) (64) (20) (82 8) (50) (55) (34 74 83 12 27) (65 67) (43 70 28) (36) (97) (94 44) (17) (54) (90) (78) (76 75) (7) (68) (11 26) (62) (61) (91 1) (25 66 57) (38 14) (6) (63 21 51) (71 13 92 79 60 10 42) (87 80) (35) 
70 (88 5) (4) (35) (12 17 15 50 55) (39) (96 93 37) (97 2 28) (54 9 83 71) (67) (45 22) (68 61 52 92) (82 23 73 40) (90 95) (32) (76 19) (20) (33) (25) (13 81) (79) (98 53 18) (86 80) (72) (66) (11) (58) (41) (70) (10) (44 62) (94) (14 21 77) (59 49) (63) (75) (51 29) (36) (64) (78) (46 34 56 91) 
71 (76) (78 40 31) (54) (45 49 68) (11 64 84 1) (7) (25) (89 16) (74 98) (41 42) (59 5) (23 24 86) (85 71) (27 87 50 56 3) (19) (75 6 10) (52) (80) (66 100 47) (81) (95 88 58) (43 22) (18) (37) (2 96 39 62 79) (94) (61) (21 8) (4) (28 63 29 48 34) (99 20 77 65) (51) (53 82) (30 55) (90) (35) (57) 
72 (80) (51) (95) (39) (38) (2) (11 58) (19) (50) (41 97) (47 90) (92) (82 10) (100) (91) (20) (56) (62 53) (60) (94) (52) (6 5 69) (99) (44 77 33) (35 43) (59) (32 24 34) (73) (4 75 79 31) (9) (7) (93) (26) (57) (14) (66) (98 40) (65) (28) (61) (64 1 55) (72) (70 23 30) (8 96) (45 18) (25) (89 15 68) (74) (49 37) (83) (71 42) (22 21 78 17) (48) (81) (88) (3) 
73 (66 76 52) (22) (77 94) (4 68 12 71) (13 14 73) (46 40 90 64 74) (34 63 29) (37 98 25 99 8 20) (86) (88) (70) (38) (96 15) (7) (27) (35) (41 65) (97 43) (26 54 60) (51) (79) (36) (31) (93 53) (17) (6) (45) (55) (75) (48) (69) (85) (49 5) (78) (62) (58) (21 91) (2 81) (44) (42) (39) (89 83 19) (30) (72 50) (23) (56 16) 
74 (78) (10) (57) (26 34) (56) (9) (55) (19) (11 7) (6) (94) (84) (99) (49) (42 44) (46 77 66) (37 47) (74) (88) (33 48) (12 80) (85 29 14) (35 54) (15) (40) (61 23) (36 4) (5 67 3 93 16) (8) (51) (86 73) (71 60 21) (13) (89) (83 45 97) (32 68) (41 22) (30 75) (63) (43) (81 65) (50) (20) (90) (95) (58) (82) (62) (52 72) (64) (38) (27) (18) (100 17 31) (28 59 92) (76) (1) (24) (2) (79) 
75 (78 27) (29) (42) (3 20 19) (31) (63 35) (71) (90 100) (64 69) (16) (21) (80 70 15) (48 56) (57) (91 9 50) (53 7 18 34 36) (2) (24) (17) (44 8) (75 33) (66) (92 25 13) (41 45) (46) (49) (10) (23) (58) (12 86 72) (37) (51 54) (61) (65) (83 60) (98) (26 22) (47 89 96 81 74 59) (11 43 85) (38 30) (73 1 40) (32 5) (97) (39 14) (93) (6) 
76 (78 54 17) (89) (39 64 2) (63 59 47 36) (44) (7 74 34) (43) (23 18) (19 4) (9) (60) (49 22 73) (27 93) (29) (62 10) (72 94) (12) (82) (38) (58) (92 26) (1) (11) (84) (32) (85) (46) (71 3 33) (48 14) (76) (30) (51 75 66 20) (88) (41) (25) (45 100 96) (37 42) (56) (80 15) (28 81) (86) (79) (90 68) (5) (57) (24) (87) (77) 
77 (58) (40 29 17 50) (69 4 89 21) (37 49 54) (61) (44 19 39) (26) (84 78 30 15 31 46) (56 22) (7 57) (66) (36) (11 96) (24) (33 18 87) (62 5 65 47) (70 92 2 73 95) (81) (3 52 99 72 43) (94) (12 74 77 6) (60) (98) (91) (27) (10) (34 64) (97) (9 71 38) (32) (79) (16) (68) (8) (35 45) (86 28) (53) (42) (55) (83 93) 
78 (59) (86 49 98) (90) (100 81 95) (97) (63) (54 78 31 26 32) (17) (44 2) (66 3) (16) (65) (91 50) (46) (11 35 39 58) (53 30) (79) (77) (72) (57) (99) (1) (96) (73) (25) (34) (6) (88) (40) (56) (52 74 5 38) (71) (37 47) (41 10) (84) (48 85) (18) (45 82) (42) (27) (24 33 60) (9) (28 55) (12) (15) (89 70) (14 4 69) (76 68 22) 
79 (15) (99 62) (40) (18 67) (86 26) (57 22) (98 17 82) (92) (12 55 7 56 9) (96) (27) (43) (47) (51) (50 70) (97) (81) (39 87) (78 52 6) (80) (3) (28) (38) (32) (14) (65) (24) (11) (1 91) (45) (5 88 85 66 95) (21) (41 75 44 71 63 93) (74 59 73) (76 13 77 16) (42) (20) (60) (54 19 46) (10) (61) (37) (4) (64) (94) (30 79) (69) 
80 (55) (1 84) (68) (57) (85) (2) (49 66) (50 65) (91 37 61) (88 4) (63) (89 41) (83) (67) (47) (73) (82 35) (56) (60) (58) (12) (54) (17) (45) (59) (6) (99 20 40) (34) (36) (15 14) (42 97 52 13) (9) (92) (100 70) (33) (87) (78 8) (53) (24 71 23 25) (80 44) (90) (7 28) (5) (11) (86) (32) (75) (31 95 16) (94) (43 46) (51) (39) (29) (79 74) (93 21) (62) (10) 
81 (47 81 37) (30) (51 88) (29 80 45) (68 44) (13) (50 52) (55) (92) (31) (41) (32) (72 86) (83 78) (56 57) (46) (84) (90 76) (17 38) (69) (70 98 54) (94) (99) (61) (35 6) (19) (89 11) (40 23) (64) (34 75) (79) (33 59) (97 39 28 95 42) (73) (18 85) (8) (74) (82) (60) (20) (58) (16 65) (3) (5) (96) (66) (25 91) (14 1) (12 100) (10) (15) (2) 
82 (1) (29 96 74 94 14 88) (65) (66 43) (77 54 50) (93) (39 97) (91) (64) (98 58) (20) (46) (85) (76 62) (75) (34 10 61 78) (68 19 12) (15) (11) (55 70) (83 49) (8) (24) (79) (51) (31) (27) (87) (2 52) (84) (67 33 80) (40) (92 37) (53 47 3) (22) (71) (18) (6 23) (38) (45) (9) (59 25) (21) (5) (63) (17 30 81) (7 95) (26) (99) (82 16) (89) 
83 (77) (33) (58) (51 75) (60) (63 23) (72 48 83) (47 85 54) (67) (73) (95) (19 61) (92 11 9 81 52) (27 53) (84) (36 93) (64) (15) (57 25 14) (56) (34) (98) (87) (7 66) (39 88) (24) (71 13) (96) (32) (100) (70 10) (74 2 86) (62 37) (68) (90) (99 4) (59) (94 5) (65) (79 3 50 45 8) (38) (76) (49) (82 42 1) (16 35 29) (31 28) (46) (91 97) (44) (17 69) 
84 (79) (58) (48) (96 40 18) (27 11) (3) (45) (53) (65) (37) (6) (52) (63 89 43) (88 5) (4 78 59 67) (23) (38 10) (7 36) (73) (9) (21 94) (75) (39 55) (82) (62 28 98 22) (51) (30) (33 49) (19 2) (56 32 69) (41 81) (76) (20) (95) (16 100) (31) (46) (54 87) (66) (1) (50) (71) (13) (24) (34) (44) (91) (90) (12 35 80 15 83) (77 8) 
85 (66) (35 5 45) (87) (30 55) (48 20) (26) (78 22) (51) (100 24 27) (79) (37) (4) (17) (32) (36 34 6 89 54) (95) (71) (81 44 12) (1 29) (82) (31) (43) (85 80) (84) (47) (60 77 52 53 8) (58) (42 83 70) (57 67) (97) (2) (10 72) (74) (13) (90) (76 15 73) (96) (19 75 93) (46 14 7 16 88) (86 94 41) (21) (40) (18 99) (64 92 61 3) (56) (91) (33) 
86 (94) (77) (19) (3) (22 87 7) (38) (82) (1 91 51 41) (48) (74) (100) (76) (32 15 23) (58 12 95) (25) (79) (30) (66) (99) (92 46 5 34) (27 31 9) (2 65) (40) (83) (63 54 96) (67 71) (52) (72) (14) (56) (85 68 49 13 59 53 21 18) (33) (43) (88) (24) (11) (57 55 42) (97 69 81) (26) (61) (90 45) (20) (75) (8 44) (80) (10) (50) 
87 (40 8 100) (66 48 62 39 78 85) (53 18 32) (73) (92 82 88) (81) (31 70) (2) (56 52 1 9) (93) (4) (68 3) (41 28) (98) (29 61) (19) (17 91) (14 84) (22) (89 55 33 42 71) (37 95) (90) (80) (69) (57) (43) (59 60) (13) (46) (58 5) (30) (26) (15 75) (72) (49 87) (83) (47 97) (51) (54) (27 63) (25 79) (99 11 76) 
88 (28 63) (24) (16) (76) (84) (78) (95) (82) (31) (36) (54 5 70) (46) (33) (7) (55 35 1 49 18 50 59) (67) (98 51) (42 81) (39 73) (41) (44 19) (74) (87 80 99) (60) (21) (45) (10) (69 86) (30) (96) (57) (64) (17 88 12 93 71 77) (6) (65 9) (14 2 48 79 29) (75 8) (66) (72) (58) (68) (90) (43) (92) (56) (15) (47) (83) (61 62 25) 
89 (80) (83) (12) (52 64) (4 40) (69 49 81 63 29) (59) (37 62) (84 100 27) (58 94) (34 46 36) (21) (96) (25) (89 87) (20) (93) (22) (3 74) (54) (30) (13 2) (82) (85) (32) (15) (53) (60) (10 16) (23) (76 65 39 38 44 18) (33) (47) (14) (79 31 45) (68 56) (90) (51) (75) (78) (99 72) (92) (35) (42) (86) (73) (55) (43) (97) (41) (24) (61) (5 95) (71) 
90 (84) (73) (17 32) (39) (67) (37 9) (36) (2 65) (23) (64) (71 30 40) (72) (68) (44 62) (78 70 59) (49) (89 16) (100 26) (51) (5) (98 85 13) (35 46 18) (42) (79) (63 20) (48 58 81 93) (97) (86) (87) (99 69 31 29 55) (14 1 54) (57 80) (28) (76) (74 4 11) (83 41) (34) (61 3) (6 47) (88) (25) (45) (90) (53) (75 96) (66) (21 24 91) (95) (33 27) (22) 
91 (32 81) (28 90) (78 80 82 44) (15 35) (60 68) (41 14 62) (75 30) (10) (97 56 87) (20) (63 46) (99) (61 23 33 11) (89 48 76) (71) (73) (72) (50 9) (69) (70) (5) (42 51) (52) (17) (88 49) (38) (66) (55) (92) (65) (98 1) (26) (94 39 27 29 45) (25) (3) (59) (95 2) (79 13 85 64 6) (7 21) (12) (93) (37) (16 77) (83 91) (22 47 36) (86 4) (43 74) 
92 (28) (88) (59 6) (90 83) (50 73) (81 41) (23) (55) (98) (75) (21) (94 95 77) (76) (96) (38 84 42 27) (17) (70 18 26 13) (10 40) (12) (57) (25 30 100) (1 60) (39) (8) (32) (97) (14) (45) (93 47 9) (56) (79 62) (64) (44 74 4 68) (15) (71) (20 49 46 5 89) (31 82 87) (86) (78 66 24) (48 53) (22) (61 65 16 37 54 91 85) 
93 (63) (72 43 54) (34) (24) (38) (6) (53 94 7) (96 16) (89) (69 87) (47) (78 85) (81) (5 10) (36) (37) (30) (55 27) (40 35 61 82 22) (33 62) (21 86) (46) (25 75) (14) (71 57 15) (67) (39) (90 58) (11 44) (48) (56) (83 79) (92) (70) (88 26) (23 32) (60) (97) (64 42 8) (77 74) (93) (2) (4) (41) (1 99 50 52) (19) (3 100) (59) (45) 
94 (22 52) (97 98) (74) (42) (27 18) (71 55) (28) (53) (24) (11) (96) (78) (63) (26) (70 92 23) (86) (65) (49) (6) (91 39 7) (1 9) (8) (19) (32) (67) (68) (43) (99 61) (82) (51 5) (69) (73) (20) (59 38) (100) (79) (57 58 76 88) (45) (37) (48) (47) (87 15) (29) (41) (36) (81) (75 56) (30) (17 33 54 35) (31 12 4) (60 77 89) (90 64) (40) (3 46) (25) (21) (85 34) (44) (16) (83) (13 95) 
95 (12) (3) (79 56 67) (91 39) (63) (41) (82) (66 20) (97 15) (94) (31) (27 73 25 7 57) (46 32 43) (86 99 75) (70 4 51) (5) (18) (90) (59 49 54) (26 96) (77) (47 44 33) (48) (62 2) (24) (42) (60) (74) (34 29) (19 40 45 10) (35 50 13 92) (95) (68) (21) (71) (53 17 30 28 11 93 1) (9 84 100) (85) (78) (52) (69) 
96 (61) (56 16) (43) (62) (72 34 66 97) (12) (60 39 23) (44) (3) (91) (67 26) (17) (94) (27) (36) (20) (10) (82) (32) (95) (52) (79 68 73 21 83) (15) (25) (89 92 4) (85 75 69) (42 70) (46 22 63) (29 88 19 96 81) (98) (48 65) (14) (86 55) (7 54) (5) (59) (87 57) (2) (74) (71 53) (35) (99) (31) (50) (28) (100) (38 45 37) (80 64) (93) (77 76) 
97 (51 10 60) (48 9 25 2) (86) (93 13) (72 43) (34) (100 75) (7 66) (50) (80) (89) (92) (59) (84) (90 54) (77) (44 95) (31) (58) (39 1 16) (45) (99) (67 18) (23) (27) (15) (76) (55 36 65) (42 97) (88) (24) (8 73) (22 79 4 47) (81) (12) (21) (83) (61 11 17) (96 74 62 91) (71) (53) (87) (82) (49 14) (69) (57 30) (38 37 85 35) (6) (94 68 19 20) (29) (41 40) (3) 
98 (50 71) (7) (58) (95) (33) (87) (14) (84 20) (85 38) (86 45 74) (100 90 97) (83) (93) (39 51) (21 35 40) (53) (67) (42) (16 48) (54) (99 89) (1) (9) (81 26 62) (32) (11) (13) (65 19) (31) (92 66) (12 36) (76 60) (22) (80 6) (82) (44) (94) (78) (17) (10) (49 46 75) (72 79) (23 30) (56 25 29) (47 61 64 70) (52) (73) (88 28) (2) (91 57) (69 37) (34 55) 
99 (37) (87 42) (16) (44 57 7 14 55) (91) (83) (78) (100 23 65) (35) (70) (64 24 34) (10 48) (5) (96) (56) (76 67 90 94) (59) (93 17 62) (6) (63) (68) (36 15) (28) (45) (1) (33 27) (29) (71) (99) (77) (95) (66) (50 75) (39) (53 92 72 98) (58 40 86 4) (52) (84 12 54) (80 73) (25 79 22) (46 89 2) (81 3) (8 31 32) (97 82) (85 18) (21) (41) (60) (47 9) (19 69 38 11) 
100 (77 90) (16) (32 40 62 94 39) (95 56 64 35 100) (49 44) (81 20) (70) (52 17) (48) (79) (1 54) (99 96) (2 8 33) (42) (65 83) (93) (80) (28 43) (14 31 63) (87 71) (38 88 74) (21) (15) (66) (18) (78) (57 97 41) (72) (69) (85) (4) (9 12 91) (86) (92) (34 76) (60) (7 51 5) (59) (13 50 6) (73) (11 68 75) (23 53 45) (55) (19) 
1 (19) (52) (85) (7) (48) (45) (74) (53) (38) (61) (49) (47) (64) (40) (55) (82) (57) (94) (80) (99) (10) (13) (95) (46) (37) (9) (31) (35) (8) (18) (98) (1) (91) (34) (81) (60) (39) (65) (6) (20) (72) (30) (32) (3 23) (15) (28) (54 43) (92 62) (75) (58) (78) (11 83) (90) (29 5 87) (41 69) (36 26) (66 100 56 21) (79) (86) (42 16) (76) (14) (24) (71 93 17) (59 88 25) (67) (4) (97) (12) (84) 
2 (35) (77) (67) (13) (12) (3) (81) (76) (41) (7) (99) (84) (31) (48) (36) (15) (54) (83) (74) (18) (45) (44) (38) (29) (37) (11) (93) (30) (100) (59) (24) (17) (52) (23) (95) (78) (96) (4) (53) (70) (71) (80) (56) (42) (58) (25) (39) (87) (62) (27) (46) (72) (61) (97) (65) (20) (91) (88) (6) (21) (85) (34) (66) (64) (5) (14) (57) (19) (90) (73) (60) (50 98 9 2) (82) (86) (47 89) (26 28 75) 
3 (74) (22) (43) (18) (20) (26) (36) (67) (93) (1) (81) (28) (85) (75) (94) (6) (69) (12) (96) (3) (2) (55) (24) (66) (40) (77) (9) (56) (76) (31) (97) (48) (8) (86) (84) (51) (25) (95) (62) (78) (41) (65) (46) (7) (58) (68) (34) (89) (87) (37) (53) (10) (64) (19) (90) (47) (11) (30) (23) (99) (91) (72) (39) (44) (13) (61) (71) (15) (54) (14) (63) (42) (82) (33) (60) (45 83) (52 32) (79) (50) 
4 (38) (100) (2) (40) (56) (80) (25) (97) (84) (32) (61) (4) (9) (44) (13) (79) (10) (85) (94) (77) (92) (65) (90) (7) (43) (20) (3) (69) (74) (70) (60) (73) (89) (22) (67) (96) (18) (68) (27) (66) (62) (71) (57) (24) (23) (35) (58) (72) (39) (37) (26) (28) (30) (51) (76) (83) (8) (31) (34) (29) (95) (55) (19) (78) (47) (91) (99) (93) (21) (15) (36) (1) (6) (33) (87) (52) (5) 
5 (11) (73) (29) (62) (51) (18) (42) (1) (78) (83) (96) (70) (16) (95) (19) (89) (30) (43) (72) (38) (2) (49) (65) (40) (26) (81) (12) (71) (13) (91) (79) (85) (90) (77) (5) (80) (86) (54) (67) (37) (82) (39) (6) (94) (25) (59) (20) (48) (34) (93) (47) (87) (22) (100) (46) (74) (99) (60) (24) (66) (58) (3) (55) (92) (31) (10) (44) (76) (14) (9) (75) (50) (41) (33) (68) (88) (64) (32) (45 23 35) (17 84) (36 57 7) 
6 (77) (12) (75) (80) (33) (29) (78) (82) (74) (81) (46) (47) (54) (94) (49) (20) (84) (50) (56) (90) (32) (1) (16) (41) (30) (24) (79) (65) (8) (92) (61) (73) (4) (51) (93) (31) (88) (38) (69) (14) (100) (17) (7) (13) (34) (2) (21) (55) (52) (10) (11) (36) (71) (48) (66) (3) (97) (23) (60) (91) (22) (25) (35) (99) (43) (64) (53) (98) (72) (58) (63) (67) (44) (85) (27) (18) (62) (45) (28) 
7 (77) (18) (82) (51) (2) (84) (76) (97) (28) (34) (75) (49) (7) (16) (35) (4) (24) (41) (99) (95) (85) (11) (100) (42) (20) (55) (45) (10) (68) (62) (21) (9) (72) (66) (57) (65) (33) (46) (91) (32) (6) (93) (26) (19) (73) (48) (74) (29) (47) (67) (80) (39) (79) (54) (3) (38) (14) (23) (25) (53) (61) (94) (52) (40) (8) (22) (36) (96) (27) (86) (98) (69) (83) (31) (71) (88) (1) (13) 
8 (88) (49) (68) (77) (18) (6) (58) (69) (100) (81) (31) (55) (23) (9) (47) (65) (4) (74) (26) (29) (17) (12) (61) (36) (3) (53) (63) (39) (33) (38) (5) (59) (92) (28) (30) (41) (94) (51) (73) (84) (85) (16) (57) (14) (93) (8) (99) (60) (44) (80) (67) (71) (86) (42) (46) (75) (15) (72) (43) (11) (27) (19) (7) (82) (97) (83) (62) (56) (25) (32) (24) (22) (20) (37) (66) (64) (40) (87) 
9 (67) (28) (47) (41) (84) (65) (52) (46) (11) (15) (43) (14) (1) (56) (92) (94) (25) (66) (60) (64) (49) (27) (16) (76) (88) (97) (33) (24) (95) (12) (53) (3) (91) (59) (98) (45) (44) (9) (22) (31) (90) (19) (23) (69) (87) (86) (79) (7) (13) (50) (83) (29) (26) (21) (75) (32) (78) (57) (77) (74) (70) (63) (54) (61) (82) (35) (72) (80) (18) (6) (99) (10) (17) (100) (36) 
10 (31) (44) (66) (69) (70) (78) (8) (45) (3) (16) (40) (56) (43) (81) (32) (28) (58) (50) (18) (80) (23) (7) (13) (11) (60) (84) (68) (53) (15) (91) (95) (4) (5) (57) (83) (75) (93) (47) (54) (39) (86) (1) (37) (98) (22) (35) (62) (42) (24) (79) (97) (77) (76) (89) (21) (64) (20) (67) (10) (33) (12) (19) (85) (30) (52) (71) (92) (72) (74) (9) (48) (55) (88) (29) (82) (96) (26) (99) (2) 
11 (10) (79) (97) (5) (2) (60) (70) (32) (94) (72) (76) (50) (21) (8) (45) (39) (3) (20) (82) (49) (9) (78) (83) (41) (28) (55) (17) (99) (84) (1) (7) (56) (35) (16) (80) (95) (51) (18) (71) (100) (59) (48) (11) (77) (63) (22) (30) (13) (37) (61) (14) (36) (86) (46) (81) (40) (38) (23) (4) (47) (58) (43) (12) (74) (57) (98) (44) (54) (69) (65) (75) (91) (87) (93) (90) (24) (26) (19) (68) (42) (25) 
12 (58) (17) (16) (44) (97) (66) (89) (74) (80) (52) (95) (79) (100) (40) (48) (67) (10) (13) (3) (76) (54) (11) (59) (92) (15) (27) (70) (65) (33) (94) (8) (19) (49) (46) (85) (56) (30) (86) (62) (75) (61) (29) (26) (5) (98) (60) (78) (84) (88) (32) (9) (69) (34) (50) (77) (73) (91) (96) (28) (82) (51) (45) (63) (31) (39) (57) (47) (21) (36) (53) (81) (2) (42) (99) (4) 
13 (58) (15) (100) (47) (85) (43) (90) (19) (66) (53) (52) (69) (2) (42) (39) (86) (49) (50) (10) (74) (1) (84) (73) (30) (24) (87) (8) (89) (31) (94) (12) (16) (26) (25) (92) (61) (91) (35) (81) (7) (3) (80) (70) (29) (9) (55) (40) (23) (62) (63) (79) (11) (64) (97) (34) (75) (57) (59) (6) (36) (13) (14) (68) (37) (20) (95) (98) (41) (51) (45) (18) (48) (27) (83) (22) (5) (65) (32) 
14 (93) (55) (14) (78) (86) (90) (15) (54) (83) (63) (45) (96) (5) (62) (66) (87) (64) (97) (17) (46) (70) (32) (48) (18) (26) (47) (79) (80) (100) (9) (10) (4) (60) (28) (21) (23) (37) (58) (33) (41) (39) (57) (11) (98) (40) (30) (50) (81) (53) (75) (82) (52) (99) (49) (12) (67) (59) (13) (69) (2) (89) (27) (72) (85) (73) (19) (38) (34) (76) (7) (42) (29) (88) (3) (6) (91) (92) (74) (43) 
15 (2) (8) (85) (34) (21) (95) (97) (94) (58) (50) (72) (48) (14) (75) (51) (31) (81) (84) (36) (86) (67) (18) (55) (23) (73) (12) (59) (64) (13) (9) (100) (62) (40) (63) (83) (77) (91) (32) (92) (56) (28) (22) (37) (49) (68) (87) (66) (47) (70) (78) (82) (89) (17) (5) (39) (33) (80) (6) (10) (99) (24) (96) (76) (43) (74) (41) (46) (54) (26) (88) (60) (11) (4) (93) (79) (20) (7) 
16 (51) (61) (47) (28) (43) (73) (37) (2) (15) (40) (22) (16) (21) (82) (4) (93) (74) (7) (97) (80) (90) (46) (98) (77) (42) (55) (31) (5) (44) (10) (49) (54) (53) (84) (35) (52) (60) (88) (83) (78) (24) (48) (12) (29) (30) (63) (3) (45) (39) (75) (58) (81) (91) (68) (19) (89) (23) (65) (96) (9) (11) (13) (62) (56) (17) (25) (59) (33) (92) (99) (66) (26) (57) (69) (94) (32) (50) (79) (85) (71) (100) 
17 (3) (4) (17) (98) (15) (88) (70) (25) (97) (26) (52) (31) (9) (61) (48) (28) (67) (63) (40) (53) (91) (18) (83) (10) (58) (62) (77) (12) (100) (42) (68) (49) (59) (75) (45) (95) (47) (13) (20) (37) (73) (35) (76) (33) (41) (55) (79) (80) (43) (56) (34) (57) (19) (96) (38) (36) (14) (85) (2) (23) (24) (27) (21) (74) (99) (60) (22) (94) (78) (5) (8) (44) (87) (81) (7) (16) (69) (11) (90) (64) (72) (30) (6 92 39 65 82) (66) 
18 (77) (2) (23) (94) (67) (79) (5) (22) (7) (32) (45) (53) (47) (58) (34) (100) (21) (46) (99) (78) (42) (19) (62) (88) (82) (24) (41) (65) (10) (15) (75) (49) (1) (30) (3) (13) (60) (36) (54) (86) (97) (9) (71) (72) (52) (90) (26) (40) (87) (57) (4) (33) (81) (92) (89) (85) (74) (39) (27) (64) (95) (35) (11) (76) (51) (14) (31) (61) (55) (43) (84) (16) (8) (37) (29) (50) (17) (70) 
19 (56) (60) (29) (85) (95) (86) (100) (81) (15) (96) (49) (22) (77) (74) (82) (11) (70) (40) (59) (76) (88) (47) (65) (42) (50) (35) (34) (55) (26) (17) (99) (93) (9) (21) (3) (31) (52) (14) (97) (8) (16) (25) (84) (73) (23) (98) (94) (30) (32) (41) (24) (36) (39) (43) (57) (20) (4) (19) (7) (44) (71) (5) (48) (45) (83) (12) (51) (72) (75) (54) (79) (37) (87) 
20 (25) (46) (33) (9) (96) (91) (72) (89) (7) (45) (76) (98) (70) (20) (23) (49) (11) (29) (1) (39) (58) (56) (80) (16) (14) (28) (30) (79) (69) (6) (94) (62) (57) (3) (67) (92) (53) (68) (36) (26) (55) (19) (43) (21) (64) (37) (74) (63) (52) (66) (17) (18) (42) (84) (90) (86) (12) (81) (31) (22) (41) (38) (97) (35) (73) (65) (95) (85) (54) (2) (75) (48) (4) (51) (32) (82) (40) (27) (71) (100) 
21 (40) (37) (98) (71) (39) (80) (88) (20) (67) (8) (96) (7) (66) (49) (54) (16) (85) (26) (29) (99) (69) (55) (11) (100) (14) (62) (97) (72) (25) (24) (15) (13) (22) (79) (95) (58) (64) (27) (92) (65) (18) (36) (93) (75) (45) (68) (3) (47) (84) (60) (89) (30) (73) (50) (82) (5) (86) (91) (21) (77) (51) (70) (74) (59) (63) (6) (94) (12) (90) (43) (57) (2) (10) (42) (46) (33) 
22 (96) (59) (26) (78) (79) (10) (3) (70) (63) (8) (54) (6) (42) (87) (75) (90) (94) (29) (97) (30) (74) (19) (76) (1) (2) (82) (44) (7) (20) (64) (47) (39) (15) (25) (24) (71) (73) (57) (41) (46) (86) (72) (22) (18) (52) (35) (56) (21) (93) (11) (89) (13) (4) (32) (43) (48) (77) (33) (65) (50) (68) (99) (92) (9) (37) (55) (38) (85) (34) (45) (23) (84) (12) (51) (91) (36) (98) (27) (31) (60) (49) (16) (62) (69) 
23 (31) (76) (86) (5) (72) (90) (68) (41) (45) (22) (80) (61) (20) (75) (57) (84) (65) (67) (60) (96) (48) (24) (16) (92) (70) (26) (100) (35) (40) (44) (94) (47) (37) (89) (74) (50) (49) (69) (43) (58) (32) (2) (93) (33) (98) (52) (11) (66) (53) (6) (97) (56) (3) (64) (91) (99) (9) (10) (82) (1) (81) (28) (21) (51) (39) (30) (23) (73) (15) (27) (4) (25) (83) (71) (59) (17) (38) 
24 (62) (29) (5) (34) (20) (33) (58) (68) (80) (65) (30) (40) (37) (14) (82) (94) (6) (45) (99) (38) (74) (17) (78) (57) (35) (51) (93) (3) (48) (84) (46) (77) (97) (41) (39) (49) (85) (26) (88) (4) (71) (19) (89) (63) (21) (53) (2) (47) (67) (16) (24) (9) (76) (10) (92) (83) (42) (79) (8) (72) (31) (44) (32) (18) (75) (95) (69) (86) (66) (90) (23) (64) (28) (15) (60) (59) (12) (55) 
25 (92) (19) (90) (6) (94) (2) (9) (99) (76) (93) (11) (38) (3) (10) (91) (8) (17) (39) (98) (37) (80) (23) (51) (78) (18) (44) (72) (96) (69) (5) (97) (48) (4) (67) (88) (57) (45) (7) (49) (36) (34) (16) (24) (31) (29) (15) (12) (70) (47) (68) (54) (86) (42) (73) (55) (89) (82) (25) (62) (95) (26) (43) (21) (32) (87) (41) (81) (59) (75) (53) (52) (66) (60) (20) (65) (30) (83) (22) (71) 
26 (11) (52) (20) (41) (24) (1) (44) (54) (96) (12) (40) (27) (61) (25) (53) (86) (85) (95) (33) (6) (19) (34) (98) (36) (59) (38) (64) (66) (67) (93) (30) (75) (21) (69) (47) (32) (55) (5) (10) (22) (90) (73) (62) (3) (72) (26) (91) (29) (87) (35) (92) (77) (42) (14) (56) (9) (4) (82) (78) (28) (60) (79) (43) (31) (94) (16) (51) (2) (48) (74) (57) (13) (39) (63) (7) (18) (76) (46) (37) (50) 
27 (96) (93) (4) (33) (51) (52) (28) (84) (57) (43) (2) (3) (74) (99) (35) (78) (46) (40) (76) (7) (71) (59) (87) (50) (10) (26) (11) (83) (86) (13) (14) (62) (54) (23) (91) (53) (66) (89) (77) (69) (30) (17) (12) (5) (97) (94) (6) (31) (34) (8) (92) (56) (90) (95) (47) (79) (45) (25) (85) (27) (29) (55) (21) (49) (63) (61) (75) (82) (73) (58) (41) (24) (1) 
28 (50) (13) (11) (6) (95) (47) (3) (35) (53) (96) (68) (57) (54) (70) (26) (100) (56) (25) (72) (55) (22) (42) (7) (44) (77) (63) (12) (91) (78) (80) (87) (69) (36) (2) (67) (71) (48) (49) (19) (81) (76) (88) (29) (28) (30) (92) (34) (64) (40) (84) (20) (14) (15) (38) (58) (33) (1) (90) (79) (59) (41) (62) (74) (65) (66) (83) (5) (4) (18) (43) (10) (31) (9) (99) (24) (46) (37) (51) (94) (27) (98) (23) (45) (21) (8) 
29 (66) (70) (87) (2) (90) (89) (29) (14) (59) (52) (95) (67) (44) (61) (91) (81) (17) (99) (53) (4) (58) (12) (82) (85) (57) (38) (77) (48) (65) (21) (97) (42) (26) (98) (46) (73) (55) (3) (43) (68) (60) (71) (37) (80) (47) (74) (30) (96) (88) (41) (94) (18) (1) (64) (36) (54) (49) (22) (7) (11) (6) (25) (75) (32) (83) (27) (45) (62) (76) (13) (56) 
30 (71) (20) (32) (54) (23) (66) (82) (55) (21) (51) (12) (48) (29) (16) (90) (68) (87) (79) (11) (6) (98) (10) (18) (91) (65) (28) (89) (94) (35) (61) (50) (47) (27) (8) (36) (43) (73) (97) (56) (44) (92) (19) (69) (74) (72) (86) (75) (78) (24) (33) (84) (40) (49) (38) (53) (67) (60) (76) (57) (58) (85) (93) (34) (3) (45) (30) (1) (13) (88) (77) (46) (95) (81) (15) (4) (14) 
31 (90) (33) (82) (38) (75) (32) (78) (84) (85) (54) (37) (80) (88) (74) (65) (68) (26) (6) (77) (34) (86) (40) (39) (45) (23) (20) (52) (92) (11) (49) (50) (64) (10) (97) (16) (55) (4) (17) (47) (87) (5) (28) (61) (56) (3) (62) (48) (72) (51) (13) (58) (71) (15) (89) (73) (83) (41) (42) (67) (46) (95) (53) (100) (36) (27) (18) (99) (25) (1) (98) (9) (8) (69) (43) (81) (57) (96) (31) (94) 
32 (54) (58) (37) (57) (90) (61) (6) (64) (38) (5) (11) (21) (59) (72) (31) (60) (93) (69) (29) (9) (50) (44) (51) (23) (91) (7) (79) (8) (34) (86) (47) (40) (1) (19) (33) (55) (56) (12) (96) (92) (95) (45) (78) (83) (49) (41) (75) (80) (89) (10) (66) (13) (84) (30) (52) (94) (14) (70) (98) (15) (87) (27) (77) (74) (18) (100) (81) (28) (32) (67) (4) (65) (48) (85) (16) (2) (35) (68) (99) (43) (76) (36) (3) 
33 (5) (78) (57) (80) (25) (6) (87) (60) (82) (95) (33) (7) (70) (72) (29) (75) (4) (26) (88) (81) (65) (16) (30) (55) (56) (90) (20) (27) (41) (89) (52) (11) (15) (50) (40) (44) (28) (19) (74) (9) (83) (54) (45) (38) (23) (98) (64) (34) (3) (94) (85) (67) (42) (63) (10) (58) (93) (86) (36) (76) (77) (21) (100) (1) (32) (59) (18) (37) (53) (99) (31) (14) (17) (91) (8) (2) (13) (84) (35) (68) 
34 (25) (64) (60) (29) (99) (46) (85) (70) (45) (22) (44) (66) (42) (93) (5) (82) (81) (17) (96) (3) (38) (51) (84) (90) (50) (57) (33) (78) (83) (69) (32) (1) (4) (10) (23) (36) (47) (89) (37) (76) (35) (77) (52) (80) (13) (21) (100) (40) (55) (48) (9) (94) (95) (59) (39) (24) (58) (18) (19) (98) (2) (30) (74) (7) (75) (6) (54) (72) (86) (16) (56) (43) (71) (27) (73) (68) (97) (12) (14) (41) (49) (67) 
35 (12) (69) (24) (3) (65) (84) (50) (2) (26) (78) (95) (48) (25) (17) (13) (80) (55) (44) (77) (18) (99) (21) (98) (67) (61) (38) (45) (83) (1) (22) (88) (89) (39) (97) (6) (23) (59) (15) (73) (66) (52) (100) (28) (64) (10) (91) (56) (74) (40) (63) (96) (19) (75) (16) (54) (93) (71) (62) (7) (32) (70) (43) (57) (8) (94) (72) (81) (4) (14) (36) (85) (90) (53) (60) (11) (29) 
36 (93) (5) (85) (67) (10) (84) (47) (18) (99) (68) (61) (24) (37) (19) (76) (46) (35) (66) (6) (58) (30) (96) (23) (1) (56) (57) (50) (3) (63) (22) (32) (54) (39) (25) (59) (27) (20) (7) (51) (97) (70) (90) (88) (83) (98) (14) (91) (74) (77) (31) (52) (34) (43) (53) (48) (33) (64) (55) (21) (89) (15) (75) (12) (62) (60) (69) (65) (42) (13) (49) (29) (8) (73) (94) (11) (17) (28) (9) (80) (45) 
37 (7) (85) (58) (40) (70) (73) (89) (55) (29) (33) (82) (11) (93) (75) (65) (5) (9) (16) (22) (76) (67) (26) (39) (84) (32) (54) (15) (6) (3) (81) (98) (91) (83) (49) (64) (21) (74) (27) (78) (24) (8) (43) (23) (18) (79) (52) (51) (4) (80) (96) (30) (56) (71) (28) (90) (42) (25) (63) (44) (17) (45) (2) (1) (57) (92) (87) (41) (60) (77) (94) (97) (20) (31) (19) (72) (99) 
38 (18) (25) (11) (27) (47) (96) (24) (1) (17) (60) (39) (8) (76) (65) (93) (2) (10) (16) (46) (94) (37) (98) (52) (50) (62) (57) (31) (92) (83) (42) (86) (48) (54) (81) (28) (97) (36) (73) (7) (40) (55) (89) (41) (4) (19) (100) (9) (26) (77) (3) (51) (75) (66) (56) (68) (63) (6) (35) (34) (67) (44) (61) (78) (72) (79) (12) (64) (99) (15) (69) (91) (82) (43) (5) (74) (59) (23) (84) (49) (58) (29) 
39 (34) (58) (92) (71) (59) (66) (35) (43) (62) (48) (17) (73) (83) (67) (49) (55) (15) (84) (72) (4) (21) (46) (65) (95) (89) (78) (3) (82) (23) (37) (41) (81) (79) (50) (80) (40) (57) (27) (8) (25) (90) (77) (2) (88) (24) (14) (100) (60) (98) (68) (45) (7) (18) (94) (97) (39) (76) (19) (99) (87) (96) (70) (93) (26) (13) (9) (52) (75) (56) (20) (51) (22) (53) (91) (38) (61) (69) 
40 (50) (19) (33) (68) (10) (22) (47) (75) (86) (65) (69) (55) (8) (1) (39) (52) (71) (16) (9) (53) (4) (90) (84) (59) (74) (67) (87) (92) (73) (61) (89) (63) (98) (2) (34) (45) (93) (3) (6) (57) (21) (56) (15) (36) (37) (81) (46) (95) (20) (11) (80) (99) (43) (17) (49) (28) (64) (40) (18) (13) (78) (7) (79) (58) (94) (72) (100) (97) (23) (32) (38) (82) (35) (26) (77) (41) (85) (54) (70) (14) (66) 
41 (74) (54) (81) (23) (94) (3) (100) (21) (27) (76) (86) (34) (71) (91) (87) (55) (13) (2) (85) (45) (97) (67) (60) (95) (7) (5) (72) (69) (42) (99) (56) (46) (89) (73) (51) (24) (32) (20) (31) (28) (19) (44) (50) (53) (4) (40) (92) (58) (65) (75) (15) (70) (8) (79) (80) (48) (66) (90) (16) (38) (59) (47) (30) (88) (39) (26) (1) (33) (78) (11) (29) (9) (93) (14) (17) (18) (49) (84) (63) (43) (12) 
42 (56) (66) (1) (68) (83) (16) (69) (75) (79) (21) (81) (4) (40) (52) (35) (10) (99) (98) (72) (63) (27) (12) (57) (44) (92) (24) (90) (2) (80) (50) (39) (95) (6) (42) (29) (32) (45) (9) (73) (46) (31) (22) (93) (58) (88) (74) (34) (38) (89) (85) (3) (33) (43) (41) (87) (11) (76) (67) (55) (20) (91) (78) (77) (86) (48) (26) (23) (97) (47) (36) (37) (60) (62) (96) (100) (94) (8) (71) (64) (59) (51) (49) (65) 
43 (46) (91) (31) (88) (54) (82) (18) (58) (48) (35) (69) (16) (74) (87) (41) (59) (75) (79) (25) (80) (29) (45) (36) (86) (76) (53) (100) (13) (66) (96) (72) (34) (56) (4) (89) (12) (20) (77) (64) (47) (28) (50) (6) (40) (5) (15) (19) (84) (71) (55) (14) (61) (9) (51) (7) (62) (23) (52) (17) (68) (10) (44) (85) (2) (65) (38) (32) (97) (57) (1) (8) (42) (94) (33) (30) (27) (39) (11) (21) (93) (73) (95) 
44 (93) (34) (16) (72) (97) (32) (41) (91) (46) (74) (21) (15) (54) (81) (5) (36) (43) (56) (92) (67) (77) (11) (24) (1) (19) (73) (100) (88) (95) (25) (37) (44) (8) (3) (75) (47) (29) (69) (57) (12) (85) (18) (70) (45) (86) (68) (65) (90) (61) (50) (48) (84) (89) (76) (17) (33) (94) (13) (10) (66) (4) (64) (78) (6) (79) (96) (59) (83) (99) (80) (26) (39) (58) (7) (42) (52) (27) (98) (9) 
45 (100) (63) (28) (71) (37) (57) (47) (80) (45) (50) (21) (88) (95) (5) (6) (11) (32) (92) (19) (94) (60) (26) (75) (85) (14) (66) (99) (27) (64) (39) (8) (17) (72) (10) (93) (82) (13) (51) (2) (69) (15) (44) (59) (41) (98) (54) (31) (61) (78) (25) (89) (62) (79) (84) (81) (18) (74) (76) (38) (70) (91) (29) (30) (97) (73) (83) (46) (58) (56) (86) (68) (3) (22) (77) (23) (12) (16) (55) (96) (43) (7) (53) (67) (4) (90) (42 1) 
46 (96) (26) (33) (15) (98) (94) (80) (43) (3) (16) (90) (67) (76) (36) (5) (28) (46) (50) (55) (59) (1) (87) (10) (40) (56) (83) (44) (42) (99) (70) (86) (24) (34) (20) (21) (79) (49) (8) (62) (17) (92) (27) (74) (81) (54) (63) (31) (85) (93) (52) (60) (32) (9) (58) (18) (65) (78) (91) (82) (23) (30) (6) (88) (45) (75) (12) (95) (53) (4) (38) (22) (89) (73) (84) (7) (14) (19) (47) (11) (2) (25) (13) (64) (77) (35) (29) 
47 (66) (2) (55) (6) (20) (95) (71) (97) (74) (17) (51) (56) (14) (54) (76) (77) (92) (62) (82) (50) (29) (7) (89) (85) (10) (91) (42) (46) (80) (93) (67) (88) (31) (49) (64) (37) (21) (43) (94) (41) (79) (36) (45) (33) (58) (60) (22) (3) (8) (61) (4) (39) (90) (99) (48) (72) (35) (81) (52) (27) (53) (5) (23) (18) (68) (19) (75) (25) (44) (98) (12) (34) (83) (26) (78) (87) (11) (59) (32) (47) 
48 (91) (38) (4) (87) (16) (71) (98) (17) (27) (1) (73) (97) (18) (2) (24) (69) (8) (50) (84) (37) (56) (36) (95) (53) (65) (20) (86) (62) (11) (47) (33) (48) (66) (72) (60) (96) (54) (88) (92) (49) (100) (5) (64) (42) (78) (29) (41) (93) (75) (74) (26) (12) (3) (67) (99) (19) (21) (59) (55) (35) (32) (31) (44) (22) (94) (15) (40) (83) (30) (43) (85) (76) (10) (7) (90) (6) 
49 (31) (21) (24) (53) (30) (42) (2) (57) (50) (39) (60) (34) (20) (13) (33) (76) (92) (65) (59) (22) (75) (80) (74) (51) (82) (77) (52) (78) (6) (23) (90) (5) (63) (46) (73) (26) (25) (87) (56) (15) (9) (54) (97) (10) (68) (28) (7) (43) (70) (95) (91) (3) (86) (11) (14) (67) (29) (47) (8) (66) (100) (64) (16) (48) (12) (83) (4) (1) (18) (84) (88) (55) (37) (27) (72) (98) (71) (89) (94) (36) (38) 
50 (54) (17) (34) (44) (2) (91) (28) (82) (67) (32) (62) (43) (55) (48) (100) (7) (35) (6) (84) (51) (64) (3) (86) (12) (50) (99) (71) (41) (33) (69) (58) (74) (72) (88) (57) (13) (65) (92) (79) (70) (75) (29) (96) (10) (49) (9) (24) (61) (22) (93) (45) (81) (46) (95) (37) (8) (30) (4) (83) (14) (40) (78) (42) (39) (80) (77) (1) (73) (56) (25) (27) (59) (53) (97) (36) (16) (15) (5) (19) (11) (98) (68) 
51 (53) (87) (22) (33) (66) (50) (81) (94) (18) (16) (79) (2) (89) (63) (5) (75) (45) (61) (69) (19) (24) (29) (44) (37) (58) (98) (21) (17) (25) (38) (100) (95) (85) (84) (88) (20) (4) (67) (74) (8) (7) (70) (32) (52) (80) (30) (51) (40) (47) (54) (35) (26) (72) (46) (11) (48) (9) (15) (42) (64) (86) (1) (10) (49) (23) (60) (73) (90) (28) (97) (71) (83) (91) (14) (76) (82) (13) (55) (34) (31) (59) (68) (41) (57) (39) (3 65) (62) 
52 (32) (39) (3) (98) (95) (57) (44) (30) (43) (13) (63) (35) (46) (66) (96) (5) (22) (1) (16) (52) (78) (15) (29) (89) (94) (60) (33) (26) (10) (65) (79) (85) (8) (72) (61) (12) (80) (77) (9) (83) (45) (49) (27) (84) (18) (55) (81) (2) (74) (50) (62) (82) (99) (28) (70) (23) (71) (17) (20) (100) (41) (54) (40) (64) (37) (47) (93) (38) (24) (4) (56) (86) (53) (7) (6) (87) (91) (73) (14) 
53 (21) (84) (1) (34) (78) (45) (94) (5) (56) (43) (73) (28) (32) (19) (89) (95) (63) (55) (58) (72) (97) (24) (30) (13) (25) (92) (64) (15) (48) (6) (71) (47) (23) (68) (61) (80) (75) (77) (42) (53) (26) (57) (17) (18) (46) (41) (86) (82) (83) (100) (90) (3) (65) (16) (99) (14) (70) (22) (35) (12) (44) (51) (33) (52) (87) (39) (36) (20) (50) (60) (66) (29) (7) (37) (98) (85) (93) (40) (96) (9) (2) (11) 
54 (55) (46) (90) (93) (29) (59) (44) (85) (7) (61) (13) (62) (75) (23) (57) (10) (49) (38) (3) (97) (51) (64) (100) (6) (35) (32) (25) (79) (1) (41) (96) (74) (86) (76) (48) (37) (40) (53) (54) (60) (80) (83) (95) (88) (73) (4) (14) (69) (39) (43) (92) (33) (89) (56) (17) (11) (68) (65) (47) (78) (45) (2) (99) (26) (94) (16) (84) (52) (71) (31) (20) (70) (36) (82) (98) (27) (81) (50) (5) (9) (77) (87) (30) 
55 (4) (6) (90) (73) (12) (59) (57) (24) (18) (44) (33) (70) (80) (17) (38) (46) (36) (27) (98) (55) (15) (51) (85) (30) (54) (5) (100) (8) (93) (45) (53) (40) (32) (48) (28) (56) (94) (34) (26) (14) (77) (7) (91) (49) (79) (11) (92) (82) (88) (71) (62) (78) (31) (72) (29) (43) (16) (65) (87) (69) (1) (64) (74) (84) (68) (86) (9) (23) (89) (13) (42) (67) (99) (97) (10) (22) (39) (96) (35) (21) (81) 
56 (18) (54) (34) (9) (85) (3) (47) (93) (69) (13) (78) (61) (20) (99) (2) (39) (98) (65) (16) (30) (91) (68) (100) (15) (81) (23) (1) (28) (59) (76) (84) (53) (24) (75) (58) (6) (57) (77) (31) (86) (25) (41) (70) (95) (7) (11) (56) (48) (32) (50) (72) (45) (43) (94) (71) (26) (10) (88) (63) (92) (87) (83) (35) (42) (67) (4) (55) (38) (73) (96) (19) (40) (36) (80) (12) (89) (62) (51) (74) (79) 
57 (9) (93) (56) (80) (60) (76) (26) (20) (31) (99) (62) (86) (79) (28) (50) (65) (78) (35) (29) (95) (54) (90) (98) (19) (37) (21) (96) (39) (92) (25) (11) (34) (63) (49) (48) (14) (94) (23) (41) (83) (88) (72) (33) (1) (43) (64) (100) (77) (6) (74) (15) (69) (52) (58) (44) (24) (40) (87) (47) (81) (46) (67) (45) (61) (97) (53) (42) (57) (4) (38) (18) (32) (51) (12) (55) (66) (17) (75) (27) (59) (16) (8) (85) (71) (2) 
58 (12) (83) (14) (74) (67) (58) (98) (80) (87) (31) (38) (23) (11) (84) (25) (50) (21) (9) (2) (59) (63) (48) (54) (72) (75) (61) (86) (22) (29) (90) (82) (81) (78) (97) (88) (89) (41) (49) (52) (6) (36) (57) (62) (3) (15) (16) (77) (93) (44) (45) (71) (30) (65) (99) (94) (55) (73) (13) (68) (35) (69) (85) (19) (34) (17) (10) (76) (47) (8) (40) (26) (66) (70) (46) (18) (7) (53) 
59 (40) (62) (5) (69) (44) (67) (72) (83) (91) (45) (16) (6) (56) (24) (13) (34) (53) (94) (70) (25) (55) (64) (7) (87) (17) (35) (23) (31) (97) (39) (68) (19) (82) (22) (49) (80) (10) (29) (14) (60) (63) (88) (9) (36) (48) (92) (28) (30) (4) (33) (8) (81) (37) (93) (75) (95) (43) (84) (50) (26) (100) (90) (89) (79) (20) (66) (78) (74) (59) (65) (15) (71) (3) (86) (47) (99) (18) (41) (57) (96) (76) (52) 
60 (89) (30) (56) (98) (14) (87) (62) (94) (40) (72) (69) (80) (96) (93) (92) (68) (77) (85) (4) (38) (17) (95) (7) (79) (100) (35) (11) (29) (20) (81) (74) (43) (45) (42) (19) (51) (65) (67) (27) (31) (53) (22) (21) (88) (97) (3) (55) (76) (91) (41) (61) (12) (52) (46) (9) (13) (25) (1) (75) (48) (59) (16) (54) (99) (83) (58) (36) (60) (18) (73) (26) (34) (6) (32) (50) (28) (5) (44) (78) 
61 (22) (93) (60) (16) (39) (85) (97) (1) (14) (77) (40) (19) (7) (51) (33) (70) (15) (65) (35) (53) (46) (17) (55) (54) (91) (92) (18) (21) (67) (3) (71) (57) (24) (74) (96) (4) (25) (64) (23) (62) (10) (45) (82) (32) (75) (47) (5) (37) (72) (26) (27) (49) (90) (29) (86) (89) (80) (56) (69) (83) (81) (12) (59) (34) (79) (50) (38) (88) (28) (6) (66) (98) (2) (44) (52) (43) (94) (87) (68) (9) 
62 (25) (18) (73) (55) (10) (48) (41) (96) (51) (35) (6) (32) (59) (3) (43) (70) (37) (17) (91) (95) (2) (61) (52) (90) (50) (29) (23) (13) (16) (99) (72) (45) (14) (67) (97) (98) (68) (87) (1) (19) (79) (8) (4) (71) (44) (63) (80) (69) (22) (15) (76) (58) (89) (82) (56) (9) (92) (65) (100) (21) (39) (83) (60) (77) (74) (42) (64) (36) (93) (7) (54) (33) (84) (46) (88) (11) (30) 
63 (80) (49) (70) (100) (55) (38) (23) (7) (65) (27) (16) (79) (17) (5) (3) (87) (91) (2) (57) (32) (88) (95) (36) (1) (42) (69) (48) (33) (6) (31) (4) (56) (20) (46) (60) (50) (11) (29) (90) (76) (84) (99) (12) (82) (15) (68) (59) (89) (41) (71) (37) (47) (10) (94) (83) (78) (25) (8) (30) (74) (86) (18) (21) (93) (13) (61) (73) (39) (19) (64) (52) (26) (75) (43) (96) (66) (35) (14) 
64 (51) (29) (12) (75) (55) (47) (68) (50) (83) (66) (81) (11) (76) (82) (93) (92) (32) (67) (14) (98) (28) (38) (72) (44) (64) (71) (70) (24) (17) (56) (16) (99) (89) (91) (74) (42) (6) (15) (58) (20) (88) (48) (65) (85) (62) (10) (46) (39) (57) (73) (7) (45) (22) (53) (26) (27) (54) (1) (37) (90) (100) (94) (61) (19) (25) (60) (33) (52) (9) (8) (21) (41) (49) (77) (18) (13) (5) (36) (23) (69) (4) (79) (34) (63) (31) (96) 
65 (10) (84) (6) (60) (38) (59) (78) (42) (23) (5) (46) (33) (30) (24) (86) (100) (14) (34) (39) (66) (9) (74) (52) (4) (56) (83) (29) (69) (36) (72) (71) (18) (91) (47) (89) (41) (15) (80) (99) (97) (96) (48) (73) (7) (50) (90) (82) (98) (64) (26) (35) (61) (65) (92) (43) (88) (77) (63) (49) (94) (54) (75) (40) (68) (79) (51) (20) (1) (81) (13) (55) (2) (12) (17) (28) (25) (16) (57) 
66 (97) (12) (96) (61) (28) (58) (79) (90) (40) (77) (53) (60) (27) (83) (65) (21) (99) (73) (8) (69) (19) (48) (88) (50) (98) (16) (46) (80) (86) (87) (6) (76) (33) (38) (2) (26) (84) (57) (5) (52) (55) (7) (35) (23) (1) (51) (78) (91) (36) (44) (92) (74) (49) (29) (100) (30) (20) (43) (71) (64) (75) (13) (24) (81) (66) (25) (4) (72) (54) (67) (32) (62) (17) (85) (18) (31) (11) (3) (42) (70) (82) (47) (95) 
67 (31) (88) (70) (56) (39) (49) (46) (80) (58) (18) (99) (96) (69) (79) (66) (16) (90) (97) (20) (22) (36) (11) (98) (19) (84) (38) (10) (95) (21) (65) (54) (68) (57) (43) (64) (47) (86) (3) (85) (26) (29) (2) (53) (42) (62) (14) (13) (63) (83) (44) (52) (51) (6) (45) (32) (30) (94) (74) (34) (41) (48) (28) (23) (17) (82) (8) (93) (4) (35) (27) (25) (5) (60) (61) 
68 (70) (66) (91) (89) (81) (35) (54) (59) (56) (15) (18) (16) (43) (94) (5) (29) (45) (48) (76) (95) (51) (78) (21) (61) (22) (52) (6) (74) (72) (83) (42) (26) (99) (46) (57) (69) (12) (97) (44) (24) (2) (31) (86) (77) (87) (60) (82) (14) (17) (100) (36) (68) (80) (73) (41) (55) (71) (67) (13) (58) (88) (92) (33) (9) (23) (4) (62) (64) (30) (19) (53) (40) (96) (65) (90) (27) 
69 (17) (4) (67) (28) (34) (60) (55) (51) (10) (39) (94) (63) (48) (25) (83) (77) (44) (12) (7) (16) (79) (81) (72) (1) (13) (53) (49) (22) (97) (36) (52) (69) (88) (38) (23) (42) (100) (78) (62) (68) (87) (66) (98) (20) (47) (57) (35) (93) (6) (90) (73) (91) (8) (21) (95) (27) (56) (41) (30) (75) (89) (18) (11) (14) (86) (31) (3) (84) (96) (33) (32) (19) (40) (43) (5) (9) (45) (65) (58) (99) (59) (24) 
70 (36) (100) (90) (40) (95) (11) (65) (32) (2) (9) (68) (52) (94) (54) (22) (37) (63) (30) (5) (80) (88) (56) (44) (42) (73) (70) (48) (75) (38) (91) (15) (25) (20) (78) (28) (6) (39) (93) (51) (58) (98) (77) (3) (82) (49) (50) (34) (1) (96) (67) (13) (57) (85) (27) (79) (83) (10) (4) (29) (43) (41) (99) (81) (72) (92) (64) (66) (31) (61) (47) (21) (53) (33) (17) (87) (18) (69) (16) (23) (24) 
71 (54) (83) (38) (57) (19) (92) (66) (30) (46) (85) (51) (80) (59) (52) (88) (14) (75) (16) (3) (95) (31) (70) (78) (49) (18) (37) (29) (4) (35) (36) (39) (10) (40) (58) (22) (91) (33) (74) (98) (55) (87) (41) (48) (11) (93) (73) (44) (45) (6) (21) (94) (24) (99) (9) (32) (63) (86) (84) (53) (17) (26) (79) (23) (34) (65) (7) (5) (77) (28) (90) (71) (8) (50) (61) (64) (67) (42) (25) (100) (96) (76) (82) (97) (69) (56) (43) (89) (72) 
72 (96) (47) (35) (93) (64) (29) (36) (20) (89) (38) (88) (15) (31) (14) (81) (90) (11) (21) (5) (3) (45) (60) (19) (78) (17) (58) (28) (99) (57) (72) (97) (86) (6) (34) (9) (18) (100) (51) (83) (49) (65) (87) (70) (1) (62) (42) (67) (98) (53) (55) (13) (74) (44) (91) (8) (7) (85) (46) (25) (73) (37) (66) (50) (39) (41) (27) (61) (63) (12) (68) (10) (52) (40) (75) (77) (76) (33) (43) (32) (2) (23) (30) (4) (16) (59) 
73 (66) (8) (23) (29) (24) (12) (100) (11) (32) (96) (2) (73) (42) (4) (69) (56) (70) (34) (87) (31) (25) (98) (75) (19) (6) (18) (89) (85) (59) (36) (43) (97) (64) (5) (94) (22) (17) (99) (68) (55) (10) (40) (65) (27) (61) (92) (81) (57) (76) (21) (13) (52) (37) (72) (91) (77) (51) (67) (9) (84) (60) (30) (74) (33) (54) (38) (1) (3) (26) (46) (78) (90) (16) (62) (50) (58) (79) (83) (7) (20) (49) (47) (95) (88) (53) (80) (15) (44) 
74 (73) (83) (69) (34) (66) (78) (28) (76) (51) (24) (57) (8) (16) (15) (63) (23) (37) (25) (17) (6) (7) (93) (26) (88) (98) (60) (81) (13) (65) (86) (80) (30) (44) (42) (72) (35) (43) (40) (74) (77) (89) (27) (39) (4) (67) (90) (21) (82) (79) (97) (2) (18) (31) (55) (59) (100) (3) (20) (75) (91) (64) (29) (92) (85) (11) (94) (96) (36) (52) (46) (5) (54) (48) (1) (71) (9) (53) (56) (38) (95) 
75 (54) (6) (5) (13) (31) (34) (50) (86) (69) (71) (84) (43) (80) (36) (79) (82) (75) (39) (60) (19) (46) (17) (47) (27) (85) (95) (29) (93) (90) (14) (53) (8) (87) (97) (44) (51) (96) (37) (20) (35) (21) (59) (16) (7) (45) (62) (26) (91) (89) (64) (73) (100) (57) (68) (98) (18) (15) (67) (63) (55) (99) (9) (28) (32) (92) (56) (66) (76) (72) (83) (61) (25) (94) (33) (22) (70) (48) (74) (88) (24) (23) (40) (38) (81) 
76 (26) (89) (79) (58) (94) (52) (63) (81) (21) (24) (9) (34) (66) (100) (44) (83) (32) (68) (78) (39) (15) (2) (43) (96) (10) (3) (57) (41) (49) (73) (37) (31) (27) (56) (62) (33) (46) (45) (71) (28) (90) (17) (92) (42) (20) (97) (86) (87) (53) (70) (38) (85) (74) (23) (50) (82) (76) (6) (64) (60) (36) (61) (18) (65) (84) (48) (22) (69) (47) (35) (13) (30) (8) (59) (99) (25) (88) (16) (98) (91) (19) 
77 (57) (76) (40) (64) (72) (45) (42) (39) (93) (83) (32) (70) (44) (73) (77) (92) (55) (14) (82) (24) (61) (1) (86) (97) (3) (18) (67) (38) (25) (26) (21) (95) (63) (29) (2) (84) (7) (54) (35) (41) (100) (37) (4) (96) (10) (74) (88) (78) (15) (99) (11) (46) (91) (71) (34) (30) (27) (94) (13) (20) (58) (17) (33) (50) (49) (5) (23) (79) (68) (28) (43) (6) (85) 
78 (60) (22) (98) (17) (12) (43) (80) (71) (50) (74) (2) (100) (11) (8) (35) (95) (65) (41) (24) (37) (14) (76) (99) (28) (42) (92) (77) (21) (34) (7) (90) (68) (89) (62) (25) (3) (31) (38) (26) (79) (5) (27) (18) (54) (32) (66) (46) (88) (40) (47) (13) (16) (93) (51) (30) (9) (23) (72) (94) (56) (20) (44) (78) (87) (33) (91) (36) (29) (81) (85) (75) (6) (52) (69) (61) (59) (53) (45) (39) (73) (84) (82) (63) (58) (70) 
79 (1) (64) (66) (90) (5) (91) (83) (58) (30) (47) (79) (2) (32) (48) (88) (24) (41) (17) (33) (99) (96) (6) (73) (78) (19) (53) (80) (85) (7) (59) (94) (16) (84) (46) (63) (40) (87) (92) (61) (76) (100) (28) (37) (36) (38) (89) (55) (10) (44) (35) (67) (42) (98) (57) (72) (31) (62) (69) (82) (26) (65) (11) (97) (54) (71) (4) (34) (93) (13) (45) (23) (9) (81) (21) (77) (86) (74) (22) (95) (70) 
80 (75) (49) (60) (20) (6) (99) (74) (8) (90) (51) (5) (86) (32) (23) (63) (52) (59) (28) (42) (64) (29) (38) (34) (82) (47) (22) (19) (84) (96) (25) (53) (31) (43) (9) (66) (65) (80) (17) (91) (55) (18) (76) (68) (39) (85) (40) (70) (21) (41) (88) (57) (89) (100) (2) (72) (97) (44) (12) (71) (48) (98) (37) (14) (16) (56) (81) (24) (62) (36) (79) (69) (30) (35) (11) (87) (45) (13) (27) (4) 
81 (19) (71) (25) (22) (75) (92) (28) (15) (84) (55) (76) (14) (62) (45) (39) (73) (21) (83) (29) (7) (74) (63) (82) (100) (52) (87) (30) (56) (12) (43) (97) (72) (42) (23) (20) (81) (90) (13) (40) (99) (47) (88) (8) (11) (16) (24) (2) (4) (36) (94) (57) (32) (67) (68) (54) (5) (1) (86) (96) (44) (26) (93) (89) (31) (60) (77) (17) (48) (78) (46) (85) (6) (3) (51) (38) (70) (98) (49) (10) (18) (69) (66) (34) (91) (59) (79) 
82 (61) (31) (63) (42) (65) (40) (22) (39) (96) (66) (69) (64) (86) (51) (99) (53) (92) (1) (29) (57) (7) (70) (3) (13) (45) (89) (18) (17) (47) (55) (76) (81) (20) (68) (52) (44) (94) (71) (21) (72) (48) (85) (82) (78) (11) (56) (6) (16) (33) (87) (9) (79) (91) (83) (93) (37) (4) (23) (12) (74) (32) (98) (80) (54) (46) (50) (14) (88) (95) (30) (97) (84) (25) 
83 (45) (21) (90) (35) (4) (61) (24) (77) (59) (16) (39) (63) (15) (34) (70) (89) (60) (75) (94) (87) (86) (13) (37) (98) (42) (17) (11) (91) (97) (72) (10) (29) (99) (93) (9) (1) (62) (74) (2) (88) (3) (64) (51) (48) (54) (28) (33) (14) (92) (100) (56) (25) (96) (80) (69) (19) (66) (46) (49) (73) (50) (43) (85) (41) (27) (40) (81) (12) (84) (22) (38) (65) (32) (57) (83) (30) (8) (82) (52) (67) 
84 (67) (6) (31) (52) (25) (64) (8) (7) (21) (23) (35) (11) (4) (88) (60) (68) (92) (40) (1) (43) (3) (45) (80) (2) (29) (55) (30) (39) (90) (89) (33) (50) (97) (27) (51) (77) (98) (26) (76) (36) (42) (63) (95) (87) (57) (83) (59) (65) (71) (61) (24) (9) (37) (62) (53) (12) (82) (74) (58) (48) (34) (32) (46) (5) (18) (78) (10) (14) (49) (54) (85) (81) (99) 
85 (5) (8) (51) (4) (15) (14) (37) (76) (35) (89) (12) (39) (63) (68) (24) (100) (83) (48) (23) (65) (71) (87) (16) (32) (44) (99) (25) (66) (31) (78) (64) (13) (98) (42) (45) (36) (22) (82) (97) (61) (93) (75) (6) (2) (30) (90) (85) (49) (96) (17) (67) (34) (92) (59) (28) (73) (9) (26) (86) (58) (54) (94) (43) (29) (91) (80) (11) (47) (41) (46) (1) (10) (95) (62) (27) (81) (40) (53) (21) (50) (79) (69) (74) (18) 
86 (67) (78) (24) (14) (54) (33) (30) (99) (32) (70) (56) (37) (19) (16) (12) (46) (100) (45) (43) (21) (97) (73) (96) (75) (39) (36) (7) (48) (18) (83) (90) (11) (66) (93) (95) (3) (59) (64) (65) (81) (27) (20) (29) (63) (28) (38) (55) (88) (22) (80) (31) (76) (79) (74) (1) (53) (41) (94) (25) (85) (5) (49) (98) (89) (26) (77) (92) (34) (58) (60) (52) (51) (23) (15) (4) (8) (91) (40) (57) (71) (13) (62) 
87 (21) (40) (1) (66) (24) (45) (88) (94) (83) (17) (58) (86) (3) (77) (15) (69) (65) (87) (91) (26) (33) (29) (6) (27) (35) (16) (47) (10) (63) (46) (56) (13) (97) (5) (51) (54) (52) (85) (30) (49) (68) (57) (84) (23) (44) (64) (12) (79) (34) (100) (28) (96) (18) (36) (38) (31) (48) (93) (82) (89) (62) (80) (98) (71) (90) (67) (99) (39) (4) (92) (53) (8) (7) (76) (9) (14) 
88 (54) (67) (97) (93) (53) (61) (88) (27) (2) (25) (70) (76) (68) (3) (19) (40) (22) (56) (44) (92) (98) (6) (96) (47) (46) (29) (90) (65) (15) (50) (42) (60) (33) (41) (9) (1) (81) (100) (84) (87) (79) (86) (18) (45) (51) (82) (71) (38) (52) (72) (80) (69) (39) (59) (32) (74) (91) (7) (14) (34) (62) (83) (35) (78) (28) (85) (8) (23) (24) (4) (16) (20) (94) (63) (73) (57) (31) (48) (26) (58) (36) (43) (30) (49) 
89 (56) (91) (38) (97) (10) (75) (28) (47) (78) (96) (33) (62) (66) (6) (71) (64) (85) (27) (82) (45) (48) (2) (59) (13) (12) (46) (23) (31) (19) (77) (68) (99) (74) (87) (94) (89) (84) (35) (29) (14) (18) (90) (7) (80) (69) (60) (1) (92) (52) (39) (49) (44) (15) (76) (57) (24) (61) (55) (53) (32) (30) (17) (26) (98) (93) (21) (8) (42) (50) (65) (34) (16) (54) (41) (73) (3) (63) (58) (43) (72) (81) 
90 (15) (49) (52) (20) (75) (69) (5) (31) (100) (37) (24) (9) (26) (50) (68) (94) (97) (72) (88) (21) (89) (33) (64) (3) (78) (51) (95) (48) (73) (91) (70) (98) (17) (1) (6) (59) (90) (30) (54) (25) (53) (23) (45) (62) (12) (74) (13) (76) (42) (66) (44) (86) (93) (85) (58) (63) (32) (18) (35) (36) (92) (38) (87) (39) (81) (71) (22) (29) (4) (99) (80) (2) (60) (16) (43) (41) (28) (47) (8) (65) (55) (34) (11) (27) (19) (84) (83) 
91 (31) (28) (85) (90) (43) (67) (16) (100) (32) (41) (97) (69) (63) (33) (65) (39) (66) (1) (54) (45) (81) (70) (96) (84) (25) (4) (61) (51) (47) (94) (24) (53) (38) (75) (87) (79) (55) (19) (95) (68) (15) (78) (83) (98) (80) (8) (26) (36) (40) (64) (59) (21) (9) (11) (52) (72) (12) (57) (14) (91) (49) (44) (73) (60) (35) (82) (30) (10) (86) (18) (92) (5) (20) (77) (99) (62) (27) (50) 
92 (18) (67) (46) (10) (25) (13) (86) (55) (12) (77) (16) (85) (40) (33) (98) (1) (75) (31) (14) (30) (66) (34) (65) (6) (61) (50) (100) (82) (64) (95) (47) (53) (48) (45) (37) (39) (17) (11) (94) (63) (2) (35) (88) (21) (49) (87) (38) (29) (54) (80) (96) (44) (58) (99) (60) (26) (32) (22) (9) (69) (79) (74) (43) (51) (15) (42) (91) (76) (41) (81) (56) (89) (70) (57) (93) (36) (72) (97) (83) (4) 
93 (15) (22) (43) (93) (27) (68) (95) (25) (54) (5) (90) (74) (44) (23) (85) (77) (26) (63) (62) (12) (37) (88) (2) (6) (14) (87) (72) (16) (55) (18) (38) (76) (35) (83) (34) (57) (49) (61) (31) (96) (41) (79) (56) (73) (91) (24) (10) (29) (45) (20) (69) (92) (80) (59) (17) (46) (65) (82) (19) (60) (53) (36) (66) (89) (8) (75) (99) (52) (100) (70) (11) (1) (50) (39) (48) (4) (97) (13) (98) (30) (3) (33) (42) 
94 (91) (86) (3) (34) (66) (22) (41) (70) (44) (28) (45) (37) (82) (72) (95) (96) (61) (84) (100) (58) (8) (48) (97) (17) (85) (27) (81) (40) (89) (16) (42) (2) (24) (69) (21) (23) (30) (19) (26) (4) (99) (56) (62) (57) (76) (6) (47) (7) (60) (25) (73) (49) (13) (71) (31) (93) (54) (55) (18) (38) (11) (98) (33) (14) (74) (79) (52) (83) (92) (68) (80) (51) (64) (9) (35) (77) (63) (15) 
95 (10) (52) (9) (69) (78) (85) (8) (72) (37) (96) (64) (51) (54) (65) (28) (48) (70) (63) (94) (61) (30) (14) (81) (88) (98) (27) (47) (5) (2) (68) (21) (33) (87) (97) (18) (25) (62) (31) (95) (6) (58) (39) (12) (55) (99) (82) (83) (74) (4) (36) (44) (19) (77) (80) (1) (60) (35) (26) (29) (71) (43) (100) (79) (49) (13) (23) (67) (24) (53) (90) (45) (56) (42) (15) (84) (86) (17) (92) (34) (32) (22) (91) (89) (20) (57) (50) (41) 
96 (8) (5) (94) (46) (73) (32) (20) (82) (61) (19) (90) (45) (6) (96) (30) (36) (26) (39) (78) (14) (55) (53) (52) (64) (10) (7) (65) (49) (1) (83) (85) (40) (18) (15) (42) (41) (29) (34) (89) (2) (95) (63) (23) (70) (88) (22) (71) (11) (68) (99) (84) (9) (37) (24) (93) (57) (60) (81) (75) (50) (79) (59) (27) (13) (77) (97) (43) (16) (86) (76) (72) (100) (92) (28) (66) (69) (38) (54) 
97 (86) (47) (13) (89) (5) (10) (46) (62) (41) (34) (40) (22) (87) (36) (81) (20) (29) (24) (99) (35) (15) (58) (8) (30) (95) (74) (73) (70) (19) (66) (79) (12) (78) (45) (59) (28) (91) (4) (27) (98) (50) (31) (80) (48) (55) (53) (64) (3) (23) (26) (17) (32) (37) (56) (38) (85) (97) (77) (7) (83) (69) (11) (100) (33) (51) (6) (90) (68) (2) (16) (18) (63) (82) (92) (39) (96) (75) (94) (93) (65) (54) (61) (9) (14) (67) (21) (72) 
98 (62) (87) (41) (84) (39) (31) (57) (1) (72) (63) (50) (11) (82) (16) (47) (3) (52) (28) (10) (40) (88) (79) (43) (69) (56) (26) (20) (4) (8) (48) (49) (51) (96) (44) (73) (70) (90) (24) (19) (65) (83) (77) (15) (60) (81) (91) (71) (25) (34) (13) (36) (21) (54) (53) (29) (17) (33) (18) (37) (46) (23) (99) (58) (92) (30) (78) (12) (66) (27) (64) (67) (7) (94) (45) (42) (75) (59) 
99 (99) (74) (94) (15) (60) (50) (66) (26) (58) (87) (29) (57) (56) (3) (91) (81) (33) (86) (85) (13) (35) (59) (45) (34) (24) (65) (2) (12) (51) (7) (95) (9) (5) (47) (77) (72) (43) (22) (1) (20) (68) (93) (98) (80) (21) (37) (79) (67) (61) (83) (63) (10) (23) (44) (30) (73) (6) (89) (11) (54) (53) (100) (88) (18) (16) (69) (38) (41) (28) (82) (49) (27) (8) (96) (19) (97) (78) (71) (90) (32) (14) (62) (39) 
100 (11) (15) (97) (21) (68) (95) (64) (65) (33) (38) (49) (45) (28) (62) (51) (78) (17) (75) (30) (72) (34) (16) (92) (74) (89) (56) (54) (85) (93) (94) (32) (80) (25) (36) (55) (26) (4) (84) (6) (58) (61) (86) (14) (1) (67) (96) (87) (35) (43) (8) (27) (31) (90) (3) (60) (9) (2) (59) (76) (71) (24) (52) (81) (40) (83) (39) (41) (50) (18) (100) (99) (66) (98) 
