0
100
100
1 (87 46 61) (73 77) (65) (15 36) (72 12 84) (33 69 59 64 99 89 75) (90 97 44) 
2 (10 36 7) (47 87) (54 25 30) (86) (57) (67 2) (15 42 84) (28 9) (80 38 32 20) (48) 
3 (35) (34 67) (23) (36 15) (22 68) (4 56) (69) (18) (95 83) (6 61) (27) 
4 (18 46) (66) (36 97 68) (63 82 19 15 7 53 57 75 76 60) (14) (39 52) (40) 
5 (9) (49) (11 71) (23 79 43 16 31) (68 60 58 63 38) (22) (8 42) (55 4 76) (15 53 44) 
6 (17 98) (34 88) (40 6 12) (86 22 47) (76 92 80) (25 29 83 97 77 16 46 94) 
7 (92 9 95 41) (27) (57 99) (7 38 44) (42 17) (26) (22) (76 52) 
8 (70 37) (54) (14 95 99) (45 32 61 19) (88 29 40) (11 53) (46) (85 33 13) (93 82) (59) (7) 
9 (99) (44 52) (1) (5) (90 71 26 23 64) (7 82 63 27 4 38 76 97 56) (40) (19) 
10 (67 41 89 47 12 21) (9 78 72 70 39 52) (43 16 99) (51 66) (20) 
11 (33 59) (86) (60 43) (56 72 84 79) (85 78 94) (83 40) (63 32 18) (95) (17) (23 68) 
12 (98) (66 25) (19) (91 93 90) (36) (1 39) (59 53) (89 43 38) (35) (5 24) 
13 (87) (97 1 76 99) (34 55) (28) (86 85 22) (83 10 36 45) (65 90) (69) (70) (30 6 51 32) (82 92 96) 
14 (82 69 91 31 12 19 5 39 51) (61 78 60 75) (45 63 47) (86 52 74) (84 16) 
15 (39) (35 77 64 75) (60) (43) (78 88 32 15 47) (57 98) (30 86) (83 49) (99) (21 38) (79) 
16 (78) (100) (60) (56 97) (77 73) (38 51 41) (32) (44 65) (49) (70 35) (4) (91 31) (55) 
17 (41) (90 55) (65 49 6 73 87 94) (8 59) (20) (68 61) (92 26) (22) (47) (31) (58) (81 88) 
18 (11) (91 69 57) (7 41 6) (24) (80 61 20) (88) (43) (49) (77 63 78) (21) 
19 (65) (78 70 17) (68) (13 8) (83 2 64 97) (93 37 62 45) (24) (54) (40 73 30) 
20 (7) (32 29 95 4 84) (92) (67 70 36 50) (38 58 30) (64 35 41 28 2) (11 66 20 79 96 47) 
21 (26) (89 82 20 44 6) (54) (76 41 3) (43 1 25) (93) (65 64 35) 
22 (66 8) (26 41 60) (82 13 94 67 57) (36 10) (1 65) (92) (3) (4) (37 34) (38) (54) (27) (46) 
23 (48 86 62 33 78 55) (5 2) (93 74) (79 26 95) (30) (8) 
24 (6) (95 16) (25 22) (18 30) (40 90 35 54 98 93 76 15 69 47 64) (10 39) (2) (87) (97) (4) (55 13 73) 
25 (62) (32 2) (58 8 49 85 95) (20 16) (14 82 63 72 90) 
26 (22) (1 95 76 72 15 24) (74 52) (53) (27 65 6 51 14) (61) (25) 
27 (50) (74 63 75) (21 9) (84) (16 51) (33 56) (28) (24 65 82) (93 70) (37) 
28 (94 60) (29 72) (92) (56 25 54) (75 83 14) (18) (95) (91) (5 80 24) (2) 
29 (47 4) (17) (2 59) (3 40 16 84) (83 99 52 30 81 88 11) (100 46) (98 77) (45) (42 50) (32) (33) 
30 (98) (32 51 65) (41) (13 5 90 99 54 67 29 33) (95 46 71) 
31 (2 27 42 49 30 52) (96 24 78 6 7 71 5) (14) (97 20 82) (29) 
32 (75 27) (61 86) (71 96) (92 65 70 9 64) (4) (66 91) (25) 
33 (65) (73) (46 10) (28 89 16) (29 19 41 32) (99) (64) (60) (52 58 90 12 74) 
34 (86 65 89) (55 87) (88) (27) (24) (84) (61 38 75 63 23) (79) (42) (11 83 53 64 72 66) (9) (67) 
35 (30 25) (62) (95) (3 37) (49) (27) (12 24 45) (71 14 98 48 39 35) (53) (18 20 83) 
36 (75 6 87 89) (2) (84) (94 1) (53) (90) (76 19) (61) (39 11 80) (79) (95 86 37 64 63) (41 20 30) (71) 
37 (6 31) (58) (46) (53 19 57 65 39) (22 78) (2) (27) (52) (79) (80) (88) (74 28) (75) (42) (4 63) 
38 (30 81) (40) (4 70) (21 78 46) (98 83) (33 2) (84) (55) (90 99) (50) 
39 (25) (81 68) (53 28 52) (75 45) (90) (24 100) (83) (54 46) (84) (62 20) (21) (1) (73 67) (99 43 38) 
40 (45 46) (44 57 69 47 97 52) (6 13 39 91) (70) (61 67 56 81) (2 31) 
41 (84 26 68 9 97) (45 32) (2 74 31) (73 37 95 71) (88) (77) (33 76) (50) 
42 (85 49 40 81) (71 83 70 16 21) (42) (79 87 99 62) (88 27 95 67) (38 25) 
43 (42 51 25) (48 21 83 72) (40 93) (20) (16 66 96 29 91) (10 74 89 54 88) (6) 
44 (92 44 43) (52) (83) (47 41 33) (3) (58 48) (98) (90 95 30 17) (23 39) (75 86) (1 31 68) 
45 (55 94 52) (100) (4 29) (37) (64) (5) (86) (98 21) (87) (61 43 90) (12 92 15 89) (83) (97 7) (56) 
46 (79 51 53 13 80 39 36 19 6 65) (99 100) (85) (24) (98) (47) 
47 (72 31 90) (45) (23) (32 56) (78) (53) (35) (54 77 76) (34 67 14) (74 7 12) 
48 (81) (92) (89) (47) (18) (27) (51) (7 64 35) (23) (12) (84 56) (2) (76 48) (54) (3 87) 
49 (82 62) (85 45 11 51) (73 44) (84 43 39) (29 70 41 66) (19 30 37) 
50 (41) (2 67 66 29) (54 81 28 98) (80 57) (94) (45) (38) (60) (4 40) 
51 (61 33 38) (66 24) (7 94 47 76) (25 79 52 40) (48 17) (19) (44) 
52 (57 42 65 100 46 29 48 14) (63 55) (43 13 72) (49) (82) (59) (88 78) (83) (60 52) (26) (53) (10 22 91 79) 
53 (57) (27) (71 41) (25 35) (53 49 37) (89) (31) (18 95 90) (82 58) (6 61) (56 29 79) (5) 
54 (98 41 13 47) (4) (20) (86) (52) (8) (51 68 69 59 77 31 97 22 56 39) (43) (12) 
55 (35) (21) (34 28) (54) (64 20) (16 60 46 77) (22) (45 85 4 40) 
56 (58 50 61) (63 42 36 51 20) (22) (19) (99 76 90 30) (38) (25 78) (92) (73) (88 84) (70) (59) 
57 (72) (56 83 84 14) (53 99) (6 24 68 2) (79 81 44) (42 19 12 50) (62 78) 
58 (72 9 37 40 8 7) (62) (55) (76) (77) (20) (73 78) (82 96) (69) (44 51) 
59 (9) (78 34 61 68 18) (30 100) (6 55 69) (59 64 16 38) 
60 (89 53) (71 69 33 26 86) (48 29) (24 5 4) (49 20 85) (36) (35 1) (46) (78 50) 
61 (83 45 28 67) (51) (92 52) (86) (8 58) (97 73) (39 15 20) (68 62) (94 95 21) 
62 (99 94) (34) (59 22) (93 31 84 49 72) (75 38) (35) (4) 
63 (20 88 55 54 93) (78 80 52 1) (71 72) (41 53 6 14) (70 83 3 86 39 26) (95 64 94) 
64 (20 51 56 15) (1 66) (57 26) (72) (92) (28) (79 96 94) (75) (64) (19) (97) (7 88 81) (70) 
65 (34 23 47) (42) (15 37 8 14) (80) (86 33) (68) (43) (87 58 64) 
66 (53 48 93 47 73) (5 15 86) (49 38) (8) (58 9 3) (39 94 92) (85) (32) 
67 (13 47 56 52 41 92) (26 63) (40) (43 42 87 3 38 78 36 69) 
68 (21 8 49 38 28) (87) (82 27 67) (99 54) (74) (7) (36) (97) (80) (84) 
69 (74 10 78) (39 1) (58 100) (14) (42 69 18) (46) (36) (70) (60 9) (67) (73 76 33) 
70 (60 90) (41 73 52 77 15) (26) (76 100) (99) (51 75 11 74) (92) (34) (59) (17) (14) (36) (54) (30) 
71 (63 48) (82 86 12 68 6) (45 72 46) (60) (17) (99 100) (13) (16) (8 19) (25) (70 33 87 64) (93) 
72 (6) (40 24 22 60 69 68 4 70 53) (78 48 98 1 19) (77) (80 90 84) 
73 (86 26) (55) (54) (2 91) (73 40) (43) (82 84) (61 44 57 4 45 65) 
74 (12) (72 13 20) (37) (2 18 85 89 94 16) (77 31 54) (98 91) (36 69) (58 59 67 44) (30 92 29) (70 47 78) (27) 
75 (88) (68) (93 66) (7 90 89 91 82 73) (51 47) (75) (8 78 14) (94 79 21 11 25 61) (5) (72 77 74) 
76 (44 19) (35) (9 63 38 22 8) (85 55) (36 97 20 73 42) (91 29) (39) 
77 (96 72 93) (90 24 83 60) (58) (40) (62 5) (47 69) (18 51 32) (99) (43) (42) (75 94) 
78 (8 99 14 92 87) (7 60) (82) (71 73 24 11) (80 57 32) (100) 
79 (8) (34 89) (13) (14 12) (96 95 72) (46) (57) (74) (86) (1 85) (20) (16 56) (73 17) 
80 (66 58 52) (6) (26 71 78 37 5 56 25) (8 24) (44) (67 19 76) (53 93) (50 73) (36 11) (63 17) 
81 (65 96 71) (7 28 37) (43) (63 2 67 91) (31 94) (26 84) (9 95) (53) (87 69) (58 36 30 97 33 11) (64 14) 
82 (99 84 42) (90 45 35 79) (34 76 87) (78) (77) (89) (10 9) (52) (31 55) 
83 (1 80 34 98) (39 14 79) (75) (74) (52) (19 13 86 54 53) (96) (42) (95 97) 
84 (89) (75 1) (82) (99 12) (4 17 72 65) (6) (34) (26 71 37 73) (31 57) (80 53) 
85 (26 85) (56 84 4) (41 60 3) (88 66 47 68) (31 90 52 13 23 73) (83) 
86 (26) (98 86 93 33) (81 70 37 49 15 94) (51) (55) (30) (72 3 41) (53 77) (96) (14) (62 84) (17) (46) 
87 (76) (35 15) (99) (87 63) (3 49 23) (20 51) (39 78 11 44) (1 96 94 53) 
88 (89 46) (26) (18 13 4) (41 58 76 63) (25 45 7 73 38 36 54) (24) (79) 
89 (80 12 5 28) (44) (21 15 23 37 69 4 71) (40) (58 32 81 57 70) (79) (100 30) 
90 (66 7 46 57) (37 43) (27 67 73) (25) (54) (2 36 77 44 55) (68 45) 
91 (43) (82 61) (95 81 32 16) (66) (86 89 25 96) (94 22 100 28 5) (13) (36 39) (12) (30) (50) (47) (38) (98) 
92 (59) (99) (75) (71) (26 2) (96) (66 12) (22 35 28 44 57) (41 47) (67 33) (70) 
93 (52 70 17 57) (73 5 8 37) (75) (18) (20 38 21) (42) (69) 
94 (80 86 66) (33 42 90 8 68) (89) (97 20 19 87) (37) (51 83 48) (3) 
95 (49 88 56 34 57) (75 58 60 9) (46 12) (45 28 11) (52) (8 48 5 10) 
96 (59 10 53) (70) (67 98 54 27) (12) (89 28) (47 37 7) (75 65) (72) 
97 (49 54) (91 10) (93) (4 50) (77 95) (92) (25 47 19) (62) (100 82 72) (43) (14 7) (35) 
98 (72 15 1) (21 82 44) (37 3) (39 80 23 100 69 53) (54) 
99 (34 45 67 17) (86) (25 52 37 94 70 91) (56) (72) (95 6) (53) (1 11) (2 47) 
100 (51) (53) (72 47 29 14 40) (28 45 16 82 17 25 97 42 54 68 46) (77 15) 
1 (99) (12) (83) (22) (44 87 13 64 98 72) (79 9 36 84 21) (39 69 60) (26 63) 
2 (48) (74) (50) (57) (40) (92) (23) (81) (2 73 99 29 90 28) (20 38) (36) (31 19 41 25) (37 24) 
3 (94) (63) (29) (35) (98) (22) (85) (86) (48) (87) (44) (67) (21) (66) 
4 (72) (29) (22) (5) (20) (32) (85) (62) (55) (97) (89) (54) (3) (84) (37 73) (24 45 88 50 60) (9 38 16) 
5 (66) (60) (45) (89) (93) (28) (91) (53) (75) (77) (12) (31) (23) (80) (14) (30) (95) (9) 
6 (57) (46) (37) (59) (43) (71) (31) (63) (72) (80) (24) (40) (18) (53) (17) (84) (3) (26) (36 6) (13) (21 99) 
7 (9) (45) (75) (88) (18) (48) (51) (58) (4) (68) (90) (96) (64) (47) (20) (31) (8) (7) (97) (78) (2 81) 
8 (54) (23) (25) (68) (66) (5) (58) (79) (95) (17) (65) (78) (71) (80) (75) (76) (22) (94) (61) (93) (19) 
9 (76) (69) (95) (34) (58) (66) (7) (5) (59) (32) (27) (81) (2) (41) (82) (10) 
10 (22) (95) (96) (24) (52) (82) (97) (69) (2) (33) (43) (13) 
11 (87) (8) (36) (49) (75) (95) (99) (29) (78) (80) (5) (18) (70) (81) (34) (20) 
12 (1) (89) (95) (45) (74) (71) (33) (14) (35) (57) (10) (6) (84) (96) (92) (54) (91) (48) (79) (47) 
13 (30) (71) (83) (74) (79) (46) (24) (91) (54) (85) (52) (19) (8) (88) (67) (40) (22) 
14 (86) (65) (4) (79) (69) (78) (35) (52) (81) (63) (75) (70) (31) (47) (8) (28) (97) (26) (25) (57) (100 83) 
15 (15) (26) (24) (89) (2) (3) (4) (98) (61) (45) (70) (5) (87) (1) (86) (65) (100) (66) (64) 
16 (10) (79) (24) (25) (91) (29) (74) (100) (33) (27) (43) (55) (14) (59) (5) (42) (6) (71) 
17 (70) (7) (19) (93) (80) (51) (100) (86) (44) (6) (29) (84) (71) (99) (11) (79) 
18 (53) (48) (88) (4) (24) (69) (35) (74) (28) (59) (3) (77) (11) (93) 
19 (46) (80) (14) (4) (51) (72) (37) (83) (9) (12) (57) (49) (33) (36) (64) (56) (8) (76) (97) (71) (94) 
20 (20) (61) (64) (25) (79) (94) (74) (36) (39) (2) (63) (56) (87) (21) (10) (55) (76) (18) (43) (35) (31) (93 60 58) (17 54) 
21 (89) (38) (75) (27) (15) (98) (43) (39) (45) (42) (93) (55) (18) (68) (10) (61) 
22 (76) (7) (3) (91) (17) (72) (6) (26) (54) (62) (13) (24) (52) (55) (37) (56) (92) (5) 
23 (5) (87) (3) (48) (89) (34) (47) (9) (44) (11) (98) (65) (85) 
24 (28) (27) (31) (72) (19) (51) (46) (34) (78) (18) (12) (80) (60) (88) (39) (57) (26) (35) (77) 
25 (21) (42) (100) (12) (51) (32) (91) (24) (35) (90) (26) (6) (43) (28) (56) (53) (80) (88) (39) (2) (71) (97) (75) (99) 
26 (52) (70) (86) (21) (63) (60) (41) (80) (7) (22) (9) (84) (88) (17) (64) (67) (85) (92) (73) (23) (81) 
27 (74) (53) (31) (7) (48) (42) (96) (32) (26) (37) (22) (68) (3) (34) (9) (35) (90) 
28 (64) (39) (37) (61) (96) (20) (33) (89) (100) (2) (95) (13) (50) (81) (27) (92) (55) (68) (91) 
29 (60) (49) (50) (28) (6) (31) (76) (52) (53) (74) (43) (30) (100) (20) (33) (8) (45) 
30 (74) (15) (91) (13) (56) (49) (44) (36) (19) (86) (89) (81) (23) (35) (38) (29) (2) (20) (24) (70) (31) (59) 
31 (17) (84) (14) (74) (62) (85) (37) (16) (81) (5) (44) (41) (82) (47) (40) (53) (54) 
32 (8) (47) (33) (2) (30) (20) (25) (78) (15) (91) (13) (11) (77) (89) (66) (16) (41) (29) 
33 (38) (60) (94) (29) (23) (41) (30) (27) (11) (69) (65) (92) (86) (1) (8) (81) (51) (44) (71) 
34 (59) (84) (13) (47) (6) (79) (65) (22) (62) (70) (95) (99) (55) (83) (3) (82) 
35 (35) (15) (62) (16) (20) (24) (92) (76) (21) (55) (87) (53) (60) (12) (82) (97) (48) (3) (47) 
36 (4) (80) (88) (20) (56) (13) (2) (12) (76) (22) (60) (68) (3) (90) (46) (70) (1) (91) (74) (81) (67) (69) 
37 (93) (90) (96) (53) (80) (36) (89) (8) (22) (65) (27) (98) (58) (99) (94) (45) (74) (19) (41) (49) (86) (35) (84) (81) 
38 (42) (51) (2) (59) (20) (15) (68) (16) (93) (76) (34) (39) (22) (7) (66) (91) (50) (9) (12) (67) (5) (56) (88) (62) 
39 (49) (24) (12) (91) (98) (46) (87) (35) (66) (15) (83) (40) (63) (37) (61) (69) (10) (44) (76) (14) (4) (36) (54) 
40 (9) (29) (42) (43) (77) (58) (6) (24) (100) (11) (8) (72) (38) (19) (89) (51) (55) (50) (73) (4) (67) 
41 (50) (85) (10) (86) (44) (21) (16) (17) (53) (92) (20) (88) (7) (54) (67) (63) (22) (18) (30) (70) (49) (36) (33) 
42 (76) (52) (77) (37) (93) (100) (5) (83) (56) (42) (43) (34) (65) (82) (2) (29) (67) (7) (57) (94) (31) (69) 
43 (10) (15) (18) (44) (77) (5) (39) (52) (49) (97) (73) (12) (54) (67) (65) (45) (21) (11) (81) (90) (91) 
44 (44) (21) (90) (9) (74) (98) (58) (73) (49) (40) (51) (87) (57) (5) (92) (80) (1) (7) (16) (89) (76) 
45 (88) (71) (39) (14) (100) (41) (95) (13) (99) (55) (73) (47) (40) (49) (50) (29) (61) (90) (8) (82) (19) (35) 
46 (95) (30) (100) (60) (90) (8) (4) (40) (55) (38) (6) (88) (39) (52) (1) (79) (86) (33) (29) (37) (69) (71) (22) 
47 (74) (14) (99) (92) (67) (54) (91) (17) (15) (46) (77) (40) (85) (96) (20) (10) (6) (100) (48) (66) (65) (24) (44) (75 2 29) (97) (51) 
48 (2) (52) (51) (94) (60) (43) (44) (23) (35) (95) (72) (48) (71) (66) 
49 (95) (17) (15) (87) (35) (25) (18) (60) (62) (66) (68) (16) (42) (97) (86) (52) (5) (31) (53) 
50 (38) (80) (57) (20) (27) (60) (91) (97) (56) (29) (41) 
51 (70) (43) (58) (100) (64) (61) (16) (86) (87) (48) (77) (14) (26) (54) (94) (46) (75) (49) (10) (13) (56) (27) (30) 
52 (14) (52) (26) (93) (67) (29) (80) (4) (39) (70) (51) (7) (61) (9) (44) (99) (37) (95) (31) (10) (63) (40) (82) (33) (85) (83 45 54) 
53 (98) (26) (96) (99) (86) (12) (37) (46) (84) (36) (63) (81) (100) (47) (87) (34) (35) (83) (4) (52) (39) (53) (8) (60) (57) (5) (66) (72 80) 
54 (48) (63) (100) (70) (22) (74) (88) (8) (55) (19) (28) (47) (97) (39) (98) (73) (96) (90) (50) (43) (68) (24) (30) (21) (2) (83) 
55 (82) (90) (23) (38) (58) (73) (13) (86) (76) (63) (24) (59) (16) (17) (5) (45) (52) (34) 
56 (3) (79) (9) (85) (16) (27) (57) (47) (11) (28) (48) (95) (99) (80) (64) (67) (53) (45) (54) (40) 
57 (7) (4) (95) (50) (89) (78) (15) (37) (40) (73) (92) (64) (52) (93) (90) (2) (84) (53) (18) (22) (79) 
58 (33) (20) (17) (5) (44) (25) (81) (53) (69) (89) (95) (77) (65) (74) (37) (61) (80) (56) (66) (88) 
59 (1) (59) (17) (74) (62) (54) (8) (92) (52) (96) (11) (29) (56) (70) (12) 
60 (15) (95) (50) (22) (71) (55) (28) (85) (16) (11) (77) (78) (4) (70) (33) (69) (14) (72) (52) (5) 
61 (34) (32) (56) (51) (1) (14) (59) (75) (18) (45) (3) (53) (91) (36) (17) (73) (8) (40) (26) 
62 (42) (49) (57) (35) (58) (77) (86) (61) (25) (39) (19) (23) (97) 
63 (4) (11) (52) (18) (14) (36) (67) (80) (9) (88) (25) (71) (5) (76) (87) (34) (81) (27) (37) (56) 
64 (71) (64) (9) (65) (21) (48) (36) (45) (34) (33) (59) (63) (24) (32) (15) (55) (20) (19) (81) (1) 
65 (33) (1) (84) (52) (27) (46) (19) (32) (96) (13) (21) (73) (30) (22) (26) (37) (17) (81) (16) (34) 
66 (34) (94) (50) (75) (12) (80) (51) (43) (49) (90) (22) (20) (64) (85) (92) (32) (4) (10) (91) 
67 (81) (42) (3) (10) (22) (39) (30) (99) (80) (50) (20) (68) (74) (2) (90) (61) (92) (34) (96) (47) (40) (69) 
68 (44) (71) (59) (72) (75) (11) (39) (85) (17) (94) (61) (3) (100) (41) (19) (5) (90) (54) (65) (4) (57) 
69 (72) (59) (40) (98) (74) (60) (81) (77) (69) (18) (89) (1) (24) (54) (67) (3) (14) (93) (58) (13) 
70 (40) (96) (86) (20) (10) (72) (13) (49) (32) (99) (16) (69) (56) (92) (74) (89) (8) (42) (93) (64) (63) (38) (27) (19) (71) 
71 (36) (81) (78) (9) (89) (32) (53) (31) (92) (41) (63) (35) (42) (80) (60) (5) (84) (30) 
72 (28) (74) (99) (52) (100) (47) (84) (63) (79) (64) (57) (98) (62) (1) (97) (43) (58) (34) (86) (96) (26) (10) (11) (77) (75) (71) (25) 
73 (76) (93) (33) (58) (24) (75) (66) (78) (85) (1) (70) (84) (16) (41) (88) (39) (17) (80) (56) (49) (69) (73) (79) (61) (90) (19) 
74 (68) (14) (26) (27) (83) (23) (79) (69) (33) (70) (75) (41) (43) (47) (37) 
75 (84) (83) (75) (44) (4) (95) (14) (93) (92) (27) (34) (36) (70) (96) (15) (77) (64) (1) (32) (62) (37) (28) (39) 
76 (69) (6) (36) (24) (41) (26) (88) (4) (58) (5) (80) (13) (82) (70) (7) (87) (9) (51) (48) (47) (56) (21) 
77 (90) (47) (72) (75) (1) (86) (16) (15) (6) (74) (97) (58) (100) (82) (55) (29) (41) (18) (54) (70) 
78 (80) (74) (63) (60) (38) (58) (57) (69) (47) (14) (15) (87) (10) (11) (72) (67) (37) (19) (59) (75) (82) (18) (23) (16) (52) (31) (56) 
79 (89) (42) (53) (46) (88) (52) (20) (15) (75) (23) (11) (34) (57) (51) (83) (37) (64) (82) (5) (36) 
80 (89) (65) (68) (46) (63) (50) (6) (83) (37) (98) (94) (72) (2) (28) (18) (84) (36) (78) 
81 (64) (91) (39) (89) (38) (40) (86) (50) (29) (42) (57) (48) (17) 
82 (68) (14) (25) (52) (100) (27) (98) (31) (75) (13) (58) (71) (49) (73) (53) (8) (78) (22) (4) (9) (91) (97) (84) (21) 
83 (85) (45) (61) (52) (19) (13) (6) (11) (39) (34) (63) (94) (43) (38) (42) (15) (29) (28) (77) (35) (57) (3) (44) 
84 (56) (11) (39) (73) (2) (85) (86) (20) (49) (48) (68) (14) (27) (41) (1) (34) (38) (36) (81) (57) (29) (72) (82) (62) 
85 (66) (79) (42) (49) (8) (11) (13) (85) (46) (60) (55) (76) (74) (25) 
86 (73) (71) (15) (99) (36) (61) (54) (23) (83) (86) (66) (32) (11) (45) (34) (60) (94) (44) (6) (91) (65) (63) (79) (14) (13) (2) 
87 (45) (34) (24) (71) (81) (78) (17) (2) (48) (87) (1) (36) (82) (65) (13) (68) (42) (94) (67) 
88 (34) (29) (6) (8) (41) (63) (85) (64) (75) (42) (15) (17) (43) (95) (18) (56) (37) (52) 
89 (88) (91) (48) (36) (82) (75) (21) (74) (10) (60) (12) (1) (94) (53) (33) (84) (43) (34) (79) (96) (45) 
90 (33) (94) (24) (85) (38) (75) (36) (56) (45) (1) (39) (44) (12) (72) (13) (82) (9) (53) (70) (30) (47) (77) (17) (25) 
91 (73) (14) (18) (43) (74) (97) (16) (76) (52) (28) (99) (40) (32) (75) (12) (81) 
92 (56) (13) (66) (17) (78) (6) (20) (67) (61) (28) (64) (97) (32) (44) (74) (45) (70) (7) (48) (22) 
93 (21) (12) (80) (8) (63) (19) (97) (43) (24) (75) (66) (71) (23) (86) (62) (77) (27) 
94 (81) (99) (28) (63) (51) (45) (77) (50) (91) (17) (11) (36) (64) (74) (87) (66) (22) (62) (6) (75) (61) (86) 
95 (97) (30) (83) (23) (3) (24) (61) (26) (63) (36) (8) (11) (44) (35) (20) (41) (53) (25) (7) (79) (99) (91) (42) (28) (81) 
96 (32) (13) (31) (81) (43) (86) (77) (87) (20) (79) (92) (91) (83) (64) (58) 
97 (9) (19) (94) (24) (61) (100) (83) (6) (41) (40) (31) (13) (16) (81) (4) (54) (64) (68) (45) (76) (1) 
98 (74) (29) (35) (38) (6) (91) (72) (50) (96) (45) (30) (83) (15) (44) (12) (24) (54) (46) (86) 
99 (82) (57) (7) (8) (13) (33) (42) (78) (70) (68) (9) (10) (39) (71) (29) (1) (77) (84) (46) (15) (87) (38) (92) (56) (62) (30) 
100 (71) (91) (29) (98) (70) (16) (59) (89) (46) (45) (52) (39) (78) (69) (97) 
