0
100
100
1 (57) (45) (20) (87 16) (23) (30) (70) (35) (17) (48) (10) (6) (77) (9) (33) (88 55) (82) (36) (53) (14) (81) (52) (41) (27) (1 15 34) (73) (5) (56) (98) (60) (84) (79) (99) (22) 
2 (80) (49) (84 44) (31) (25) (70) (40) (41) (92) (23) (100 65 64) (4) (37) (29) (77) (79) (83 34) (58) (99) (26) (54 95 90) (73) (82) (98) (10) 
3 (97) (94) (3) (95) (52 53 40) (86) (76) (87) (34) (83 96) (68) (78) (30) (56) (28) (8) (63) (43 23 59 29) (13 6) (48) (46) (65) (25) (37) (18) (54) (45) (17) (92 19) (69) (64) (10) (38 41 39 84) (12) (14) (36) (27) (72) (5) (88) 
4 (35 53) (30 45) (65) (97 78 73 2) (50) (11) (39) (17) (25) (90) (9) (44) (68 79) (67) (84) (1) (12) (74) (100) (4) (31) (77 59) (49) (27) (36) (92 80) (10) (32) (61) (55) (94 5) 
5 (28) (93) (38) (75) (88) (1) (5 37 71) (99) (21) (34) (52 47 51) (95 33 23) (94) (62) (56) (40) (87) (77) (81) (6) (57) (63 91) (3) (89 17) (15 60) (41) (36) (66) (74) (30) (48 79) (32) (72 8) 
6 (28 17) (78) (93) (98) (62 80) (74 73) (69) (41 29) (75) (91) (45) (20 68) (58 3) (43) (23) (11) (90) (24) (31 52) (36) (67 13) (7) (94) (100) (1) (40) (2 30) (14) (9) (79) (56) (19) (50) (51) (61) (10 34) (95) 
7 (90) (27 14) (87) (49) (45) (98) (17) (47) (75) (2 11) (56) (40) (44) (29) (22) (68) (23 69) (19) (39) (36) (12) (16) (8) (57) (85) (31) (65) (54 83) 
8 (65) (66) (34) (52) (99) (18) (4) (14) (69) (64) (36) (57) (1) (28 47) (7) (58) (83) (89) (90 53) (30) (27) (6 72) (42) (77) (67 21) (79) (37) (92 62) (76) 
9 (81) (38) (89) (72) (99 51 62) (59) (86) (100 88) (84) (71 13) (12 78) (55) (5) (33) (95) (94) (24) (87) (64) (11 4 73) (16) (85) (70) (20) (66) (53) (60) (93) 
10 (99) (94) (49) (66) (89) (43) (2) (68) (51) (70) (42 63 40) (55) (39) (77) (78 44) (9 41) (30) (47) (56) (76) (14) (4) (48) (59) (62) (50) (98 69 61) (90) 
11 (14) (99) (63) (1) (70) (35) (15) (60) (29) (81 92) (88) (64) (62) (72 26) (44) (68) (16 34) (80) (8) (77) (3) (41) (71 18) (91) (95) (38) (74) (28) (67) (76) (9) (42) (73) (11) (51) (46) (13) 
12 (70) (8 90 67 75 64) (5) (71) (13 31) (59) (97) (72) (20) (6) (18) (88 38) (78 42) (46) (57) (98) (94) (35 41) (29) (92) (16) (81) (60) 
13 (17) (82) (68) (7) (45) (71 23 72) (5) (34) (47 9) (53) (74) (55) (94) (77) (57) (92) (49) (100) (76) (59) (69) (98) (30) (48) (78) (4 6) (97) (19) (2) (66) (12) (40) (20 81 67 42 29 79) 
14 (43) (70 16 47) (80) (37 64) (98) (61) (75 39 19) (52) (74 83) (54) (99 71 50 18 10 56) (2 89) (9) (69) (26) (13) (96 25) (65 67) (27) 
15 (23) (95) (45) (48) (73 92) (94) (22 55) (98 50) (51) (64 28) (52 83) (26 27 6) (59 72) (38) (44) (43 8) (61 39 68) (74) (12) (13 77) (56) (93) (15) (25) (89) (16) (7) (67) (42 91) (96) (19) (76) 
16 (92) (79) (42) (2) (19 30) (98 96 12) (85) (78) (36) (54) (58) (87) (45) (5) (34) (53) (56) (72 97) (8) (15) (32) (67 4) (38) (89) (1) (29) (17) (49) (3 93) (40) (43) (10) (57 21) (22 16) (59) (74) (82) (20) (81) (47) 
17 (64) (28 69) (46) (74) (48) (56 63) (91) (97 88) (8) (37) (80) (92) (27) (66) (11) (51) (4) (22) (30 82) (3) (98) (52) (32) (26) (38) (76) (2) (25) (100) (71) (68) (90) (23) (14) (99) (43) 
18 (34) (81) (29) (39) (54) (28) (8) (27) (36) (79) (14) (99) (78) (65) (16 19) (45) (40) (77) (95) (6) (44) (11 74 49) (76) (41 67) (91 62) (86 48) (21) (100) (98) (85) (31) (58 71) (15) (72) (69) (60) (88) (84) 
19 (62 63) (92 97) (31) (37) (70) (14) (18) (3) (64) (44) (11) (81) (55 46 68 39) (54) (27) (58) (16) (24) (59) (61) (100) (75) (34) (72 48 13 56 82) (76) (53) 
20 (48) (97) (26) (92) (32) (72) (29) (33) (87) (12) (67) (81) (93) (11) (70 9 76) (83 13) (36 38) (51) (69) (22) (45 86) (18 65 89) (20) (25 52) (90 30) (96) (77) 
21 (81) (25 77) (56) (21) (19) (99) (79) (97) (53 4) (35 93) (90 31) (55) (69) (1) (24) (16) (71) (72) (46) (39) (70) (84) (58) (41 65 82) (73) (7) (38) (75 17) (57 26 42) (28) 
22 (93) (13) (56 54) (22) (57) (26) (9 63) (51) (70 87 91) (23) (6) (92) (31) (82) (14) (28) (40) (48) (52) (53) (81) (1) (99 50) (78 100 42 94 76) (55) (75 30) 
23 (87 32 18) (27) (29) (9 19 64) (42) (72 92) (10 86) (82) (74) (17 13) (93) (22) (71 39 48 31) (58) (85) (36) (8) (33) (67) (54) (34) (28 23) (24) (7) (46) (61) (66 98 69) (73) (76) (4) (47) 
24 (27 15) (33) (78) (31) (41 66) (55) (44) (93) (14) (53) (79) (29) (50) (21) (54) (23 97 52) (76) (46 42 36) (75) (98) (77) (8) (20) (83) (43) (34) (17) (2) (9 58) (60 39) (71) (99 38) (37) 
25 (15 36) (19 22) (7) (83) (99) (20) (11) (79) (34) (25 13) (46) (2) (63) (56) (97) (16) (49) (81) (88) (28 1) (29) (54 98) (82 68) (92) (87) (31) (44) (67) (38) (57 17 14) (47) (59) 
26 (95) (67) (50) (36) (45) (90) (72) (37) (38) (81) (22) (48) (85 68 2) (10) (91) (40) (19) (80) (66 34) (24) (29 27) (43) (93 41) (35) (18 1 97) (46 53) (62) (78) (89 60) (71) 
27 (71) (4) (99) (67) (48) (37) (5) (53) (90) (77) (91) (38) (74) (54) (12) (36 61) (14 6 39 64) (9) (20) (33 46) (82) (51) (70) (57) (1) (56) (49 27 52 41 45 95 92 21 75) (83) (22) (30) (29) (17) (65 7 68 94) 
28 (4) (10) (87 92 29) (57) (93) (28) (82) (99) (41) (24) (62 52) (19 66) (26 45) (11 55 17) (61 12) (35) (88) (23) (85) (7) (30 51) 
29 (69) (36 43) (95 76) (88 31) (20) (15) (67) (62) (86) (56 72 65) (44) (38) (66) (93) (25 48) (78 96) (84 45) (37) (23) (14) (85) (26) (12) (52) (71) (90 64) (98) (13) (92) (94) (6) (58 35) (24) (57) (46) (68) (8) (29) (40 19) 
30 (25) (15 20) (93) (5 26 14) (49) (10) (53) (47) (41) (71) (81) (29) (22) (87) (18) (38 58 60) (96 97) (2) (48 92) (3) (35) (52 33) (16) (24) (7) (17 9) (59) (19) (57) (27) (21 1) 
31 (99) (35) (8 79) (86) (64) (44) (61 80) (51) (27) (11) (2) (95) (1) (83) (16) (34 45 56) (47) (42) (32 40) (73) (17) (75) (59) (62) (98 78) (94) (50) (33) (90) (82) (88) (48 15) (23) 
32 (13) (20 10) (33) (18) (57) (39 22) (11) (69) (97 43) (79) (54 32) (5) (7) (72) (59) (62) (31 17 3 40) (30) (1) (75) (16) (95 82 84 93 27) (89) (29) (61) (88) (42 34) (80) (46) (70 78) (68) (55) (21) 
33 (27) (60) (42 2) (31) (20) (36) (22) (39) (40) (66 1) (70 5 83) (4) (29 12 52 82) (25) (92) (84) (28) (86) (57) (61) (85) (93 7) (41) (80) (63) (67 45) (23) 
34 (1 39) (15) (100) (44) (50) (27 95 93) (75) (53) (87) (98) (2) (71 31 4) (85) (32) (73) (88) (22 34) (77) (49 9) (25) (24) (64) (10) (96) (97) (48) (68) (12) (80) (99) (52) (69) (94) (66) (46) 
35 (1) (38) (80) (63) (55) (61) (50) (45 87) (16) (2) (20) (19) (54 70) (68) (78) (40) (91) (100) (58 77 37 12) (23) (6) (51) (3) (53) (30) (36 66) (47) (72) (21 32) (44) (9) (49) (89) (35) (57) (82) (27 83 88) 
36 (45) (85) (57) (94) (22) (15) (1) (30) (59) (38) (80) (41) (29) (65) (93) (51) (25 9) (7) (47) (74) (8) (49 50 46) (92) (37 55) (79 36 23 48) (5) (97) (83) (76) (70) (86) (42) (20) (95) (33) (24) (96) 
37 (99) (2) (34) (39) (68 44) (53) (65) (67 90) (26) (79) (51) (88 29) (24) (37 42) (64) (49) (43 63) (27 77) (32) (89) (59) (84) (20) (52) (40 97) (33) (45) 
38 (6) (87) (84 30) (35) (91) (2) (73) (33) (71) (40) (55) (69) (77) (39) (76) (70 95) (58) (90) (62) (17) (43) (28) (19 38 51) (74) (47 50) (42) (8) 
39 (74) (40) (90 70) (73 78) (27) (22) (31) (17) (62 72) (71 81) (51) (80 21) (100 20) (44) (69) (1 63) (61) (64) (47) (55) (83) (46) (99) (94) (48) (41 53) (58 34) (85) (37 32) (25) (54) (24 45) (30) (82) (96) 
40 (39) (11) (74) (55) (29) (90) (20) (41 47) (81 38) (58) (96 45) (31 8) (92) (66 64) (84) (40) (60) (9) (19) (57) (6) (53) (23) (51 83) (89) (62) (18 69) (99) (13) (93) (44) (3) (67 1) (4) (36) (50) (49) 
41 (43) (45) (96) (38 41) (37) (20) (46) (34) (97 49) (98 3) (70) (84) (11 48 30) (90 69) (16) (39) (89) (50) (40 21) (99) (15) (68) (75) (74) (1) (19) (12) (73) (95) (63) (57) (28) (47 92 85) (54) (36) (4 23) (94) (59) (29) (44) (56 2) 
42 (80) (29) (38) (1) (33) (78) (62) (96) (48) (22) (12 99) (52) (23 56 20) (71) (19 28) (40 69) (47) (35) (17) (58) (32 43 46) (27) (95 67) (92) (75) (54) (8) (15) (26 91) (97) (34 11) (94) 
43 (85) (56) (47) (80) (97) (59) (29) (66) (12 89) (39 68) (73 88) (3 69 40) (46 2) (54 18) (92) (1) (34) (28) (50) (86) (82) (15) (26 36 78) (90) (33) (75 27) (58 52 44) (100 77 96 98) (43) (76) 
44 (21) (33) (28) (14) (7) (32) (99) (31 20) (97 42) (79) (11) (15) (90) (8) (13) (41) (34) (51) (52) (46) (64) (60) (85) (67) (69 39) (74 1) (48) (89) (5) (81) (66) (4) (73) (38 93) (35 24) 
45 (84) (93) (9) (60) (17 8) (49) (15 88) (28) (21) (94 98) (97) (89 91) (23) (45) (61) (78) (19) (2) (10) (7 70) (41) (58 34) (81 46 31) (73) (24) (12 40) (52 66) (57) (16 55) (67 83) 
46 (19) (53) (34) (6) (99 9) (95) (26) (22) (58) (46) (60) (8) (37) (21) (17) (97) (50) (92) (85) (29) (23) (47) (48) (82) (54 86) (27) (91) (90 74) (3) (70) (63) (51) (7 35) (78 71) (45) (42) (94) (32) (75) 
47 (50) (37) (64) (35) (33 7) (13) (77) (22 40 25) (48) (3) (97) (1) (98) (51) (42) (20) (90) (69) (84) (31) (24) (100) (45) (73) (74 95 54) (88 55) (70) (21) (68) (38) (94) (66) (8) (36) (39 93 56 6) (32) (75) (9) (87) 
48 (62) (100 74) (50) (54) (13) (61) (26) (94 43 68) (47) (18) (91) (98) (96) (99) (31) (9) (70) (24) (55) (28) (76) (71) (57) (67) (36) (37) (33 4) (84 17) (80 35) 
49 (2) (62) (56) (86) (3) (7) (90) (46) (67) (54) (12) (69) (70) (20) (45) (48) (49) (39) (35 66) (50 78) (33) (91) (52) (51) (93 73 100) (88) (36) (87) (71) (10) (77) (28) (81) (75) (84) (80) (47) (8 83) (59) (24 57) (37) 
50 (76) (68) (63) (1 37 26) (36) (17) (35) (83) (28) (96) (55) (18 90 20) (72 6 45 86) (82) (31 70) (2 79) (71) (59 9) (34) (39) (7) (27) (4) (44 65) (10) (50) (52) (100) (62) (58) (53) (21) (60) (87) (29) (3) 
51 (79) (23) (49 45) (70) (55 22) (86) (63) (100) (56 74) (24) (52) (10) (76) (65) (92) (67) (61) (6) (66 53) (99) (59) (58) (41 38) (75) (34) (69) (83) (89) (72) (18) (28) (16) (88) (81) (3) (80 94) (60) (48) (13) 
52 (80) (78 31) (47) (88 90 16) (99) (22 51) (52) (74) (5) (79) (70 29 62) (33) (49) (3 85 45) (48 63) (73) (97) (34) (46 72) (32 68 91) (60 86) 
53 (18) (3) (58) (76) (79) (53 77) (54) (28 94) (65 92) (36) (43) (11) (30) (84 69) (59) (9) (40) (67 32) (44) (93) (17 24) (64) (12 100) (29) (57 14) (41) (52) (22) (90 85) (2) (15) (51) 
54 (90) (99) (71) (59) (2 52) (39) (95 83) (9) (60) (64) (19) (80) (65) (35) (51 100) (15 33) (16 69) (82) (5) (89) (8) (79) (55) (53) (76) (41) (17) (11) (63 40 61) (97 25) (3) (21) (29) (84) (42) 
55 (81 24) (88) (12) (83 17 96) (48) (27) (74) (67) (33) (18) (87 61) (30) (70 41 56) (14) (53) (39) (11) (49 29) (47 75) (4 42) (54) (60 8) (65) 
56 (78) (88) (59) (77) (2) (84 83) (37) (50) (41 90) (39) (38) (94) (79 46) (87) (51) (73) (10) (75) (32) (6 89 34 26) (48) (47 21) (70 14 74) (91) (100 58) 
57 (81) (6 9) (63 83) (13 52) (42) (88) (37 7) (71) (97 28) (66) (53) (62) (12) (84) (55) (75 79) (5) (85) (82) (33) (36) (69) (59) (4) (68) (60) (1) (100) (11 78) (77) (58) (94) (20) (30) (15) (3) (40) 
58 (60) (89) (66 11 54) (19) (58 20) (86) (51) (100 52 82) (76) (49) (18) (57) (39 69) (84) (96) (15) (48) (41) (10 26) (99 3 67) (79 56) (40 35) (25) (29) (33) (5) (37) 
59 (74) (31) (72) (21) (9) (12) (80) (71) (37) (49) (45 46) (18) (62 65) (61) (16) (14) (89) (94) (85 64) (44) (10) (67 88 93 34) (75) (11) (78) (56) (99) (69) (52) (57) (17) (63) (73) (1) (66) (24) (36) (39) 
60 (74) (70) (51) (35 63) (31) (36 69 50) (21 96) (80) (57) (15 43 18) (93) (3) (39) (1 90 33) (16) (61 38) (41) (32 25) (67 81 14 37 64) (76) (79) (40) (58) (48) (65) (94 73) (22) (66) 
61 (74) (92 91 75) (29) (51) (57) (69) (22) (40) (55) (77) (6) (61 84 23) (46) (10 24) (28 11 50) (17) (73) (70) (16) (38) (36 88 9) (83) (31) (66 5) (54) (65) (86) (49) (14) (20) 
62 (66) (78) (9) (27) (29) (63 71) (87) (52) (30) (22) (50) (70 84) (6) (91) (28) (48) (82) (2) (59) (5) (67 88) (85) (18) (10) (31 72) (23) (92) (97) (95) (56 86) (75) (15) (62) (39) 
63 (8) (96) (58) (25 12) (69) (23) (79) (47) (6) (51) (94) (72) (68) (62) (97) (56) (35) (28 50) (71) (64) (30 70) (46) (27) (5) (17) (3) (45) (34) (44) (1) (15) (90) 
64 (99) (39 26) (18) (30) (72) (81 82 95) (49) (96 11 50) (41 66) (98) (24) (65) (64) (12) (55) (88) (20) (61) (62) (48) (59) (83) (84) (52) (3) (22) 
65 (81) (49) (52) (47) (93) (4) (11) (58) (17) (56) (6) (63) (15) (59) (16 10 42 3) (1) (22) (43 76) (5) (100 78) (90) (37) (66) (70) (25) (40) (18) (44) (86) 
66 (27) (87) (7) (15) (59) (10) (45) (35 97) (34) (28) (81) (89) (48 99) (67) (42 12 80) (69) (44) (46 79) (92 39) (72) (77) (73) (9) (91) (49) (100) (86) (93) (5) (22) (30 57) (13) (75 43) (66) (33) (14) (40 3) 
67 (53) (76) (45) (14 23) (42 40 73 5) (84) (48) (70) (67) (91) (90) (78) (15) (12 65) (2) (51) (69) (75) (8) (68) (96) (44) (71) (83) (28) (47) (11) (54) (86) (93) (92) (95) (35) (38) (10 20) (43) 
68 (99) (65 7) (70) (3) (34) (74) (17) (93) (43) (12) (94) (50) (91) (21 15) (42) (2) (59 54) (38) (53) (9) (4) (85) (88 90) (52) (92 100) (26) (73) (19 11) (48) (35) (22) 
69 (41 13) (10) (59) (68) (60) (31) (57 71) (75 92) (48 35) (2) (33) (76) (53) (7) (1) (66) (61) (52) (26) (21) (91) (11) (65) (40 6) (28 25) (45) 
70 (61) (81) (50) (100 11) (55) (14) (36) (73 47) (12) (60 52) (18) (56) (10) (45) (80 26) (48 99) (92) (82 22) (44) (32) (41 16) (67) (34) (7) (51 76) (72) (15) (94) (3 5) 
71 (11) (98 85) (91) (92) (55) (83) (44) (52) (80) (73) (93) (5) (97) (71) (26) (60) (18) (62) (67) (34) (42) (30 95) (10) (46) (28 76 54) (70) (41) (81) (68) (8) (66) (75 19) (94) (61) (56) (35) (1) (9) (16) (87) 
72 (26) (17 74 54) (42) (73) (72) (94) (19) (12) (92 83) (71) (8) (68) (85) (60) (18) (50) (46) (98) (22) (93 33) (55) (97) (89 34) (70) (82) (100) (95) (81) (84) (67) (62) (10) (36) (40) (2) (41) 
73 (6) (2 21) (36) (3) (8 92) (14) (13) (33) (76) (54) (39) (29) (43) (56) (90) (34) (85) (74 89) (69 75) (96) (61) (30) (4) (46 71) (16) (9) (77) (5) (66) 
74 (40 68) (74) (38) (37) (4) (46) (10) (3) (24) (5) (7) (60) (70) (41) (50 98) (29) (80) (44 56 97) (23) (17) (63) (75) (12) (79) (84) (67) (43 81 26) (25) (31) (53) (82) (96) (30) (69) (94) (90) 
75 (1) (30) (27) (49) (53) (84) (57 2) (22 85) (88 55) (97) (74) (32 4) (10) (65) (41) (9) (69) (98 23) (18) (17) (92 54) (34) (91) (68) (81 11) (80) (7) (19) (77) 
76 (78) (94) (40) (6) (79) (58) (10) (62) (72) (4) (63) (97) (73) (19) (89) (88) (22 18) (81) (74) (93 96) (1) (30) (68) (5) (54 17) (29) (52 41) (36) (9) (32) (27) (12) (59) (99) 
77 (26) (94 30) (76) (33) (6) (54) (97 44) (29 70) (71) (38) (34) (13) (20 15) (82) (22 64 19 85) (45) (100) (75) (28) (61 46) (1 5) (36) (9) (93) (95 32 17) 
78 (34) (66) (91) (46) (60) (37) (44) (88) (82) (80 39 48) (86) (90) (35) (20) (68) (52) (49) (53) (77) (93) (29 25) (78) (30) (85) (36) (64) (83) (50) (38) (87) (57) (56) (81) (13 58 59) (74) (8) 
79 (5) (43) (31) (62) (74 94) (36 83) (61 80 9 33) (93 12) (19) (48 70) (35) (16) (26) (14 78 47) (88 99 73) (53 24) (8) (29 15) (71) (92) (11) (4) (46) (65) (41 64) (42) 
80 (4) (35 52) (56) (100) (67) (3) (98) (87) (91 38) (37) (62) (27) (49) (47) (33) (1 88) (74 24) (50) (43) (40) (23) (70) (95) (86 13) (36) (2 7) (22 60 57) (5) (92 84) (32) (31) 
81 (27) (10 79) (26) (87 21) (4) (25) (45) (8 42) (3) (93 72) (63 92 67) (75) (31) (24) (100) (83) (77) (23) (19 1) (29) (80 66) (37 17) (91) (15) (6) (59) (5) (70) (54) 
82 (24) (3) (27) (48) (12) (41) (4 86) (17) (78 88 54) (8) (30) (45) (72) (52) (79) (55 49 69) (15) (76 63) (100) (97) (94) (93) (84) (1 36) (32) (71 87) (23) (16 80 98) 
83 (19) (42) (20) (1) (69) (35) (17) (87) (93) (38) (55) (14) (78) (26 57) (45) (74 5) (72 91) (24) (29) (67) (90) (59) (40 79) (44) (83) (10) (31) (86) (23) (75 64 13) (62 52) (82 100) 
84 (90) (55) (99) (26) (60) (5) (45 3) (49) (63) (40 17) (14 38) (10) (30) (71) (22) (73) (47) (98) (79) (48) (9) (86) (52) (100) (1) (59 20) (94) (28) (31) (93 50) (19) (61) (4) (37) (18) 
85 (15) (85 99) (43) (91) (12) (8) (13) (42) (75 7) (55) (80) (50) (67) (23 62 92) (1) (49 89 24) (30) (93) (87) (96) (63 97) (10 48) (53) (83) (36) (44) (35) (76 27 31) (32) (4) 
86 (92 19) (66) (56) (54) (13) (39 2) (85) (15) (90) (51) (86) (67 20) (40 3) (8) (23) (7) (12) (61) (78) (26 57) (73) (99) 
87 (42 71 36) (24) (68) (33) (67 85) (76) (62) (50) (39) (70 40 49) (55) (66) (73 97) (7) (63) (17) (27) (29 64) (44) (78 98) (16) (38) (32) (22) (80) (41) (89) (28) (3) (75) (59) (15) 
88 (26 71 67 11 40) (31 9 32) (56) (95 87) (64) (78) (52) (68) (42) (99 57) (13) (21) (37) (10 93) (19) (3) (86) (8) (49) (92) (30) (7 70) (28) (72) (88) (27) (59) 
89 (27) (45) (18) (9) (11) (69) (53) (59) (89 93 61) (23) (32) (83) (47 13) (4) (76) (90 95) (20) (38 28) (37 73) (41) (82 66) (22 52) (78) (49 98) (24) (2) (60 16) (55) 
90 (86) (61) (93) (42) (66) (76) (79) (1) (15) (39) (83) (63 97 48) (43) (88) (75) (59) (80) (25) (41) (32 67) (31) (26 85) (20) (90) (49) (2 45) (65 18) (21) (30 82) (84) (69) (53) 
91 (65) (27) (74) (32) (20) (89) (37) (11 51) (72) (50) (68 69) (25) (8) (5) (75) (22) (64) (17 9) (26) (61) (52) (76) (60) (18) (78) (33 98) (53 19) (80) (2 38 23) (83) (14) (10) (16) (7) (87) (91) (85) (3) (55) (31 86) (13 70) 
92 (13) (23) (52) (5) (10) (82 93 77) (36 25) (64 35) (26) (29) (2) (87) (96) (70) (71) (63) (75 53) (91) (37 78) (11) (20) (17) (46 59) (39) (3) (79 98) (43) (94) (69) 
93 (46) (96 11) (41) (95 5) (6) (89) (52 61) (33) (60) (86) (51) (14 57) (22 21) (99 10) (43) (98) (27) (56) (40) (75) (29 59) (47) (100) (4) (53) (8) (44 64) (72 93 67 19) (66) (73 74) (71) 
94 (94) (23) (76) (29 56) (34) (79 46) (55 60 72 84) (31) (16) (17) (27) (10) (99) (53) (91) (95) (75) (88 7) (25) (48) (8 37 19) (39) (65) (18) (38) (21) (1) (41) (74) (78) (90) (61 86) (92) (51) (54) (80) (82) 
95 (68 4 46) (84 99) (39) (8) (18) (82 29) (33) (83 64 28 86) (65) (10) (42) (57) (16) (12) (81 66) (76) (45 93) (59) (49 67) (5) (47) (73 91) (56) (69) (37) (88) (52) (9 80) 
96 (83) (1) (32) (67) (51) (25) (7) (69) (23) (55 20 57) (80) (50) (14) (34) (18) (19) (73 29) (66) (76) (78 16) (48 6) (33) (41) (10) (9 52) (46) (62) (27) 
97 (81) (41) (48) (46) (100) (27) (9) (35 29) (70) (3) (51) (94) (64 19) (89 32 5) (88) (79) (55) (18) (72) (24 1) (17) (68) (57) (13) (25) (95 58) (42) (65) (98) (11) (49) 
98 (13) (83) (49) (59 10) (96) (91) (23 44) (30) (58) (94) (87 88) (54) (48) (90) (97) (78) (66) (28) (99) (46 73 89) (80) (57 85) (12) (39) (17) (63) (45 68) (36) (47 33 92) (25) (16) (7) (29) 
99 (58) (22) (39 23) (93 44) (17) (18) (1) (83 30) (6 3) (80) (92) (33) (43 59) (56) (88) (63 25) (48) (19) (82) (51) (98) (68 65) (79) (47) (15) (28 52) (16) (26) 
100 (16) (75) (19) (27) (74) (61) (41) (79) (89) (55) (31) (76) (64) (10 20 93 43) (71) (82) (54) (18) (4) (81) (85) (56) (51 45) (12) (96 59) (52 14) (72 78) (21) (77 26) (42) (84) 
1 (60) (31) (85) (63) (59) (44) (43) (16) (77) (35) (41) (47) (75) (1) (42) (71) (25) (69) (32) (81) (96) (5) (36) (57) (8) (90) (97) (11) (94) (80) (21) (83) (22) (50) (33) (99) (27) (76 6) (84 4) (40) (30) (39) (34) (26) (65 82) 
2 (67) (31) (62) (26) (69) (41) (45) (91) (16) (7) (75) (72) (33) (34) (13) (89) (92) (49) (56) (4) (37) (50) (43) (86) (10) (53) (30) (25) (14) (24) (17) (68) (6) (73) (80) (54) (38) (90) (35) 
3 (74) (41) (68) (16) (53) (92) (32) (19) (73) (99) (43) (97) (63) (17) (70) (54) (82) (60) (84) (47) (91) (66) (51) (50) (6) (81) (35) (5) (58) (3) (65) (40) (11) (46) (30) (57) (80) (49) (88) (87) (86) (64) (52) 
4 (9) (10) (93) (13) (57) (4) (100) (28) (75) (55) (23) (44) (48) (65) (27) (81) (85) (84) (16) (80) (8) (89) (41) (74) (2) (40) (76) (68) (17) (79) (95) (82) (21) (73) (34) (50) (33) 
5 (95) (74) (3) (73) (58) (67) (71) (54) (76) (91) (83) (66) (84) (52) (97) (27) (30) (77) (70) (5) (80) (36) (4) (57) (63) (9) (61) (12) (62) (1) (33) (16) (92) (93) (13) (81) (79) (44) (65) (32) 
6 (12) (15) (40) (73) (27) (5) (56) (18) (69) (46) (50) (62) (1) (38) (96) (51) (8) (29) (81) (22) (65) (47) (61) (63) (13) (93) (35) (99) (57) (77) (3) (76) 
7 (46) (27) (87) (30) (8) (91) (94) (75) (49) (88) (57) (15) (86) (6) (33) (13) (68) (23) (21) (47) (45) (80) (96) (69) (66) (85) (70) (74) (98) (32) (36) (50) (25) (28) (44) 
8 (38) (82) (81) (91) (94) (95) (55) (47) (71) (16) (72) (18) (67) (44) (88) (49) (63) (93) (7) (17) (3) (11) (79) (31) (46) (42) (45) (86) (12) (5) (54) (78) (36) (73) (40) (24) (29) (85) (15) (23) 
9 (95) (96) (88) (11) (79) (68) (77) (40) (59) (6) (50) (61) (27) (34) (53) (13) (75) (66) (20) (84) (71) (48) (30) (23) (54) (76) (89) (47) (24) (62) (73) (14) (57) (97) (36) (46) (91) (22) (35) (4) (45) (10) (1) 
10 (72) (26) (84) (30) (93) (1) (83) (3) (96) (67) (92) (85) (74) (59) (100) (76) (23) (4) (14) (45) (81) (61) (32) (98) (50) (2) (34) (75) (16) (6) (28) (62) (49) (65) (70) (69) (58) (66) (94) (91) (95) (88) (71) (56) (51) 
11 (20) (17) (40) (25) (64) (71) (97) (28) (54) (93) (67) (53) (59) (92) (7) (68) (11) (69) (91) (55) (44) (79) (42) (41) (9) (18) (6) (57) (19) (65) (88) (61) (70) (75) (32) (4) (89) (58) (31) 
12 (63) (34) (15) (86) (13) (82) (79) (20) (28) (64) (72) (3) (7) (45) (76) (33) (66) (55) (27) (29) (42) (95) (59) (43) (70) (9) (67) (35) (74) (68) (53) (98) (57) (49) (4) (85) (16) (100) (41) 
13 (32) (9) (19) (12) (88) (97) (51) (89) (78) (92) (23) (6) (11) (83) (66) (47) (57) (86) (69) (91) (29) (44) (15) (98) (20) (77) (48) (25) (3) (40) (85) (22) (80) (14) (73) 
14 (73) (67) (83) (44) (6) (59) (66) (61) (19) (8) (1) (93) (7) (96) (18) (53) (70) (79) (27) (17) (60) (10) (3) (30) (84) (55) (100) (11) (29) (25) (22) (24) (56) (91) 
15 (53) (81) (77) (65) (29) (24) (1) (43) (18) (67) (42) (63) (99) (85) (57) (45) (82) (79) (86) (44) (31) (15) (36) (70) (5) (30) (41) (90) (68) (16) (34) (87) (62) (54) (66) (58) (25) (60) (11) 
16 (100) (54) (59) (19) (31) (32) (52) (16) (1) (95) (9) (73) (12) (79) (45) (14) (51) (99) (30) (94) (96) (41) (61) (25) (98) (70) (65) (18) (89) (71) (35) (11) (87) (82) (7) (91) (15) (21) (60) 
17 (72) (7) (61) (92) (97) (83) (25) (63) (55) (84) (4) (6) (46) (38) (68) (16) (3) (21) (5) (42) (98) (28) (87) (39) (13) (27) (82) (81) (75) (30) (99) (1) (53) (54) (48) (77) (91) (76) (94) (23) (50) (59) (31) (45) (24) (32) (65) (74) 
18 (32) (100) (12) (97) (23) (40) (94) (64) (53) (91) (51) (60) (48) (55) (30) (3) (75) (50) (19) (71) (11) (59) (99) (95) (84) (65) (89) (43) (20) (96) (58) (76) (70) (26) (8) (62) (90) (14) (72) 
19 (42) (40) (99) (71) (29) (3) (68) (93) (77) (54) (100) (96) (23) (16) (14) (84) (6) (75) (91) (97) (7) (58) (72) (88) (41) (45) (28) (35) (15) (94) (46) (21) (79) (38) (25) (18) (83) (76) (81) (30) (13) (26) (86) 
20 (16) (84) (24) (58) (29) (20) (39) (37) (64) (30) (12) (77) (49) (32) (90) (13) (89) (25) (42) (92) (36) (1) (40) (96) (41) (100) (27) (91) (67) (33) (78) (57) (35) (86) (9) (83) (6) (50) (61) (47) (44) 
21 (68) (27) (18) (45) (47) (46) (39) (73) (35) (69) (5) (54) (56) (21) (41) (81) (88) (32) (60) (30) (90) (100) (50) (44) (93) (8) (24) (59) (16) (94) 
22 (7) (16) (52) (22) (65) (25) (27) (39) (93) (34) (30) (53) (77) (61) (72) (84) (99) (20) (64) (62) (76) (1) (89) (87) (23) (60) (46) (32) (75) (68) (26) (91) (17) (70) (66) (80) (51) (15) (42) (36) (47) (33) 
23 (89) (91) (36) (92) (74) (3) (1) (15) (33) (94) (75) (22) (81) (23) (63) (96) (51) (7) (5) (83) (42) (82) (45) (6) (29) (2) (86) (31) (17) (98) (99) (24) (67) (62) (13) (35) (40) (85) (80) (28) (41) (61) (46) 
24 (51) (89) (26) (37) (64) (79) (28) (45) (85) (49) (74) (19) (23) (55) (83) (44) (81) (34) (61) (47) (9) (48) (21) (87) (82) (53) (80) (36) (97) (30) (6) (59) (29) (39) 
25 (4) (96) (78) (47) (98) (97) (21) (90) (65) (30) (58) (2) (36) (17) (74) (92) (63) (25) (15) (3) (33) (14) (94) (34) (60) (69) (81) (91) (99) (39) (20) (29) (54) 
26 (88) (86) (71) (64) (29) (92) (46) (58) (100) (50) (20) (70) (84) (14) (83) (21) (22) (2) (30) (42) (79) (15) (17) (77) (69) (28) (90) (81) (72) (48) (68) (99) (37) (43) (74) (91) (11) (56) 
27 (76) (42) (85) (27) (39) (62) (63) (81) (3) (19) (24) (8) (35) (33) (4) (7) (80) (50) (1) (32) (30) (31) (96) (17) (94) (82) (100) (89) (34) (87) (14) (43) (93) (66) (46) (91) (15) (26) (37) (18) (23) (55) (97) (75) (88) 
28 (38) (6) (63) (18) (61) (25) (48) (95) (17) (66) (77) (28) (45) (3) (71) (43) (21) (88) (50) (5) (69) (51) (84) (98) (41) (42) (11) (87) (62) (15) (23) (67) (57) (33) (8) (49) (89) (44) (53) (99) (22) 
29 (26) (76) (93) (43) (24) (41) (28) (27) (52) (30) (81) (77) (73) (29) (79) (46) (61) (97) (6) (37) (18) (42) (36) (11) (95) (16) (25) (74) (92) (83) (53) (98) (13) (7) (58) (94) (12) (50) (32) (78) (96) (40) (87) (3) (55) (62) (20) (2) (54 23) (33) 
30 (90) (1) (3) (17) (85) (75) (28) (78) (8) (57) (53) (35) (39) (84) (6) (13) (99) (4) (16) (88) (55) (76) (5) (63) (27) (38) (71) (74) (73) (64) (82) (98) (20) (10) (22) (41) (77) (62) (66) (36) (32) 
31 (60) (21) (22) (32) (4) (40) (50) (6) (7) (80) (23) (18) (90) (83) (33) (74) (24) (48) (100) (69) (34) (62) (29) (91) (52) (81) (19) (84) (94) (88) (39) (25) (47) (61) (59) (85) (44) (79) (2) (45) (12) 
32 (17) (23) (97) (53) (87) (16) (42) (82) (96) (4) (60) (37) (77) (76) (31) (34) (35) (47) (44) (39) (20) (46) (85) (90) (70) (52) (80) (5) (32) (88) (91) (89) (75) (56) 
33 (49) (99) (54) (44) (32) (48) (38) (52) (60) (27) (91) (31) (58) (37) (80) (42) (43) (24) (23) (57) (87) (20) (9) (36) (96) (47) (79) (98) (69) (95) (73) (72) (1) (5) (77) (93) (55) (66) (30) 
34 (5) (32) (56) (50) (75) (73) (23) (16) (52) (70) (25) (1) (39) (59) (72) (94) (78) (37) (31) (34) (71) (46) (3) (24) (11) (26) (45) (43) (13) (42) (41) (8) (66) (44) (2) (96) (51) (68) (18) (19) (6) (63) (77) 
35 (58) (11) (21) (48) (83) (47) (60) (28) (1) (80) (69) (12) (4) (35) (71) (26) (50) (30) (54) (42) (85) (29) (97) (68) (49) (66) (44) (31) (63) (46) (78) (67) (92) (79) (38) 
36 (41) (6) (26) (87) (79) (5) (25) (47) (53) (57) (76) (24) (20) (7) (77) (35) (1) (59) (50) (36) (40) (8) (85) (92) (27) (80) (49) (23) (48) (73) (29) (82) (16) (60) (4) (43) (70) (3) (61) (33) (72) (98) (18) (78) 
37 (41) (29) (47) (36) (74) (95) (5) (37) (81) (39) (84) (2) (14) (89) (88) (17) (3) (58) (78) (46) (19) (8) (49) (60) (59) (80) (91) (94) (56) (24) (50) (65) (57) (35) (92) (26) (48) (27) 
38 (77) (60) (17) (30) (12) (21) (40) (74) (38) (94) (24) (26) (68) (44) (9) (35) (42) (47) (25) (84) (83) (56) (3) (36) (87) (16) (51) (29) (20) (61) (15) (5) (89) (80) (41) (11) (91) (78) (27) (67) 
39 (58) (95) (64) (21) (33) (14) (92) (62) (86) (3) (37) (59) (41) (55) (44) (56) (34) (7) (24) (90) (78) (19) (66) (98) (15) (23) (4) (87) (27) (50) (38) (99) (40) (49) (32) (18) (43) (94) (54) (10) (73) (60) (47) 
40 (84) (13) (3) (61) (72) (22) (2) (43) (26) (53) (35) (88) (37) (80) (66) (40) (5) (93) (45) (83) (6) (38) (54) (74) (69) (76) (31) (16) (39) (60) (42) (86) (87) (67) (65) (7) (29) (47) (10) (41) (57) (58) (33) (18) (32) 
41 (18) (39) (76) (10) (82) (2) (87) (97) (58) (5) (90) (36) (40) (69) (54) (24) (6) (12) (56) (75) (21) (60) (27) (71) (44) (41) (45) (89) (28) (70) (1) (11) (53) (72) (79) (26) (3) (100) (55) (96) (74) (33) (93) (64) (51) (30) (94) 
42 (81) (83) (21) (66) (12) (72) (8) (13) (85) (36) (10) (46) (57) (95) (23) (38) (16) (33) (100) (97) (37) (55) (24) (68) (22) (67) (44) (71) (90) (31) (65) (47) (11) (15) (32) (88) (79) (87) (54) 
43 (24) (43) (65) (37) (17) (15) (73) (66) (68) (16) (29) (90) (6) (99) (3) (53) (60) (85) (32) (93) (14) (38) (42) (80) (10) (79) (74) (48) (100) (41) (26) (92) (67) 
44 (67) (35) (2) (7) (59) (24) (77) (71) (29) (31) (11) (85) (98) (18) (39) (63) (37) (99) (19) (65) (53) (93) (15) (50) (34) (4) (10) (83) (66) (40) (70) (41) (43) (87) (74) (25) (78) 
45 (20) (82) (84) (41) (13) (69) (50) (47) (89) (31) (4) (36) (51) (66) (83) (70) (40) (37) (46) (35) (28) (7) (63) (45) (52) (67) (39) (16) (1) (18) (100) (15) (81) (29) (98) (27) (59) (90) (33) (26) (3) (77) (49) (95) (6) 
46 (26) (32) (77) (93) (49) (42) (41) (95) (78) (25) (94) (19) (74) (66) (96) (29) (56) (45) (24) (43) (12) (61) (39) (36) (52) (79) (23) (92) (73) (59) (21) (46) (72) (11) (98) (17) (3) (97) (34) (27) (63) (71) (44) 
47 (63) (8) (43) (39) (67) (48) (56) (70) (14) (84) (41) (55) (80) (95) (13) (38) (5) (42) (93) (98) (30) (40) (25) (23) (65) (49) (36) (99) (10) (31) (16) (35) (46) (89) (52) (79) (7) 
48 (51) (18) (36) (82) (94) (66) (15) (55) (34) (23) (29) (13) (96) (69) (62) (60) (58) (41) (30) (31) (49) (3) (46) (47) (22) (56) (78) (79) (85) (68) (84) (97) (20) (99) (10) (26) (90) (70) (27) (5) (67) (98) (39) (1) (44) (17) (64) (19) (42) (52) 
49 (84) (2) (59) (75) (30) (40) (52) (37) (64) (7) (35) (36) (18) (85) (13) (89) (61) (4) (51) (66) (90) (78) (55) (41) (87) (97) (65) (16) (95) (58) (88) (45) (49) (34) (27) (25) (80) (98) (82) (10) 
50 (80) (24) (63) (15) (74) (14) (35) (26) (64) (48) (61) (68) (4) (22) (50) (36) (49) (31) (85) (60) (47) (34) (6) (62) (38) (41) (46) (10) (87) (96) (78) (91) (43) (72) (40) (70) (56) (84) 
51 (5) (17) (35) (38) (52) (46) (91) (15) (28) (36) (9) (22) (58) (61) (10) (53) (97) (47) (37) (31) (70) (63) (49) (67) (86) (6) (20) (54) (96) (99) (44) (40) (100) (11) (94) (39) (56) (93) (27) (60) 
52 (27) (91) (76) (62) (58) (69) (89) (28) (84) (42) (22) (71) (49) (96) (33) (68) (65) (59) (24) (5) (43) (15) (70) (17) (93) (64) (45) (99) (52) (83) (82) (37) (34) (6) (1) (100) (30) (8) (57) (20) (14) (53) (29) (92) (54) (78) (51) (50) (95) (3) (80) (88) (44) 
53 (89) (69) (68) (8) (40) (34) (93) (3) (91) (21) (50) (57) (4) (78) (24) (90) (75) (92) (30) (74) (55) (1) (19) (46) (51) (13) (37) (9) (94) (35) (54) (22) (27) (39) (53) (16) (79) (67) (26) (85) 
54 (49) (94) (23) (67) (43) (46) (68) (55) (41) (75) (25) (58) (86) (76) (24) (14) (48) (7) (47) (39) (22) (73) (98) (61) (32) (3) (53) (19) (35) (18) (72) (81) (82) (71) (27) (77) (16) (100) (2) (42) 
55 (64) (75) (35) (40) (70) (57) (45) (36) (21) (28) (71) (9) (15) (100) (89) (32) (97) (84) (83) (72) (54) (24) (82) (38) (39) (1) (22) (19) (96) (51) (87) (48) (61) (50) (4) (10) (94) (47) (91) (13) (85) 
56 (15) (3) (21) (17) (47) (42) (43) (73) (100) (31) (16) (58) (19) (94) (22) (78) (86) (49) (5) (7) (25) (71) (27) (62) (80) (41) (14) (99) (63) (10) (65) (6) (1) (55) (59) (70) (51) (74) (93) (95) (88) (29) 
57 (61) (80) (27) (97) (33) (86) (28) (66) (58) (49) (29) (93) (45) (36) (21) (48) (60) (1) (16) (13) (30) (53) (69) (32) (7) (41) (98) (35) (40) (12) (22) (83) (96) (25) (75) (88) (59) (78) (8) (5) (95) 
58 (35) (56) (46) (97) (16) (21) (2) (45) (23) (58) (19) (53) (50) (18) (60) (29) (78) (38) (98) (8) (63) (57) (43) (65) (39) (76) (24) (99) (42) (6) (40) (51) (30) 
59 (92) (15) (78) (12) (87) (54) (53) (56) (3) (65) (62) (4) (66) (37) (68) (89) (83) (84) (41) (49) (13) (50) (19) (93) (98) (30) (99) (64) (95) (36) (10) (57) (31) (43) (69) (25) (88) (76) (81) (32) (16) (9) (90) (51) (100) 
60 (94) (33) (51) (12) (5) (71) (1) (9) (45) (74) (78) (46) (52) (26) (72) (55) (18) (54) (91) (30) (57) (24) (80) (93) (70) (50) (89) (69) (84) (40) (44) (58) (11) 
61 (71) (14) (48) (51) (31) (79) (15) (27) (64) (23) (10) (28) (84) (90) (6) (61) (94) (4) (100) (93) (86) (89) (77) (91) (69) (54) (19) (33) (60) (32) (45) (55) (59) (35) (39) (73) (70) 
62 (49) (52) (11) (96) (6) (26) (5) (48) (72) (57) (32) (79) (19) (40) (64) (10) (83) (28) (39) (62) (71) (38) (42) (59) (8) (50) (9) (29) (80) (85) (31) (87) (63) (76) (18) 
63 (11) (62) (65) (82) (10) (39) (85) (92) (37) (87) (52) (98) (99) (90) (60) (54) (50) (25) (46) (35) (17) (22) (59) (51) (41) (5) (57) (33) (81) (19) (3) (76) (84) (74) 
64 (11) (63) (92) (3) (78) (44) (9) (88) (15) (53) (47) (79) (54) (39) (40) (91) (12) (77) (2) (93) (34) (60) (14) (27) (31) (97) (23) (29) (64) (37) (83) (59) (8) (19) (87) (100) (17) (95) 
65 (14) (68) (53) (8) (90) (37) (91) (59) (99) (97) (79) (21) (18) (4) (54) (50) (69) (2) (61) (95) (7) (51) (27) (60) (3) (55) (64) (67) (75) (94) (20) (29) (36) 
66 (33) (29) (98) (61) (81) (58) (44) (93) (69) (90) (24) (59) (71) (43) (26) (73) (28) (9) (13) (17) (34) (96) (60) (87) (23) (62) (51) (65) (64) (10) (8) (86) (40) (5) (66) (57) (89) (45) (78) (49) (95) (47) (35) 
67 (6) (33) (90) (51) (95) (14) (20) (80) (85) (44) (18) (70) (49) (59) (37) (60) (4) (72) (15) (48) (53) (42) (13) (96) (40) (25) (29) (55) (71) (23) (26) (83) (16) (8) (67) (81) (62) (74) (93) (58) (87) (11) (27) (86) (45) (66) (12) (88) 
68 (74) (35) (91) (41) (34) (19) (26) (10) (95) (52) (76) (67) (3) (48) (7) (43) (72) (87) (27) (71) (75) (78) (15) (97) (63) (37) (69) (99) (11) (57) (29) (25) (4) (17) (32) (13) (88) (6) (50) (98) (47) 
69 (38) (54) (96) (41) (59) (21) (89) (90) (34) (39) (10) (40) (58) (13) (43) (61) (66) (74) (29) (82) (20) (92) (49) (95) (17) (91) (51) (8) (83) (23) (75) (67) (47) (32) (42) (57) (63) (73) (6) (44) (18) (3) (14) (53) (7) (60) 
70 (47) (14) (81) (1) (97) (19) (61) (55) (11) (21) (62) (91) (63) (41) (77) (2) (48) (45) (9) (36) (56) (33) (35) (80) (46) (22) (32) (50) (39) (60) (68) (20) (92) (72) (10) (74) (27) (87) (65) (12) (38) (79) (51) (88) (52) (49) (67) (71) 
71 (82) (5) (84) (21) (48) (63) (18) (88) (9) (87) (71) (79) (13) (34) (11) (23) (42) (12) (93) (14) (39) (29) (50) (59) (30) (26) (57) (73) (24) (27) (77) (17) (46) (100) (49) (54) (62) (38) (72) (67) (92) (69) 
72 (66) (76) (88) (23) (82) (81) (12) (20) (35) (93) (39) (52) (13) (32) (97) (62) (64) (11) (16) (70) (15) (83) (8) (5) (3) (91) (100) (63) (18) (72) (21) (29) (50) (51) (19) (26) (9) (59) (94) 
73 (38) (67) (43) (21) (11) (98) (60) (44) (95) (9) (31) (70) (1) (89) (86) (2) (87) (56) (49) (66) (72) (34) (47) (6) (59) (93) (45) (71) (68) (76) (84) (39) (15) (61) (41) (52) (79) (23) (4) (96) 
74 (13) (14) (74) (18) (5) (46) (44) (36) (55) (72) (48) (61) (6) (40) (100) (51) (16) (4) (23) (15) (38) (91) (94) (93) (79) (76) (47) (73) (17) (41) (83) (11) (27) (78) (60) (39) (80) (59) (68) (56) (52) (75) 
75 (7) (19) (74) (55) (66) (49) (90) (61) (91) (34) (69) (47) (46) (6) (27) (41) (87) (67) (42) (5) (71) (43) (73) (92) (81) (83) (62) (100) (57) (12) (56) (21) (14) (51) (32) (77) (94) (24) (31) (85) (22) (93) (59) 
76 (50) (77) (8) (87) (13) (82) (96) (53) (65) (89) (90) (15) (54) (91) (11) (17) (20) (24) (94) (73) (48) (60) (22) (36) (23) (43) (67) (85) (18) (69) (70) (51) (71) (3) (10) (58) (38) (29) (19) (100) (95) 
77 (56) (43) (92) (1) (57) (4) (100) (81) (37) (73) (15) (78) (18) (47) (34) (13) (21) (27) (61) (49) (2) (53) (5) (11) (75) (20) (24) (10) (8) (38) (35) (66) 
78 (16) (76) (26) (9) (42) (56) (59) (45) (35) (62) (100) (6) (29) (24) (52) (78) (65) (39) (92) (88) (94) (79) (96) (10) (87) (13) (91) (32) (67) (12) (98) (3) (22) (86) (46) (83) (82) (49) (18) (57) (4) (31) (43) (89) 
79 (66) (54) (36) (24) (56) (1) (6) (76) (90) (32) (99) (52) (63) (8) (94) (44) (18) (4) (57) (51) (21) (74) (13) (60) (25) (84) (2) (81) (92) (83) (31) (37) (82) (97) (58) (53) (50) (5) (16) (100) 
80 (87) (11) (96) (82) (36) (35) (74) (6) (2) (33) (26) (42) (4) (70) (75) (71) (59) (52) (98) (60) (78) (14) (91) (17) (34) (95) (49) (90) (66) (43) (39) (79) (32) (81) (48) (31) (94) (51) (85) (54) (99) 
81 (45) (71) (72) (57) (25) (12) (22) (30) (74) (16) (18) (64) (1) (60) (19) (49) (39) (75) (70) (11) (20) (55) (66) (95) (9) (100) (97) (65) (21) (51) (44) (13) (78) (5) (76) (40) (26) 
82 (83) (89) (64) (13) (77) (92) (31) (21) (17) (95) (28) (23) (35) (2) (22) (58) (72) (46) (33) (62) (16) (43) (32) (50) (94) (54) (57) (39) (25) (78) (27) (100) (74) (19) (99) (90) (70) (1) 
83 (57) (98) (99) (55) (49) (78) (14) (7) (33) (95) (40) (15) (3) (39) (51) (64) (72) (91) (36) (31) (85) (61) (2) (45) (27) (24) (79) (35) (83) (50) (25) (71) (67) (90) (8) (96) (54) (81) (89) (56) (20) 
84 (4) (2) (80) (18) (45) (37) (58) (32) (1) (53) (48) (67) (56) (54) (33) (95) (100) (61) (49) (9) (57) (82) (38) (41) (64) (75) (72) (47) (74) (29) (3) (94) (40) (90) (62) (21) 
85 (34) (62) (36) (43) (53) (18) (90) (78) (7) (86) (87) (100) (41) (57) (52) (46) (9) (26) (39) (59) (33) (77) (29) (68) (75) (28) (85) (98) (72) (16) (73) (91) (23) (44) (71) 
86 (51) (94) (20) (95) (62) (83) (52) (36) (90) (23) (78) (84) (86) (67) (88) (3) (49) (91) (31) (82) (43) (80) (50) (93) (66) (46) (65) (58) (33) (18) (29) (9) (61) 
87 (56) (92) (91) (3) (30) (22) (83) (88) (80) (71) (28) (50) (25) (62) (78) (23) (7) (34) (20) (66) (49) (9) (82) (38) (5) (55) (81) (47) (85) (98) (35) (1) (16) 
88 (90) (25) (35) (32) (62) (75) (28) (82) (45) (68) (37) (56) (99) (9) (95) (29) (80) (52) (43) (51) (47) (18) (5) (78) (79) (76) (12) (55) (34) (88) (61) (94) (3) (17) (64) (59) (1) (11) (57) (31) (49) (98) (97) 
89 (43) (59) (89) (44) (15) (35) (76) (87) (72) (54) (20) (8) (32) (93) (66) (58) (97) (10) (45) (73) (41) (26) (56) (91) (5) (51) (40) (14) (9) (100) (85) (16) (37) (98) 
90 (98) (43) (90) (94) (47) (89) (84) (10) (73) (41) (40) (63) (2) (17) (78) (37) (44) (6) (50) (31) (56) (20) (86) (39) (46) (74) (54) (68) (29) (7) (26) (53) (67) (21) (12) (52) (60) (8) (4) (83) (38) (27) (65) (49) 
91 (66) (68) (45) (81) (98) (56) (52) (91) (6) (38) (46) (62) (95) (27) (18) (5) (69) (11) (42) (49) (85) (67) (71) (75) (15) (92) (83) (22) (48) (17) (94) (26) (78) (80) (61) (35) 
92 (71) (70) (27) (86) (2) (33) (25) (17) (62) (68) (29) (81) (73) (28) (41) (20) (23) (42) (69) (16) (61) (3) (30) (79) (8) (88) (43) (67) (99) (12) (94) (53) (4) (98) (40) (13) (51) (66) (19) (22) (11) (36) (46) (15) (80) (75) (72) (85) 
93 (47) (29) (85) (72) (88) (59) (53) (67) (6) (45) (81) (9) (66) (77) (68) (28) (21) (60) (26) (30) (36) (76) (93) (65) (15) (49) (100) (89) (34) (82) (92) (22) (90) (78) (84) (40) (95) (5) (79) (33) (20) (23) (32) (16) (71) (83) (44) (99) (24) 
94 (34) (74) (77) (13) (98) (36) (5) (6) (4) (71) (41) (72) (70) (10) (15) (59) (79) (42) (97) (12) (45) (47) (82) (53) (92) (63) (76) (22) (48) (3) (46) (31) (84) (60) (51) (27) (9) (94) (56) (29) (68) (57) (39) 
95 (80) (54) (18) (67) (88) (5) (71) (42) (15) (89) (38) (41) (97) (2) (27) (94) (34) (47) (6) (26) (3) (93) (62) (72) (29) (32) (64) (36) (46) (9) (11) (31) (77) 
96 (20) (67) (48) (58) (76) (3) (15) (50) (100) (85) (29) (60) (41) (64) (16) (98) (42) (34) (63) (93) (36) (92) (40) (30) (55) (74) (14) (39) (73) (43) 
97 (36) (66) (37) (34) (57) (12) (74) (90) (54) (82) (4) (85) (32) (47) (17) (24) (30) (46) (63) (45) (77) (20) (26) (13) (71) (19) (87) (43) (62) (42) (41) (44) (72) (3) (16) (52) (25) (75) (98) (76) (21) 
98 (48) (25) (34) (15) (6) (17) (87) (47) (75) (10) (41) (2) (74) (14) (93) (13) (45) (31) (1) (16) (97) (92) (84) (23) (18) (24) (89) (80) (64) (12) (43) (7) (71) (99) (29) (91) (82) (72) 
99 (52) (9) (54) (70) (59) (37) (46) (1) (68) (22) (42) (66) (41) (18) (85) (51) (58) (93) (11) (88) (48) (28) (17) (24) (25) (40) (94) (79) (2) (76) (8) (39) (31) (95) (34) (44) (14) (5) (64) (98) (10) (27) (84) (86) (21) 
100 (84) (19) (51) (70) (43) (54) (6) (13) (18) (34) (50) (4) (72) (83) (39) (81) (47) (66) (56) (93) (65) (17) (48) (49) (22) (77) (80) (82) (68) (58) (97) (53) (57) (35) (9) (2) 
