0
100
100
1 (4) (11) (26) (74 25) (5) (48) (75) (79) (28) (21) (76) (29) (44 58) (33) (87) (13) (1) (47) (92) (6) (10) (14) (43) (12 82 60) (73) (31) (69) (34) (85) (15) (36) (77) (20) (27) (53) (91) (89) (86) (49) (37) (54) (38) (51) (63) (84) (95) (19) (32 46) (96) (78) (56) (52 93) (100) (3) (39) (45) (22) (40 88) (7 81 80) (50) (65) (59) (68) (67) 
2 (41) (100) (62) (17) (54) (4) (75) (10) (59) (76) (58) (31) (12) (47) (98) (5) (48) (78) (19) (9) (68) (38) (92 13) (32) (40) (79) (94 72) (80 18) (96) (26) (51) (63) (91) (45) (86) (99) (67) (90 44) (25) (27) (46) (93) (69) (74) (71) (14) (81 70) (23) (82) (24) (2) (15) (97) (30) (87) (21) (1) (28) 
3 (47) (22) (72) (51) (1) (20) (33) (27) (60) (91 97) (68) (24) (40) (86) (10) (88) (95) (37) (5) (45 80) (15) (17) (42) (7) (32) (70 62) (29) (8 75) (52) (23 71) (36) (61) (2) (34) (96) (93) (56) (50) (4) (99 79) (77) (81) (84 92) (44) (48) (53) (83) (59) 
4 (85) (1 55) (33) (53) (63) (52) (60) (90) (16) (57) (28 15) (91) (12) (41) (74) (18) (8) (82) (36) (77) (46) (6) (3) (10) (47) (79) (5) (68) (62) (76) (9) (20) (94) (66) (35) (64) (25) (44) (83) (78) (2) (4) (23) (30) (14) (59) (100) (75) (19) (92) (67 89) (80) (34 26) (39) (88) (61 56) (21) 
5 (40) (76) (59 96) (31 46) (35) (2) (18) (30 74) (16) (50) (84) (5) (33) (19) (26) (51) (53) (75) (93) (57) (34) (1) (24) (15) (69) (68 41) (62) (20) (98 23) (14) (88) (48 56) (22 47) (37) (82) (99) (65) (4) (45) (90) (32) (66) (21) (10) (29) (28) (36) (64 97) (38) (61) 
6 (93) (86) (23) (36) (81) (94 66) (85) (73) (69 64) (75) (79) (100) (70) (67) (13 48) (20) (98 11) (77) (60) (6) (37) (9) (80) (62 25) (34) (65 16) (33) (17) (84) (7) (59) (57) (82) (51) (32) (26) (74) (90) (87) (95) (21) (58) (76) (35) (28) (97) (50) (39) 
7 (37) (67) (10) (100) (26 95) (12) (68) (21) (36) (27) (30) (20) (80) (54) (87 88) (83) (59) (94) (19 85) (4) (46) (31) (32) (5) (25) (1) (51) (9) (29) (73) (17 70) (81) (6) (16) (82) (97) (60) (33) (15) (62) (72) (75 11) (98) (44) (58) (77) (92) (79) (35) (2) (50) (66) (55) (89) (53) 
8 (85 43) (24) (72) (94) (40) (52 28 81) (8 61) (9) (86) (2) (12) (27) (21) (74) (65) (39) (84) (73) (18) (56) (96) (63) (99) (49 34) (20) (79 45) (50) (1 88) (14) (89) (55) (46) (97) (22) (100) (42) (92) (91) (87) (25 41) (75) (3) (83) (51 71) (77) (36) (80) (68) (66) (58) (57) (90) (54) (62) (67) (38) (26) (98) (82) 
9 (88) (90) (43) (29) (91) (55) (41) (13 74) (20) (10) (5) (30) (53) (36) (97) (6) (100) (70) (84) (63) (4) (35) (11) (83) (95) (54) (12) (3) (47) (2) (78) (86) (76) (65) (33) (89) (82) (24) (34) (60) (42) (21) (58) (96) (44) (87) (19) (27) (85) (61 79) (45) (69) (16) (50 14) (38) (32) (59) (23) (72) 
10 (63) (84) (40) (23) (85 35) (70) (71 20) (77) (81 34) (44) (97) (61) (5 32 14) (47) (22) (73) (78) (59) (16 33) (96) (98) (55) (95) (28) (24) (37) (42) (56 60) (64) (27) (80) (15) (9) (31) (52) (25) (100) (75) (19) (26) (54) (94) (17) (38) (67) (82) (41) (48) (45) 
11 (9) (86) (25) (41) (16) (36) (43) (49) (74) (80) (61) (48) (52) (75) (78) (29) (62) (17) (30) (24) (58) (47) (5) (60) (93) (23) (4) (34) (33 3 53) (98) (79) (15) (18) (28) (99) (87) (63) (89) (97) (81) (66) (68) (88) (13) (46 21) (26 45) (85) (72) (69) (2) (76) (22) 
12 (18) (5) (27) (25 41) (8) (43) (75) (54) (74) (13) (76) (46) (81) (10) (11) (93) (30) (70) (35) (95) (19) (53) (79) (42) (6) (60) (15) (3) (59) (23) (16) (85) (24) (55) (49) (68) (26) (88) (12) (97) (82) (66 72) (4) (80) (44 47 17) (28) (62) (94) (67) 
13 (50) (5 18) (23) (2) (86) (27) (29) (89) (6) (53) (100) (19) (49 84) (48) (67) (83) (59) (69) (88) (42) (26) (21) (30) (15) (98) (91) (39) (10 41) (3 45) (64) (77) (8) (82) (4) (94) (87) (73) (74) (58) (20) (13) (80) (52) (57) (96) (79) (14) (66) (68 78) (35) (34) (95) (47 17) (85) (92) (81 9) (1) (93) (31) (90) (33) (70) (38) 
14 (52) (98) (43 74) (34) (57) (91) (33) (79) (54 45) (19) (85) (6) (42) (41) (93) (50) (67) (11) (20) (89) (36) (35) (15) (100) (59) (28) (12 17) (40) (90) (76) (26) (44) (61) (37) (23) (65) (31) (48) (77) (58) (56) (25) (75) (21) (29) (88) (39) (96) (95) (51) (64) (7) (18) (32) (49) (16) (87) (78) (71 38) (8 84) (13) (14) (86 73) 
15 (77) (45) (4) (92 87 82) (62) (23 68) (79) (34) (2) (33) (15) (5) (19) (30) (88) (63) (86) (67) (17 48) (95) (10) (22 38 89) (85) (71) (100 69) (27) (54) (50) (20) (21) (24) (99) (61) (78) (39) (6 31) (90) (60) (64) (29) (32) (12) (91) (49) (46) (1) (59) (53 47 97) (80) (66) (75) (52) (55) (26) (25) (81) (58) (16) (83) (74) 
16 (8) (91) (38) (74) (82 72) (15) (88) (57) (31) (89) (67 83) (25) (20) (66) (86) (34) (47) (21) (79) (51) (100) (24) (12) (50) (78) (1) (37) (14) (71) (69) (39) (92) (87) (97) (65) (5) (98) (76) (35) (33) (81) (80) (40) (30 94) (85) (42 45) (7) (18) (17) (49) (3 93 4) (62) 
17 (59) (9) (12) (27) (39 62) (4) (10 86) (88) (28) (55) (93) (67) (3) (99) (32) (100) (13 76) (56) (77) (31) (80) (7) (30) (53) (83) (92 45) (35) (94) (90) (95) (25) (14) (17) (63) (57) (36) (70) (87) (51) (61) (38) (29 42) (18) (65) (72) (22) (73) (23) (48) (98) (68) (64) (15) (89 44) (41) (60) (40 5) (43) 
18 (55) (49) (90) (62) (37 85) (5) (30) (94) (97) (18) (6) (1) (58) (66 41) (73 33 79 56) (51 31) (35) (36) (24) (23) (3) (52) (87) (89) (82) (100 71) (50) (93) (7 99) (2) (40) (78) (15) (34) (28) (25) (12) (57) (48) (96 81) (45) (95) (60) (75) (20) (39) (47) (70) (26) (64) (44) (88) (83) (9) (10) (92) (67) 
19 (70) (62 93) (41) (57 85) (60) (95) (92) (54) (1) (39) (67) (82) (22) (71) (77) (55) (86) (24 80) (38) (61) (75) (40) (50) (4) (36) (84) (45) (12) (66) (30) (69) (29) (58) (11) (16) (49) (14) (21) (20) (31) (64) (65) (35) (91) (34) (100) (73) (6) (28) (47) (76) (37) (2) (17) (53) (94) (99) 
20 (81) (28) (26) (21) (8 34) (73) (95 53) (49) (91 88) (65) (16) (92) (23) (24) (77) (46) (85) (19) (87) (64) (100) (79 4) (38 30) (2) (40) (72) (86) (15) (48) (10) (82 63) (33) (47 27) (5) (50) (58) (74) (14) (90) (37) (39) (52) (84) (59) (61) (98) (20 97) (68) (25) (18) (36) (3) 
21 (3) (20) (70) (96) (6) (59) (34) (92) (66) (28) (55) (94) (90) (60) (32) (79) (21) (24) (50) (75) (12) (35) (77) (9) (51) (31) (43) (93) (83) (100 86 61) (63 57) (84) (78) (88) (76) (52) (46) (5) (26) (1) (40) (33) (81) (45) (41) (65) (97) (23) (29 37) (39 74) (85) (98) (49) (58) (95) 
22 (11) (67) (28 52) (10 49) (73) (57) (31) (21) (76) (61) (22) (16 79) (25) (33) (58) (55) (41) (64) (30) (75) (13) (94 81) (60) (14) (47) (66) (18) (29) (71) (48) (39) (62) (77) (6) (100) (8) (51) (97) (69 54) (91 35) (84) (1 74) (85 17) (7) (40) (99) (20) (37) (45) (24) (82) (50) (43) (93) (78) (12) 
23 (49) (68) (12) (59) (95) (6) (30) (99 28) (20) (96) (54) (3) (66) (77) (47) (41) (21) (2) (26 40) (50) (57) (9) (71) (46) (90) (56) (83) (100) (4) (98) (22 92 86) (69) (48) (35) (45) (34) (25) (58) (32) (15) (97) (29) (8) (7) (76) (65) (63) (23) (51) (93) (44) (79) (72 33) (1) (78) (36) (14) (82 5) (81 60) (16) 
24 (10) (60) (17) (56) (68) (12) (43) (94) (23 57) (24) (27 69) (58) (98) (86) (51 40) (61) (99) (89) (22) (21) (81) (83) (66) (52) (20) (45) (84) (76) (53) (6) (5) (31) (2) (16) (37) (19) (64) (48) (7) (77) (92) (28) (72) (42) (36) (34) (49) (78) 
25 (55) (49 7) (71) (74) (4) (38 85 28) (80) (68) (77) (69) (35) (82) (92) (89) (44) (50) (18 59 26) (93) (84) (32) (79) (66) (81) (76 30) (94) (58) (78) (87 2) (99) (91) (53) (33) (22) (65) (9) (83) (56) (48) (100) (25) (46) (15) (39) (6) (21) (31) (10) 
26 (48) (54) (1) (81) (79) (18) (89) (60) (17) (62) (29) (10) (98) (6) (33) (93) (28) (42) (7) (53 56) (39) (58 9) (87 47) (88) (16) (55) (85) (43) (71) (51) (80 19) (82) (37) (41) (78) (74) (24) (75) (73) (92) (57) (67) (83) (49) (46) (100) (8 21) (95) (45) (30) (32) (90) (13) 
27 (8) (25) (77) (15) (2) (55) (92) (76) (71) (63) (18) (83) (73) (70 29) (39) (5) (22) (20) (43) (11) (19) (67) (24) (21) (14) (61) (90) (9) (53) (68) (16) (49) (47) (74) (41) (79) (4) (89) (45) (28 78 26 62) (86) (54) (72) (59) (33) (99) (46) (34) (69) (13) (95) (85) (87) (30) (97) (84) (36) 
28 (43) (61) (84) (26) (62) (89) (48) (40) (45) (31) (55) (5) (100) (12) (18) (22) (2) (29) (90) (23) (81) (96) (63) (69) (64) (72) (97) (83) (52) (11) (3) (66) (38) (70) (77) (49) (76) (95) (92 44) (67) (37) (91) (71) (79) (59) (8) (73 51) (60) (86) (65) (87) (30) (94) (33) (17) (10) (41) (15) (82) (14) (13) 
29 (2) (6) (16 44) (20) (10) (66) (53 88) (24) (60 14) (33) (38) (46) (21) (52) (4) (15) (74) (45) (41) (3) (28) (19) (92) (39 12) (25) (63 94) (42) (50) (27) (70) (67) (17 43) (7) (90) (91) (76) (8) (98) (40) (99) (35) (59) (18 71) (97) (54) (34) (95) (23) (72) (11 78) (22) (48) (13) (37) (84) (65) (47) (58) 
30 (37) (100) (96 78) (59) (16 83) (39) (4) (43 47) (27) (87) (65) (66) (50) (91) (72) (34) (31) (30) (7) (44 77) (98) (92) (95) (32) (40) (33) (58) (52) (46) (76) (12) (54) (36 29) (97) (21 17) (74) (38) (11) (79 64) (19) (49) (73) (63 3) (57) (48) (85) (35 53) (45) 
31 (25) (19) (45) (53) (59) (89) (75) (56) (95) (37) (15) (64) (84) (65) (54) (11) (44) (70) (67) (29) (10) (17) (72) (77) (41) (82) (14) (22) (90) (40) (49 32 74) (36 69) (47) (60 8) (88) (73) (100) (43) (20) (38) (92) (34) (4) (50 93) (78) (48 80) (27) (35) (21 42 61) (1) (7) 
32 (32) (39) (48) (34) (63) (54) (5) (50) (12) (14 83) (45 70) (59) (6 95) (35) (74) (25 61) (91) (52) (33 94) (72) (13) (80) (71) (89) (8) (73) (92) (58) (11) (27) (44) (18) (21) (55) (49) (9) (19) (86) (66) (7) (100) (75) (98) (15) (16) (64) (56) (60) (69) (28) (82) (76) (51) (96) (22) 
33 (9) (84) (81) (88) (10) (41) (6) (58 53) (51) (38) (97) (34) (60) (35) (76) (24) (12) (86) (32) (65 37) (99) (1) (95) (39) (48) (17) (14) (42) (44) (18) (62) (16 91) (70) (64) (73) (27) (49 30) (67) (19) (2) (90) (83) (33 94 77) (98) (3) (80) (87) (40) (68) 
34 (30) (100) (12) (13) (33) (38) (4) (82) (96) (37) (57) (92) (18) (94) (24) (93) (79) (29) (86) (59) (60) (16 87) (68) (44) (58) (52) (54) (88 70) (2) (73) (81) (17) (74) (15 47) (63) (46 80) (36) (62) (25) (8) (11) (85) (3) (76) (28) (34) (66 10) (72) (21) (78) (41) (89) (77 75) 
35 (71) (84) (92) (90) (97) (3) (82) (6) (22) (70) (68) (86) (39) (85 14) (60) (24) (16) (37) (32) (81) (4) (94) (93 43) (95) (35) (28) (12) (38) (100) (76) (45 69) (11 64) (50) (58 55) (48) (61) (79) (23) (33) (52) (91) (8) (25) (49 89) (47) (65) (87) 
36 (23) (17 40) (18) (83) (46) (9) (55) (37) (30) (38) (33) (86) (72) (91) (73 8) (87) (53) (97) (14) (29) (4) (62) (42) (63) (27) (65) (64) (89) (58) (3) (16) (43) (75) (56) (44) (98) (11) (48) (19) (85) (2) (66) (76) (82) (6) (51) (94) (34) (90) (74) (52) (28) (41) (24) (35) 
37 (3) (74) (63) (41 91) (1) (32) (47) (86) (87) (61 10) (72) (22) (67) (58) (95) (89) (85) (9) (45) (7) (65) (15) (77) (33) (48) (53 4 60) (24) (17) (59) (13) (84) (19) (57) (16) (80) (54 38) (29) (100) (26) (8) (42) (92 70) (71) (35) (2) (51) (73) (52) (20) (18 6) 
38 (21) (98) (86) (32) (85) (75) (29) (50) (16) (100) (52) (8 1) (94 60) (30) (71) (39) (80) (62) (65) (83) (99) (57) (24) (64) (6) (31) (56) (9) (45) (34) (96) (26 67) (42) (61) (54) (10) (63) (53) (27) (12) (18) (23) (11 74) (79) (2) (91) (77) (40) (4 55) (95 97) (73) (78) (69) (19 25) (93) (58) (82) 
39 (32) (64) (41) (17) (28) (62) (37) (9 6) (7) (51) (91) (11) (14) (77) (43) (38) (65) (84 46 80) (74) (39 50) (5) (57) (30 1) (61) (86) (90) (63 67) (8) (83) (98) (44 87) (69) (20) (40) (81 29) (55) (92) (76) (22) (49 12) (19) (24) (42 73) (58) (85 36) (93) (53) 
40 (22) (90) (85) (80) (55) (20) (59) (97) (74) (10) (43) (64) (5) (24) (9) (1) (54) (7) (32 45) (96) (93) (53) (13) (91) (84) (8) (50) (58 75) (73) (95) (6) (16) (86) (94) (100 70) (18) (92) (12) (57) (33) (40) (25) (35) (41) (89) (23) (14 81) (11) (17) (47) (65) (29) (36) 
41 (75) (83) (80) (90) (45) (48) (93 49) (52) (25) (3 16) (29) (70) (87) (63) (62) (94) (88) (37 97) (19) (56) (8) (79 40) (92 51) (53) (69) (43) (77) (12 18) (15) (21) (73 20) (74) (54 76) (1) (4) (10) (33) (11) (50) (39) (36 5) (41) (28) (22) (17) (26 44) (81) (59) (42) (64) (86) (34) (7) 
42 (80) (66) (44) (74) (58) (54) (4) (21) (70) (36) (97 99) (10) (93) (84) (63) (33) (38 65) (85) (69) (71) (52) (47) (61) (23) (22) (96) (12) (8) (34 14) (78) (26) (32) (30) (3) (92) (39) (79) (27) (83) (62) (43) (31) (6) (73) (89) (100) (29) (40) (57) (90) (1) (68) (41) (25) 
43 (9) (11) (83 91) (57) (54) (21) (5) (31) (86) (19 34) (13) (4) (26) (7) (89) (24) (99) (16) (70) (59) (67) (29) (84) (69) (42) (72) (43) (2) (8) (88 93) (60) (37 25) (36) (79) (18) (38) (12) (39) (51) (23) (73) (53 32 56) (92) (90) (65) (98) (28) (41) (81) (80 44) (52) (15) (33) (55) (71) 
44 (34 100 52) (85) (29) (86) (70) (57) (26) (50) (68) (36) (92) (14) (33) (74 24) (55) (51) (75) (2) (94 90 45) (78) (77) (76) (54) (44) (39) (56) (4) (93) (69) (12) (63) (5) (25) (47) (82) (40) (43) (38) (8) (27) (41) (42) (22) (6) (21 53) (64) (48) (80 83) (18) (97 46) (59) (99) (9) 
45 (90) (50) (27) (53 76) (58) (88) (69) (62) (95) (45) (51) (82) (89) (7) (33) (87) (34) (36) (68) (56) (14) (31) (39) (43) (54) (77) (30) (35) (8) (41) (80) (42) (55) (91) (9) (97) (78) (16) (15 83) (19) (96) (99) (72) (10) (38) (49) (40 63) (84) (66) 
46 (11) (53) (15) (61) (4) (94) (88) (86) (16) (60) (57 77) (56) (84) (95 22) (96) (35) (20) (13) (99) (80) (91) (93) (68) (25) (67) (62 46) (39) (43) (8) (27) (23) (69) (9) (34) (97) (73) (32) (48) (26 21) (83) (28) (78) (3) (29) (54) (49) (98) (33) (42) (47) (6) (31) (81) (65) (41) (12) (1) (40) (58) 
47 (42) (37) (3) (70) (25) (57) (69) (78) (44) (83) (34) (33) (15) (27) (88) (86) (59) (31) (76) (40) (7) (13 94) (56) (61) (73 65) (96) (72) (1) (4) (79) (23 47) (29) (41) (5) (68) (20) (36 19) (80) (85) (2) (77) (8) (17) (71) (63) (74) (95) (52) (84) (32) (92) (46) (64) (89) (12) (11) (38 24 93) 
48 (72) (61) (49 44) (4) (59) (78) (56 21) (32) (95 80) (88) (54) (3 71 18) (58) (62) (42) (87) (34) (74) (76) (14) (100) (8) (46) (69) (10) (97) (92) (24) (52) (17) (93 68) (65 23 83) (35) (38) (36) (85) (91 48 39) (26) (99) (77) (90) (73) (84) (43) (57) (30) (31) (37) 
49 (72) (87) (53) (77) (88) (39) (40) (91) (67) (41) (69 5) (24) (58) (12) (7 95) (90) (57) (73) (11) (93) (99 22 50) (23 66) (4) (13 15) (52) (61) (65 79) (16) (80 96) (26) (86) (14) (74) (8) (60) (38) (100) (21) (25) (98) (59) (29 51) (71) (55) (47) (46) (30) (85) (64 6) (97) 
50 (17) (92) (37 30 54) (59) (99) (84) (70) (20) (23) (34) (51) (21) (35) (61) (25) (53) (12) (56) (93) (9) (32) (38 96 100) (98) (87) (3 50) (41) (65 62) (79) (82 58) (14) (11 94) (97) (26) (77) (86) (60) (95) (1) (4 66) (7) (19) (64) (72) (16) (76) (28) (24) (45) (91) (71) (6) (78) (88) (2) (10 47) (36) 
51 (24) (74) (81) (45 63) (75) (20) (1) (28) (43) (65) (37) (57) (47) (80) (67) (54) (30 22) (6) (15 11) (13) (7) (53) (49) (68) (29) (86) (8) (31 46) (27) (41) (94) (39) (4) (5) (82) (96) (58) (44) (91) (16) (84) (97) (100) (50) (87) (48) (21) (92) (38) (3 90) (64) (61) (55) (88) (71) (12) (42) (93) 
52 (12) (78) (99) (100) (83) (25) (90) (37) (93) (62) (29) (42) (8) (63) (74 26) (86 56) (19) (44) (88) (24) (69) (40 81) (68) (80) (58) (20) (89) (11) (45 61) (94 54) (27) (30) (22) (36) (52) (35) (97) (9) (55) (23) (7) (84) (96) (82) (10) (66) (91) (95) (6) (50) (18) (43) (21) (33) (39) (15) (77) (4) (16) (31) (79) 
53 (91) (73) (85) (80) (12) (93) (88 32 2) (37 52) (54) (35) (30) (72) (53) (21) (77) (63) (90) (33) (94) (43) (7) (9) (13) (95) (41) (6) (47) (31) (22) (83 79) (99) (97) (27 100) (82) (61) (92) (87) (71) (24 76) (55) (48) (10) (98 56) (74) (78) (84) (3) (18) (16) (44) (89) (65) (4) (58) 
54 (69) (94 47) (78) (35) (81) (57) (83) (42) (88) (75) (63) (44 67) (28) (53) (77 87) (48) (14) (24) (71) (17) (36) (59) (79) (25) (76) (20) (16) (62) (18) (33) (29 11) (52) (60) (46) (91) (64) (38) (22) (65) (61) (43) (50) (89) (86) (8) (31) (21 2) (3) (95) (9) (27) (97) (98) (4) (23) (92) 
55 (76) (64) (89) (33) (77) (85) (30) (65) (39) (10) (47) (38) (98) (53) (88) (61) (75) (72) (7) (95) (81) (2) (52) (27) (92) (41) (71) (22) (70) (23) (32 87) (55) (86) (31) (93 60) (37) (100) (19) (17 20) (1 3) (73) (45) (66) (25) (28) (34) (94) (14) (11) (97) (84) (4) (80) (58) (12) (51 79) (43) (35) 
56 (8) (81 79) (39) (54) (83) (89) (16) (31) (17 88) (95) (90) (36) (70) (97) (63 93) (47) (10) (87) (1) (33) (24) (23) (41) (82) (4) (26 21) (99) (34) (72) (32) (42) (13) (55) (18) (78) (50 53) (7) (6) (91) (3) (94) (74) (59) (29) (80) (28) (30) (38) (77) (22) (52) (76) (48) (64) 
57 (38 31) (37) (64) (80) (34) (76) (99) (9) (32 100) (59) (36 92) (82) (97) (88 61) (86) (55) (95) (16) (26) (70 87) (56) (79) (91) (65) (50) (49) (53) (29) (42) (19) (41) (74) (24) (25) (98) (33) (84) (52) (3) (2) (13) (46 17) (5) (8) (62 45) (58) (78) (28) (71) (60) 
58 (64) (86) (10) (75) (71) (15) (83) (92) (85) (74) (4) (18) (17) (68) (23) (65 77) (19) (35) (39 88) (100) (20) (30) (2) (12) (81) (47) (52 22) (55) (58) (73) (9) (16) (1) (72) (59) (14) (46) (29) (93) (97) (37) (13) (8) (79) (90) (78) (26) (70) (76) (99) 
59 (48) (40) (62) (56 90) (15) (72 77) (42) (24) (100) (45 29) (78) (22) (23) (83) (54) (19) (20) (91) (21) (85) (88) (17) (39) (4) (89) (65) (35) (30) (27) (18) (71) (16) (9) (59) (75) (55) (97 11 57 76) (8) (50) (2) (47) (52) (60) (26) (14) (92) (12) (7) (32) (28) (73) (61) (80 43) (86) 
60 (80) (82) (6) (41) (20 47) (15) (70) (63) (27) (92) (90) (16) (49) (26) (72) (23) (19) (56) (14 2) (21) (93 74) (86) (30 81) (36) (73) (55) (98) (84) (87) (77) (3) (7) (12) (1) (29) (13) (91) (88) (32) (52) (61) (60) (59) (69) (57 96) (64) (34) (99) (8) (17) (33) (46) (11) (53) (89) 
61 (33 82) (94) (100) (77) (69) (78) (96) (19) (52) (5) (30 34) (84) (92) (15) (65) (74) (1) (3) (75) (95) (48) (99) (21) (80) (62) (29) (35) (12) (24) (72) (49) (61) (45) (31) (89) (22) (54) (70 87) (46) (40) (73) (83) (16) (25) 
62 (40) (91) (88) (84) (44) (31) (4) (70) (80 53) (48) (83) (29 26) (90) (13) (5) (34 19) (78) (16) (55) (41) (94) (47) (28) (71) (22) (79) (9) (51) (27) (46) (11) (6) (61) (64) (95) (37) (75) (25) (2) (98) (89) (66) (20) (14) (18) (33) (38 81) (97) (8) (68) (12) (50) (60) (45) (93) (82) 
63 (37) (75) (76) (41) (27) (42) (11) (79) (86) (71) (40) (100) (61) (31 24) (29) (47) (78 77 56) (98) (17) (10) (59) (15) (83) (25) (65) (26) (68) (51 60) (62) (32) (12) (58) (89) (13 34) (19 9) (93) (23) (8) (80) (53) (52) (74) (55) (50) (81) (69) (43) (30) (45 66) (16) (97) (36 44) (1) (2) (96) (95) (64 38) 
64 (60) (75) (4) (82) (90) (17) (98) (25) (45) (66) (65 12) (8) (49) (77 10) (59) (6) (33) (64) (86) (87) (80) (88) (22) (47) (69) (35) (50) (53) (46 84) (93) (11 71) (62) (41) (79) (18) (37) (55) (40 72 100) (30) (26 48) (96) (57) (94) (19) (74 2) (44) (32 63) (56) (3) (73) (85) (92) (14 67) (15) 
65 (2) (14) (100) (65 40) (77 13) (55) (81) (35) (36) (29) (10) (12 73) (34) (31) (33) (98) (84) (89) (87) (69) (7) (8) (15) (76) (80) (42) (27) (52) (3) (86) (97) (57) (26) (74) (48) (93) (83) (72) (17) (54) (61) (24) (11) (78 60) (64) (22) (71) (32) (75) (56) (6) (94) (28) (85) (39) (47) (67) (16) (5) (63) (49) 
66 (47) (36) (74) (12) (17) (9) (5) (37 99) (11) (10) (44) (45) (93) (6) (60) (65) (40) (83) (49) (15) (34) (24 54) (41 3) (26) (7 2) (78) (94 92) (63) (18) (72) (51) (86) (46) (85 29) (68) (31 27) (59) (39) (81) (64) (67) (89) (87) (97) (82) (80) (13) 
67 (55) (13) (88 40) (38) (39) (61) (4) (68) (71) (14) (99) (75) (33) (32) (85) (95) (31) (52) (98) (6 10) (7) (2) (49) (27) (26 79) (64) (12) (37) (97) (91) (63 44) (59) (90) (43) (74) (73) (58) (60) (81) (3) (86) (1) (66) (82) (57 18) (93) (45) (62) (78) (28) (70 5) (36) (30) (9) (8) (80) (83 69) (77) (65) 
68 (70) (63) (98) (5 10) (89) (37) (73) (12) (39) (75 94) (51) (77) (4) (18) (23 13) (61) (47) (22) (44) (45) (55) (67) (11) (65) (43) (95) (99) (84) (50) (53 49) (16) (27) (36) (32) (87) (97) (19) (1) (72) (35) (28) (100) (76 38) (93) (66) (62) (33) (79) (69) (25) (68) (82) (91) (57) (54) (56) (81) 
69 (22) (95 75) (90) (21) (41) (48) (12) (78 32) (4) (73) (5) (9) (76) (37) (3) (65) (98) (89) (20) (34) (25) (82) (88) (43) (13) (99) (17) (71) (50) (19) (93) (68) (2) (47) (7) (58) (66 26) (38 67) (36 42) (44 39) (97) (92) (8) (18) (46) (64) (86) (62) (72) (54) (40) (70) (80) (96) (52) (35) (85) (87 91 33) (74) 
70 (33) (40) (15) (87) (36) (17) (78) (49) (32) (2) (95 24) (94 76) (56) (13) (14) (43) (27) (72) (18) (54) (38) (63) (26) (100) (20) (3) (25) (90) (68) (97) (10 19) (73) (4) (44 67) (7) (80) (48) (6) (85) (8) (35) (98) (55) (21) (69) (46 58) (83) (77) (12) (34) (29) (86) (66 82) 
71 (10) (100) (48) (93) (47) (32) (50) (78) (37 98) (40) (85) (68) (63) (74) (46) (81) (80) (51 84) (75) (61) (94) (31) (53 99) (96) (83) (76) (97 45) (67) (2) (8) (23) (90) (24) (27) (79) (5) (62) (54) (92) (35) (57) (70) (4) (7) (58) (17) (60) (66) (87) (12) (49 89) (39 59) 
72 (32) (8) (33) (77) (99) (37 15) (90) (13) (59) (9) (75) (17) (47) (53) (66) (48 74) (68) (25) (3) (44) (14) (18) (55 23) (10 78) (6) (96 4) (36) (1) (100) (22) (30) (65) (45) (5) (42) (20 58 91) (46) (16) (94) (49) (82) (61) (87) (83 70) (11) (24 89) (26) (67) 
73 (61) (55 54) (73) (58) (86 6) (66) (71) (27) (28 34 78) (8) (25) (92) (97 99) (68) (96) (56) (67) (17) (48) (95) (94 57) (53) (74) (14) (10 21) (43) (20) (19) (12) (32) (98) (30) (91) (69) (16) (36 45) (7) (42) (3) (51) (85) (82) (89) (39) (90) (18) (26) (49) (60) (2) (77) (11) (81) (23) (65) 
74 (39) (70) (5) (30) (31) (68) (35) (52) (9) (90) (29) (62) (46) (23 15 12) (41) (63) (81) (4) (77) (94) (36) (71 61) (20) (75) (32) (58) (79) (8 73) (59) (83) (47) (33) (92) (22 84) (26) (13) (1 95) (10 49) (91) (89) (19) (74) (37) (86) (16) (80) (27 85) (3) 
75 (42) (75) (80) (6) (97 76) (10) (12) (49) (8) (70) (95) (15) (3) (90) (73) (59) (27) (87) (20) (55) (39) (71) (74 5) (52) (93) (29 65 16 1 35) (48) (44) (19) (18) (63) (89) (7) (36) (77) (79) (56) (85) (34) (78) (14 28) (13) (72) (43) (22) (33) (62) (81) (50) (23) (82) (41) (9) (67) (24) (64) (100) (96) (26) (84 86) 
76 (72) (46 21) (65 44) (20) (8 31) (19) (100 82) (68) (37) (45) (79) (26) (78) (76) (63) (53) (18) (92) (70) (6) (57) (71) (96) (80) (38) (23) (41) (9) (99 64) (60) (34) (51) (27) (29 4) (35) (89) (86) (77) (54) (87) (55 74) (32) (97) (36) (88) (25) (5 15) (66) (2) (24) 
77 (46) (99) (42) (65) (76) (60) (15) (78) (10) (35) (84) (48) (43) (61) (63) (28) (3) (47) (45) (44) (94) (73) (98) (25) (50) (62) (72) (34) (58) (87) (97) (17) (36) (7) (29 37) (79) (96 55) (74) (19) (75) (71) (69) (49) (77) (40 39) (70) 
78 (44) (92) (60) (37) (95) (13 96) (6) (2) (75) (88) (1) (82) (94) (53) (58 26) (67) (100) (3 17) (11) (68) (64 32) (51) (28 72) (21) (93) (7) (62) (38) (4) (71) (46) (74) (70) (79) (30) (45) (31) (22) (99 35) (98) (34) (29) (23) (14) (83) (63) (76) (5) (87) (25) (66) (15) (77) 
79 (38) (7) (34) (66) (27) (23) (28) (6) (12) (83) (43 91) (2) (15) (3) (98) (47) (36) (67) (17 14) (89) (58) (73) (11) (44) (32) (78) (63) (93) (9) (88) (30 100) (1) (75) (18) (97) (41) (96 35) (52) (20) (39) (99) (95) (13) (72) (40) (92) (86) (5) (33) (68) (87) (94 82) (49) (71 25) (56) (90) 
80 (73) (14 50) (15) (65) (33) (98) (26) (94) (62) (47) (45) (30) (20) (89) (55) (99) (34) (41) (25) (90 21) (49) (68) (82) (6) (51) (78) (42) (38) (22) (72) (7) (31) (53) (28) (85) (84) (36) (24) (32) (29 16) (79) (66) (9) (17) (64) (59 43) (70) (35) (13) (80) (12) (61) (37) (75) 
81 (84) (50 51 89) (78) (44) (73) (20) (27) (47) (54) (34) (22) (41) (59) (90) (71) (100) (16) (21) (56) (74 70) (62) (99) (86) (72) (91) (9) (1) (93) (83) (46) (11) (6) (28) (76) (30) (23) (75) (65) (38) (60) (45) (53) (12) (69) (79 55) (8) (85) (87) (66) (48) (32) (58) (67) (40) (92) (7) (81) (3) (49) (18) (10) (37) 
82 (22) (74) (39) (35) (97 32) (20) (96) (76) (4) (70) (42) (58) (16) (33) (100) (40) (27) (50) (2) (89 24) (25) (78) (31) (7) (36) (9) (75) (71) (65) (53) (80 59) (60) (34) (87) (10) (28) (46) (30) (95) (6) (64) (19) (23) (69) (11) (56 51) (37 38) (99) (84) (1) (55) (21) 
83 (44) (71) (63) (70) (28) (15 25) (39) (76) (92) (75) (74) (9) (54) (43) (23) (49) (96) (12) (45) (89) (47 35) (53) (36) (1) (73) (55) (60) (90) (22 50) (20) (42 57) (4) (21) (16) (37) (77) (95) (19) (41) (18) (31) (3) (68) (87) (66) (94) (80) (58) (48 34) (65 72) 
84 (1 66) (56) (42) (96) (4) (85) (57) (23) (43) (14) (20 37) (60) (49 3) (10) (7 19) (79) (22 76) (30) (27) (28) (17 52) (54) (64) (93) (61) (26) (47) (46) (41) (50) (6) (82) (29 74) (72) (16 24) (55) (73) (21) (65) (18) (8) (15) (80 75 33) (67 39 70) 
85 (89) (72) (12) (44) (14) (90) (6) (34) (83) (38) (99) (100) (96) (84 61) (55) (35) (37 47) (41) (91) (58) (53) (1) (54) (52) (28) (39) (98) (71) (33) (77) (40) (27) (85 21) (95) (46) (5) (9) (18) (17) (59) (3) (4) (2 10) (57) (76) (36) (66) (64) (45) (25) 
86 (36) (98) (47) (33) (11) (58) (60) (77 19) (10) (86) (14) (20) (39) (76) (87) (37) (95) (8) (34) (46) (78) (92) (100) (71) (72) (21 59) (23) (67) (64) (93 26) (48) (7) (74) (12 68) (89) (53) (75) (40 24) (44 18) (57) (25) (32) (31) (56) (38) (90 28) (2) 
87 (66) (33 54) (32) (65) (91) (43) (34 88) (41) (77) (86) (99) (31) (39) (90 71) (82) (100) (80) (19) (50) (8 76) (9) (7) (46) (73) (30) (17) (98) (81) (26) (84) (67) (22) (61) (56) (58) (3 16) (28) (11) (85) (6) (35) (93) (29 37) (92) (4) (79) (60) (70) (1) (2) (45) (89) (36) (49) (14) 
88 (86) (15) (26) (36 98) (89) (65) (56) (71) (84) (3) (11) (76) (90) (6) (5) (99) (35) (8 18) (37) (62) (7) (60) (85) (80) (1) (64) (20) (69) (28) (49) (4) (14) (38) (81) (12) (47) (23 79) (55) (48) (92) (95) (2) (73) (33) (31) (52) (10 44) (68) (74) (19) (13) (82) (27 43) (21) (39) (66 22) (51) (70) (57) (77) 
89 (24) (35) (2) (97) (88) (62) (14) (59) (70) (12) (49) (54) (99) (8) (65) (3) (98) (82 31) (61) (71) (43) (13) (95) (23) (96) (26) (84 60) (28) (74) (34) (56) (47) (41) (86) (27) (77) (93) (90) (87) (22) (66) 
90 (88 13) (40) (22) (36) (44) (23) (24 74) (100 25 66) (71) (1) (75) (83) (79) (5) (32 28) (78) (92) (34) (69 68) (67) (42) (55) (14) (58) (41) (85 37 86) (57) (48) (80) (60) (84) (98) (51) (52) (6) (64) (43) (54) (9 45) (31 46) (94 18) (19) (21) (8) (56) (16) (17) (39 82) 
91 (89) (73) (62) (72) (46) (16) (32) (58) (100) (83) (44) (2) (70) (88) (38) (87) (66) (71) (76) (51) (68) (97) (64) (36) (56) (26) (50) (13) (41) (37) (98) (57) (67) (52) (77) (45) (47) (60 78) (4) (43) (40) (49) (21) (17 11) (94) (9) (84) (33) (25) (7) (82) (18 93) (92) (80) (35) (31) (55) (63) (90) (95) (15) (22) (6) (81) 
92 (15) (30) (38 70 2) (35) (42) (89) (84) (75 17) (40) (61) (91) (97) (11) (74) (83) (7) (20) (76) (77) (47) (60) (23) (68) (57) (78) (6) (12) (3) (51) (87) (31) (4) (56) (37) (36) (28) (63) (13) (27) (85) (46) (88) (48) (14) (18) (90) (54) (9) (93) (82) (44) (71) (73) (67) (19) (33) 
93 (29) (86) (34 13 68) (24) (96) (54) (36) (65) (22 45) (93) (11 99) (42) (12) (77) (51) (91) (94) (95) (64) (67) (75) (32) (31) (20) (28) (30 8) (56) (37) (33) (17) (19) (49) (76) (73) (2 4) (52) (82) (23 87) (97) (92) (71) (79) (16) (80) (84) (55) (44) (43) (57 61) (59) (39) (47) (90 9 25) (85) 
94 (46) (64) (16) (3) (52) (92) (1) (61) (37) (98) (53) (21) (85) (35) (87 80) (49) (26) (59 20) (71) (97) (74) (68) (36) (69) (84) (88) (19) (65) (29) (32) (33) (17) (22) (28 66) (90) (15) (23) (83) (4) (81) (11) (43) (7) (27) (63) (79) (5) (77) (31) (50) (8) (76) (51) (95 48) (9) (96) (34) 
95 (96) (72) (82) (19 35) (10) (5 49) (40 9) (31) (73) (93) (3) (33) (52) (28) (70) (100) (64 34) (91 68) (83) (43) (77) (29) (6) (71) (99) (94) (56) (74) (32) (39) (81) (62) (95) (48) (51) (87) (23) (14) (26) (12) (84) (54) (16) (18) (1 53) (22) (88) (8) (11) (21) (79 46) (80) (25) (85) (50) 
96 (71) (65 4) (39) (27) (23) (29) (95) (91) (64) (5) (33) (93) (90) (7) (73) (72) (45) (14) (6) (78) (12) (94) (70) (2) (79) (88) (47) (30) (24) (75) (98) (1) (38) (32) (50 26) (83 15) (48) (21) (66) (100) (92) (99) (69) (53) (51) (67 46) (18) (56) (61) (35) (57) (76) (59 22) (40) (80) 
97 (81) (98) (69) (86) (16) (95) (29) (79) (56) (35) (19) (8) (67) (54) (43) (75) (41) (17) (32 50) (62) (88) (4) (68) (10) (6) (60 63) (52 39) (37) (27) (55) (97) (83) (26) (89) (61) (31) (46) (80) (78) (90) (34) (14) (21) (96) (72 64) (91 53) (71) (57) (58) (18) (45) (93) (23) (82) (1) (2) 
98 (7) (79 45) (81) (8) (33) (37) (1) (99) (87) (23 16) (78) (52) (40) (25) (57) (58) (34) (24) (62) (68) (97) (10) (83) (5 22) (80) (96) (14) (26 72 56) (65) (63 55) (48) (86) (82) (88) (31) (44) (73) (100) (3) (50) (71) (70) (11) (61) 
99 (46) (42) (5) (7) (54) (86) (11) (49) (25) (99) (59) (13) (40) (70) (20) (28) (23 52) (53) (64) (57) (10 92) (97 45) (29) (38) (34) (22) (18) (80) (4) (9) (76) (94) (17) (67) (63) (95) (71 91) (47) (69) (6) (35) (83) (84) (78) (31) (74) (56) (85) (2) (33) (19) (1) (30) (90 68) (32) (89) (77) 
100 (4 82) (89) (2) (37) (71) (7) (94 56) (21) (44) (1) (15 59) (6) (12) (76) (10) (41) (32) (85 31) (74) (24) (22) (49) (78) (66) (20) (52) (57) (28) (33) (69) (18) (54) (63) (29) (16) (35) (80) (14) (99) (60) (100 97 38) (73 27) (77) (13) (48) (5) (34 84 98) (88) 
1 (97) (41) (83) (16) (26) (72) (21) (68) (100) (3) (63) (90) (51) (84) (33) (61) (8) (18) (40) (19) (50) (2) (4) (23) (31) (60) (85) (81) (79) (94) (42) (75) (37) (67) (99) (22) (58) (5) (38) (1) (78) (46) (55) (47) (96) (56) (13) (95 39) (82) (15) (7) (87) (74) (98) (88) 
2 (54) (73) (19) (99) (23) (85) (13) (36) (25) (86) (91) (24) (92) (76) (64) (60) (97) (58) (7) (50) (79) (96) (47) (8) (67) (28) (66) (2) (18) (15) (89) (5) (69) (70) (33) (34) (82) (88) (11) (55) (87) (63) (20) (9) (78) (43) (38) (65) (62) (59) (53) (44) (3) (93) (29) (27 71) (37) (4) (57) (100) 
3 (72) (20) (88) (9) (16) (12) (73) (28) (29) (47) (92) (83) (13) (56) (33) (11) (50) (98) (57) (85) (18) (37) (66) (8) (53) (70) (30) (78) (69) (77) (60) (84) (51) (87) (94) (61) (54) (17) (34) (23) (21) (81) (75) (4) (42) (89) (36) (48) (35) (79) (67) (74) (46) (41) (95) (65) (64) (55) (1) 
4 (11) (48) (38) (97) (88) (93) (42) (70) (4) (16) (19) (94) (34) (76) (54) (35) (92) (31) (96) (69) (55) (20) (82) (51) (83) (85) (43) (52) (30) (99) (62) (74) (41) (46) (23) (84) (7) (50) (3) (2) (91) (78) (44) (47) (5) (64) (36) (17) (25) (100) (72) (58) (49) (29) (15) (71) (68) (1) (87) (53) (9) (37) (67 27 59) (56) (12) (13) 
5 (4) (75) (18) (49) (96) (74) (72) (68) (62) (2) (85) (5) (78) (39) (90) (12) (27) (51) (76) (88) (17) (100) (13) (16) (9) (44) (67) (3) (15) (24) (69) (79) (66) (28) (32) (1) (41) (57) (65) (7) (95) (10) (23) (43) (99) (94) (20) (47) (11) (40) (61) (21) (98) (71) 
6 (29) (84) (25) (90) (75) (56) (79) (1) (81) (14) (76) (97) (18) (73) (38) (99) (32) (72) (53) (80) (88) (92) (64) (19) (52) (67) (21) (51) (62) (33) (15) (7) (96) (42) (49) (12) (65) (13) (82) (44) (87) (40) (35) (23) (95) (26) (37) (70) (50) (60) (4) (85) (6) (22) (36) (9) (91) (46) (66) (39) (78) (100) (24) 
7 (31) (94) (70) (73) (78) (91) (23) (59) (60) (98) (82) (40) (1) (81) (53) (79) (45) (69) (16) (49) (65) (55) (96) (88) (56) (22) (25) (80) (18) (41) (75) (52) (100) (43) (51) (37) (24) (29) (67) (3) (77) (50) (30) (71) (47) (14) (84) (6) (86) (92) (87) (39) (66) (32) (99) (17) (26) 
8 (16) (81) (93) (84) (58) (52) (37) (73) (62) (35) (89) (74) (4) (12) (76) (20) (22) (67) (3) (27) (44) (14) (56) (64) (88) (8) (98) (48) (34) (69) (49) (70) (31) (29) (38) (46) (54) (23) (40) (41) (63) (94) (75) (43) (32) (65) (42) (72) (28) (47) (45) (90) (60) (71) (57) (86) (51) (39) (87) (59) (97) (13) (26) (95) (36) 
9 (91) (13) (74) (79) (11) (59) (39) (10) (66) (69) (93) (75) (27) (4) (8) (67) (57) (92) (26) (45) (81) (21) (63) (95) (83) (87) (90) (72) (38) (2) (7) (94) (18) (44) (76) (82) (37) (46) (33) (32) (6) (36) (17) (53) (25) (85) (58) (40) (50) (43) (62) (99) (52) (80) (54) (23) 
10 (75) (99) (42) (9) (20) (100) (95) (68) (2) (5) (31) (13) (84) (98) (72) (53) (74) (65) (1) (63) (26) (97) (71) (45) (24) (58) (64) (81) (25) (82) (37) (50) (86) (48) (67) (66) (41) (18) (15) (77) (52) (12) (55) (38) (28) (4) (7) (34) (17) (40) (29) (3) (70) (73) (33) (56) (22) (85) (88) 
11 (63) (73) (62) (66) (19) (64) (82) (22) (34) (7) (9) (79) (59) (65) (93) (1) (46) (91) (39) (99) (43) (38) (30) (94) (32) (81) (60) (6) (87) (36) (68) (51) (40) (50) (28) (88) (12) (31) (27) (41) (54) (86) (47) (55) (78) (92) (35) (49) (29) (98) (95) (14) (72) (52) 
12 (60) (21) (70) (52) (75) (80) (55) (14) (88) (93) (95) (23) (18) (86) (44) (62) (40) (79) (61) (16) (73) (96) (89) (34) (66) (17) (100) (71) (12) (28) (47) (83) (51) (24) (33) (81) (85) (15) (2) (46) (32) (64) (69) (50) (63) (68) (67) (30) (1) (58) (65) (59) (92) (49) (9) (29) (4) (41) (74) (42) (7) (8) (35) (22) (19) (53) (43) (39) (38) 
13 (37) (40) (26) (100) (17) (99) (70) (51) (56) (93) (89) (68) (28) (75) (6) (66) (14) (78) (22) (57) (13) (49) (1) (43) (67) (63) (91) (88) (2) (60) (34) (62) (46) (27) (29) (72) (79) (80) (9) (47) (12) (69) (92) (32) (53) (11) (90) (65) (74) (58) 
14 (96) (35) (13) (23) (85) (49) (33) (67) (58) (39) (87) (8) (45) (72) (75) (16) (17) (48) (59) (54) (10) (29) (36) (22) (84) (86) (60) (50) (44) (95) (1) (9) (97) (89) (28) (4) (92) (2) (14) (5) (31) (73) (64) (32) (40) (42) (19) (78) (27) (65) (70) (88) (79) (20) (80) (62) (98) (100) (90) (55) 
15 (76) (43) (45) (14) (72) (100) (79) (60) (4) (13) (27) (10) (32) (49) (46) (77) (64) (29) (70) (80) (16) (5) (12) (1) (74) (96) (78) (59) (11) (37) (88) (58) (61) (63) (25) (92) (83) (31) (94) (75) (3) (51) (41) (52) (2) (17) (34) (7) (23) (18) (20) (15) (28) (47) (66) (84) (65) (91) 
16 (43) (29) (49) (24) (91) (94) (7) (80) (59) (51) (54) (57) (36) (9) (61) (41) (19) (32) (33) (20) (75) (62) (27) (34) (73) (11) (95) (84) (4) (90) (58) (22) (15) (46) (6) (37) (10) (56) (53) (68) (45) (97) (93) (98) (81) (14) (87) (38) (100) (52) (50) (23) (30) (35) (63) (5) (60) (72) (26) (65) (82) (83) (74) (12) (40) 
17 (16) (12) (70) (10) (97) (92) (22) (80) (93) (79) (19) (59) (6) (55) (15) (26) (91) (47) (36) (50) (69) (11) (77) (63) (41) (34) (90) (58) (31) (65) (33) (37) (56) (7) (14) (87) (72) (94) (73) (78) (64) (39) (48) (60) (54) (28) (29) (30) (2) (85) (66) (57) (71) (99) (17) (84) (24) (3) (40) (13) 
18 (11) (26) (48) (44) (5) (17) (8) (79) (20) (64) (14) (69) (28) (33) (13) (16) (72) (76) (40) (54) (100) (59) (85) (95) (41) (99) (32) (38) (70) (37) (25) (91) (97) (88) (53) (52) (27) (86) (68) (83) (84) (67) (96) (36) (73) (56) (2) (75) (4) (92) (66) (22) (81) (43) (34) (62) (90) (29) (12) (58) (18) 
19 (60) (7) (15) (9) (74) (70) (58) (83) (75) (88) (64) (97) (20) (69) (47) (63) (95) (59) (4) (31) (36) (55) (43) (1) (45) (37) (27) (10) (12) (24) (52) (13) (62) (84) (32) (50) (38) (14) (39) (94) (76) (82) (92) (86) (57) (77) (26) (29) (2) (99) (33) (73) (90) (5) (87) (93) (41) (30) (68) (61) 
20 (20) (1) (4) (6) (74) (62) (39) (46) (18) (3) (55) (60) (100) (86) (69) (76) (21) (59) (52) (88) (10) (14) (81) (99) (73) (22) (93) (13) (54) (40) (50) (70) (75) (7) (58) (9) (92) (5) (72) (27) (80) (23) (16) (84) (31) (41) (37) (29) (83) (19) (82) (15) (47) (51) (24) (79) (8) (94) 
21 (52) (14) (70) (86) (49) (84) (21) (69) (38) (2) (81) (73) (15) (78) (31) (26) (95) (51) (83) (82) (85) (5) (60) (8) (80) (19) (43) (46) (94) (50) (22) (30) (100) (25) (91) (29) (13) (24) (11) (76) (56) (7) (1) (4) (44) (23) (90) (20) (6) (88) (42) (27) (48) (96) (53) (41) (54) (16) (61) (32) (97) (9) (59) (34) 
22 (94) (1) (75) (61) (62) (46) (88) (55) (28) (74) (58) (100) (11) (31) (54) (84) (19) (27) (39) (87) (23) (64) (65) (59) (72) (51) (37) (5) (90) (68) (80) (83) (98) (41) (15) (29) (32) (35) (99) (52) (42) (96) (56) (81) (91) (49) (93) (3) (25) (82) (95) (78) (22) (89) (24) (44) (40) (17) (69) (10) (8) (53) 
23 (2) (38) (50) (23) (5) (84) (74) (98) (97) (83) (55) (96) (36) (42) (43) (88) (46) (60) (92) (75) (3) (10) (17) (18) (71) (93) (89) (52) (78) (58) (49) (73) (21) (56) (12) (68) (81) (40) (29) (82) (28) (13) (94) (86) (9) (24) (99) (63) (15) (79) (72) (11) (48) (6) (47) (14) (59) (76) (20) (54) (90) (35) (95) (4) 
24 (29) (27) (9) (75) (50) (22) (47) (98) (90) (51) (8) (100) (5) (70) (33) (56) (53) (12) (16) (11) (52) (48) (39) (80) (18) (21) (89) (26) (10) (19) (15) (63) (61) (59) (24) (54) (34) (66) (57) (84) (82) (20) (72) (93) (37) (76) (49) (36) (96) (71) (44) (2) (43) (86) (65) (40) (3) (38) (35) 
25 (17) (57) (22) (31) (20) (7) (54) (50) (29) (32) (77) (62) (79) (4) (55) (44) (47) (1) (35) (80) (76) (49) (38) (42) (64) (69) (98) (6) (82) (18) (12) (93) (15) (95) (70) (34) (16) (40) (99) (72) (8) (25) (85) (2) (41) (68) (43) (73) (10) (23) (52) (86) (11) (78) (63) (27) (91) (61) (46) (90) (83) (14) 
26 (70) (41) (96) (89) (12) (5) (80) (48) (1) (52) (13) (88) (78) (28) (97) (44) (58) (74) (87) (67) (14) (50) (86) (72) (49) (38) (27) (60) (2) (69) (11) (8) (76) (37) (56) (65) (20) (23) (95) (66) (59) (43) (10) (42) (18) (63) (98) (46) (91) (4) (7) (64) (15) (84) (6) (25) (57) (62) (21) (75) (94) (73) 
27 (74) (68) (75) (89) (71) (7) (88) (30) (9) (42) (52) (65) (15) (76) (31) (45) (60) (47) (81) (20) (92) (53) (79) (63) (2) (94) (55) (84) (62) (51) (12) (73) (3) (67) (10) (54) (38) (32) (85) (46) (96) (1) (44) (29) (36) (97) (33) (8) (24) (17) (100) (66) (59) (13) (70) (82) 
28 (88) (5) (36) (46) (17) (56) (59) (32) (43) (20) (73) (67) (50) (81) (1) (25) (94) (26) (79) (99) (39) (55) (34) (23) (57) (89) (68) (92) (82) (21) (22) (86) (14) (2) (24) (10) (78) (54) (8) (77) (100) (65) (41) (11) (12) (75) (84) (85) (29) (93) (95) (80) (27) (6) (18) (19) (4) (35) (87) (51) (62) (90) (83) 
29 (49) (46) (97) (26) (47) (100) (38) (28) (95) (27) (15) (84) (5) (76) (30) (23) (39) (57) (13) (77) (36) (31) (51) (80) (14) (40) (56) (59) (58) (11) (93) (66) (87) (1) (94) (19) (75) (43) (44) (52) (7) (65) (34) (9) (42) (41) (70) (63) (22) (61) (99) (78) (96) (54) (17) (37) (62) (74) (60) (21) (3) 
30 (52) (82) (55) (26) (73) (23) (80) (2) (12) (51) (20) (19) (27) (53) (7) (18) (93) (48) (61) (45) (78) (60) (34) (5) (17) (87) (36) (72) (59) (25) (99) (56) (81) (15) (22) (28) (9) (11) (64) (13) (4) (58) (67) (50) (92) (39) (63) (33) (96) (79) (16) (38) (30) (74) (42) (49) (84) 
31 (55) (92) (52) (14) (24) (89) (95) (90) (47) (22) (93) (57) (19) (97) (83) (82) (13) (65) (45) (7) (25) (78) (16) (94) (42) (2) (53) (17) (80) (66) (54) (10) (15) (30) (99) (76) (86) (87) (71) (51) (21) (67) (100) (63) (62) (74) (5) (18) (91) (28) (46) (1) (48) (56) (38) (98) (43) (61) (88) 
32 (60) (73) (6) (79) (3) (43) (10) (53) (7) (14) (50) (78) (21) (96) (56) (1) (82) (95) (37) (81) (74) (63) (94) (38) (2) (55) (32) (70) (17) (80) (47) (72) (91) (97) (40) (59) (23) (25) (100) (99) (65) (76) (5) (67) (15) (31) (39) (86) (69) (90) (9) (87) (71) (35) (33) (26) (68) (30) (48) (46) (64) (93) (57) (42) 
33 (84) (95) (43) (68) (94) (26) (67) (79) (86) (87) (42) (96) (65) (35) (44) (85) (11) (20) (55) (61) (9) (41) (4) (37) (93) (88) (25) (52) (7) (29) (21) (91) (60) (54) (15) (62) (46) (92) (100) (56) (47) (32) (82) (40) (99) (22) (5) (64) (98) (10) (33) (36) (72) (27) (74) (80) (1) (70) (14) (18) (69) (28) (13) (23) (53) (57) (30) (34) (3) (6) (75) (45 16) 
34 (45) (23) (5) (3) (55) (18) (56) (75) (99) (57) (29) (11) (33) (81) (98) (69) (76) (31) (86) (65) (41) (94) (97) (13) (61) (79) (16) (27) (6) (21) (48) (42) (89) (43) (78) (63) (1) (83) (36) (95) (30) (46) (50) (20) (44) (66) (38) (80) (34) (32) (8) (24) (15) (10) (14) (62) (87) (9) (73) (77) (93) (85) (19) (47) (4) (100) (90) (60) (70) (82) 
35 (46) (96) (68) (36) (12) (99) (78) (22) (97) (71) (53) (6) (25) (100) (30) (40) (92) (74) (54) (13) (80) (55) (89) (79) (85) (9) (82) (94) (50) (87) (76) (75) (21) (29) (18) (69) (19) (14) (65) (5) (31) (61) (10) (7) (52) (77) (58) (4) (59) (64) (95) (33) (17) (35) (32) (23) (37) (83) (16) (88) (45) (70) (48) (91) 
36 (17) (86) (52) (63) (3) (69) (60) (11) (23) (6) (93) (70) (66) (92) (90) (67) (44) (30) (27) (39) (43) (75) (68) (14) (5) (77) (1) (82) (40) (42) (57) (41) (79) (94) (85) (7) (48) (74) (20) (91) (4) (76) (31) (80) (34) (18) (9) (8) (65) (19) (54) (72) (45) (50) (87) (56) (24) (47) (73) (88) (83) 
37 (74) (83) (19) (26) (31) (100) (69) (84) (86) (28) (91) (90) (67) (51) (97) (64) (53) (6) (55) (3) (68) (34) (36) (72) (29) (98) (35) (93) (21) (80) (71) (81) (39) (16) (62) (94) (22) (5) (52) (48) (24) (7) (66) (33) (50) (10) (92) (30) (76) (18) (77) (82) (57) (14) (58) (20) (88) (78) (85) (47) (43) (41) (1) (63) (87) 
38 (57) (25) (2) (36) (19) (56) (28) (9) (49) (33) (85) (44) (78) (99) (8) (37) (92) (80) (51) (39) (50) (42) (79) (70) (88) (81) (86) (76) (62) (34) (35) (67) (69) (5) (91) (13) (68) (17) (54) (100) (47) (10) (29) (55) (63) (48) (45) (30) (1) (43) (96) (15) (82) (16) (31) (20) (14) 
39 (85) (43) (48) (83) (46) (17) (68) (84) (49) (65) (45) (69) (25) (71) (15) (88) (14) (44) (90) (38) (86) (4) (66) (20) (18) (93) (56) (35) (1) (30) (32) (8) (27) (26) (6) (55) (67) (87) (77) (39) (79) (22) (42) (51) (96) (16) (97) (75) (73) (13) (41) (59) (52) (74) (82) (58) (29) (95) (21) (33) (19) 
40 (3) (14) (49) (95) (5) (64) (29) (38) (66) (28) (21) (31) (77) (17) (33) (16) (91) (61) (2) (8) (63) (44) (18) (59) (96) (24) (41) (69) (30) (85) (79) (39) (70) (52) (40) (47) (98) (65) (71) (82) (22) (20) (1) (81) (67) (45) (19) (42) (92) (90) (86) (10) (36) (62) (46) (23) (99) 
41 (34) (76) (12) (74) (28) (56) (46) (26) (90) (8) (53) (22) (10) (57) (84) (42) (81) (85) (62) (36) (49) (39) (45) (50) (2) (19) (63) (55) (18) (91) (23) (83) (41) (47) (44) (100) (27) (79) (11) (33) (40) (43) (37) (17) (69) (21) (5) (87) (14) (89) (75) (66) (13) (80) (4) (29) (64) (97) (9) (31) (60) (51) 
42 (75) (93) (65) (41) (31) (13) (47) (24) (63) (83) (43) (16) (56) (48) (37) (80) (14) (29) (44) (12) (77) (99) (57) (36) (73) (52) (17) (45) (3) (38) (84) (69) (8) (33) (10) (46) (9) (82) (90) (92) (59) (26) (54) (72) (51) (39) 
43 (97) (70) (90) (88) (11) (75) (94) (8) (73) (27) (17) (87) (59) (79) (41) (9) (77) (21) (35) (80) (30) (91) (46) (1) (89) (63) (68) (42) (40) (43) (28) (12) (24) (55) (54) (36) (39) (14) (52) (95) (84) (93) (44) (29) (45) (83) (67) (69) (53) (31) (48) (51) (22) (26) 
44 (76) (33) (81) (67) (1) (64) (31) (51) (78) (62) (92) (63) (44) (12) (3) (52) (75) (91) (90) (25) (9) (77) (34) (32) (10) (83) (69) (7) (53) (18) (98) (39) (47) (43) (30) (93) (23) (14) (4) (85) (100) (54) (41) (68) (2) (17) (66) (86) (48) (79) (88) (72) (70) (28) (29) (42) (36) 
45 (21) (18) (64) (26) (35) (19) (61) (44) (38) (55) (5) (16) (83) (68) (52) (98) (87) (14) (71) (45) (97) (2) (85) (96) (13) (63) (73) (27) (1) (9) (30) (72) (99) (62) (51) (78) (17) (22) (81) (77) (91) (41) (32) (31) (37) (57) (67) (66) (29) (15) (76) (23) (40) (50) (11) (10) (59) (24) (93) (3) (90) (8) (80) (28) 
46 (71) (57) (94) (90) (58) (81) (5) (86) (25) (62) (8) (27) (85) (72) (54) (1) (20) (7) (82) (76) (96) (29) (39) (92) (34) (12) (60) (78) (87) (4) (47) (64) (30) (46) (95) (11) (99) (66) (61) (36) (51) (49) (84) (44) (70) (91) (23) (74) (77) (26) (69) (21) (48) (2) (15) (97) 
47 (55) (77) (18) (44) (86) (66) (29) (26) (1) (51) (72) (85) (80) (63) (40) (91) (79) (42) (49) (71) (15) (88) (31) (37) (54) (47) (35) (50) (68) (93) (27) (34) (65) (2) (69) (46) (13) (74) (58) (53) (84) (23) (10) (99) (9) (59) (11) (22) (89) (64) (16) (56) (60) (5) (12) (92) (20) (62) (30) (19) (3) (83) (81) (4) (96) 
48 (15) (53) (98) (48) (11) (14) (61) (96) (54) (51) (100) (69) (3) (86) (83) (35) (23) (56) (28) (26) (73) (81) (10) (75) (13) (24) (46) (31) (17) (32) (20) (65) (22) (36) (1) (94) (95) (90) (71) (30) (18) (5) (59) (92) (41) (72) (25) (37) (64) (2) (29) (62) (6) (77) (88) (44) (33) (70) 
49 (89) (11) (18) (66) (95) (13) (87) (57) (67) (68) (65) (25) (27) (64) (75) (72) (23) (14) (48) (51) (12) (70) (79) (20) (61) (15) (24) (91) (39) (35) (77) (31) (60) (83) (41) (80) (71) (73) (1) (74) (88) (84) (94) (16) (28) (30) (100) (99) (46) (22) (19) (26) (8) (21) (32) (45) (93) (33) (81) 
50 (30) (71) (94) (25) (87) (18) (7) (16) (20) (81) (15) (23) (82) (97) (21) (68) (38) (91) (31) (98) (69) (64) (95) (62) (77) (49) (19) (35) (56) (3) (84) (54) (57) (22) (96) (14) (32) (41) (6) (52) (8) (13) (1) (39) (75) (29) (45) (44) (59) (83) (80) (9) (40) (5) (63) (50) (51) 
51 (66) (7) (23) (33) (76) (62) (5) (1) (82) (17) (43) (68) (41) (45) (81) (78) (49) (6) (55) (18) (90) (93) (80) (14) (96) (91) (3) (92) (94) (24) (50) (16) (8) (36) (39) (32) (88) (71) (37) (22) (21) (44) (26) (28) (95) (2) (73) (63) 
52 (52) (75) (90) (98) (22) (99) (32) (34) (69) (36) (44) (42) (30) (94) (13) (97) (21) (54) (65) (57) (48) (61) (53) (84) (38) (3) (49) (24) (85) (43) (37) (79) (11) (59) (35) (4) (10) (1) (63) (41) (74) (60) (28) (67) (58) (88) (20) (55) (29) (15) (100) (91) (18) (14) (56) (47) (95) (8) (93) 
53 (15) (44) (78) (31) (46) (11) (97) (68) (55) (41) (81) (83) (5) (20) (12) (72) (37) (96) (86) (57) (36) (7) (85) (26) (13) (43) (49) (99) (95) (38) (19) (50) (25) (62) (54) (76) (82) (4) (80) (24) (33) (30) (29) (39) (3) (60) (64) (53) (1) (17) (63) (9) (56) (40) (45) (27) (71) (51) (94) (73) 
54 (53) (56) (22) (38) (66) (1) (32) (8) (85) (31) (61) (93) (70) (52) (42) (45) (89) (46) (15) (92) (95) (59) (41) (68) (81) (69) (99) (100) (10) (23) (44) (26) (40) (7) (90) (76) (48) (50) (34) (37) (84) (12) (9) (51) (29) (83) (97) (73) (30) (71) (43) (2) (19) (14) (87) (65) (27) 
55 (32) (55) (62) (7) (97) (4) (67) (57) (56) (22) (44) (26) (91) (38) (43) (83) (19) (27) (65) (51) (63) (77) (93) (73) (52) (70) (35) (25) (88) (82) (72) (49) (64) (75) (28) (81) (17) (36) (40) (45) (12) (84) (18) (68) (85) (90) (76) (21) (58) (53) (59) (10) (9) (15) (8) (60) (39) (98) (80) 
56 (73) (93) (65) (100) (98) (97) (50) (86) (47) (1) (44) (57) (52) (5) (87) (91) (38) (14) (25) (81) (23) (90) (89) (26) (8) (17) (96) (70) (63) (79) (82) (4) (68) (53) (88) (31) (75) (64) (46) (24) (59) (10) (60) (43) (36) (84) (99) (18) (95) (32) (41) (48) (45) (92) (3) 
57 (18) (16) (99) (83) (19) (48) (88) (39) (37) (4) (71) (13) (49) (93) (26) (17) (34) (44) (84) (59) (64) (54) (60) (43) (21) (67) (24) (38) (14) (5) (47) (91) (76) (90) (92) (23) (68) (40) (51) (42) (22) (86) (8) (85) (65) (46) (96) (98) (6) (30) (100) (97) (73) 
58 (35) (45) (79) (73) (48) (86) (85) (22) (15) (2) (69) (46) (33) (42) (39) (40) (90) (23) (21) (53) (83) (32) (29) (87) (78) (37) (20) (36) (55) (24) (19) (1) (51) (72) (30) (8) (74) (77) (97) (81) (52) (91) (18) (34) (14) (67) (70) (63) (11) (13) (50) (7) (98) (49) (26) (9) (82) (57) (6) (25) (58) (38) (71) 
59 (82) (80) (37) (56) (31) (58) (64) (66) (93) (20) (27) (85) (57) (1) (44) (67) (72) (47) (94) (3) (49) (7) (2) (4) (48) (86) (17) (71) (12) (96) (14) (28) (54) (75) (99) (29) (81) (23) (25) (15) (74) (10) (6) (40) (9) (5) (32) (59) (21) (13) (89) (100) (60) (43) (34) (63) (41) (50) (30) 
60 (15) (76) (55) (1) (23) (10) (84) (67) (22) (31) (38) (29) (4) (78) (12) (19) (34) (87) (86) (71) (92) (90) (82) (7) (83) (77) (88) (64) (46) (60) (97) (17) (21) (35) (63) (43) (100) (37) (18) (91) (49) (32) (57) (89) (11) (28) (26) (9) (65) (59) (73) (66) (6) (33) (81) (50) (62) (54) (24) (3) 
61 (19) (80) (60) (89) (37) (98) (4) (55) (74) (62) (59) (85) (48) (77) (35) (17) (97) (10) (42) (51) (54) (28) (92) (27) (5) (57) (9) (32) (63) (3) (61) (39) (52) (11) (8) (72) (38) (22) (21) (84) (31) (15) (50) (65) (73) (46) (67) (47) (68) (71) (20) (93) (53) (49) (94) (14) (96) (87) (24) 
62 (98) (57) (33) (74) (78) (42) (11) (22) (64) (8) (52) (95) (3) (48) (71) (28) (45) (97) (7) (27) (18) (26) (46) (81) (61) (34) (91) (63) (54) (19) (69) (5) (75) (88) (16) (80) (6) (4) (36) (89) (38) (2) (50) (39) (41) (59) (17) (15) (12) (67) (77) (68) 
63 (52) (21) (92) (15) (27) (99) (20) (1) (66) (97) (47) (67) (76) (83) (2) (36) (68) (77) (94) (53) (42) (29) (54) (79) (56) (41) (4) (91) (17) (75) (44) (78) (10) (70) (34) (38) (98) (51) (32) (8) (60) (23) (100) (9) (45) (37) (11) (65) (28) (30) (64) (74) (71) (39) 
64 (13) (20) (76) (82) (49) (56) (54) (58) (64) (24) (96) (30) (95) (86) (57) (22) (55) (33) (28) (75) (15) (97) (5) (36) (4) (35) (32) (41) (38) (31) (50) (6) (44) (85) (80) (78) (47) (90) (14) (17) (84) (10) (67) (69) (66) (88) (60) (91) (65) (39) (62) (51) (93) (63) (94) (99) (19) (40) (18) 
65 (21) (61) (39) (89) (46) (66) (53) (17) (19) (57) (40) (73) (58) (83) (28) (33) (36) (37) (43) (72) (64) (8) (81) (47) (5) (9) (98) (25) (93) (48) (6) (14) (76) (23) (63) (38) (54) (75) (68) (59) (35) (51) (88) (30) (29) (1) (69) (55) (65) (77) (49) (87) (80) (42) (16) (31) (67) (96) (82) (20) (84) (50) (94) 
66 (28) (81) (32) (50) (88) (24) (76) (83) (49) (71) (94) (8) (19) (96) (11) (80) (36) (34) (67) (70) (6) (13) (5) (12) (55) (91) (90) (64) (62) (42) (73) (25) (79) (100) (4) (21) (69) (29) (22) (87) (7) (15) (85) (18) (52) (68) (45) (63) (23) (16) (30) (78) (72) (84) (89) 
67 (65) (37) (96) (99) (72) (19) (38) (43) (33) (28) (31) (49) (6) (15) (69) (17) (16) (27) (1) (97) (14) (26) (71) (66) (12) (90) (29) (54) (18) (68) (91) (7) (46) (51) (92) (8) (79) (73) (78) (2) (13) (39) (81) (4) (86) (87) (10) (93) (22) (64) (70) (75) (84) 
68 (20) (47) (63) (44) (69) (48) (12) (42) (91) (7) (4) (13) (98) (11) (71) (23) (2) (86) (74) (90) (68) (62) (35) (83) (94) (99) (51) (58) (80) (5) (8) (1) (15) (67) (79) (27) (33) (45) (78) (25) (72) (52) (97) (3) (92) (70) (17) (88) (93) (46) (66) (73) (34) (24) (76) (95) 
69 (52) (43) (70) (11) (61) (5) (41) (27) (19) (100) (73) (47) (15) (68) (49) (65) (63) (25) (60) (9) (46) (16) (67) (24) (35) (97) (28) (38) (94) (88) (96) (22) (32) (23) (39) (6) (90) (13) (48) (1) (54) (81) (82) (77) (42) (31) (99) (45) (2) (64) (44) 
70 (95) (6) (81) (98) (83) (56) (88) (67) (29) (40) (37) (47) (69) (96) (82) (2) (76) (74) (13) (44) (21) (61) (55) (43) (42) (78) (71) (89) (60) (10) (87) (28) (91) (34) (72) (77) (27) (35) (32) (33) (17) (18) (7) (3) (31) (84) (58) (50) (19) (57) (99) (75) (92) (68) (12) (62) (80) (41) (9) 
71 (23) (14) (22) (86) (26) (92) (77) (57) (94) (91) (27) (2) (88) (82) (81) (93) (3) (85) (8) (28) (98) (96) (69) (51) (32) (74) (73) (55) (62) (43) (89) (48) (67) (78) (83) (64) (50) (42) (10) (58) (47) (38) (75) (25) (90) (99) (15) (54) (59) (63) (95) (19) (100) (76) (29) (35) (65) (79) (97) (87) (53) (49) (18) (16) (37) 
72 (36) (32) (8) (53) (49) (16) (97) (48) (96) (84) (27) (31) (91) (3) (23) (60) (66) (37) (55) (24) (30) (75) (65) (17) (7) (81) (85) (79) (64) (98) (20) (9) (80) (58) (76) (47) (28) (11) (86) (95) (50) (12) (59) (56) (2) (77) (43) (70) (68) (45) (29) (83) (61) (34) (78) (69) 
73 (100) (38) (93) (64) (53) (92) (43) (96) (47) (13) (20) (10) (28) (95) (69) (48) (75) (68) (42) (7) (49) (22) (19) (91) (59) (31) (27) (37) (81) (32) (33) (80) (14) (17) (84) (30) (46) (65) (60) (34) (79) (55) (6) (83) (74) (98) (40) (39) (36) (58) (18) (67) (77) (73) (41) (88) (61) (26) (70) (8) (87) (1) 
74 (20) (36) (100) (6) (56) (88) (31) (4) (52) (29) (40) (86) (2) (92) (81) (1) (12) (61) (30) (75) (41) (69) (99) (76) (72) (27) (5) (57) (84) (58) (67) (94) (47) (15) (34) (51) (63) (39) (9) (25) (71) (44) (14) (73) (66) (26) (77) (78) (21) (95) (48) (32) (53) (83) (11) (22) (89) (65) (16) (13) (64) (42) (82) (37) (60) (90) (49) (38) (74) (8) 
75 (34) (86) (65) (1) (3) (54) (96) (68) (18) (97) (75) (79) (32) (77) (84) (63) (5) (81) (38) (22) (82) (62) (44) (2) (51) (78) (41) (7) (19) (15) (72) (83) (55) (31) (40) (11) (36) (92) (26) (80) (4) (10) (71) (21) (6) (90) (14) (74) (59) (64) (8) (69) (61) (67) (93) (58) (12) 
76 (6) (27) (48) (96) (70) (28) (25) (65) (23) (50) (17) (87) (24) (19) (99) (71) (100) (47) (54) (16) (53) (57) (77) (86) (84) (39) (1) (36) (83) (29) (82) (34) (78) (76) (88) (12) (59) (44) (9) (92) (94) (81) (33) (21) (11) (35) (63) (45) (2) (68) (4) (91) (14) (5) (56) (58) (93) (41) (85) (22) (69) (30) (55) (75) (32) 
77 (6) (46) (68) (60) (59) (8) (25) (78) (85) (15) (17) (27) (50) (93) (91) (65) (56) (76) (95) (37) (94) (61) (49) (30) (44) (39) (4) (74) (41) (67) (87) (86) (48) (10) (58) (100) (77) (21) (33) (24) (88) (14) (7) (34) (28) (1) (54) (53) (83) (75) (31) (52) (19) (55) (99) (45) (47) (23) (70) (64) (38) (3) (13) (22) (73) (92) (89) (63) (20) (72) 
78 (46) (38) (77) (86) (69) (23) (73) (16) (25) (57) (45) (71) (30) (56) (11) (48) (42) (58) (90) (4) (22) (96) (79) (59) (67) (99) (10) (75) (47) (21) (100) (97) (13) (1) (82) (53) (29) (63) (70) (72) (24) (81) (18) (98) (34) (26) (65) (2) (54) (9) (27) (76) (62) (80) (50) (31) (14) (91) (61) (92) (52) (15) (44) (66) 
79 (43) (34) (74) (23) (9) (12) (27) (1) (84) (78) (53) (49) (52) (18) (30) (25) (57) (6) (26) (94) (80) (15) (8) (97) (13) (54) (58) (76) (68) (21) (4) (50) (88) (95) (55) (38) (90) (71) (11) (20) (3) (42) (47) (62) (77) (22) (63) (87) (96) (28) (56) (14) (64) (35) (93) (2) (98) (81) (16) (75) (7) (41) (67) 
80 (4) (7) (59) (52) (99) (12) (84) (63) (37) (71) (62) (34) (70) (67) (64) (82) (80) (60) (11) (25) (26) (17) (39) (15) (61) (6) (2) (16) (76) (87) (93) (1) (44) (33) (74) (46) (40) (69) (100) (96) (66) (95) (97) (38) (75) (53) (47) (91) (8) (49) (13) (51) (57) (98) (88) (3) (43) (48) (31) (45) (90) (19) (42) (94) (55) (10) (41) (32) (83) (65) (56) 
81 (39) (8) (63) (58) (54) (60) (15) (35) (75) (16) (33) (18) (25) (51) (6) (56) (91) (7) (34) (74) (87) (66) (21) (41) (67) (55) (98) (20) (28) (81) (52) (1) (43) (23) (88) (26) (65) (40) (62) (95) (12) (94) (10) (2) (97) (71) (46) (13) (22) (11) (24) (3) (68) (73) 
82 (32) (61) (31) (38) (90) (97) (28) (56) (73) (84) (4) (67) (7) (91) (70) (76) (72) (22) (19) (44) (25) (100) (13) (75) (20) (16) (89) (66) (52) (92) (93) (26) (69) (45) (95) (36) (87) (10) (8) (50) (78) (12) (80) (51) (57) (6) (1) (15) (35) (68) (23) (98) (18) (88) (2) (62) (53) (60) (9) (34) (5) (64) (79) 
83 (52) (39) (28) (4) (23) (41) (30) (94) (9) (97) (85) (70) (74) (58) (79) (24) (43) (8) (25) (15) (78) (36) (92) (48) (53) (99) (45) (3) (91) (26) (27) (33) (96) (98) (32) (67) (62) (38) (17) (42) (16) (44) (59) (90) (54) (63) (47) (65) (46) (7) (56) (66) (21) (13) (72) (61) (71) (81) (95) (18) 
84 (5) (62) (81) (45) (19) (25) (90) (89) (82) (64) (71) (74) (94) (75) (31) (24) (60) (68) (6) (47) (48) (51) (61) (46) (37) (28) (43) (3) (93) (13) (9) (10) (33) (80) (77) (57) (65) (100) (8) (53) (85) (52) (35) (92) (55) (22) (95) (40) (29) (1) (88) (42) (14) (21) (39) (87) (20) (50) (27) (99) (91) 
85 (88) (48) (71) (18) (19) (81) (36) (44) (26) (14) (100) (69) (75) (53) (37) (10) (67) (70) (90) (99) (34) (25) (39) (21) (22) (20) (74) (6) (66) (55) (85) (16) (15) (9) (12) (11) (47) (27) (30) (59) (65) (87) (49) (35) (40) (13) (64) (93) (73) (80) (38) (94) (1) (4) (92) (8) (95) (7) (84) (58) (42) 
86 (23) (59) (20) (44) (17) (2) (3) (50) (39) (69) (75) (1) (88) (70) (54) (6) (19) (34) (64) (28) (89) (43) (32) (49) (15) (99) (93) (58) (63) (9) (98) (36) (47) (24) (74) (86) (38) (76) (16) (35) (8) (87) (57) (90) (40) (11) (60) (41) (73) (66) (14) (97) (27) (21) (79) (67) (65) (81) (51) (46) (37) (33) (55) (13) (52) 
87 (77) (7) (6) (69) (16) (14) (36) (66) (54) (28) (8) (49) (93) (15) (61) (94) (18) (75) (91) (76) (20) (34) (92) (37) (33) (72) (26) (51) (57) (70) (95) (39) (17) (50) (1) (83) (68) (98) (81) (35) (82) (78) (2) (13) (45) (53) (86) (25) (9) (27) (55) (71) (65) (64) (79) (60) (11) (30) (48) (41) (89) (56) 
88 (57) (100) (3) (33) (56) (50) (16) (45) (90) (78) (62) (48) (51) (60) (34) (89) (1) (31) (21) (76) (54) (7) (96) (12) (92) (8) (41) (13) (94) (26) (15) (59) (69) (49) (11) (55) (46) (97) (64) (4) (95) (9) (43) (20) (98) (18) (29) (14) (79) (17) (91) (67) (52) (53) (58) (87) (5) (47) 
89 (73) (34) (71) (47) (42) (61) (13) (24) (14) (81) (85) (1) (25) (80) (9) (59) (37) (15) (72) (79) (32) (76) (17) (11) (8) (68) (18) (43) (87) (99) (7) (74) (27) (60) (66) (82) (86) (54) (62) (40) (36) (56) (65) (75) (92) (52) (97) (4) (31) (91) (26) (28) (16) (53) (63) (88) (35) (83) (55) (100) (69) (45) 
90 (92) (56) (35) (80) (87) (93) (70) (52) (72) (8) (17) (45) (96) (67) (48) (69) (39) (33) (4) (23) (71) (49) (81) (75) (41) (99) (58) (74) (73) (85) (88) (62) (28) (79) (42) (60) (2) (59) (15) (14) (51) (40) (86) (97) (9) (5) (31) (83) (43) (94) (53) (64) (20) (21) (36) (27) (18) (13) (91) (89) (44) (6) (29) (26) 
91 (68) (62) (13) (22) (81) (9) (4) (48) (52) (38) (79) (29) (2) (92) (59) (1) (73) (49) (16) (56) (33) (15) (39) (46) (19) (3) (97) (53) (69) (67) (60) (87) (40) (28) (32) (93) (99) (35) (14) (43) (8) (74) (50) (36) (95) (85) (51) (57) (45) (96) (20) (30) (72) (25) (54) (37) 
92 (69) (51) (16) (48) (40) (57) (44) (13) (88) (86) (24) (59) (78) (64) (58) (79) (23) (83) (20) (35) (29) (1) (73) (74) (42) (28) (21) (7) (32) (4) (66) (55) (47) (39) (25) (27) (87) (18) (76) (41) (93) (81) (99) (26) (54) (31) (37) (2) (30) (90) (8) (50) (15) (94) (17) (53) (61) (43) (91) (3) (71) (19) (60) (96) (34) 
93 (87) (19) (6) (75) (17) (97) (86) (41) (55) (60) (65) (92) (42) (31) (22) (25) (56) (40) (23) (35) (14) (44) (62) (3) (63) (96) (5) (39) (66) (93) (58) (67) (69) (48) (47) (89) (52) (26) (18) (38) (43) (1) (78) (50) (13) (68) (51) (81) (16) (46) (79) (2) (95) (71) (84) (34) (49) (91) (64) (21) (53) (11) (12) 
94 (35) (7) (51) (4) (50) (72) (24) (54) (46) (73) (74) (32) (99) (70) (40) (90) (96) (78) (77) (62) (21) (12) (52) (18) (53) (61) (71) (17) (34) (66) (55) (13) (44) (93) (33) (41) (65) (38) (68) (8) (25) (91) (28) (6) (100) (83) (64) (95) (10) (2) (36) (56) (79) (80) (22) (47) (16) (19) (29) 
95 (93) (30) (6) (32) (45) (15) (82) (97) (99) (18) (35) (31) (29) (61) (46) (75) (9) (33) (89) (55) (54) (83) (26) (48) (7) (20) (27) (70) (19) (21) (12) (95) (49) (86) (78) (73) (1) (67) (40) (56) (3) (57) (23) (10) (37) (69) (85) (50) (17) (88) (91) (38) (52) (94) (62) (79) (53) (74) (96) (68) (63) (14) (13) (47) (28) 
96 (45) (75) (50) (76) (46) (83) (30) (28) (61) (77) (14) (97) (95) (32) (2) (98) (18) (10) (34) (42) (84) (63) (47) (21) (79) (78) (5) (94) (69) (13) (9) (72) (89) (40) (52) (49) (60) (38) (93) (23) (1) (73) (82) (3) (85) (71) (8) (64) (51) 
97 (94) (65) (92) (49) (11) (15) (8) (98) (69) (35) (75) (27) (58) (41) (22) (56) (52) (54) (42) (5) (46) (55) (6) (48) (10) (3) (50) (63) (53) (82) (79) (67) (38) (33) (21) (59) (66) (99) (71) (28) (29) (57) (23) (93) (62) (2) (36) (44) (18) (77) (45) (16) (100) (51) (97) (20) (70) (68) (40) (30) (73) (76) (91) (89) (7) (9) (12) 
98 (100) (2) (91) (86) (80) (43) (55) (36) (94) (39) (20) (65) (8) (54) (29) (64) (16) (14) (23) (77) (10) (33) (60) (57) (30) (5) (53) (78) (38) (24) (89) (11) (71) (6) (68) (69) (90) (79) (67) (88) (97) (85) (7) (70) (32) (49) (63) (13) (73) (96) (21) (62) (17) (26) (46) (87) (50) 
99 (60) (98) (78) (76) (15) (29) (56) (73) (68) (95) (87) (82) (45) (61) (100) (17) (99) (5) (27) (33) (24) (77) (48) (81) (52) (49) (96) (53) (23) (79) (67) (46) (38) (19) (44) (89) (57) (66) (11) (88) (43) (42) (2) (80) (71) (69) (8) (50) (72) (25) (58) (18) (3) (22) (93) (85) 
100 (55) (13) (18) (75) (15) (61) (68) (86) (42) (8) (35) (71) (79) (96) (38) (37) (34) (9) (85) (50) (1) (91) (2) (95) (20) (40) (16) (6) (10) (58) (76) (81) (90) (82) (28) (7) (98) (100) (23) (21) (70) (17) (53) (44) (25) (30) (4) (65) (57) (64) (49) (78) (59) (22) (26) (19) (51) (72) (52) (32) (87) (48) (14) (31) (63) 
