0
100
100
1 (42 61 16) (11) (37) (84 50 49) (94 55 2) (72) (33) (8) 
2 (33) (75 69) (86) (34 17 38 91 18) (93 29) (8 19) (13) (35 16 89 22 5) (47) (39) 
3 (1 53 82 25) (98 96 81) (52) (84 38 51) (91) (29 77) (95 47 21 33) (54) (69) 
4 (55 42) (85 19) (80) (17) (99 79) (45) (20 52) (68) (50 65 59) (82 16) (90 94) (49) (43) (71) (24 73) 
5 (43) (9) (100 89) (97) (1) (60 21 84 53) (98) (6) (92) (63 28) (56) 
6 (87 11) (27) (35 20) (47) (51) (34) (90) (97 69) (6 25 36 81) (13 43) (66) (10 1) (54 61 17 23) (14) (26) (40) (74 86) (77) (3 4) 
7 (97 25 91 4 95 56 18) (38) (30) (54) 
8 (46) (80) (9) (30) (38) (100 92 62) (86) (78) (96) (3) (98) (89) (69) (66) (5) (58 11) 
9 (52 5 90) (56) (93 87) (95) (64) (63 97) (48 99) (17 24) (25 3) (42) (81 78) (54) 
10 (2) (93 5 62 4) (78) (99 59) (75) (47 52) (87) (83 37) (56) 
11 (37 77 8 33) (86) (38 16 54) (11) (30) (32 73) (25) (34 69) (36) (98) (61) (10 92 64) 
12 (87) (48) (55 56) (59 98) (52) (62 64) (95) (2 39) (58) (40 77) (80 75 15 27 32 65) (21 3) (78 82) (36) 
13 (48) (31) (5) (27) (59) (30) (57 15) (38 26 16) (49) (67) (81 54 85) (94 80) (28) (88) (6) 
14 (29 79 64) (95) (50) (62 100) (94) (19 36 43) (90) (88 25 13 1 45) (96 83 40) (97 58) (91) (9) (54) (51) (75) 
15 (73) (56) (45 75 44) (29 2) (97 40 50 72 24) (71) (82) (51 48) (35 30) (54) (27) (6) (76 39) 
16 (15 12 31 83) (25 55) (24) (8) (96 34 11) (88) (27 40) (51 3 65) (50 87) 
17 (42 1) (64) (43) (16) (92) (83) (66) (62 79 40) (45 87 75 6) 
18 (63) (77) (88) (48) (28 26) (92 31) (82) (87) (61 5) (65 64) (42 29 23 93 85) (99) 
19 (1) (74 100 23) (89 30) (16) (60) (8 69 77) (33 93 96) (80) (52) (53) (84) (3 48 86) 
20 (29) (18 97) (27) (54) (64) (4) (6) (79) (45 35) (53 40) (55 94) (11) 
21 (2 19 73 47) (36) (7) (24 67) (11 4 14 1) (92 28 3 91 42) (34 15) (61) (83 82) (97) (76) (94) (56) 
22 (21) (56 46 30 34) (96 39) (42) (83 5) (2 15 26) (100 67) (51 40) (9) 
23 (7 83) (50 30 2 25) (35) (37) (20) (57) (13) (88 90) (62) (93) (41) (87) (89 69 80) (15 76 65 36) (59) 
24 (92 5) (67) (32 21 25 18 83) (7) (79) (71 98 30) (69 11) (65 51 87) (24) (38 37) (93 45 59 70) (42 95) 
25 (69) (72) (88 87 8) (3) (48) (70 12 14 100 84 66) (54 9 29) (97 49) (28 21 11 7) 
26 (11) (78) (79) (85) (29 88) (22) (8) (52) (42) (73) (58) (48 69 50 65) (89) (2 99) 
27 (50) (94) (89) (59) (4 84) (45) (73 46 71 67) (2 44 78 22) (79 60 72) (99) (86) 
28 (43 29) (3) (77 87) (28) (30) (79 67) (33) (2) (21) (85) (54 91) (74) (25) (40) (27) (99 9) (4) (44) 
29 (99 40) (33) (37 73 50) (87 84) (39) (60 94) (51 34) (78) 
30 (4 75) (45) (11) (66) (37 18) (35) (93 69 41 55 71) (53 17 51) (68) (22 19) (38 9) (83) (63 84) (94) (61 16 20) 
31 (32 36) (34) (5 91) (13 90) (92) (55) (95) (97 3) (28) (17) (8 99) (6) (68) (50) (89) (21) 
32 (67) (61) (62) (11) (24 56) (25) (17) (43) (47) (93) 
33 (74) (20) (67 2 54) (87 23) (49) (39) (3) (18) (45) (10 19) (38) (24 62) (46 61 91) (98) (96) (85 41) (82 48) 
34 (39) (73) (63 58) (69) (21) (20) (38 19 12) (96 37) (18 72) (64 75) (70 4) (86) (82) (14) 
35 (61) (58) (48) (36) (34) (23) (7 40 93) (33 42 44) (92 83) (88 64) 
36 (21) (87) (69 16 70) (60 29) (61) (99) (88 25) (64) (33) (67) (19) (86) (47) (37 66) (77) (12 72) (96) (13) 
37 (34) (51) (63) (21) (36) (20 95 7) (65) (33) (84 50 64) (62) (39) 
38 (73 69) (12 78) (7) (1 2) (29 84) (80) (42) (95) (40 93 37 100) (22 89 81) 
39 (24 82 38 75 2) (10) (21 22) (11) (96) (99) (4 94 78) (100) (91) (14) (17) (64) (98) 
40 (57 88 2) (95) (90) (67) (64 76) (89) (97 3 40 39 72) (87) (96) (45 86 14 7) 
41 (21 41) (68 61) (98) (51) (58) (48) (89 17 4) (14 29) (15 50) (8) (36) 
42 (25) (54) (53) (19) (99) (58) (75 88 4) (79 20 7) (27 96 2) (40) (32) (47) (89 52 36) (59) 
43 (18) (82 64) (45) (67) (69) (87 59) (23) (78) (31 12 99 93 29 50) (38) (47) 
44 (45) (71) (20) (80) (9 14) (84) (90) (26) (78) (88 7) (65 15) (10 69) (63 67) (2) (52) (49) 
45 (41) (48) (86 17) (10) (65 96) (36 50 63) (68) (23) (74 90) (57) (69 67) 
46 (32 9) (60) (96) (72) (29) (46 16 1 27 84 40) (56) (49 8) (99) 
47 (23) (58 28) (71 76) (30) (19) (86) (70) (52) (29 24 16) (35) (34) (79) (87 13) (66 36) (93 56) (50 20) 
48 (83) (10 64) (69) (5) (9) (55) (97) (42) (87) (2) 
49 (28) (44) (61) (37 59 58 35) (8) (83) (5) (56 92) (94) (100 91 47 32 4 74 2) 
50 (93) (37) (81) (54 58) (15 67 7) (82) (79 57) (18) (49) (31 48) (73) (62 85 33 12 55) (34) (60) (10) (30) 
51 (28) (99) (55 42 59) (14 8 57) (74 41) (85 2) (15) (82) (80) (49) (62) (89 22) (44 75 36 76 79 38 10) (84) (34) (97) (19) (58) 
52 (8) (19) (27 70) (10 16 90) (46) (73) (59 80 48 20) (68) (74) (84 4 85) (96) 
53 (91) (6) (7 52) (39) (72) (45) (98) (37) (44 88) (46) (41) (89) (31 33 11) (84) (58 65 86) (83) 
54 (9 84) (66) (13) (40) (86) (36 67) (75) (87 16) (33 42) (74) 
55 (79 36 43 35) (9 7 59 85) (81 70 13 3) (5 61) (65) (51) (23 42 80) (94 28 67) 
56 (19 94) (74 14 10 65) (29) (51) (64) (38 12) (32 48) (69 33 2) (100 81 9) 
57 (97) (62) (43) (14) (31 64) (1) (36) (79 20) (73 28) (10) (83) (11 76) (57) (95 47 2 87 18) 
58 (28 18) (32 22) (100) (42 27) (67 72) (70) (97) (61) (55 77 35) 
59 (80) (34) (69 51 96 13) (93) (66) (61) (76) (3) (64) (63) (73 62) (60 77 9 14) (49) (8) (79) 
60 (78) (56 60) (27) (12) (72 18 42) (31 89) (51) (92) (62) (90 40 57) 
61 (88) (65 17 91 44) (29) (100) (67) (5) (89) (34 52) (39) (95) (9) (6) (10 75) (25) 
62 (13 91 75 18) (19) (1) (21) (90 54 44) (70) (87) (12) (22) (99) (14) (66) (63) (45) (74 78) (59) (97 58) (15) 
63 (14) (80) (27) (25) (59 8 49 16 52) (12 19 92) (67 3) (37 47) (1) (18) (84) 
64 (5 33) (23) (13 84) (6 4 27) (25) (91) (28) (47 70) (88) (16) (82) (3) (58) (22) (15) (99) (77) (66 65 73) 
65 (37 12) (48) (66) (41 78 49) (22 2) (6) (8 28) (18) (91 54 4) 
66 (95) (17 4 79) (11 38 33) (36 57) (68) (52) (93) (85) (76 89 75) (19) (74) (42 49) (80) 
67 (9) (66) (27 61 35 83) (28) (18 11 47 32) (39 1) (96) 
68 (61) (90) (75) (91 28 26) (74) (78) (58) (89 34) (83) (94) (99) (72) (22 21 24) (49) (2 69) (41) 
69 (62) (31) (54) (95) (98 48 36 61) (68) (16) (25 50) (58) (94) (22) (30) (92 65) (90) 
70 (10 56) (95) (19) (94 29) (1) (87 12 97 34) (18) (58) (11) 
71 (56 74) (4 46 29 5) (93 42 72 21) (86 92) (8) (31 84) (51) 
72 (63 32) (9 27) (73) (96) (97 5) (59) (86 69) (33 23) (44) (64) 
73 (97 93 12 62 91 57 52 29) (65 6) (37) (79) (24) (51) (56 10 74) (78) (42) 
74 (95 75 13 59) (86 84) (11) (79) (78 74) (87) (21) (99 64 53 68 22 25 62) (94) 
75 (84) (21) (53 71) (32) (95) (89) (8) (67) (4) (61 54) (62) (34 19) (74 20 28) (38) (39 12) (41) 
76 (11 93) (80) (28) (96) (85 66) (57) (7) (76 89) (15) (77) (23) (37 62) (95 13) (5) (36 38 19 4 39) (3) 
77 (88) (58 52) (64) (85) (1 14 76) (95 70 54) (11) (28 47) (39) (45 53) (60 16 7) (30) (50 38) 
78 (38) (21) (63 77) (37) (52 11) (46 73) (25 89) (28 13 61) (87) (93) (95) (67) (76) (15) 
79 (25) (49) (51) (12) (29 7 16) (68 94 18 89 61) (79 85) (1) (91) 
80 (57 22) (75 1 44 14) (63) (99) (91) (72) (41 27) (93) (16 70) 
81 (28) (43 46 9) (41) (58 64) (18) (37) (68) (80 81) (90 77 32 72 63 21) (2 92) 
82 (21) (7) (76 26) (38 58) (49) (61 82 28) (46 66 17) (96) 
83 (87) (94) (42) (82) (14) (24) (67) (97 3) (9 88 54) (41 30 15) (13 80 70 25) 
84 (84 96) (16 54) (44) (29) (5) (83) (30) (24) (68 63) (76) (91 52 94 78) (77) (64 10 75 67) (25) (66) (65 60) (89) (79) (97 86) 
85 (23) (19 17) (74 94) (5) (28) (88) (66 15 93 47) (32 62 21 57 4) 
86 (48) (40) (97 66) (15 96 7 100) (71 39) (82) (41) (53) (95) (27) (2) (45 19) 
87 (35 37) (41 34 52) (98 16 49 26 81 9) (58 43 63) (15) 
88 (13 45) (3) (63) (38) (82 14 75) (25 73 2 5 83 26 60 36) 
89 (85) (91) (88) (62 56 79 9) (87 8) (92) (93 52 32) (4) (54) (36 35) (31 81) (40) 
90 (99) (21 50) (96) (70 23) (76) (77) (85) (37) (74) (29 15) (59 57 45) (51) 
91 (7 100 20) (94) (37 87) (78) (66) (5) (11) (61) (86) (46 41 58) (32 23) 
92 (63) (41) (72) (25 9) (57) (68) (16) (54) (7 10 59 36) 
93 (28 79) (47) (71 15) (43 45) (53 38 60) (35 20) (88 73) (22) (27) (37 33) (75) (92) (48) 
94 (1) (40) (61 23 38) (12 71) (32) (89) (65) (52) (70) (17) (62 97) (90) (72) 
95 (83) (64 5) (93) (21 11 35 16) (36 38 27) (82 2) (55) (71) (30 28) (22) 
96 (17) (47 3 96 67) (14 75) (24) (99) (23 37) (41 84) (20) (64) (62 65) (22) (38) (30) (8 19) 
97 (100) (52 95 20 77) (96) (56) (7) (38) (49 2 54 36) (92 60) (27) 
98 (13) (79 38) (98 54 59 61) (73 75) (30 85 66 76 57) 
99 (85) (20) (37) (25 94) (82) (46 16) (55) (65 10) (23 26) (51 83) 
100 (15 36 100) (63 71 56) (22) (39) (51 8) (52) (45 29 64 19) (35) (5) (67) (18 76) (37) (2) (78 17) (72) (30) (32) (88) 
1 (70) (19) (79) (63) (5) (46) (80) (94) (3) (6) (17) (57) (67) (77) (62) (21) (38) (14) 
2 (15) (51) (49) (100) (44) (38) (21) (39) (33) (23) (65) (68) (56) (1) (27) (42) (97) (22) (88) (57) (10 40) (95 86 28 48) (12) (26) (81) 
3 (19) (55) (28) (9) (63) (6) (59) (12) (33) (76) (40) (64) (83) (21) (8) (25) (88) (16) (31) (96) 
4 (49) (89) (34) (42) (71) (30) (65) (75) (21) (85) (6) (39) (41) (28) (76) (52) (64) (66) (7) (27) (20) (10) 
5 (48) (88) (64) (9) (22) (55) (24) (13) (95) (91) (49) (72) (76) (8) (10) (71) (2) (100) (61) (84) (18) (85) (31) 
6 (5) (65) (73) (31) (61) (13) (64) (6) (20) (17) (15) (53) 
7 (50) (76) (86) (97) (37) (42) (92) (23) (35) (55) (24) (38) (40) (77) (25) (79) (91) (53) (21) (44) (82) 
8 (1) (25) (11) (52) (49) (96) (46) (19) (59) (75) (65) (100) (89) (16) (51) (63) (26) (71) (2) (31) (41) 
9 (8) (56) (28) (48) (22) (81) (59) (25) (55) (92) (67) (5) (87) (83) (61) (54) (46) (44) (30) (14) (72) (89) 
10 (84) (70) (52) (48) (39) (33) (57) (92) (73) (61) (99) (45) (50) (11) (6) (51) (44) (56) 
11 (16) (26) (66) (76) (8) (39) (11) (6) (32) (1) (70) (30) (53) (91) (74) (21) (77) (57) (78) (95) (25) (67) (20) (24) 
12 (94) (56) (60) (62) (65) (43) (70) (79) (38) (34) (73) (63) (75) (50) (16) (25) (36) 
13 (47) (23) (64) (54) (74) (55) (98) (59) (76) (88) (2) (62) (36) (83) (6) (14) (78) (31) 
14 (62) (44) (34) (39) (83) (51) (56) (6) (88) (59) (77) (40) (63) (96) (21) (41) (25) (80) (57) 
15 (87) (86) (100) (76) (13) (23) (51) (78) (41) (93) (22) (90) (64) (50) (85) (12) (21) (16) (83) (62) (44) 
16 (80) (84) (52) (69) (54) (95) (4) (63) (19) (36) (79) (46) (1) (87) (17) (77) (47) (64) (13) (2) (92) (99) (11) (30) 
17 (85) (45) (82) (96) (9) (6) (2) (30) (100) (32) (31) (39) (61) (4) (66) (94) (41) 
18 (62) (33) (63) (67) (60) (20) (81) (7) (57) (34) (24) (70) (65) (43) (58) (30) (100) (79) (2) (50) 
19 (86) (62) (75) (100) (85) (66) (4) (42) (70) (76) (2) (51) (33) (34) (14) (36) (63) (56) (47) (52) (96) (30) (21) 
20 (42) (4) (99) (23) (33) (96) (52) (30) (97) (37) (47) (93) (34) (57) (91) (44) (75) (6) 
21 (41) (90) (81) (71) (5) (68) (36) (34) (82) (39) (75) (24) (78) (85) (31) (22) (28) (95) (62) (25) (3) (12) (74) (37) 
22 (65) (39) (30) (27) (96) (68) (100) (64) (26) (74) (93) (2) (58) (51) (80) (38) (69) (62) (95) 
23 (35) (33) (99) (43) (55) (18) (19) (76) (6) (90) (45) (64) (85) (47) (96) (94) (72) (91) 
24 (39) (33) (68) (21) (47) (96) (9) (4) (83) (15) (16) (24) (32) (73) (84) 
25 (99) (78) (74) (61) (23) (9) (24) (3) (32) (16) (7) (92) (69) (63) (36) (11) (28) (6) (14) (42) (88) (79) (84) (83) (64) 
26 (82) (6) (13) (22) (68) (44) (88) (87) (99) (18) 
27 (72) (95) (80) (97) (58) (63) (42) (93) (15) (86) (20) (67) (28) (52) (64) (6) (46) (16) (60) (12) (13) 
28 (57) (58) (64) (49) (21) (77) (95) (68) (76) (13) (81) (85) (31) (67) (51) (25) (78) (82) (65) (47) (75) (18) (28) (55) (93) (5) 
29 (14) (2) (25) (46) (18) (38) (71) (56) (3) (70) (15) (61) (26) (90) (73) (100) (79) (20) (43) (36) (84) (47) (41) (28) 
30 (47) (24) (98) (13) (83) (69) (15) (11) (77) (100) (22) (8) (95) (84) (23) (96) (50) (7) (28) (19) 
31 (13) (60) (57) (89) (53) (50) (18) (16) (43) (69) (71) 
32 (72) (31) (58) (100) (24) (42) (85) (11) (46) (12) (91) (89) (49) (56) (67) (94) (75) (81) 
33 (29) (19) (37) (72) (54) (56) (66) (53) (64) (93) (28) (2) (36) (11) (1) (35) (3) (50) 
34 (31) (21) (16) (11) (68) (2) (70) (61) (51) (59) (29) (87) (47) (50) (22) (35) (75) (6) (37) 
35 (89) (2) (95) (93) (30) (67) (55) (49) (100) (20) (87) (15) (23) (47) (58) (6) 
36 (41) (76) (92) (31) (89) (12) (6) (57) (55) (21) (88) (14) (66) (45) (69) (11) (97) (100) (51) (47) (42) (23) (54) (37) (35) (95) 
37 (29) (24) (65) (99) (11) (91) (87) (49) (78) (53) (96) (76) (73) (34) (10) (30) (63) (93) (1) (23) (50) (100) (90) (81) (38) (36) 
38 (2) (77) (75) (51) (13) (3) (34) (33) (88) (30) (66) (8) (39) (93) (56) (82) (94) (24) (78) (96) (76) (98) (95) (11) (97) (7) (43) 
39 (33) (2) (75) (61) (22) (12) (29) (100) (40) (37) (86) (34) (53) (67) (15) (77) (76) 
40 (35) (20) (15) (29) (14) (42) (16) (28) (54) (94) (89) (38) (12) (46) (17) (22) (40) (60) (86) (6) 
41 (53) (30) (86) (75) (41) (68) (91) (92) (33) (83) (51) (65) (45) (96) (81) (87) (80) (23) 
42 (24) (4) (9) (38) (54) (58) (55) (73) (83) (22) (18) (71) (35) (60) (51) (1) (26) (66) (48) (21) (17) 
43 (5) (32) (4) (28) (87) (17) (57) (93) (14) (55) (81) (6) 
44 (35) (53) (51) (27) (84) (61) (80) (15) (28) (72) (62) (49) 
45 (24) (43) (33) (62) (17) (53) (14) (90) (93) (30) (44) (15) (77) (88) (20) (27) (4) (86) (40) (100) 
46 (33) (78) (53) (27) (8) (71) (52) (82) (22) (81) (46) (99) (91) 
47 (3) (64) (36) (57) (63) (21) (96) (93) (6) (42) (85) (2) (43) (32) (10) (67) (49) (77) 
48 (52) (35) (93) (9) (56) (86) (50) (19) (65) (12) (33) (13) (45) (18) (41) (26) (69) (15) (25) 
49 (46) (97) (63) (50) (82) (68) (33) (66) (65) (59) (4) (51) (44) (1) (13) (87) (25) (79) 
50 (1) (29) (45) (37) (90) (14) (26) (69) (47) (31) (43) (41) (77) (15) (4) (23) (16) (27) 
51 (59) (30) (37) (79) (73) (16) (71) (6) (3) (99) (15) (90) (55) (22) (29) (60) (24) (56) (100) (41) (14) 
52 (100) (9) (19) (53) (84) (44) (89) (97) (63) (87) (78) (12) (42) (94) (61) (73) (26) (66) (10) (4) (3) (77) (47) 
53 (3) (74) (30) (19) (77) (20) (93) (86) (42) (5) (75) 
54 (83) (11) (15) (28) (75) (33) (13) (3) (50) (62) (25) (7) (89) (42) (84) (20) (9) (98) (14) (65) (77) (69) (6) (97) (92) 
55 (16) (51) (50) (4) (58) (20) (30) (99) (95) (31) (12) (1) (48) 
56 (70) (60) (46) (73) (49) (97) (7) (89) (47) (71) (10) (21) (100) (12) (5) (22) (15) (9) (32) 
57 (98) (90) (92) (73) (60) (13) (51) (80) (57) (85) (50) (66) (76) (23) (45) (40) 
58 (14) (26) (42) (87) (68) (70) (77) (35) (91) (69) (12) (81) (8) (34) (47) (51) (41) (64) (82) (50) (53) (62) (49) 
59 (13) (12) (72) (55) (42) (51) (23) (24) (43) (74) (10) (90) (4) (52) (63) (62) (49) (27) (92) (98) 
60 (84) (93) (50) (19) (88) (27) (46) (29) (59) (97) (5) (77) (36) (60) 
61 (91) (75) (36) (1) (32) (59) (49) (67) (79) (69) (41) (21) (18) (78) (30) (98) (11) (94) (82) (68) (35) (58) (33) (55) (6) 
62 (14) (23) (85) (51) (75) (50) (32) (57) (12) (8) (73) (76) (59) (89) (17) (94) (37) (69) (96) (10) (74) (33) (60) 
63 (44) (88) (5) (87) (30) (78) (100) (37) (18) (59) (9) (84) (81) (92) (80) (34) (72) (45) (62) 
64 (95) (43) (34) (17) (12) (84) (20) (59) (81) (57) (11) (96) (56) (77) (35) (72) (14) (36) (40) (100) (37) (48) (9) (39) (74) (18) 
65 (69) (24) (96) (64) (16) (73) (37) (99) (26) (18) (53) (94) (61) (12) (55) (23) (56) (45) (4) (84) (44) 
66 (76) (25) (8) (36) (86) (67) (47) (6) (54) (82) (59) (65) (62) (84) (85) (64) (17) (30) (98) (91) 
67 (33) (84) (96) (55) (83) (40) (22) (43) (44) (36) (54) (13) (63) (100) (78) (50) (32) (27) (21) (28) (61) (75) (45) (24) (58) 
68 (41) (45) (81) (74) (69) (66) (92) (84) (52) (31) (79) (30) (4) 
69 (48) (24) (6) (23) (68) (3) (45) (19) (25) (30) (36) (56) (43) (26) (38) (11) (59) (8) (34) (44) (72) (2) 
70 (77) (36) (52) (25) (47) (64) (83) (90) (62) (94) (80) (58) (34) (55) (24) 
71 (100) (30) (86) (93) (27) (95) (75) (44) (94) (24) (47) (15) (4) 
72 (68) (81) (1) (34) (53) (71) (58) (46) (40) (80) (94) (36) (92) (60) (100) (27) (15) (25) 
73 (72) (15) (88) (11) (50) (27) (52) (78) (64) (98) (29) (38) (93) (57) (21) (26) (59) (34) (4) 
74 (52) (85) (71) (33) (90) (56) (49) (28) (51) (62) (73) (66) (74) (54) (6) (19) (75) (45) (68) 
75 (54) (42) (93) (80) (12) (62) (98) (2) (14) (66) (39) (88) (84) (30) (34) (10) (61) (68) (51) (17) (74) (96) (15) 
76 (15) (59) (23) (57) (78) (90) (77) (40) (76) (51) (82) (84) (66) (100) (47) (21) (98) 
77 (97) (6) (19) (90) (12) (81) (84) (59) (36) (58) (3) (11) (64) (78) (28) (76) (18) 
78 (68) (44) (74) (91) (10) (27) (65) (12) (100) (73) (26) (39) (38) (62) (84) (9) (8) (60) (29) (43) 
79 (55) (84) (93) (74) (51) (47) (17) (57) (59) (98) (26) (27) (24) (4) (28) (20) (14) (89) (66) (79) (73) (50) (42) 
80 (44) (55) (59) (8) (63) (81) (51) (23) (76) (19) (38) (4) (66) (52) (12) (83) (13) 
81 (55) (50) (6) (81) (89) (87) (3) (38) (56) (9) (13) 
82 (12) (64) (33) (34) (86) (51) (15) (3) (83) (4) (21) (18) (99) (95) (82) (39) (43) (50) (88) 
83 (22) (95) (24) (48) (21) (23) (67) (57) (14) (17) (30) (10) (49) (53) (84) (16) (99) (35) (88) (68) 
84 (53) (84) (74) (75) (51) (1) (19) (3) (38) (29) (52) (63) (54) (37) (5) (30) (25) (96) (71) (64) (44) (27) (46) 
85 (50) (77) (52) (99) (66) (51) (18) (4) (89) (55) (28) (26) (98) (90) (13) (76) (33) (79) 
86 (40) (6) (71) (54) (8) (84) (47) (11) (53) (45) (2) (19) (74) (34) (72) (27) (36) (91) 
87 (10) (25) (54) (12) (89) (18) (83) (78) (48) (24) (17) (16) (40) (74) (62) (9) (91) (70) (36) (47) (43) (23) (57) (28) (33) (6) (29) 
88 (25) (89) (61) (85) (100) (42) (77) (23) (16) (18) (14) (83) (53) (40) (36) (13) (26) (93) (64) (35) (44) 
89 (61) (51) (40) (75) (76) (66) (84) (53) (31) (27) (8) (68) (79) (23) (5) (38) (26) (42) (41) (60) (19) (94) (2) (78) 
90 (4) (45) (69) (44) (31) (81) (62) (94) (9) (40) (14) (68) (60) (6) (52) (23) 
91 (73) (68) (39) (49) (84) (62) (64) (28) (3) (89) (79) (33) (61) (14) (21) (2) (53) (31) (7) (65) (80) 
92 (11) (93) (63) (21) (97) (60) (81) (18) (5) (71) (35) (24) (69) (8) (49) (89) (17) (31) 
93 (66) (80) (23) (73) (85) (59) (24) (76) (32) (10) (9) (19) (30) (89) (35) (43) (47) (18) (50) (2) (71) (78) (95) (38) 
94 (30) (14) (21) (91) (69) (4) (99) (84) (56) (20) (29) (49) (55) (79) (74) (83) (1) (85) (13) (68) (27) (70) (39) 
95 (78) (57) (24) (14) (9) (76) (37) (75) (69) (74) (3) (31) (66) (86) (12) (97) (61) (7) (77) (70) (38) (40) 
96 (36) (40) (16) (86) (67) (52) (90) (3) (19) (33) (39) (82) (97) (59) (72) (46) (76) (8) (22) (96) (84) (42) (45) (34) (14) 
97 (21) (25) (48) (58) (51) (9) (20) (83) (15) (72) (86) (84) (62) (7) (6) (94) (31) (40) (73) (70) (14) (57) (5) 
98 (5) (11) (69) (3) (98) (41) (8) (12) (33) (39) (87) (53) (24) 
99 (9) (29) (10) (27) (51) (28) (80) (64) (46) (43) (68) (4) (26) (90) (62) (18) (96) (36) (42) (39) (74) (31) 
100 (22) (97) (14) (8) (19) (25) (38) (49) (86) (100) (91) (58) (56) (39) (61) (5) 
