0
100
100
1 (79 16) (97 62 49 76 1 38 60 8 24 69) (45) (21) (13) (3 6) (64 20) (22 19 66 46) (58) (44 98) (67 54 72 88 77 70) (95) (61) (40) (74 83 29 26 93 2 59 30) (57) (63) (42 81) (25) (11 99) (75 18) (53) 
2 (72 26) (16 94 46 50) (80 28 57 75 32 96 85 31) (55 23) (58 18 60 15 97) (82) (29 73 88) (52) (21 89 63) (98) (10) (61) (64 87 4) (1 91) (6 54 70 81) (78) (56 83 43 44 19) 
3 (59 25) (76 41 40) (98) (83 78 11 19 36) (55 38 66) (7) (84) (87 1 15 70) (32 60 79 9 94 48 67 22 90 89 47) (58 10 26) (86 99 33 62 45 8) (44) (80) (37 52 27 96) (35 73) (14) (93) 
4 (66 95 16 69 92 20 1 17 47 38 3 56 39 79 26) (76 19 51 72 93) (81 18 90) (25 65) (59 13) (23 40) (63 10 36 62 74) (29 12 67 41 86) (50 35 9) (4 80 30) (57) 
5 (38 16 10 28 9 67 57 53) (21) (42 75) (43 44 50 72 95 4 86 23 96 65 5 66 32) (35 93) (82 70 11 13 40 30 61 56 37 99 33) (100 63) (89 73 55 3 58) (45 97 80 74 6) (79) (7) (25) (27) (94 85 20) 
6 (88 73 18 21 4 38 44) (34 94 15 76 68) (74) (51 57 20 61) (69) (71 43) (60 29 42 10 50) (100 64 53) (62) (17 1 56 48 79 39 11 77 9) (58 25) (84 54) (85 93 16 80) (75 81) (3 12 95 70) (45) 
7 (41 35 74 25 17) (42) (100) (36 98 13 90 34 82 51 61 12) (32 70 88 93 53) (3) (18 39 11 68 78 19 5) (65 59 97 58 81 6 87 7) (69 38) (84 99) (96) (85 63 76 60 31 86 37 91 29 26 95 44 24) 
8 (45) (18 53 40) (52 56 5 38 84 39 50 100 13 7 83) (36 70 68 90 93 64 97 96 92 67 28 15 98 4 82) (26) (89 24) (87 48) (6) (9 8 73 32 22) (1 63 79 12) (34) (59) (33 27) (81 58) (30) 
9 (74 11 37 12 21) (38 72) (47 1 28 68) (57 86 73 20) (97 76 55) (45 83 95 78 80 16) (25 77 26) (17) (10 87) (70 44 66 31 46) (14) (7) (88) (50 13 92 48) (58 27 23 43) (96 69 34 91 39) 
10 (96) (92 28) (70 73) (56 10) (86 40 95) (66 15 85 3 91 39 58 79 80 68) (97) (62) (72) (33 11) (50 20 47 35) (7 48) (42) (98) (5) (13) (53 67 89 94 87 34 88) (1 19) (69 43 77 8 44) (25) 
11 (31 2 58 94 13 66 100) (38 95 35 23 60 85 76 18 45) (12 52 63 88 99 36 5 10 34 4) (69 78) (16 14 28 70) (24 54 92 61 75 33) (41) (21 44 42 19 47) (1 82) (53 67 81 56 87 73 55) (72) (98 83 17) 
12 (67) (31 96 60) (25 56 21 46 41 42 44 64) (33 58 95 73) (34) (97 47 91 50 66 6 36 28 43) (62 8) (77) (17 88) (15 11 75 65 26 83 53) (3 16 61) (90 79) (23 68) 
13 (10 76) (12 46 15 84 71) (82 40 41 55 18 97 24) (57 85) (83) (23 56 34 59 54 48 11 7 6 53 19) (37 60 33) (58) (70 73 38 99 61 96 9) (62) (87 8 90) (16) 
14 (19 15 17 38) (27) (78 21) (49 86 84 52) (8) (36) (61 4) (34 68) (54 91 18 70 59) (29 87 13 6) (31 94) (74 80) (42 60 7 67 46 47 32 11) (98 28) (9) (79 73 53 35 81 65 56 3) (24) (37 62) (55 2 100 39) 
15 (99) (49 14) (52 56) (82 28 23 77) (31) (40 61 36) (93 38) (73 74) (64 72 67 35 55) (34) (51) (95 54 83 92 17) (37 59 66) (25 8) (29) (100 16 98 11 69) (87 96 53 46 15) (19 81 2) (86 62 43 6 32) (21) 
16 (17 79) (14) (90 70) (10 85) (64 97 75 34 67 47 95 96) (9 27) (66 41 58 57) (40) (12 68 31) (92 18 13 19 38 30) (24 28 59 4 72 39) (1 22 84 54 43) (81 23 94 50 11 89 53 51 20) 
17 (34 53 81 62 3 57 39 77) (16) (12 82) (18 97) (72 47 87) (67) (21 4) (32) (10 74 75 89 90 73 33 48 79 76 38 17 5 78 36) (71 41 6 70 91 92 61 56) (68) 
18 (8 88) (78) (22 94) (40 48 20 50 62) (83 42 76 6) (11 91 28) (56) (63 84 71 26 17 69 47) (99 58 57) (21 33 15) (100 66 41) (44 97) (32 51 80) (36 93) (77) (25) (70 18 37 39 95) (85 1) (29 4) 
19 (24 34) (6) (27 79 2 87 36) (68) (35) (31 48 7 73) (3 77 91 33 96 98) (39 82 8 19 30 11 20 53 5 10 59 64 23 56) (74 99 13 54 25) (84) (43 63 55 66 40) (51) (76) 
20 (77 74) (50) (55 13 98 58) (88 86 66) (6 28 48 90 76 31) (83) (21 97 25) (93 87 36 92 96) (71 30 34 40 91 81 26) (45 80 67 70) (56 53 62) (7 22) (79 73) 
21 (71) (74 28) (60) (79) (2 58 88) (62) (56) (70 76) (43) (8 86 29 45 38 12 50 21) (82 80) (98 89) (33 16 52) (67) (91 42 100 90 99 1 23 27) (13 97) (54 46 85) (35 24 59 61) (19 40) 
22 (5 37 3 12 16 95) (17 63 61) (10) (36 33) (92 64 77 72 38) (99) (47 79) (29) (46) (83 94) (70 51) (49 20 44 54) (6) (28 69 87) (41) (2 24 55) (62 11 60 65) (8 53) (80) (74) 
23 (21) (2) (53 31 25) (77 81 96 72 12) (89 87 36 28) (45) (34 91) (69 71) (17 15 52 54) (24 44 90) (67) (78) (56 75 16 88 95 94 32 40 65 57 39 23 47 22 50 62 85 18 49 4 64) (11 70 35 43) 
24 (34 39) (32 18) (67 63) (73 17 61 99 81) (54) (92 22) (11 58 65 88) (21 75 43) (25 72) (57 48) (100) (62 69 98) (96 60 2 14 36 16) (52 1 20) (95) (82) (53) (84 31 91 35 42 76) (46) 
25 (55 73 5 76 8) (64 21) (87 81 98 12) (15 95) (3) (57) (31 16 49 60 30 19 25 58 32 23 67 77 79) (66 52 43) (75 42 59 65 14 84 82) (13 74) (17 71 91) (62 44 97) (54) (6 45) 
26 (31 6) (42 16 17) (26 61) (71) (62 67) (46) (68 48) (53 90 33 60 59 52 35 93 89) (3 45 36 98 74 64 75 82) (40 47 22 7 88 83 69 55) (41) (100 2 97 15 91 32) (72 85) (57) (56 70) 
27 (4) (41 61) (97 9 17) (45 28) (16 55 32) (54 38 20) (33 46) (35 43) (82 68) (12 14 3 87) (25) (27) (62) (26 30 15 2 21 37 57 52 95 94 51 48) (83 65 63 88 69 100 66 99 10 73) (78) 
28 (81 52 62) (49 56) (5 83) (67 38) (58) (85 16 74 75 65 10 11 47) (91) (44 97) (32) (64) (22 4) (46 25) (86 33 27 60 94 76 51 80) (8 20 68 36) (19 66) (70) (43 84 93) (90 7) (2) 
29 (32 7 85) (22 15 66 73 9) (48 79) (26 44 59 50 64 46 60 29 39 43) (77 95) (4 53 57) (78) (35 8 45 86) (20 93) (98 76 89 74) (69 55 2 51 65) (100) (6 37 25) (3 97) (30 81) 
30 (66 52) (58) (45) (49 61 35 53 63) (60 46) (39 14 85 34 3) (7 81 1 44 88 56) (90) (79 27 38) (67 92) (43 26 6 84) (33) (86 62) (13 24 91 98 21 19) (95) (23) (10 96) (73 25 5) 
31 (7 41) (86 35) (87) (1 24 72 70 18 6) (62) (44) (59 76 14 89 11 82 47 60) (85) (27 29 91) (20 8 46 58) (54) (67) (2 3 38) (28 48) (84 75 21) (94 50 12) (64 99) (32 73 100 22 57 45 66 53) 
32 (75 24 22) (35 57 97) (79 83 64 92) (9 4) (45) (36 47 2 67 49 44 39 84 10 25 42 89) (61 77 98) (95) (16 13 14) (63 96 52 88 1 3) (85 90 60 43 71) (23 74) (50 20 8 40 82) 
33 (78 72 39 5 51) (3 92 25) (19 82 84) (9 66 28 96 64) (49 80 97 50) (14) (70 8 23 38 61) (10 36 29) (35 67 4 100) (68 30 37 41 11 99 7 22 2 6) (40) (77 46 95 65 18) (12) 
34 (80) (88 87 48 98 9 75) (15 24 58 34 33 44 18 1 43 2 35) (22 49 95 4) (86 14 12) (10 92 52) (79) (19 100) (6) (69) (67) (89 7 76) (70 55 94) (64 53) (40) (78) (72) (61) (65) 
35 (2 98 23 57 91) (72 68 43 49) (36 37) (77 88) (90 17) (62 1 50 8) (67 26) (82 31 51 94 97 93 74) (29 12 33) (87) (86 13 71 27 55 52 45 89) (19 21) (61) (14 54) (81 38) (63) 
36 (21 99) (45) (13 76) (2) (6) (81) (98 40 70 48 35) (41) (1) (43) (44 57 55 96 26) (50) (67 38 5 33 68 49 51 74 92 56 32 16 23 54 84 82 30 20) (42 52 90 80) (31) 
37 (50) (22 38) (74 54) (25 62 76 32 89 91 27 66) (16) (13 52 29 12 68 65 72 45) (81 88 48 70 58 24) (43) (60 42) (87 90 47) (59) (85 63 15 96) (86 5 100 44 95) 
38 (49 4) (19) (24 77) (23) (81 55 46) (33 89 64 86 79) (59) (72) (84) (99 2 48 30 60 58) (12 5 42 96 17) (6) (27 13 20 37 52 57 75) (45) (69 14) (68 63 10 67 39 91 54) (51 29 16 50) (41 7 25 93 61 35) (15 80 53 73 66) (22) 
39 (12) (84) (37 89 79) (81 97 35) (90) (66 48 75 99 33 78 70 51 19 60) (47) (28 59) (83 6) (30 3 40 21 76 36 18 42 34 68 9) (71 57 69 5 4 63 87 93 17) (32 45 7 43 15) 
40 (27 7 10 9) (65 43) (45) (57 35) (37 39) (16) (25 79 24) (67 8) (36 41 49 83 28 15 76 58 78) (48 50) (32 34 4 46 22 13) (77 99 90 30 2 95 80 53 75) (88 20) (44 64 94 33 17 70 60 55 72 51) 
41 (3 54 12 97 6) (72 30) (87) (67 74 32 27 49 75 13) (8) (81) (31) (96) (11) (24) (17) (14 65 59) (52 46) (22 66 20) (91) (47) (7) (19 53 10) (15) (55) (29 69) (100 86 56 51 80 82 98 42) (64) 
42 (22 76 30) (12) (97) (26 47 33 44) (3) (64) (27 9) (43) (75 56) (99 94) (84 87 85 38 16) (83 14 92 23) (32 17 68 82) (15 8 54 45) (73) (36) (90 34 35 24 31 79) 
43 (9 27 50 14 52 17 23 42 75) (95) (37 97 93 5 55) (67 39 49 59) (77) (53 87 54 45 20 25 98 70) (11 21 73 58 44 32) (38) (48 92 10 99 81 68 1) 
44 (92 94 17 16) (74 81 72 99) (78 12 100) (6) (38) (2) (64 67 52 91 19 32) (3 31) (69 66 34 71) (77 26 95) (1 37 86) (61) (13) (40 56 18 62 28 51) (58) (22 55) (8 9 42 39 49 50 90 73 75 47) (15 59) 
45 (78 9 87 45 51 4) (73) (69 24 12 65 18 32 80) (92 46 20) (1 31) (66 99 67 26 88 11 84 39) (44 59 40) (95) (35 79 75 62 77 76 30 19) (29 22 36 43 86 50 74) (15 37 28 71) 
46 (52 13 82 44) (66 45 95 28 14) (55 20 6 16) (12 25 51) (61) (35 11 19 85 96) (60) (91 29) (81) (10 86 26 57 21) (83) (4 62) (38 54 89 8 100 92 2 56 22 69 50) (58 53 31) (72) (37) (47) (30) (41 3) 
47 (99) (95 60 63 33) (81 35 44 3) (41 48 12) (4 79) (27) (49 10 71 70 72) (92) (96 73 53 82) (25 36 23 37 2 29) (91 21 9 52) (77 45) (85 13 78 100 59) (19) (66 30 43) 
48 (15 96) (67 81) (97) (46 39 89 83 92 44) (68 79 10 57) (32) (54 71) (30 20 11 2) (36) (59) (52 69 56 55 43 88) (51) (9 13 41) (85) (95 14 50 62 1 60) (31 37 19 4 21 34 7) 
49 (1) (63 90 75 10 4 98 14 17 48 20 93 5 37) (81) (99) (22) (25) (61 58 94 54 45 52 35 47 55 40 26 38 56) (66 82 87 18 85) (53 28 19 42 100 8 86 32) 
50 (55 49 100) (4) (88 20 28 73 80 82 78 5 9 36) (76) (43 70) (96) (7 97) (10 91 71) (48) (62) (45 75 79) (84 27 23) (50 56 44) (38) (74 61 40) (85 53 32 15 58 42 69) (21 67) (24) (2 19 39 41 68) 
51 (55) (37 43 40 45) (38 11) (95 24 98 29 89 9 83 65) (3 13 42 22 91 99 68) (17 14 21 18 8 47 2 44 74 27 56 88 71 73 35) (4 67 41) (48 46 54) (92 94 66) (81 23 16 12) 
52 (24 9 25 59) (71 92 98) (87 39) (70 62) (3 16 10 90 89 27 64 41 40) (5 13 31 95 76 7 91 43 51 67 6 50 15) (42 33 12 19 29) (84 14 61) (86 97) 
53 (21 24) (34 46) (11) (3) (86 97 31 53) (77 42 2) (27) (90) (45 26) (78) (72 87 12 66 75 99) (1 55 35) (70 94) (51 83 96) (82 67 41 30 100) (23) (44 91) (17) (6) (22 93) (13) (4 20 52 28 71 5 33) 
54 (31 84 21 51 81 34) (94) (93 28 86) (4 30 3) (70 24) (91) (62 52) (49 53) (80) (98 38 46 29 7 13 44) (85 26 77) (23) (64 16) (65 97 58) (60) (47 79) (71) (72 11) (41 10) 
55 (9 1) (79) (20) (10 48 6 36 26) (72 24 14 45 76 67) (78 61 33) (56 16 58) (71 44) (42 92) (25 39 66 34 54 70) (94 99 91) (80 96 40 49 82) (2 89 31 18 52 84 68) (29 55 90) (64 3) (11) 
56 (2) (79 67) (99 47 63 31 19 20 26) (21 78 39) (36) (9 30) (22) (87 3) (94 29 61 58 62 48 46) (71 84) (73 40 24) (72) (53 18) (86 13 12 51 56 64) (1) (96 81) (75 55) (11) (92 65 50 8 28) 
57 (2) (81 93 16 95 82 68 17 70 98 37) (18 8 51 42 60 27) (26 64) (43 99) (4 67 31) (88 69 40) (71 89 23 9 66 62 50 96 24 100 1 65 14 32) (73 84) (15 77 91 52 92) (61 74) 
58 (41 24 48 17 96 20 38) (49 30 16 45) (82 11 26) (88) (81 73 7 31 18 29 99 13) (15 83 14 55 92 97 79 3) (34) (78 68) (44 84 65 28 86 50 87) 
59 (75) (12) (99 28) (21 2 42 9 100) (82) (31 6) (73 79) (63) (65 89 1 77) (96) (66 61 18) (74 69) (83) (51 85) (27 3 80 39 46 10) (78 58 70 50 26 16 7 47 71) (24) (22 91) (59 11 23 94 8) (33 25) (95 4 35 81 17 44 30) 
60 (74 86 77) (61 20 62 47 53 3 4 25 99 57 51 100 11) (68) (34 55 67) (24) (54 78 33 9 50) (7) (56) (52 19 26) (18 23 82) (75) (14 71 87 63 49 1 70 84) (76) (66 17 38 44 93 58 96 31 94) 
61 (12 11) (97 47) (75) (4) (98 57 80 14 62) (44) (91 96 53 51 37 26 99) (25 28 5 22) (29 92) (65 68) (13 43) (8 46 15 90 74 100 1 32 50 3 84 81) (45) (94) (67 60) (70 66 85) (10) (21) (18) (49 42 76 30 59 48) 
62 (4 94 38 39 48 55 77) (36 99 98) (73 90 2) (46 22 54) (82 41) (87 40) (33 91 5 19) (28 96 81) (72) (85) (16 23 97 68 89 11 34) (21 6) (80 57 100) (58) (70 84) (26) 
63 (77 56 32 69 47 54) (43) (49) (67) (14 71 89 44 46 33 79 64 38 59 37) (26) (45 88 66) (29 95 36 48) (5 93 41 85) (55) (72) (91 25) (96 6) (11 39 62 78 8) (12 65) (87 100) (24 3) 
64 (27 92 53 36 78 46 72 28 31) (97 32 71 61 79) (56 81) (54 95 74 10 87) (99 55 73 89 62 42 45 6) (82 21 9) (60 88 40) (4 13) (23 37) (98) (33) (90) (76) (39 77 67 58) (57 49 19 15 29 1) (43 48 30 93) 
65 (89 76) (63 18 23 45) (73) (100 16 82) (65 52 90 92 39 94 25 41) (20 98 83) (50) (54 71) (77 17 15 53) (5 22) (3 8) (42) (56 26 36 95) (57 6) (84 30) (9 87 51) (37 62) 
66 (66 71 16 30) (4 51 80) (22) (77 3) (84 95 29 40 89 59 31 34) (50 82) (8) (9) (1 58 92 94 33 21 44 11 73 35 99 32 47 57 37) (24 70) (41 96 100) 
67 (20 7 100) (5 57) (15 69 30 39 74 50 2 93 79 34 62) (90 49) (84 87 99) (17 19 83) (40 63 81 61 98 72 76) (88 37 59 21 16 75 42 13 54 66 68 67 60 24) (47 65) 
68 (47) (97 18 77) (38 57 95 41) (33) (48 61 78 66) (44 24) (40 74 6) (89 58 8 93 53 52 63 19) (5) (81 39) (29 21 98) (34) (99) (59) (30 2) (14 84) (27) (42 23 79 92) (83 22 12 25) (11 60) (43 76 94 16) 
69 (92 32 77 44 3 74 27 42 31 62 66 61 49) (5 8 90) (39) (100 80 94 40) (12 13 71 2) (70 85) (47 6 72 89 88) (50 15 65 38 10 68 20) (26 24 14 25 64 75 52) (54) (28 97 48) (33 37 57 60 23 45 11) 
70 (55) (31 54 66 23) (71 97 14 1 2) (13 95 100 34 91 17) (93 32 69 4 28) (89 39 5) (18) (40) (73) (99 16 44) (63 3 56) (48 41 25) (76) (42 83) (82 68 94) (79 53 74 67 37 88) (33 8) (49 47) 
71 (54 5 34 97) (98 88) (41 99) (58) (10 56 31 52) (57 63 96 19 61) (1) (64 6 40 90 48 24) (15 27) (47 83) (78 2) (91 95) (9 28 67 60 12 50 66 23 7 77) 
72 (18 82 40 46 4 52 95) (65 49 86 8 64 20) (67 54 33) (84) (28 32 16 23 77 26 44 37 87 62 70) (47 5 69 12) (68 66) (36 42 10) 
73 (71 87 30 83 32 90 21 63 36 39 8 91 76) (25) (40 86 75 66) (61 43) (85 45 14 53) (94 35 55 3 79 78 73 18 9 60) (13 95 11 37 62 58) (93) (6 97 65 4 70 88) (46 81 99) (82) (26 50 100 33) 
74 (58 63 44 89) (51 13 23) (57 87 71 3) (49 11 25 75 30 18 91) (62 78 20 39 5) (4) (66 79) (100) (10 64 22 19) (2 73 90 80) (8 43 9) (95 84 46 88 54 99) (33 37 34) (85 81 97 96 14) (42 68 17) (98) 
75 (26) (43 17) (99) (88 98 7 12 78) (40 54 39 83 2 13) (70) (46) (91) (32 14 20) (42 77 16) (75 100) (23 38 89) (34 47) (63 58 49 79) (44 76 59) (4) (35 73) (62 87 8 57) (82) (56 30 95) (19 24 28 92) 
76 (24 51 12 14 79 41 58) (96) (42 13 93 10) (86 18 52) (37 91 46) (71 85 66 54 44 56 16 100 94) (81 95 30) (53 21 97 84 90) (59 82 77 63) (17 28) (64 31 38 74 4) (1) (72) (32 55 60 23 8 36) 
77 (76 36 50) (97) (35) (24 65 10) (49 37) (28 19 73 92 57 81 6 72 13) (18 85 52 100 32) (60 31) (56) (34) (91) (82) (88) (23) (14 75 2 9 29 30 70) (47) (41) (21 26 59 53) (39) 
78 (97 28) (55 1 88) (71) (24 61 94 70 52) (79 100) (45) (46 47) (85) (83 9 11 23) (64) (58 38) (75) (33) (12 63 95 93 99 74 17) (84 56 72 13) (35) (80 62 7 44 14 91 30 26 69) (18 34) 
79 (37 82) (67 60) (41 58) (80) (17 76) (30) (22) (15 39 62 47 92 36 77) (96) (74 100 71 38 24 7 3 50) (35 94 90) (40 70 5 65 72) (83 10) (84 14 85 54) (53 42) (20) (44 61) 
80 (6 59 79 33 34) (94 30 4) (66) (7 49 60 2 43 19 12 23 18 10 29 50 90 45) (64 36) (85 44 40) (86 1 21 61 38 71 58) (56 75) (65 72) (97 77) (24 98 15 57) 
81 (8 56 82 36 66) (19 69 12) (24 4 93 79 88 61) (28) (68 15 23 96 78) (7) (26 49) (75) (42) (17 89) (33 41 44 6 43 32) (54 47 58 11) (100 90 16 14 2 20) (85 72 83) (95 76 5) (91) 
82 (8 92) (9 74 2 24 85 62) (65 52) (63 22 46 59) (50 76 86 79 93 66) (89 34 51 19) (84 99) (78) (42 16 81) (12 26 37) (27 7 72 77) (29 97 45 32) (47 88 96) (87) (23) (91 36) 
83 (49) (95 62) (23 46) (24 58 57 56 44 38 72 12) (81 17) (28 73 26 61 13) (96 92 83 22 93 27) (8 51 30 80) (100) (35 84 43 55 67 52 3 59) (21) (86 64 20 33 5 40 25 98 42 77) (88) 
84 (32 88) (20 92 3 63) (51 38 66 52) (34 17) (97 46) (56) (57) (31) (25 40 76 62 44) (1 79 48) (2 42) (87 43 14) (11 61 30 74 67 91 49) (60) (89 77 71) (70 19) (82 83) (18) (65 75 64 54) (84 58 39 86 21) 
85 (25 54 51) (4) (21 42 92 70) (68 73) (90) (86) (14 97) (7) (50 100 32 34) (41 55 79 48 39 69 12) (96 8 62 56 6) (80 72) (98) (67 94 35 33 45 26 37 36 88 57) (19 28) (53 10) (75 15) (71) 
86 (95 28 100 59 1 37) (4) (51) (5 70) (64 61) (55) (14 82 50 93 73 67 75 30) (19) (42 52) (39 15 44 31 43 56 57) (83 23 76 69 65 24 72) (20) (71 98 12 9) (38) (77 41 78 10) (66) (88) 
87 (59 9 38 66) (60) (50 42 52) (15 46 70 64 35 28 62 72 79 89 26 74 55) (63 98 43 83 75 24 56) (67 16 5) (69 49 99 68) (94 54 6) (10) (53 73 12) (78 11) (85) (7) (4 88 97) (91) (30) (37) 
88 (67) (81 26) (1 34) (46) (72) (4 42) (54 33) (63) (38 100) (99 41 22) (17 74) (44 14) (83 52) (60 47 10 86) (78) (24 69 58 65 20 11) (70 3 84 18 59 75 73 7 48 12 16) (8 90 21 62 94) (66) 
89 (4 57) (83) (27) (71) (36) (42 49 87 98 40 32) (60 24 77) (81 7 9 30 19) (53 44) (22 16 96 97 67 48 100) (37) (18) (68 61 79) (76 45 29 94 20 90 59 23) 
90 (42 31) (73 40 86 8 96 10 89 79 11 69 37) (59) (91 63 33) (68 47 21 19 4 81) (65 36 100) (98) (50 51 52 43) (17) (29 30 16 75 49) (48 60 32 38) (15 6 34 78 14 22 76 1 41) 
91 (99 24 4) (11) (52 5 13 6) (73 36) (15) (46) (84 7) (100 25) (97 50) (75 43) (64 60 87 81 37 16 1 69) (12) (88 98 67 44) (62) (90 40) (65) (48 57 28) (93) (14) (86 76 53 19 35 83) (85 59) (68) 
92 (57 94) (80 59 72) (9 25 13 20 30 34 2 81 90 12 19 40 67) (15 70 53 63) (22) (58 29 11 41) (55 23) (14 98) (8 97 75 42) (21 78) (26 99) (17 54 6) (88 76) (32) (5 100) (50) 
93 (10 100) (8) (95) (12 46 52 49 66 19) (78) (80 54 39 57 88 64 21 29 7 99 69 62 24) (9) (30 87 1) (4) (53 90 91 14 5 23 65 2 15 36 67) (59 92 31) 
94 (10 54 73) (61 27 32 11) (64) (19 69 99) (5 60 68 75) (1 12 21) (35 97) (4 39 95 84 34 15 86 43 82) (2 72 70 57) (47 9 26 52) (59 20 77 58) (14 92) (71) (74 90) 
95 (91 11) (27 58 80 75) (13 62) (42 93 92 73 35 10 90 6) (33) (59) (65) (100 36 64 86) (77 20 69 74) (68 52 63) (85) (37) (17) (96 97 28 40) (7 16) (2 26 76) (44 70) (19 49) (45) 
96 (4 89 52) (60 55 7 24 64 65) (98 17) (91 39) (29 62) (32 79 51) (78 92 20) (5 94 38 1) (44 42 71) (8) (30 61 66) (47 99 10) (16 81 86 18 82 96 26 15 87 58 25 56 67 21) (85) (19 43 83 49 9 12) 
97 (78 63) (74) (94 8 88 62 98 7 4) (21 91 30 14 75 18 79 38) (99 25 27) (39) (50) (33 73 70) (13 64 52) (60) (44) (31 6 10 96 9 77 46) (61 97 45 66 83) (59 40) (51 95) (12 92 55 80 58) (24 72 90) 
98 (26) (65 95 48) (90 62 78 88 22 87 60 68 14 40 17) (70) (10 38 49 4 24 7 67 98) (99) (31 56 50) (91) (75) (64 97) (1) (94 34 92 93 27 79) (84 6 3) (46) (73) (66 77 25) (23 5 29 36) (96 42 32) 
99 (64) (68 36) (94 99 29 51 26 17) (69 4 97 2 85) (84 34 31 79 90 27 73 15 12 6 98 14 21 89 38 60 75 78) (7) (22 74 23) (88 16 67) (30 49 43 77 1 24 40 41 100 54 39) (44 81) (55 57 19) 
100 (24) (12 74 53 89 36 21) (87 80) (54 98 96 63 37 2 22 97 66 23 25 31) (16 42 29 32 18 48 92 9 64 28) (77) (46 78 34 4 10 62 61 71 68 50 1) 
1 (6) (36) (18) (100) (61) (70) (60) (55 88) (53 59 31 91 80) (48) (9) (16 34 8 30 86) (11 94 35 76 96 84) (2 43 1 4) (64) (93 32 49 10 3 45) (99) (24 57 56 90 98 66 71 44 21 78) 
2 (74) (46) (34) (67) (11) (15) (51) (38) (100) (81) (21) (24) (44) (99) (35) (47) (93) (40 95 28) (14 27 33 55 56) (29 19 94 26 23 82 32 69 68 77) (22) (80) (84 75) (31 1 70 53 50) (59) (62) (36 71) (57 48 92) 
3 (98) (56) (66) (63) (26) (25) (79) (29) (14) (19) (70) (58) (22) (69) (52) (74) (39) (12) (65) (7) (42) (27) (46) (47) (61) (30) (73) (84 10 44 59) (53 4 88) (5) (33 83) (51 32 54 1) (31) (6) (17 41 55 60) 
4 (45) (85) (5) (73) (54) (32) (4) (8) (76) (17) (91) (61) (16) (48) (18) (51) (46) (98) (6) (23) (89) (14) (40) (90) (87) (47) (72) (33) (74) (60) (53) (88) (97) (38) (80 59 2 11 39 96) (70 34 64 81 100 86 93 99 27) (66 57) (94 28 75 62 49 29) (50) 
5 (38) (25) (93) (28) (30) (98) (96) (33) (8) (49) (79) (22) (74) (72) (62) (92) (39) (7) (43) (91) (69) (70) (17) (52) (65) (19) (50) (37) (87) (5) (71) (68) (61) (83) (10) (11) (81) (53) (36) (94 86 63 67) 
6 (63) (80) (38) (71) (7) (19) (2) (85) (31) (91) (46) (97) (25) (8) (81) (73) (5) (12) (99) (41) (17) (53) (29) (1) (98) (26) (64) (55) (69) (20) (13) (14) (68) (15) (77) (52) (36) (34) (95) (18 65 33) (59 62 90 30) (92) (22 44) (87 39) 
7 (87) (78) (91) (54) (8) (33) (38) (97) (26) (89) (31) (5) (81) (29) (98) (48) (95) (14) (50) (52) (3) (39) (80) (41) (93) (88) (59) (20) (67) (96) (28) (10) (99) (40) (71) (34) (60) (13) (30) (75) (7) (82) (9) (85 79) (58 19) 
8 (13) (88) (97) (81) (57) (92) (14) (40) (93) (70) (28) (65) (18) (74) (82) (85) (90) (69) (33) (66) (8) (46) (3) (12) (35) (51) (41) (22) (21) (44) (63) (72) (25) (31) (83) (32) (96) (19) (73) (75) (1) (42) (10) (59) (61) (68 76 15 49 56) (29) 
9 (77) (44) (29) (82) (60) (92) (71) (97) (5) (86) (93) (65) (48) (33) (6) (50) (74) (43) (66) (51) (94) (32) (96) (40) (57) (52) (14) (89) (78) (34) (45) (16) (59) (87) (3) (47) (13) (42) (73) (56) (64) (4) (100) (27) (39) (55) (8) 
10 (97) (74) (77) (90) (88) (3) (47) (13) (79) (48) (98) (76) (28) (96) (93) (19) (32) (52) (34) (38) (11) (10) (69) (94) (6) (55) (27) (59) (16) (2) (43) (4) (61) (54) (22) (40) (17) (100) (86) (72) (64) (30) (85) (80) (71) (46) (49) (50 9 5) (33) (95) (41 87) 
11 (10) (33) (73) (55) (43) (1) (19) (15) (62) (68) (7) (60) (69) (94) (59) (92) (66) (87) (24) (18) (48) (90) (63) (13) (61) (53) (16) (78) (45) (23) (31) (14) (51) (9) (54) (28) (74) (3) (58) (91) (88) (84) (81) (41) (12) (56) (22) (95) (6) (46) (5) 
12 (41) (46) (27) (6) (68) (17) (99) (100) (44) (38) (76) (97) (56) (7) (80) (75) (96) (22) (71) (33) (92) (81) (87) (94) (91) (51) (93) (47) (78) (37) (72) (25) (82) (35) (23) (42) (59) (21) (85) (8) (53) (39) (86) (83) (61) (69) (11) (45) (52) (88) (9 13) (34 31 16) (63 4) 
13 (73) (48) (9) (36) (58) (67) (19) (77) (54) (64) (1) (38) (5) (61) (56) (76) (91) (51) (30) (14) (70) (37) (97) (75) (35) (20) (8) (92) (40) (83) (46) (52) (53) (41) (25) (11) (95) (78) (16) (69) (4) (32) (7) (74) (44) (47) (21) (10) 
14 (42) (84) (43) (15) (52) (31) (3) (68) (38) (99) (93) (98) (74) (92) (11) (41) (35) (46) (77) (70) (94) (58) (60) (55) (30) (34) (9) (63) (27) (78) (51) (86) (97) (48) (33) (69) (57) (49) (75) (79) (91) (25) (88) (24) (61) (90) (16) (73) (32) (81) (85) (76) 
15 (90) (64) (15) (18) (96) (67) (26) (27) (86) (29) (8) (80) (41) (39) (45) (44) (14) (57) (2) (52) (87) (34) (81) (6) (10) (65) (85) (92) (61) (40) (79) (48) (93) (94) (71) (99) (91) (23) (13) (69) (58) (12) (3) (42) (37) (25) (50) (38) 
16 (28) (90) (26) (68) (21) (40) (75) (89) (5) (12) (82) (81) (52) (32) (25) (44) (55) (96) (87) (100) (51) (6) (38) (46) (54) (1) (72) (37) (27) (2) (9) (24) (76) (59) (23) (13) (22) (4) (70) (36) (91) (15) (66) (17) (95) (67) (99) (11) (62) (65) (58) (88) (42 57) 
17 (70) (96) (11) (26) (18) (7) (79) (81) (42) (16) (75) (95) (24) (12) (44) (88) (38) (78) (98) (39) (22) (51) (25) (15) (49) (74) (43) (57) (65) (9) (92) (90) (83) (40) (4) (84) (67) (17) (14) (41) (23) (76) (6) (60) (53) (59) (27) (58) (35) (99) 
18 (16) (60) (18) (76) (77) (8) (24) (78) (57) (73) (68) (74) (4) (55) (70) (13) (49) (14) (61) (56) (7) (84) (51) (97) (6) (80) (31) (39) (17) (59) (34) (88) (89) (96) (44) (2) (33) (11) (45) (65) (100) (72) (58) (23) (1) 
19 (48) (67) (11) (19) (46) (39) (25) (1) (35) (47) (62) (3) (16) (96) (68) (74) (60) (52) (45) (90) (84) (71) (77) (41) (15) (82) (30) (7) (28) (49) (34) (64) (80) (92) (4) (75) (56) (86) (10) (2) (94) (93) (91) (50) (13) (89) (85) (38) (44) (14) (81) (95) (33 99 21) 
20 (72) (28) (65) (92) (79) (9) (46) (27) (18) (31) (55) (58) (53) (83) (56) (32) (45) (22) (88) (48) (43) (69) (4) (75) (40) (41) (1) (86) (67) (6) (89) (5) (96) (94) (36) (10) (38) (29) (84) (24) (74) (19) (49) (60) (50) (81) (95) (16) 
21 (64) (50) (30) (51) (21) (12) (15) (23) (35) (76) (17) (68) (14) (61) (62) (9) (47) (99) (94) (96) (39) (92) (100) (18) (5) (48) (2) (84) (31) (66) (97) (43) (24) (54) (25) (6) (73) (20) (53) (77) (1) (90) (56) (46) (93) (85) (27) (67) (83) (59) (88) (36) (80 11) 
22 (88) (31) (45) (41) (51) (18) (74) (40) (62) (98) (46) (66) (61) (53) (59) (100) (32) (16) (37) (49) (83) (33) (29) (1) (89) (23) (44) (26) (38) (99) (24) (20) (34) (3) (42) (65) (79) (8) (82) (92) (68) (56) (28) (90) 
23 (43) (69) (11) (82) (60) (16) (59) (64) (53) (30) (33) (71) (47) (32) (80) (100) (13) (92) (78) (12) (68) (72) (57) (70) (36) (76) (4) (86) (83) (25) (62) (21) (77) (50) (35) (74) (98) (75) (89) (19) (54) (65) (23) (15) (99) (42) (9) (81) (38) (2) (51) (93) (5) 
24 (40) (21) (66) (37) (93) (88) (8) (19) (59) (42) (22) (86) (76) (69) (97) (77) (87) (54) (53) (75) (63) (1) (89) (82) (81) (30) (99) (52) (83) (68) (13) (96) (34) (50) (56) (16) (7) (78) (38) (100) (51) (79) (80) (98) (58) (55) (31) (67) (41) (14) (57) (71) (60 32) (11) (23 91) (45) 
25 (43) (83) (7) (24) (52) (6) (37) (55) (4) (9) (32) (33) (28) (59) (49) (73) (3) (91) (96) (15) (60) (1) (5) (23) (85) (29) (61) (69) (97) (18) (65) (25) (27) (38) (19) (10) (20) (12) (84) (98) (100) (46) (92) (63) (74) (68) (70) (40) (47) (30) 
26 (98) (92) (83) (69) (53) (1) (42) (82) (54) (56) (96) (65) (75) (73) (26) (81) (30) (78) (7) (61) (87) (4) (77) (20) (29) (72) (88) (18) (36) (12) (62) (2) (8) (99) (44) (85) (35) (60) (59) (63) (46) (49) (55) (94) (58) (3) (57) (45) (95) (9) (27) 
27 (8) (50) (38) (82) (68) (89) (51) (59) (40) (94) (98) (37) (27) (21) (43) (31) (99) (52) (83) (41) (19) (42) (97) (16) (64) (9) (57) (95) (28) (71) (14) (69) (30) (35) (5) (47) (53) (3) 
28 (39) (87) (9) (16) (91) (70) (40) (86) (44) (15) (12) (22) (71) (72) (100) (77) (61) (56) (50) (53) (8) (76) (85) (18) (14) (78) (10) (75) (81) (95) (23) (46) (20) (58) (62) (83) (49) (54) (31) (5) (33) (45) (59) (11) (69) (64) (27) (21) (2) 
29 (90) (77) (66) (22) (56) (51) (89) (15) (37) (41) (64) (93) (33) (4) (55) (68) (45) (54) (98) (80) (1) (52) (31) (46) (2) (6) (82) (100) (7) (14) (38) (35) (61) (58) (47) (18) (96) (21) (63) (92) (29) (99) 
30 (56) (68) (29) (67) (33) (86) (58) (90) (89) (92) (47) (84) (36) (40) (74) (20) (93) (27) (79) (53) (87) (83) (1) (77) (42) (48) (45) (99) (54) (73) (8) (16) (66) (25) (78) (39) (97) (41) (76) (64) (80) (65) (46) (19) (4) (59) (96) (61) (75) (38) (5) 
31 (46) (24) (23) (9) (15) (14) (35) (55) (76) (25) (11) (57) (19) (16) (71) (70) (90) (2) (26) (93) (100) (66) (12) (41) (64) (44) (58) (99) (69) (36) (59) (48) (7) (42) (60) (53) (56) (54) (20) (86) (97) (52) (98) (77) (45) (84) 
32 (37) (24) (98) (72) (17) (36) (39) (57) (85) (25) (5) (7) (49) (28) (42) (64) (23) (40) (2) (73) (29) (76) (61) (75) (84) (90) (70) (92) (82) (44) (89) (27) (94) (81) (18) (77) (50) (66) (8) (45) (43) (31) (15) (3) (100) (69) (63) (96) (26) (41) (48) (14) 
33 (53) (47) (88) (83) (26) (39) (59) (3) (78) (21) (13) (19) (70) (18) (30) (73) (69) (8) (60) (38) (17) (85) (40) (12) (55) (5) (81) (36) (68) (80) (62) (22) (28) (64) (52) (95) (66) (72) (10) (27) (90) (97) (63) (34) (35) (74) (42) (11) 
34 (100) (85) (98) (9) (12) (92) (8) (10) (16) (11) (17) (48) (13) (71) (74) (7) (15) (90) (54) (6) (77) (20) (40) (19) (84) (60) (24) (53) (80) (75) (68) (55) (88) (23) (99) (34) (39) (58) (66) (42) (70) (78) (94) (44) (30) (14) (62) (82) (67) 
35 (14) (27) (34) (83) (78) (30) (79) (66) (40) (77) (26) (46) (39) (23) (73) (32) (51) (4) (29) (5) (10) (49) (85) (38) (94) (19) (59) (47) (11) (53) (91) (24) (75) (33) (15) (36) (95) (87) (31) (3) (42) (45) (21) (7) 
36 (42) (80) (35) (56) (98) (23) (18) (90) (73) (22) (76) (4) (15) (99) (28) (91) (63) (20) (77) (72) (40) (24) (50) (32) (45) (93) (39) (82) (19) (11) (3) (79) (95) (26) (65) (62) (81) (48) (64) (89) (100) (55) (33) (8) (85) (7) (47) (12) (14) (17) 
37 (65) (46) (15) (85) (49) (91) (51) (9) (44) (33) (18) (27) (64) (95) (22) (57) (82) (47) (89) (79) (70) (13) (86) (73) (90) (43) (74) (3) (67) (66) (76) (61) (7) (40) (5) (100) (38) (48) (63) (35) (77) (29) (87) (39) (72) (14) (69) (45) 
38 (27) (76) (9) (1) (98) (68) (75) (21) (49) (17) (62) (96) (88) (78) (22) (3) (14) (30) (46) (83) (80) (43) (13) (63) (42) (15) (31) (87) (28) (99) (4) (51) (37) (79) (7) (60) (90) (33) (35) (6) (84) (58) (97) (5) (86) (54) (16) (8) (11) (69) (44) (50) (36) 
39 (16) (24) (77) (73) (17) (70) (23) (86) (43) (59) (69) (44) (7) (79) (40) (32) (29) (33) (45) (38) (68) (64) (67) (65) (8) (96) (14) (48) (99) (85) (4) (50) (84) (52) (94) (19) (55) (75) (74) (6) (97) (93) (56) (18) (10) (30) (63) (62) (9) 
40 (80) (36) (33) (70) (67) (32) (55) (89) (79) (3) (4) (98) (10) (83) (99) (92) (49) (84) (19) (13) (20) (62) (44) (26) (91) (5) (90) (68) (57) (16) (1) (51) (95) (45) (21) (97) (34) (64) (73) (71) (18) (52) (75) (8) (69) (39) (56) (66) (15) (23) (50) (72) 
41 (18) (90) (92) (13) (65) (76) (40) (50) (3) (38) (86) (70) (17) (62) (7) (27) (48) (36) (71) (99) (11) (47) (52) (46) (68) (79) (16) (88) (77) (81) (12) (33) (53) (4) (58) (51) (26) (31) (66) (54) (63) (85) (22) 
42 (90) (52) (79) (41) (67) (49) (26) (65) (43) (36) (37) (75) (59) (25) (10) (51) (98) (82) (11) (32) (68) (24) (89) (86) (1) (70) (7) (14) (55) (64) (85) (50) (76) (12) (84) (95) (5) (57) (96) (88) (81) (74) (61) (39) (100) (18) (69) (53) (21) (72) (44) (6) (83) (38) (92) (87) 
43 (28) (48) (99) (84) (87) (63) (9) (83) (35) (16) (47) (64) (24) (86) (36) (94) (39) (19) (40) (21) (15) (51) (45) (52) (27) (29) (96) (2) (23) (80) (81) (90) (74) (34) (32) (25) (5) (75) (50) (37) (91) (57) (61) (42) (73) (12) (6) (68) (10) (30) 
44 (6) (18) (32) (60) (47) (78) (97) (69) (5) (95) (37) (99) (88) (91) (96) (23) (1) (58) (36) (61) (31) (40) (89) (45) (28) (81) (11) (59) (63) (25) (55) (54) (68) (76) (46) (80) (74) (48) (42) (43) (50) (53) (86) (22) (51) (12) (3) (84) (9) (72) (79) (2) (70) (7) (75) (34 66) (10) (29) (83 30) 
45 (80) (95) (11) (35) (21) (46) (64) (45) (61) (51) (47) (63) (9) (8) (58) (73) (42) (1) (53) (82) (25) (5) (27) (23) (30) (37) (89) (78) (20) (50) (69) (55) (65) (26) (38) (31) (39) (6) (36) (85) (97) (49) (29) (43) (32) (40) (3) 
46 (33) (93) (73) (29) (45) (98) (59) (12) (38) (84) (91) (22) (63) (27) (24) (76) (30) (100) (75) (13) (53) (1) (88) (97) (72) (9) (14) (61) (56) (21) (74) (28) (87) (83) (64) (26) (54) (15) (2) (31) (41) (82) (51) (48) (62) (78) (40) 
47 (16) (42) (94) (70) (59) (67) (10) (18) (3) (72) (77) (37) (22) (31) (26) (28) (32) (9) (44) (60) (14) (11) (49) (75) (56) (88) (69) (41) (61) (51) (12) (46) (79) (66) (4) (90) (78) (68) (81) (63) (54) (39) (82) (96) (71) (23) (17) 
48 (38) (29) (64) (13) (6) (90) (47) (62) (84) (91) (100) (88) (71) (31) (85) (24) (34) (17) (9) (50) (89) (43) (98) (70) (68) (20) (8) (56) (3) (36) (27) (40) (69) (19) (18) (37) (61) (49) (26) (63) (39) (10) (58) (55) (51) 
49 (55) (99) (61) (43) (93) (87) (74) (98) (22) (40) (50) (35) (77) (41) (47) (84) (75) (95) (80) (23) (15) (81) (54) (44) (32) (72) (70) (90) (36) (30) (60) (28) (38) (67) (96) (58) (69) (25) (89) (33) (63) (64) (1) (34) (83) (14) 
50 (36) (91) (59) (31) (60) (98) (5) (4) (48) (35) (32) (92) (82) (97) (57) (6) (12) (50) (73) (86) (80) (61) (33) (79) (45) (85) (16) (43) (65) (66) (71) (52) (69) (40) (56) (2) (67) (38) (46) (100) (20) (90) (8) (58) (29) (18) (21) (9) (44) (87) (10) (37) (77) (23) 
51 (56) (36) (99) (97) (45) (28) (35) (48) (86) (53) (46) (76) (22) (54) (52) (44) (65) (60) (4) (59) (84) (7) (29) (66) (6) (57) (18) (74) (38) (15) (27) (41) (83) (39) (82) (96) (40) (16) (19) (90) (61) (33) (85) 
52 (30) (38) (3) (25) (71) (48) (35) (88) (32) (53) (55) (43) (2) (47) (95) (41) (69) (77) (28) (97) (76) (72) (34) (23) (96) (26) (87) (14) (11) (82) (78) (37) (54) (57) (27) (84) (65) (68) (44) (46) (15) (94) (8) (24) (90) (21) (91) (83) (49) (93) (36) (86) (60) 
53 (13) (64) (20) (1) (17) (73) (47) (53) (100) (31) (89) (30) (61) (38) (29) (70) (16) (68) (77) (19) (14) (50) (7) (76) (87) (40) (22) (49) (41) (23) (6) (46) (92) (56) (26) (93) (54) (5) (65) (85) (79) (15) (10) (34) (11) (43) (91) (8) (60) (24) (12) 
54 (100) (60) (25) (42) (49) (23) (74) (70) (24) (87) (35) (62) (21) (69) (16) (38) (22) (94) (84) (99) (55) (48) (85) (6) (11) (2) (79) (46) (19) (41) (72) (81) (64) (1) (51) (15) (75) (67) (93) (76) (88) (31) (65) (13) (27) (14) (43) (63) (37) (36) (92) (71) 
55 (55) (58) (15) (25) (34) (49) (19) (56) (40) (83) (46) (41) (87) (3) (2) (73) (22) (11) (27) (48) (26) (78) (70) (96) (38) (99) (13) (50) (51) (62) (92) (86) (63) (29) (44) (64) (9) (5) (43) (14) (85) (60) (53) (36) (97) (35) (76) (20) 
56 (81) (18) (12) (64) (26) (65) (14) (48) (2) (42) (46) (84) (44) (77) (17) (20) (4) (75) (70) (28) (13) (83) (60) (56) (30) (15) (8) (49) (41) (19) (36) (78) (96) (5) (63) (11) (85) (87) (80) (21) (86) (76) (50) (10) (6) (23) (55) (98) (51) (71) 
57 (17) (91) (5) (6) (77) (31) (61) (83) (94) (25) (1) (74) (16) (18) (27) (23) (4) (92) (60) (35) (75) (13) (36) (40) (64) (86) (32) (66) (26) (68) (48) (2) (65) (46) (39) (84) (67) (69) (99) (38) (71) (93) (9) (89) (80) (24) (85) (62) (29) 
58 (18) (95) (84) (12) (13) (40) (1) (75) (64) (21) (7) (11) (6) (9) (88) (28) (20) (25) (60) (71) (96) (46) (83) (3) (80) (37) (54) (30) (2) (43) (79) (38) (94) (50) (10) (44) (62) (76) (81) (92) (8) (56) (97) (24) (31) (78) (34) (74) (5) (55) (49) (68) (73) (59) (66) (16) 
59 (31) (86) (89) (52) (88) (47) (48) (66) (77) (45) (8) (15) (41) (44) (39) (25) (38) (37) (7) (63) (14) (61) (16) (3) (43) (67) (95) (68) (82) (13) (59) (19) (87) (26) (80) (1) (21) (4) (91) (93) (90) (76) (92) (75) (94) (83) (29) (97) 
60 (32) (87) (84) (1) (40) (64) (88) (26) (13) (97) (47) (31) (25) (7) (90) (12) (21) (24) (67) (69) (57) (39) (68) (96) (71) (73) (46) (77) (54) (29) (3) (91) (2) (76) (14) (37) (48) (79) (80) (89) (38) (28) (6) (22) (61) (11) (99) (94) (98) (30) 
61 (81) (80) (69) (38) (5) (49) (17) (46) (60) (73) (32) (59) (7) (71) (86) (34) (56) (11) (30) (12) (22) (55) (35) (24) (97) (33) (1) (15) (52) (67) (100) (14) (64) (84) (13) (2) (89) (96) (79) (94) (44) (78) (21) (83) (57) (27) (6) (26) (68) (50) 
62 (15) (21) (48) (1) (93) (3) (24) (87) (98) (97) (61) (95) (67) (10) (82) (6) (88) (72) (50) (78) (25) (30) (44) (69) (35) (74) (37) (45) (13) (4) (54) (56) (75) (65) (20) (57) (85) (84) (52) (73) (31) (91) (60) (17) (22) (23) (18) (46) (83) (100) (64) (14) (27) (12) (79) (63) (26) (96) (28) 
63 (88) (2) (71) (84) (60) (47) (7) (5) (39) (1) (8) (75) (59) (30) (68) (100) (87) (73) (67) (27) (35) (32) (97) (74) (37) (22) (38) (95) (82) (70) (56) (78) (4) (24) (19) (49) (90) (18) (76) (65) (92) (11) 
64 (100) (57) (40) (71) (96) (42) (41) (12) (6) (22) (15) (56) (76) (74) (52) (55) (28) (1) (86) (98) (94) (25) (8) (93) (69) (78) (97) (31) (99) (63) (87) (23) (54) (44) (33) (91) (83) (95) (29) (38) (72) (19) (16) (2) (34) (26) (84) (80) (32) 
65 (24) (77) (96) (69) (22) (14) (88) (28) (79) (86) (67) (7) (29) (37) (93) (90) (40) (91) (27) (95) (23) (33) (51) (80) (98) (34) (73) (61) (5) (45) (72) (58) (84) (56) (63) (25) (59) (4) (82) (41) (65) (57) (12) (54) 
66 (80) (74) (28) (44) (27) (81) (76) (60) (25) (86) (3) (33) (1) (19) (72) (63) (97) (10) (61) (9) (51) (53) (31) (30) (29) (98) (55) (12) (93) (88) (73) (66) (71) (67) (16) (5) (84) (20) (69) (15) (4) (59) (57) (100) (47) (46) (41) (68) (45) (82) (96) (49) (37) (18) (87) (38) (70) (39) (11) 
67 (30) (5) (40) (17) (57) (99) (56) (87) (21) (38) (8) (23) (60) (67) (36) (26) (3) (25) (35) (24) (1) (85) (11) (79) (33) (88) (70) (98) (52) (64) (45) (15) (41) (96) (20) (92) (93) (34) (14) (48) (72) (50) (31) (43) (89) (12) (55) (86) (28) (84) (44) (4) (61) (63) (10) (91) (51) (16) (83 53) (32 71) 
68 (67) (91) (55) (26) (43) (27) (17) (70) (95) (8) (35) (12) (69) (36) (39) (72) (81) (90) (19) (9) (62) (57) (37) (100) (98) (99) (16) (6) (33) (94) (85) (60) (38) (74) (50) (14) (42) (7) (89) (48) (61) (51) (10) (28) (87) (58) 
69 (29) (18) (93) (70) (24) (9) (94) (59) (34) (50) (91) (99) (90) (45) (85) (10) (81) (87) (44) (39) (63) (11) (78) (23) (22) (48) (88) (15) (1) (38) (72) (4) (95) (41) (6) (67) (7) (57) (27) (86) (46) (26) 
70 (17) (72) (95) (85) (60) (57) (7) (86) (59) (5) (87) (47) (78) (33) (66) (11) (1) (28) (40) (22) (55) (23) (52) (98) (79) (62) (36) (97) (10) (26) (16) (92) (9) (84) (2) (8) (34) (88) (20) (50) (69) (43) (53) (37) (18) (54) (75) (6) (73) (31) (39) (61) (3) (77) (13) (94) (21) (14) 
71 (79) (48) (74) (47) (96) (59) (51) (89) (66) (50) (44) (26) (20) (86) (64) (35) (100) (76) (21) (18) (54) (53) (25) (52) (84) (23) (80) (65) (13) (70) (56) (94) (57) (73) (85) (17) (78) (60) (45) (39) (32) (69) (6) (55) (63) 
72 (31) (15) (33) (82) (2) (44) (26) (56) (62) (17) (85) (5) (86) (76) (46) (4) (92) (67) (1) (64) (77) (55) (9) (53) (97) (24) (47) (54) (41) (83) (87) (22) (38) (23) (81) (10) (34) (11) (78) (88) (37) (35) (80) (16) (94) (40) (63) (69) (79) 
73 (44) (94) (19) (38) (10) (13) (17) (30) (9) (98) (65) (57) (25) (6) (58) (73) (59) (50) (45) (15) (70) (20) (8) (12) (11) (90) (14) (42) (24) (62) (91) (64) (86) (99) (75) (2) (95) (87) (77) (43) (31) (3) (66) (56) (47) (5) (88) (74) (83) (27) (51) (85) (97) (29) 
74 (21) (68) (9) (32) (84) (76) (6) (37) (1) (45) (28) (17) (20) (25) (14) (59) (7) (41) (57) (60) (26) (15) (70) (87) (64) (94) (97) (79) (67) (22) (36) (50) (78) (69) (4) (82) (29) (88) (44) (95) (19) (51) (100) (35) (99) (5) (61) 
75 (91) (43) (50) (23) (11) (87) (80) (86) (67) (69) (2) (45) (78) (61) (44) (60) (74) (95) (97) (98) (92) (75) (5) (40) (24) (1) (42) (53) (77) (12) (39) (32) (85) (31) (88) (16) (26) (90) (81) (56) (94) (38) (73) (41) (84) (6) (34) (49) (59) (17) (25) (28) (99) 
76 (45) (9) (28) (84) (55) (89) (31) (36) (1) (86) (29) (11) (75) (64) (40) (19) (21) (79) (70) (42) (24) (25) (50) (60) (18) (67) (13) (92) (34) (81) (3) (68) (7) (77) (61) (6) (17) (73) (65) (39) (91) (95) (20) (4) (82) (52) (37) (90) 
77 (17) (63) (43) (22) (47) (66) (38) (15) (76) (82) (1) (25) (54) (95) (71) (97) (60) (84) (10) (29) (65) (19) (62) (44) (83) (68) (40) (23) (69) (35) (45) (99) (89) (12) (18) (33) (6) (100) (79) (59) (57) (98) (94) (75) (32) (64) (80) (20) (86) (72) (9) (53) 
78 (98) (90) (11) (17) (29) (99) (93) (45) (7) (63) (56) (34) (60) (3) (23) (71) (97) (59) (96) (86) (75) (18) (50) (87) (40) (27) (53) (100) (47) (73) (68) (9) (82) (39) (2) (88) (33) (92) (14) (58) (55) (64) (44) (74) (81) 
79 (3) (12) (59) (63) (75) (76) (29) (19) (98) (74) (8) (6) (4) (16) (5) (99) (10) (55) (85) (89) (22) (97) (82) (80) (47) (21) (45) (34) (50) (67) (40) (68) (1) (81) (39) (78) (17) (14) (87) (73) (42) (58) (56) (96) (84) (38) (20) (32) (25) (64) (54) (90) (30) (70) (48) 
80 (92) (95) (40) (34) (2) (6) (83) (93) (3) (54) (78) (55) (61) (41) (14) (97) (62) (36) (5) (79) (4) (22) (50) (9) (74) (85) (33) (21) (28) (18) (20) (66) (59) (38) (69) (45) (10) (100) 
81 (83) (74) (30) (92) (46) (99) (8) (59) (38) (41) (77) (24) (47) (61) (23) (6) (58) (14) (49) (88) (29) (20) (1) (51) (68) (16) (43) (48) (90) (4) (73) (89) (54) (57) (82) (39) (37) (76) (62) (11) (67) (28) (96) (36) (17) (64) (44) (15) (7) (25) (35) (91) (2) (56) 
82 (35) (66) (13) (26) (84) (57) (50) (60) (72) (62) (11) (24) (19) (70) (17) (41) (79) (47) (5) (73) (94) (25) (81) (58) (76) (86) (77) (46) (2) (49) (21) (65) (96) (31) (59) (64) (33) (75) (55) (27) (36) (15) (53) (32) (42) (8) (7) 
83 (58) (78) (32) (8) (53) (2) (18) (12) (71) (89) (51) (73) (20) (13) (46) (87) (65) (91) (48) (27) (75) (83) (42) (26) (9) (39) (15) (88) (84) (11) (96) (70) (28) (68) (79) (22) (67) (97) (86) (59) (3) (81) (1) (40) 
84 (84) (66) (8) (28) (31) (54) (52) (91) (24) (33) (30) (83) (56) (82) (61) (38) (6) (57) (7) (94) (36) (67) (19) (74) (62) (18) (88) (25) (32) (68) (98) (79) (14) (72) (45) (58) (55) (78) (60) (99) (42) (3) (39) (13) (65) (50) (76) (16) 
85 (47) (2) (49) (5) (26) (76) (30) (62) (99) (59) (48) (91) (54) (50) (31) (21) (18) (28) (37) (74) (95) (63) (42) (29) (32) (82) (61) (77) (87) (46) (10) (6) (79) (16) (69) (23) (13) (96) (11) (78) (73) (81) (7) (80) 
86 (21) (46) (73) (7) (15) (83) (49) (29) (88) (30) (9) (84) (96) (34) (44) (20) (72) (91) (82) (5) (3) (76) (37) (52) (80) (28) (38) (10) (95) (14) (35) (4) (58) (90) (94) (45) (85) (54) (60) (31) (41) (56) (53) 
87 (19) (20) (14) (7) (13) (3) (65) (25) (63) (84) (39) (62) (15) (75) (53) (45) (37) (23) (93) (67) (52) (73) (42) (2) (58) (56) (31) (100) (74) (34) (96) (35) (82) (17) (11) (64) (9) (60) (8) (89) (27) (98) (72) (10) (41) (43) (91) (22) (49) 
88 (74) (51) (97) (86) (26) (64) (99) (57) (50) (23) (92) (34) (37) (75) (30) (81) (84) (11) (32) (20) (91) (83) (2) (78) (69) (77) (82) (7) (85) (98) (93) (63) (58) (73) (10) (45) (35) (6) (1) (18) (27) (87) (24) (12) (70) (40) (21) (67) (9) (71) (48) 
89 (90) (38) (48) (84) (23) (62) (66) (34) (16) (35) (75) (8) (65) (3) (21) (74) (52) (31) (68) (81) (17) (64) (57) (39) (99) (10) (29) (96) (69) (32) (55) (46) (51) (26) (37) (100) (5) (70) (2) (82) (63) (59) (87) 
90 (74) (12) (40) (37) (7) (36) (91) (73) (39) (79) (61) (76) (3) (94) (62) (85) (80) (4) (32) (13) (65) (21) (88) (64) (92) (52) (42) (30) (28) (89) (55) (23) (67) (97) (99) (98) (16) (8) (49) (71) (69) (95) (20) (81) (93) (26) (17) (44) (53) (35) 
91 (87) (62) (52) (23) (44) (19) (9) (31) (24) (73) (61) (82) (63) (70) (25) (81) (54) (46) (35) (47) (21) (10) (59) (41) (55) (14) (18) (7) (50) (51) (17) (30) (28) (37) (53) (57) (77) (12) (71) (84) (26) (75) (78) (96) (97) (20) (74) (38) (90) (95) (98) (76) (2) (93) 
92 (20) (77) (42) (61) (94) (68) (8) (51) (9) (30) (47) (85) (17) (10) (56) (100) (46) (4) (79) (48) (75) (44) (32) (36) (24) (11) (93) (84) (33) (45) (66) (65) (52) (34) (57) (22) (83) (96) (97) (16) (98) (95) (64) (15) (82) (69) (55) (43) (58) 
93 (53) (98) (26) (7) (57) (39) (70) (73) (1) (83) (76) (78) (20) (67) (28) (29) (82) (38) (35) (60) (95) (8) (3) (15) (81) (64) (91) (54) (63) (5) (18) (86) (49) (43) (4) (6) (68) 
94 (55) (3) (98) (69) (73) (88) (66) (40) (56) (78) (31) (2) (6) (23) (22) (96) (53) (18) (54) (10) (76) (44) (51) (85) (99) (68) (35) (16) (27) (49) (28) (14) (34) (79) (5) (11) (97) (70) (59) (62) (92) (65) (87) (60) (42) (61) (89) (80) 
95 (75) (33) (43) (23) (44) (22) (63) (1) (32) (29) (78) (57) (68) (64) (83) (93) (6) (12) (10) (37) (73) (72) (65) (74) (4) (11) (27) (15) (98) (24) (5) (51) (48) (7) (97) (9) (59) (70) (45) (71) (25) (16) (94) (34) (40) (47) (81) (30) (18) (46) (86) (52) (66) (76) 
96 (66) (55) (89) (62) (57) (23) (9) (95) (15) (19) (71) (48) (20) (96) (3) (33) (47) (12) (60) (59) (74) (46) (61) (30) (100) (32) (53) (81) (79) (8) (76) (83) (90) (36) (37) (16) (13) (7) (2) (63) (24) (85) (41) (10) (98) (58) (5) (50) (56) (82) (38) (97) 
97 (91) (32) (5) (7) (73) (25) (99) (71) (74) (29) (62) (78) (21) (80) (52) (82) (58) (48) (53) (50) (76) (9) (87) (100) (92) (18) (84) (97) (69) (20) (64) (98) (33) (42) (12) (39) (70) (77) (43) (68) (95) (2) (26) (10) (94) (54) (17) (1) (16) (41) (27) (28) (61) (13) (8) (85) (35) (89) 
98 (20) (3) (68) (2) (61) (67) (11) (54) (1) (99) (14) (64) (90) (100) (8) (41) (32) (87) (35) (85) (25) (34) (91) (36) (57) (49) (10) (96) (19) (71) (86) (52) (24) (7) (43) (98) (21) (83) (75) (97) (51) (92) (74) (89) (65) (30) (29) (26) (80) (62) (15) 
99 (43) (53) (45) (94) (39) (1) (78) (98) (67) (82) (38) (99) (60) (51) (40) (42) (27) (33) (66) (21) (93) (44) (13) (24) (87) (31) (59) (68) (22) (62) (19) (74) (3) (18) (88) (15) (7) (91) (70) (58) (57) (36) (97) (49) (71) (5) (11) (56) (64) (73) (61) (47) (96) (75) (92) (55) 
100 (7) (74) (44) (57) (78) (18) (6) (63) (77) (27) (93) (65) (15) (85) (61) (99) (70) (62) (69) (86) (34) (59) (11) (66) (49) (76) (73) (95) (31) (53) (92) (50) (88) (75) (81) (89) (37) (79) (67) (24) (26) (90) (47) (8) (5) (29) (60) (91) (21) (46) (14) (41) (83) (33) 
