0
100
100
1 (15) (69) (66 92 62 90 43 2 26) (96) (59 100 51 5) (99 25 71 16 36) (93 98 22 58 89 11 1 72 41) (48 30 21 14 18) (79) (87) (65) (6 3) (33) (52 70) (20 35) (39) (61 64) (27 83 19) (45) (54) (9) (24 81 57) (4) (85) (49) (74) 
2 (69 91 84 12) (56 79) (50) (24 63 57 10 97 23 33) (2) (6 38) (83 55 11) (17 81) (3 40 68 20 4) (67 26 75 73 22) (36) (43 49 64 18 16 66 90) (65) (52) (95 31) (44) (93 29 60 94 85) (74) (30) (92 62 89) (54) (19 27) (41) 
3 (70 37) (60 12 35 98) (76 40) (57 1 4) (28 81 30) (41) (22 94 88) (61 74 9 36 5 34) (62 90) (7) (50 46) (15 58 6 49) (68 11 73 75 47 89 26 3 79) (13 25) (97 29 93 16 71 23) (65) (82 19 80) (54 8) (53 14 42 66 2 83) (59) 
4 (97) (67) (78 56 68) (47) (4 93) (85 74 69) (3 46 50) (42 82) (25 75) (6) (99 55 43 98) (87 20 18 70 100 83) (54) (96) (72) (7 15) (95) (22) (32 90) (31 88 79 66 76) (33) (73 19 62 9) (84) (29 5 59) (13) (27 39 34 92) (61 51 8 94) (38 35 12 57 36) 
5 (43 99 79 75) (56) (9) (71) (42 54) (66) (13) (30) (93 97 47) (45 84) (87 28) (72 36) (25) (92) (19 35 27 52 76 10 16 44 15 33 18) (55 17) (21 58 64) (24) (57) (49 32 23) (7 6) (34 53 40 63 26 85 65 69) (62) (77 3 5 14) (38) 
6 (41) (17 38 35) (33 6) (31 37) (59 91) (71 98 63 19) (29) (3 67 56 60 87 51 26 16 77 83 18 1 99 47) (49 8) (95 81) (15) (34 55 88 72 75) (62 40) (90) (43) (12) (65 20 4 68 2 28) (84) (9) (94) (32) (78 86 44) 
7 (19) (13 30 67) (25) (69) (8 46 60 72) (89 31 52 4 51 12) (71 95) (23 76) (97) (92 68 40 34) (88) (90 36 63) (47 82) (65) (42 24) (49) (39) (3 79 6 29 7) (22) (41) (64) (17) (37) (93) (33 27 1) (48 62) (84) (45) (75) (98 91) 
8 (97) (6 1 3 84 92 44 39) (58) (98) (36) (19) (50) (25) (30 100 9) (40 65) (85) (27) (51 4 88) (31 68 8) (46 80 74) (2 71) (89 35 91) (90 48) (28 64) (73 99 5) (61 13 15) (33) (14) (21 54 77 56 16 12 82 86) (10 79) 
9 (53 3) (71) (99 18 4 64) (56 49 23 92) (7 93 5 58) (27 87) (85) (13 60 77 22 90) (72) (36) (14) (10 78) (84 45 98) (80 96 31 70 55 65 54) (1 59 35) (50) (26) (8 9 97) (11) (76 28 30 57) (94 69) (25 46) (19) (43) (81 68) 
10 (51 41 97 80) (26) (47) (90) (56 28 64) (82 96) (10) (57 85 84 30) (31) (92 88) (1) (43) (67 62 2 61) (65) (21 16 77 87 40) (71 27 14 95) (44 74) (19 70 11) (34 36 100 52 17 89 48) (12) (39) (18) (45) (68 86 29) (78 83 24) (99 75 73) (49) 
11 (97) (83) (100 8 40 7) (46 63 15) (78) (25 60 50 53) (98 58) (23 38) (17) (49 73) (54 82 30 22) (87) (74 66 95) (81) (62 16 72 10) (27) (24 92) (29 52 75 61 77 84 89 99) (80 94) (32) (91) (76 19 64) (79 71 34 37 12) (65 18) (48 45) (67 55) (51 39 3 59) 
12 (21 14 65) (50 36) (28 44 64 38) (1 43 71) (5 86 13 6) (16 29 67 12) (99 53) (45 27 90 9) (26) (69) (85 41 95 62) (76 30) (11) (84 80) (20) (19) (33 32) (82 61 34 100) (8 25) (42) (79 52 70) (55 47 49) (91 72 3) 
13 (85 48 91) (57) (30 69 6) (10 76) (90 25) (4) (63) (87 51 13 37) (1 67) (11) (97 73 74 88 44 42 19 28 45 50) (98) (5) (96 12 56 55 9) (31 49 64) (35 72 36) (39 46) (52) (20) (7) (71) (54) (2 65 47 29 100) (80 14) (59) (53 66 62 83 23) (18 70) 
14 (7 62) (86 57 73 19) (93) (21) (11 78 65) (10 92 3) (47 46 18) (100 37) (70 39 44 77 76) (36) (68 72) (29 22) (95 66) (26) (2 74 75 41 48 58 40 6 20 63) (1) (31 55 96 13) (5 79 4 14) (32) (33 97) (71) (34) (90 9) (38) 
15 (75 5) (38) (7) (48 46) (60) (67) (95 64 65 26 40 15 4) (92 97) (50 28 57) (9 24) (79) (45) (83 32) (98 72) (29) (80) (55) (13 100) (10) (16 8) (51 82) (3) (84) (20) (52 12 35) (90) (1 61) (41 54 53) (59 36 76 74 88 58) (27) (14) (69) 
16 (54 35) (83 63 87 25 49) (90) (93 46) (55 74 22) (52 23 70) (40 33) (14) (56) (65) (57 21 11) (50 97) (58 60) (99 48 94 91) (6 27 76 100 89 43 41 34 82) (9 37) (24 42 20) (29) (88) 
17 (36 8 90) (94 6 23 67) (71 33 38) (75 48) (15) (42) (16 65 95 47 28) (87 26) (9 56 41 79) (24 83 14 32) (57 82 39 63) (51 74 60) (52) (78) (98 61 64 58 35 84) (10) (34) (44) (77 18 72) (2) (99 59 1) (17 80 73) (11 49) 
18 (57 98 25 27 84 54 46 35 96) (82 73) (36 69 5 83 61 12 92 49 94) (56 11 4) (62 88) (81 28 43 23 89 19 90) (2 48) (30 32 67 47 93) (53) (37 21) (22) (13) (44 79 8) (86 100) (16) (6 91) (17 51 80 68 38) (65) (64) 
19 (65 7 1 40 57) (82) (90 33) (80) (5) (36) (25) (41 20) (96 81) (75 56 24 52) (93) (46) (71) (37 85 32) (59 16 19 86 98) (2 22 23 8 99) (73) (77 48 67 49) (79) (54) (100) (10 35) 
20 (3) (92 73 23 33) (7 4 96 10 72 53 97 67 61 100 66) (64 87 11 16) (98 2 42 65) (52 35 15) (77 6) (76) (95) (54 71 58 5) (22 1 79 47 82 93 40) (88 20) (59) (69) (38 91 48) (21 55) (49 75) (28 17) (70) (62 14) 
21 (71) (15) (23) (99 89) (28 38 24 70 14 78) (58 32) (3) (7) (45) (77 73) (49 50) (74 26 98) (8 75 51 40) (21 90 41) (68 64 86 97) (57) (56 69) (83 25 80 61) (96 66 47) (100 85 39) (22) (95) (67) (9 10 5) (37 88 17) (53 60 65) 
22 (3) (78) (1 38 83 45 36) (28) (8) (89) (39 61) (80 31 34) (41 96 15 77 69 87 85) (66) (5 67) (52 62) (20 56) (74 93 49) (25 92 100 13 70) (7 79 33 14 72) (11 84 97 68 99 26) (59) (86) (71) (24 9) (12) (82 98) (81 10) (35 46 53) 
23 (8 81) (84 35 11 92 65 26) (78 18 38) (45 83) (16 76 59 40 60) (95) (27 96 68 25) (62 54) (13 69 36 12 23) (46 58) (51 28 2) (89 6) (17 88 80 85 31 52) (22) (98 70 43) (55 91 10 100) (9) (79 63 21 4 74 5 42 39) 
24 (65) (84) (38) (78 42) (11 97) (56 63) (60 49 2 8) (28 1) (96 4) (17 53 19 46) (15) (83 24) (68 40 64 54) (99 3 31 52) (87 26 47) (23) (10 94 85 77) (45) (82) (34 72 73 91 37) (100) (89) (79) (44 43) (22 51 9 12 36 58) (20) 
25 (30 14 24 72 69 2) (19 81 89 41 1 12) (42) (94 79) (90 10 7 61 43 18) (36) (84 60 57 86 74 34 91 64) (3 46) (53 5 9 35 66) (47) (4 23) (27 28) (20) (75 93 45 38) (76 62 68) (71) (73 51) (48) (11 40) (54) (83) 
26 (58) (38) (18 2 1 29 97) (5 95) (72 24) (27 100) (59) (76) (35) (21 30 93) (32 73 23) (55 61) (99 3) (54) (19) (47) (34) (53) (28) (88) (50 4) (98) (70 7 36) (42) (52 39) (67 80 71 60) (46 92 22) (25 44) (17) 
27 (38) (83) (19) (11 14 73) (81 45) (41) (28) (84) (87 58 1 68) (18) (24) (5 17) (46 76 60) (97 86) (77 8) (13) (40) (16 54 23 6 72 30) (93) (92 88 78 37) (34 43) (65 63 27) (69 53 49 59 48) (33 90) (79) (52) (35) (98 62 71) (67) (51) (80) 
28 (83 49 89) (94) (69) (85 22) (67 70 44 56 100 46 51) (27) (54 71 6 29) (98 60 77 43) (25 55) (99 75 82 8 65) (50 18 57 16) (23 48 24 40 97) (63) (35 3) (90) (38 10 12 74) (59 13 73) (33 47) (28) (4) (78 58 42 53) (80) (5 86 41 64 52) 
29 (91 41 46) (79) (94 99 98) (81 22 52 55) (77 66) (15 16) (51 60 39 80) (7) (93) (18 48 37 84 19 71) (100 42) (58 34 4 20 49) (32 30) (24) (36 23 43) (61) (3) (69) (17) (10) (33 87) (92) (27 89) (85 50) (64) (74 76) (73 97 72 44) (56) 
30 (61) (69 26 41 67) (82) (77) (30) (11 86) (88 27) (3 25 74 38) (40) (54) (37 91 47 79) (6) (93 5 68) (15 95) (84 7) (57 9 58 44 21) (65 49 73) (39 83) (64 62 52 99) (36 13 32 81) (94 60 31) (100 75) (53 17 45 8) (34 78) (55 1 59 63 76 16) 
31 (6) (33) (14 41) (72) (43 77 28 61 68) (94) (9 97 3 12 87) (7 32 27) (85) (29 35) (17 57 88) (78) (4 48) (73 46 15) (38) (26 60 92 56 49 63 65) (5 25 16) (71 30) (42 95) (59 36) (98 37) (53) (40 99 21 47 84 67 76 11) 
32 (49) (73 38) (82 70) (47) (35 53 75 95 11 86) (65 4 96 34) (36 87 21 18) (60 91 23 81 51 6 55) (88) (68) (37 69) (12) (64 8 24 3) (83 61 44) (100) (22 79 85 71 66) (40 89 57 99 25) (27) (76 43 39 72) (29 54 32 63) (92 30) (84) (67 33) 
33 (57 25 14 53) (46 39) (48 36 38 51 78 13) (2) (97 79) (63) (71) (81 24 69 88) (1) (30 11 73) (98 6 45 68 93 37) (82) (32) (15 75 23 95) (18) (9 19 40) (65 10) (27 66 56 87) (92) 
34 (42 53 56 22 85 6) (55) (83 2) (28 47 30 29 63 95 5) (48) (92) (59) (25) (54 17) (4) (64) (18) (50 60) (51 15) (49 36 100) (52) (80 76 66) (32) (69) (79) (68 99) (44 94) (31 82) (20 90 96) (93) (40) (75) (1 67 38) 
35 (85 30 3) (51) (16) (39 62) (21 94 1 38 32 66) (70 2) (63 19) (15) (24) (75 17 34) (9) (59 74 58) (27 86 41) (18 23 8 28 89) (10 56) (31 67) (95) (69 87) (33) (42 93) (5) (81 36) (7) (57) (52 98) (6) (44 96 54) (46 72 45 68 80 12) (11) (78 77 35 29 20) 
36 (36 31) (20) (73) (4 28 30) (24) (80 38 9 86) (8) (84 61) (7 35) (10) (59) (50) (66 67 83) (95 54) (51 57 82) (5 88 74) (40) (3 71 89) (29 81 46 65) (13) (42 64 94) (75) (49 33 85) (34 27) (14 6 16 11 25) (63) (23 55) (15) (72) 
37 (97) (23 9 50) (61 5 71) (99 78) (28) (53 36) (32) (82 92 43) (6 39) (76 57 19 34) (12) (94) (90 4 40) (84 91) (2 56 96 8) (21 88) (83 65) (27 85 87 33 46) (17 11) (59 62 75 26) (41) (86 63) (35 30 37 13 77) (60) (72) 
38 (6 65) (71) (23) (9 52) (17) (16 85 54 60 69) (86 63 38 10 66 47) (36) (68 96 75) (61 32) (53 21) (8 80) (13) (56 77 26 2 1 62 25) (98 55 87 37 12) (76 5 11 82) (40 43) (29 35) (30) (49 50) (42 90) (45 4 19) (58) (93) (70 97) (84) (31 3) 
39 (18 39 68) (92) (88) (59 47) (15 29 61 8) (40 86) (97 65 44 55 83 12 99 31 34 66 77 62 87 100) (70 96 89) (57 56 17) (23 2) (52) (6 32) (10 16) (7 42 33 35) (73 95 46) (72 37 93 43) (38 36) (51) (28 20 58) (41) (80) (24) 
40 (39 69 11 27) (2 46 42 79 38 66 82) (78 83) (97) (18) (12) (88) (62 72 91) (51) (55 43) (7 34) (67) (71) (47 8 93 100 20 81) (16 56) (49 53 33) (37) (40) (61) (80 75 98 89) (32 65 24) (76) (64) (73) (94 9 77 15 6 1 35) (26 58) (45 87 95) (74) (63 57 14) (84 5 60 86) 
41 (53 16 67) (30) (48) (80 10 44 20 38 5 26) (33 36 85 6 11 12 9) (73 40 47 71) (52) (96 18) (61 88) (32) (74) (15 19) (59) (45) (46 49) (98 64) (81 63 100) (58) (17) (13) (76 78) (79) (90 89 34 65 23 37 93) (50) (92) (57 95 87 31) 
42 (73) (74) (49 1) (91 17 53 93 20 21) (11) (38 24 97) (92) (50 75) (59) (52 80) (96 45 70) (41) (89 44) (32) (27 86) (57 46 64) (82 4 76 9) (40) (67 51 83 88 36 68 60 6) (2 37 99 58) (15 55) (56) (47) (98 8 26) (28 34 35) (100) (61) (66) 
43 (81) (22) (15 65 62) (55) (68 42) (58 19 29 35 50 17) (7) (71) (77 48) (46) (47 34) (13) (82 44 11 5 10 26) (60) (40 95 37) (57 16 43 28 53 98) (92 90 59) (84 4 12 56 89 79 18) (70 45) (23) (83) (39 41 21 61 93) (97 51 74 33 49) (69 87 76) 
44 (52 4) (62 83) (35) (94) (38 69) (19) (51 57) (16) (93 8) (23 48 25 3) (31) (78) (61 7) (37 70 22) (80 44 90 32 59) (89) (14 46 58 45 43 82) (81 96 21 40 97 56 50) (1) (34 42) (76 33 54) (100 47) (30 12) (85 79) (13 60) 
45 (34 82) (75 24 88 81 61) (32 97 87 48 12) (89 14) (65 31 38 95 15) (53) (51 35 43 7 50 55 62 91 68 45 47 63 80 78 100 41 60 2) (25) (20 70 22) (58 37 42 76) (29) (92) (28) (40 49 17 18) (13 64) (36 52 77) 
46 (48) (52) (34) (10) (77 96 90 9 45 82) (80 7) (83 67 23) (11) (91) (26) (97) (76 93) (25) (16 27 70 64 53 6) (17 32 13) (55) (65 8) (36) (41) (92) (88 78 22 72 98) (1 28 33) (87 73) (85 62) (89) (84 44 4 66) (61) (14 35) (29 95) (47 75) (94 57 3 31 38 49) 
47 (87 51 52 11 94) (6 70 57 25 2 27 91 69 49 66) (14 16 88 3) (93 5) (1) (45) (44 84) (98 10 95 30) (8) (82) (43) (58) (85 40) (34) (55 19) (65 13 89) (59) (17 35 67 74 47) (68) (60 26) (42 37 33 50) (39) (56) (78) (23 62 97) 
48 (9 66 82) (13 22) (99) (15 30 5 80 55 18) (90 8 64) (48 58) (97 77 63) (72) (27 83 59) (37 100 51 40 39 61 81 10) (68 93 69 52 95 53) (49) (34 14) (75) (87) (45 29 26 74 44 85 24 36 43) (17) (54) (4) (35 32 65 31) (41 42 67 94 38) 
49 (100 6 74) (79 64 78 83 93 77 41) (1) (34 4 3) (56 18) (17) (28 50) (86 89 85 5 11) (55 48) (51) (72 7) (53 95 91 10) (76) (42 44 87) (67) (80) (45 47) (33 65) (63) (99 69 15) (43 27 40) (81 70 24 8 88 94 66 16 25 73 46) (20 37) (58) 
50 (77 7) (97) (23) (1) (75) (89 71) (2) (100) (44) (31 17 22 35 19 53) (36 73 11 20) (42) (61) (30 82 14 24) (91 69 85 13) (50 92 33) (28) (96 45 81) (51) (54 83) (86) (29 8) (60 34) (9) (57 43 5 80) (58) (48) (41 87) (10) (37 76 84 79 72 78) (90 18) (12 16 6) (63) 
51 (63 42 38 91 28 31 11 45) (32 89) (27 54) (43) (76) (22) (24 100 75) (65) (72) (93 47) (58 4) (30 92) (48) (66 12 36) (77) (59 1 84) (34) (46 7) (53) (70 20) (52 26 40 90) (25 50 10 99 33 51 80 97 41) (35) (86 56) (21 39 5) (79) (64) (67 23 8 49) 
52 (37 22 29 55 21 74) (46) (66) (60 42) (68) (38) (39 86) (95 30 19) (82) (1) (94 79) (77 15) (12) (16 41 85) (72 28 44) (99 70 89 11) (8 90) (23 14 54) (27 56) (64 48 47 63 35 43 92 10 24 53) (81) (98 87) (51) (69 84 9) (52 17 45) (100 2 61) (33 76 3 59) (71) (97 18 80) 
53 (92 71 85) (17 16) (1) (58 96 61) (12) (40) (15) (45) (37) (67 70) (68 42) (30 72) (18) (44 48 7 89 34 33 29 31 66 76 75 86) (13 32 11 55 28) (60) (78) (64 4) (93) (62 8) (24 39 2 43) (82 83) (23 63) (59 51) (65 14 6 80 81 74) (56 53) (35 99 5 73 41) 
54 (1 8) (5) (93) (4 44) (97 74 49 22) (67) (18 21 33) (86) (26) (75 38 96 81 83 56) (32) (36 58 54 10) (60 43 6 61 71 19) (39 80) (84 12 31) (88 29) (20 30 47) (28 2) (66) (55 42) (92 90) (7) (34 41 25 87) (9 94) (27) (89 52) (13) (78 24 98) (45) (68) 
55 (15 31) (43 38) (91 59 32) (63 4) (75) (2 82) (14 39) (94) (28 67) (42) (88 77) (89 3) (7 13 65) (37 5) (62 46 40) (30) (55) (1) (87) (85 76) (97 83 69 20 34 95 73) (50 10 53) (16) (64 27 12) (71 17 22) (72 100 79 25 45) (81 48) (86) 
56 (86 82) (96) (49) (45) (42) (85 9 23) (29 5 51 8 83 62 1) (65 27) (33 12) (26 6 21) (95 88 63 55) (31) (20) (57) (59) (46 39 10 18 3 56 43) (44) (50 2) (73) (70 47 94) (30 25 41) (77) (90 15 54) (36 14 28) (22 74 72 91 53 93) 
57 (16) (71 9) (83) (3) (97) (85) (98 56 95 94 92) (12 4) (87 14) (48 58) (32 21 68 26 90 61 1 28) (62 5) (17) (89 37 60 15 2 44 11) (78 34 50 49 43) (7) (39 57) (79 45) (51 13 42) (86 36 22) (77 72 64 24) (99 47 29) 
58 (65) (21 96 61 60 35) (79 27) (67) (56) (92) (71) (31 30) (28) (70 26 13) (87 80) (66) (90 91) (47) (40 75) (63) (99) (19 86) (85) (12) (53 32 41 100) (49 25 36) (88 97 64 73 62 3 15) (84 45 43) (81 98 38 95) (42 37) (7) 
59 (65 34) (30 53) (67 17 22 77 29 56 88) (59) (95) (13) (94) (99 49) (86 72) (45) (87 43 3 63) (78 9 40 44 81) (14) (84) (11 32) (50 38) (35 58 24) (10 90 47 4 41 66 85 21 19) (52 93 97 7 70) (8 20 26 31 64 79 2 39) 
60 (63) (22 70 90 30 66 12 34 99) (6) (46 92 29) (86) (76 38 97 88) (57 16) (61) (69) (15) (7 3 47) (52 31 20 71) (45 27 43 32) (18 8) (94 56) (85) (17 95 77 53) (55 73) (93 72) (37 26) (28) (39 82 78 79 44) (87 84) (19 41) (33 11) (4) 
61 (81) (17 6 43 64) (91) (86 69 35) (82 83 23 44 3 2) (75 38) (40 15) (59) (31) (93 54) (27) (92) (55) (63 84) (72 20 65) (90 51 53) (1 9) (32 47) (37 77) (61) (16 45 73) (94 39 97) (57) (7 46) (26) (70 33 56 28) 
62 (8) (41 42) (13) (97 50) (76) (43 64 46) (92 54) (78 3 45) (29) (24) (69) (48 6 85) (68) (72) (28) (82 100) (16 75) (73 98 9 5 83) (84) (4 99 65) (26) (49) (17) (39) (37 47) (36) (18) (80 11) (57 66 58 44 87 10) (89 15) (32 55) (86 61 25 30) (1 19) (56) (12 7 31) (81) 
63 (14) (46 5 62 75 86 72) (30 7 90) (2) (69) (49) (93) (16 54 51 10) (97) (22) (25 36) (20 65) (43 47 39 85) (100 45 71) (94 42 84 57) (9) (31) (88 74) (48 35 60) (83) (28 66 63 12 55) (29 26 61 4) (92 98) (27 19) (8 18) (68 38 99 6 58) 
64 (99 90 81 74 44 61) (43) (70 52) (33) (25 26) (51 32) (67 100) (72 95 92) (4 57) (6 11 15 20) (55) (30 53 18) (82) (36) (79) (97 93) (64) (94 7 91) (21 40) (63) (98) (89 68 54) (42) (65 69 49 58 13 38 71 12 41) (60) (37 5) (48) (45 84) (76) (83 17 10) 
65 (89) (15 55 68) (8) (36 59) (90 42) (10) (4 45 33 30) (2) (94 22) (58 31 98) (75 18) (28 100 60) (26) (66 39 79 88) (25) (86) (80) (40) (97) (77 17 20 21) (81 9 54 19) (34 51 82) (13) (99 91) (62) (52) (56) (93 78) (32 73) (12) (14 85) (43) (92) 
66 (78 83) (79) (63 61) (44 35) (7) (49) (75) (17 9) (57) (86 66) (3 16) (29 52 26 89) (58) (67 100) (14 71) (51 45 39 91) (25) (93) (15) (99 65) (48 11) (4 94 88) (69 31 50) (80 2) (23) (13 5) (97) (68 74) (22 37) (81) (24) (55 34 36) (6 84 8) 
67 (54 34) (31 65 76 84) (48 77) (37 40) (10 25) (100 55 89 30 11) (43 24) (70 42) (28 90 66) (87 74) (29) (5 81) (91) (67 61 96) (82 36) (15) (26) (23 32 46 97) (44) (94 64) (8 98) (62 9 14 60 6) (4 99 95 22) (83 13) 
68 (88 54 98) (95 41 78) (96 90) (4 3 99) (6 59 5 17) (47 29 12) (21 70) (100 7) (91 44 23 10 57 63) (20) (53 2 73) (94) (19) (87 56 66) (14) (40 31 49) (48) (16) (92) (79) (51 76) (9 89 36) (33) (82 72 38 71 46) (50) (58 93) (22 42) 
69 (57 18 93 16 62) (37 95 36 75 56 85) (28) (40 60) (30 68) (58 1 99 74 90 14 51 19 26) (12 39 70) (7) (65 27 54 64 96) (41 48 73 76 31) (29) (32 80) (45 22 20) (44 98) (13) (43 97 61 10) (8 25 82 79 94) (9) (78 52 35 67) (77 69) (34) (100 71 17) (5 47) 
70 (69 91) (60) (55 8) (54) (46 79 61 83 67 39 41) (90) (26 5 33 95 72) (42) (88) (51) (15 1 27) (98) (21) (29) (25) (80 19 38 53) (22) (18 66 45 14 94) (32) (16) (71) (24) (9 77 64 3 12 58 11 99) (50 23) (47 70 85 96) (10 36 87) (34 37) (92) (31 6) 
71 (8 28 91 36 57 88 6) (79 95 70) (4) (13 63 26 71) (30 73 93 84 49 31 42 52) (38) (33 76 100) (96) (65 74 68 55 1 47 18 16 64) (54 32 37 92 72 20 77 27 62 94) (46) (48) (60 23 97 41) 
72 (77) (92 61) (81 3) (39) (63 28 72 48 18 25) (86) (58 51) (2 76 91) (87 6 42 47) (67 7 90 82 95) (37 11 16 19) (22 78 71) (4 15) (38 79 32 96 74) (26) (41) (99 27 35) (5 14 8 88 30 85 9 13 70) (31 12 43) (36 84 56 59 33) (66 40 94 10) 
73 (4) (1) (94) (98 42) (82 66) (25 86) (85 37 17 90) (6) (56 88) (47) (57) (21 14 19 33) (95) (5 10) (26 27) (7 15 71 24) (46) (3 12 84) (43 53) (78) (41) (44) (75 67) (97 9 18 76 50 29) (70) 
74 (18 14) (12) (36) (74) (45) (85 43) (91 29 10 32 56 81) (78) (3 38 8 53 55) (2 57 19 49 86) (51 35) (20) (27) (21 58) (22 90) (82 47) (87 94 44 59) (73) (25) (48) (17 37 67 97 77 95 5 65) (52) (4) (92 89 46 26) (79 1 66) (16 33) (71 34) (23) (60) 
75 (97 83 60 45) (78 85 53) (4 58) (17 81 3 66 90) (68) (64 2 26) (31 21) (43 86) (25 10 46 49 87 13 11 6 92 8 51) (77 84 73) (22 95) (54 62) (33) (61 18 20) (9) (24 91 16) (100 93 12) (19) (75 40 47 88) 
76 (81 66 57 17) (25 73) (61 5) (48 93 16) (36 97) (13) (14 6 31) (74 69 89 46 8 72 42) (70) (2 91 65 68) (80 53 58 56 59 21 18 100) (49) (15) (1 27 99) (75) (79 29) (43 41 26) (38) (67) (11 19 32 54) (52) (34 83 22) (4) (90 33 86 71) (50) (76 60 12 94) 
77 (26) (74 75 90) (60 78 63) (61 28) (34 96) (31 2) (62 35) (68 55 82 32) (59 25) (65 36 52) (83) (66 64) (46) (40 77 54) (58 56) (1) (12 79 14 20 80) (97 100 9) (44 29 6 49) (91) (16 86) (19 18) 
78 (19 65) (83 56) (2) (90) (39 10) (55) (48 60 75) (36) (68 24) (54 27 80 89 92 4 34 44 30 13) (33 98 100) (93) (40 28 11 52) (41) (85) (51) (69 18 64 43 74) (31 22 3 57) (47 21 77 38 61) (20 71 86 12 49) (84 99 70) (59) (14) (53 73 79 25) (5) (1) 
79 (94 100) (17 65) (80) (83) (60 2) (68) (39 7 47 45 78 85 31) (13 57 42 66) (37) (91 12) (71) (23) (1 48 14 75 84 32) (27) (11 20) (15 63 26 29 70 61 58 95 69 8) (9) (82 6) (44) (64 4) (54) (30) (18 36) (76 33 3) (99 67 35) 
80 (32) (28) (98 66 29 25 1) (43) (76 100 77 2 45 57 31 68 27) (95) (99) (78 93 61) (87) (11 52 51 26) (86) (73 36) (21 46) (15 5 41 18) (20) (8 70 58 88) (12 62 22 47) (56 91 16) (71 3 37 33) (13) (30 14 96) (4) 
81 (16) (64 84 73 21 38) (90 12 2 74 3 33) (51 30 20 49) (24 98 50) (26) (10) (34 48 91 87) (63 82 4 40 7) (75 76 92 81 11) (35 88 25 15) (70) (83) (58 31 22) (43 77 23 17 68 55 94 18) (1 45 61 72) 
82 (76 31 47) (71) (19) (8 55 24 13) (88 59 5 58) (7 49) (10 56) (33) (4 2 81 45 82 9 87) (36) (97 26) (83) (73 93) (72 1 100) (75) (3) (21 86 77 18 20 29 63 79 28 92 16) (90 44 69 95) (70 22) (27 41 89 39 12 94) (34 25 84 78 99 54) (40) 
83 (74) (30 56) (98) (24 93) (45 52 70 68 12 34 4 69 88) (38 72 18) (26 21) (32) (94 85 61 1) (60) (65 99 53 96) (22 49) (39) (20 41 50) (46 16 92) (78 59 64) (8 76 7) (40 87) (89 82) (27) (37 55 47 66 80) (91) (73 33 29) (51 100) 
84 (98 27 81 92 36 65) (79 9) (5 85) (70 6) (88 53 67 40) (32 68) (18 100 60 89 77) (49 73) (2) (31 84 52 45 17 19 64 94 28) (20) (16 99) (93 54 83) (61 76 86) (43) (74) (90 55) (58) (37 41) (63 91) (72) (82) (23) (47 10 35 1) (7) (38) (12 56) (14 11 21 95) (25) 
85 (51 94) (52 12 76 87) (41 14 31) (59) (68) (3 34 33 80 4) (70 83 66) (81) (32 91 84) (35 96 45 44) (2 78 56 64) (75) (85 15 54 82) (48 18 49 8 39 17) (38 24 57 10 13 50) (72 67 37 46) (74 43) (5) (53) (100 90 88 30) (95) (22) (20) (16 62) 
86 (55 41) (13 37) (51) (22) (81) (29 62 6 43) (100) (54) (25) (14 36 10 19) (30 38) (8 23 4) (28 84 93) (2) (56) (47) (33 67 5 69 18) (96) (88) (77 3 99 52 71 21 9) (32 91 66 26 48) (1) (44) (79) (68 17 85 64 74 40 12 31) (75) 
87 (89) (6 100 88 22) (56 58 70) (23 10 52) (26) (72 25 38 63 33 14) (43 99) (61) (4 60 2) (54 57) (94 81) (75 83) (13 96) (90 48 28) (34) (77 19 93) (21) (74) (12 92) (1 68 86) (40 29 97) (82 11 79) (85) (24) (36 42 27) (9 46) (55 39) (71) (73 76) 
88 (69) (66) (67 83 34 6 49 13 25 48) (96 27) (81 54) (98 68) (45 61 93 53 58 64) (42) (94 29) (55 46 8 85) (41 23) (59 91 33) (16) (97 24) (22 30 11 38) (73) (31 37) (10 70 36 50) (75) (82 89 20 1) (72) (90 100 63 15 88 7 12) 
89 (76 8 62 74) (81 47) (60 38) (10 56) (85) (29 79 27) (58 30) (35 5) (15) (20 16) (70 64 94 25 52) (13) (83 68 75 96 2) (89 40) (23) (90) (78 91) (1 12 57) (19 88) (6 46 31 32 87 45 50) (93) 
90 (27) (10) (12 9 100 25) (31 98) (23) (77 73) (93) (64) (35) (87 89) (75 38 16 30) (39) (41 68 61 40 53) (70) (5 11 91 46 43) (20 24 90 82 37 22 1 97 59 78) (62 69 86) (17 81) (4 48) (84 7 32 26) (47) (18) (60) (55 85 2) (3 34 83 63) 
91 (91 2 36 29 19) (74) (32) (50) (77) (22 98) (95) (1) (96) (87) (75 30 6 18 86 31 25 59) (13) (38) (99 100 67 65) (9) (48) (80 33 69 76) (97 58 66 10 81 55) (70 15 39) (27 12 56 57) (24) (51 73) (28) (46) (71 47) (78 43 34 54) (26) (44 85 41 90) (72 60 79 40) 
92 (84 92) (33) (37 57 88) (9 34) (91) (27) (40 89 8) (36 18) (55) (74 44) (83 87 50 97 68) (3) (39) (72) (81) (60) (26 79 24 85) (58) (53 75 52) (30) (73 59 61 86 80 20) (63 71) (41) (19) (29 67) (54 45 7 78) (23 22) (1) (47 100) (94 35 11) 
93 (35 80 44) (45) (96) (75 23) (17 86) (36 78) (85 90) (32 28) (71 84 59 2 7 27) (1 34 47 76 16 54) (39) (12 26) (21) (18) (65 40) (62 52 91 99 58 73 89 68) (48 57) (51 77 38) (93 41) (72) (30) (70) (67) (82) (100 64 31) (20 55 6) (4) (95 92) (25 53) 
94 (61 22 37 64 17 26) (93 65 84 73 10) (53) (67 48) (77 14 96 2) (62) (6 3 76) (74 12 80 34) (28 24 95 38 58 63) (4) (66 42 54 82 100 97) (91 81 71) (98) (92) (86 79) (56 45) (50 18 36) (44) (7) (25) (55) 
95 (80 53 42 85) (71) (8 82 14 38 96) (34 21 86 50 79) (94 76) (58 26 68) (87 93 47) (48) (49) (30) (20 37 72 4 54) (41 74) (3 19 23 35 15) (75) (22 46 28) (2) (10 18) (25 33 29 73 59 92 11 69 65 78) (55) 
96 (73) (24 52 8) (98 85 33) (26 35) (45) (91) (57) (50 72) (58) (51) (2 67 94) (90 15 62) (34 47) (84) (6) (74 5 37) (79 49 92 93 56 14 3) (13) (22 9) (23 42) (12) (75 32 30 46 10) (54 61) (63 66) (36) (60) 
97 (73 49 4) (61 40 51) (68 66) (1) (53 19 64) (92 38) (42 86) (17) (82 45 44) (63) (5 94 76 12 99) (54 89) (25 34 39 15) (80 3 18 24 56 21 47) (2 9 77) (67 26) (60 7 14 43 13 31 84 98 85) (35 50 8) 
98 (63 53 14 88 6 39) (22 26 72 18 38) (58 90) (59 81 43) (76 62) (20 83 50 89 54 86 80 85) (52) (10) (13) (74 27) (93 4) (65 16) (9 97 2) (68) (92) (70 35) (91 57 64 33) (23 3) (19 15 60 56 21) (30 28 69) 
99 (56) (64 18 10) (91) (87) (89 88) (60 11 25 30 15) (12 85) (36) (50) (22) (66) (86 3 79 55 94 21 24 47 70) (81) (49 98 76 52 51 97) (93 26) (73) (41 75 29 6 27 42) (5 2 32) (57) (13 65 39 100 84 19) (33 59) (69 31) 
100 (76) (23 94 68) (49) (41) (21) (47 31) (38 64 45) (6) (58) (79) (20) (36 46 55 71) (74 30) (85 17 62) (54) (75) (82) (5) (7) (44 1) (18 16) (2 66 86) (70 96) (100 33) (32) (73) (93 43) (84 60 9 39) (72) (50 89 95) (78) (91 69 11) (24 56 27 90) (22) 
1 (42) (14) (56) (7) (89) (87) (17) (100) (46) (74) (62) (1) (40) (97) (10) (51) (55) (81) (30) (3) (20) (52) (88) (69) (78) (13) (79) (90) (12) (27) (8) (82) (83) (6 22 26) (77) (84) (70 47 54 49 61 50 35 53 86) (73 9) (24) (15) (76 92 38 33 25) (44 80) (91 57) (93 71) (34) (19) 
2 (57) (37) (99) (50) (42) (45) (96) (20) (91) (18) (81) (80) (6) (38) (97) (1) (87) (34) (72) (25) (39) (35) (13) (53) (85) (47) (19) (74) (17) (10) (66) (14) (33) (100) (55) (68) (54) (93) (23) (84) (26) (75) (79) (86) (63) (56) (98) (24 2) (78 8) (3 77 52 65 82) (76) (90) (40 59 95) (94 89) (61) 
3 (30) (96) (35) (4) (79) (82) (14) (80) (68) (56) (58) (85) (21) (2) (75) (49) (95) (74) (55) (12) (97) (72) (5) (20) (3) (61) (1) (60) (81) (90) (31) (28) (99) (24) (32) (36) (47) (26) (52) (92) (11) (86) (57) (22) (78) (38) (29) (66) (15) (8) (25) (9) (6) (7) (73 46) (70) (62) (98 94 44 59) 
4 (75) (67) (25) (8) (53) (44) (65) (34) (94) (86) (24) (55) (29) (1) (60) (4) (68) (80) (74) (48) (42) (97) (72) (37) (18) (7) (46) (14) (51) (28) (81) (95) (71) (85) (3) (43) (63) (90) (23) (59) (78) (15) (9) (62) (93) (73) (38) (6) (57) (66) (54) (26) (82) (98) (36) (64) (31) (76) (83 2 49 20 13 87) (32) (79) 
5 (21) (53) (4) (90) (22) (41) (47) (14) (27) (68) (28) (72) (31) (78) (20) (80) (86) (55) (63) (34) (99) (30) (51) (70) (3) (67) (9) (85) (66) (43) (23) (84) (54) (48) (15) (1) (89) (25) (18) (50) (26) (97) (69) (74) (100) (76) (38) (12) (56) (35) (49) (19) (57) (36) (96) (40) (82) (37) (13) (62) (64 73 5 8) 
6 (12) (14) (73) (31) (37) (1) (38) (100) (76) (39) (99) (33) (71) (72) (67) (94) (98) (5) (61) (17) (34) (8) (84) (40) (16) (88) (20) (54) (66) (53) (75) (49) (91) (30) (93) (56) (77) (87) (86) (41) (6) (35) (89) (70) (7) (62) (36) (2) (63) (42) (64) (27) (50) (60) (3) (32) (28) (13) (4) (68) (18 23 46 79 47 96) 
7 (36) (79) (9) (4) (46) (57) (69) (44) (25) (61) (90) (11) (84) (40) (73) (35) (93) (51) (64) (55) (20) (26) (60) (29) (21) (82) (58) (100) (54) (72) (45) (31) (88) (66) (49) (19) (83) (5) (81) (14) (63) (62) (43) (7) (53) (15) (94) (50) (92) (68) (39) (22) (97) (30) (13) (59) (3) 
8 (92) (96) (49) (62) (80) (66) (40) (59) (19) (9) (74) (6) (47) (48) (17) (23) (32) (82) (76) (46) (51) (67) (86) (36) (88) (69) (56) (28) (42) (89) (71) (22) (15) (8) (3) (70) (95) (44) (83) (27) (12) (63) (53) (79) (24) (97) (52) (11) (7) (37) (75) (35) (85) (54) (4) (50) (65) (72) (18) (21) (60) (30) (39) (38) 
9 (72) (37) (16) (62) (70) (61) (65) (48) (22) (12) (8) (35) (6) (42) (66) (25) (79) (84) (30) (4) (82) (100) (90) (69) (40) (77) (24) (57) (3) (68) (36) (91) (73) (13) (75) (52) (96) (87) (63) (23) (97) (5) (31) (17) (98) (86) (21) (67) (15) (56) (92) (59) (46) (41) (54) (38) (33) (9) (50) (14) (1) 
10 (21) (24) (95) (48) (28) (70) (8) (17) (96) (36) (9) (46) (54) (20) (39) (74) (64) (85) (63) (25) (67) (69) (55) (90) (14) (10) (62) (41) (59) (89) (5) (33) (50) (78) (38) (52) (51) (98) (15) (65) (75) (19) (35) (84) (49) (91) (23) (86) (47) (82) (43) (99) (11) (22) (81) (13) (72) (29) (2) (94) (87) (88) (68) (73 56) 
11 (57) (20) (47) (18) (42) (31) (80) (40) (3) (35) (24) (9) (100) (10) (75) (14) (70) (59) (67) (79) (51) (32) (95) (66) (53) (1) (72) (99) (76) (2) (64) (22) (84) (52) (23) (12) (13) (30) (36) (62) (92) (88) (27) (46) (17) (78) (33) (50) (90) (81) (49) (38) (60) (41) (25) (16) (43) (37) (87) 
12 (84) (90) (99) (25) (10) (77) (28) (82) (2) (50) (63) (38) (23) (72) (73) (44) (85) (94) (41) (54) (35) (18) (74) (83) (68) (11) (57) (32) (24) (81) (86) (4) (87) (69) (70) (58) (78) (22) (56) (13) (51) (89) (80) (15) (6) (39) (60) (37) (55) (65) (52) (12) (64) (88) (45) (31) (96) (93) (62) (76) (91) (75) (79) (53 43 8 97 40 3 7) 
13 (43) (37) (64) (87) (71) (44) (7) (99) (65) (88) (82) (48) (45) (8) (5) (98) (85) (55) (13) (4) (30) (80) (23) (33) (58) (89) (38) (28) (67) (53) (14) (15) (3) (76) (18) (22) (27) (69) (12) (57) (50) (46) (97) (47) (9) (66) (72) (41) (75) (59) (62) (91) (86) (78) (96) (79) (36) (54) 
14 (68) (50) (15) (70) (85) (55) (67) (12) (72) (5) (98) (96) (8) (57) (36) (94) (25) (56) (48) (86) (40) (44) (22) (69) (53) (87) (31) (9) (20) (46) (59) (14) (3) (76) (95) (73) (45) (10) (16) (1) (84) (47) (79) (63) (52) (66) (80) (17) (13) (74) (33) (21) (65) (27) (77) (78) (97) 
15 (6) (95) (3) (21) (29) (81) (65) (11) (30) (43) (15) (70) (97) (40) (89) (39) (67) (36) (91) (48) (31) (55) (80) (76) (98) (61) (62) (85) (34) (88) (4) (5) (52) (60) (99) (79) (73) (66) (56) (64) (96) (1) (22) (17) (33) (58) (53) (57) (41) (20) (35) (45) (42) (49) (24) (72) (8) 
16 (55) (84) (23) (68) (1) (20) (17) (35) (90) (30) (43) (49) (5) (38) (8) (83) (57) (82) (11) (71) (62) (74) (29) (3) (50) (98) (77) (53) (46) (18) (12) (76) (100) (2) (80) (41) (6) (60) (69) (70) (39) (75) (88) (72) (10) (44) (47) (85) (40) (61) (27) (81) (63) (89) (36) (31) (66) (93) (19) (28) (15) (52) 
17 (55) (60) (11) (62) (10) (76) (48) (46) (90) (37) (59) (24) (38) (49) (34) (57) (31) (20) (23) (69) (29) (100) (45) (85) (61) (65) (84) (35) (52) (30) (21) (53) (66) (41) (43) (47) (73) (2) (42) (79) (18) (7) (93) (68) (75) (64) (94) (74) (86) (5) (50) (81) (17) (27) (97) (39) (6) (26) 
18 (2) (97) (83) (43) (11) (93) (48) (49) (95) (50) (78) (85) (41) (71) (75) (5) (32) (52) (28) (86) (81) (1) (77) (92) (27) (84) (17) (74) (64) (25) (53) (69) (60) (62) (72) (33) (94) (14) (13) (10) (56) (70) (82) (29) (99) (90) (65) (73) (98) (45) (80) (39) (76) (100) (34) (79) (23) (63) (26) (91) (54) (6) (9) (4) (40) (35) 
19 (91) (27) (99) (95) (44) (72) (9) (43) (25) (50) (74) (75) (69) (3) (54) (37) (76) (62) (98) (59) (10) (18) (87) (29) (35) (38) (8) (84) (63) (24) (78) (86) (41) (11) (33) (26) (14) (82) (4) (47) (77) (60) (52) (2) (58) (92) (89) (19) (65) (1) (5) (12) (7) (13) (70) (97) (68) (73) (6) 
20 (74) (75) (14) (98) (93) (68) (92) (20) (61) (51) (2) (95) (16) (90) (6) (29) (63) (69) (24) (78) (35) (13) (42) (84) (55) (25) (19) (56) (22) (65) (45) (4) (39) (59) (50) (15) (85) (12) (1) (83) (80) (79) (71) (89) (77) (100) (88) (34) (40) (81) (64) (41) (60) (49) (36) (54) (82) 
21 (83) (35) (56) (37) (73) (76) (74) (16) (78) (68) (97) (100) (8) (95) (57) (80) (26) (38) (14) (70) (87) (93) (82) (59) (99) (81) (43) (20) (65) (31) (98) (21) (54) (86) (30) (42) (75) (23) (10) (32) (12) (58) (84) (44) (18) (52) (5) (1) (64) (51) 
22 (4) (51) (95) (24) (60) (76) (80) (94) (18) (69) (82) (43) (45) (66) (78) (67) (23) (21) (72) (83) (32) (98) (57) (46) (86) (85) (20) (74) (48) (14) (100) (88) (52) (3) (54) (50) (91) (96) (87) (55) (81) (68) (70) (26) (44) (9) (19) (16) (92) (99) (2) (90) (29) (11) (1) (34) (75) (63) (28) (65) (7) (59) (56) 
23 (66) (79) (88) (96) (90) (92) (43) (44) (16) (61) (32) (36) (95) (56) (13) (28) (67) (39) (20) (89) (81) (35) (17) (47) (3) (86) (24) (29) (70) (68) (26) (25) (37) (71) (84) (21) (38) (98) (7) (19) (50) (74) (33) (5) (93) (53) (100) (23) (87) (2) (46) (27) (51) (18) (41) (52) (11) (9) 
24 (100) (90) (50) (81) (27) (17) (16) (62) (70) (25) (75) (40) (57) (83) (87) (28) (1) (66) (91) (36) (78) (54) (35) (92) (29) (24) (26) (19) (5) (42) (53) (32) (99) (21) (73) (67) (39) (51) (2) (10) (15) (7) (48) (52) (22) (82) (33) (97) (94) (11) (45) (88) (59) (85) (96) (49) 
25 (34) (58) (23) (7) (33) (84) (3) (21) (76) (47) (65) (51) (64) (26) (97) (22) (56) (70) (73) (13) (54) (46) (99) (80) (95) (93) (91) (72) (78) (36) (75) (81) (87) (69) (4) (94) (11) (32) (45) (30) (38) (62) (88) (16) (74) (9) (67) (28) (44) (90) (77) (18) (82) (55) (66) (89) (63) (86) (8) (19) (49) (5) (31) (12) (1) 
26 (1) (61) (75) (98) (41) (87) (86) (65) (10) (80) (90) (6) (47) (99) (96) (70) (62) (71) (3) (64) (31) (5) (94) (37) (56) (2) (14) (79) (42) (93) (74) (9) (83) (82) (48) (12) (17) (63) (59) (77) (21) (23) (43) (73) (91) (57) (40) (81) (76) (38) (46) (58) (54) (51) (67) (30) (24) (15) (72) (95) (97) (60) (66) (69) (22) (92) 
27 (23) (35) (84) (89) (18) (56) (52) (32) (28) (4) (60) (7) (36) (79) (58) (91) (9) (11) (61) (16) (12) (82) (49) (25) (10) (72) (31) (90) (46) (92) (99) (71) (54) (47) (63) (73) (15) (93) (88) (74) (70) (8) (26) (80) (100) (76) (98) (69) (27) (29) (40) (83) (5) (42) (78) (48) (51) (33) (87) (2) (55) (30) (37) (1) 
28 (17) (37) (53) (25) (46) (20) (72) (67) (10) (8) (87) (55) (56) (26) (63) (91) (57) (93) (71) (84) (80) (78) (69) (5) (27) (15) (36) (22) (60) (34) (3) (94) (18) (31) (95) (54) (58) (39) (43) (98) (35) (28) (86) (9) (51) (6) (23) (13) (61) (82) (65) (49) (42) (21) (52) (50) (45) (12) (24) (77) (62) 
29 (7) (16) (39) (10) (6) (80) (2) (60) (34) (46) (38) (91) (83) (82) (13) (52) (45) (79) (57) (74) (36) (77) (4) (48) (50) (43) (92) (69) (67) (99) (35) (32) (28) (66) (87) (54) (3) (14) (15) (63) (76) (11) (31) (53) (12) (26) (68) (86) (88) (95) (89) (59) (70) (62) (73) (56) 
30 (8) (59) (65) (95) (9) (60) (11) (69) (3) (41) (99) (27) (79) (92) (96) (63) (31) (62) (64) (2) (83) (44) (54) (13) (1) (81) (32) (47) (18) (25) (33) (37) (85) (50) (29) (30) (86) (38) (5) (58) (51) (88) (53) (89) (80) (52) (26) (12) (7) (93) (78) (100) (56) (36) (48) (35) (55) (91) (71) (90) (67) (98) (72) (10) (34) 
31 (69) (2) (6) (82) (100) (54) (23) (80) (51) (45) (60) (72) (81) (89) (38) (91) (53) (90) (50) (58) (70) (35) (88) (41) (30) (10) (79) (78) (62) (55) (7) (56) (67) (86) (8) (9) (65) (66) (77) (76) (75) (61) (71) (34) (48) (85) (14) (36) (22) (46) (4) (59) (97) (84) (63) (93) (44) (13) (24) (99) (68) (39) 
32 (91) (86) (26) (34) (55) (30) (51) (29) (38) (64) (80) (58) (37) (71) (32) (93) (59) (18) (83) (65) (46) (21) (31) (4) (45) (5) (48) (15) (14) (100) (41) (76) (74) (77) (12) (40) (70) (54) (99) (6) (90) (84) (17) (72) (57) (62) (39) (61) (85) (69) (89) (33) (67) (44) (19) (96) (42) (60) (53) (11) (35) (79) 
33 (2) (7) (85) (12) (1) (31) (52) (37) (73) (44) (17) (50) (88) (32) (49) (72) (20) (87) (29) (91) (60) (74) (6) (19) (41) (53) (81) (80) (96) (100) (75) (83) (99) (47) (40) (39) (28) (27) (43) (61) (4) (14) (56) (64) (54) (79) (36) (16) (70) (71) (76) (22) (8) (98) (65) (68) (5) (95) (51) (92) (35) (78) (82) (86) (46) 
34 (81) (16) (83) (22) (43) (65) (42) (7) (60) (37) (53) (35) (69) (74) (24) (92) (51) (12) (93) (4) (39) (5) (57) (29) (97) (36) (47) (6) (26) (91) (3) (77) (40) (76) (25) (66) (87) (27) (14) (95) (49) (46) (88) (85) (59) (78) (44) (48) (82) (54) (11) (96) (32) (10) (67) (45) (94) (17) (55) (50) (70) (90) (41) (30) 
35 (1) (8) (98) (50) (22) (81) (61) (69) (93) (44) (79) (32) (48) (13) (40) (89) (51) (90) (20) (17) (39) (47) (66) (42) (59) (53) (84) (37) (52) (23) (15) (43) (96) (92) (3) (5) (45) (19) (85) (26) (25) (58) (38) (28) (18) (4) (6) (9) (35) (36) (95) (74) (63) (77) (46) (97) (27) (16) (72) (31) 
36 (41) (48) (76) (84) (74) (57) (62) (70) (10) (42) (7) (96) (94) (12) (72) (63) (5) (77) (18) (67) (58) (87) (69) (25) (23) (32) (54) (56) (78) (17) (68) (92) (45) (15) (71) (38) (34) (24) (99) (9) (8) (79) (30) (4) (88) (29) (100) (19) (22) (93) (14) (66) (39) (46) (51) (3) (37) (82) (31) (33) (2) (91) (1) (50) (86) (13) (36 26) (64 65) (35) (80) 
37 (70) (13) (85) (31) (88) (73) (21) (67) (95) (72) (92) (49) (43) (14) (16) (42) (47) (52) (83) (71) (18) (60) (66) (94) (84) (32) (57) (96) (69) (30) (58) (24) (27) (45) (3) (86) (33) (55) (6) (39) (41) (53) (11) (64) (90) (44) (48) (40) (62) (19) (79) (38) (80) (29) (50) (37) (61) (7) (74) 
38 (91) (35) (44) (18) (11) (83) (74) (41) (100) (23) (17) (2) (28) (31) (33) (15) (68) (98) (12) (51) (84) (78) (5) (76) (90) (71) (14) (4) (55) (94) (25) (36) (39) (24) (45) (27) (97) (59) (58) (48) (20) (30) (88) (32) (40) (61) (38) (89) (54) (70) (86) (87) (81) (93) (46) (63) (22) (26) (85) (34) (72) (6) (95) (42) (21) (52) (60) (64) 
39 (22) (13) (61) (90) (91) (37) (79) (98) (97) (70) (100) (99) (93) (33) (23) (53) (65) (82) (26) (14) (66) (39) (62) (85) (55) (87) (72) (52) (78) (47) (63) (1) (69) (30) (17) (29) (21) (51) (60) (48) (56) (57) (35) (10) (59) (7) (92) (4) (8) (11) (83) (43) (32) (40) (54) 
40 (55) (75) (69) (24) (97) (93) (37) (42) (41) (68) (7) (6) (11) (65) (40) (2) (14) (38) (25) (59) (51) (19) (72) (20) (78) (30) (91) (5) (82) (92) (58) (84) (87) (36) (86) (77) (47) (23) (89) (10) (45) (15) (83) (27) (64) (28) (44) (81) (90) (3) (21) (8) (32) (16) (48) (49) (34) (61) (43) (67) (39) (31) (33) (53) 
41 (58) (91) (71) (51) (28) (21) (31) (99) (93) (39) (1) (2) (60) (59) (42) (64) (86) (37) (54) (68) (15) (45) (90) (14) (6) (12) (30) (100) (50) (52) (62) (29) (83) (10) (46) (82) (84) (80) (73) (19) (78) (56) (25) (48) (72) (43) (69) (3) (53) (17) (85) (27) (95) (22) (16) (88) (7) (92) (49) (76) (70) (35) 
42 (13) (53) (3) (76) (56) (44) (71) (20) (48) (35) (5) (97) (12) (57) (58) (45) (47) (55) (70) (40) (54) (95) (72) (39) (62) (67) (63) (73) (52) (96) (68) (64) (65) (4) (34) (25) (87) (43) (29) (16) (26) (17) (94) (51) (31) (7) (36) (50) (38) (88) (79) (24) (99) (28) (23) (49) 
43 (28) (81) (59) (90) (2) (37) (52) (64) (39) (98) (84) (50) (16) (62) (23) (5) (86) (29) (73) (4) (60) (65) (9) (74) (76) (54) (85) (43) (18) (55) (56) (40) (49) (75) (45) (69) (10) (38) (61) (80) (72) (78) (57) (48) (32) (27) (97) (91) (44) (58) (100) (87) (53) (51) (24) (6) (67) (12) (1) (63) (31) (25) (47) 
44 (26) (42) (2) (56) (39) (30) (93) (94) (67) (82) (52) (8) (61) (66) (48) (69) (49) (28) (77) (34) (18) (60) (12) (32) (41) (54) (85) (74) (47) (62) (92) (35) (97) (91) (43) (17) (13) (57) (78) (68) (44) (53) (79) (86) (5) (24) (73) (59) (10) (64) (29) (6) (50) (100) (14) (46) 
45 (40) (45) (44) (97) (11) (33) (80) (63) (69) (49) (94) (93) (83) (21) (79) (30) (42) (48) (10) (66) (84) (38) (22) (25) (15) (92) (55) (75) (12) (70) (57) (100) (89) (24) (51) (62) (82) (46) (65) (96) (74) (35) (58) (41) (47) (9) (85) (53) (7) (64) (56) (59) (1) (50) (88) (81) (5) (54) (61) (43) (27) (60) (52) (13) (23) 
46 (71) (95) (22) (63) (41) (43) (67) (19) (11) (87) (13) (61) (100) (74) (7) (89) (73) (26) (68) (51) (42) (75) (15) (14) (4) (27) (62) (80) (25) (23) (90) (76) (16) (24) (70) (83) (29) (33) (18) (3) (8) (35) (55) (56) (52) (49) (44) (36) (39) (91) (96) (88) (37) (60) (40) (85) (77) (9) (31) (28) 
47 (13) (54) (99) (26) (73) (49) (20) (78) (6) (17) (30) (96) (41) (86) (57) (14) (40) (59) (63) (25) (44) (83) (39) (97) (95) (5) (60) (34) (71) (93) (89) (43) (47) (10) (92) (61) (12) (74) (91) (7) (84) (80) (42) (21) (46) (100) (18) (51) (58) (31) (75) (4) (38) (79) (69) (62) (28) (52) (24) (70) (68) (32) (3) (90) (56) (82) (72) (45) 
48 (17) (55) (51) (14) (29) (93) (52) (31) (1) (67) (69) (50) (20) (64) (7) (28) (53) (78) (62) (15) (25) (63) (76) (49) (16) (41) (18) (74) (33) (27) (8) (87) (95) (57) (43) (91) (34) (71) (79) (86) (13) (68) (94) (46) (88) (10) (66) (90) (48) (72) (19) (44) (85) (81) (45) (11) 
49 (11) (10) (77) (71) (76) (83) (22) (47) (28) (19) (2) (40) (82) (27) (12) (84) (46) (5) (88) (41) (1) (34) (64) (24) (38) (74) (54) (75) (31) (78) (13) (18) (17) (16) (32) (59) (62) (7) (20) (57) (95) (96) (99) (97) (63) (45) (85) (100) (36) (9) (29) (66) (30) (81) (43) (42) (3) (6) (56) (68) (58) (21) (48) (51) 
50 (15) (99) (47) (12) (11) (91) (29) (9) (70) (2) (34) (36) (42) (13) (57) (4) (100) (49) (76) (96) (45) (73) (97) (26) (94) (37) (51) (92) (98) (41) (16) (62) (44) (56) (89) (28) (66) (68) (55) (85) (8) (21) (50) (83) (95) (81) (59) (3) (88) (38) (43) 
51 (61) (64) (11) (81) (53) (10) (42) (13) (93) (15) (34) (23) (63) (68) (8) (28) (25) (49) (56) (99) (7) (65) (48) (86) (91) (50) (74) (6) (40) (35) (97) (21) (72) (17) (69) (1) (33) (18) (4) (83) (78) (44) (39) (27) (36) (96) (70) (45) (85) (29) (75) (57) (32) (43) (52) (80) (24) (66) (51) (47) 
52 (44) (85) (86) (69) (24) (15) (74) (23) (65) (20) (13) (98) (64) (47) (39) (46) (45) (1) (30) (80) (22) (89) (29) (59) (28) (54) (26) (38) (7) (34) (48) (87) (66) (12) (78) (52) (35) (60) (42) (99) (11) (16) (83) (96) (77) (10) (84) (5) (92) (76) (27) (71) (93) (17) (51) (19) (2) (41) 
53 (50) (13) (93) (28) (9) (97) (33) (40) (43) (61) (49) (25) (58) (20) (34) (59) (27) (15) (38) (3) (60) (92) (21) (85) (12) (83) (90) (74) (32) (41) (53) (56) (51) (52) (24) (46) (98) (31) (64) (68) (75) (48) (78) (76) (26) (42) (55) (94) (11) (37) (73) (45) (95) (5) (22) (70) (88) (84) (30) (18) 
54 (93) (19) (27) (82) (1) (25) (48) (70) (91) (84) (28) (75) (38) (69) (88) (35) (62) (54) (52) (32) (77) (100) (4) (65) (26) (97) (86) (3) (30) (8) (24) (78) (67) (92) (64) (61) (44) (34) (23) (87) (76) (11) (71) (94) (36) (96) (16) (9) (98) (15) (79) (13) (20) (2) (50) (68) (85) (95) (5) (18) (63) (51) (56) 
55 (42) (93) (54) (26) (91) (90) (43) (16) (99) (46) (32) (95) (4) (56) (38) (63) (94) (49) (62) (61) (28) (15) (20) (2) (55) (34) (78) (81) (29) (67) (13) (66) (14) (82) (83) (74) (45) (23) (77) (86) (71) (5) (36) (87) (100) (65) (88) (12) (39) (64) (60) (48) (52) (84) (40) (11) (92) (47) (53) (6) (9) (30) (70) 
56 (72) (4) (33) (34) (19) (77) (65) (87) (38) (43) (28) (9) (13) (47) (89) (68) (39) (98) (18) (16) (44) (37) (6) (91) (49) (100) (17) (69) (83) (97) (10) (99) (59) (61) (84) (85) (62) (29) (22) (51) (58) (78) (80) (60) (54) (76) (94) (2) (74) (86) (96) (57) (56) (5) (35) (42) (52) (24) (73) (31) (8) (21) (40) (82) (53) 
57 (21) (57) (10) (85) (25) (4) (28) (91) (87) (16) (19) (62) (1) (36) (71) (76) (31) (30) (68) (80) (40) (74) (47) (43) (33) (3) (46) (39) (50) (14) (66) (15) (9) (44) (92) (98) (63) (79) (99) (2) (78) (13) (96) (32) (61) (35) (37) (60) (42) (93) (69) (41) (64) (18) (73) (89) (17) (56) (5) 
58 (24) (27) (75) (88) (51) (45) (44) (91) (53) (5) (8) (77) (3) (98) (87) (84) (29) (93) (17) (48) (39) (81) (76) (1) (62) (65) (54) (69) (68) (11) (40) (15) (72) (95) (41) (35) (42) (28) (21) (92) (66) (20) (64) (79) (30) (14) (96) (9) (70) (80) (49) (100) (94) (38) (50) (57) (23) (74) (59) (16) (89) (43) (82) (47) (26) (63) 
59 (37) (83) (36) (51) (23) (30) (44) (72) (34) (17) (55) (53) (4) (28) (74) (26) (92) (90) (85) (98) (15) (59) (93) (1) (61) (77) (20) (41) (68) (76) (13) (3) (48) (39) (56) (99) (65) (95) (6) (88) (82) (42) (22) (91) (35) (43) (31) (52) (9) (78) (19) (11) (27) (47) 
60 (77) (90) (27) (6) (63) (17) (91) (75) (65) (58) (97) (32) (83) (43) (76) (3) (23) (28) (45) (44) (2) (37) (31) (53) (7) (89) (99) (11) (70) (24) (16) (52) (98) (78) (96) (64) (87) (9) (67) (79) (34) (84) (54) (92) (69) (47) (40) (25) (15) (100) (57) (74) (38) (26) (71) (29) (50) (30) (21) (42) 
61 (90) (40) (54) (61) (72) (45) (67) (11) (41) (78) (20) (50) (58) (29) (79) (30) (53) (22) (64) (36) (43) (62) (92) (97) (84) (21) (81) (44) (96) (57) (70) (69) (15) (42) (37) (94) (63) (60) (31) (83) (76) (12) (1) (75) (66) (10) (8) (3) (87) (46) (77) (48) (18) (80) (39) (88) (38) (4) (25) (52) (17) (26) (32) 
62 (10) (27) (38) (57) (13) (39) (43) (96) (25) (45) (47) (58) (40) (53) (75) (67) (2) (3) (6) (77) (63) (23) (7) (56) (93) (86) (80) (90) (22) (85) (100) (98) (14) (37) (69) (4) (1) (20) (65) (94) (46) (71) (55) (30) (89) (44) (12) (5) (11) (18) (35) 
63 (37) (66) (33) (81) (32) (56) (5) (84) (97) (92) (11) (58) (38) (16) (64) (23) (98) (48) (77) (28) (27) (52) (45) (55) (31) (49) (63) (36) (68) (61) (51) (53) (90) (60) (17) (79) (59) (71) (88) (24) (50) (34) (82) (96) (41) (7) (13) (72) (35) (94) (2) (14) (87) (30) (6) (40) 
64 (77) (20) (64) (2) (9) (84) (29) (28) (7) (51) (21) (70) (32) (71) (40) (24) (41) (81) (57) (25) (94) (79) (18) (85) (5) (17) (83) (8) (75) (100) (46) (10) (67) (69) (12) (1) (93) (61) (58) (30) (11) (90) (49) (59) (86) (55) (45) (97) (53) (52) (62) (48) (98) (42) (15) (36) (34) (88) (99) (89) (13) (78) 
65 (84) (30) (61) (71) (76) (45) (18) (53) (55) (27) (5) (37) (63) (19) (2) (7) (49) (58) (23) (93) (38) (8) (33) (39) (14) (74) (79) (95) (41) (47) (13) (62) (40) (15) (43) (67) (24) (31) (66) (98) (46) (69) (94) (10) (28) (11) (12) (83) (36) (59) (48) (6) (3) (77) (16) (99) (91) (9) (17) (20) (32) (64) (51) (56) (21) (78) (1) 
66 (79) (74) (91) (36) (11) (76) (70) (13) (97) (75) (77) (5) (21) (38) (73) (83) (2) (29) (63) (42) (72) (86) (25) (4) (68) (35) (99) (66) (100) (33) (34) (1) (65) (88) (62) (40) (60) (14) (94) (39) (85) (80) (59) (96) (52) (32) (3) (22) (54) (51) (67) (48) (47) (58) (46) (49) (20) (53) 
67 (92) (36) (6) (85) (18) (22) (42) (93) (41) (79) (73) (12) (76) (96) (21) (55) (58) (53) (28) (7) (64) (59) (47) (26) (11) (34) (97) (19) (15) (91) (35) (40) (13) (74) (51) (30) (49) (88) (32) (31) (10) (54) (86) (72) (2) (94) (4) (69) (70) (48) (17) (46) (20) (27) (84) (66) (67) 
68 (89) (30) (63) (22) (90) (48) (35) (75) (64) (86) (76) (23) (21) (10) (79) (47) (33) (77) (54) (8) (57) (7) (27) (31) (34) (53) (32) (6) (71) (24) (95) (9) (83) (42) (4) (92) (14) (88) (43) (78) (85) (93) (3) (87) (80) (98) (81) (18) (52) (25) (38) (97) (65) (84) (66) (62) (45) (100) (2) (39) (69) 
69 (50) (60) (20) (1) (35) (76) (4) (18) (66) (15) (44) (9) (40) (25) (30) (90) (29) (34) (88) (12) (22) (5) (2) (83) (78) (82) (55) (47) (32) (21) (23) (63) (33) (7) (28) (86) (100) (70) (99) (91) (38) (13) (61) (52) (27) (95) (62) (48) (98) (69) (43) (64) (79) (49) 
70 (83) (26) (28) (73) (14) (64) (81) (10) (16) (72) (82) (46) (59) (85) (80) (67) (12) (13) (69) (3) (22) (39) (71) (76) (100) (98) (79) (47) (84) (20) (51) (91) (78) (68) (42) (70) (61) (56) (44) (90) (60) (87) (45) (88) (89) (32) (4) (9) (38) (23) (93) (99) (35) (52) (49) (53) (1) (21) (43) (58) 
71 (78) (86) (38) (100) (79) (80) (11) (76) (43) (12) (53) (37) (32) (3) (40) (95) (60) (8) (70) (14) (9) (91) (58) (63) (27) (13) (6) (1) (33) (17) (28) (71) (94) (50) (26) (57) (87) (21) (41) (74) (5) (31) (36) (29) (68) (52) (55) (19) (64) (22) (93) (73) (66) (10) (92) (25) (20) (54) (7) (69) (72) (82) 
72 (83) (88) (55) (4) (40) (25) (71) (64) (53) (85) (70) (17) (84) (27) (81) (93) (48) (51) (60) (92) (29) (37) (31) (57) (72) (35) (15) (20) (24) (7) (63) (46) (39) (5) (87) (98) (68) (96) (56) (100) (32) (52) (62) (1) (12) (14) (82) (9) (59) (61) (76) (49) (26) (95) (91) (36) (6) (11) (50) (13) (22) 
73 (95) (42) (50) (93) (84) (10) (90) (94) (78) (24) (100) (88) (75) (58) (14) (36) (25) (28) (82) (31) (46) (27) (74) (53) (92) (33) (68) (11) (81) (2) (4) (83) (56) (20) (62) (65) (40) (49) (80) (87) (97) (61) (30) (13) (69) (19) (29) (8) (99) (76) (26) (60) (18) (21) (91) (17) (32) (41) (96) (3) (71) (39) (55) 
74 (96) (49) (81) (28) (66) (42) (10) (91) (16) (100) (86) (47) (56) (29) (54) (4) (13) (85) (71) (3) (83) (52) (64) (2) (25) (98) (69) (22) (87) (76) (30) (77) (17) (74) (84) (40) (8) (72) (23) (67) (36) (63) (53) (92) (78) (35) (14) (48) (94) (11) (1) (41) (21) (89) (43) (15) (95) 
75 (63) (7) (78) (55) (34) (35) (93) (4) (10) (21) (14) (69) (48) (99) (32) (6) (95) (15) (65) (37) (75) (11) (36) (85) (40) (88) (19) (28) (73) (51) (54) (77) (96) (45) (3) (61) (62) (5) (92) (46) (38) (82) (30) (89) (50) (53) (58) (86) (25) (33) (20) (87) (42) (91) (66) (90) (81) (17) (76) (100) (2) (79) 
76 (100) (27) (73) (14) (20) (95) (81) (64) (41) (37) (34) (29) (85) (51) (44) (45) (32) (62) (46) (67) (5) (38) (94) (98) (16) (71) (31) (76) (42) (30) (82) (23) (69) (40) (13) (7) (72) (25) (11) (53) (80) (4) (43) (12) (83) (3) (87) (68) (89) (52) (50) (55) (60) (93) (15) (79) (99) (91) (49) (97) (26) (9) (84) 
77 (60) (91) (51) (57) (45) (22) (70) (80) (35) (94) (50) (30) (11) (69) (31) (86) (37) (75) (20) (71) (27) (49) (9) (52) (93) (87) (6) (90) (65) (97) (72) (74) (81) (29) (82) (61) (38) (28) (48) (24) (5) (77) (43) (39) (17) (10) (21) (14) (59) (19) (67) (84) (8) (55) (56) (78) (40) (46) 
78 (100) (47) (95) (46) (4) (14) (93) (92) (44) (10) (89) (11) (57) (69) (30) (59) (9) (24) (91) (82) (72) (75) (6) (50) (77) (53) (79) (17) (31) (37) (74) (66) (54) (65) (28) (62) (85) (33) (35) (73) (60) (40) (23) (80) (68) (49) (45) (21) (90) (27) (83) (41) (22) 
79 (20) (89) (1) (34) (50) (11) (55) (52) (17) (76) (68) (65) (71) (19) (96) (18) (15) (30) (69) (77) (59) (33) (92) (58) (82) (91) (14) (74) (25) (27) (99) (100) (40) (84) (23) (29) (86) (7) (2) (32) (44) (60) (24) (5) (22) (8) (94) (64) (43) (49) (4) (72) (78) (51) (95) (70) (87) (3) (41) (12) (66) (57) 
80 (79) (51) (76) (58) (46) (15) (35) (10) (65) (66) (13) (11) (93) (69) (27) (21) (39) (95) (78) (26) (45) (23) (83) (48) (98) (12) (85) (38) (19) (53) (92) (9) (8) (94) (70) (22) (18) (77) (40) (17) (41) (34) (97) (36) (91) (50) (28) (54) (42) (52) (44) (3) (29) (49) (62) 
81 (19) (66) (86) (91) (75) (53) (33) (52) (85) (54) (43) (27) (62) (65) (45) (48) (22) (81) (35) (58) (87) (23) (40) (50) (32) (76) (29) (61) (90) (88) (74) (49) (89) (9) (92) (11) (98) (25) (44) (2) (67) (36) (94) (84) (30) (3) (72) (6) (82) (55) (18) (59) (99) (64) (41) (1) 
82 (7) (62) (77) (17) (8) (72) (88) (64) (52) (36) (82) (53) (37) (45) (61) (34) (100) (38) (65) (33) (56) (32) (28) (55) (10) (97) (22) (79) (69) (3) (19) (18) (85) (74) (60) (42) (67) (15) (16) (84) (30) (81) (24) (12) (40) (95) (83) (94) (46) (90) (11) (44) (20) (93) (50) (48) (4) (68) (43) (73) (47) (87) 
83 (32) (23) (63) (56) (13) (43) (57) (37) (27) (30) (87) (70) (4) (15) (25) (61) (81) (36) (28) (42) (54) (17) (16) (3) (78) (75) (77) (88) (6) (79) (67) (1) (89) (90) (82) (53) (98) (44) (92) (24) (62) (21) (50) (11) (46) (49) (10) (55) (40) (85) (64) (66) (18) (34) (76) (2) (48) (39) (84) (22) 
84 (86) (32) (50) (30) (27) (78) (22) (73) (84) (81) (23) (96) (82) (38) (37) (63) (29) (40) (5) (75) (85) (12) (66) (79) (11) (99) (36) (94) (17) (15) (71) (46) (97) (52) (25) (67) (51) (100) (31) (47) (9) (59) (10) (93) (24) (92) (18) (60) (8) (61) (6) (54) (72) (2) (4) (43) (62) (90) (58) (64) (7) 
85 (58) (92) (98) (31) (93) (50) (88) (84) (52) (8) (35) (78) (63) (49) (10) (46) (41) (59) (28) (19) (21) (97) (2) (44) (65) (89) (87) (60) (24) (38) (29) (13) (22) (34) (95) (47) (79) (83) (37) (62) (85) (72) (90) (23) (86) (5) (69) (91) (55) (32) (96) (36) (4) (74) (48) (53) (12) (57) (75) (73) (99) (9) (56) (100) (70) (1) 
86 (19) (52) (8) (95) (12) (57) (27) (40) (61) (22) (59) (87) (49) (56) (38) (80) (37) (73) (42) (55) (10) (93) (60) (78) (50) (28) (35) (74) (21) (6) (53) (25) (63) (54) (51) (62) (58) (92) (75) (84) (14) (98) (99) (18) (30) (91) (77) (97) (66) (39) (76) (94) (100) (36) (82) (32) (90) (65) (72) 
87 (75) (82) (90) (40) (60) (16) (89) (72) (67) (20) (59) (29) (48) (9) (27) (33) (99) (49) (83) (55) (54) (58) (6) (37) (41) (92) (80) (1) (81) (52) (22) (68) (91) (31) (74) (70) (39) (35) (62) (50) (13) (10) (4) (5) (45) (47) (32) (57) (38) (46) (43) (85) (17) (11) (24) (95) 
88 (65) (87) (84) (83) (54) (21) (47) (60) (27) (92) (89) (26) (88) (66) (72) (31) (30) (49) (99) (81) (73) (42) (68) (80) (71) (16) (33) (13) (98) (15) (37) (4) (18) (6) (70) (45) (7) (86) (56) (23) (46) (40) (58) (75) (3) (63) (36) (10) (59) (8) (32) (55) (85) (82) (39) (41) (20) 
89 (22) (64) (66) (87) (82) (47) (57) (54) (21) (100) (89) (3) (84) (83) (43) (44) (90) (35) (18) (74) (50) (16) (41) (7) (97) (67) (93) (92) (51) (55) (99) (65) (36) (23) (88) (68) (39) (8) (78) (40) (2) (53) (76) (1) (10) (45) (42) (49) (25) (11) (62) (98) (52) (28) (29) (32) (46) (24) 
90 (37) (64) (63) (1) (75) (46) (18) (58) (100) (28) (19) (41) (6) (77) (68) (93) (51) (9) (27) (16) (34) (8) (4) (59) (70) (43) (52) (65) (67) (60) (57) (61) (7) (48) (87) (56) (25) (88) (91) (3) (54) (89) (12) (44) (72) (15) (69) (96) (98) (50) (21) (38) (78) (90) (10) (2) (74) (13) (82) (81) (73) (76) (17) (84) (14) (85) 
91 (79) (71) (96) (58) (18) (2) (85) (61) (65) (50) (86) (51) (8) (68) (6) (11) (88) (92) (64) (94) (84) (13) (99) (24) (25) (80) (81) (30) (23) (42) (77) (89) (40) (29) (55) (72) (46) (83) (12) (70) (56) (91) (74) (100) (16) (67) (75) (66) (7) (37) (90) (76) (32) (20) (47) (98) (93) (45) (49) 
92 (95) (72) (1) (96) (60) (41) (78) (31) (75) (46) (82) (34) (27) (93) (81) (39) (54) (29) (62) (20) (7) (37) (43) (58) (97) (92) (22) (57) (87) (15) (94) (9) (8) (64) (63) (70) (51) (32) (33) (11) (2) (83) (98) (5) (10) (53) (18) (61) (84) (4) (71) (74) (23) (68) (14) (26) (45) (65) (42) (50) (52) 
93 (39) (5) (89) (99) (78) (27) (83) (35) (75) (53) (80) (22) (61) (60) (38) (90) (26) (54) (20) (47) (33) (59) (95) (41) (2) (98) (9) (40) (16) (14) (66) (68) (51) (44) (56) (46) (84) (71) (29) (4) (87) (7) (48) (18) (63) (100) (65) (96) (82) (30) (49) (93) (3) (86) (25) (69) (34) (76) (1) (64) (42) (43) (19) (94) (88) 
94 (72) (74) (85) (36) (76) (30) (64) (24) (57) (99) (3) (28) (40) (60) (46) (56) (97) (37) (87) (63) (81) (31) (71) (52) (65) (82) (95) (35) (44) (69) (92) (34) (83) (2) (17) (54) (6) (29) (47) (73) (68) (100) (9) (48) (18) (59) (79) (70) (11) (96) (66) (88) (55) (67) (25) (89) (49) (16) (61) (4) (84) 
95 (43) (71) (20) (67) (39) (59) (58) (49) (23) (15) (45) (47) (56) (100) (33) (2) (52) (55) (12) (80) (68) (40) (75) (48) (7) (30) (82) (31) (91) (79) (35) (69) (11) (72) (46) (93) (60) (85) (26) (73) (6) (84) (74) (17) (94) (4) (36) (41) (10) (32) (14) (70) (64) (21) (34) (57) 
96 (100) (95) (94) (13) (80) (39) (86) (46) (44) (69) (77) (89) (14) (32) (87) (56) (21) (23) (67) (85) (20) (72) (1) (42) (71) (70) (54) (35) (68) (38) (4) (34) (88) (50) (93) (10) (83) (9) (37) (18) (24) (91) (58) (22) (41) (19) (53) 
97 (26) (16) (43) (91) (13) (87) (45) (11) (4) (31) (76) (33) (61) (8) (28) (75) (29) (21) (99) (57) (7) (66) (62) (44) (3) (47) (60) (92) (40) (58) (42) (2) (27) (69) (65) (88) (64) (55) (39) (24) (48) (10) (52) (90) (54) (63) (74) (77) (50) (73) (9) (5) (22) (67) (37) (15) (20) (94) (14) (38) (51) (82) (59) (98) (46) (71) 
98 (97) (17) (68) (84) (94) (13) (19) (7) (83) (8) (90) (65) (38) (69) (6) (52) (41) (35) (40) (21) (27) (99) (20) (88) (58) (63) (9) (80) (91) (3) (57) (47) (67) (64) (42) (23) (22) (43) (31) (78) (54) (62) (73) (18) (15) (4) (70) (26) (33) (46) (11) (81) (1) (96) (28) (29) 
99 (19) (93) (80) (5) (32) (1) (28) (87) (63) (79) (57) (51) (11) (62) (24) (60) (91) (30) (84) (10) (59) (66) (21) (53) (16) (42) (70) (76) (82) (8) (86) (69) (29) (4) (68) (65) (83) (49) (48) (34) (52) (22) (31) (12) (58) (37) (6) (72) (17) (26) (9) (67) (39) (64) (97) (78) 
100 (78) (48) (34) (99) (23) (58) (30) (8) (75) (42) (93) (10) (15) (51) (13) (28) (69) (83) (41) (87) (91) (68) (11) (39) (84) (77) (18) (63) (64) (50) (52) (79) (90) (76) (92) (21) (12) (19) (32) (24) (1) (65) (40) (71) (100) (80) (94) (66) (86) (44) (88) (26) (20) (4) (16) (67) (45) (55) (82) (49) (14) (85) (22) (62) (29) 
