0
100
100
1 (85) (74 95 88 39) (67 63) (62) (86) (44) (45) (83) (96 6) (12) (34) (2 5) (93 24 53 50 79) (30) (90 57) (35) (81) (65 55) (8 92 91) (9 17) (77) (21 87 36) (52 80) (73) (47) (84 38) (13) (11 70 94 15 71 56) (78 4 51) (97) (49) (82 75 41) (66 100) (99 60) (18) (23 29) (20 68) 
2 (100) (58) (92 47) (13 26) (30) (27) (12) (94) (86) (62 53) (2) (83) (52 72) (37) (56 91 63 10) (18 85) (43) (7) (48) (28 34 74) (11) (87) (5) (46) (55 1 61) (38 51 81) (68) (45) (24 25 57) (16 40) (90) (32) (50) (6) (3) 
3 (75) (34) (53 13) (37) (21 47) (58) (31) (19) (18) (14) (85 72 17 73) (28 35) (60 51 49 66) (6 81) (2) (83 74) (79) (1 42) (70 91) (65) (62) (93) (32) (8) (5) (39) (45) (38) (78) (33) (7) (9) (86) (52 10 54 27 80) (76) (40 99) (63) (4) (88 44 57) (11) (82) (50) (24) (90) (43 15) 
4 (61) (37) (43) (91) (85) (1) (58) (92) (38 78 93) (62) (55) (28 90) (41 21 66) (89 84) (29 23) (27) (67 76) (9) (53) (30) (72) (11) (59) (25 6) (36) (82) (20) (86 71) (95 100 34) (24 63 88) (40 99) (46) (50) (69) (48 18) (39 73) 
5 (52) (20) (6) (26) (88 78 18) (77 90) (19) (70) (75 92) (62) (67 25 13) (46 80) (38) (48 60) (43 32 14) (73) (96) (86 74 12 79 66) (23) (87 72) (51) (56 45 17 81) (54) (1) (95) (100) (24) (8 37 21) (7) (49 36) (42 89 27) (28) (40 11 63 9) (33) (85) 
6 (26) (76 4) (9) (24) (83 15 52) (97 48 81 18 87 70 96) (95) (41 90 22 28 39) (73 100) (34) (36 68) (25) (32) (33) (44) (19) (59) (72) (45) (35 30 46 14) (69) (8) (38) (64) (51) (62 78) (67) (13 60 11 89 56 91 58) (86) (5) (74 79 31) (16) (23 43) (65) (29) 
7 (44) (34) (1 91 32) (59 51 15) (52 50) (90) (60) (18) (19 41 63) (10) (87) (85) (62 71 25) (20) (37 12) (49 66) (40) (94 89) (6) (70 65) (14 67) (21 80) (27 81) (95) (99) (43) (82) (35 13) (100) (31 7) (36) (45 83) (16 5 76 48 56 58) (2) (3 86 84 72 78 96 22 92) (93 26) (57 8 28) 
8 (36) (63) (56) (26 13 69) (95) (3 17 62 37) (76) (31) (80) (21) (61) (25) (50 16 97) (8) (10 19) (60) (96 39 29) (86 99) (65) (18 33) (45) (71) (47 79) (5) (83) (57 55 48) (46 15 64 66 51) (67 85) (6 41) (43) (94 38 91) (93 4) (82) (68) (30) (24) (77) (90) 
9 (51) (80) (71) (92) (2 90 33) (46 78 20 29) (5) (44) (95 38 86) (13 60) (100) (53) (9 69) (81 82) (83 74 96) (79) (7 52 62) (24 94) (54 63) (16 23) (87 11) (98 48) (76 18) (42 39) (12) (43) (70 68 32 45) (65) (58 85) (59 77 73 56) (36) (31) (47) (26) (84) (22) (19) (66 1 14) (93 41) (4) 
10 (67 39 30) (68) (69 10 44) (36) (4 87) (27) (74) (89 76) (61) (71) (38 75 12) (73) (26) (34) (3) (62 78) (32 64) (29) (20 99 40) (47 11) (85) (14) (54) (98) (94) (95 65) (33) (37 52 16) (35 59 1) (48) (51 79 17) (49) (9) (46 100) (41) (80 66 63) (25 6) (42) (84) (60) (97) 
11 (35) (89 82 92 1) (49) (22 5) (55) (16) (20) (53) (31) (24 83) (71) (80) (98) (52 34 6 91 58) (96 75) (8) (56) (90) (4) (11) (33) (48) (60 23) (28 39) (21 41) (100) (36) (61) (94 72 66 93) (12) (88 47) (15) (37) (95 99 25 18 70) (46 40) (85) (76) 
12 (63) (80) (9) (28) (78 84) (4) (81) (16) (92 62) (8) (89 51 19 98 87 1) (33 25 10 22 7) (95) (15 37) (6) (2) (52 65) (68) (96) (82 47 49) (59 72) (29 56 61) (46 44 35 91) (85) (70) (67) (34 12 77) (48) (27) (64) (83 26) (39) (71 21) (73) (57) (11) (13 54) (93 24) (66) (53) (90) 
13 (1 44 33) (79) (65) (92) (3) (41 18) (59) (2) (75) (66) (74) (35) (37) (78 87) (55) (93) (83) (60) (22) (21) (62) (53) (14) (76 68) (77) (56) (47) (72 24) (67) (13) (16 84 89) (61) (10) (29) (17) (4 51) (73 8) (100 95 71) (12) (90 70) (96 57) 
14 (84) (66 87) (35 56) (65 34 75) (33) (68) (30 7 5) (12 94 4 100 24 77 99) (57 6 85 74) (83 46) (19) (61 52) (45 62) (20) (73) (25) (63) (36 93 16) (53 69) (55) (1) (44 47) (96) (98) (26) (78) (91 92) (88) (27 59) (54 10) (82 31 49) 
15 (85 26) (38) (47 92 71) (53) (9) (43) (32) (98) (42) (66 95 52 70) (31) (61 39 58) (93) (13) (86) (50) (30) (81 94) (59) (12 18) (49) (2) (87) (7 75 68 6) (48) (14 29) (45 21) (77 1 51) (63) (97) 
16 (13) (42 49 82) (90) (29) (97) (63) (18) (72 52) (2) (12 19 65) (28) (55) (68) (54 81) (35) (86) (53 14) (85 92 69) (38) (93) (96) (37) (51) (9) (24) (1 8) (34) (4) (75) (30 39 23) (21) (44) (87) (73 26) (91) (22) (48) (45) (94 11 60) 
17 (27) (37) (88) (98 25 64 93) (69) (35 59 78 65 47) (89 52) (71) (82 62) (76 15) (40) (56 9) (54) (80) (49) (94) (87) (85 1) (74) (41 42) (4) (5) (23 57) (33) (84 16 79) (73) (8) (86) (22) (36 91) (48) (58) (96) (20 55 44 51) (72) (75) (100 11) (3) (53 81) (24) (77) (61) (43) 
18 (63) (12 38) (17) (91 78 11) (81 28 25 31 69) (52) (60) (3) (68 41) (95) (36) (53 4) (44) (19 5) (72 97) (6 62) (67) (56 8 14) (18 48) (58 71 87) (39 23) (92) (22) (73 47) (42 34) (96 98) (90 33 37) (46) (85 55 45 1 86) (2) (13) (40 54 50 16 29) 
19 (59) (80) (57 94) (54 34 43) (83) (35) (39 24 88 65) (74) (60) (3 23 26) (93) (7 33 63) (58) (48) (87) (70) (14 2 96) (4) (95 82 85) (1 17 86) (44) (28 67 50) (46 6) (71) (52) (56) (66) (37) (12) (78 9) 
20 (18) (14) (55) (21 69) (88) (59 17) (67) (65 39 70) (66 49) (11 6) (3 68) (10) (37) (48) (15) (46) (40 4) (82) (58) (78 23) (60) (28 22) (84) (63 61 20 9 43) (89) (77) (83) (71) (5) (76) (50) (33 64) (75 97 36) (27) (93 62 91) (35) (94) 
21 (47 82) (33 77) (76) (34 93 46 78 39) (52) (5) (58 50) (10) (8 11 1 62) (79 55) (23 21) (41 90) (43) (26) (66 99) (67 60) (17) (12) (53) (19) (88 89) (96) (86 84) (95) (14) (25) (97) (80 28) (15 2) (75) (42 13 38) (45 24 31) (3) (59 49 100) 
22 (22) (31 72 30 50) (33 73 75 14 67) (79 13) (80 39 53 55) (34 95 76) (45) (44) (90 89) (93 63) (59) (40) (98) (6 20) (81) (48 23 12 99 25 87) (92) (15) (38) (37 88 21) (49) (61) (84) (9 57) (17 62) (36 65) (94 10) (56) (60) (11) (5 68) (3) (70) 
23 (90) (69 93) (11) (56 31 86 20) (99) (29) (52) (60 76 89 55) (75) (42) (24) (32) (64 47) (46) (30) (8) (2 74 57) (67 48) (92) (5) (80) (81 51) (28 10 95 44) (38) (23) (6) (94) (13 39 26) (25) (77) (54) (19 70) (1 41 45) (43) (12) (22 33) (50) (17) (16 98) (15) (66 68) (59) (63 79) 
24 (3) (74) (88 45) (96) (59) (36 14 63 73) (90) (20 80 26) (10 85) (82 30) (52 78) (44) (25) (1) (66 84) (86) (16) (95) (41 48) (21) (4) (67) (57 68) (91 76 42) (81) (97 24 7 50 19 75) (35) (33) (93) (77) (9 71) (47) (60 22) (37) (49 100) 
25 (5) (15 99) (12) (42 16) (29 30) (24 28) (86) (2) (9 21) (78 63 10 19) (32) (46 83 6) (60 4) (96) (31 40) (17) (70) (51) (11) (69) (56) (35 95) (54) (26) (75 33) (61) (88) (23) (34 3 97) (73 50) (68 37) (84 81) (65) (74) (18) (62 98) 
26 (84) (79) (8) (95) (35 72) (68) (4 87 24) (62) (11) (82 37 88) (18 90) (38) (100) (3 98) (66 20) (30 49) (32 15 77) (6 99 89 42) (1) (96) (2 5 29 93 91 34) (78) (26) (19) (65) (94) (52 47) (75 97) (59) (21) (61 39 7) (14) (56 13) (31 70) 
27 (50) (53) (6) (96) (77 45 88) (55 43 64 66) (13) (86) (49 72 76) (25) (1) (12 23 68) (46 22) (100) (98) (26) (65) (84) (36 79) (59 90) (5 34) (8) (35) (95) (15) (70 29) (57) (19) (41) (56) (17 75 91) (20) (78 28) (92) (71) (80) (58) (30 97) (16 48) (60 11) (27) (4) (39) (62 99) (52) 
28 (64) (53) (34) (72 81 61) (41) (38 21 3) (55) (49) (42) (31 13 8) (78) (48 22 15) (90) (84) (76) (39 73) (99 77 85 7) (58 35 91) (65 94) (93) (30) (2 40 62) (63) (4) (28 11) (67 82) (14) (74) (86 59 43 98) (19) (87) 
29 (18) (85) (68) (3) (89) (80) (14 83 31 82 45 84 61) (47) (79 1 4) (7) (63) (40 44 6 58) (90) (76) (55 27 8) (91) (56) (24 60) (21) (70 28 12 73 75) (33 99 37 71 62) (46 19 23) (96) (26 86) (74) (77) (65) (64) (42) (92) (49 54 10) (69) (98) 
30 (90) (54 39 30) (16) (9 42) (92) (29) (79 52 37 27) (14) (35 22 97) (7) (15) (66) (99 18 6 53) (94 25 88) (38) (1 69 55 76) (8) (81 17 59) (74) (83) (21 60) (65 34 84 41) (95) (47 61 23) (24) (26 78) (98) (31 43) (100 91 3) (56) (87 49) (10) (44) (50) (12 36) 
31 (28 24 47) (52 67 78 38 27 59 5) (89 3) (96 11 87 33) (39) (88) (9 30) (58) (66 68) (32) (45 49) (2) (70) (65 46) (97 22) (54 79 82) (36) (18 57) (29 72 64) (61) (63) (51) (60) (44) (41 10) (86 16) (48 31) (20) (90 80 19) (95 23 35 42 6 37 94) (71 12) 
32 (54) (86 16) (69 52) (62) (70) (87 23) (78) (21 49 77 22) (26 37) (66 6 79 25 30) (5 13 34) (12) (89) (48) (42 60) (76 7) (39 29) (2) (96) (57 8) (81 68) (36 38) (28 90) (3 18) (83) (73) (27) (33 100) (32 15 92 64 51 9) 
33 (85) (78 51) (92) (23) (59) (50) (100) (75) (36) (16 79) (7 11) (29) (19) (31) (32) (43) (72) (55) (27) (33) (95) (61) (26 47) (9) (13 73 18 34) (70) (44 93) (8 80) (21) (48 56) (45 1) (39 74 91) (86 53 28) (87) (60) (20 81) (82 10 67) 
34 (99) (77) (9 7 66 93) (64) (24) (54) (35) (26) (57) (46) (40) (4) (20) (52 89) (62 82 70 29) (5 78) (98) (42) (21 22) (73) (27) (92) (85) (95) (36) (49) (30 81) (60 63) (41 86 51 43) (94) (39 10) (76) (75) (17) (68 65 38) (59) (11) (13 100) (50 56) (44 15) (74) 
35 (38) (71) (95) (31 55) (67) (4) (40) (51) (45) (49 85) (7 46) (60 100) (72) (26 32) (3) (86) (11 44) (74) (56 90 75) (12) (62 89) (83 14) (21) (52) (88 39) (27 28) (92) (61) (69 22) (91 98 41 20) (79) (37 18) 
36 (89 53) (87) (72 2) (13) (48 38) (67) (75 22 23 54) (80) (25 100) (58) (88) (68) (6) (59 10) (96) (84) (12 71) (97) (28 44) (64) (45) (93 26 79) (30 62 57) (34) (81) (99 16 11) (91 39) (61 18 85 94 52) (19 69) (5) (63 42) (74) (17) (65) (95 14 92) (40) (31 9) (78 37) (1 29) (32) (55) (36 60 33) (73) 
37 (6) (11) (78) (94) (46 71) (1) (82 51) (97) (60 54) (16 100 66) (49 19 83) (64 26) (99) (45 18 68) (15 65 7) (20 70) (50) (25) (44) (23 53 5) (4) (12) (52) (3) (58 33 43 27) (90 17 67 57) (32) (37 56 30) (69) (86 2) (96) (14) (59) (8) (31) 
38 (61) (39) (81 38 32) (43 74 70) (67) (93 50) (92) (100) (8) (96) (66) (95 42) (31) (28) (22) (41) (36 53 7 2 69) (21) (87 86 78) (3) (98) (55 88) (82 99) (4) (64 60) (29) (16 6 9) (75) (76) (30) (85) (73) (84) (68 45 27) (24) (97) (19 25) (52 72) 
39 (93) (11) (91) (75) (61) (32) (81 31) (79) (53 6) (4) (99) (54) (27) (39 96 30 10) (76 90 67) (62 69) (50) (86) (20) (34) (29 23 98 52) (100) (82 42) (63) (44 56) (9 5 89) (78) (49 70 12) (21 13) (7) (22 17 37) (51) (33) (28 57 48 65 47) (84) (71) (73) (38) (1) 
40 (90) (20) (88) (85) (4) (23 48 80 72 51 28 81) (94) (41) (63) (91) (60) (76) (7) (58) (77) (37) (42) (79) (83) (44 96 75 30 89 26) (67) (6 18) (24 12) (53) (68) (86) (25) (15 1 27 10) (100 50 22) (78) (14) (21 62 73 43) (95) (5 32) (16) (29) (19 13) 
41 (68) (73 31 20) (87) (61 41) (15) (86) (42) (95) (2 38) (7) (100) (67 4) (81) (43) (1 24 32) (90) (55) (72) (6) (19) (34) (22) (29 79) (91) (52) (77 56) (39) (51) (33) (13) (17 66 28 92 94) (57 97) (25 63) (93 53 11) (14) (48) (21 84) (85) (18) (88 82 83) (80 71) (26) 
42 (36) (42) (64) (99) (77) (88) (25) (87) (2) (85 58 24 90) (28) (83) (18 75) (68) (26) (6) (57 92) (27) (91) (35) (82 72) (97 60) (63) (78) (50) (53) (69) (34 29 62 94) (31 95 89) (61) (74 56) (7 10 100) (38) (49 23) (73) (98) (41) (45) (79 3) (37) (55) 
43 (11) (37 94) (46 51) (12 36) (1 99) (56 85) (63) (32 100 54) (9) (33) (38) (27) (19) (60) (50 86) (8 69) (55) (20) (31) (15 88 87) (74 25) (13 35) (89 4 77) (53) (97 43) (18 21) (16 82) (23) (66) (80) (76) (72) (57 67) (58) (96 3 75 62 68 29 73) 
44 (26) (94) (60) (84) (76 9) (18 54 42) (56) (52) (25) (15) (20) (7 32) (79 64 51 8 10 46) (66) (90 70) (95) (22) (39) (35) (98 68 47 44) (82 49 40) (19) (24) (34 92) (78) (48 67) (28) (73 2 21) (80 4) (36) (86 16 13) (17) (96) (14) 
45 (32 64 81) (40) (87 79) (19 42 51) (99 18) (85) (35 9) (5 26) (29) (65 58) (34) (7 3) (23 68) (16 89 96) (61 25) (71 69) (24 75) (57 62) (11 84 74 2 47 78 36 49) (33) (72) (37 20) (27 83) (13) (97) (10) (38) (93) (73 28) (4) (55) (92) (56) (67) (1) 
46 (81) (27) (8 69) (54) (70) (59) (93 45 82 35) (79) (5 61 1) (48) (72) (6 19) (18 47 94) (74) (24) (66) (96 73 91) (58) (9 60) (15 31 4) (22 2) (55 10 57 78) (29) (77) (36) (97) (62) (56 16) (49 34) (11 100) (30) (88 98) (21) (89) (40 42) (51 87 12 38 64 32) (68 76) (85) (25) 
47 (12) (33 4) (60) (30 13) (92) (14) (39 50 56 48) (25) (80) (79 20) (17 9) (55 81 76 71) (57) (44 2 8) (36) (73) (87 59) (51 27) (26) (32) (74) (100) (89) (22 95 37) (5 19) (31) (83 34 96) (98) (11) (88 75) (67 6) (29 64 93) (91 84) (3) (10 82 62) (90) (54 40 16) (35 70) (24) (45) (28) 
48 (80) (25) (48 96) (51 71) (30) (54 63 3) (4) (20) (17 70 47 61) (5 49) (83 75 55) (79) (93) (41) (9) (11 67) (72 31) (38) (36 66 53 22 34) (88) (77) (76) (1) (13) (21) (6) (7 94 89) (15) (40) (19) (24 35) (95 44) (74) (46 62) (33) (64 58 59) 
49 (16) (15) (3 66) (30) (34) (49) (36 7) (79) (91) (45) (8 98 84) (56 27) (59 19 92) (70) (69) (75) (20) (33) (17) (99 9 57 94) (68 81 22 37 97) (86) (1 25) (32) (65 31) (29) (26) (76) (50 100) (35) (82) (53 74) (61) (11) (21) (62 87 85) (14) (89) (5 48) (95) 
50 (89) (33 53 63) (86 48) (18) (61) (78 80) (27 83 10 29 5) (30 54 47 21) (75) (57 24) (58 44) (11) (49) (93) (26) (60 82) (81) (74 99 98) (97 79) (8 25) (84 14) (55) (85 46) (1) (90) (12) (9) (4 20 22) (16) (13) (87) (40) (50) (17) (23) 
51 (29 50 41 84 16) (81 66 43) (70) (35) (36 55) (83 48 39) (97) (2) (77 75 73) (76) (47) (11) (65) (30) (13) (91 63) (79 53 68) (22 89 15) (8 46) (67) (45) (87) (24) (85 62) (44) (78) (72) (74) (10) (49) (28) (60 96) (42 14) (5 80) (61) (71) (94 99) (3) 
52 (79) (40 86) (83 85) (18 11) (58 38 6) (13 3) (8 52 72) (98) (9) (69 29) (37) (92) (88) (95 47 44 62) (50) (42) (12 19 41) (90) (27 73) (91) (75 45 67) (89) (21 61 55 93) (76 59 63) (30 99) (24) (66) (10) (81) (82 16) (49) (74 4) 
53 (10) (45) (47 20) (40 21) (92) (71 16 65) (42) (36) (27 29) (24 49) (62) (12 84 89 3) (69) (8) (2 14 56) (73 15) (64) (39) (19) (34 91) (81) (25 50) (58 93 43 99 33) (31 30) (95) (85) (17) (22) (63 90) (6) (32) (79 57 59 88) (28) (23) (1 96) (80 97) (51) (82 46) (87) 
54 (80) (22 13 78 90) (82 75) (89) (48) (4 74) (40 41) (92 26 94) (98) (25 28) (96) (68) (33) (12 49 62) (29) (47 54 72) (15 86 34 87) (10 73 31) (51 93) (8) (61 53) (39 60) (66) (58) (79) (77 19) (85 18 9 24) (84) (69) (76) (23 7) (88 32 64) (70) (99) (45) 
55 (17) (80 40) (98) (55) (79 46) (41 9 35) (68 20) (82) (62) (53 29) (12) (75) (91) (78 100 64 16 81 47 10 25 24) (76) (94) (23 58) (6) (1 85 31 34 42 74) (97) (3) (50 60) (61) (7) (66) (95) (59 69) (2) (30) (27) (77) (13 67 65) (49) (87) (84) (32) (56) 
56 (9) (75) (76) (99 10) (21) (82 4) (32) (100 86) (71 64) (20) (44 90) (2 68) (92) (70 45 13 36 60 8) (97) (94 80) (38) (5) (53 40 24) (93) (52) (79) (51) (66) (78 6) (73) (39 3) (14 87) (35) (88) (25 41 59) (27) (62) (46) (37 89) (26 48) (84 55 56) (49 47) (83) (85) (22) 
57 (27 64) (62) (24 96 36) (2 66 57 67) (9) (81) (79) (65) (34) (53) (95 30) (52) (83) (71) (72) (86) (75) (84 77) (82) (49 43) (32 100 41 13 92) (56 80 8) (54 87) (6) (58) (25) (42) (89) (1 40) (37 73) (68) (33 99 14) (47 35) (70) (94) (23 12) (90) (10 38) 
58 (26) (100 30 72 15 4) (50 93) (39 82) (74) (84) (27 21) (85 29) (48) (69 8) (80 81 43) (3) (38) (12) (66 94 97) (28 90) (44 68 17) (96 5 51) (54) (37 65) (23) (70) (42 52) (83 77) (20 79) (92) (61) (11) (56 73) (78 53) (14 35) (64) 
59 (12 64 76) (41) (84 17 53) (99) (43) (87 1 32 2 63) (5 69 4) (61) (92 22) (86 3 11 70 58 80 42) (62 91 31 85) (88) (34 28 72) (6) (79) (54) (48 30) (39 65 97) (60) (74) (81 45) (33 13) (35) (47) (59) (68) (93) (27) (23) (25) (56) (75 89) (90) (26) (14 94) (50) (66) 
60 (37) (83) (79 42) (31) (14) (29) (80 46) (89) (76) (1) (39) (54 36) (15 87 45 12) (40) (56 63 71 21 94) (9 61) (38) (35 84 65) (6) (34) (4 20) (53 58) (62) (28) (52) (11) (10) (32) (30 57) (98) (44 99) (90 92) (81) (66) (47 96 73 26 3) (59) (55) 
61 (96 56 53 60) (65) (77 64) (94) (79) (66 18) (81) (83 89) (78) (74) (8) (82) (21) (2) (88 4 32 54 17) (43) (35 11) (36) (26) (41 6) (100) (50 86) (7 34) (33) (31 72) (25 48) (9 98 5) (52) (29 39) (92) (40) (84 51 19 73) (3) 
62 (75) (61 23 24 36) (83) (81 30 67) (64) (27) (5 60) (9 52) (58) (43 63 48) (15) (56) (20) (57) (33) (65) (2 42) (51) (59) (40) (70 78) (17) (44) (62) (22) (49) (32) (7 12) (25) (13) (31 8) (11 68) (87) (18 55) (72) (77) (74) (39) (98) (19) (1) (10 54) (73) (47) (37 38 41 46) (66) 
63 (78) (91) (56) (68 97) (37) (29 60) (11) (4 48 30) (73 51) (14 57 81) (62 74 1 12) (47) (59) (96 39) (69 35) (44) (82) (5) (75) (42) (17) (2) (85) (84) (22) (99) (24) (32 65 31 43 13) (72) (93) (52 28) (46) (86 25) (61) (63) (41 50 87) (33 49 34) (94) (36) (40) 
64 (3 94) (100 27 68) (34 62 39) (56 99) (83) (82 26 40) (81 86 77) (15 92) (33 63) (87 10 74) (35) (52) (18 19 59) (70 96 80 69) (38 21) (93) (17 50 64) (90) (76) (84) (24 41 97 65) (51 72) (1 32) (8) (22) (44) (46) 
65 (49 82) (44) (64 56) (43) (41) (22) (94) (86) (21 65) (9) (48 84 40) (87) (81) (72 78 88) (32) (39) (10) (20 27) (85) (47) (73) (8) (97 71 79 12 1) (99) (5) (33) (15 34) (51) (36 77 90 45 18 98 28) (50) (83) (4 6) (68) (26) (35 31 89) 
66 (36 8) (11 98) (55 80) (73) (77) (84 66 51) (99) (19 24) (43) (35 21) (40 29) (70) (5) (78 39 48 71) (3) (53 81) (32) (6) (49) (89) (91) (93 9) (67) (4) (44 52 46) (26 88 28) (41) (37) (96 33 45) (87) (23 76) (59 56 38) (79) (54 63 72) 
67 (16) (72) (52) (26 98) (18 81) (24) (50 8) (38 1) (30) (40 48) (94 77 91 47 2) (58) (69) (96 31) (9) (20) (71) (45) (75 42) (53) (65) (4) (66 49 43) (64) (3) (37) (55 7) (17) (95 74 85) (83) (39 89) (28 54) (70) (59) (14) (90) (36) (15 56 63 11 23) (78) (100) (60) (6 27) (13 79) 
68 (3 76 33 39) (95 29 63) (86) (51) (35 42 53) (66 100) (98) (21) (37 82) (16 32 5) (99 50 7 59) (26) (11 14 22 83) (84) (43) (77) (72 80) (15) (36) (55 38 40 18) (17) (10 57) (31) (60 96 90) (88) 
69 (52) (29 58) (55) (71 1) (25 59 14) (96) (53) (83) (48 50) (17 81 13) (36) (63) (42) (43) (67) (92 47 9) (99) (75) (19) (62) (44) (76) (26 27 49) (64) (87) (82) (46) (77 10) (38 12 30 28) (5) (7 23) (54) (20) (57) (65) (24) (51 100) (98) (79 56) (70) (90) (89) (78) (97 86) 
70 (54 2) (80) (66 21) (97 16) (96) (7) (47) (4 34) (68) (76 85 46) (100 35 63) (78) (77 73) (60 83 62 44 57 69 79 40 20) (24) (74 64 84 26) (28) (92) (11 33 86) (30 94) (70 5 81) (61) (87) (48 71 27) (93 65) (1 8) (59) 
71 (97 44 76) (38) (12) (23 7) (47) (87 22 100) (10) (29 18 20 30) (32) (65 82 92 56) (34) (79) (72) (64) (16 4) (53) (57 33) (91 35 77 99) (59) (9) (90 51 37) (81) (55 1) (62) (41 11 80) (86 52) (5 45) (21) (93 94) (63) (66) (50) (13) (67) (95) 
72 (86) (64 95) (94) (75 27 58 18) (13) (7) (28 80 69) (37 78) (57) (89 10 91) (44 79 38) (40) (19) (14) (76) (29) (1) (6 5) (35 70 85 55 92 51 59) (47 23) (45 36) (66) (4) (15 11 73) (83) (90 22) (56 12) (39) (84 41) (72 74 97) 
73 (67) (6) (29) (48) (23) (28) (16 52) (59 68 85) (75) (32 24) (71) (50) (76 36) (44 91 46) (40 20 7 18) (12) (25) (2) (37 55) (33 41 70) (96) (26 98) (80) (45) (74) (34) (63 61) (4) (9 21 94 54 15) (38 97 17) (84) (10) (1 22) (64 35) (66) 
74 (36) (24) (28) (61) (93) (87) (7 11 25 40) (49 94) (83 79) (57 50 75 10) (66 5) (35 17 74 42) (99 46 96) (2) (91) (1) (38 19) (30) (67 45 80) (13) (72) (54 9 89 60 6 78) (56) (3) (33) (32) (73) (55 71 29 18) (64 90) (53 44 58 88 31) 
75 (73) (70) (12) (84) (2 48 81) (58) (23) (50 26) (95) (52) (1 77 79) (80 11) (3 4) (53) (51) (37) (63) (86) (49 78) (34) (96) (90) (60) (18) (22 43) (9 57 69) (6) (15) (92 68) (66) (72) (29) (64) (61) (14 19 28 44) (20) (97 41 71) (65 98) 
76 (23) (28) (100) (65 50) (59) (11) (39) (49 97 64) (58) (99 43 33 68 18) (15 13 79) (7 2 40) (75) (86) (38) (17 94) (16 80) (24) (45 46 89 67) (74) (70 83) (6) (96 54) (36 3 69 41 44 42 9 56 21) (77 66 61 4) (81) (88) (53) (90) (93 72 82) (26 1) 
77 (98) (3) (59 2 85 66) (39 17) (95 96) (34) (91) (44 12) (65) (43 26 88) (11) (60 73 18) (20) (94 7 10) (8 41) (37) (84 31 72 68) (100) (49) (56) (22 21) (45) (35) (61) (69 52) (24) (5) (82) (29 50) (19) (71) (93) (81) (13 87) (55) (97) (90 53 30 67) (42) 
78 (10) (68) (52 3 57 19 34) (62) (92) (70 66) (20) (53) (14 84) (26) (97 25) (38 29 61) (85 35 18) (30) (47 95) (79) (27) (93) (13) (17) (90 31) (37 23) (96) (49 58) (82) (28 75 12) (36 1 64) (59 83) (87) (55) (74) (32) (44) (60) (76) (50 54 100) (2) (72) (73) (99) (56) (67) 
79 (24) (18 7) (100 77) (38) (41) (90 73) (46 27) (79) (98 13) (11) (17) (12 65 68 94 29 82 54 44 42) (47 72) (37 50) (99) (33) (64) (6) (10) (53 48 61) (69 45) (1) (60) (76 2) (84 52) (51 31) (63 80) (55) (40) (14) (39) (62) (74) (30) (26) (96) (87 85) (5) (28) (32) (57) 
80 (15 51 99) (54) (53 94) (70) (74 76) (50 5) (37) (84 31) (26) (43) (44 86 13) (61) (19) (35) (69 4 32) (7 57) (67) (47) (80 77 95) (14 25) (79) (12 92) (10 62) (58) (34) (1 96 89 16 71 75 33) (48) (28 100 66) (52) (78) (59 40 65 82) (60) 
81 (90 5) (82) (23) (69) (38 14) (67 84) (70 94 15) (22) (93 60 65) (83 52) (63) (16) (45 29) (43 100) (36) (66 18) (96) (17) (19) (62) (40) (46) (59) (25 42 78) (8) (91 47 10) (73) (32) (86) (57) (35 88) (30 75 28 31) (34) (97 95) (12) (72) (24) 
82 (38 39 62 97) (46 42) (67 91) (13) (52 34 60 83) (21) (90) (88 87) (58) (64) (53 25 19) (41) (98 2) (70) (36) (71 49) (57) (35) (12 15) (56) (22) (78) (10) (51) (59) (5 6) (45) (81) (37) (84 89 30 24 23 50) (99) (76) 
83 (61 38 93 51 95) (65) (2) (63 46 60 91 37) (42 4) (96 20 45 28 80 27 22) (6 15) (5 87) (55 21 19) (64) (1 9) (7 59 14 41) (35) (24) (90) (100 12 74) (39 72) (94 82) (36) (11 68) (73 32 57) (89 29) (71) (50) (81) (8 18) 
84 (60) (72) (35 65 89) (16 53 2 21) (80 69) (27) (24) (23) (36) (7) (9) (42) (91) (26 15) (84 52 96 22) (97 45 46) (18 6 59) (66) (10) (67) (34 17 13 54) (19) (4 83) (74 86 29) (76) (73) (71 11 37) (30 14) (8) (62) (56 51 90 64 63) (95 12) (93) (32 3) (48) (94 40) (68 47) 
85 (35 64) (20 5) (75 98 91 4) (74 50 99 69) (12) (67) (28) (57 38) (23) (71) (18 95 27 73 7) (54) (70) (26) (53) (31) (86 84) (61) (13) (76 21) (96 63 2) (3) (59) (44) (97) (10) (62) (77 8 85 36 29) (82) (81 17) (58) (34) (14) (66) (65) (49 25 90) (24 45) 
86 (46) (62 21 93 19 32) (98) (85) (11) (45) (28) (91 30) (54) (92) (24) (99) (13) (42) (94) (44) (97) (72) (9) (75) (86) (74) (84) (79 7 1) (78 4) (37 80 63 20) (59) (90 69 67 76 48 39) (8 65 60) (35 10 22) (2 50 89) (71) (49 52) (64 18) (88) (33 23) 
87 (67) (66 37 56 34 78) (19) (64) (92) (84) (97 70) (16) (52) (83) (44) (88) (47) (76 72) (38 77 27) (31 82) (2) (48) (9) (94) (73) (71 58) (22) (95 11 79) (57) (15 3 93 35 46 20) (4) (75) (8 17 12 30) (96) (74 36 62) (99 26) (81 6) (69 29) (14) 
88 (59) (66 58 10 38 99 27) (69 9) (74 16) (98) (85 76 78) (81) (11) (43) (14 46) (88) (30) (68) (15) (12) (77 8 29 91) (23) (33 28 51 71 73 22) (40) (82 55 31) (34) (25 56 7) (67) (24) (64) (80) (4 61 94) 
89 (15) (54 79 82) (69 94) (32) (56 33) (93 29 98 71) (49 61 17 81 5) (30 19 44) (8) (78 18) (26) (74) (75) (36 20 24) (35) (86) (85 27) (41 45) (16) (40) (55) (89) (3) (92) (11 88) (76) (84) (87 64) (50) (100 57 66 51) (52 53 70 72) (97 62) 
90 (53) (89) (43 20 99) (9) (84 2) (81) (47) (67) (17 30) (74 45) (15 87 31) (19 76) (61 13) (23) (8) (85 48 50) (44 91) (38 73) (70) (41 3 92 32 58) (86) (79 75 10) (59) (65 11) (63) (5) (77) (51) (82) (94) (80 56) (52 97) (60) (36 26) 
91 (97 23) (2) (3 78) (53) (33) (99) (92) (65) (11 39 9 89) (37 30) (90) (43 94 40 74) (36 7) (76 18) (19) (49) (63 25 29 88) (54) (84) (79) (56 69) (42) (35) (66) (26) (32) (57) (62) (83 64) (38) (15 13) (21) (31) (50) (45 22) (27) (47 51) (82) (58 59) 
92 (75) (3 40) (76) (70 63) (51) (82) (50) (60 29 36) (53) (72) (32) (91) (89) (6) (61) (86) (54) (94 42 57) (71 13 27) (83) (62 99) (48) (10 11) (55) (88 93) (8) (87 78) (46) (97) (14 84 28 33 98 47) (37 31) (73) (39 17 35 1) (2) (85) (44) 
93 (88) (64) (21) (26 92) (16 30 31) (60) (56) (29) (62 73) (33) (23 19) (99) (11 8) (71 63) (100) (45) (90) (34) (5 9) (14) (77) (81 27) (4) (3 10 87) (53) (98 25 55 35 61) (59) (7) (72) (74) (78 17) (67) (46) (48) (96 39 57) (89 83 79) (54) (49 76) (85) (36) (32 28) (94) 
94 (5) (54) (65) (72) (88) (61 98) (71) (85) (19) (84) (7) (89) (27 20) (91 92 55) (24) (68) (29 4) (28 95) (31) (93) (48 86) (49) (47) (21 73) (35) (87 50) (60 33 40) (83 15) (75) (34) (13) (26) (76 8 10) (16) (11 58 67) (22) (38) (74) (32) (81) (70) (30) (97) (46 41) (25) 
95 (93) (4 70) (85) (86) (65) (40) (25 100 33 64) (61) (3) (30) (94 46 58 76) (78) (77 75) (43 2 39) (42) (37 68) (89) (14) (57) (20 59) (99) (35) (38) (69) (79) (32) (74) (34 63 16) (12 97) (62) (9 87) (10 60 45) (84 7 24 1 54) (17 50) (6 26) (72 71) (31) (21) 
96 (41) (60 43) (76) (56) (94) (79) (62 74) (16 20) (68 46) (23 100 96) (42) (78 11 81 59) (12 40 18) (37 89 95) (65 22) (72) (8 38) (3) (9 5) (98 85) (33 31 14) (54 52) (25 51) (91 26 70 86) (44 10 64 75) (7 36 6) 
97 (75) (2 50 49) (78) (16 28 99 72) (60) (15 98) (5) (1) (3 38) (100 73) (20 41 18 92) (43) (48) (12 62 64) (8) (77) (82 36 35) (44) (37 46) (63 89 29) (80) (94 26 53 96) (58) (24 39 79 13 54) (93) (76 4 19) (59) (95) (42) (47 88 71) (90) (45) (52) 
98 (8) (97) (51 80) (3) (49 23) (34 54 43) (47) (57) (62) (29) (93) (55) (48 73) (31) (87 45) (13 71) (53) (39) (69 38 14 70) (16 7) (95 60 19) (30 35) (21) (22 24 74 28) (44) (2 72 100 11) (12) (78 79 90 77) (76) (1 66) (52) (15) (91 89) (98 64) (10) (5 36) 
99 (85) (31) (12) (92) (47) (82) (93 6 68) (70) (24) (58) (28) (69) (20) (57) (38 42 60) (62 49 80 37 33 39) (87) (17 63) (19) (67 64 89) (81) (51) (5 84 65) (21) (73) (25) (55 3) (97) (56) (46) (13 61) (29 88) (54) (76 86 41 72 36 48) (7) (71 90) 
100 (81 83) (77) (50) (89) (29) (66) (30) (42 55 72 34 71 60 90) (43) (51) (36) (19) (82) (53 12 98) (100 47) (8 27) (33) (97 49 45 87 96 1) (73 22) (92) (46) (59 88 20 58 14 13 44 10 6 28) (68) (75) (26) (93 91) (31) (67) (23 39) (24) (18) 
1 (76) (37) (15) (70) (92) (98) (73) (23) (29) (67) (18) (63) (50) (55) (46) (19) (95) (49) (62) (69) (7) (11) (80) (30) (21) (12) (86) (45) (40) (16) (10 57) (27) (14) (79 4) (65) (71) (26) (100) (59) (3 72) (83) (75 41 43) (24 78) (33 74) (9 64) (2 39 17 13) (48) (97) (36) (5) (53 60) 
2 (63) (98) (61) (28) (84) (18) (19) (21) (9) (57) (83) (25) (70) (55) (44) (73) (79) (45) (36) (56) (47) (23) (7) (75) (87) (42) (53) (78) (97) (77) (2) (59) (67) (76) (32) (3) (46) (38) (37) (86) (13) (26) (31) (1) (51) (90) (74) (41) (12) (16) (91) (82) (62) (85) (15) (92) (95) 
3 (37) (77) (28) (93) (89) (75) (48) (21) (49) (61) (43) (7) (58) (51) (45) (26) (2) (91) (8) (87) (22) (17) (47) (10) (76) (55) (68) (98) (66) (30) (90) (74) (29) (35) (67) (13) (60) (59) (85) (84) (42) (64) (52) (31) (97) (32) (20) (25) (95) (56) (24) (78) (99) (19) (96) (92) (53 38 18) 
4 (11) (43) (95) (50) (65) (39) (14) (17) (38) (16) (83) (76) (40) (87) (88) (24) (13) (41) (58) (8) (86) (18) (67) (84) (10) (37) (45) (29) (35) (72) (71) (61) (19) (27) (46) (52) (48) (93) (6) (54) (56) (12) (97) (3) (59) (9) (1) (63) (66) (20) (73) (26) (80) (85) (75) (34) (94 44) (60) (70 47 28) (25) 
5 (82) (17) (74) (79) (31) (66) (40) (23) (9) (46) (56) (97) (45) (93) (71) (20) (70) (47) (89) (11) (94) (49) (39) (85) (68) (83) (50) (81) (77) (26) (72) (32) (63) (48) (51) (7) (59) (37) (98) (80) (25) (6) (61) (18) (27) (8) (3) (96) (90) (34) (14) (36) (65) (62) (22) (69) (2) (21) (1) (99) (58) 
6 (56) (48) (59) (5) (30) (83) (96) (99) (75) (60) (74) (2) (66) (3) (39) (32) (14) (46) (7) (15) (19) (4) (18) (87) (22) (1) (72) (55) (12) (82) (23) (27) (53) (100) (92) (37) (29) (20) (67) (41) (26) (52) (61) (11) (79) (40) (25) (8) (95) (57) (42) (31) (36) (84) (65) (73) (47) (38) (10) (76) 
7 (68) (42) (86) (79) (84) (70) (39) (41) (72) (88) (35) (32) (69) (61) (77) (74) (33) (94) (29) (48) (28) (7) (67) (83) (3) (5) (15) (85) (71) (80) (2) (40) (49) (26) (34) (96) (73) (99) (76) (12) (54) (38) (45) (62) (19) (37) (30) (95) (44) (91) (24) (98) (55) (14) (9) (93) 
8 (64) (49) (37) (8) (7) (38) (67) (88) (5) (58) (3) (46) (43) (61) (70) (26) (33) (23) (13) (50) (53) (62) (100) (65) (21) (84) (32) (57) (52) (11) (47) (1) (17) (6) (96) (12) (93) (85) (28) (98) (81) (44) (30) (86) (97) (92) (66) (56) (89) (90) (29) (16) (18) (94) (51) (54) (27) (77) (83) (87) 
9 (16) (33) (25) (57) (44) (31) (55) (60) (47) (91) (88) (73) (96) (61) (10) (3) (32) (38) (76) (67) (22) (52) (65) (90) (93) (56) (49) (54) (5) (62) (24) (6) (45) (75) (43) (17) (50) (36) (12) (1) (15) (4) (46) (86) (48) (30) (39) (34) (83) (74) (87) (19) (66) (84) (71) (9) (95) (20) (69) 
10 (30) (42) (39) (64) (53) (2) (20) (95) (68) (79) (47) (88) (34) (100) (84) (56) (45) (21) (54) (24) (82) (31) (51) (69) (60) (96) (13) (8) (57) (7) (55) (65) (36) (81) (62) (98) (72) (78) (3) (23) (80) (22) (33) (29) (52) (40) (46) (50) (71) (44) (93) (92) (10) (94) (12) (85) (86) (74) (14) (77) (25) (73 90) 
11 (59) (67) (58) (6) (51) (96) (77) (27) (34) (66) (92) (91) (41) (10) (26) (31) (76) (36) (84) (21) (86) (70) (1) (71) (45) (63) (3) (16) (75) (43) (94) (28) (60) (89) (88) (23) (33) (17) (9) (87) (93) (5) (11) (49) (52) (12) (98) (22) (90) (39) (50) (25) (37) (35) (48) (2) (61) (72) (20) (46) (79) (18 47 4 74) (62) (83 68) 
12 (19) (80) (60) (7) (29) (40) (25) (22) (31) (71) (58) (18) (75) (12) (62) (50) (53) (95) (96) (87) (83) (88) (57) (30) (59) (13) (82) (39) (99) (46) (21) (54) (9) (14) (55) (43) (72) (36) (11) (10) (97) (98) (78) (52) (23) (32) (84) (69) (37) (15) (73) (2) (100) (35) (63) (79) (1) (5) (77) (16) (65) (27) (47) (81 85) 
13 (55) (79) (77) (27) (33) (78) (43) (15) (8) (5) (28) (36) (34) (54) (86) (92) (85) (39) (41) (21) (84) (48) (59) (40) (98) (47) (50) (16) (57) (9) (13) (74) (2) (51) (44) (63) (67) (62) (97) (23) (91) (100) (69) (7) (26) (71) (6) (90) (22) (76) (45) (56) (94) (52) (3) (82) (32) (80) (99) (1) (12) (18) (72) 
14 (53) (16) (88) (69) (85) (51) (92) (47) (10) (72) (49) (41) (36) (18) (80) (79) (19) (93) (7) (13) (78) (50) (96) (24) (20) (15) (83) (60) (21) (30) (6) (44) (59) (37) (56) (95) (29) (68) (63) (22) (26) (75) (35) (5) (100) (9) (3) (87) (40) (57) (58) (28) (84) (67) (98) (81) 
15 (40) (25) (37) (22) (88) (1) (75) (84) (98) (32) (87) (82) (97) (48) (12) (41) (11) (3) (64) (76) (65) (34) (53) (73) (23) (72) (46) (21) (26) (60) (68) (62) (90) (28) (81) (7) (91) (54) (80) (89) (20) (67) (58) (30) (51) (49) (83) (8) (17) (94) (44) (6) (43) (27) 
16 (17) (37) (10) (13) (9) (36) (50) (95) (38) (98) (44) (52) (6) (49) (84) (87) (80) (12) (97) (93) (27) (32) (14) (81) (40) (43) (11) (7) (55) (96) (33) (24) (94) (68) (73) (89) (18) (71) (53) (47) (2) (31) (88) (23) (30) (51) (25) (70) (8) (67) (45) (76) (46) 
17 (63) (23) (81) (1) (44) (78) (19) (92) (3) (87) (47) (84) (73) (27) (21) (67) (20) (69) (18) (49) (22) (68) (58) (99) (50) (5) (79) (41) (53) (39) (8) (89) (77) (93) (48) (36) (95) (74) (61) (25) (64) (30) (13) (85) (34) (10) (37) (76) (59) (55) (62) (90) 
18 (37) (6) (79) (61) (86) (52) (96) (16) (97) (5) (78) (1) (18) (54) (76) (9) (85) (41) (72) (71) (43) (44) (40) (33) (26) (74) (65) (100) (83) (67) (75) (15) (77) (62) (7) (45) (89) (35) (32) (46) (13) (68) (30) (4) (36) (91) (84) (25) (20) (42) (29) (73) (2) (11) (81) (3) (64) (50) (8) (31) 
19 (16) (53) (49) (3) (72) (41) (12) (5) (7) (38) (27) (29) (93) (99) (81) (100) (77) (82) (86) (83) (45) (18) (61) (8) (87) (52) (91) (48) (43) (69) (25) (9) (46) (23) (37) (97) (80) (36) (24) (89) (98) (90) (28) (84) (66) (21) (75) (64) (14) (47) (6) (78) (94) (33) (74) (44) (62) (40) (26) (31) (54) 
20 (71) (86) (41) (48) (1) (39) (14) (78) (100) (60) (31) (35) (5) (94) (53) (77) (49) (7) (89) (90) (56) (33) (67) (83) (34) (85) (45) (37) (87) (17) (43) (97) (44) (22) (73) (75) (24) (58) (40) (20) (9) (62) (27) (10) (95) (47) (26) (96) (70) (4) (11) (55) (50) (23) (69) (65) (99) 
21 (25) (95) (29) (52) (82) (3) (93) (99) (41) (68) (94) (50) (21) (40) (24) (64) (91) (1) (43) (85) (60) (61) (22) (20) (34) (5) (7) (13) (38) (49) (48) (35) (32) (83) (28) (73) (58) (30) (8) (66) (44) (86) (12) (39) (71) (4) (53) (98) (26) (76) (70) (11) (77) (46) (33) (84) (16) (65) (15) (56) 
22 (39) (12) (7) (50) (54) (16) (41) (59) (100) (46) (18) (72) (48) (86) (64) (75) (73) (84) (96) (44) (35) (94) (17) (11) (22) (36) (56) (27) (88) (9) (32) (24) (30) (77) (65) (6) (63) (20) (62) (53) (87) (23) (82) (91) (28) (38) (68) (34) (40) (81) (83) (47) (49) (13) (31) (51) (71) (98) 
23 (45) (82) (76) (78) (69) (55) (1) (81) (58) (6) (42) (11) (5) (23) (32) (18) (59) (22) (90) (86) (72) (33) (40) (29) (85) (9) (67) (75) (62) (50) (54) (43) (98) (30) (36) (57) (96) (91) (27) (39) (4) (21) (37) (100) (71) (31) (84) (66) (53) (19) (93) (73) (25) (20) (88) (16) (17) 
24 (29) (11) (5) (41) (86) (3) (73) (64) (42) (82) (47) (88) (55) (1) (31) (95) (13) (25) (99) (17) (2) (77) (4) (8) (26) (23) (48) (56) (85) (21) (50) (53) (70) (16) (83) (51) (79) (46) (89) (66) (94) (62) (30) (98) (69) (67) (6) (54) (24) (14) (40) (100) (45) (63) (84) (81) (34) (44) (12) (57) (52) (74) (9) (38) (97) (19 76) 
25 (50) (94) (6) (46) (88) (21) (78) (93) (54) (82) (69) (80) (45) (23) (59) (37) (99) (17) (8) (14) (18) (27) (57) (42) (62) (2) (81) (38) (53) (10) (55) (44) (36) (91) (24) (22) (30) (63) (12) (73) (85) (74) (40) (61) (5) (43) (32) (11) (47) (96) (48) (41) (56) (49) (7) (95) (4) 
26 (87) (29) (70) (6) (19) (59) (49) (21) (56) (61) (90) (42) (40) (69) (32) (66) (5) (85) (84) (36) (89) (15) (96) (65) (8) (2) (10) (9) (33) (35) (94) (50) (26) (7) (25) (54) (95) (100) (23) (47) (80) (60) (79) (37) (67) (78) (75) (41) (27) (64) (16) (24) (30) (76) (91) (68) (73) (44) (93) (58) (97) (14) (45) (34) (12) (77) 
27 (94) (46) (92) (39) (35) (93) (78) (83) (7) (43) (53) (79) (91) (38) (58) (69) (4) (40) (89) (100) (30) (70) (34) (64) (62) (20) (29) (84) (59) (31) (10) (37) (50) (32) (85) (45) (14) (3) (55) (65) (33) (56) (57) (12) (42) (2) (72) (87) (17) (67) (88) (49) (27) (52) (5) (47) 
28 (70) (27) (100) (11) (74) (31) (44) (6) (67) (42) (29) (40) (60) (4) (12) (86) (16) (18) (83) (80) (75) (28) (5) (51) (88) (59) (35) (63) (97) (72) (98) (7) (78) (76) (92) (93) (66) (20) (23) (85) (33) (19) (25) (94) (79) (54) (32) (45) (21) (81) (39) (99) (2) (73) (58) (47) (41) (38) (36) (53) (3) (69) (65) 
29 (36) (41) (89) (31) (4) (60) (30) (69) (39) (84) (63) (23) (92) (8) (26) (49) (53) (93) (91) (71) (40) (50) (94) (74) (32) (15) (72) (87) (78) (58) (25) (88) (83) (9) (12) (43) (100) (85) (79) (66) (61) (10) (33) (46) (51) (42) (77) (6) (98) (68) (38) (75) (13) (34) (73) (81) (54) (27) (16) (45) (47) (97) (52) (18) (99) (55) (1) 
30 (86) (16) (90) (40) (2) (69) (14) (84) (58) (94) (37) (26) (6) (31) (8) (87) (93) (82) (74) (32) (28) (78) (55) (57) (15) (47) (51) (91) (70) (48) (71) (39) (89) (62) (27) (95) (79) (50) (63) (25) (46) (98) (36) (1) (100) (24) (52) (22) (77) (81) (4) (49) (34) (59) (30) (10) (60) (38) (67) (53) (88) (23) 
31 (100) (78) (68) (21) (81) (94) (38) (26) (59) (23) (6) (37) (54) (33) (99) (41) (46) (22) (30) (93) (53) (28) (7) (63) (88) (61) (15) (62) (3) (9) (47) (95) (87) (65) (80) (67) (55) (31) (29) (8) (98) (18) (60) (11) (79) (35) (77) (96) (43) (36) (85) (49) (14) (25) (91) (90) (92) (39) (48) (42) (74) 
32 (92) (45) (2) (15) (47) (63) (5) (83) (41) (23) (53) (32) (66) (91) (35) (89) (78) (39) (57) (86) (84) (9) (79) (25) (37) (80) (3) (64) (59) (43) (7) (71) (61) (46) (26) (33) (49) (95) (73) (44) (55) (54) (94) (38) (60) (40) (56) (31) (62) (90) (10) (93) (65) (81) (36) (6) (74) (68) 
33 (63) (53) (76) (11) (41) (47) (65) (39) (62) (70) (49) (74) (22) (94) (37) (73) (80) (79) (24) (25) (21) (31) (92) (19) (50) (36) (20) (45) (48) (100) (59) (5) (18) (99) (33) (8) (13) (3) (71) (10) (64) (89) (95) (17) (23) (43) (91) (88) (12) (9) (29) (54) (68) (86) (14) (61) (32) (6) (57) (66) (96) (93) 
34 (93) (95) (14) (6) (19) (94) (16) (25) (71) (80) (54) (82) (26) (65) (12) (98) (57) (21) (44) (18) (41) (11) (70) (75) (22) (36) (77) (1) (2) (32) (48) (64) (33) (88) (60) (27) (3) (10) (45) (4) (30) (73) (63) (53) (49) (55) (39) (46) (47) (85) (78) (7) (84) (28) (42) (100) (87) (61) (59) (81) 
35 (25) (48) (87) (57) (55) (42) (98) (58) (28) (46) (86) (78) (77) (80) (6) (61) (30) (83) (11) (34) (10) (65) (16) (51) (56) (14) (64) (68) (72) (84) (31) (17) (85) (97) (24) (59) (70) (71) (1) (60) (3) (12) (47) (92) (27) (43) (94) (73) (20) (81) (91) (82) (26) (45) (13) (19) (49) (95) (7) (93) (89) (74) (66) (63) (44) 
36 (47) (61) (69) (46) (20) (34) (44) (10) (30) (81) (27) (99) (36) (66) (62) (67) (56) (14) (45) (93) (90) (4) (5) (32) (63) (100) (87) (89) (65) (1) (51) (42) (68) (96) (92) (91) (43) (84) (76) (57) (11) (60) (24) (72) (83) (74) (31) (78) (7) (97) (82) (9) (8) (22) (53) (18) (6) (48) (38) (85) (73) (17) (33) (49) (98) 
37 (47) (71) (11) (72) (58) (12) (92) (7) (82) (86) (49) (10) (91) (8) (2) (84) (96) (42) (18) (25) (52) (24) (29) (26) (36) (97) (68) (95) (37) (78) (73) (83) (62) (79) (22) (57) (40) (17) (80) (60) (39) (20) (99) (30) (19) (66) (45) (63) (3) (32) (56) (16) (87) (43) (5) (35) (77) (67) (75) (4) (31) (13) 
38 (60) (2) (56) (28) (52) (41) (69) (46) (99) (10) (32) (43) (58) (6) (81) (88) (26) (57) (85) (31) (72) (35) (97) (30) (62) (4) (8) (34) (15) (5) (90) (45) (9) (39) (18) (21) (74) (1) (22) (73) (66) (23) (64) (68) (71) (3) (82) (79) (94) (83) (91) (67) (98) (95) (38) (87) (36) (16) (78) (48) (76) (42) (96) 
39 (64) (86) (22) (56) (67) (91) (10) (20) (26) (8) (36) (83) (34) (27) (44) (97) (35) (12) (99) (3) (60) (51) (1) (31) (100) (65) (66) (54) (15) (93) (30) (77) (33) (4) (63) (92) (53) (62) (61) (98) (32) (95) (38) (72) (16) (76) (59) (21) (23) (58) (6) (28) (47) (39) (68) (18) (19) (41) (82) (79) (9) (11) 
40 (91) (64) (3) (73) (10) (54) (36) (56) (35) (63) (45) (11) (55) (48) (4) (72) (74) (94) (70) (5) (76) (52) (60) (92) (57) (65) (50) (96) (20) (17) (34) (61) (7) (89) (84) (29) (80) (22) (67) (2) (95) (79) (88) (25) (68) (44) (28) (18) (62) (47) (46) (81) (66) (53) 
41 (18) (7) (9) (64) (23) (31) (13) (82) (21) (83) (94) (38) (28) (10) (54) (24) (76) (55) (41) (27) (73) (59) (62) (61) (57) (51) (97) (40) (56) (75) (30) (65) (17) (35) (99) (96) (11) (89) (1) (52) (79) (90) (48) (63) (4) (72) (42) (66) (71) (34) (8) (6) (77) 
42 (18) (17) (57) (31) (83) (5) (58) (91) (28) (16) (68) (97) (53) (36) (84) (77) (45) (32) (95) (26) (38) (42) (100) (30) (59) (67) (51) (92) (34) (99) (86) (76) (25) (23) (52) (21) (81) (15) (63) (46) (10) (74) (79) (40) (3) (82) (41) (29) (96) (55) (60) (9) (69) (39) (24) (62) (44) 
43 (62) (2) (37) (19) (9) (38) (17) (7) (80) (88) (41) (65) (66) (100) (30) (90) (34) (40) (3) (58) (20) (21) (67) (81) (63) (95) (91) (27) (59) (43) (51) (28) (97) (98) (4) (96) (5) (68) (77) (75) (15) (33) (57) (69) (23) (61) (53) (8) (6) (76) 
44 (29) (50) (37) (85) (87) (98) (23) (72) (100) (7) (31) (76) (13) (40) (24) (51) (36) (10) (35) (33) (77) (97) (65) (16) (69) (30) (71) (39) (18) (52) (6) (17) (79) (96) (22) (74) (47) (92) (90) (89) (86) (73) (80) (58) (9) (66) (3) (60) (19) (34) (44) (14) (70) (75) (62) (48) (56) (63) (1) (12) (78) (64) 
45 (66) (90) (73) (47) (74) (52) (67) (36) (77) (56) (89) (65) (42) (5) (31) (23) (22) (9) (84) (82) (29) (86) (81) (71) (35) (97) (59) (37) (49) (51) (76) (21) (98) (15) (100) (3) (7) (91) (53) (79) (33) (85) (54) (6) (24) (2) (95) (8) (83) (1) (60) (46) (72) (38) (14) (93) (16) (27) (18) 
46 (83) (76) (27) (100) (87) (10) (51) (95) (81) (96) (44) (34) (23) (86) (62) (19) (74) (50) (2) (97) (9) (5) (12) (64) (60) (70) (66) (88) (6) (79) (37) (73) (11) (18) (84) (56) (8) (20) (4) (55) (43) (63) (92) (94) (21) (29) (14) (99) (53) (82) (35) (69) (48) (93) (25) (31) 
47 (78) (79) (18) (1) (9) (87) (54) (8) (17) (57) (31) (65) (13) (23) (21) (12) (55) (14) (90) (98) (62) (50) (72) (39) (92) (52) (46) (15) (80) (45) (26) (94) (100) (11) (63) (84) (91) (67) (53) (56) (2) (33) (60) (29) (70) (44) (24) (3) (69) (71) (48) (97) (51) (59) (81) (10) (30) (99) 
48 (20) (32) (4) (28) (22) (11) (27) (41) (99) (31) (62) (6) (92) (16) (7) (79) (17) (58) (15) (75) (94) (80) (39) (46) (90) (44) (48) (97) (63) (54) (66) (36) (69) (12) (24) (19) (2) (5) (87) (65) (70) (10) (84) (47) (56) (61) (73) (8) (93) (98) (50) (9) (23) (49) (67) (59) (33) (18) (51) (40) (86) 
49 (27) (56) (39) (55) (65) (98) (20) (86) (15) (44) (82) (22) (24) (89) (63) (48) (10) (93) (51) (37) (32) (94) (78) (54) (16) (17) (75) (7) (97) (53) (1) (99) (45) (67) (12) (49) (57) (46) (52) (11) (29) (77) (85) (21) (5) (91) (35) (28) (34) (14) (31) (62) (50) (30) (26) (69) (74) (100) (66) (3) (76) (42) 
50 (4) (85) (18) (59) (25) (2) (34) (38) (23) (83) (52) (86) (55) (91) (73) (61) (7) (89) (95) (37) (75) (64) (77) (51) (68) (76) (20) (42) (100) (3) (30) (50) (78) (82) (79) (24) (90) (8) (94) (74) (53) (65) (27) (40) (71) (22) (15) (80) (47) (58) (33) (97) (1) (21) (39) (63) (49) (67) (19) (92) (69) (43) 
51 (61) (23) (63) (33) (41) (82) (80) (99) (40) (8) (34) (66) (5) (72) (71) (44) (89) (46) (31) (13) (62) (45) (12) (48) (43) (98) (3) (68) (100) (25) (6) (64) (2) (88) (16) (96) (9) (65) (92) (58) (79) (90) (7) (35) (37) (17) (39) (10) (69) (53) (56) (32) (15) (47) (1) (91) (83) (54) (75) (84) 
52 (2) (19) (44) (81) (30) (34) (10) (32) (5) (38) (90) (82) (26) (71) (73) (6) (16) (66) (56) (3) (69) (60) (61) (36) (58) (98) (27) (14) (87) (96) (23) (18) (75) (80) (89) (15) (7) (37) (21) (9) (11) (63) (31) (77) (39) (78) (64) (67) (52) (79) (1) (17) (41) (62) (12) (97) (35) (84) (86) (57) (24) 
53 (50) (100) (54) (37) (41) (57) (84) (36) (14) (78) (59) (60) (3) (69) (75) (40) (91) (18) (9) (66) (22) (93) (67) (12) (42) (58) (30) (77) (17) (90) (33) (16) (98) (2) (89) (51) (43) (13) (82) (61) (39) (71) (38) (27) (55) (68) (11) (1) (56) (28) (21) (4) (76) (74) (80) (49) (79) (48) (97) (85) (15) (92) 
54 (73) (29) (60) (94) (32) (79) (3) (96) (67) (43) (97) (93) (92) (76) (58) (47) (18) (99) (46) (84) (62) (61) (37) (9) (19) (39) (69) (5) (34) (30) (80) (31) (48) (50) (89) (59) (57) (78) (25) (54) (66) (86) (98) (44) (74) (85) (91) (23) (10) (95) (14) (16) (17) (70) (36) (12) 
55 (78) (94) (43) (30) (36) (2) (29) (88) (50) (23) (28) (56) (98) (79) (71) (99) (66) (68) (27) (17) (8) (83) (51) (46) (33) (1) (60) (48) (73) (52) (74) (42) (41) (77) (100) (69) (67) (47) (55) (11) (16) (4) (93) (72) (62) (14) (35) (20) (13) (18) (92) (45) (22) (38) (89) (21) 
56 (37) (58) (93) (33) (44) (13) (56) (60) (7) (89) (64) (12) (45) (65) (2) (72) (43) (87) (78) (5) (82) (63) (77) (66) (30) (46) (71) (14) (1) (88) (49) (53) (47) (62) (22) (17) (84) (18) (26) (23) (39) (76) (42) (90) (11) (25) (35) (91) (9) (27) (59) (74) (41) (69) (6) (67) (29) (8) (55) (61) (19) (34) (57) (96) (99) 
57 (91) (80) (63) (45) (49) (95) (89) (8) (83) (79) (70) (2) (69) (31) (57) (23) (71) (87) (42) (85) (34) (62) (36) (22) (39) (68) (60) (46) (92) (72) (82) (81) (17) (19) (3) (14) (78) (75) (37) (27) (1) (7) (74) (41) (12) (47) (53) (50) (24) (32) (13) (98) (43) (93) (99) 
58 (20) (53) (72) (15) (75) (36) (82) (60) (90) (99) (54) (40) (57) (67) (100) (62) (43) (88) (18) (76) (9) (69) (3) (6) (48) (37) (87) (55) (29) (94) (19) (52) (45) (11) (50) (4) (74) (42) (59) (7) (17) (78) (2) (91) (95) (28) (31) (97) (21) (80) (85) (27) (46) 
59 (71) (70) (14) (53) (67) (88) (31) (7) (6) (47) (15) (9) (20) (49) (91) (62) (97) (34) (68) (4) (21) (66) (90) (93) (78) (73) (19) (24) (30) (33) (96) (56) (26) (48) (72) (86) (77) (10) (60) (100) (55) (28) (27) (83) (13) (59) (36) (22) (63) (95) (84) (46) (80) (76) (64) (82) (23) (12) (17) (69) (81) (52) (85) (37) 
60 (10) (9) (33) (30) (11) (31) (36) (19) (13) (80) (59) (77) (6) (75) (94) (100) (63) (55) (46) (16) (44) (84) (32) (35) (70) (67) (47) (54) (1) (3) (86) (81) (96) (37) (92) (83) (99) (38) (79) (74) (61) (50) (98) (56) (40) (27) (68) (25) (34) (93) (29) (78) (90) (8) (22) (23) (51) (43) (24) (82) (62) (7) (21) (97) (5) (42) (20 95 18) 
61 (41) (13) (59) (11) (33) (95) (70) (94) (55) (46) (45) (74) (62) (80) (78) (89) (79) (76) (42) (49) (92) (30) (14) (58) (17) (4) (12) (2) (73) (52) (28) (22) (54) (39) (48) (38) (20) (8) (77) (10) (50) (90) (15) (29) (63) (60) (35) (99) (83) (93) (51) (75) (85) (88) (31) (36) (25) (26) 
62 (29) (93) (21) (4) (49) (80) (39) (86) (6) (57) (20) (96) (62) (48) (28) (7) (52) (87) (95) (91) (92) (25) (46) (22) (85) (63) (99) (8) (1) (10) (32) (42) (55) (98) (2) (71) (70) (54) (53) (60) (9) (12) (51) (34) (45) (36) (97) (82) (27) (84) (3) (59) (47) (26) (69) (64) (13) (78) (56) (18) (43) (40) (5) (79) (17) (81) (35) (89 14) 
63 (75) (9) (62) (68) (24) (95) (1) (70) (64) (92) (31) (52) (86) (3) (91) (63) (40) (43) (8) (10) (18) (15) (93) (99) (22) (71) (69) (90) (2) (53) (23) (42) (59) (4) (25) (5) (34) (66) (19) (14) (41) (73) (97) (39) (60) (20) (48) (81) (28) (50) (36) (84) (16) (85) (83) (67) (12) (29) (7) (79) (51) 
64 (20) (23) (87) (17) (29) (37) (86) (58) (12) (36) (61) (31) (45) (28) (8) (32) (89) (53) (67) (79) (54) (70) (84) (83) (99) (78) (97) (47) (42) (76) (64) (27) (6) (73) (44) (46) (75) (95) (71) (38) (48) (98) (85) (62) (10) (55) (57) (69) (82) (91) (56) (96) (59) (88) (93) (34) (65) (74) (72) 
65 (71) (37) (61) (70) (95) (76) (20) (1) (79) (63) (83) (13) (53) (64) (99) (85) (62) (25) (58) (29) (81) (28) (6) (84) (80) (94) (39) (27) (17) (10) (91) (55) (3) (30) (59) (67) (45) (16) (69) (49) (86) (60) (9) (22) (96) (19) (12) (65) (8) (90) (26) (57) (7) (36) (14) (34) (31) (77) (75) (51) 
66 (23) (52) (13) (8) (54) (80) (48) (85) (77) (91) (60) (46) (84) (44) (38) (20) (34) (19) (56) (89) (73) (88) (43) (10) (15) (4) (9) (12) (61) (32) (71) (68) (66) (62) (3) (31) (67) (100) (41) (81) (21) (87) (24) (59) (1) (72) (70) (7) (76) (11) (30) (78) (26) (58) (5) (27) (75) (98) (57) (49) (55) (14) (51) (74) (37) 
67 (66) (100) (19) (71) (6) (84) (24) (78) (51) (47) (48) (94) (18) (90) (39) (28) (77) (31) (5) (74) (52) (37) (45) (69) (21) (12) (8) (20) (62) (99) (22) (57) (88) (86) (43) (93) (41) (81) (73) (44) (7) (4) (82) (35) (85) (40) (80) (55) (38) (76) (1) (23) (87) (13) (10) (33) (36) 
68 (20) (51) (54) (88) (12) (40) (1) (6) (49) (24) (9) (79) (84) (59) (70) (15) (83) (2) (38) (29) (36) (23) (57) (31) (99) (25) (45) (100) (8) (96) (75) (94) (34) (22) (43) (44) (13) (56) (55) (27) (95) (46) (58) (10) (32) (65) (16) (18) (73) (62) (41) (76) (26) (42) (78) (14) (77) (37) (63) (64) 
69 (6) (87) (77) (35) (91) (39) (46) (98) (25) (42) (32) (89) (76) (88) (85) (63) (86) (45) (79) (99) (64) (16) (14) (20) (54) (72) (9) (67) (75) (59) (49) (38) (18) (30) (70) (37) (84) (81) (95) (4) (29) (80) (17) (53) (8) (55) (36) (58) (52) (23) (10) (43) 
70 (25) (67) (76) (59) (1) (69) (64) (13) (46) (19) (94) (38) (90) (23) (22) (12) (78) (92) (73) (96) (80) (58) (48) (32) (89) (85) (27) (95) (72) (87) (39) (20) (7) (11) (37) (56) (70) (57) (98) (47) (82) (34) (15) (31) (6) (75) (3) (33) (29) (5) (51) (99) (9) (81) (62) (44) (66) (49) (26) (54) 
71 (8) (18) (11) (80) (53) (73) (74) (36) (35) (31) (29) (70) (85) (98) (99) (82) (56) (15) (66) (37) (84) (45) (88) (13) (94) (83) (60) (1) (27) (19) (47) (39) (20) (9) (48) (97) (17) (4) (69) (7) (57) (77) (87) (51) (93) (86) (92) (100) (89) (24) (41) (65) (67) (10) (95) (12) (75) 
72 (62) (26) (58) (52) (97) (74) (43) (71) (4) (46) (59) (100) (38) (40) (31) (92) (51) (33) (17) (63) (13) (35) (36) (3) (42) (12) (81) (67) (96) (68) (89) (18) (2) (16) (5) (7) (79) (76) (98) (54) (93) (57) (22) (27) (48) (86) (77) (6) (83) (87) (94) (78) (28) (64) (65) (66) (45) (99) (75) (41) (95) (72) (61) (11) (84) 
73 (24) (17) (28) (41) (62) (6) (97) (66) (16) (72) (65) (43) (98) (39) (5) (87) (44) (81) (61) (34) (33) (79) (40) (77) (4) (93) (52) (32) (1) (38) (47) (3) (54) (94) (51) (100) (9) (70) (88) (22) (18) (10) (12) (78) (57) (92) (63) (74) (75) (85) (56) (46) (36) (14) (13) (45) (29) (53) (99) (42) (84) (60) (90) (25) (83) (58) 
74 (80) (30) (90) (38) (85) (1) (94) (29) (79) (51) (48) (74) (34) (25) (13) (76) (33) (55) (28) (87) (54) (17) (5) (64) (88) (43) (58) (23) (86) (62) (3) (73) (45) (63) (78) (93) (2) (52) (70) (50) (84) (42) (89) (36) (61) (35) (49) (46) (91) (6) (67) (72) (9) (14) (10) (96) (24) (59) (95) (47) (98) (19) (83) 
75 (24) (96) (15) (35) (39) (33) (87) (29) (86) (81) (5) (67) (27) (42) (1) (80) (23) (43) (40) (85) (14) (89) (78) (74) (16) (3) (62) (48) (76) (20) (26) (69) (56) (45) (90) (25) (38) (21) (100) (49) (92) (22) (94) (59) (72) (55) (11) (52) (95) (63) (17) (54) (97) (73) (10) (13) (36) (34) (51) (57) (50) (47) 
76 (59) (30) (84) (82) (86) (93) (60) (9) (27) (85) (87) (91) (52) (72) (89) (43) (99) (4) (39) (46) (38) (17) (29) (73) (3) (21) (49) (13) (69) (7) (64) (96) (47) (22) (56) (48) (34) (92) (70) (8) (95) (23) (10) (32) (20) (54) (68) (97) (44) (90) (24) (28) (66) (55) (40) (51) (94) (88) (80) (79) (71) (78) (98) (11) (6) 
77 (67) (12) (29) (42) (40) (8) (26) (66) (90) (58) (71) (24) (46) (34) (23) (70) (1) (9) (64) (95) (100) (76) (97) (87) (43) (21) (48) (15) (75) (79) (20) (98) (17) (13) (68) (28) (5) (32) (88) (61) (62) (69) (41) (27) (65) (55) (51) (14) (57) (93) (54) (85) (80) 
78 (56) (66) (39) (69) (17) (81) (20) (50) (92) (65) (12) (72) (37) (33) (80) (55) (44) (88) (14) (89) (62) (13) (74) (25) (1) (82) (31) (28) (96) (38) (21) (26) (40) (54) (6) (34) (24) (42) (86) (93) (45) (87) (70) (18) (5) (67) (63) (19) (3) (61) (97) (27) (32) (4) (10) (95) (58) (98) (75) (51) (36) (9) (7) (30) (46) (91) 
79 (87) (67) (1) (8) (44) (57) (76) (75) (71) (40) (45) (69) (66) (36) (61) (49) (58) (90) (51) (89) (91) (80) (41) (93) (46) (59) (23) (79) (26) (86) (13) (54) (72) (74) (95) (5) (10) (56) (6) (17) (55) (31) (35) (32) (9) (96) (39) (27) (98) (97) (48) (42) (65) (33) (22) (70) (53) (30) (60) (3) (78) (52) (29) (47) (21) (50) 
80 (43) (9) (80) (76) (11) (70) (86) (19) (71) (59) (75) (27) (36) (55) (29) (97) (1) (60) (79) (7) (53) (5) (50) (22) (54) (48) (64) (51) (56) (41) (17) (12) (84) (99) (33) (90) (83) (74) (10) (73) (68) (88) (8) (31) (40) (57) (3) (21) (58) (47) (44) (23) (72) (98) (24) (66) 
81 (39) (87) (57) (63) (82) (50) (64) (2) (47) (40) (76) (69) (99) (55) (28) (83) (38) (22) (88) (93) (1) (5) (36) (77) (15) (49) (9) (85) (33) (67) (51) (41) (46) (30) (6) (24) (75) (90) (70) (61) (62) (89) (7) (65) (66) (18) (60) (25) (94) (3) (34) (52) (23) (53) (12) (17) (32) (71) (58) (59) (100) (45) (96) (16) 
82 (26) (9) (53) (52) (49) (39) (68) (47) (80) (88) (57) (19) (31) (87) (91) (81) (43) (28) (7) (14) (3) (85) (76) (24) (29) (54) (78) (1) (50) (58) (97) (61) (92) (12) (37) (34) (46) (42) (8) (77) (71) (16) (44) (21) (56) (55) (4) (38) (64) (79) (90) (33) (83) (41) (100) (11) (17) (65) (63) (99) (20) (89) (69) 
83 (7) (67) (42) (57) (72) (93) (48) (20) (64) (8) (61) (52) (9) (32) (74) (76) (13) (30) (6) (25) (2) (56) (11) (81) (14) (1) (12) (60) (45) (92) (78) (68) (47) (87) (51) (82) (35) (62) (94) (41) (29) (65) (40) (37) (58) (50) (84) (69) (100) (19) (3) (91) (70) 
84 (12) (58) (59) (26) (91) (17) (75) (51) (66) (9) (45) (86) (20) (14) (89) (4) (77) (30) (60) (24) (61) (92) (25) (70) (41) (28) (72) (39) (55) (79) (94) (82) (49) (65) (64) (73) (22) (78) (99) (87) (68) (63) (53) (85) (7) (29) (47) (81) (50) (56) (27) (54) (90) (21) (36) (80) (84) (38) (10) (1) (57) (44) (13) (95) 
85 (28) (5) (36) (10) (99) (72) (43) (78) (88) (41) (42) (86) (89) (55) (73) (14) (94) (3) (2) (1) (18) (77) (8) (4) (95) (53) (45) (34) (93) (12) (17) (70) (19) (29) (65) (33) (35) (24) (59) (11) (92) (38) (9) (54) (46) (52) (49) (40) (85) (7) (15) (50) (67) (58) (79) (90) (63) (96) (51) (56) (16) 
86 (76) (89) (50) (25) (4) (64) (75) (16) (21) (84) (9) (37) (68) (23) (90) (92) (35) (63) (70) (65) (71) (18) (57) (56) (3) (96) (95) (1) (31) (15) (41) (40) (17) (54) (29) (33) (38) (59) (72) (39) (43) (6) (24) (27) (7) (80) (34) (85) (8) (81) (69) (44) (94) (28) (86) (2) (99) (61) (32) (52) (49) (19) (5) 
87 (71) (38) (54) (78) (18) (65) (30) (66) (94) (33) (12) (77) (28) (16) (31) (45) (99) (26) (43) (59) (19) (93) (1) (2) (70) (50) (41) (92) (15) (98) (42) (82) (51) (10) (60) (6) (5) (62) (17) (90) (55) (74) (100) (83) (22) (57) (79) (13) (53) (89) (64) (9) (14) (63) (69) (49) (32) (36) (47) (46) (95) (56) (7) 
88 (20) (19) (52) (65) (41) (27) (11) (31) (47) (4) (25) (61) (82) (26) (5) (36) (66) (59) (30) (53) (88) (81) (68) (35) (21) (46) (24) (93) (48) (22) (89) (14) (97) (40) (92) (54) (1) (76) (99) (100) (42) (56) (17) (87) (86) (38) (94) (91) (74) (3) (43) (77) 
89 (93) (100) (53) (80) (7) (59) (51) (66) (49) (48) (10) (76) (94) (99) (72) (35) (6) (21) (43) (31) (60) (11) (67) (20) (42) (91) (74) (83) (32) (5) (34) (45) (89) (82) (23) (95) (22) (96) (90) (86) (54) (39) (98) (97) (13) (57) (84) (61) (26) (4) (52) (47) (29) (17) (65) (92) (69) (36) (50) (46) (56) (40) (12) 
90 (79) (6) (4) (91) (86) (41) (3) (47) (24) (11) (69) (83) (21) (64) (97) (28) (8) (78) (68) (100) (23) (9) (71) (72) (76) (40) (98) (50) (31) (13) (27) (75) (29) (65) (5) (26) (77) (52) (32) (56) (67) (7) (12) (85) (42) (18) (58) (81) (82) (99) (93) (2) (1) (84) (16) (57) (59) (22) (30) (39) (44) (60) (53) (54) (35) (74) (37) 
91 (53) (3) (94) (52) (16) (4) (100) (84) (7) (88) (33) (98) (47) (51) (55) (82) (83) (67) (90) (49) (14) (74) (1) (86) (18) (2) (59) (85) (24) (66) (29) (39) (77) (20) (41) (40) (72) (92) (28) (73) (42) (36) (17) (46) (30) (8) (81) (26) (71) (63) (6) (27) (12) (96) (35) (11) 
92 (12) (97) (35) (93) (22) (71) (30) (34) (38) (49) (47) (99) (27) (87) (80) (41) (59) (4) (54) (42) (90) (100) (13) (15) (16) (53) (60) (33) (14) (52) (75) (2) (70) (29) (64) (36) (11) (44) (57) (91) (23) (86) (45) (69) (78) (7) (1) (32) (18) (9) (58) (72) (89) (5) (56) (61) (94) 
93 (16) (4) (8) (38) (100) (1) (45) (52) (98) (64) (94) (3) (9) (20) (54) (33) (70) (22) (23) (74) (14) (95) (12) (48) (28) (39) (59) (83) (46) (13) (34) (47) (77) (53) (24) (17) (76) (7) (26) (71) (21) (58) (92) (89) (87) (56) (15) (63) (97) (86) (81) (11) (41) (99) (84) (78) (66) (50) (36) (19) 
94 (80) (37) (91) (8) (65) (93) (2) (88) (84) (72) (74) (46) (92) (1) (56) (17) (41) (61) (11) (31) (71) (14) (70) (16) (90) (40) (81) (23) (63) (79) (43) (42) (49) (28) (55) (7) (54) (87) (60) (96) (22) (36) (76) (58) (15) (44) (86) (77) (19) (97) (67) (57) (30) (26) (95) (10) (20) (34) (51) (83) (48) (9) (89) (73) (64) (59) 
95 (42) (48) (6) (85) (4) (49) (41) (84) (87) (11) (57) (75) (5) (19) (83) (8) (12) (33) (25) (80) (78) (72) (96) (26) (10) (71) (15) (34) (94) (1) (9) (53) (52) (44) (81) (36) (98) (97) (22) (18) (30) (40) (77) (7) (47) (24) (13) (67) (23) (31) (35) (21) (55) (38) (68) (27) 
96 (100) (13) (84) (27) (1) (29) (64) (61) (6) (66) (46) (19) (80) (32) (24) (54) (97) (17) (75) (69) (8) (11) (77) (7) (73) (40) (53) (60) (51) (78) (67) (31) (38) (45) (44) (79) (70) (81) (74) (9) (21) (43) (63) (5) (37) (83) (12) (57) (39) (14) (58) (93) (76) (68) (16) (48) (25) (36) (85) (96) (87) (18) (26) (47) 
97 (95) (27) (90) (56) (92) (71) (77) (43) (21) (37) (42) (58) (6) (36) (94) (31) (72) (70) (63) (99) (75) (76) (86) (15) (89) (38) (55) (69) (20) (78) (1) (8) (53) (59) (16) (10) (49) (100) (46) (98) (91) (87) (26) (24) (45) (85) (64) (73) (65) (41) (82) (18) (81) (25) (51) (50) (30) (84) 
98 (9) (89) (100) (79) (50) (69) (77) (14) (52) (86) (25) (35) (68) (22) (28) (54) (73) (92) (49) (61) (12) (26) (97) (55) (42) (65) (96) (17) (82) (18) (30) (85) (75) (66) (27) (44) (60) (93) (67) (39) (62) (11) (10) (98) (15) (47) (88) (46) (23) (29) (38) (94) (34) 
99 (4) (87) (49) (69) (51) (34) (50) (38) (74) (86) (90) (42) (21) (63) (91) (53) (54) (60) (82) (30) (56) (68) (26) (57) (39) (37) (85) (79) (88) (8) (92) (71) (14) (66) (22) (27) (28) (10) (7) (1) (25) (97) (29) (23) (95) (43) (52) (80) (76) (11) (59) (93) (65) (3) (45) (78) (36) (64) 
100 (26) (67) (49) (64) (69) (7) (78) (38) (14) (10) (77) (71) (34) (42) (9) (13) (2) (98) (5) (32) (6) (40) (95) (70) (68) (35) (27) (81) (80) (17) (79) (56) (96) (1) (41) (33) (100) (93) (11) (61) (30) (39) (36) (37) (21) (57) (47) (4) (55) (58) (89) (97) (43) (46) (24) (83) (76) 
