0
100
100
1 (98) (57 2 9 71 92 38 58 68 76 4 97 93 8 45 85 3) (63 27 50) (35 44 25) (17 33) (82 24 54 59) (39) (36 22) (72) (74 80 20 99 26 83 30 12 46 47) (49 18 55 70 41 7) (13 69 14 43 53 61) (6 79 37 78 95 34 88) (19 67) (60 28 91 31) (100 16 81 40 48 32 65 96 77 29) (87) (21) 
2 (52 2) (19 70) (30 87 39 82) (16 48 7 60) (28 84 80 3 54 74 93 47) (5 29 59 98 20 67 51 96 40 55 45 94 10) (25) (90) (56) (97 71 35 86) (95 8 89 38 17 62 66) (85) (100 23 49) (42 61) (92 58 9 15 81 53 46 32 4 69 22) (73 88 26 44) 
3 (40 63 84 74) (26 32 83 8 76 43) (44) (46 52 27) (70) (90 69 54 13 21 50 19 6 34 61 3 9) (91 41 78) (98 93 35) (37 75 23 20 60 38 99 24 22 66) (5 16 57 97 94 89) (14 1) (56 47 28 49) (45 7 17 31 48 33 12 79) (53 62 30 39) (42 67 92 51 95 86) 
4 (63 74 85 71 11 28 100 50 26 16) (39 31) (10) (86) (4 34 23 13 24) (61 52 44 98 96) (36 8 45 87 41) (65) (30 18) (19) (82 84 80 78) (76 57 66 46 29 25 38 67 40 69 32 90 54) (27) (53 58 91 2 42 56 6 9) (89 20) (33 37 49) (17 99 51 68 95) 
5 (97 91 1 61 78 15 9) (65 7 73 16 59 74 23 66 57 27 98 75) (32) (8) (83 25 6 11) (38 4) (68) (54 87 84) (43 63 99) (58) (40 41 72 19) (3 5 64 67) (22 33 79 12 44 26 88 28 24 49 47 90 69 17 81 31 29 80 56 55 2 100) (77 89) (36 82 93 96) (53) (95) (37 92 62 71 21) 
6 (89 86 85 69 92 1 79 62) (65 17) (27 39 52 48 82) (90) (40 93 41) (26 46 96 25) (22 7 75 29 2 36 35 43 58 81 32 13 44 84 19 95 66 94 24 42 53) (37 67 61) (34) (76 5 68 47) (20 38 16) (54 11 83) (8 80 31 77 14 57 64 12) (28) 
7 (27 12) (35 65 15 45 9 5 71) (99 51 62) (76 91) (41 60 63 3 33 24) (73 47 97 83 87 48) (70 74 42 19 79 25) (95 32 100 69 1 56) (46 90 8 78 82 23 67 93 44 85 10 94) (26 29 13 30 84 17) (72 50 16) (39 38 36 31 88) (20 75 77 58) (11) (14 55 34 66 18 89) 
8 (41 92 64 13 60 67) (76 14) (100 20 32 18 82) (37 54 19 34 73 79) (11 22 39 45 69 80 51 50 58 57 66) (1 71 46) (98 96 97) (40 47) (44 4) (93 70 87 65) (95 55 5 59 48 25) (85 91 9 27 10 89 26 29 49) (16 86 33 30 28 38 61 81) 
9 (17 23 54 84 87 48) (1 4 2 36 92 25 80 34) (14) (15) (93 60 62 55) (35 85 78) (90 75 47 58 22 72 94 96 40 31 27 95 66 44 67) (37 97 77 43 39 10 71 6 3) (98) (28 52) (41 56 70 74 7) (29 21 9) (32 91 16 50 57 30 46 99 12 79 83) (19 69 20 81) 
10 (51 91 60 43 47 23 31 76 69 28) (63 34) (45) (96 15 66 83 78 79 38 72 61 32 90 53 56 94 85 49 2 92 42 100) (17) (70) (24) (13 39 54) (14 82) (75 80 62 37 73 3 44) (29) (9 93) (19 64) (5 88 41 57 36 89 99 77 58 27 11 65 35 81) (40 52 46 86) (71 4) (67 1) 
11 (61 68) (13 89 72 52 66 83 30 35 77 74 59 26) (9 38) (46 34 69 12 88 94 80 43 50 48 73) (47 51 31 36) (81 37 60) (98 18 27 21 91) (53) (32 22 33 8 54 49 100 87 19 78 67) (24 4 70 45 57 95 75 85 40) (20) (79 42 56 3) (82 63 64 65 41 25 99) (86 90 14 92) 
12 (34 100 88) (62 87 83) (33) (14 50 1 89) (43 25 54 59) (3 60) (29 53 51 67 28 7) (19 24 70 68 52 13) (31 4 20 46 48 85 8 18) (42 97 10 32 23 64 15 63 91 58 16 35 94 27 11 74 38 98 12) (69 2 9 80 66 84 95 41 65 22 44 56 26 21 71 6) 
13 (95 99 86 28 35 96) (5 87) (22 47 12 17 7 65) (49 45 55 13) (23 53 82) (85 10 41) (9 50) (72 51 75 32 26 29 36 48) (43 90 19 20 76 81 97 88 8 31 46) (52) (89 42 69 71) (24) (79 44 6 62) (84 63) (14) (21 83 91 27) (11) (100 67 74 30 80) (73) 
14 (79) (100 56 82 87 92 30 27 21 25 64 24) (50 41 46 54 44 73 9 11 95 39) (53 2 59 63 43 66 45 58 34 96) (23 31) (83 55 51 47 89 88 84 19 28 90 93 1 3 12 22 14 91 15 20 32 68 97 6 4 72 86 80 61 37) (40 78 5 29 49 26 16 48 7) 
15 (95) (11 62) (1 81) (85 90 86 84) (35 34 96 3 75 7 69 98) (58) (44 39 21) (10 24 20 61 9) (26 78 83 4 79 91) (23 100) (32) (92 46 87 38 22 42 82 59 64 80 63 52 71 48 68) (76) (40 54 30 6) (50 5 89) (77 47 27 15 25) (55 19 57) (73 65) 
16 (75) (28 98 16 61 84 90 86 32 6 96 11 38) (44 62 77 42 26 3 17) (46 8) (78 72 33 53 15 9 55 14 87) (66) (45 23 64 39 100 79 34 94 70 12) (13 65 10 93 7 24 92 4 35 31 20 58 48 21 82 57 56 43 67 27 50 89 49 80 97) 
17 (56 28) (100 64 12 45 66 48) (52 51 33 27 58 77 43 18 86 44 70 21 11 36 8 6 93 24) (63 40 10) (78 87) (71 97 2 95 30 67 53 20 9 17 49) (62 84) (31) (65 7 68 42 99 22 38 29) (81 5 75 25) (96) (50 35) (98 92 13 69 85 39) (3) (34 46 91 82 23) 
18 (96 42 22 5 4 49 51 7 88 32 80 60 10 92 2 1 28 100 83 39 48 97 44 93 99 63) (53 57 71 84 67 55 98 72 91) (50 15 14 26 95 61 20 31 73 45 66) (29 76 19 87 64 77) (36 30 6) (90 74) (24 54) (70 79) (12 40) (3 46 43 85) 
19 (33 94 90) (63 81 61) (57 95 11) (5 41 83 77 19 12 13) (15 42 87 80 50) (55 82 92) (31 100) (23 51) (3 53 91 85 14 29 20 79 64 43) (93 30 86 76 40 99 96 35 38 97) (66 62) (26 27) (4 44 46 2 69 45 49 67 17 70 59) 
20 (18 86 33 5 61 87 6 31 26 72 74) (89 79 32 75) (82 97 2 56 81 49 90 59 50 7) (69 95) (88 91 37 46 15 98) (44) (39 23 51 62 47 34 83 93 65 94) (3 38 60) (40 85 4 53) (71) (58 13) (100 41 99 55 21 45 19 14 73 92 70) (43 8 27 80 67 12 29) 
21 (5) (69 6 34 7 62 3 64 31 25) (9 89) (58 45 48 12 59 20 36 28 54 27 8 81 11 49 84 79) (96 82 10 57 50 4 44 15) (90 80 33) (47 41 51 37) (93 2 92 38) (14 71 39 60 43 88 83 42 26 77 32 16) (13 99 66) (70 21 35 18) 
22 (49) (67 13 91 88 62 3 80 22 40 73 59 50 56) (17 79 2 86) (66 21 81 94 12) (8 69 20 1) (58 47 52 15 78 76 68) (70 63 18 98 48 10) (42 57 90 27 36 64 39 43 14 29 89 32 16 53 95 83 65 77 28 60 11 100 5 93 19 54) (97 9) (30 34 82) 
23 (82) (92 86) (12 77 5 54 98 31) (50 67) (40 83 33 81 89 95) (75 96 69 66) (72 45 91 48) (2 1 88 60) (85) (47 61) (55 20 76 70 22 17 59) (99 94 3 56 10 80 19 87 35 97 44 36 6 11 15 7 68 38 25 37 14 53) (93) (74 73 24) (23 26 62) (52) 
24 (30) (53 39) (54 52) (65 63 25 34 5) (66 11 86 9 98 38 77 35 18 19 47 56 68 8 1 13 24) (41 96 44 84 72 22 15 62 2 33 37 4 76 92 58 91 43 17) (55 48 12 75) (81) (100 99 14 70 79) (28 82) (20) (88) (21 83 89 64 7 67) (45 10 93 74 42 26 61 69) 
25 (59) (38 63) (19 84) (15 95 1 87 3 24 52 33 78 26 49 8 53 17 54 72 70 6 16) (61 20 42 62 40 55 66 91 85 56 22 27 46 99 50) (97 73 67 23 13 71 75 65 86) (2 14) (36 39 68) (98 79) (69 21 25 43) (32 100 31 51) (28) (9 48 34 90 18 88 77 96 57) 
26 (39 80 33 99 19 93 57) (64) (91 11 47 59) (90 70 4 89) (26 98 49 36 78 5) (63) (84 53 94 23 79 55 6 37 9 85 35 73) (43 29 10 81) (71 50 83 75 27 13 20 87 18) (40) (72 58 3 100 76 48) (32 88 15 42 69 52 1 34) (38) (24 21 25 28 8) 
27 (97 3 80) (69) (19 95 60 15 48 94 62 90 87 70 42 33 25) (91 34 57 20 46 21 58 54 8) (79) (78) (41 67) (18 35 30 28) (52 98 84 24 66 38 12 72 85 65 49 39 23 14 16 45 100 1 96 26 75 4 17) (27 10) (73) 
28 (13) (63 16 53 52 17) (88 43) (66) (60 65) (95 7 25 100 39 74 45) (91 44 36) (64 12 73 87) (38 79 85 67 35 32 50 84 31 71) (42) (58) (81 2 46 4) (11 70) (69 33 37 24 59) (55) (94 22 30 80 5) (6 51) (93 78 19 40) (97 15 48 21) (28) (1) (47) (14 62 96) 
29 (53 59 98 60 23 85 2 14 33 34) (48 42 97 66 75 19 16 26) (61) (71) (17 10 70 32 37 95 4 51 86 29 72 46 41 1 52) (83 56 68) (96 21 38 76 28 8 15 87 99 50 31 67 40 54 65 5) (74 78) (43 6 63 77 55 39 92 20 49 11 58 7) (84 62 36) 
30 (62 56 90 17 67) (9 33 60 91 55 35 28 51) (2) (61 44 88 45 64 24 43) (12 1 94 29 57 22) (92 52 5) (84 46 97 6 47 70 83 15 26 77 96 85 4 95) (87 34 27 11 78 72 81 100 20) (39 99 93 31 21 75 40 68 49 48 25) (50) (18) (42 13 8 23 36 32 98 69 58 66 74) 
31 (36 71) (43) (95) (30) (18 62) (49 46 91 94 75 50 99 67 40 39 48) (31) (66 1 29 92 70 77 65 41 61 83) (90 53) (25 76 82 22) (34 26) (15 2) (81 60) (78 16 9 72 45 42) (44) (24 37 47 13 86 21) (54 73 5 33 59 28 17 12) (93 63 69 11 56) (6 58 100 57 52 64 20 23) 
32 (90) (65) (10 39) (19) (74) (91 48 23 12) (17 84 1 46 26 67 86 7 15 75) (68 76 71 20) (5) (57 70 22 44 41) (61 73 80 27 78 77 13 64 66 35 8 3 94) (93) (50 55 24 34 49) (9 58 37 11) (83 98 96 42 100 14 56 99 53 30) (16) (31) (69 21 32) (81 79 54) (85) 
33 (93 47 55 87 16) (63 52) (49 73 2 80 75 1 69 12 37) (57 72 4 92 51 43) (6 44 84 41 19 48 81 78 33 29 53 45 22 50) (79 39 59 46 26) (20 11 67 13 40 91) (66 5 77 88 42 95) (61 74 100 86) (76 90) 
34 (15 57 89 68 41) (40) (1 35 54 17 38 25) (8) (66 5 26 81 53 22) (94 3 84 44 12 98 50 58) (92 67 83) (19 85 2 14) (10 11) (64 77 62 69 7) (97 79 75) (100 71 59 73) (61 32 43 90 24 88 63 6) (31 70) (39 9 23 48 36 99 93 51 37 16 72 60 96 42 86) (47 33 30) 
35 (3 84 14) (6 17) (74) (60 19 96 83 87) (9) (28 86 92) (100) (71 32 2 55 48 15) (50 29) (35 7 52 37) (53 95 91) (57 41 46 51 34) (70) (64) (5 47 8 65 49 27 62) (25 12 69 33 21 99 81 16 93 76 30) (11) (26 42 90 44 78 22 61 79) (23 94 66 10 77 58) 
36 (57 44 8 60 39 35 5 30 3 1) (4 78 69 99 79) (72 73 48 36 15 90 95 19 89 24 21) (55 87 93) (77 91 38 52 67 32) (45) (37 22 71 49 10 61 17 97 53 59 34 85) (64 51 63 82 18 9 96 6 41 62 43 11 40 31 80) (13) 
37 (81 72 12 48) (16 34 65 19) (9) (88) (60 33 36 2 64 15 44) (91 69 46 71 89) (70 28) (58) (51 24 25 11 53 74 55 26 97 49 40) (98 17 90) (21 10 66 86 95 32 96 92 57 50 82 79 4 14 6 77 29 31 73 94 93 38 23 68 75 54 20 45) (80 3) 
38 (87 24 5) (38 18) (58 100 43 68 34 41 83 60 27 99 92 85 16 69 39 29 7 22 52 53 86 20 91) (75 3 96) (26) (1 42) (21 17 19 70) (51) (97 93 65 47) (55 48 66) (67 54 84 94 62 61 4 49 14 37 50 35 95 64) (81 13 74 12 71 30 9 63 82) (98 46 57 25 56) 
39 (47 55 76 45 28) (95 44) (87 8) (16 57 41 51 40) (38 33 32) (39) (27 58 70 68 14 13 93 72 7 60 74) (26) (36 90 73 86 25 1 23 80 66 43 42) (65 56 54 88) (35 5 48 85 69) (64 30 61 4) (78 29 52 79 71) (82 59 49 50 53 91 89) 
40 (21 76 86) (98 81 29) (78 94) (34) (40 69 10 24 33 39 62 12 16 77) (51 73 50 3) (17 36 25 15 57) (4 52 9 71 38 54 82 95 28 83 100 61) (23) (47) (26 19 60 37 53 30 85 92 87 65 56 75) (80 43 6 66 59 99 90 5 18) 
41 (47 80 27 99 30 31 37 98 6 59 56) (64 97 46 95 49 29 34 50 53) (36 17) (43 58 45 5 40 65 12 9 89 68 79 3 7 70 66) (86 100 44) (83) (1 62 78 52 32 51 74 85 18) (15) (24 61 84 87 4 72) (19 38 67 21 76 93 22 13 69 91) 
42 (92 9 2 61 65 91 94) (83 7 35) (60) (40) (84 99 19 13 49 95) (82 34 74 51 64 63 96 70 36 69) (16 89 97) (55 77) (79 47 54) (48 8 80 56) (10 59) (5 4 26 45 42) (39) (41 90) (33 28 93 25 31 100) (75 71) (29 86 66 32 14) 
43 (69 90) (67 34 28 79 81 73 78 72 22 88 76 39 89 86 51 64 38 8 92) (14 95) (19) (80) (37 21 6 83 4 40 29 84) (97 59 7 41 16 11 46) (99) (100) (48 53 25) (75 33 65) (42 32 24) (54 2 23) (3 94) (87 58 50 60) (45 43 68 35) (44) (13) 
44 (30) (83) (2 19 78) (10 32) (62) (24 76) (13 28 39 69 33) (93) (22) (91 18 98 85 5 99) (100 21 16 27 56 41 90) (59 87 53) (82 75) (25) (73 66) (1 47 77 40 7 58 95 15 31 52 89 84 51) (65 38 97 81 17) (70) (37 34) (6) (68) (88 61 35) (79) (57 96) (64 71 74 45 29 54 46) (50 20) 
45 (52 24 1 74 23) (39) (78 8) (26 17 96 83 67 13 80 69 77 3 85 50 41 60 53) (10 95 6 44 58 63 18 5 43) (81 66 46 25 28) (4 2 22 89 37 38 30 82 15 70 59 21) (100 9 12 32 48) (54 91 84 49 35 72 64 92 45) (75 87 98 97 68) (62) (11) (55 20) 
46 (42 24 68 51 46 37 40 53 83 67 11 55 80 58 38 23 81 71 19 13 34 16 74 94 61 69 28 26 98 50 31 79 5 30 1 87 12 32) (17 78) (73) (84 90 7 59) (8 43) (36 93 15 27 3 95 22 2 9 39) (99 91 97 76 21 57 85) (29) (82 77) (25 48) (64) 
47 (29 32 58 91 25 70 57) (73 61 53 28 48 3) (74 59 97 84) (89 79 22) (96) (92) (99) (64 76) (18 56 82 98) (23 51 26 87 72) (15 47) (8 54 41 12 75 69 62) (6 5 44 65 49 93 7 33 17 1) (24) (66) (71 77 52 67 63 85 30 60 34) (21) (68 90 11 20 83) (10) (14 16 86 9 55 40) 
48 (6) (16 63 97 71 4 70 98 56 75 51 81) (48 40 99 3 72 49 68 2 73 26 43 7) (79 5 54 95 82 21) (36 22 66) (8 18 92 46 35 62 13 17 60 94 85 65) (74) (29 11) (41 61 55) (100 64 93 33 15 39) (20 83 76 77 50) (38 89 31) (23 27 90 32) (80) (58) 
49 (64 27 15) (56 3 8 38 47 18 41 68) (33 83 71 69 14 10 79 75 73 34 55 87) (42 23 76 44) (13 26 30 98 65 88 1 17 90 67 91 86 85 2 96) (11) (82 37 4 70 21 100 9) (6 16) (66 57 78 89 35 92) (61 5 72 45 95) 
50 (24 45 23) (56) (60 20 71) (70 10 51 97 7 30 39 14) (68 37 27 54 77 28 100 83) (61 93 13 4 52) (9) (66 43 94 99 95 41 38 73 92 87) (47 65 67 6 48) (74) (84 49 1 25 78) (12 5) (81) (40) (53 19 80 88 55) (3 8 46 35 64) (86) (11 36 82 85 33 26 59 62 90) (58) 
51 (51 67 3) (41 30 64 31 63 28 61 39) (58 23 75) (12 16) (40 87 8 20 74 34) (24 62 15) (38 11 60 53 92 26 91 25) (44 79 47 57 27 97 69 14) (88 76 48 84 90 43) (29) (5 13 49 50 93 66 46 72 52 19) (6 85) (80 70) (65 83 7 9 4 89 68 2 54 18 55 73 100) 
52 (36) (75 95 50 61 46) (20 35 15 78 26) (4 47 43 23 56 97 94) (48 19 87) (34 58) (71 65 31 60 98 53 9 40) (51 2) (6 38 62 63 55 25 81 54 27 28 1 82 66 86 17) (33 64 11 80) (67 89 5 45 18 42) (68 14 70 92) (90 72) (85 74 7 88 57) (91) 
53 (50) (47 53) (10 18) (34 41 84 45 7 83 39 87 99 77 40 61) (94 20 60 25 48 65 28 95 89) (69 38 79 14 98 91 15) (67 37 85 3 64 76) (2 9 68 23 36) (86 24 52 5 6 13) (55 31 93 29 96 26 17 70) (33 30) (12 56 4 63 8 62) 
54 (11) (72 62 93 85 56 9) (54) (6) (45 50 16 77 12 81 31 21) (88 95 59 100 52 87 37 2 75) (4 18) (28 22 60) (36 91) (3) (34 32 53 90 61 94 55) (70) (66 65 68 63 80 47 78 35 19) (83 25 46) (96 86 23 76 41 8 14) (98 17 33 49 48 58 29 20) (71 26) (69) 
55 (34 86) (46 37 97 83 63 59 65 2 56 68 45) (52 32 75 5 71 3 64 87 55 100 62 69 36 49) (14 60 41 95) (93) (66) (17 38) (28) (82 12 79 50 19 6 74 54 27 67 88) (4 26 81 21 35 53 84 42 20 51) (10 47 11 40 8 44) 
56 (33 13 94 42 12 82 79 54 84) (19 51 35 16 74 2 69 28) (40) (7) (5) (71 59 58 41 57 89 78 88 65 21 24 27) (39 48 64 44) (73) (99 32 11 10 56 17) (77) (36) (83) (49 30 50 91 76 93 92 4) (1 31 70 96 3 15 52 62 8 46 6) 
57 (64 59 41 12 44 72 34 21 50 13) (96 40) (4 89 63 55) (27 87 39 56 52 49 30 32 20 26 8 24 36 98 7) (99) (91 5 81 15 37 70 85 28) (31 16 17 18 11 29 80 60 58 67 62) (97 57 90 10 83 51 53 33 38 46 65 25 82) (61 100) 
58 (35 3 58) (79) (92 53 65 78 83 5 12) (63 38 85 96 66 89 75 64 67 99 15 46 17 4 11 27 71 16) (86 20 69) (84) (49 98 7 73 87 39 19 81 97) (54 91 1 52 76 8 28) (95) (62 59 23 88 68 82 45) (50 25 9 22 2 56 24 10 31 48 43 26 14 32 40) 
59 (25 85 99 84) (9 62 51 29 2) (67 19 96 54) (83 16 82 22 49 50 91) (75 52 3 65 81 92) (40 13 100 33 98 90 68 8 41 64 21 12 87) (78 1 94) (66) (35 61 32) (59) (47 20 17 73 5 76 11 53) (70 30 63 38 23 28 97 95 24 46 26 56 86 71) 
60 (18 69) (4 99) (97 49 5) (11) (6 42 63 94 8 44 70 36 19 13 58) (40 64 76 86 17 89) (79 65 98 24) (38 16 93 33 62 66 88 74 78 95 9) (22 48 92 7 56 28 35) (84 81) (1 46 31 20) (21) (80 3 68 55 30 54 29 51) (100 67 25) 
61 (71 41 99 45 16 91 20 69 90) (72) (93 11) (7 4 1 8 21 53 100 47 59 29) (51 56 23 12 31 68 44 35 55 46 15 95 50) (58 30) (26 87 67 49 89 22 19 40 76 63) (64 14 3) (75 73 42) (32 70 48 60 54) (18) (2) (10 28 34 9) (33 96 65 85 78 43 39 83) 
62 (87 48 93 88) (60 32) (10) (24 76 61) (71 20 23 62 68 90 58 74 28 55 86 34 94) (42 80) (91 14 5) (12 11) (47 49 17 9 13 40 69 77 75 78 21 59 8) (100 35 37 97 41 95) (30 22 46) (64) (6 65 52 38 96 3 63 51 16 36) (79 18 1) (73 44 98) (84 92) (57 53 7) (54 39 67) 
63 (68 57 40 73 25) (43 22 77) (3 54 15 48 97 34 92 19 52 51 84 8) (12) (94) (46 71 96 4 93) (28 32 30 100 53 33 85) (38) (1) (59 60 47 29 66 91 6 75 89) (50 5 63 36 74 86 10 67 39 83 95) (98) (58 88 41) (16 49 70 42 37 90 79 69) (35 76 65) (2 11) (44 9 31) 
64 (26 50) (37 94 52) (12 41 85 36) (46) (93) (5 59 73 100 92 13 28 16 6 68 32) (20 67 23 64 71) (47 17 60) (91 97 27 33 2 99 82) (22 96 40 77 51 44 11) (61 25) (19 4 38 56 69 72) (87 34 95 79 49 74 70 14 9 58 98) (88 63) (78 86 29 89 65 45) 
65 (20 27 60 59 22 42 78 88 39 66 4 36 86 71) (44 26 53 6) (31 18) (35 46 38 83 69 68 55 1 51 65 23 13 34 96 41 98 25 61 95 28 54 8 99 11 21 89 76 63 90 85 56 84) (17 3 77 15 92 52 40 9 73 48 94 33 62 81 19 80 79 75 7 91 49 67) (2 10) 
66 (41) (58 100 8 91) (20 57) (9 5 60 82 90 32 62 24 34 21 69) (67) (52) (31 76 6 48 22 2 28 96) (56 11 92 19 33 14 54) (61) (25 99 85 86) (29 59) (40 23 95 63 49 53 4 73 44 98 88 65) (66 45 1 55) (78 75) (42) (50 38 30 10 93 72 64 18 84 27) (89 37 77) (3 13 17 15) 
67 (1 80 23 98 41 86 75 17 67 31) (84 96 61 59 72 90 82 89 94) (13 73 30) (49 91 43 37) (87 35 71 21) (56 68 92 83 20) (54 64 55 8 100 62) (6 18 16 26 10 57 44 38 85 40 4) (47 63 69 60) (2) (29 36 70 76 25 51 58 78) (66 27) (77 93 81 28 15 74) (5 46 39) 
68 (39 32 87 19 90 89 7 18 84 40 34) (91 23 49) (92 72 31 71 42 35 63 97 75 54 82) (85 33) (9) (24 86 3 67 80) (38) (98 93) (43 13) (52 53 46) (41 50 37) (55) (10 68 83 74) (76 57) (12 47) (2 29 95 15 5 44 79 59 48 17 81 77) (73) (62) 
69 (98) (52 47) (19 29 49 7 100 45 2) (20 10 25 17 99 76) (11 68 31 36) (40 84 62) (18 77) (97) (86 1 15 41) (94 39 5 24 78 14 55 23 50 44 70) (48 92 79) (38 58 81 6 73 13 67 9 37 83 93 54) (95) (61 56 75 59) (96) (30) (28 32 8) (51 87 57 16) (34) 
70 (25 98 41 86) (1 17 15) (44 69 29 92) (27 46) (35 82) (90 60 64 76 58 80 28 100 24) (96 89 38 43 37 4 12 91 56 32 36 97 78) (54 21 71 85 3 79 6 68 39 9 8 31 72 99) (30 53) (20) (62 2 55 23 77 33 42 83 95 13 94 5) (61 7 34 59 66) 
71 (85) (17 81) (77 69 29 100 24 16 80 46 13 28 37 19 2 70 12) (72 40 93 92 82 30 34 67 18) (98 1 65 41) (25) (84 6 62) (23 38 14 21) (95 76 43 36) (22 51 49 26 4 61) (5 47 87 64 91 8) (35 73 50) (55 88) (11) (74) (27 31 33 45 53 99) 
72 (82 42 33 22 86) (74 81 97 19 63) (71) (35 3 53 56 26) (28 9 23 27 37 8 10 64) (55 67 48) (59 14 6 52 84 31 21) (69 60 41 29 62 45 46 38) (96) (78 47 2) (70 75 57 40 7) (79 5 77 89 93 34 50 12) (17 49 39) (99 88 83 68 85 1 20 43) 
73 (21 39 71) (48) (85 44 59 17 46 81 51 55 80) (92 34 67 13) (42 99 63 43 65 28 3 11 56 72 79) (64 60) (95 82 90 77) (66 26) (2 87 100 94) (23 38) (12 7) (83 73 78 5) (10) (50 54 86 35 41 76 91) (31) (19) (75 93 74 24) (4 6 27) (47 96) (69) (8 16 30 32) (53 15 58) 
74 (19 68 3 46) (81 98 59 44 40) (77 49) (8) (55 31 35 74 50 65 83 22 53) (45 48 38 87) (93 78 20 42 36) (2 66) (70 99 90 89 4 75 23 27 14 1 63 100 7 34 84 69 13 6 92) (67) (37 51) (26 86 72) (56 76) (39) (82 9) (95 25 33 80) 
75 (71 7 34 85 57) (83) (68 28 35 49 72 19 69) (62 55 97 74) (79 31 88) (4 48 10) (37 75 5 65 66 39 78) (22) (27 15 86 80 81 21 84 6 96 14 30) (100 93 98 18 51) (76 89) (87) (92 43) (38 47) (95) (16 20 70 61) (8 45 90 23 63 64 29 94) 
76 (23) (39 53) (71 52 56 18 19 72 82 9 10) (74) (96 37 80 26 91) (95) (24 20 2 55 70 30 69 7 83 29 77 27 94) (50 45 31 49) (85 22 81 11 84 16 12 13 28 89) (90) (8 98) (64 73 93) (6 97 100 58 36 3) (4 87 1 44) (75) 
77 (47) (58) (9 6 68) (41 1 89 52 55 20 14) (92 76 2 21 51) (38) (19 18 73) (7 64 57 34 93 50 71 69) (32 75 91 60) (96 83) (43 67 95 3) (24 98 88 40 31) (56 12 87 11 84) (78) (25 77) (5 13 90 23 22 17 62) (39 59 16 61 100 10 99 42 37) 
78 (28 71 42 46) (84 37) (72 11 99 8 47) (86 9 22 21 65) (17 88 62 1) (44 27 40 31 30 48) (36 12 20) (91 10 39 87 55 18 52 19 15 51) (64 96) (78 76) (59 3 29 24 35 79 54 85) (57) (58) (98 81 43 93 83 73 92 89 41 74 23 61 4 33 5) (95 26) (75 90 6 38) (2) (56 69 16) 
79 (37) (56 47 33 81 6 83) (41 43 75 84 4) (57 14 35 36 99 1 73 92 76 72) (46 63 3) (97 44 9 28) (100 80 45) (68) (11 94 79) (67 50 20 34 23) (86 77 25 16 2 49 90) (88 95 52 17 55 78 26 40 98) (60 54 62 27 7 96 42) 
80 (9) (94) (72 87 17) (62) (46 58 82) (20 3 49 52 97 42 55 90 16 93 81) (50) (4 32 91 53) (64 39 99 80) (78) (79 83) (75 67 35 96 98 6) (13) (65 23) (63 73 24 95 8 88 43 27 47 10 48 57 51 37 21 86 100) (19 18 15 89 92 61 1 38 60 26 66 59 5 68) (70 7) 
81 (89 25 81 49) (53) (40) (19) (82 55 96 10) (72) (45 5) (60) (67 1 3) (58 90 33 87 94 17 4 92 28 50 37 23 95 21) (97 12 64 36 30 51) (85 31 52 70 61 56 54 46 32) (80 39 69 9 43 44 41 6 71) (59 16 78 73) (62 29) (24 100 11 63 93 20) (86) 
82 (10) (83 74 71 51) (72 45 3 66 43 15) (80 29 92 2 1 69 37 18) (12 62 73) (19 58 93) (33 77 54 25 38 41 40 39 20 47 35 23 27 96) (5 84 32 79 13 91 76 24 65 9 17 98 89) (30 57 63 11 70 100 94 4 26 78 99 59 64) (61 95 87 6 67 44 16 42) 
83 (44) (94 43 71 35 23 82 40) (96 11) (97 85 55) (30) (57 60 15 64 98 78 13 46 26 4 83) (8 56 9 59 6 61 22 91 89 66) (25 87 38 100 54 36 45 28 68 75 41 49 80) (7 74) (51 27 17 53 81) (93 76 47 20 32 69) (86 37 5 62 92 70 34 2) (21) 
84 (11) (19 21 29 70 63 57 40 3) (39 17 56 33 12 52 68) (83 7 5 13 66) (43 50 30 71 9 2 74 98 36 34 84) (60 53 4) (76 49 90 25) (20) (89 26 62 23 81) (87) (22) (15) (31 6 64 59 35) (46) (41) (8 69 27 47 94 45 78) (28 75 24 10 100 80 79) (61) (85 32 97) 
85 (83 68 2 70 49 58 65 53 22) (10) (5 1 7 77 55 44 13) (41) (74 73 9 91 15 97 69 92) (14 27) (93 35) (67 34 26 88 21 98 6 36 78 46 40 71 61 18 85 37 52 64 100 54 94 47) (33) (84) (50 86 16) (60 79 90 30 25 89 62) (19) 
86 (27 63 60) (82 44 32 55 11 42 59 14 86 71 53 28 80 58 57 87 51) (75) (7) (69 72 36 5 39 97 78 48) (68 67 64 98 25) (93) (13) (4 92 61 76) (38 81 46) (43 31 6 99 24 74) (34 88 77 65 16) (94 40 37 3) (29 30 62 70 100 85 35) (83 10 90) 
87 (3 68 95) (1) (61) (18) (34 82 81 46 84 77 76 20) (100 79 80) (23 13) (60) (71 90 72 32 48 87) (9 89 37 96 57 66) (51 99 63) (39 83) (59 19 11 2 58) (38 21 44 15 98 50) (4) (41 75 93 65 74 14 69 29 10) (91) (35) (88 31) (54 92 42 16 53 97 17 62 36) 
88 (95 24 81) (98) (37 54 44 56) (57 28 1 16 38 4 62 15 92 50 42 93) (19 52 65 2) (20 70 47) (60) (43 55 33 77 26 9 41 6 88) (7 48 13 90 36) (58) (73 75 66 96 31 8 80 22 17 76) (27 79 87 99 29 68) (78) 
89 (35 52 62 97 90 50 43 36 9 79) (78 42 89 16 69 29) (15 44 88 33) (4 73 83 21 7 47 76 32 74 85 77 99 53) (58 63 24 51) (3 59 26 68) (18 87) (1 55 27 41) (34) (70 71 81 84 40 19 12) (17 30 13 28 92) (98 14 94 66 45 57 72 64 75 6 95 56) (82) (54 60 100) (31) 
90 (76 96 45 100 30 57) (99 14 10 86 97 40 89) (39) (1 8 11 80 17) (68 65 55) (28 59 81 74 43 63 47 22) (71) (38 70 46 33 52 34 62 16 36 12 37 9 50) (44 20 15) (54 4 49 18 98 26 77 21) (66 73 79 24 82 29 48 94 31 5) (60 85) (75) (69 23 27 32 2 42) (61 64 25 41) (84) 
91 (35 2 33 55 68 93 50) (37 86 32 51 75) (24 9) (48 16) (74 79) (59 82 88 87 63) (28 78 100 85 18 17) (70 22 3 97 73 99 14 77 42 45 31 41 83 10 84 12 7 72 80 38 52 15 57 65 67) (27 39 13) (21 29) (44 30 4 69 94) (60 61 36 19 53 96) (71 46 56 47 43 98) (11) 
92 (47 15) (21) (38 61) (55 33 51) (32 22 41 96 29 25 60 92 11 19 80 56 8 99 79) (50 26) (36 5) (20 81 98) (43 35 78 7 27 24 12 14 91 97 16) (89 57 77) (67 10 84) (94 4) (37 52 65 88 46 95 13 49 40 63 64 86 18 85 28 44 93) (83 82 48) (66 70 59) (31 2 68 30 45 17) 
93 (17 29 89 40) (22 12 82 74 52) (83 99 44 21) (45 54 76 78 4 68 64 86 10 100 1 48 13) (24 19 28 35 88 63 75) (6 95 56 69 73) (27 26 60 33 92 11 46 70 72 9) (65 59 36 7 58) (79) (15 31 2 77 18 51 3 85 34 67 97 37 90 93 5 38 94) (62) (80 32) (53) 
94 (66) (12 27) (30 48 20 85 98 35 10 87 64 59 7 3 16 89 86 63 5 34) (78 61) (22 80 18 15 71) (17 1 32 42) (74 83 44 2 13 67 57 37 92 55 53) (39 73) (47 25 23 45) (75) (81 33) (90 99 26 21 31 6 46 77) (82 14 38 4 97 93 9 50 60 58 100 68 51 76) 
95 (76) (63 41 1 62 67 49 64 45 31 47 28) (24 43 21 90 52 65 74 34 61) (42) (29 57 18 82 36 11 40) (7 58) (59 73 71 100 20 50 3 98 86 84 48 91 75 55 35 17) (89 95) (37 4 85) (92 79 33) (19 13 32 15) (97 22 94 39 78 77 16 27) (9 6 12 99 2) 
96 (36 89 35 84 88 67 43 55) (59 65 17 22 46 62 68 19 92 53 79 23 50 98 14 71) (80 86 9 1) (21 2 91) (57 97 48) (56 24 82 66 18 39) (69 85 8 28 76 4) (60 58 15 38 70 7) (75 95 6) (81 61 63 72) (73) (90) (42) (31 27 37 94) (33 54) (26 3 29 20 93) 
97 (97 17 52 21 18 26) (36 14 45 9 46) (3 37 62 83 64 70) (12) (96 20 86 54) (32 71 82 74 13) (23) (10 67 89 24 4) (94 85 80 88 41 15 76 69 92 100 68 8 84) (31 95) (48 60 16 30) (81 11 53 98 28) (90 43 49) (58 61 56 50 78) 
98 (33 7 63 58 38 61 12 78 35 74 32 13 43 22 34) (18 57 100 16 69 25 79) (49 56 20 29 41 42) (27 66 67 85 83 65 37 95 8 54) (15 77) (82 36 17) (64 71 59 52 51 62 31 92 45) (96 53 46 88 89 91) (1) (28 93 40) (4 3) 
99 (7 24 92) (100 66 29 32 41 6 52 46) (58 57 77 3 39 86 18 74 73 81 13) (59 16 22) (97 10 36 25 38 1 67 35 33 49 11 56 65 76 88 4 43 17 75 45 23 51) (62 19 34 47 12 63 42 26) (50 21) (70 80 94) (91 96 31) (60 20 40 78 84) 
100 (89) (23 41) (24 69 84 83 25 75 17) (37 3 42 61 91 49 79 31 30) (55 70) (1 20 32 72 13 65 22) (28) (74 27 86 5 6 21) (88 59 90 82) (14 48 26) (19 77 40 15) (99 62 100) (63 46 96 58 33) (80) (9) (81 7 73) (51 2 93 44 67) (10 87 36 52 43 45 57 34) (85 16 35 76) (95) 
1 (88) (89) (47) (32) (70) (15) (82) (45) (58) (9) (23) (69) (46) (25) (62) (27) (33) (93) (39) (87 31 98) (38 76 96 67 29) (85 3 24 52 8 7 99) (44) (59 6) (78 77 81 41 34 5 63 74 22 30 49 100 65 61) (10 56 80) (60 90 28 12) (14 94 18 66 95) (50 79 72 26 71 36) 
2 (92) (74) (93) (35) (88) (83) (30) (78) (12) (63) (25) (46) (82) (52) (84) (79) (53) (28) (51) (95) (23) (21) (48) (100) (66) (56) (58) (76) (61) (4) (1 71 90 77 43 55 22) (17 94) (91 54 6) (70) (18 87 37 31 34 19 73 59 85 67) (2 33 49) (9 20 68 29 96 65 72) (64 44 45 42 10 69 24) (5 14) 
3 (50) (20) (17) (41) (77) (55) (7) (78) (72) (89) (84) (94) (23) (86) (36) (54) (43) (56) (27) (100) (48) (58) (59) (80) (19) (73) (25) (10) (63) (70) (61) (18) (40) (96) (37) (62) (98) (93) (95 34 60 16 47 45 51 68) (82 35) (32 11 3 14 21) (99 38 66 79 22 49) (1) (26) (9 2 74 5 65 46 81) (91 53 87 97 76 12) (15) 
4 (37) (88) (89) (33) (24) (49) (92) (48) (84) (40) (11) (21) (26) (8) (41) (29) (36) (51) (70) (95) (4) (96) (74) (67) (99) (50) (18) (57) (71) (38) (39) (79) (76) (9) (98) (90) (5) (82) (45) (27) (55) (63) (15) (43) (20) (19) (61 2 53 52 91 94 66 12 58) (56 75) (97) (87 73 78) (83 30 1 86 64) (54 93 81 42 28 16) (60 65) (14) (10 80) 
5 (38) (23) (13) (69) (31) (35) (15) (20) (32) (77) (81) (48) (39) (22) (5) (52) (41) (70) (63) (73) (68) (44) (7) (82) (100) (67) (57) (26) (49) (55) (50) (58) (14) (47) (18) (80) (24) (86) (59) (64) (19) (90) (75) (36) (8) (53) (84) (62) (21) (94) (42) (56) (85) (51) (10 40) (66) (78) (46 93 2 29 28) (30) (71 34 17) (72 92 3) (6 83 45 33) (60) 
6 (37) (35) (40) (66) (33) (26) (96) (82) (79) (56) (4) (34) (71) (30) (99) (75) (29) (72) (100) (65) (73) (67) (23) (76) (21) (89) (20) (53) (16) (93) (88) (74) (84) (43) (60) (54) (31) (17) (69) (78) (94) (41) (12) (70) (86) (15) (50) (9) (47) (49) (62) (85) (83) (95) (55) (80) (13) (51) (48) (28) (81) (64) (3 18 77) (36 52) (5 45 25) (44) (63) (14 1) 
7 (14) (48) (58) (77) (91) (52) (57) (92) (21) (99) (5) (13) (75) (85) (51) (86) (74) (3) (84) (15) (88) (98) (70) (79) (32) (76) (44) (46) (72) (42) (23) (50) (18) (34) (100) (39) (35) (28) (60) (89) (56) (83) (24) (68) (61) (65) (6) (93) (73) (53) (17) (80) (41) (2) (16) (1) (43) (62) (96) (20) (38) (12) (9) (47) (94) (69) (29) (95) 
8 (43) (72) (25) (60) (76) (66) (35) (75) (3) (74) (17) (70) (26) (84) (16) (88) (56) (24) (36) (65) (4) (80) (57) (13) (45) (32) (1) (34) (50) (53) (27) (5) (69) (51) (61) (39) (49) (58) (7) (47) (67) (48) (98) (78) (92) (20) (62) (46) (59) (2) (96) (63) (12) (6) (83) (97) (73) (71) (55) (29) (42) (30) (11) (22) (21) (90) (54) 
9 (65) (52) (38) (78) (30) (70) (95) (93) (54) (17) (91) (64) (42) (97) (46) (62) (1) (77) (31) (26) (96) (49) (41) (94) (5) (79) (66) (3) (25) (81) (32) (11) (50) (89) (90) (68) (80) (7) (72) (8) (4) (10) (2) (47) (15) (16) (22) (69) (60) (14) (63) (36) (24) (53) (13) (34) (61) (82) (9) (83) (85) (21) (51) (58) (37) (12) (100) (35) (84) (88) (59) (87 45 76 40 74) 
10 (18) (26) (87) (86) (53) (35) (63) (67) (75) (100) (78) (68) (45) (50) (29) (12) (91) (44) (32) (2) (27) (23) (4) (22) (47) (97) (37) (72) (66) (8) (9) (15) (24) (65) (61) (49) (62) (58) (76) (34) (94) (13) (80) (16) (82) (99) (92) (93) (36) (90) (57) (69) (85) (42) (40) (81) (73) (55) (84) (21) (7) (77) (56) (17) 
11 (57) (8) (69) (48) (73) (15) (91) (14) (10) (32) (86) (47) (36) (23) (93) (78) (46) (77) (66) (61) (43) (45) (29) (21) (12) (84) (81) (6) (99) (24) (59) (31) (16) (35) (49) (55) (97) (82) (83) (92) (90) (60) (19) (62) (13) (56) (51) (4) (5) (52) (33) (65) (79) (28) (71) (95) (37) (30) (26) (54) (87) (17) (34) (63) (22) (76) (64) (58) (50) (7) 
12 (37) (78) (24) (59) (92) (77) (89) (7) (84) (99) (34) (56) (55) (21) (53) (95) (97) (41) (31) (82) (32) (64) (20) (47) (68) (16) (27) (3) (90) (18) (6) (73) (98) (91) (51) (5) (81) (94) (71) (72) (35) (50) (12) (70) (33) (19) (93) (57) (11) (14) (30) (22) (40) (61) (17) (62) (45) (13) (38) (76) (46) (9) (1) (28) (23) (58) (54) (63) 
13 (92) (48) (28) (95) (20) (41) (68) (51) (38) (59) (6) (100) (56) (53) (32) (62) (7) (21) (86) (3) (13) (67) (10) (84) (1) (49) (33) (65) (43) (69) (98) (42) (85) (25) (99) (77) (45) (97) (74) (70) (30) (4) (60) (83) (11) (46) (64) (93) (17) (89) (36) (57) (26) (8) (71) (82) (66) (44) (22) (87) (24) (80) (73) (94) (16) (76) (31) (39) (19) (12) (50) (88 91) 
14 (54) (58) (47) (96) (55) (7) (86) (20) (42) (10) (75) (18) (90) (49) (62) (38) (97) (71) (52) (13) (19) (74) (53) (100) (23) (61) (9) (6) (92) (51) (24) (8) (50) (39) (43) (35) (27) (91) (29) (16) (66) (34) (94) (79) (69) (37) (14) (87) (64) (28) (21) (25) (12) (72) (77) (22) (32) (11) (3) (85) (1) (89) 
15 (80) (85) (83) (32) (19) (7) (84) (94) (15) (25) (66) (65) (52) (96) (69) (75) (98) (73) (58) (20) (5) (27) (57) (36) (22) (16) (41) (23) (31) (18) (29) (24) (34) (10) (45) (37) (51) (91) (48) (82) (14) (12) (67) (56) (47) (26) (87) (97) (9) (28) (49) (89) (93) (2) (61) (30) (35) (21) (100) (90) (53) (63) (88) (40) (78) (92) (44) (68) (70) (46) (95) 
16 (64) (49) (97) (5) (33) (4) (35) (62) (46) (91) (43) (25) (8) (22) (31) (81) (63) (59) (40) (76) (7) (90) (75) (61) (47) (16) (14) (3) (57) (6) (87) (42) (78) (86) (85) (21) (69) (98) (29) (99) (82) (88) (77) (39) (51) (79) (92) (27) (12) (58) (94) (44) (67) (95) (34) (28) (38) (80) (37) (9) (73) (1) (71) (100) (89) (56) (48) (32) (54) (2) (60) 
17 (32) (91) (22) (60) (78) (72) (29) (28) (19) (65) (4) (83) (6) (59) (30) (45) (55) (82) (10) (84) (35) (34) (79) (66) (44) (81) (96) (5) (16) (17) (53) (23) (90) (98) (46) (1) (3) (25) (94) (24) (87) (9) (49) (57) (52) (41) (56) (95) (40) (73) (97) (27) (99) (58) (13) (2) (62) (88) (64) (77) (70) (69) (31) (38) (67) (92) (68) (80) (54) (37) (100) (89 71 36) (48 93 7) (47) 
18 (76) (92) (62) (44) (12) (82) (67) (25) (1) (26) (87) (57) (51) (7) (60) (61) (20) (54) (22) (71) (77) (41) (8) (93) (78) (68) (85) (40) (52) (80) (45) (48) (66) (99) (69) (89) (98) (17) (91) (53) (4) (24) (95) (75) (27) (97) (21) (94) (30) (90) (38) (31) (11) (65) (36) (49) (96) (47) 
19 (58) (93) (54) (29) (10) (24) (19) (36) (11) (14) (84) (63) (35) (6) (74) (15) (9) (82) (81) (42) (13) (27) (37) (33) (41) (26) (1) (22) (4) (8) (87) (95) (23) (3) (12) (72) (76) (55) (50) (88) (40) (77) (60) (71) (99) (25) (66) (34) (80) (68) (7) (28) (78) (38) (92) (59) (5) (75) (18) (65) (89) (56) (43) (2) (100) (20) (73) (64) (52) (32) (51) (69) (46) (61 96 44 85) (91) 
20 (74) (66) (75) (47) (83) (54) (92) (94) (52) (3) (14) (65) (55) (44) (78) (31) (32) (64) (19) (90) (23) (79) (21) (80) (33) (18) (15) (4) (38) (67) (82) (30) (11) (72) (7) (69) (61) (9) (16) (70) (48) (6) (100) (87) (51) (37) (99) (8) (2) (22) (76) (12) (53) (98) (88) (81) (96) (58) (77) (97) (24) (60) (17) (59) (95) (1) (45) (50) (26) (29) (84) (27) (13) (57) (25) (62) 
21 (45) (27) (59) (31) (60) (91) (37) (77) (29) (14) (5) (54) (99) (97) (90) (81) (22) (57) (12) (9) (100) (55) (92) (46) (61) (13) (95) (84) (96) (67) (71) (89) (15) (93) (17) (16) (94) (75) (25) (73) (72) (3) (1) (32) (11) (30) (66) (41) (87) (28) (47) (48) (21) (24) (43) (80) (70) (56) (44) (26) (20) (65) (83) (62) (36) (85) (78) (35) (49) (40) (38) 
22 (41) (84) (77) (72) (99) (66) (5) (32) (58) (14) (44) (24) (85) (63) (47) (17) (6) (28) (54) (11) (83) (25) (2) (13) (65) (48) (64) (95) (8) (61) (98) (94) (90) (43) (31) (9) (92) (15) (34) (38) (74) (46) (36) (18) (96) (91) (100) (60) (76) (1) (23) (12) (22) (71) (75) (33) (88) (35) (3) (62) (30) (78) (93) (45) (59) 
23 (27) (45) (39) (59) (73) (58) (64) (2) (70) (52) (40) (77) (34) (16) (66) (99) (100) (53) (43) (20) (3) (81) (46) (83) (32) (78) (62) (7) (5) (48) (54) (17) (71) (75) (10) (25) (80) (30) (74) (49) (69) (19) (76) (87) (61) (65) (15) (68) (94) (26) (23) (97) (14) (72) (9) (51) (29) (96) (84) (79) (12) (90) (4) (47) (67) (82) (13) (50) (31) (37) (35) 
24 (32) (56) (44) (6) (84) (100) (70) (18) (93) (11) (43) (59) (26) (24) (47) (68) (77) (95) (28) (86) (17) (14) (15) (38) (31) (73) (82) (58) (10) (45) (13) (57) (76) (4) (23) (7) (66) (25) (50) (30) (90) (69) (36) (46) (53) (88) (78) (1) (99) (37) (92) (3) (34) (91) (27) (96) (81) (60) (16) (71) (62) (12) (80) (51) (40) (97) (5) (89) (41) 
25 (100) (17) (65) (6) (53) (64) (92) (52) (30) (81) (57) (7) (31) (67) (82) (4) (74) (24) (77) (43) (66) (86) (99) (71) (50) (8) (90) (46) (85) (42) (38) (40) (25) (54) (58) (28) (44) (1) (84) (15) (98) (39) (69) (63) (47) (12) (37) (59) (60) (5) (14) (23) (27) (11) (9) (94) (2) (83) (45) (70) (21) (51) (35) (26) (79) (34) 
26 (7) (47) (33) (49) (12) (14) (82) (92) (94) (5) (1) (71) (3) (88) (61) (23) (18) (32) (11) (25) (51) (30) (76) (31) (38) (19) (2) (15) (78) (100) (73) (54) (29) (90) (57) (37) (21) (42) (55) (80) (46) (13) (4) (67) (65) (34) (50) (35) (39) (99) (83) (58) (79) (74) (24) (93) (27) (59) (20) (97) (72) (84) (85) (96) (26) (16) (52) (64) (48) (40) (45) (53) (6) (8) (89) 
27 (20) (95) (64) (17) (46) (1) (35) (72) (98) (94) (22) (65) (13) (55) (8) (79) (83) (16) (74) (48) (89) (3) (11) (92) (100) (10) (6) (39) (91) (58) (21) (93) (85) (41) (49) (57) (14) (19) (67) (9) (96) (90) (84) (56) (50) (30) (25) (73) (88) (12) (27) (51) (76) (80) (26) (15) (4) (71) (7) (78) (86) (75) (44) (66) (70) (5) (82) (32) (52) (38) 
28 (60) (61) (21) (50) (93) (25) (35) (90) (83) (81) (55) (72) (92) (4) (57) (65) (14) (100) (91) (62) (73) (10) (76) (98) (67) (42) (6) (97) (47) (8) (18) (59) (86) (16) (89) (39) (52) (17) (9) (26) (28) (30) (2) (66) (45) (5) (13) (43) (12) (71) (27) (22) (3) (56) (51) (84) (37) (29) (54) (75) (88) (96) (70) (69) (31) (95) (44) (78) (53) (79) (40) (1) (24) (58) (64) (46 63) 
29 (78) (86) (29) (89) (14) (87) (5) (41) (46) (90) (99) (4) (61) (26) (17) (40) (76) (60) (1) (69) (92) (20) (59) (39) (48) (35) (19) (66) (9) (82) (53) (95) (43) (51) (10) (93) (38) (44) (47) (64) (8) (31) (7) (18) (12) (67) (54) (96) (33) (68) (42) (2) (84) (30) (6) (22) (37) (88) (57) (81) (71) (13) (72) (98) (91) (70) (63) (75) 
30 (70) (3) (61) (59) (46) (41) (27) (92) (11) (2) (1) (63) (66) (39) (35) (24) (14) (62) (50) (69) (86) (94) (76) (7) (44) (36) (31) (8) (75) (13) (19) (17) (32) (73) (18) (4) (51) (47) (45) (83) (53) (9) (71) (91) (85) (40) (34) (97) (81) (84) (82) (90) (100) (67) (38) (78) (22) (56) (89) (28) (57) (60) (49) (15) 
31 (4) (94) (51) (66) (84) (28) (41) (76) (57) (14) (16) (13) (23) (100) (88) (75) (99) (87) (25) (95) (21) (97) (73) (5) (96) (89) (98) (20) (11) (42) (92) (72) (44) (56) (68) (36) (69) (48) (81) (3) (34) (86) (63) (6) (58) (60) (32) (46) (74) (61) (52) (18) (90) (31) (30) (9) (78) (17) (91) (7) (67) (77) (12) (1) (37) (29) (93) (10) (65) (53) (71) (70) (19) (54) 
32 (12) (42) (43) (66) (59) (97) (80) (22) (41) (87) (16) (11) (58) (9) (92) (69) (57) (25) (28) (18) (4) (44) (99) (32) (30) (61) (100) (46) (7) (37) (56) (68) (2) (70) (14) (20) (3) (90) (73) (83) (5) (34) (86) (93) (91) (98) (45) (39) (1) (47) (55) (21) (6) (81) (29) (8) (13) (64) (84) (54) (10) (48) (36) (77) (26) (63) (95) (15) (94) (89) (35) (62) (82) 
33 (34) (78) (17) (24) (4) (8) (56) (95) (3) (19) (35) (92) (1) (71) (53) (70) (63) (47) (65) (16) (100) (26) (37) (42) (88) (49) (98) (91) (99) (68) (40) (28) (54) (21) (23) (61) (7) (93) (31) (39) (94) (29) (52) (44) (20) (43) (33) (48) (64) (30) (12) (89) (57) (85) (74) (5) (72) (82) (81) (50) (90) (84) (66) (11) (25) (59) (27) (60) (96) (79) 
34 (75) (36) (64) (66) (63) (11) (73) (44) (74) (14) (21) (10) (47) (35) (84) (54) (46) (17) (49) (62) (83) (95) (38) (55) (1) (77) (90) (42) (15) (40) (85) (3) (52) (41) (94) (87) (7) (70) (12) (43) (9) (89) (37) (30) (79) (20) (24) (31) (29) (8) (93) (6) (98) (51) (57) (69) (68) (26) (71) (22) (99) (32) (53) (86) (100) (16) (25) (4) (61) (72) (65) (27) 
35 (67) (3) (73) (1) (16) (54) (99) (50) (59) (75) (84) (9) (42) (49) (7) (86) (80) (65) (71) (27) (55) (85) (52) (100) (89) (32) (94) (78) (60) (96) (26) (21) (24) (87) (34) (61) (10) (13) (38) (82) (44) (95) (74) (36) (17) (62) (79) (6) (43) (48) (92) (45) (93) (68) (23) (11) (72) (35) (28) (83) (39) (63) (15) (70) (58) (2) (12) (98) (30) (91) (56) (19) 
36 (22) (78) (10) (41) (53) (89) (56) (60) (40) (28) (50) (55) (64) (88) (17) (76) (57) (93) (65) (91) (48) (84) (34) (4) (25) (67) (6) (37) (90) (11) (69) (18) (26) (70) (46) (13) (99) (31) (86) (7) (5) (30) (21) (23) (87) (71) (74) (79) (9) (81) (98) (54) (97) (39) (95) (62) (1) (100) (92) (52) (63) (85) (96) (36) (42) (83) (29) 
37 (5) (79) (32) (33) (50) (96) (46) (74) (57) (76) (88) (23) (24) (82) (41) (35) (9) (26) (8) (98) (29) (21) (44) (68) (20) (38) (43) (93) (81) (70) (83) (49) (100) (92) (28) (40) (69) (64) (14) (55) (54) (85) (31) (3) (4) (34) (91) (94) (63) (10) (78) (75) (90) (6) (95) (71) (66) (86) (77) (45) (67) (53) (36) (80) (1) (72) (97) (62) (87) (11) 
38 (59) (57) (39) (7) (19) (26) (43) (74) (62) (38) (45) (17) (55) (23) (66) (70) (46) (27) (36) (83) (60) (16) (82) (67) (49) (98) (12) (21) (52) (40) (10) (92) (86) (51) (94) (6) (53) (24) (11) (2) (28) (44) (68) (75) (65) (80) (58) (73) (5) (3) (15) (50) (64) (48) (72) (1) (99) (78) (90) (87) (71) (63) (8) (20) (29) (4) (93) (77) (41) (37) (69) (34) (91) (25) (88) (96) 
39 (67) (77) (51) (70) (82) (76) (39) (9) (50) (31) (32) (30) (74) (34) (20) (36) (6) (96) (45) (25) (68) (90) (99) (58) (1) (14) (2) (22) (48) (87) (94) (46) (21) (33) (84) (26) (65) (73) (61) (10) (91) (81) (57) (86) (8) (42) (69) (7) (40) (27) (62) (95) (3) (16) (29) (4) (63) (15) (43) (28) (80) (44) (56) (38) (17) (53) (18) (78) (24) (72) (75) 
40 (47) (84) (64) (14) (5) (40) (50) (61) (28) (90) (31) (11) (42) (79) (99) (66) (25) (63) (81) (3) (4) (77) (23) (29) (89) (48) (37) (44) (67) (100) (46) (53) (8) (22) (68) (52) (36) (41) (15) (92) (71) (65) (51) (6) (39) (69) (82) (55) (17) (19) (26) (95) (78) (56) (59) (74) (60) (93) (98) (34) (33) (9) (1) (18) (86) (30) (72) (20) (2) (57) (83) (58) (43) (62) (85) (10) 
41 (51) (91) (35) (27) (1) (69) (9) (49) (38) (7) (14) (6) (29) (55) (11) (24) (5) (83) (42) (12) (81) (34) (100) (53) (21) (44) (72) (77) (4) (66) (10) (63) (45) (19) (56) (31) (82) (73) (92) (87) (64) (61) (54) (67) (98) (32) (20) (71) (95) (50) (13) (88) (79) (36) (90) (43) (48) (57) (89) (84) (99) (97) (33) (70) (62) (68) (47) (8) (39) (78) (59) (85) (65) (3) 
42 (61) (19) (86) (3) (60) (55) (31) (30) (7) (15) (4) (6) (12) (56) (33) (78) (29) (21) (42) (96) (17) (22) (73) (39) (80) (94) (38) (13) (90) (87) (100) (98) (25) (77) (95) (82) (28) (63) (16) (91) (49) (11) (2) (89) (26) (43) (72) (18) (88) (79) (32) (65) (68) (99) (66) (27) (74) (10) (52) (62) (46) (70) (34) (24) (35) 
43 (20) (84) (25) (82) (88) (26) (77) (98) (95) (96) (18) (36) (5) (48) (92) (21) (89) (28) (83) (70) (91) (51) (6) (13) (43) (16) (97) (58) (100) (50) (39) (61) (46) (52) (68) (63) (19) (14) (38) (41) (24) (90) (12) (34) (9) (30) (86) (31) (81) (22) (75) (67) (45) (3) (11) (17) (72) (10) (78) (29) (80) (79) (99) (71) (40) (1) (73) (33) 
44 (4) (93) (68) (91) (1) (21) (79) (62) (55) (9) (41) (67) (94) (36) (24) (20) (49) (69) (28) (12) (45) (7) (15) (32) (86) (89) (37) (23) (76) (60) (64) (17) (43) (70) (31) (78) (18) (47) (63) (61) (39) (30) (85) (65) (83) (74) (13) (2) (88) (35) (87) (81) (90) (3) (66) (57) (19) (34) (16) (51) (56) (10) (100) (14) (5) (33) (82) (8) (92) (73) (6) 
45 (100) (7) (1) (98) (53) (14) (91) (33) (18) (2) (23) (72) (52) (30) (44) (50) (13) (41) (76) (81) (82) (3) (45) (58) (10) (37) (8) (97) (83) (84) (61) (94) (64) (89) (66) (74) (49) (90) (99) (16) (95) (69) (42) (54) (24) (92) (20) (36) (28) (93) (17) (4) (43) (79) (19) (11) (55) (39) (31) (75) (27) (71) (21) 
46 (80) (41) (20) (52) (10) (29) (96) (27) (50) (33) (93) (38) (54) (45) (62) (4) (1) (25) (48) (83) (58) (19) (3) (28) (32) (65) (63) (94) (98) (81) (51) (60) (71) (55) (30) (99) (57) (70) (67) (85) (92) (14) (91) (72) (8) (35) (74) (6) (9) (78) (2) (97) (84) (68) (37) (43) (16) (15) (56) (12) (61) (17) (79) (59) (18) (87) (7) (44) (86) (31) (100) (13) (90) (64) (46) (73 11) 
47 (75) (2) (33) (69) (63) (55) (50) (49) (64) (8) (52) (38) (53) (30) (51) (91) (84) (5) (54) (35) (80) (41) (61) (9) (82) (79) (44) (85) (31) (72) (3) (7) (92) (90) (88) (73) (71) (1) (21) (28) (94) (62) (67) (22) (95) (99) (59) (42) (15) (10) (77) (13) (39) (47) (26) (20) (14) (6) (83) (24) (68) (78) (40) (89) (11) (34) (23) 
48 (95) (62) (46) (32) (30) (93) (33) (72) (23) (47) (11) (18) (50) (97) (94) (39) (43) (53) (28) (22) (25) (42) (60) (86) (91) (63) (80) (38) (92) (8) (74) (51) (3) (16) (69) (15) (36) (75) (6) (52) (21) (29) (2) (90) (73) (31) (45) (58) (24) (13) (87) (35) (56) (88) (7) (100) (26) (78) (17) (34) (54) (14) (68) (27) (48) (12) (37) (96) (61) (66) (9) (1) (65) 
49 (54) (17) (90) (64) (63) (83) (67) (65) (75) (61) (47) (39) (68) (81) (1) (35) (71) (22) (19) (42) (66) (5) (79) (59) (80) (36) (3) (38) (84) (58) (48) (13) (31) (74) (98) (85) (30) (50) (2) (92) (29) (60) (95) (69) (45) (33) (11) (100) (56) (8) (62) (37) (18) (41) (72) (25) (21) (51) (27) (26) (4) (10) (97) (57) (20) (55) (14) (76) (99) (16) (32) 
50 (18) (19) (76) (77) (45) (29) (52) (64) (22) (16) (15) (72) (9) (91) (1) (85) (40) (68) (23) (25) (17) (46) (57) (48) (81) (13) (73) (28) (56) (66) (3) (94) (89) (38) (34) (44) (20) (30) (69) (88) (97) (43) (14) (26) (90) (96) (79) (39) (51) (95) (84) (12) (54) (63) (61) (71) (92) (99) (32) (31) (59) (41) (8) (55) (33) (11) (74) (21) (80) (58) (37) (7) (4) (53) (35) (87) 
51 (82) (99) (37) (65) (41) (19) (20) (33) (98) (93) (12) (36) (21) (61) (91) (50) (42) (67) (39) (44) (94) (29) (81) (56) (17) (2) (51) (18) (74) (8) (52) (100) (7) (14) (60) (83) (92) (87) (48) (71) (13) (35) (43) (62) (40) (10) (86) (69) (89) (47) (11) (34) (25) (73) (3) (57) (78) (77) (59) (28) (46) (38) (64) (30) (75) (4) (55) (80) (63) 
52 (98) (45) (95) (51) (9) (4) (2) (80) (89) (68) (23) (28) (54) (76) (33) (65) (77) (99) (3) (22) (78) (62) (11) (50) (64) (66) (25) (30) (27) (59) (35) (69) (13) (88) (31) (6) (85) (40) (56) (84) (36) (72) (93) (15) (81) (58) (47) (12) (29) (26) (41) (92) (10) (24) (55) (97) (38) (100) (79) (17) (44) (91) (53) (39) (57) (90) (63) 
53 (12) (80) (87) (4) (72) (10) (40) (38) (24) (70) (81) (41) (14) (59) (6) (22) (28) (86) (57) (73) (65) (83) (43) (5) (68) (20) (39) (36) (93) (31) (54) (44) (45) (25) (91) (53) (47) (3) (13) (61) (96) (16) (85) (98) (18) (63) (62) (52) (19) (71) (37) (66) (97) (29) (11) (89) (32) (17) (74) (46) (51) (84) (55) (50) (35) (33) (1) (23) (2) (34) (94) (58) (76) (26) 
54 (85) (40) (96) (87) (60) (56) (82) (68) (93) (44) (90) (69) (47) (14) (2) (54) (61) (83) (1) (67) (45) (29) (27) (98) (38) (70) (22) (15) (9) (66) (8) (43) (18) (59) (12) (3) (79) (63) (25) (55) (37) (78) (81) (65) (24) (51) (48) (5) (62) (32) (52) (88) (97) (42) (34) (10) (23) (6) (21) (89) (31) (58) (73) (39) (11) (50) (4) 
55 (18) (65) (42) (26) (77) (2) (85) (32) (30) (5) (57) (28) (50) (78) (67) (100) (72) (13) (36) (83) (79) (74) (90) (46) (37) (51) (29) (48) (71) (81) (15) (95) (94) (66) (75) (16) (88) (39) (86) (45) (80) (62) (20) (1) (92) (19) (69) (68) (60) (47) (35) (76) (49) (8) (52) (53) (73) (54) (61) (14) (33) (7) (55) (25) (89) (91) (23) (70) (9) (24) (96) (38) 
56 (7) (74) (24) (23) (84) (69) (10) (64) (97) (91) (66) (72) (65) (44) (52) (41) (39) (57) (14) (9) (2) (73) (25) (29) (93) (17) (50) (12) (78) (20) (30) (42) (3) (48) (53) (38) (81) (55) (47) (67) (96) (5) (92) (32) (22) (79) (61) (59) (16) (54) (76) (88) (56) (40) (60) (83) (4) (98) (89) (49) (31) (58) (77) (99) (70) (11) 
57 (5) (27) (34) (19) (92) (37) (3) (89) (66) (83) (88) (94) (49) (79) (67) (38) (78) (9) (40) (35) (21) (72) (51) (4) (39) (1) (6) (91) (63) (32) (69) (82) (57) (56) (75) (68) (80) (16) (96) (18) (87) (30) (100) (31) (84) (98) (90) (86) (11) (47) (10) (44) (26) (8) (15) (46) (33) (36) (95) (99) (77) (25) (22) (62) (52) 
58 (98) (2) (35) (24) (8) (22) (67) (1) (34) (47) (61) (4) (28) (60) (89) (31) (87) (66) (7) (56) (77) (57) (37) (30) (14) (76) (95) (54) (52) (20) (43) (64) (26) (38) (88) (100) (27) (69) (50) (17) (45) (70) (81) (5) (51) (97) (63) (9) (58) (15) (10) (82) (93) (80) (85) (62) (94) (16) (86) (39) (78) (99) (21) (6) (48) (32) (12) (46) (73) (29) (96) (44) (41) 
59 (47) (2) (83) (98) (46) (99) (69) (84) (5) (95) (93) (21) (55) (40) (33) (70) (44) (25) (57) (96) (73) (50) (82) (31) (74) (89) (72) (23) (12) (62) (11) (77) (56) (20) (22) (92) (1) (87) (66) (26) (42) (63) (15) (59) (94) (67) (29) (68) (86) (91) (80) (41) (39) (58) (8) (65) (19) (28) (100) (78) (14) (61) (64) (45) (43) (54) (34) (36) (90) (81) 
60 (52) (73) (61) (48) (67) (81) (35) (43) (30) (11) (91) (37) (88) (29) (72) (1) (70) (96) (64) (51) (7) (22) (12) (3) (55) (63) (62) (8) (10) (79) (20) (80) (31) (97) (28) (18) (42) (85) (65) (66) (39) (47) (27) (9) (54) (50) (87) (40) (93) (45) (23) (99) (94) (21) (92) (86) (89) (84) (38) (34) (53) (90) (36) (57) (83) (2) (77) 
61 (65) (44) (67) (71) (69) (51) (100) (35) (81) (54) (30) (57) (11) (18) (34) (5) (62) (50) (29) (6) (41) (83) (77) (14) (39) (59) (47) (64) (8) (20) (24) (94) (16) (31) (38) (42) (97) (82) (33) (25) (91) (19) (32) (40) (53) (70) (95) (1) (92) (52) (75) (96) (4) (2) (49) (48) (84) (10) (15) (86) (87) (85) (23) (90) (80) (46) (78) (98) (36) (66) (3) 
62 (20) (89) (96) (66) (68) (80) (83) (84) (85) (54) (34) (21) (82) (97) (71) (22) (9) (95) (13) (98) (16) (62) (35) (77) (52) (3) (5) (99) (29) (55) (100) (19) (25) (69) (87) (88) (28) (17) (15) (75) (27) (58) (78) (12) (36) (79) (59) (93) (2) (57) (7) (31) (53) (41) (47) (23) (40) (72) (86) (6) (10) (70) (30) (67) (51) (56) (81) (50) (44) (38) (90) (45) (48) (65) (60) (24) 
63 (54) (79) (1) (82) (53) (52) (74) (24) (33) (13) (73) (19) (72) (18) (51) (59) (5) (22) (60) (48) (36) (90) (14) (96) (100) (12) (15) (55) (25) (47) (57) (28) (94) (91) (38) (68) (86) (34) (65) (64) (98) (63) (87) (42) (29) (4) (99) (80) (7) (66) (17) (10) (89) (92) (62) (84) (45) (75) (67) (26) (93) (81) (95) (11) (61) (58) (3) (31) 
64 (57) (22) (90) (41) (98) (49) (15) (72) (67) (18) (73) (10) (47) (70) (42) (6) (21) (46) (17) (76) (14) (61) (81) (5) (77) (39) (19) (34) (93) (38) (43) (24) (50) (28) (78) (53) (32) (95) (94) (64) (60) (83) (85) (8) (16) (92) (12) (58) (45) (11) (86) (35) (89) (37) (75) (48) (84) (97) (51) (31) (56) (26) (66) (82) (52) (80) (55) (36) (44) (71) (59) (62) (30) 
65 (64) (22) (74) (29) (86) (62) (8) (88) (20) (28) (95) (99) (40) (61) (6) (48) (41) (25) (37) (55) (71) (54) (52) (82) (38) (43) (11) (4) (96) (7) (63) (16) (49) (12) (32) (85) (53) (100) (15) (10) (50) (91) (87) (78) (80) (24) (73) (13) (44) (5) (39) (31) (57) (92) (56) (47) (27) (42) (60) (58) (17) (90) (1) (93) (98) (65) (66) (35) (51) (59) (75) 
66 (11) (87) (80) (54) (29) (88) (34) (84) (37) (74) (27) (45) (22) (55) (50) (41) (73) (75) (47) (49) (67) (4) (10) (28) (32) (40) (65) (52) (70) (44) (17) (18) (60) (2) (31) (33) (7) (98) (14) (66) (35) (38) (24) (16) (90) (92) (6) (21) (63) (5) (59) (82) (9) (42) (96) (19) (48) (23) (99) (89) (30) (94) (39) (83) (3) (8) (51) (25) (58) (12) 
67 (53) (67) (64) (45) (98) (7) (81) (97) (1) (92) (69) (62) (6) (38) (74) (51) (52) (94) (10) (79) (4) (61) (9) (91) (63) (18) (23) (20) (82) (28) (16) (3) (58) (19) (5) (24) (96) (57) (93) (77) (34) (86) (99) (65) (71) (11) (8) (60) (85) (2) (17) (33) (30) (59) (25) (49) (73) (95) (36) (68) (72) (55) (29) (50) (100) (43) (47) (66) (31) (32) (46) (22) (12) (13) (27) (41 80) 
68 (24) (77) (15) (79) (45) (84) (62) (38) (34) (49) (32) (25) (63) (65) (46) (44) (87) (68) (69) (23) (50) (96) (51) (12) (97) (64) (1) (22) (5) (47) (11) (39) (89) (61) (92) (86) (48) (90) (58) (93) (91) (60) (30) (17) (67) (70) (6) (43) (80) (37) (54) (29) (85) (4) (52) (59) (55) (75) (72) (88) (94) (41) (83) (53) (14) (74) 
69 (71) (83) (74) (91) (96) (47) (28) (33) (3) (65) (54) (56) (27) (89) (49) (30) (38) (31) (12) (76) (26) (39) (42) (51) (53) (32) (40) (35) (61) (15) (70) (19) (24) (36) (13) (22) (67) (45) (11) (63) (43) (4) (9) (78) (6) (66) (73) (98) (75) (58) (72) (10) (93) (81) (8) (17) (21) (41) (46) (85) (2) (87) (23) (7) (37) (77) (60) (84) (25) (86) (90) (64) (44) (62) (97) (82 100 55) (20 1 5 34) 
70 (1) (8) (29) (18) (80) (47) (12) (41) (59) (82) (61) (17) (7) (64) (51) (35) (92) (49) (2) (56) (72) (11) (20) (90) (9) (39) (67) (53) (96) (60) (100) (34) (23) (74) (32) (85) (81) (71) (54) (30) (19) (93) (3) (28) (26) (76) (21) (84) (63) (44) (22) (89) (50) (37) (42) (48) (52) (24) (38) (75) (69) (99) (86) (16) (91) (83) (25) (27) (45) (97) (57) (31) (10) (88) 
71 (91) (17) (28) (70) (5) (13) (55) (84) (10) (76) (97) (98) (38) (77) (73) (12) (56) (35) (83) (81) (49) (82) (25) (47) (96) (52) (15) (20) (40) (9) (86) (68) (34) (62) (54) (63) (7) (89) (95) (39) (87) (1) (37) (46) (50) (26) (94) (36) (32) (59) (4) (42) (48) (78) (8) (90) (72) (21) (75) (64) (31) (58) (61) (44) (67) (29) (18) (2) (85) (65) 
72 (5) (27) (31) (68) (66) (87) (57) (34) (36) (96) (78) (80) (52) (73) (39) (89) (9) (64) (100) (51) (1) (70) (79) (14) (47) (45) (43) (75) (71) (11) (25) (20) (82) (13) (41) (33) (81) (18) (29) (23) (76) (67) (30) (74) (54) (37) (16) (93) (10) (86) (91) (26) (7) (48) (24) (49) (61) 
73 (81) (65) (50) (15) (51) (80) (37) (95) (73) (26) (62) (5) (11) (34) (100) (69) (77) (68) (82) (10) (94) (93) (96) (22) (63) (66) (7) (64) (14) (99) (89) (13) (85) (36) (25) (32) (23) (31) (58) (67) (91) (2) (88) (76) (47) (71) (18) (43) (78) (20) (44) (79) (48) (46) (40) (61) (90) (56) (49) (59) (39) (33) (28) (8) (27) 
74 (51) (28) (78) (68) (46) (45) (60) (83) (9) (42) (4) (91) (72) (50) (62) (24) (55) (63) (48) (94) (37) (90) (12) (3) (2) (100) (74) (30) (38) (47) (41) (99) (13) (29) (20) (87) (35) (1) (52) (18) (7) (95) (5) (64) (89) (32) (97) (76) (71) (33) (75) (67) (85) (39) (93) (73) (11) (98) (82) (84) (86) (44) (56) (23) 
75 (16) (45) (30) (84) (83) (96) (90) (43) (24) (11) (93) (86) (94) (25) (73) (32) (76) (58) (62) (87) (6) (77) (51) (5) (74) (80) (79) (17) (20) (3) (10) (23) (7) (95) (89) (27) (26) (61) (29) (44) (75) (78) (65) (99) (63) (9) (42) (52) (38) (33) (100) (15) (37) (47) (34) (40) (72) (48) (91) (88) (67) (54) (59) (68) (49) (13) (55) (66) (69) (31) 
76 (1) (44) (63) (94) (59) (13) (89) (7) (10) (70) (96) (88) (74) (93) (73) (18) (65) (82) (19) (84) (62) (67) (99) (69) (49) (71) (100) (8) (58) (31) (3) (95) (77) (40) (47) (15) (26) (87) (54) (53) (66) (68) (86) (79) (97) (43) (33) (35) (48) (4) (32) (75) (90) (46) (78) (60) (39) (22) (51) (61) (41) (56) (24) (23) (83) (29) (6) 
77 (88) (76) (72) (85) (91) (74) (65) (89) (31) (10) (35) (17) (15) (21) (7) (92) (33) (24) (94) (9) (70) (68) (99) (79) (11) (36) (18) (82) (19) (16) (64) (86) (95) (93) (1) (6) (30) (32) (71) (40) (54) (100) (34) (37) (62) (44) (22) (48) (67) (45) (77) (47) (23) (73) (90) (66) (5) (50) (69) (87) (42) (25) (56) (29) (46) (98) (53) (63) 
78 (56) (73) (27) (61) (81) (33) (89) (30) (86) (22) (4) (77) (5) (72) (83) (52) (64) (9) (92) (97) (88) (36) (45) (11) (60) (94) (31) (41) (54) (66) (65) (32) (3) (50) (40) (69) (14) (39) (78) (49) (75) (17) (67) (43) (26) (84) (58) (15) (85) (74) (16) (35) (7) (29) (25) (1) (28) (44) (82) (46) (80) (95) (93) (91) (99) (70) (79) (98) (62) (59) (10) 
79 (95) (44) (15) (37) (32) (36) (26) (56) (24) (85) (98) (7) (55) (48) (39) (72) (43) (73) (82) (34) (1) (58) (19) (84) (16) (27) (80) (18) (13) (68) (100) (33) (89) (28) (63) (69) (64) (11) (88) (10) (49) (91) (93) (47) (92) (6) (51) (20) (35) (78) (25) (5) (46) (79) (42) (22) (87) (90) (62) (75) (41) (14) (53) (65) (21) (70) (3) (9) (96) (8) (60) 
80 (93) (2) (21) (48) (11) (100) (27) (9) (16) (94) (51) (92) (36) (88) (62) (37) (90) (65) (14) (12) (26) (70) (4) (43) (13) (41) (33) (91) (74) (68) (10) (75) (8) (19) (67) (50) (40) (18) (46) (73) (76) (6) (23) (82) (54) (96) (1) (39) (79) (83) (97) (86) (20) (80) (84) (52) (22) (45) (57) (15) (5) (71) (87) (99) (28) (32) (42) (81) (60) 
81 (81) (88) (72) (99) (37) (46) (59) (83) (58) (89) (1) (54) (79) (10) (100) (13) (40) (33) (84) (74) (15) (57) (69) (34) (92) (52) (17) (24) (35) (48) (9) (96) (71) (73) (32) (60) (30) (38) (75) (94) (50) (80) (65) (68) (90) (2) (8) (43) (55) (87) (45) (19) (22) (67) (86) (31) (28) (23) (21) (44) (20) (6) (76) (78) (26) (97) (11) (5) 
82 (39) (92) (73) (83) (44) (5) (49) (86) (90) (48) (11) (19) (71) (76) (21) (52) (38) (1) (93) (47) (59) (72) (2) (95) (24) (96) (74) (22) (42) (67) (91) (45) (56) (6) (31) (40) (70) (50) (10) (37) (8) (68) (14) (17) (66) (57) (94) (81) (64) (16) (23) (20) (100) (4) (55) (58) (36) (89) (13) (46) (7) (80) (15) (87) (98) (97) 
83 (55) (80) (12) (29) (35) (68) (19) (5) (86) (45) (38) (83) (11) (93) (65) (22) (70) (49) (100) (73) (89) (23) (6) (42) (26) (43) (46) (94) (34) (20) (31) (76) (57) (85) (69) (82) (91) (13) (87) (14) (74) (9) (63) (54) (97) (77) (75) (7) (61) (18) (32) (41) (24) (58) (40) (30) (92) (15) (3) (44) (67) (53) (21) (59) (79) (47) (84) (48) (98) (78) (51) (1) (50) (72) (56) (10) 
84 (77) (56) (78) (9) (24) (53) (97) (50) (25) (92) (71) (66) (14) (63) (16) (2) (21) (35) (45) (27) (3) (68) (60) (29) (44) (46) (32) (91) (89) (18) (74) (34) (62) (84) (79) (100) (12) (55) (47) (30) (90) (41) (7) (65) (26) (43) (82) (96) (67) (4) (72) (95) (76) (69) (58) (17) (13) (99) (51) (75) (38) (6) (42) (59) (5) (33) (87) (85) (15) (28) 
85 (94) (91) (95) (44) (10) (46) (59) (67) (61) (53) (76) (70) (26) (15) (81) (9) (64) (50) (7) (23) (49) (32) (45) (40) (20) (98) (75) (19) (65) (4) (90) (84) (8) (97) (30) (58) (73) (57) (89) (85) (25) (78) (72) (1) (92) (17) (86) (51) (39) (12) (83) (52) (13) (41) (2) (34) (47) (48) (18) (96) (27) (6) (93) (100) (63) (38) (54) (29) (66) (28) (11) (71) (36) (68) 
86 (35) (41) (10) (37) (74) (63) (42) (85) (2) (64) (97) (39) (86) (66) (72) (17) (33) (50) (58) (78) (38) (14) (62) (54) (13) (6) (23) (40) (3) (15) (67) (80) (8) (29) (24) (34) (70) (49) (22) (4) (96) (91) (83) (81) (11) (60) (68) (32) (95) (100) (69) (79) (47) (92) (94) (65) (75) (90) (31) (93) (43) (20) (53) (73) (52) (55) (59) (99) (16) (19) (25) 
87 (75) (94) (43) (33) (64) (45) (36) (40) (88) (41) (80) (5) (57) (4) (52) (29) (83) (17) (58) (69) (15) (7) (28) (39) (82) (18) (51) (14) (86) (77) (73) (74) (13) (71) (61) (30) (12) (84) (19) (9) (23) (11) (53) (89) (47) (2) (87) (91) (78) (59) (76) (1) (49) (8) (26) (35) (67) (44) (68) (38) (81) (100) (16) (25) (20) (46) (62) (27) (50) (55) (54) 
88 (12) (14) (2) (60) (37) (64) (52) (39) (97) (7) (55) (10) (80) (98) (87) (66) (5) (79) (65) (49) (72) (25) (34) (75) (18) (22) (86) (13) (21) (92) (100) (23) (24) (56) (1) (50) (78) (88) (93) (28) (54) (44) (77) (51) (91) (20) (11) (89) (58) (26) (43) (63) (30) (62) (85) (99) (71) (33) (96) 
89 (3) (44) (48) (58) (93) (14) (5) (7) (83) (39) (23) (81) (94) (92) (95) (12) (72) (43) (49) (68) (80) (57) (2) (34) (13) (76) (63) (52) (60) (70) (98) (42) (87) (84) (51) (41) (37) (20) (89) (16) (97) (67) (85) (56) (47) (74) (77) (78) (26) (6) (10) (66) (100) (8) (11) (45) (75) (65) (4) (90) (53) (24) (61) (21) (36) (96) (22) (82) (64) (15) 
90 (6) (52) (47) (21) (43) (94) (75) (79) (2) (88) (85) (95) (73) (32) (5) (25) (86) (93) (84) (19) (77) (4) (65) (48) (66) (78) (96) (42) (61) (51) (46) (50) (13) (70) (63) (80) (39) (68) (100) (27) (81) (14) (35) (89) (59) (9) (22) (33) (16) (40) (7) (87) (10) (11) (97) (54) (20) (3) (76) (18) (15) (26) (34) (67) (44) (37) (62) (74) (57) (30) (36) (49) (31) 
91 (1) (87) (37) (51) (71) (95) (20) (65) (96) (42) (15) (70) (49) (14) (36) (28) (100) (25) (66) (35) (22) (61) (44) (57) (92) (26) (10) (5) (98) (38) (46) (4) (58) (64) (82) (33) (52) (18) (24) (76) (68) (77) (12) (7) (8) (11) (54) (23) (45) (32) (13) (39) (31) (53) (59) (30) (83) (3) (47) (41) (17) (63) (56) (19) (73) (67) (62) (9) (27) (99) (80) (85) (78) 
92 (10) (63) (66) (5) (30) (64) (42) (1) (71) (96) (2) (78) (15) (77) (62) (87) (79) (51) (80) (75) (47) (94) (37) (97) (81) (52) (60) (3) (40) (50) (68) (88) (16) (67) (58) (83) (74) (38) (35) (11) (65) (23) (98) (9) (21) (92) (34) (43) (93) (82) (59) (85) (49) (70) (48) (33) (20) (45) (56) (95) (69) (99) (86) (17) (18) (89) (8) (29) (14) (31) (24) (19) (6) (73) 
93 (88) (66) (98) (63) (100) (85) (32) (55) (24) (56) (16) (1) (81) (96) (62) (61) (6) (31) (36) (86) (28) (20) (82) (41) (18) (74) (33) (26) (3) (10) (17) (37) (22) (73) (53) (39) (5) (42) (76) (64) (67) (34) (77) (14) (91) (51) (87) (50) (60) (75) (69) (23) (35) (9) (92) (21) (19) (7) (30) (72) (80) (94) (78) (2) (71) (54) (44) (38) (83) (93) (48) (47) (68) (8) (46) 
94 (28) (69) (50) (92) (38) (60) (64) (42) (46) (95) (43) (59) (37) (83) (75) (73) (91) (34) (82) (19) (3) (20) (89) (11) (6) (2) (9) (81) (96) (62) (86) (52) (97) (35) (54) (26) (16) (63) (10) (22) (65) (79) (99) (67) (7) (90) (76) (32) (84) (23) (27) (31) (48) (12) (53) (40) (85) (56) (80) (93) (70) (30) 
95 (13) (70) (95) (73) (59) (60) (45) (22) (55) (29) (39) (14) (92) (63) (8) (87) (33) (97) (74) (52) (54) (88) (23) (40) (89) (30) (69) (37) (76) (15) (77) (7) (42) (53) (19) (100) (4) (65) (17) (62) (50) (36) (79) (1) (96) (98) (80) (2) (5) (31) (68) (3) (44) (66) (11) (81) (9) (20) (27) (41) (46) (38) (82) (43) (58) (49) (71) (48) (12) (35) (28) (6) (78) (18) (93) (75) (25) (64 61) 
96 (66) (79) (64) (78) (28) (99) (61) (47) (97) (23) (21) (65) (36) (92) (90) (73) (9) (27) (67) (83) (80) (87) (56) (10) (91) (25) (45) (1) (32) (34) (75) (38) (8) (19) (18) (54) (88) (69) (100) (2) (81) (44) (77) (62) (53) (35) (58) (37) (98) (4) (30) (63) (16) (14) (59) (57) (82) (42) (70) (6) (24) (49) (5) (76) (17) (29) (72) (15) (13) 
97 (81) (47) (43) (52) (83) (34) (90) (89) (7) (46) (95) (72) (57) (30) (16) (68) (76) (1) (96) (12) (79) (2) (62) (97) (25) (94) (36) (13) (87) (23) (18) (84) (64) (41) (29) (37) (3) (20) (8) (58) (63) (22) (5) (28) (92) (45) (80) (55) (93) (99) (17) (59) (14) (9) (38) (48) (69) (85) (86) (50) (75) (51) (60) (44) (19) (91) (27) (42) (70) 
98 (71) (79) (91) (30) (92) (75) (47) (83) (22) (58) (64) (57) (63) (80) (84) (46) (74) (59) (38) (76) (11) (78) (12) (34) (24) (97) (29) (60) (67) (85) (62) (8) (18) (32) (82) (66) (3) (40) (53) (86) (54) (37) (4) (69) (77) (94) (70) (96) (87) (5) (88) (26) (45) (89) (9) (41) (49) (44) (17) (20) (68) (27) (65) (90) (2) (16) (23) (1) (25) (15) (48) (52) (95) 
99 (95) (7) (25) (38) (1) (70) (64) (21) (87) (73) (56) (91) (44) (92) (86) (42) (3) (78) (36) (48) (35) (5) (47) (79) (24) (43) (29) (90) (65) (66) (88) (94) (11) (59) (30) (46) (10) (19) (72) (58) (34) (57) (32) (40) (89) (18) (93) (13) (61) (74) (77) (60) (17) (100) (50) (23) (26) (82) (69) (9) (80) (4) (31) (41) (53) (71) (20) 
100 (15) (94) (49) (30) (74) (22) (98) (82) (62) (91) (54) (67) (17) (8) (16) (80) (19) (45) (48) (43) (79) (26) (63) (51) (57) (60) (14) (69) (90) (64) (18) (61) (38) (44) (73) (42) (86) (70) (55) (32) (84) (7) (31) (83) (13) (12) (25) (76) (89) (99) (24) (10) (50) (77) (35) (20) (4) (28) (40) (1) (97) (81) (85) (66) (27) (71) (41) (5) (93) (11) (34) (75) (59) (87) (33) (2) (100) (95) 
