0
100
100
1 (49) (89 57) (10 79 71) (100 97) (75) (80 85 21) (40 35 45) (53 54 56) (87 9) (7) (20) (59) (86 23 47) (68) (51) (46) (78 73) (41 25) (91) (67) (27 70 12 99 26) (24 38 42 6) (76 17 16 72) (62 92 31 8) (29 64) (15) (2 98 4 34 96) (69) 
2 (41 74) (52 56 77) (93 58) (48) (97) (8 90) (13 31) (44 64) (78 54) (26 40 55 67 57) (85) (7) (28) (32) (95) (46 94) (72 99) (79 21 16) (33) (6) (68 53 89) (17 25) (39 91) (10 75) (15 84) (27 37) (86 83) (59 22 76 88 47) (18 5) (30) (36 1) (19) 
3 (9 2 4 70 17 38) (75) (3 30 15 68) (28 47) (88) (10 59 49 43) (91) (20) (83 74 16 79 61 5 23 60) (45 84 55) (29 25) (52) (89 11 82) (96) (19 90 53 98) (39 77) (93 7 26 57) (81) (67) (95 37) 
4 (88) (61 91) (54) (80 69 6) (65 79 76) (62) (42 55) (51) (67 45 4 37) (70) (47) (38) (22 32) (12) (73 1) (63) (21 8 78 74) (60 9 16) (92 34) (30 48) (27 24) (3 20 68) (83 43 7) (84 66 31 18 77 96) (19 56) (59) (82 49) (33 75 95 81 25 100) (71 58 23) (11) (98) 
5 (2) (21 36) (59 38 13) (49) (81 16 57 76) (92 96 56 23 70) (63) (90 86 35) (54 72) (48) (6 74 33) (4 27 22) (17) (99) (10) (30 58 67) (7 39) (43 18 37 32) (41 25) (20 91) (46 9) (28 80 29) (15) (42) (45) (97) (98 44) (68 73 34) (93) 
6 (53) (23 30 35 73 41 69 78) (4 83 28 47) (15) (87) (13) (40 80 55) (89) (25 67 22 65) (2) (86 48 72 52 46) (50) (82) (17 77 27 49 51 32) (11 68) (94 37) (71) (62) (92) (34 56 59 38) (99 16) (33) (70 88 6 58) 
7 (5 74 42) (94) (64 20 38) (30) (46) (63 14 70 18 58 54) (26) (57 43) (99) (22 93) (24) (34 97 33 1) (76 92) (29 87) (88 36) (3 62 25 56) (19 66) (17 60 78) (82 91) (90 86) (47) (41 77 7 68 96 2) (28) (53) (4) (50) (51) (83 40) (55 10) (9) (48 75) (72 80) (45) 
8 (55 85) (26 79) (56 60) (29) (10 23 8 35) (74) (49) (22 33 30) (83 51 75 65) (62) (66 87) (11 18) (98) (25 42) (14 59) (9 89 71 24) (50 82) (61) (67) (93 28 16) (90 63 73) (37 40) (78) (68) (2) (81) 
9 (19) (45 100) (66) (2) (3) (90) (17 49 26) (16) (37 87 18) (5) (21) (51) (63 39) (6) (42) (65) (4) (40) (29 1 74) (85 25) (86) (89) (36 75) (11) (57) (82 92) (14 64 9) (32 72) (94) (13 70) (58) (28) (7) (59) (71) (24) (10) (15 54) (43 91) (79 47 93 22 78) (23) (99) (8) (34) (69) (77) (97 52) 
10 (14) (23 65 24) (21 81) (5) (22 25) (26) (51) (89 44) (4 36 19) (20 72) (48 88) (27 30) (75) (94 56 78 37 40) (38) (47) (77) (49 58) (3 92) (50 95 46 71 28 7 18 97 6) (67) (79) (57 85 64 91) (70 31 39 12) 
11 (50) (20) (96) (14 53) (3 58) (73 9) (78 15 59) (66) (54) (77) (91) (94 79 4) (63 27) (16) (80 68) (69 49 17) (2 22) (48) (72) (61) (92) (90 85 100) (7 13) (21 35) (39) (10 8) (65 89) (11 36) (12 46) (71) (31 83) 
12 (82 51 45 20 56) (77) (64 22 58 38 60 70 3) (59) (42) (24) (55 88 53 67) (12) (33) (43 98) (44 63) (96) (93 47) (10) (83 34 84 61) (52) (1) (54) (71 14 15 4 26) (46 66 86 87 23 72 94) (37) (13 40) (39) 
13 (39) (89) (15) (20 81) (100 79 41) (93 61 30) (50) (84 4 37 11) (38) (2 36) (72) (14) (22 19 26 59 64 70 91 48) (10 60 94) (18) (88) (45) (13 29) (73 21) (17) (16 58) (27) (74) (86) (1 98 63 85) (76) (23) (34) 
14 (65 62) (92) (16) (68) (21 57) (95 78) (64) (39) (23 51) (87) (1 63 97 11 73) (38 81) (46) (36 47) (41) (56 22) (71 18 66 54) (19 14) (98) (33) (9) (50 100) (15 96) (26) (77) (4 25 17) (69 49) (52) (61) (59 86 85 89) (7 2 20) (40 91) (53) (55 27) (58) (48 37) (45 44) 
15 (38 24) (34 46 8) (68 31) (83) (97) (19 71 84) (9) (11 76) (64 78 17) (61) (36) (28) (1) (87 25 21) (43) (58) (88 45 44) (32 13) (3) (85) (51) (52) (59 26 99) (74 14 47) (27) (53 16 73) (82 67) (63 79) (20 92 62) (42 6 70 5) (94 90 41) (54 55) (77 66 96) 
16 (89 42) (41 26 61) (38) (27 25 82 4 97 52 45) (88 55) (62 58) (86 46 9 1 2) (36) (30) (79) (67) (34) (66 12) (54 17) (91 94 49) (32) (15 33 98 71) (39) (3 22 84 100) (72 40 37) (73 63) (77) (81 47 83) (90 96) (11 19 85) (92 14) 
17 (54) (9) (44) (47 70) (20) (25) (95) (92) (40 36 73) (61 100 80 46 83) (59 34 51 31) (69) (42) (64) (7) (90 48 38 74 93) (2 1) (84) (96) (75) (4 11 88) (89) (78 16 12) (26) (60) (65) (41 18) (32 28 94) (79) (56) (35) (24) (85) (37) (99 30 81 23 98) 
18 (44 43) (56) (87) (47 5 49 61 51 82 7 30 4 57) (24) (88 78 21 2) (32 70) (60 76) (36) (63) (23 81 73) (48) (54 75 6 16) (62 50 89 14 79) (77) (52 38) (86) (45) (58) (64 39) (17) (3) (42 10 84) (18) (99) (13) (94 12 46) 
19 (6) (32) (42 78) (88) (27) (70) (90 100) (37 67) (95) (77) (30 3 15) (62 8 47 39) (93 98 35) (81 57) (24) (91 9) (40 74) (25 34) (59) (76) (99) (16) (29 28) (53) (71 56) (92 12 5) (14) (94) (52 72) (75 83) (44) (66 43 45) (20) (18) (49) (22) (38) 
20 (13 10) (87 20 35) (52 71) (21 63) (84) (60) (1 40) (65) (85 5 7 74) (82) (97) (39) (49 3 28) (91 53 77) (81) (2) (32) (8 36) (50 86) (18) (72 76) (19) (98) (26 78) (95 61 94 30) (100 45 46) (24) (38 62) (79) (17 48) (58) (29) (80) (88 16) (43) (73 90) (51) 
21 (28) (61 94) (6) (76) (16) (82 100) (92) (17 36 68) (55) (46) (58) (7) (30) (47) (85) (42) (78) (57) (86 77) (60) (63 72) (34) (79 65 83 33) (88 4 41) (74 39 53 12) (13 19) (43) (98 37 48 96 24 45) (97 54 5) (62) (71) (27) (75 84) (15 49 70) (59 10) (80 69) (87) 
22 (24 68) (46) (57 35 48 66) (83 72 21 49) (50) (25 45 47 14) (71) (65) (4) (80) (97) (30 29 2) (22 93 89) (79 12 19 91 64 39 85) (58 82 74 23 11 3 10 94) (78 90) (17 76) (96) (34) (18) (81) (63 95) (32) (86) (52 16) (56) (100 67) 
23 (73 7) (48 83) (69 74 44) (80) (85 11 70 92) (89 52) (45 34) (22) (75) (65 78) (20 63 36 93) (61 27) (68) (100 26) (66 64 54) (15 86 57) (1 90) (50) (35 29) (43) (14) (98 60) (91 53 19 40 6 12) (81) (28) (10) (3 46) (87 33 4) (51 77 99 59 17 8 49) (39 71 82 24) 
24 (44) (40) (2 18) (50) (46) (78) (74) (9 36) (85) (65 72 97 25 48) (93 24 41 35) (94) (61) (82 58 38) (62 37) (15 5) (56 79 51) (88 86) (8 23) (33) (67) (59) (71) (81 31) (98) (75 3 76) (32 77) (16 63 6 11) (29) (91) (95) (66) (4 34) (39 70 21) (53 55) 
25 (65) (75) (89) (37) (49 73 44) (51 47) (67) (53) (52 64 82) (59 42 96) (18) (74 81 60) (15 70) (45 31 83 33 21) (28 2) (85 90 19 24 14 69 30) (58) (61 86 10) (95 92 5) (35 76) (11 41) (32 84) (55 25) (9) (72) (3) (8) (20) (50 98) (88) (46 71) (43 77 66 36) 
26 (74 83 85 60) (53 10 52) (42 21) (64 5) (97) (51) (96) (81 79) (94 14 7) (57 72 55) (18) (48 80 43 91 82) (90 28 76 56) (23 73) (100 75) (89) (44 65) (2 12) (46) (26) (69) (27) (93) (25 1 35) (67) (68) (34 84) (29) (92) 
27 (21) (39 83) (42) (53) (76) (13 54) (40 25) (91 50 9 57 51 88) (92) (49 82 94 15) (34 84) (35) (71) (27) (28) (20 16 19 22) (52) (64) (8 68) (14 26 73 70) (81 11 61) (5) (97) (87 31) (65) (69) (67) (33) (99) (63) 
28 (52) (24 67 86) (70) (73 37) (55 35 57 31 10) (61 59 16 4 44 82 3) (80) (94 65 58) (46 75) (49 9 34 30) (56 84 13) (97 99 62) (54) (45 28) (7) (18) (51) (100 72) (40) (1 12) (68 23) (27) (29 93) (14 88) (21) (33 60) 
29 (80) (45) (18 60 52) (95) (84 64 1 58) (74 73 4 25 97) (49) (21) (29) (47) (79 75) (89 56) (92) (36 50 19) (13) (28) (5) (11) (83) (3) (93 14) (43 34 91) (33) (39 31 35) (48) (37) (2 90) (16 55 85) (24) (17 87) (98 12 38 86 51 23) (6) (66 63) 
30 (4) (22) (100) (91) (67 77) (86) (14 81) (18) (31) (58) (52 79 23 36) (32 96) (9) (69 34 57) (10 39 44) (12) (47 65 54 40) (53 63) (17 19) (72) (66 87 92) (56) (88 43 98) (50) (99 55) (60 97 73 61) (20 2 38) (41) (82) (15) (24) (90) (68) (80) (51 71) (29) (5) 
31 (18) (69 52) (28 54) (6) (75 12) (33 8) (22 99) (43) (21 35) (100 25) (67 87) (5 76 80) (83) (93 40 23) (53 31) (45) (92 98 56) (9 72 81 11) (65 77 63 20 47) (64 24 51) (91 27) (88 37 85) (46 1) (38 95) (66 96 34) (50 59 62) (86 94 7 55) (2) 
32 (43) (52) (10) (29 22 5 73 45) (63) (58) (71 74) (96) (40 23) (91) (80 67 27 76 86) (61) (90) (6) (42) (62) (3 47) (17) (100) (25) (33 48) (16 66 57) (93 51) (70 7 24 20 49) (1 92 38) (54) (44) (31 82 95 35) (94 15 8) (2) (46) 
33 (9) (76) (78) (64 60) (86) (34) (56 94 16 46 99) (14) (67) (51 85 7 59) (57 25 39) (15 3 61) (18 23 58) (29 40) (100 90) (92 96 28 27) (55 77) (79) (68 48 81) (35 12) (17) (33 30 98) (44 37) (80 65) (4) (50) (45 66 83) (97 62) 
34 (74 99 44) (54 60 62) (71) (61 13 39 51 85 81 20) (34 83) (14) (57) (23) (2 64) (67 69) (38 93) (45 91 43 76) (48 96 9 36) (59 18) (16 95) (3 97) (87) (100 56 4 41 90) (53 1 5) (46 17 72 21) (65 11) (52 6 27 88) (75) (79 25) (80) 
35 (64 1) (99) (58 34 59 93 9 42) (22 37 69 5 63) (33) (24 68 79 96 7) (17 82 46 41) (6 88) (67) (8 87 18 31 51 25) (57 3 10) (76) (30 48 36) (72) (38 13 40) (2) (80) (70) (29) (14 44) (54 86 20 39 12) (95) (61 89) (52 77 73) (60) (84 16 19 98 91) 
36 (75 48) (11) (37) (42) (23 43 79) (18) (97) (16 83 1 31 8) (53 58 64 7 91 80) (3 30 4) (65) (36 61 45 88 63 2 62) (76 17 22 40 29 96) (32 71) (60 14 26 86 25) (93 66 70 50) (9 24 74 72 21 38) (44 13) (41 77) 
37 (57 79) (76) (68 21) (92) (67) (91 16) (55) (47 96) (39) (80 17) (4) (34 33 18) (74 63 58 20) (99) (7 59) (5) (44) (8) (41 97 88 22 48) (3) (6) (49) (82) (95 51 13 26) (83) (14 89 100 19 32) (98 61) (2) (81) (40) (93 54) (24) (27) (70 37 10) (85 56) 
38 (98 49) (50 47) (35) (18) (42) (77) (21) (69) (82 60) (85) (99) (96) (67) (4) (41 2 9 84) (39) (73 58 14 87 24 81 15 37) (38) (43) (29 78 52 80) (5 71) (75) (59) (32) (83) (31 97 88) (12 92) (45 66) (30 57 74) (48) (76 7 26) (61) 
39 (93 5 33 89 86 36) (17 95) (96) (16 26) (51) (100) (28 74 98 6) (3 12) (63 64 72 83 30 67 18) (78) (61) (75 65 71) (54) (76 34 69) (24 80) (68) (62 8) (82 60 2) (31 38 13 23 27) (79) (49) (58) (44) (1) (11 85 45 50) (22) 
40 (27 57) (19) (68) (67) (81 74 85 29 59 60 47 61) (72) (11 88) (77 56 21 37 91) (65 41) (33) (97) (95) (66 79 52 54 26 42) (70) (87 69 100) (50 44 25 3) (99) (86) (58) (71) (49 89 15 51 40) (35) (2 22 92) (20 73 23) (83 82) (5 36 28) 
41 (42) (16) (15) (90 32) (83 51 27) (48) (98) (19 36 24) (41 2 30) (5 7) (9) (28) (34) (74 55 29) (33) (84 71 44 91) (4 20) (79) (63 3 75 97) (89) (35) (39) (22) (69 14) (11) (53) (95 23 99) (88) (81 47 58) (94) (45) (96 60 70) (49 17 67 72 57 40) (85) (8) 
42 (37) (63) (86) (80 4 53) (16) (41 47) (62) (88) (19 35) (49) (61 33 100 31 40 7) (75) (44 68 22) (67) (1 36) (58) (93 85 71 94) (83) (20) (2 66 34) (11 48 90 84 23) (21 56 96) (10) (79) (25) (52 89) (87 95) (43 13) (5) (70 17) (28 77) (81) (15 9 74) 
43 (56) (28) (5) (43 18) (19 31) (52) (74 14) (22) (11) (3) (32) (78) (29) (79 98 61 70) (58 13) (96 53) (73 34 36) (77 38 12 50) (26 8) (89 9) (51) (17 2 49) (72 63 62 46 93) (75) (15) (67 47) (91) (87) (7 4 1 27 25 99) (86 23 68 16 41 37 76) 
44 (52) (54) (67 94) (62) (55 39 29) (21) (82 58 17) (70) (65 47) (12) (19 86) (41) (44) (20 84) (11 40 23 5) (25) (75) (46) (85 45 53 74 33 95 78 66 83 76 49 89 35 68) (34 38 27) (57) (81 13) (32 1) (87) (15) (51) (61) (36) (10 99 48 60) 
45 (88) (39) (15) (81 28 83 5) (29) (86) (74) (47) (22) (45 27) (94 85 99) (50) (10 12 97 11 33) (52 18 41) (76) (37) (62) (36 96 7 65 16 46 100 51 56 87) (8 66 25 35 63) (53 60 72) (69) (24) (26 43 89) (14) (21) (55 73) (32) (84) (23) (19 17) (6) (75 40) (57) (92) (48 44) (90 77 71) (68) 
46 (21 50) (96 60) (35) (89) (1) (31 68) (99 78 91 47 82 30 66) (17) (80 40) (24 100 44) (88) (28) (63) (55) (71) (18) (86) (57) (27 12 38) (19) (3) (33) (70 34 7 98) (83) (75 9 5) (22) (59 45 46 10) (20) (67 26 39) (90 95 42) (29) (56 48 94) 
47 (21 83 68) (57 18 94 79 11) (59 26) (89 1 19 86) (3 34) (100) (17) (56) (77) (37) (10 31 92) (73) (80) (93) (23) (96 58 66) (28) (20 78) (9 13 62) (82) (47) (74) (91 49) (29) (41 53) (61) (75) (70) (88) (90) (85 30 72 45) (55 15) (42) (76) (27) 
48 (90) (87) (29) (95) (91 14 15 41 23) (85) (8 31) (57) (78) (53) (67) (89 42 30 24 72) (34 84) (44) (46) (48 12 86 63) (98 26) (59 50) (73 93 60) (66 77) (3 38) (51 97) (88 62 17) (19) (76) (32 25) (16 9 18) 
49 (84 66) (65 83) (18 88) (60) (36 12) (81 98 69 38) (40) (28) (46 67) (52) (8 48) (78 64) (27) (90 37) (29 33 72) (50) (44) (25) (19 92 22) (63) (15) (20) (77) (100 10 96 42 39) (31 6 56) (86) (43) (14) (54) (58 34 24) (55 97 30) (62) 
50 (91) (49 51) (33) (16 48) (4 76 72) (60 99) (46) (98 5) (55 95) (69) (62) (92) (56 81) (35 3) (20 43 14 15) (80 74 71 26 63 32) (38 17 94 75) (34) (10) (28 18) (1 86) (100) (97) (64) (37) (93) (68) (84 88) (66) (54) (82 83 23) 
51 (34) (45) (100 93) (16 39 60) (59) (48 58 83 14 90 20 9) (84 85 42 15) (27) (5 33 54) (91 3 64 7 56 66) (96) (73) (62) (35) (21) (61) (36) (4 29 78) (43 46 52 89 86) (23 19) (53 51) (94 99 69 65) (30) (18 1 11 80) (88) (25 76) (67) (24) (41 77 82 2) 
52 (49 83 18 58) (5 57 59 29) (40 12) (44) (22) (88) (3 74) (35 13) (31 85 70) (84 32) (28 96) (68) (81) (66 10) (82 27) (55 25 45) (46 67) (19) (65) (100) (89 71 76) (16 69) (24) (54 26 64) (14) (90) (38) (51 53) 
53 (14 60 6) (84) (63) (8 59) (77 39 4 54 87 100 34) (9 29 21) (69) (67) (88) (78) (50 13) (42) (28) (86) (44) (76 97) (62 12 99 11 24 32) (98) (55 40) (35 10) (58) (72) (70 15 46) (43 18 93) (82) (51) (81 49) (22 33) (2) 
54 (40 57 33) (12 24 43 1 47) (87 70 81 15 42 98) (38 27 95 99 20 59 68 77 16) (3 19 48) (86 50) (18 55) (69 25) (5 74) (54) (8) (9) (4) (100 64 11) (37) (88) (92 63 79 93) (49 78) (41 94) (56 97 91) (85 96 80) 
55 (61) (4 7 34) (26 25) (66) (18) (53) (15) (58 98) (79 73) (51) (72) (60) (32 92 55 33) (31) (62 5) (42) (36) (52) (50 49) (20 28) (44) (63 67) (78 69) (76) (85 93 89) (77) (9) (13 86 29 14 57) (94) (70 38 45 24 47) (17 96) (19) (41) (48) (68 100) (22) (74) (88) (46) (82 56) (2 75 30) 
56 (61 4 67 78) (99) (51 87) (36 96) (45 43) (10) (8) (27) (6) (44) (62 13 92) (84) (46 25 48) (97) (21) (39 85 95 68) (29) (32 56) (65) (86 49) (54) (52 60) (72) (2) (93 16 47) (66 57) (100) (9 69 30 76 64) (53) (71 41 15 1 33) 
57 (4) (58) (68 79) (41 57 95) (85 69 66) (94 71) (9 30 17 48) (50) (80 91) (72) (26) (67 37) (52 35 86) (43) (33) (77) (28 60 75) (88) (46) (15) (12) (98 90 20 36 42 5) (84 76) (51) (100 47 96 8 24) (32) (39 44) (45 55 1 34 7) (56 81 29) (54) (3) 
58 (61) (96 31) (59) (78) (40) (4) (63) (81 23) (49) (58 51 66 85) (54) (90) (69) (10) (44) (32 50 6 99 92) (67 41) (82 35) (1) (22) (72) (5) (34 71) (88 73 25 39 9 56 14 12) (68 48) (45 33 52) (16) (74) (30 79 70) (24 29 28) (38) (15) (36 20 8) (86) (98) 
59 (4 57) (93) (39) (55 46) (7 5) (17 44 15) (22) (14 42 23) (80) (82) (45 60) (71) (47) (50 91 10) (19 77) (29) (92 58) (63 34 59) (53 90 16 100) (24 83 25 76) (94 81) (70) (97) (26 13 35) (67 12 79 89) (1) (27 87) (65) (8) (49 6) (75) (41 52 72) (28) (51) 
60 (53) (34) (27 92 52 74 63 79 91 47 46) (97 37) (78 20 19) (22) (76) (86 35) (54) (24) (28) (6 71) (68) (72 85 81 44 57) (1) (56) (89) (30) (64 50 10) (38) (84 65 18 83 45 25 90) (59) (66) (55 29) (23 75) (95 70 48) (17) 
61 (64) (58) (50 13 2 18 76 44) (30 62 3) (31 69 60) (38 48) (27 10) (93) (42) (91) (41) (70) (89) (57 77) (73) (26 22 67) (87 94) (7 55) (33) (14 8 28 45 1 53) (88) (15 86) (74) (59 65 9) (34 52 83) (32 63) (6) (79) (23 71) (39 54 12) (96 82) 
62 (16 88 85) (66 84) (62) (30 10 77) (78) (63) (22) (34 24) (12) (31) (6) (43 46) (90 11 99) (73 59) (67) (60) (7 4) (14 38) (81) (29 8 71) (9 100 92 32 76) (61 3) (42 21) (2) (68 48) (80) (55 36 58) (23) (52 56 40 70) (1) (44) (13 93 20 75) (17 5) (82) 
63 (20) (68) (65) (59 24) (100 69) (92) (19) (57) (36) (77 98 45 22 23) (89) (44 51 8) (87) (90 46) (3) (88) (71 96 64 80 41) (91 27 97) (60) (48 76) (10 21 79) (25) (85) (33 63) (52) (95 70) (35) (32) (72 16 9) (18) (75) 
64 (21) (11) (45) (81 31) (41) (91 77 5 84 32 67) (74 19 61) (47 78 26) (72) (76) (100) (86 37 35) (63) (64 7 58) (13) (18) (59) (90 73 24) (88 33) (93) (68) (14) (53 69 3) (82) (75 83 98) (49) (2 42 46) (39 92) (99) (6) (60) (29) (50) (27) 
65 (10) (73) (36) (94 92 41) (11 54) (48) (97 20 12) (63) (90) (37 85 75) (43) (13 82 66 40) (16 15) (91 22) (24 7) (19) (47) (53 51) (28) (45 99) (57) (67) (17 50) (32 86 74) (1) (8) (14 18) (79 44) (21) (39) (60 64 30 89 49) (61) (96 78 65) (56 34) (76 38 46 35 100) 
66 (16) (68 94 57) (97) (39 24 70 9 81) (80 18 90 26) (33) (51) (47 66 62) (35 96) (75) (73) (22) (49 63) (69) (82 27) (34) (55) (74) (4) (83 52) (14) (99 43 25) (86 88 93 30 45) (89) (36) (91) (54) (21 8) (58) (79 84 6 61 50) (72 64) (23 48) (100) 
67 (2 58) (8) (64) (35) (29 27 22) (53) (85 6 56 26) (44 84 34) (36) (87 83) (12) (38) (5) (66) (39) (40) (91 46 20 96) (18) (50 86 17 77 43 73 93) (28 1 30 78 92) (32 10 7 89) (71) (98) (52) (24) (55 97 67 49 23 54) (37) (41 72 47) (82 100 51 65) (61) 
68 (88 47) (71) (59) (15) (32) (7) (52 90) (18) (39 2 65) (51 84) (16 87 33) (35) (81) (48 5) (94 96 19 70) (41 45) (58) (72) (10) (25) (68 50) (14 37 63 92) (79 95) (13) (55 75) (36) (23 85 40) (76) (97) (38 99) (4) (11) (60) (28) (62 8 64 6 43) (22) (3 26) (86) 
69 (85 52 58) (74 80 3) (65 36 4) (94 71 24 93) (68) (11 20) (59 95 45 99) (100) (87) (8) (70) (88 34 31 2 77 18 7 81 25 89 64) (49) (40 78 32 61 23) (48) (29 47 1 97) (14 75 21) (66) (30 83) (50 44 55) (35) (42) (51) 
70 (42) (54 29 5) (27) (19 40 31 73 59 30) (62) (15) (95) (81 20 46 48 74) (57 68) (23) (94 87) (55) (32) (3 38 70) (11) (22 92 43 24 4 78) (2 6) (82 80) (61 47) (18) (28) (97 85 60) (13) (12 36) (50 63) (88 25) (65) (89 99) (41) (51 1) (26) (98) (90) (96 56) (33 76) (77) 
71 (27 28 23) (71) (4) (87 83 49 12) (61) (20) (53 67 43) (38 56) (17 69 89 10) (48 22) (59) (54 6 81) (47 75) (18) (30 31) (62 2) (33) (39 100) (5) (32) (85) (37) (41 95 64) (74 34) (1) (86 66) (88) (50 45 25 77 84) (96) (52) 
72 (73 95) (41 48) (89) (15 63 25 87) (46 62) (65) (59 35 4 83 68) (20 92 47) (56) (64 82) (58) (79 2 43) (21 10) (29 84 49) (72) (71 54) (18 53 94) (76) (80) (24 23 45 26 16) (75 13) (86 27) (55 70 44) (31 98 61) (28 57) (39 78 34) (51) (32) (100) (93) (81) (74 3) (60) (85) 
73 (55 95) (71 5 96) (50 68 87 62) (64) (3) (93) (70) (48) (88) (44) (52 53) (18 19 82 47 29 77) (67 83) (59) (91 25) (42 12 51 16 100 13) (37) (6) (75 72 1) (94 40 80 85 11 31 41 58 43) (4 78) (15) (33 99) (14) (61) (65) (22) (84 34) (90) (54) (69 7 38) (97 10) (24 86 57 49) (2) (39 32) (27) 
74 (74) (87) (96) (100) (68 16 4 3 29) (94) (54 79) (44) (12 76 62 30) (9) (51) (47) (58) (46 72) (6 83 17) (18) (42) (95 25 92 20) (67) (22) (10 28) (64) (2 78 19 86) (8) (75 99) (53 97 56) (66) (1 43) (14) (98 90 52) 
75 (60 15 27 2 20 76) (63 82 92 8) (66) (29 6) (58) (24 56 53 99 55) (81) (96 74 100 4) (19) (68) (72) (13 62 18) (73 25) (93 83 54 80) (47) (28 49 12 59 23 5 65 43) (51 89) (14 87) (88) (10) (22) (35) (85 69) (7) (86 21 31 39) (30) (42) (1) (32) (3) (61 46 41 34) 
76 (78) (38 59) (8 35) (61) (71) (74 6) (50) (16 1 55) (14) (32) (83) (39) (95 79 64 48 40 13 28) (9 4) (10 57 96 52 54 82 63) (19 70 45 60) (87) (84 44 47 26 72) (66) (43 91) (77) (24 100) (81) (94 12 68 42 17) (31 29 41) (46) (56 22) 
77 (1) (28) (35 86) (27) (46) (49) (84) (55) (47 70 22) (99) (12) (34 89 30 88 71 9 80 19) (87 93 31 79 20) (64 98 90 42 52 56 43 72 77 95 39) (2) (96 25 62 69 92 38) (29) (78) (10) (82) (36 32) (94 85 40) (48 63 81) (5 7) (74) (76) 
78 (56 70) (33) (22) (7 82) (45) (78) (72) (96 58) (83) (25) (47 30 43) (80 91 8) (4 31) (27) (77 100) (41 76) (67) (32 13 75) (54 24) (64) (69) (44) (71 14) (1 42) (79 16 34 40 2) (49) (66) (26) (85 17) (55) (6 29) (93 15 65) (3) (57) 
79 (99 93) (38) (76) (69 85) (13 46) (8) (31) (39 5 91 80) (75) (12 97 100) (87) (17 2 35) (44 78) (23) (82) (60 43) (22 55 29 70) (25 15 86) (21 28 37) (24 84) (14 10) (77) (57 74) (33) (68) (95 32 53) (73 48) (20) (1 65 41) (94) 
80 (72 29 14 8) (76 99 5 35 12) (90) (39 23 62 59) (63 64) (27 85) (30) (56 45 40) (31) (26) (71) (28 54) (78 6) (80 79) (68 94) (44) (86) (50 55) (69 4) (87) (66) (91) (81) (9) (89) (32) (43 10) (93) (61 3) (21 97) (77 34) 
81 (44 32) (28) (37) (88) (26 12 9 36 60 41 23 43 1) (91 82) (54 83 17 71 97 76) (80 59 14 33 63 35) (79 34 68) (22) (53 13) (24 96 65 16 51) (21 30 67) (49 56 77 99) (25) (52 90) (74) (86 19 66) (55) (42) 
82 (84) (32) (100 37) (9) (50 11 4 76) (99 23) (6) (24 88 94 66 74 25) (64) (53) (33) (26) (54 34 14 36) (93) (60 48 91) (95 96) (70 97) (1 61 13) (85 49 83 68 69) (78 52) (40 82) (90) (22) (17) (71 30) (75) (87 81) (15) (39) 
83 (30 75 45 42 39 89 95) (20 3 46) (78) (58 77) (94 64 51) (84 31) (99) (22 6) (17 91) (18) (65 96) (56) (26) (69 9 27) (86) (73 28 34 16 12 14 36 66 10) (71 67 1 11 63 29) (98 24 83 59 13) (4 15) (62 52) (74 5 2) 
84 (60 45 46) (17) (50 31) (58 55 75 72 42 30 84) (82 64) (16) (3) (35 91) (62) (38) (43) (40) (27) (68 14 83 66) (52) (65) (88) (48 77) (80 61 10 23) (44 9 81) (97 89) (90) (6) (41) (93 92) (15) (78) (36) (53 24 59 85 63) (25) (79) (19) (76) 
85 (21) (100 42) (83) (87 76 24) (12 14 40) (3) (96 45 2 6 99) (41) (77 62 57 84 49) (50 16) (20 69) (56 1 95) (92) (72 38 64 86) (32) (61) (63 90 55) (5 75) (97 80) (36) (9) (34) (25 17) (54) (33) (7 81 23 74 78) (73 85 11) (60 37) (88) (68) (47) (70 4) 
86 (79 54) (13) (4) (70 94) (47) (22 83) (29 9) (63) (76) (2) (82) (71 15) (11) (51) (55 57) (99) (68 28) (46) (35) (1 92) (53) (87) (74) (26) (42) (60 78) (49 5 85) (69 64 98 37) (61 58 72 65) (21) (73 16) (19 97) (36 81 89 93 44) 
87 (66 36 68) (30 46) (34) (41 13) (97) (80 44 94 73 18) (88) (19) (31 6 98 12) (93) (79 99) (32 16) (95) (70 20 87) (11 78) (69 14) (82 90 9) (22) (4 43 47) (23 24 38 100) (91 3) (37 42) (74 15 8) (96 48) (59) (67 45 29) (39 92 50 89) (57 49 83) (27 65 21 86) (56) 
88 (40 79 86 33) (100 89 71) (24 60 4 73 3) (37 93) (67 20) (88 72) (36 9 75 49 97 22) (15) (5) (64) (77 2 30) (42 45 47 11) (21 98) (6) (85) (12) (59 63 87 1 61) (69 83 57 76) (80) (35) (55 74) (96) (43 84) (27 51) 
89 (83) (59) (98) (87) (50) (95) (15 64) (23) (3 20 80) (2) (63) (82 81) (85 25) (18 46 72 78 5) (94 4) (29) (32 40 74 43) (8 79 99) (91) (41) (17 45 22) (61 77) (90 67 96) (33) (71 35) (54 14 92) (6 66) (11 1 53 21 10) (73 37) 
90 (77 32) (44) (27) (50) (29 89 82) (56 72) (94) (19 15) (97 100) (81) (22 70 40) (37) (4 92 76 98 36 24) (13) (73 48) (58 62 87 5 60) (86 3) (41) (26 14) (52) (18 20) (75) (38 23 80 57) (28 21) (99) (88) (68) (64) (34 85) (46) (39) (91) 
91 (71 16) (34 11 74) (57) (42) (55) (53) (25 48) (24 96 15) (59) (5) (65 17) (100 49) (39) (8 90) (30 67 72 18 28 7) (76) (54 45) (20 61) (27) (37 6 44) (3 82) (56 40 70) (75 98 22) (85) (50 33 73 78) (51) (12 26 10) (93) 
92 (36 28 53) (87) (14 44 31 97 68) (19 41 89) (15 69 21 77) (93 65 98) (42) (99 92 46 7) (30) (100) (48) (64 83) (50) (51) (40 56) (11 47) (35) (32 84) (86 8 54) (25 29) (6 22) (85) (73) (34) (66) (1 67) (70 18) (3 39 5) (76) (82) 
93 (7) (59 30) (37 5) (79) (19 40) (16) (50 2 44) (80) (23) (68) (89) (61) (54) (65) (4) (93) (56) (82) (8) (34 96 84) (88 76) (95 43) (26) (52 29) (94) (57 46) (64) (66) (21 99) (62) (51 77) (33 71 11) (100 90) (14) (28) (42) (20 22 15) (3 85) (47) (48 25) (45) (27) 
94 (49 64) (6) (23 95 17 50 98 75 94) (83) (26 77) (89) (86 16 85 5 42) (60 20) (1 8) (70) (35 84) (76) (48) (93) (79) (99) (7 33 29 73) (32) (22) (13 54) (3) (96) (59) (61 69) (41 78) (51 30 92 14) (45) (38) (44) (91) (2) (34 67 100) (82) (72) 
95 (4 1 11 76) (16) (88 40) (2) (86) (55 47 7 83) (57 84) (53) (27 61 36 58 69) (89) (99 95) (21) (3 28) (93 45) (46 22) (23) (48) (37 54) (38 71) (34) (20 63 31 73 78) (52) (6 100 60) (24) (8 90 10) (67 17 85 77) (94) 
96 (68 99 35 40 47) (58) (24) (87 9 32 85) (66 92 51 45) (53) (48) (12 81) (83) (10 98 22) (14 2) (42) (79 96 5 72 15) (50) (90 16) (33 52 39 55 70 93) (76 20) (77 74) (25 3) (13) (100) (36 18 6 30) (1) (26 78) (65 31) (56) 
97 (100) (11) (44) (12 42) (30 8) (16) (48 84) (74 72) (13) (22 83) (6) (3) (80) (75) (5) (89 34 33) (10) (66 26 96 57 2 21 35) (47) (65) (41 62) (46 50) (7 69 93) (29 36) (14) (59) (64 20) (39 76 31) (37) (52 60 18 45) (32 55 58 15 95 70 53) (43 54) (86 77 97) 
98 (91) (100) (48) (28 29) (34 11 49 92) (1 20) (88 35 81 84) (57 2 54 86 5 66) (51 73) (14 12) (23) (87) (44) (16 71 43 98) (32 75) (60 36) (76) (77 3) (15) (30) (64 61) (85) (99 82) (33) (79) (83) (69) (21) (53) (67) (65 62) (74) (63) (72) (59 26) (55) (18) 
99 (18) (69) (92) (39) (94 93 98) (30) (14) (25) (44) (36) (7 82) (97 3 17 86 83 63) (9 62) (54 27) (73 31) (91 46 53 80) (37) (55) (68 10) (38) (6) (66) (89) (61) (33 48) (56 75) (100 99) (35 71) (34 58 47) (85 32) (76) (26) (81) (1 65) (79) (84) (72 40) 
100 (54 25 57) (67) (36) (78) (42 73 81 6 20 34 10) (16) (95 63 69) (21) (13 77) (19) (3) (76) (89) (53 48) (29) (26) (35) (33) (7 72) (59) (82) (56) (99) (46) (74) (40) (60 68 11) (49 93 39) (58 9 83) (30) 
1 (94) (51) (89) (34) (35) (99) (2) (95) (78) (71) (23) (79) (81) (42) (43) (65) (56) (75) (29) (50) (47) (54) (85) (15) (46) (14) (4) (86) (73) (16 76 83 20 39) (26) (67) (88 62) (92 74) (7 32 36 57) (44) (77) (31) (69 82) (9) (70) (13 61) (28 12) (17 60 96) (58) (98) (59) 
2 (68) (35) (43) (1) (40) (75) (93) (14) (64) (3) (56) (67) (18) (26) (89) (69) (96) (77) (39) (88) (38) (36) (30) (20) (5) (25) (22) (11) (7) (24) (9) (70) (55) (74) (32) (62) (85) (37) (34) (78) (13) (8) (94) (83) (72) (79) (98) (29 53) (16 73 97 51) (31 42) (86) (95) (41) (71 6 17) (61) 
3 (32) (22) (88) (94) (64) (78) (37) (70) (83) (36) (18) (52) (97) (100) (72) (28) (51) (68) (93) (16) (85) (80) (74) (63) (47) (84) (90) (40) (35) (15) (50) (39) (92) (20) (4) (87) (54) (62) (12) (99) (19) (69) (10) (89) (95) (7) (61) (33) (91) (46) (29) (73) (24) (98) (25 43 11) (57 23 34 41 9 75) (48) (96) (3) 
4 (55) (80) (33) (59) (7) (22) (11) (17) (13) (30) (50) (42) (43) (72) (86) (93) (78) (38) (89) (41) (62) (73) (10) (12) (5) (6) (9) (88) (4) (83) (18) (58) (75) (1) (28) (53) (36) (57) (66) (14) (54) (51) (34) (69) (95) (82) (85) (29) (16) (76) (23) (21) (56) (3) (74) (70) (71) (24) (87) (37) (68 90) 
5 (68) (7) (46) (96) (83) (85) (88) (71) (67) (43) (64) (32) (2) (45) (86) (44) (70) (51) (30) (41) (37) (59) (52) (89) (50) (21) (9) (80) (26) (98) (58) (39) (40) (92) (93) (97) (73) (3) (54) (38) (90) (24) (29) (18) (94) (55) (25) (91) (57) (79) (10) (42) (35) (31) (15) (19) (75) (34) (20) (62) (27 77) 
6 (70) (83) (59) (45) (78) (53) (67) (39) (75) (68) (24) (18) (58) (73) (61) (64) (76) (60) (5) (82) (84) (74) (66) (92) (32) (100) (19) (99) (10) (49) (37) (94) (89) (1) (95) (88) (56) (91) (97) (35) (80) (31) (34) (9) (15) (4) (21) (2) (29) (62) (71) (85) (87) (23) (6) (96) 
7 (62) (69) (51) (61) (67) (42) (77) (85) (95) (41) (33) (35) (64) (46) (26) (59) (9) (93) (17) (43) (57) (10) (75) (4) (65) (31) (32) (68) (100) (14) (78) (36) (1) (28) (20) (92) (37) (21) (18) (5) (2) (23) (91) (73) (94) (38) (3) (97) (11) (7) (55) (99) (45) 
8 (31) (94) (20) (24) (58) (68) (97) (49) (25) (75) (36) (95) (1) (2) (9) (91) (35) (45) (57) (56) (53) (76) (41) (27) (87) (23) (61) (80) (62) (93) (8) (43) (74) (11) (79) (37) (63) (54) (65) (39) (4) (92) (66) (59) (19) (15) (48) (89) (69) (32) (67) (78) 
9 (9) (34) (86) (56) (74) (51) (38) (16) (24) (83) (17) (88) (87) (5) (76) (66) (55) (80) (62) (61) (8) (27) (57) (77) (33) (43) (81) (53) (85) (100) (54) (48) (15) (19) (28) (96) (47) (42) (35) (1) (36) (41) (7) (30) (11) (4) (25) (3) (82) (31) (14) (99) (58) (63) (84) (46) 
10 (72) (62) (3) (100) (56) (97) (58) (71) (26) (84) (35) (42) (89) (25) (75) (32) (2) (67) (5) (46) (28) (83) (11) (49) (68) (50) (80) (1) (65) (63) (73) (95) (60) (22) (45) (76) (99) (91) (21) (13) (74) (47) (12) (79) (18) (30) (96) (23) (59) (7) (9) (52) (20) (44) (77) (53) (8) (61) (37) 
11 (64) (11) (68) (3) (13) (17) (92) (14) (70) (39) (54) (23) (25) (73) (89) (100) (36) (86) (82) (4) (16) (98) (62) (44) (24) (69) (27) (95) (53) (31) (43) (93) (42) (51) (15) (22) (47) (45) (34) (83) (65) (85) (6) (8) (91) (88) (29) (41) (40) (9) (87) (97) 
12 (19) (73) (53) (83) (22) (18) (97) (16) (81) (28) (45) (54) (43) (61) (48) (85) (11) (44) (67) (52) (21) (75) (12) (96) (87) (76) (17) (38) (4) (33) (70) (49) (26) (71) (59) (62) (23) (46) (80) (29) (91) (57) (1) (30) (77) (88) (35) (74) (79) (58) (98) (10) (31) (39) (65) 
13 (39) (70) (59) (52) (72) (11) (42) (97) (37) (12) (96) (55) (75) (13) (2) (78) (5) (90) (29) (82) (43) (64) (81) (73) (47) (87) (65) (21) (94) (100) (27) (6) (83) (18) (86) (15) (53) (68) (62) (9) (36) (35) (28) (61) (79) (76) (44) (56) (20) (34) 
14 (81) (48) (82) (65) (38) (78) (50) (7) (33) (61) (85) (9) (12) (90) (27) (84) (45) (83) (53) (16) (11) (96) (36) (89) (62) (73) (10) (28) (94) (93) (76) (51) (30) (97) (49) (80) (87) (26) (59) (25) (15) (29) (92) (79) (14) (66) (8) (74) (55) (22) (41) (13) (35) (98) (37) (99) (18) (75) (52) (43) (19 23 58) (64 68 69 34) 
15 (33) (11) (70) (47) (19) (42) (6) (87) (32) (1) (44) (38) (58) (73) (56) (3) (12) (41) (86) (82) (30) (57) (79) (89) (93) (25) (27) (16) (84) (65) (90) (72) (50) (24) (51) (23) (59) (40) (21) (45) (98) (53) (96) (68) (49) (78) (83) (97) (88) (55) (92) (14) (43) (54) (61) (91) (5) (13) (2) (75) (48) (9) 
16 (45) (17) (21) (87) (13) (91) (5) (100) (2) (22) (1) (32) (62) (54) (11) (41) (97) (59) (42) (9) (98) (56) (76) (33) (8) (36) (58) (52) (6) (4) (86) (94) (65) (20) (74) (93) (43) (96) (19) (85) (29) (84) (83) (39) (66) (51) (50) (35) (18) (63) (14) (73) (48) (81) (28) (68) (72) (15) (78) (27) (95) (24) (3 37) (34) 
17 (35) (16) (29) (42) (30) (48) (7) (23) (89) (5) (11) (50) (71) (94) (9) (43) (55) (2) (39) (6) (21) (85) (83) (14) (46) (91) (33) (82) (81) (62) (74) (22) (57) (15) (13) (67) (36) (60) (78) (32) (65) (47) (34) (20) (44) (37) (45) (99) (95) (59) (84) (1) (3) (18) (41) (76) (79) 
18 (72) (38) (4) (99) (26) (60) (98) (34) (22) (24) (48) (45) (10) (5) (46) (35) (53) (55) (54) (65) (9) (91) (92) (90) (31) (19) (87) (2) (29) (61) (71) (13) (8) (28) (67) (89) (20) (50) (64) (33) (47) (96) (66) (43) (14) (30) (17) (39) (70) (97) (18) (37) (36) (51) (75) (25) (83) (63) (49) (73) (7) (68) (52) (69) (74) 
19 (29) (43) (84) (14) (9) (42) (16) (81) (100) (4) (51) (21) (2) (63) (47) (30) (45) (13) (10) (3) (48) (25) (54) (68) (74) (7) (60) (75) (20) (92) (77) (52) (27) (65) (22) (15) (35) (87) (46) (64) (55) (37) (76) (73) (44) (40) (49) (93) (70) (90) (23) (41) (86) (59) 
20 (13) (34) (5) (10) (72) (74) (23) (95) (94) (65) (89) (97) (58) (17) (50) (91) (19) (49) (98) (42) (77) (7) (62) (4) (60) (32) (69) (27) (47) (93) (51) (44) (83) (20) (30) (96) (85) (63) (70) (57) (67) (54) (100) (75) (41) (35) (90) (71) (25) (14) (31) (12) (11) (15) (55) (87) (1) (46) (88) (3) (37) (40) (79) 
21 (63) (87) (64) (44) (98) (36) (13) (56) (93) (40) (34) (29) (15) (14) (90) (37) (28) (51) (22) (38) (72) (75) (11) (25) (31) (46) (42) (5) (10) (20) (53) (2) (69) (45) (26) (47) (88) (27) (89) (80) (65) (95) (66) (79) (18) (81) (9) (100) (92) (24) (62) (97) (85) (86) (1) (4) 
22 (10) (95) (63) (46) (87) (83) (86) (79) (90) (9) (40) (23) (65) (61) (42) (31) (70) (2) (58) (53) (76) (43) (67) (74) (82) (94) (49) (13) (14) (97) (12) (66) (45) (11) (55) (37) (30) (73) (59) (96) (36) (78) (19) (68) (7) (16) (92) (41) (52) (60) (39) (6) (89) (93) (8) (32) (77) (22) (4) (5) (35) (75) (71) (81) (62) (91 27) (88) 
23 (41) (32) (61) (87) (72) (80) (69) (3) (59) (42) (93) (71) (43) (5) (98) (82) (4) (1) (51) (95) (85) (60) (84) (29) (18) (79) (67) (94) (48) (90) (62) (39) (12) (63) (70) (9) (89) (66) (24) (47) (44) (14) (17) (50) (8) (33) (40) (10) (45) (22) (26) (75) (34) (28) (31) (30) (36) (6) (68) (13) (81) (58) 
24 (72) (59) (4) (10) (7) (95) (18) (31) (39) (49) (38) (76) (60) (30) (45) (15) (88) (66) (28) (55) (81) (36) (79) (91) (51) (63) (64) (84) (53) (35) (57) (24) (23) (17) (83) (69) (1) (85) (70) (62) (32) (58) (46) (75) (29) (67) (19) (54) (90) (21) (9) (25) (96) (20) (65) (78) (41) (12) (52) (22) (73) (48) (8) (87) (37) (82) 
25 (35) (63) (96) (29) (78) (27) (9) (4) (6) (45) (100) (14) (72) (25) (66) (93) (40) (52) (77) (60) (91) (84) (5) (75) (59) (42) (74) (54) (79) (22) (19) (71) (7) (73) (33) (51) (85) (70) (92) (1) (15) (32) (55) (31) (43) (49) (16) (17) (24) (99) (26) (3) (10) (34) (82) (48) (69) (2) (8) (68) (89) (58) (44) (36) (56) (81) 
26 (61) (3) (93) (59) (46) (70) (20) (36) (72) (2) (76) (83) (67) (48) (16) (90) (57) (68) (15) (23) (8) (64) (10) (14) (98) (99) (26) (38) (94) (91) (96) (55) (1) (43) (86) (27) (66) (12) (13) (81) (40) (78) (100) (9) (52) (47) (39) (37) (50) (82) (80) (97) (17) (45) (7) 
27 (84) (77) (33) (59) (21) (1) (27) (49) (31) (88) (41) (63) (19) (32) (23) (91) (66) (90) (40) (28) (75) (72) (39) (43) (4) (46) (52) (5) (70) (54) (78) (73) (15) (44) (47) (37) (26) (2) (16) (45) (6) (61) (56) (64) (13) (99) (10) (34) (11) (67) (60) (51) (14) (71) (83) (87) (95) (93) (80) 
28 (17) (47) (8) (77) (95) (49) (27) (72) (42) (91) (75) (7) (10) (76) (43) (29) (53) (83) (74) (67) (19) (86) (39) (26) (61) (71) (60) (3) (46) (52) (50) (2) (59) (93) (81) (68) (33) (9) (6) (28) (70) (40) (5) (20) (31) (15) (98) (79) (65) (23) (80) (58) (55) (25) (92) (57) (41) (21) (45) (90) 
29 (56) (8) (90) (7) (29) (80) (41) (40) (58) (47) (94) (77) (26) (43) (5) (49) (20) (19) (45) (73) (83) (35) (86) (28) (22) (59) (38) (98) (13) (36) (97) (64) (93) (23) (1) (32) (70) (75) (30) (69) (79) (24) (9) (57) (67) (53) (92) (52) (78) (62) (89) (55) (46) (51) (44) (87) (60) (72) (76) (100) (74) (33) (3) (48) 
30 (93) (39) (6) (8) (67) (66) (80) (81) (56) (57) (61) (98) (69) (87) (75) (16) (82) (33) (19) (18) (38) (60) (25) (78) (51) (13) (47) (10) (46) (21) (77) (97) (41) (22) (70) (92) (3) (58) (20) (65) (94) (36) (62) (74) (91) (17) (96) (7) (84) (99) (35) (100) (88) (71) (2) (83) (4) (5) (48) (49) (55) (28) 
31 (75) (39) (32) (48) (99) (71) (79) (35) (96) (46) (78) (47) (43) (29) (24) (38) (58) (31) (17) (72) (87) (76) (4) (77) (61) (25) (92) (52) (49) (55) (84) (73) (64) (36) (15) (69) (28) (97) (42) (27) (30) (95) (70) (80) (10) (1) (83) (2) (11) (62) 
32 (58) (81) (68) (57) (18) (97) (44) (76) (45) (5) (24) (30) (82) (65) (80) (62) (19) (77) (63) (64) (53) (43) (9) (37) (71) (22) (41) (2) (75) (17) (4) (15) (70) (73) (48) (38) (78) (25) (85) (98) (67) (72) (50) (87) (69) (56) (16) (6) (90) (79) (36) (94) (99) (52) (20) (89) (61) (55) (96) (92) 
33 (42) (45) (55) (44) (25) (50) (51) (53) (14) (98) (35) (88) (33) (96) (23) (12) (4) (21) (94) (7) (56) (58) (31) (46) (32) (27) (66) (40) (97) (41) (8) (37) (93) (61) (78) (28) (70) (16) (39) (49) (68) (64) (81) (89) (57) (82) (6) (99) (5) (71) (2) (100) (63) (85) (73) (29) (91) (24) (79) (54) 
34 (91) (100) (99) (98) (31) (82) (62) (66) (61) (17) (47) (23) (26) (73) (72) (33) (81) (37) (94) (34) (87) (80) (67) (46) (28) (69) (42) (22) (29) (21) (41) (92) (58) (97) (9) (15) (49) (13) (48) (90) (71) (75) (59) (55) (83) (85) (30) (93) (4) (50) (77) (6) (1) (53) (16) (78) (51) (39) (7) (65) (27) (35) (57) (5) (44) (60) (24) (12 95 19 43) 
35 (77) (96) (84) (22) (60) (92) (67) (58) (100) (24) (25) (75) (64) (72) (46) (88) (23) (76) (17) (66) (81) (94) (6) (41) (8) (89) (51) (29) (97) (50) (19) (20) (98) (59) (69) (1) (28) (52) (68) (32) (45) (26) (27) (5) (33) (57) (79) (63) (42) (40) (86) (31) (80) (44) (53) (65) (11) (38) (99) 
36 (67) (70) (66) (44) (18) (62) (25) (69) (42) (90) (88) (97) (15) (87) (55) (85) (86) (34) (68) (45) (41) (9) (35) (96) (65) (30) (23) (10) (43) (2) (51) (14) (5) (16) (40) (63) (81) (17) (24) (77) (57) (49) (84) (36) (7) (39) (20) (56) (58) (21) (13) (82) (11) (92) (98) (29) (100) (99) (95) (83) 
37 (29) (50) (21) (31) (37) (81) (79) (42) (99) (13) (47) (28) (25) (8) (5) (64) (6) (38) (97) (14) (71) (68) (82) (57) (49) (24) (87) (85) (88) (95) (10) (19) (89) (67) (43) (45) (93) (36) (90) (35) (4) (65) (33) (16) (86) (12) (73) (54) (17) (9) (60) (40) (2) (3) (91) 
38 (7) (62) (48) (73) (58) (6) (84) (50) (76) (30) (34) (10) (14) (79) (35) (70) (46) (15) (77) (13) (20) (12) (18) (39) (32) (99) (87) (60) (31) (94) (65) (85) (61) (49) (29) (67) (4) (3) (90) (95) (71) (54) (38) (43) (1) (24) (16) (36) (55) (52) (68) (5) (19) (17) (44) 
39 (23) (9) (72) (71) (45) (33) (13) (91) (53) (16) (27) (49) (46) (65) (3) (58) (22) (66) (56) (87) (73) (79) (100) (67) (68) (38) (41) (19) (99) (76) (83) (51) (90) (5) (11) (12) (29) (30) (2) (37) (18) (35) (80) (97) (96) (59) (10) (14) (44) (82) (57) (21) (61) (75) (92) (24) (34) (64) (20) (77) 
40 (23) (85) (90) (95) (10) (45) (20) (1) (28) (65) (88) (14) (19) (33) (44) (96) (58) (8) (32) (17) (6) (89) (54) (70) (24) (9) (100) (73) (62) (27) (30) (46) (76) (16) (31) (2) (52) (40) (42) (91) (92) (78) (12) (93) (41) (49) (82) (67) (99) (68) (35) (7) (53) (69) (36) (77) (84) (37) (80) 
41 (75) (5) (68) (94) (16) (79) (2) (73) (63) (92) (51) (58) (72) (89) (78) (71) (38) (48) (35) (41) (1) (44) (15) (14) (40) (42) (85) (64) (24) (70) (76) (17) (56) (21) (45) (81) (97) (13) (30) (43) (57) (34) (37) (90) (59) (54) (87) (65) (61) (55) (25) (84) (36) (7) (67) (47) (6) 
42 (59) (87) (74) (81) (88) (83) (57) (16) (93) (92) (48) (35) (94) (1) (85) (25) (21) (78) (15) (9) (49) (38) (7) (26) (100) (27) (86) (73) (19) (69) (5) (96) (54) (46) (62) (8) (64) (53) (18) (91) (12) (77) (17) (97) (84) (4) (40) (70) (41) (36) (61) (75) (32) (51) (55) (47) (76) 
43 (88) (43) (12) (56) (50) (38) (67) (3) (4) (36) (79) (45) (49) (15) (97) (53) (25) (54) (66) (7) (9) (80) (75) (62) (26) (68) (78) (18) (74) (76) (87) (71) (84) (81) (30) (93) (89) (21) (34) (19) (51) (72) (77) (20) (31) (57) (23) (73) (29) (5) (98) (32) (65) (42) (70) 
44 (58) (44) (74) (73) (76) (60) (52) (67) (39) (15) (12) (80) (63) (23) (18) (41) (28) (55) (53) (90) (25) (62) (34) (49) (2) (17) (32) (33) (57) (59) (37) (69) (45) (10) (30) (19) (72) (97) (5) (65) (46) (91) (86) (93) (48) (26) (94) (61) (78) (79) (14) (40) (35) (36) (84) (42) (24) (92) (98) (56) (87) (81) (99) 
45 (93) (1) (20) (5) (28) (78) (96) (80) (89) (38) (12) (68) (58) (59) (97) (72) (51) (18) (56) (44) (23) (57) (94) (66) (14) (7) (39) (3) (21) (85) (32) (41) (64) (88) (95) (13) (55) (9) (87) (63) (15) (84) (25) (69) (76) (19) (4) (65) (60) (29) (33) (22) (71) (61) (36) (34) (52) (47) (45) (91) (31) (16) (83) (46) 
46 (100) (70) (43) (35) (72) (16) (95) (5) (31) (51) (25) (20) (22) (24) (28) (48) (10) (7) (46) (90) (50) (92) (76) (1) (52) (64) (75) (15) (67) (97) (60) (74) (45) (44) (14) (34) (21) (59) (83) (23) (2) (32) (77) (99) (93) (62) (6) (63) (17) (18) (84) (12) (26) (55) (65) (86) (11) (56) (49) (79) (57) (87) (53) (33) (89) 
47 (41) (65) (32) (4) (31) (40) (25) (70) (16) (3) (18) (2) (73) (9) (12) (86) (96) (10) (37) (88) (54) (6) (56) (66) (74) (97) (17) (43) (77) (42) (46) (38) (85) (71) (67) (7) (78) (68) (76) (92) (60) (21) (19) (45) (29) (87) (47) (57) (95) (44) (72) (93) (1) (22) (69) (30) (99) (15) (55) (64) (14) (75) (59) 
48 (60) (51) (38) (95) (17) (73) (24) (37) (44) (61) (14) (87) (99) (98) (11) (34) (58) (56) (66) (68) (77) (10) (65) (7) (96) (82) (76) (4) (92) (6) (42) (97) (23) (26) (33) (49) (100) (72) (13) (71) (18) (48) (29) (20) (79) (62) (91) (63) (94) (93) (22) (32) (36) (50) (41) (70) (35) (90) (84) (69) (2) (55) (57) (21) (46) (5) (54) (45) 
49 (19) (75) (21) (87) (86) (27) (28) (20) (32) (29) (58) (6) (56) (78) (39) (11) (55) (44) (41) (52) (88) (73) (98) (42) (16) (43) (59) (18) (40) (82) (3) (54) (72) (71) (4) (14) (81) (5) (69) (8) (1) (94) (9) (66) (91) (23) (25) (67) (53) (47) (50) (65) (100) (38) (10) (37) (64) (85) (22) (77) 
50 (7) (6) (73) (96) (91) (89) (64) (92) (33) (40) (20) (60) (61) (45) (90) (22) (24) (11) (58) (93) (23) (66) (68) (71) (49) (59) (25) (65) (76) (18) (55) (94) (46) (29) (57) (8) (67) (36) (43) (10) (53) (14) (13) (82) (87) (69) (38) (70) (97) (80) (27) (30) (48) (85) (54) (39) (84) (31) 
51 (30) (33) (66) (18) (41) (10) (4) (91) (17) (93) (75) (81) (15) (56) (23) (70) (88) (55) (96) (24) (8) (7) (9) (48) (53) (69) (63) (92) (32) (6) (35) (20) (29) (37) (28) (34) (59) (27) (43) (67) (74) (52) (83) (73) (25) (26) (72) (31) (40) (65) (57) (51) (58) (86) (98) (50) (1) (39) (94) (68) (12) (14) (44) (45) 
52 (84) (31) (83) (45) (42) (82) (43) (93) (66) (3) (23) (95) (26) (19) (34) (18) (56) (35) (57) (59) (67) (27) (2) (29) (62) (44) (49) (15) (76) (51) (60) (77) (25) (22) (9) (30) (14) (63) (12) (97) (68) (71) (90) (58) (16) (74) (28) (40) (96) (73) (81) (32) (38) (20) (55) (6) (61) (69) 
53 (75) (25) (26) (91) (64) (12) (81) (24) (31) (96) (1) (6) (19) (60) (34) (71) (92) (65) (11) (79) (21) (44) (3) (56) (72) (95) (27) (43) (51) (67) (36) (55) (82) (59) (74) (100) (7) (52) (45) (15) (89) (20) (2) (48) (41) (30) (98) (99) (42) (86) (61) (23) (73) (47) (84) (14) (97) 
54 (58) (12) (86) (82) (67) (76) (98) (81) (72) (7) (51) (28) (27) (91) (80) (31) (49) (71) (30) (78) (23) (56) (53) (39) (14) (61) (52) (85) (54) (5) (2) (70) (37) (89) (73) (66) (15) (93) (16) (9) (1) (18) (17) (57) (65) (94) (4) (92) (44) (99) (74) (34) (95) (60) (32) (40) (97) (11) (21) (75) (35) (100) (50) 
55 (6) (16) (95) (96) (60) (66) (49) (59) (4) (68) (76) (30) (14) (75) (85) (12) (97) (84) (3) (46) (73) (99) (79) (15) (26) (72) (88) (86) (37) (61) (2) (45) (54) (62) (77) (53) (44) (8) (28) (80) (33) (78) (50) (7) (98) (21) (52) (31) (41) (81) (57) (70) (67) (47) (55) (29) (69) (91) (24) (25) 
56 (12) (81) (18) (67) (6) (49) (77) (1) (19) (92) (56) (76) (2) (47) (100) (70) (54) (42) (10) (60) (58) (62) (51) (43) (74) (91) (33) (83) (45) (30) (31) (72) (87) (26) (96) (7) (99) (17) (29) (50) (80) (28) (40) (4) (75) (37) (93) (71) (90) (65) (5) (24) (46) (55) (22) (85) (34) (14) (78) (57) (8) 
57 (97) (47) (87) (19) (33) (3) (14) (44) (52) (45) (63) (27) (65) (91) (23) (32) (48) (57) (86) (38) (41) (73) (90) (59) (55) (66) (26) (1) (76) (72) (88) (9) (18) (56) (79) (2) (95) (78) (54) (85) (60) (28) (10) (7) (21) (40) (61) (100) (93) (70) (98) (5) (30) (22) (35) (46) (37) (34) 
58 (4) (6) (99) (35) (69) (7) (44) (57) (53) (95) (9) (75) (62) (74) (49) (90) (38) (18) (21) (24) (83) (64) (12) (97) (14) (100) (41) (68) (33) (72) (5) (30) (66) (37) (20) (78) (67) (15) (47) (43) (58) (73) (52) (84) (61) (51) (86) (55) (13) (28) (11) (2) (39) (59) (10) (25) (32) (42) (29) (16) (40) (96) (22) (36) 
59 (17) (71) (33) (93) (48) (47) (52) (35) (76) (89) (11) (98) (2) (88) (24) (4) (13) (37) (84) (97) (69) (87) (80) (59) (12) (1) (31) (51) (15) (61) (64) (5) (14) (3) (62) (25) (23) (83) (58) (19) (100) (72) (54) (81) (34) (94) (68) (75) (8) (21) (6) (60) (38) (28) (9) (53) (91) (73) (46) (40) (70) (63) 
60 (21) (3) (8) (97) (72) (38) (45) (29) (57) (26) (68) (79) (12) (39) (95) (84) (76) (53) (25) (82) (41) (90) (4) (85) (86) (50) (36) (46) (59) (63) (49) (62) (23) (40) (70) (44) (75) (13) (18) (28) (88) (94) (65) (20) (56) (64) (55) (35) (30) (81) (61) (51) (100) (48) (33) (17) (34) (7) (98) 
61 (99) (56) (71) (55) (72) (15) (13) (65) (76) (67) (84) (64) (32) (86) (21) (36) (88) (33) (85) (98) (43) (62) (24) (37) (58) (42) (12) (95) (89) (38) (30) (39) (75) (69) (17) (16) (44) (20) (27) (25) (91) (18) (93) (47) (70) (3) (23) (35) (11) (28) (82) (40) (51) (8) (66) (34) (80) (14) (94) (4) (73) 
62 (15) (31) (49) (8) (73) (19) (33) (74) (44) (50) (70) (4) (16) (39) (32) (6) (72) (34) (18) (98) (47) (56) (24) (55) (84) (61) (43) (28) (1) (77) (90) (7) (83) (36) (80) (85) (53) (68) (45) (97) (48) (62) (75) (99) (42) (21) (20) (51) (93) (71) (14) (66) 
63 (77) (41) (63) (31) (42) (9) (49) (8) (58) (88) (36) (30) (60) (48) (72) (27) (11) (98) (68) (13) (95) (76) (23) (99) (32) (53) (22) (80) (21) (55) (61) (64) (14) (65) (85) (86) (59) (43) (16) (50) (18) (46) (81) (15) (24) (5) (100) (37) (75) (29) (20) (62) (70) (35) (66) (89) (7) (54) (4) (45) (84) (12) (83) (39) 
64 (33) (86) (97) (68) (71) (85) (1) (31) (13) (83) (94) (18) (26) (74) (35) (93) (73) (66) (64) (29) (36) (80) (49) (77) (12) (67) (15) (84) (56) (98) (22) (69) (2) (25) (9) (27) (72) (88) (63) (89) (54) (51) (60) (7) (17) (65) (78) (76) (10) (82) (39) (52) (90) (92) (50) (61) (34) (14) (23) 
65 (75) (49) (96) (61) (83) (17) (14) (60) (23) (31) (10) (72) (67) (11) (97) (6) (24) (4) (59) (87) (51) (81) (9) (73) (69) (39) (68) (99) (79) (63) (56) (36) (25) (8) (21) (33) (40) (84) (65) (92) (22) (28) (91) (86) (93) (52) (30) (44) (34) (78) (26) (45) (27) (98) (70) (20) 
66 (16) (78) (24) (8) (62) (50) (40) (66) (69) (7) (97) (19) (15) (11) (55) (99) (87) (80) (23) (36) (82) (9) (42) (44) (81) (75) (60) (71) (49) (89) (29) (4) (56) (31) (67) (93) (38) (32) (92) (22) (52) (14) (57) (48) (96) (84) (65) (12) (76) (33) (30) (25) (58) (74) (47) (46) (51) (98) (45) (83) 
67 (5) (28) (44) (56) (27) (31) (37) (41) (53) (16) (15) (92) (25) (26) (34) (43) (48) (58) (12) (30) (40) (91) (88) (32) (24) (61) (57) (59) (81) (52) (98) (49) (83) (74) (78) (8) (71) (73) (19) (95) (33) (42) (46) (64) (35) (38) (94) (1) (55) (87) (39) (51) (6) (89) (3) (10) (4) (100) (2) (67) (22) (62) (65) 
68 (27) (33) (1) (42) (79) (69) (21) (55) (99) (76) (40) (66) (93) (8) (30) (46) (63) (58) (6) (44) (35) (26) (3) (39) (62) (14) (2) (47) (96) (87) (28) (15) (64) (100) (72) (75) (7) (5) (60) (74) (45) (92) (50) (81) (82) (73) (86) (23) (54) (68) (90) (52) (56) (80) (57) (11) (85) (4) (70) (84) (43) (22) (37) 
69 (73) (85) (52) (50) (87) (23) (97) (64) (92) (39) (4) (100) (99) (95) (86) (49) (25) (27) (11) (55) (14) (88) (82) (17) (35) (75) (34) (78) (21) (56) (9) (38) (80) (66) (53) (94) (26) (77) (79) (51) (98) (45) (40) (41) (31) (6) (30) (61) (57) (71) (83) (58) (1) (63) (54) 
70 (66) (6) (72) (42) (70) (36) (37) (35) (41) (58) (82) (63) (97) (21) (73) (40) (43) (23) (46) (47) (5) (68) (62) (7) (10) (77) (79) (55) (54) (18) (28) (19) (52) (59) (90) (86) (44) (76) (96) (69) (3) (13) (9) (94) (92) (27) (91) (78) (61) (24) (12) (17) (25) (32) (53) (85) (4) (87) (1) (15) (60) 
71 (86) (21) (62) (95) (60) (82) (72) (63) (76) (81) (32) (14) (88) (91) (56) (52) (20) (83) (42) (10) (89) (8) (22) (50) (46) (19) (15) (93) (69) (80) (99) (41) (73) (77) (61) (78) (59) (36) (71) (38) (16) (45) (39) (4) (1) (25) (12) (27) (9) (57) (11) (68) (6) (98) (67) (30) (58) (23) (24) (34) (40) 
72 (75) (41) (77) (11) (45) (99) (80) (50) (55) (72) (6) (12) (24) (40) (97) (53) (10) (22) (68) (9) (58) (26) (1) (96) (88) (49) (73) (85) (7) (28) (25) (56) (43) (39) (19) (86) (78) (48) (60) (34) (20) (94) (89) (67) (59) (57) (98) (90) (36) (13) (66) (64) (21) (35) (31) (16) (76) (91) (5) (2) (47) (74) (100) (63) (30) (84) 
73 (89) (61) (64) (62) (58) (35) (79) (8) (43) (95) (91) (99) (51) (55) (98) (72) (75) (16) (90) (30) (45) (66) (92) (1) (17) (40) (4) (26) (70) (87) (18) (48) (23) (28) (11) (85) (27) (15) (100) (25) (47) (6) (83) (86) (29) (14) (5) (65) (20) (13) (38) (88) (94) (67) (32) 
74 (72) (77) (42) (29) (58) (65) (17) (55) (26) (43) (45) (87) (23) (2) (91) (15) (9) (37) (7) (81) (83) (39) (54) (86) (70) (74) (61) (40) (19) (24) (47) (32) (22) (3) (5) (66) (64) (75) (71) (4) (44) (79) (13) (98) (96) (25) (21) (97) (20) (89) (88) (100) (60) (82) (52) (85) (8) (38) (34) (76) (41) (50) (69) (36) 
75 (66) (31) (78) (62) (23) (29) (85) (46) (17) (91) (47) (73) (26) (24) (68) (88) (38) (84) (41) (45) (60) (25) (28) (8) (65) (79) (55) (18) (10) (97) (4) (71) (9) (63) (39) (42) (94) (1) (19) (74) (7) (98) (82) (44) (21) (43) (36) (57) (72) (64) (34) (3) (83) (2) (59) (90) (69) (99) (50) 
76 (81) (75) (80) (82) (21) (91) (31) (100) (98) (56) (61) (77) (25) (97) (37) (34) (53) (99) (24) (5) (92) (27) (65) (2) (13) (43) (70) (52) (7) (36) (33) (19) (68) (86) (45) (32) (55) (48) (59) (60) (78) (18) (51) (90) (84) (85) (93) (72) (1) (64) (20) (57) (39) (63) (88) (74) (62) (4) (38) (79) (26) (22) (50) (47) (15) (94) (95) (96) (35) (44) 
77 (81) (64) (90) (11) (20) (77) (19) (43) (49) (30) (36) (2) (53) (35) (57) (92) (95) (63) (55) (45) (16) (10) (79) (80) (15) (24) (51) (4) (38) (98) (3) (21) (59) (48) (25) (100) (42) (40) (33) (70) (6) (84) (18) (83) (93) (14) (62) (88) (97) (47) (89) (9) (71) (94) (12) (96) (31) (85) (78) (61) (54) (73) (76) (7) (23) (67) (69) 
78 (83) (6) (24) (18) (11) (53) (79) (55) (4) (8) (51) (73) (80) (72) (47) (89) (44) (85) (74) (10) (67) (22) (100) (54) (9) (14) (87) (94) (39) (15) (70) (62) (43) (69) (17) (1) (60) (84) (48) (7) (21) (86) (95) (23) (64) (19) (78) (58) (56) (20) (65) (76) (38) (2) (46) (91) (49) (77) (33) (82) (96) 
79 (29) (41) (39) (30) (55) (4) (17) (54) (24) (59) (33) (47) (74) (98) (21) (63) (80) (3) (35) (87) (76) (22) (72) (66) (58) (26) (18) (9) (15) (68) (10) (88) (11) (42) (8) (60) (37) (65) (36) (13) (86) (57) (89) (81) (84) (1) (61) (20) (93) (99) (34) (78) (43) (40) (77) (94) (2) (16) (96) 
80 (51) (32) (88) (42) (11) (54) (73) (57) (63) (80) (59) (69) (26) (85) (84) (1) (30) (87) (90) (37) (75) (77) (39) (4) (36) (5) (62) (7) (22) (93) (17) (66) (99) (23) (97) (89) (34) (33) (29) (35) (78) (50) (81) (31) (28) (70) (47) (21) (38) (20) (79) (6) (72) (46) 
81 (19) (60) (99) (96) (50) (20) (98) (58) (71) (18) (75) (69) (49) (3) (5) (26) (70) (30) (100) (68) (76) (57) (25) (82) (24) (41) (16) (72) (14) (10) (22) (44) (90) (89) (4) (33) (38) (13) (84) (86) (45) (54) (80) (23) (52) (64) (85) (37) (40) (34) (42) (8) (62) (17) (66) (27) (53) (59) (77) (31) 
82 (89) (22) (92) (21) (90) (76) (82) (94) (78) (59) (3) (50) (28) (53) (64) (65) (30) (26) (46) (12) (4) (23) (99) (75) (32) (51) (93) (47) (62) (52) (16) (84) (37) (6) (86) (55) (7) (40) (8) (9) (24) (18) (77) (79) (81) (58) (72) (35) (87) (70) (98) (67) (66) (61) (20) (15) (39) (38) (100) (73) (91) (27) (44) (25) 
83 (17) (3) (61) (2) (96) (22) (89) (76) (67) (12) (88) (86) (73) (81) (83) (64) (39) (66) (59) (72) (46) (21) (36) (97) (84) (60) (50) (87) (42) (85) (26) (71) (49) (100) (45) (95) (82) (74) (78) (69) (6) (51) (8) (41) (92) (38) (31) (27) (23) (34) (52) (33) (40) (25) (7) (98) (16) (37) (15) (47) (4) (29) (11) (75) (19) (99) (44) (94) 
84 (28) (88) (73) (41) (3) (29) (82) (18) (76) (49) (85) (60) (13) (44) (51) (15) (64) (53) (83) (12) (38) (27) (67) (95) (57) (25) (21) (17) (4) (16) (48) (94) (98) (52) (45) (68) (56) (79) (26) (50) (72) (92) (42) (71) (97) (20) (93) (2) (66) (99) (84) (35) (77) (62) 
85 (92) (80) (73) (37) (75) (67) (26) (72) (96) (71) (55) (52) (85) (60) (93) (8) (78) (84) (1) (15) (21) (70) (14) (33) (68) (25) (45) (88) (58) (34) (31) (82) (22) (86) (29) (20) (16) (47) (48) (11) (42) (40) (10) (94) (17) (99) (51) (65) (90) (91) (39) (54) (41) (98) (63) (62) (24) (95) (57) (79) (13) (56) (23) (38) (44) (69) (89) (9) (2) (77) 
86 (56) (74) (92) (1) (49) (30) (54) (5) (97) (9) (79) (20) (47) (6) (35) (61) (77) (18) (57) (36) (95) (31) (66) (64) (13) (28) (39) (53) (51) (65) (87) (90) (25) (99) (21) (98) (81) (24) (71) (46) (14) (73) (23) (32) (58) (16) (83) (33) (60) (29) (48) (88) (2) (85) (22) (72) (40) (55) (68) (7) (12) (75) (67) (94) (42) (80) (43) (44) (50) (45) 
87 (29) (61) (79) (74) (12) (44) (71) (82) (48) (45) (98) (40) (38) (67) (31) (85) (42) (88) (69) (18) (43) (75) (20) (8) (14) (70) (54) (76) (80) (6) (15) (53) (72) (68) (7) (34) (87) (86) (9) (1) (56) (30) (63) (21) (27) (96) (77) (35) (59) (89) (23) (92) (73) (90) 
88 (81) (41) (95) (46) (68) (16) (84) (62) (4) (28) (93) (3) (64) (88) (45) (48) (6) (50) (55) (58) (31) (25) (30) (24) (73) (66) (27) (17) (71) (35) (70) (18) (63) (87) (13) (90) (51) (75) (7) (20) (49) (47) (15) (69) (61) (21) (34) (57) (38) (12) (2) (19) (53) (85) (98) (40) (82) (36) (52) (77) (42) (54) (10) (37) 
89 (94) (60) (6) (77) (25) (63) (41) (66) (75) (8) (67) (40) (11) (52) (69) (1) (14) (51) (100) (9) (39) (86) (17) (83) (29) (90) (95) (99) (2) (43) (97) (84) (22) (3) (59) (42) (71) (47) (88) (44) (45) (70) (18) (35) (13) (48) (23) (72) (65) (93) (80) (26) (10) (46) (55) (61) (87) (92) (16) (37) 
90 (19) (26) (22) (80) (51) (74) (52) (49) (7) (25) (62) (41) (23) (11) (34) (9) (8) (82) (96) (64) (84) (46) (59) (66) (32) (85) (60) (70) (20) (63) (2) (17) (42) (57) (65) (77) (93) (29) (68) (15) (91) (58) (47) (48) (89) (45) (87) (81) (30) (33) (3) (5) (95) (16) (73) 
91 (7) (23) (83) (32) (43) (54) (76) (19) (11) (94) (89) (37) (99) (40) (34) (5) (36) (30) (78) (9) (65) (61) (46) (20) (4) (26) (24) (47) (22) (3) (67) (73) (48) (57) (98) (14) (87) (90) (41) (27) (31) (10) (59) (1) (2) (79) (81) (50) (29) (16) (13) (80) (66) (51) (60) (84) (63) (35) (64) (82) 
92 (59) (98) (6) (9) (49) (4) (32) (16) (60) (11) (38) (19) (90) (64) (29) (84) (96) (99) (15) (56) (14) (74) (23) (72) (94) (47) (25) (67) (1) (54) (30) (21) (89) (10) (70) (92) (58) (26) (5) (37) (77) (62) (63) (40) (33) (31) (68) (65) (27) (85) (50) (87) (45) (75) (17) (7) (55) (86) 
93 (24) (92) (17) (95) (9) (96) (19) (35) (13) (73) (5) (77) (75) (47) (7) (2) (72) (99) (62) (59) (69) (31) (91) (29) (61) (80) (26) (54) (79) (100) (34) (36) (66) (53) (93) (67) (97) (88) (23) (64) (50) (55) (12) (43) (42) (39) (32) (3) (22) (37) (94) (82) (86) (51) (8) (56) (84) (87) (28) (48) (78) 
94 (13) (27) (24) (65) (83) (90) (11) (45) (76) (79) (93) (74) (44) (17) (21) (51) (28) (73) (68) (69) (16) (59) (32) (61) (54) (95) (80) (99) (20) (41) (22) (2) (47) (86) (87) (12) (15) (55) (26) (42) (31) (7) (50) (77) (70) (9) (19) (18) (94) (66) (33) (10) (72) (46) (57) (89) (6) (82) 
95 (85) (83) (97) (31) (3) (93) (4) (76) (24) (69) (46) (72) (100) (70) (89) (19) (68) (41) (77) (48) (37) (34) (10) (20) (95) (60) (82) (35) (56) (14) (87) (39) (32) (44) (29) (74) (79) (94) (63) (17) (22) (54) (42) (50) (40) (25) (57) (2) (73) (71) 
96 (68) (56) (96) (49) (63) (70) (1) (91) (55) (65) (94) (52) (76) (58) (38) (41) (35) (17) (82) (39) (78) (3) (87) (30) (45) (81) (43) (51) (4) (15) (73) (67) (22) (16) (77) (36) (25) (12) (11) (88) (14) (5) (37) (66) (46) (71) (75) (85) (54) (61) (26) (33) (31) (42) (47) (97) (34) (57) (32) (7) (21) (83) (74) (93) (89) 
97 (66) (49) (34) (70) (28) (84) (2) (7) (10) (21) (59) (33) (29) (65) (9) (1) (16) (90) (60) (81) (80) (69) (5) (53) (24) (86) (45) (68) (85) (15) (26) (56) (37) (97) (40) (63) (92) (41) (82) (48) (20) (54) (87) (14) (73) (79) (99) (38) (22) (36) (67) (50) (27) (30) (74) (88) 
98 (21) (74) (91) (99) (1) (37) (3) (54) (70) (50) (43) (5) (53) (14) (12) (98) (72) (38) (58) (48) (64) (16) (33) (19) (46) (17) (89) (86) (92) (39) (90) (35) (41) (23) (57) (77) (49) (83) (4) (87) (88) (67) (55) (25) (96) (94) (29) (31) (8) (24) (20) (13) (63) (30) 
99 (17) (74) (64) (19) (33) (80) (54) (45) (83) (23) (85) (75) (95) (40) (81) (94) (99) (62) (73) (37) (53) (7) (9) (28) (58) (89) (96) (44) (2) (86) (38) (51) (90) (93) (27) (50) (65) (30) (70) (46) (6) (31) (56) (1) (79) (18) (68) (82) (92) (98) (87) (15) (100) (34) (69) (35) (66) (41) (43) (5) (77) 
100 (21) (57) (51) (13) (34) (39) (64) (22) (76) (85) (93) (31) (30) (99) (90) (9) (28) (82) (47) (74) (67) (62) (40) (88) (52) (49) (63) (16) (14) (33) (23) (20) (46) (91) (71) (87) (73) (19) (75) (98) (45) (17) (59) (69) (54) (79) (11) (32) (78) (55) (66) (96) (42) (26) (94) (72) (56) (53) (65) (50) (4) (95) (97) (1) (92) (37) 
