0
100
100
1 (42) (96 39 79 95 36) (52) (26 37 47) (17 91 45 98) (24 69) (68 29 53 84) (57) (7 5 100 31 83) (30 67 38) (18) (40 80 99 94 75 32 43 59 62 77 15) (73 25 51 34 49 20 90) (4 63 8 89) (71 44 22 11 54) (14 61 23 28 3 72 56 92 16 85 81 55 82 35 93) (97 10 48 78) 
2 (3 54) (70) (62 75 26 77 64 57 21 33 35 19 71 79) (58 76) (43 44 66 88) (96) (8) (4 6 55 51 73 12 29 28 22 53) (87 59 20 61 7 89 90 41 45 36 49 68 56 2) (10 1) (81 5) (84 93 37) (74 100) (65 52 98 23 82 24 48 95) 
3 (46 36 50 100 25 40 62 13) (38 61 77 34 66 78 86 96 84 2 1) (4 7 80 65 91 18 55 30 24 28) (92 47) (95 97 35 51 94 15 68 49 27 17 14 88 45 56 63 74 89 72 10 60) (90 64 58) (39 70) (11 9 42 71 19) 
4 (52 20) (79) (27 16 53 91 13 60 80) (92 26) (17 44 23 64 90 43 57 56 71) (85 35 89 8 83 25) (61 63 7 54) (40 34 69) (82 21 51) (98 67 10 68 100 14 9 95 49 87) (28 84 4 5) (59 1 48) (47 18 62 22 24 39 93 36 88 76 31 78 37 38) (11 70) (94 45) (58 15 97 29) 
5 (7 80 86) (68 57 84 14 61 17 64) (47 48 9 77 25 12 70 13 29 66 90 96 16 81 60) (40 24 8 42 32 37 69) (99 56) (59 41 22) (88 100) (71) (36 83 31) (93 46) (75 54 63 67 91 50 21) (35) (6 33 76 11 45 98) (28 30) (3 94 79 62 72 52) (89) (55 73) 
6 (82 77 13 85 87 72) (51) (99 65 73 64 58 97 40 98 71 8 76 96 4) (26) (36 91 21 16 31 42 12 44 5 30 56 38 28) (24) (74 3 93 66 57) (68 46) (92 63 10 14 53 100 43 23 84 27 20 41 55 37) (15 79 6 69) (83 49 67) (35 7 34 45 89 80 19 94 88 29 60) 
7 (10 93 12) (63 47 51 4 27 7 38 45 92) (42 61 90 32 81 25 60 72) (40 8 91) (57 100) (58 19 36) (59) (28 71 49 83 5 66) (95 48 53 64) (35 73 1 29 68 62 31 17 98) (9 54) (88 55 24) (11 34 30 76 13 87 37 78 44 86 96 41 65) 
8 (90 83 40 62 13 82 53 78) (47 56) (63 5 19 92 60 68 10) (84 88 23 73 14 46 57 70 37 29 41 95) (33 94 24 96 44 35 8 26 89 27 55 67 31 2 97 36 51) (1 11 45) (20) (18 71 76 74 38) (49 81 54 75 15 64 50) (4 65 28 58 30 17 43) 
9 (14 42 25 17 6 1 59 2) (23 90 60 68 28 50 99 66 52 76 38 70 24) (79 74 58) (84 4) (95 44 75 77 92 71 8 39 93 20 97 11 100 35 67 12 18 80) (51) (78 98 83) (21 69) (36 33 73) (55 91 72) (19 3 41 16 7) (9 65 30 56 82) (29 94 15 49) 
10 (78 73 70 47 41 74) (64 59 19) (8) (18 81 55 79 40) (84 26) (45 52) (44 95 63 11 100 10 29 15 67 4 87) (7 66 99 77) (13 56 92 51 43 80) (72 17 37) (36 25 60) (53 49 31 6 90) (16 34 50 93 82 42 86 85 91 35 88 33) (98 22 57) (9 65 96) (30) 
11 (82 80 27 98 16 96 66 94 64 28 58 79) (37 42 63 3 51 17 54) (33 1) (49) (74 22 24) (61 84 90) (36 15 9 20 48 34 31 4 59 75 7) (14 77 11 76) (6 99) (10 53 65) (26 41 95 13) (25 38 12 45 2 18 78) (47 83 69 55 5 23 71 39 35 87 91 81 21 52 93) 
12 (61 88 63 52 68 4 100 94 90) (8 28 45 62 16 86) (57 81 19 53 67 40 54 98 74 21) (99 2 18 91 20 39 76 33 14) (51 9 89) (10) (31 7) (41 93 66 27 65 48) (42 24 72 95 17 32 23 59 36 44 79 55) (34 87 71 13 12 78 43 3) (60) 
13 (84 90 58 64 54 22) (23 89) (38 100 53 51 86 41 82) (10) (62 29 44) (65 17 8 11 16) (99 94 15 39 34 4 76 77 48 9 98 69 26 87 61) (56 5 59 66) (32 81 42 93 18 30 13 92) (6 12 91 80 79 37 52 3 43 27 24 85) (73 70 14) 
14 (62 17 45 25 71 18) (5 39 97 4) (100) (83) (80 68 24 49 58 7 43 79 64 26 36 87) (74 99 90 51 67 37 63 27 75 78 33 15 56 84) (35 23 1 54 32 95 52) (96 6 20 48 10 29 61 89 21) (86) (12 8 47 88 2 69 19 73 91 11 76) 
15 (54 42 81 74 43 94 68 29 53 40 6 38 69 13 17) (16 92 24 18 35 67) (41 23 63 95 7 4) (100) (28 20 30 1) (36 64 70 33) (52 96 45 57 25 8 27 5 39 99 85) (65 88 49) (59) (55 61 11 9 19) (75 93 71 90 78) (60) (46 50) (51 31) (62 91 72 89) 
16 (66) (33 17 89 18 37 19 36 78 57 31 94 75 63) (24 15) (22) (86 97 70 51 44) (9) (46) (28) (30) (50 91 21 60 26) (55 53 47 96 4 82 95) (76 59 80) (25 23 68 7 90) (29 8 87 54 2 71 42) (74 20 16 98 85 88 49 64 79) (11 84 62 81) (93 34 38 65 72) (77) (56) 
17 (99 75 7 28 29 20 92 55 50 88 70 45 34 68) (9 83 43 40 89) (41 36 91 48 42 3 49) (13 27 73 6 65) (39 94) (59) (100 26 84 19) (30 47) (14 31 15 81) (69 38 17 77 87 61 66 67 37 25 74 86 85 72 21 58) (60) (22 24 54 12 46) (33 56) (64 11 23) (97 44 2 32 57 52 35) 
18 (2 54 10 3 70 52 78 6 38 82 27 89 28) (73) (85 23) (32 46 86) (25 44 22) (68 93 34 29 14 8 48 64 57 36 31 21) (92 4) (87) (96 40 56 26 81 13 41 58 11 69) (51) (42 72 1) (80 24) (17 39 75 91 12 71 50 53 20 90 47 45 33 18 65 98 74) (37) (7) 
19 (1 99 22 50 96 65 63 72) (74 67 60 30) (38 75 13) (28) (66 2 77 3) (45 55) (57 51 43 35 87) (79 5 64) (84 90 97 34 68 49) (91 14 11 48) (29) (15) (56 69) (54 25 52) (83 94 98) (36 23 53 39 80 26 33 85 7) (44 18 27) (92 88 81 4 82 47 6 78 37 31 24 70 46) (40 16) 
20 (28 88 10 23 11 6 2 66) (55 9 84 45 19) (82 91 57 41 95 99 96 94 47 100 48 39 40) (63 64 16 87 17) (85 93 4) (53 52 89 51 37 81 32 8) (69 31 15) (20 30 77) (65 1 68) (92 35 80 72 50 12 79) (14 34 59 49) (18 46 13 43 98 90) (22) (33) (83) 
21 (99 41 27 17 15 42 33 44) (12 31) (65 24) (67 16 53 18 96) (73 20 85 82 100 43) (52) (81 32 14 36 68 21 74 30 39 10 3 59 87 64) (50 8) (9 38) (48) (37 97 35 93 88 91 34 6 79 57 71) (70 58 7 54 5 60 40 92 63) (51 46 56 98) 
22 (45 30 54 84) (22 48 70 19 100 62 33 10) (43 49 18 87 79) (5 82 81) (64 13 51 3 42 95 28 56 59) (7 67 76 36) (35 23 32) (96 40 4 92 57 68 41 12 6 86 97 83 60 25 99 53 98 52) (37 72) (1 39 44 55 90 93 65 80 34 77 66 78) 
23 (45) (52 21 38) (89 54 95) (98 31 41 24) (3 11 19) (14 42 86) (15 90 55 91 61 68) (36 87 49 96 12 2 22) (18 85 80 34 64 44 73 92 33) (66 67 60) (81 30) (47 97) (16 4 70 5) (88 57 69 29 59 9 51 1 78 83 13) (63 76) 
24 (78) (30 91 23 85 80) (10) (26 67 72 53) (41 31 16 52 66 90 68 74 70 82 32 43 40 36 51) (89 38) (55) (84 75) (1 62 45 35) (65 99 63 49 11 97 92 71 57 59 87 19 8 64 4 60 47 61 93 86 15 7 22) (96 76 28 18 21 44 2 33 69 79 13) (81 39 17) 
25 (39) (27 34 54) (3 25 29 1 71 67 72) (99 6) (62 70) (78 24 79 45 97) (58) (87 22 11 37 91 32 13 85 33 63 17 81 26 51) (60 9 75 73 80 95 89 41 20 90 94 10 16 31 88 21 38 12 7 76 53 48 44 30 74 86 18 65 43) (69 93) (100 40 2 28) 
26 (38 74 30 67 69) (14 41 48 78 35 73 13 1 47 22) (43 8 4) (21 97) (31 33 93) (65 9 28 16 61 19 52 37 63 92) (81 17 18) (96 39 40 57 26 72 49 64 25 66 68 3) (62 86 85 15 29 11 79 88 95 71) (20 58 51 98 60 32) (100 84 87) 
27 (45 98 64 12) (53 41 67 43 77 9 73 47 86) (11 33 13 55 40) (71 72 22 69) (52 74) (85 7 95 61 21) (37) (34 36 90 94 97 63 83 39 3 76 58 81 100 27 49) (66) (57) (87 54 2 78 70 25 56 93 68 92 17) (91 62) (35) (18 99 75) (84) (8) (48) (6 42 46 82 29 1) 
28 (70 48) (73 55 85 62 17 39 57 44 69 54 60 41) (7 81 45) (49 25 10 47 56 15 61 53 88 83 3) (90) (38 89 16 37 4 99 87 46 5 18 66 78 31 27 12 64 13 50) (33 30 1 58 92 52 34 80 98 84 67 26 96 93 86 68 71 19 77 79 63) (82 51) (24 22) (35) (28 43 8) 
29 (14 32 86) (87 62 5 88 24 68 33 23 18 25) (72 99 4 81) (76 98 48 56 6 46 64 93 58) (92 90 3 57 95 16 89 55 43 63 84) (2 12 85 91 45 52 37 82 22 49 71) (11 65 74 13) (21) (17 42 41 96 8 40 47 75 1 66 30 51 73) (10) (20 78 44 34 19) 
30 (56 30 91) (76 67) (10 100 79 9 84 17 50) (78 81) (65 57 52 33 28 87 66 53) (3 64 23) (69) (2) (11) (21) (42 26 16 31 62 27 88 41 7) (97 38) (92 60 22) (4 1 61) (19 43 29 55 86 15 77 72 98 74 5 68 59 80 63 13 34 90) (25 47 73) (83 75 35 94) 
31 (98 33 3 9 64 20 29 81 85) (27) (19 56 8 38 5) (74) (71 26 47 68 6 14) (86 13 88 17 78 70 60 57) (21) (31) (83) (46) (58 28 89 75) (95 76) (30 67 22 55 44 42 23 73 65) (1 87 66) (91 32 72 53 59 43 39 37 99) (48 18 79) (25 96) (12 100) (36 4) 
32 (34 37) (11 72 46 62 61 35 54 14 83 89 39) (30 22) (82) (1 86 24 74 10 31 77 7 58 25 48 79 85 90) (23) (63 9 2 19 73 47 21) (5 57) (16) (42 17 29 71 95 13) (38) (52 94 18 99 50) (53 76 64) (97) 
33 (58 28 89 73 43 24 72 16 2 4 44 54 7 59) (55 57) (27 90 88 80 38 62 47 12 82 83 40 26 92 66) (5 63 50 86) (70 48 23 93 56 9) (46 81 77 97) (11 6) (1 51 13) (71 36 33) (94 34 75 85 32) (68 35 25 53 20 60 42 74 95) (29) (37 96 99 65 21) (76 87 15 61 39) (41 45) 
34 (30 4) (68 82 77 66) (58 48 44) (41 89 17 54 22 34 27 32 65 97 94) (80 35 96 37 99 91 23 9 2) (88 21 57 67 53) (8 60 20 6 55) (61 85) (95) (71) (51 62 83 1 64) (7 47 16) (29) (59 3 90 40 26) (24 87) (12 36 14) (39 15 72 52) 
35 (97 70 29 99 54) (78 85) (45 57 90) (34 63 35 86 48 8 49 60 37 32 53 96 80 33) (24) (95 13) (31 15 2 84 18 26 59 83 20 81 6) (61 55 73 12 72 76 44 28 17 89) (27 47 88 71 46 69 1 39) (3 10 23 77) (11 22 14 58 93 56 9 65) (92 75) 
36 (67 40 83 76 80 63 74 44) (97 69 50 26) (99 47) (62 79) (11 89 4 35 2) (53) (90 23) (71 51 72) (36 27 9 34 52) (45 59 81 86 68 12) (93 29 60 49 55 30 8 77) (94 64 1 92 19 7 3 54 16 57 14 70 43 41) (31 5 37) (96 10 58 28) 
37 (83) (29 9 45) (17 81 6 26 37 53 61 60 19 24 15) (66 35) (80 90 92) (20) (25 52 84 44) (64) (67 13 79 49 28 3) (7) (41 59 95 5 33) (93 42 55 56 68 98 1 47) (27) (100) (87 75) (38 54 82) (78 50) (39) (10 8 85) (36 73 62 23 77 18 14) (76 4) (86 89) (34 48) 
38 (85 66 75 19 90 94 29 16 18 10 86 63 38) (37) (77 26) (32 27) (28 98) (14) (25 68) (34 2 49 72 99) (96 87 20 24 82 39 56 12) (43 89) (15 48 31) (23) (57 55) (88 65 97 3 79 100 6) (59 21 76 93 80 74 61 35 91 83 9) (73 84 60 44 54 17 95) (11) 
39 (66 2 20 92 81 65 54 24 37 59 19) (79 100 88 36 97) (61) (28 96) (57 75 7 98 94) (91 89 83 84 4 16 85 18 44 55 12 27 32 67) (52 77 8 23) (73 53 13 17 11 50 39 40 21 35 41 25 31 5 93 99 34 48 22 10) (30) 
40 (83 90) (82 9 21 4 73) (8 65 40) (70 3) (56 48 84 49 86 96) (29 37) (39 98) (14 95 63 35 64 41 47 32 68 62 11 97 38 1 94 10 44 43 2 91 74) (25 81) (75) (69 50 6 61 30 19 53 78 59 12) (89 92 22 51) (93) (100 13) 
41 (94) (5) (66) (57 13 70 75 38) (4 32 45 69 10) (20 51) (65 82 85 14) (1 49 56) (41 25) (19 6 79 15 67 100 53 44 3) (84 46 71 43 88 39 40) (96 78 61 68 12 73 81 47 74 33 90 16 36 37) (29 62 42 34 76 9 83 24 60 98 48 2 64 92) 
42 (33 5) (75 89 2 62) (85 52 24 23) (61) (13 77 1 43 17 73) (97) (68 69 7 11) (30 55 88 100) (16 95 45 99 51 74 65 46 8 90 49 71 94 26 42) (37 87 93) (60) (14 34) (19 39) (3) (12 28 57 22 76 84 98 44 25 27 50 64 4 6 92 63) (9 38 83) 
43 (94 16 23) (78 75 49 53 89 79) (21 32 11 1) (98 69) (40) (74 85 66 20 72 65 80 13 47 97 2 46) (83 34 76 10 38 6) (42 5 24 30 15 92 31) (39 73 61 33 3 55 28 59 25 26 9 41 82 96 86 63) (22 77 90 84 17) (44 100 51 68 29 36 71 91 93 67) (81) 
44 (69 77 60 61 38 7 65 44 90 36 48 27) (11 16 28 100 45 10 88 80 37) (64 86 56 14 55 8 54) (43 89) (72 70 20 84 68 50 18 46 47 2) (4 91 13 85) (42 98 23 22 96 25 74 32 51 12 9 79 83 41 31) (5 57 63 26) 
45 (73 10 8) (6) (18 15) (39) (83 1 43 68) (52 41) (74 48 24 36 56 29 66 95 37 9 2) (58 11 64 40 22) (51) (25 31) (65 12 5) (21 17) (32 94 26 76 98 3 47 50 59) (100 7 91 96 13 88 85) (61 27 69 99) (82) (79 84 75 92 93) (23 4 72) (42 19 86) (60 81) 
46 (51) (86 20 69 88 33 63 80 91 46 25 49 77 29) (93 54 41) (44) (22 83 79) (62 36) (74) (53 42) (6 4 18 52 66 73 78 96 11 7 32 85 16 89 81 82) (64 90 34) (40 56 45) (26 31 87) (58 37 17 57 28 39 94) (99 3 72 30 13 24 8 47 75 60 71 1 70 9 43) (19) (61) 
47 (38) (49 20) (70) (85 52) (82 41 96 17 3 5) (87 57 100 36 51 32 66 64) (59 80 71 24 72 61 42 56 55 89) (26 98 93) (35 86 30 62 31 12 2 44 63 54 6 4 95 60 90 10) (92 48 74 33 91 45 21 53 81 23 1 94 68 13 29) (40 46) (39 83 88 84) 
48 (2 50 55 20) (30 29 22 49 74) (40 36 38 48 81 35 86) (13) (47 84 93 88) (43 75 41 83 78 79 77) (17 59 92 72 96 6 71 44) (61 56 19) (34 37 100 15) (33 95 57 60) (39 58 52 87 62 70 73 7) (18 66 99 11 98 21) (3 67 97 25 51 5 27 82 23 69) 
49 (96 76 32 88 81 36 57 82 15) (39 91 27) (5 17 35) (54 22 89 65 20 69 83 78 25 67) (84 42 28 77) (46 30) (1 63 56 40) (2 47 6 51 61 45 86 74 3 97) (21 4 73 43 80 11) (31 93 59 75 33 13 8) 
50 (22 61 67 57) (62) (93 16 10) (59 83 89) (73) (68) (58) (50 3) (28 41 27 74 13 6) (79 64) (60 55 94) (65 54) (91) (29 36 21) (69 18 43 84) (80) (53 40) (99 35 47 4) (1) (70 8 90 51 86 88 14 15 75 38) (2) (49 9 52 92 11) (66 31 81 25 72 45 76) 
51 (54 24 8 94 70 84 18) (72) (93) (16 68 36) (74 88 52 59 25 7 2 34 100 89 13 10 57 39 90 17 73 66 43 40 99) (44 50) (79 22 56 11 76 47) (19 29 64) (23 86) (62 26 95 42 53 6 91 21 77 78) (32 45 37 28 83 97 61 81 80) (5 98 51 92) (82 27) (48 33) 
52 (52) (93 39) (8 17 2 16 34 51 26) (45 11 80 22 35 95 66 76 73 69 46) (28 53 65 40 82 54 70 88) (36 48 63) (23 15 32 30 77 10 25) (38 33 41) (99) (6 21 81) (18 64) (94) (50 59 61 85 71) (87 58 20 62 24 37 78 79 67) (44) (31 3 5 9) 
53 (8 30 89 27) (22 11) (72 45 74 99 15 17 41 1) (75 13 51 59 71) (67 49 85 76 46 55 43 4 48 28) (82) (23 64 50 69 3 81 61) (14 47) (18 86) (37 53 88 57) (91) (42) (63 56 31 80 6) (83 94) (73 25 68 33) (29 98 84) (2 66 44) (95 40 92) 
54 (60 23 47 9) (82) (95 94 96 35 99 81 69 43 18 29 20 93 71 33) (28 58) (74 97 91 78 77 100) (46 30 27 55 34) (56 41 44 80 65 63) (86 88 16 2) (5 6) (50 36) (61 76 67 38 15 42 89 45 51 57 49 7 92 70 59 73 75 26 52 83 48 31 22 13 40 66 72 25) (3 14 68) 
55 (59 6) (8 55 51 25 22) (46 61 93 63 42 72 71) (29) (88 45 27 60 75 89 31 2 18 100 32 44 79 67 10 85 40) (49 62 15 77 4 52 82 24) (86) (23 54) (9 95) (41 30 17) (81 57) (69 70) (94 58 14 99 43) (74 26 37 7 21 64 16 65 97 12) (87) 
56 (25 62) (82 38 64) (40) (18 77 44 71 90 32 2 91 14 36 23 24 99 70 16 59) (31) (67 98 46 60 78) (50 57 37) (94 93) (66 13 65 10 39 27 12 87 1 56 49 86 17 75 35 55 54) (89 3 26) (52 19 53) (11 76 42 41) (85 43 8 28 88 96 81) (95 79 5) (69) 
57 (21) (95 1 85 12 72 19 93 71 58 51) (54 88 77 39 46) (99) (76 33) (25 92) (55 15 32 84 73 62 61 87 38 28 6) (23 79 14 48 82 60 2) (27 64 74 43 34) (5 80 94 16 47 31 90 11 29 70 63 40) (17 36) (65 98 78 68) 
58 (61 2 31 40 9 74) (42 95 67 46 54 14 35 91 25 16) (15 79 5 57 51 55) (34) (98 50 77 71) (96 56) (99 83) (1 82 73 41 24 26 93 45 97 32 52 65 13 62 72 49) (59 70 78 69) (44 76 27) (90 37 8) (87 66 89 85 29 63 58) (80) (21 6 30 43) (10) 
59 (25 98 49 26 48) (56 54) (74 61) (58 90) (39 51 65 24) (55 46 30 72) (31 14 9 4 37 64 94) (6 87) (73) (83 99 70 63 33 41 47 28) (20 7 75 92) (35) (17 84 52 60 38) (78) (10 5 40 29 62 68 53) (42 27) (11 43 8 76 77 59) (57 32 19 89 13 22 86 16 21 97 50 34) 
60 (85 98 74 43 45 66 4 94 86 77 31 20 16 78) (39 41 37 33 71 57 42 15 81) (36 26) (82) (2 88) (99 21 30 62 23 56 61 24 27) (40 1 35 60) (28 7 34 79) (3) (67 55 75) (92 65 38 52 18) (10 96 68 12 64 59 70 32 19 48 6 95 46 69 72 14 91) (44) 
61 (54 84 92) (68 97 26 86 33) (100 62 51) (64 42) (75) (74 56 9 65 31 8 13 94 80 10) (52 50 95 96 25) (47) (91) (82 83 41 17 60 43 61 20 66 57 1) (19) (70 71 90) (22 79 6) (37) (7 30 27 5 44 23 76) (55 48 63 34 15 45 21 99 24 58 12) (67 85 36 88) (73 69 72 81) (77) 
62 (70) (4) (86 21 27 87 84) (24) (76 68 15 13 98 10 94) (6) (20 82 25 32 39) (77 40) (36 59 11 8 33 62 71) (34 60 93 42) (96 3 66) (17 61 92 5 19 31 63 1 22 51 83 26 52 67 14) (90 91) (45 37 12 47 43 44 79 28) (30 53) (2) (81 23 97) (56 38 65 89) 
63 (48) (12 26 7 87 69 10 92 79 6 54 36 61 50 64 58) (35 77 30 22) (29 80) (74) (83 89 44 98 46 28 55 65 91) (27) (72 19 15 53 81 43 5 47) (49 84 34 93 56 96) (17 42) (95 60 14 41 90 63 51 71 97 18 67) (33 94 62 66 20 1 39 68) 
64 (63 4) (98) (73) (23 44) (89) (74) (46) (71) (97 3) (24 43 42 33 56 30 85 95 55 27 70) (29 58 11 2 65 28 79 26 91) (18 67 25) (38 94 60) (53 47 41) (20 17) (62 31 36 83) (77 51 8 21 82 9 13 57 39 86 48 14 84) (50 88 61 78) (92) 
65 (26 21 32) (60 20 90 31 51 43 19 12) (13 36 69 68) (30) (47 61 66) (55 2 81) (7 6 9 25 89 39 75 41) (17 97) (95 100 14 76) (96) (74 3 92) (62 78 34) (83 16) (53) (57 18 84 98 46 48 4 44 54) (37 70) (29 87) (28 22) (77 65 82 5) (27 73) (45) (93 23) 
66 (82 69 87 60 14 48 28 39 52 42 36 79 57 81 5 3 30 21) (97 16) (72 46 61 20 74 67 51 38 44 62 18 17 70 53) (8 13 10 40 95 56) (63 73 22 23) (92) (37 88) (55) (26 15 41 19 83 84 98 4 59 71 1) (27) (31 24 9 91 100 80 25) 
67 (38 59 69 4 16) (85) (32) (1 60 6 98 18 86 31 35 24) (19 77 63 17 82 56 52 57) (75) (30 72 66 33 2 23 58 70 92 3 81) (71 51 53 50 12) (25 26) (87 100 7 68 46 28 67 47) (54 11 74 73 76) (14 95 44 48 64 9 55 99 29) (34) (97 21 79) 
68 (6 19 51 97) (95 9) (16 70 85 68 11 81) (8) (62 48 50 88 60 98 58 72 52 25 76 71 75 31 27 46) (24 14) (41 12 100 99 63 92 94 73 22 35) (43) (78 21 15 66 36 96 82) (59 45 64) (32 69 28) (55 84 67 91) (44 79 80 33 5 53 29 74 20 38) (7 56) (65 26) (87 54 37) (2 57) 
69 (43 74 100) (58 6 93 19 10 36 38 40 64 62) (99 28 48 67 18 56 4 53 44 70 20 89 76) (33 54 82 45) (97 57 9 61 55) (78 90 59) (11 75 31 12 39 8 66 60 27 79 21 14) (17 71 37 68 52 96 83) (30 23 25 80 29) (32 69 13 94 85) 
70 (83) (6 47 34 66 33 75) (31 64 9 3 81 65 13) (46 85) (57 76 18 10 37 41) (53 90 68 36 74 94) (59 11 30 20 45 95 63 49 98 70 67 32 38 73 24 61 28) (27 62) (79 23 60 19 21 52 14 25) (7) (26) (50 97) (5 15 22) (58) (84 2 92 80 8 69) (4) (16 44 72 96) (78) 
71 (100) (84 70 68 31 76 75 16 36 34 74) (5) (55) (69) (99 41 4 45 85 87 77 20 42 46 14 89 95) (65 25) (39) (97 38 37 71 19 40 23 86 72 53) (15 80 67 26 11 91 62 58 2 47 10 1 96 22 18) (12) (79 59) (27 49 63) (73 32 92 48 30 50) (24 51 60) (8 52 7 28 66 54 88 82) 
72 (69) (71) (90 3 67 27 62 21 53 46) (66 30 16 50) (73 58) (14 78 23 8 52) (10) (4 64 59 20 79 13) (92 83) (93 15 84 86 22 38 39 55 87 61 1 34) (32 57 44) (100) (36 5 91) (95 40 99) (47 6 74 96 12 98 80 51) (72 26 81 48 97) 
73 (60) (37 96 97 39 12 90 84 17 72) (82 29 10 59 73 30 75 98 93 55 13) (79 52 66 64 35 43 100 54) (41 51 67) (33 2 83 20) (91 27 68 34) (46 80 92 1) (42 18) (11) (4 16) (9) (56 81 87 36 19 38 31 3 50) (48 5 45 77 61 24 14 94 6 53 58 28) (8 99) (65) 
74 (86 91 42 21 66 11 50 77 80 84 5) (35 72) (58 13 33 69 92 2 57 15 78 79 25 67 19 100 65 32 98 74) (59 34 41 71 31 23 94 37 61 46 18 36 82) (16 88 30 6 29 44) (43 55 22 9 75 4 81 39 90 8 40 97) (10 64 20 12) (70) (68) 
75 (67 20 72 81 36 64 27 42 22 48 26 13) (18 59) (92 21 97 69 41 99 19 56 37 2 17) (75 86 71 30 39) (73 35 47) (32 53) (33 87) (24 38 95 83) (79 45 65 34 16 55) (77 46 82 5 3 100) (11 6 57 66) (60 15 23 9 31) (74 89 78 84 90 70 62 25 68) 
76 (92 23 9 55 61) (8 72) (14 75 62 51 56) (40 85 44 46 82 31 90 87 98 49 68 35 36 64) (95 24 54 3 19 1 37 10 57) (16 34 67 83) (99) (65 28) (79 53) (76 66 17 69 18) (80 15 59 63 73 38 93 96 39 30 94 22 97 81 78) (12 20 89 100 2) (52 58 25 11 60 71 70) 
77 (33 16 13 26) (52 75 28 73 43 47 19 36 98 3 46 48 14 76 49 5) (70 54 32 90 67 77 7) (55 65 12) (95 100 31 89 60 21 56) (71 40 11 10 97 84) (93 23) (64) (63 78 68) (58 35 18 9 92 99 17 53 24 15) (34) (66) (91) (41 81) (69 85) (79 86) (82) (8 1) 
78 (88 15 62 99) (10 50 6 1 59 65 11) (26 72 70 16 48 20 100 35 68 29 53) (3 51) (90) (83 5) (93 60 47) (69) (24 91 71) (86 92) (17 98 78 52 80 76 44 67) (55) (39) (25 64) (74 40 23 13 82 34 85 18 81 22 95) (37 33 32 14 21 12 27) (9) (38 84 8 28 30) 
79 (21 33 18 79 80 49 22 23 6) (58 20 57) (40 17 15 36 39 32 12 73 91 61 81) (30) (54 100 29 77 55) (46 50 99 51 43 1 64) (74 27 24 93 38 13 56 52 9 89 41 86 31 60 59 45 85 92 84 69 11 63 28 42 70 5 3 34 26 62 83 88 67 47 53) 
80 (79 72 46 67 5 88 70 65 63 8 71 9 74 73 43 95 54 76) (1 50 47 21 64 99 16 81 14 38) (60) (69 83) (51 39 56 37) (7 20 75 17) (92 15 44) (57 98 33 12) (77 29 19 55 18 82) (40 35 84 34) (24 61 89 97 25 52 30 91) (32 85 13 41 86 42 100 3 45) (78) 
81 (80 39) (8 28) (81) (23 43 75 68) (55 98 56 60 37) (7 79 18 19) (20 40 53) (1 29) (85 87) (62 52) (24 45 54 22 77) (42) (66 59 71) (69 78 49 51 92 94 57 26 34 3 50 5 6 88 36) (99 10 58 31 32 44) (72 67) (21 48 25) (17 16 89 47 86) 
82 (33 16 86) (65 29 15 8 25 74) (62 85 36) (37 40 1 26 82 84 12 9 23 6 20 94) (32 18) (81 30 52 57 83 68 66 89 77 31) (60) (91 44 5) (55 96 50 38 56 3) (39 7 76) (75 72 64 99 61) (2 49 67 13 71 51 97 21 95 28) (58 88) 
83 (45 6 61) (43 52 63 72 26 18 78 85 86 1 7 67 38 2 74 16 68) (44 29 42 39 70 84 5 9 60 31 13 71) (21) (4 22 92 30 62 15 90) (20 83 3 88 47) (73 40 32 49 37) (66 11 65 55 58 75) (25 41 99 59 10 36 57) (35 93 8 79) 
84 (69 33) (79 39 88) (53 40 25 17 72 74 13) (81 7) (8 18 32) (26 75) (47) (23 61 82 4 60 1) (93 64) (92 38 99 37 19) (16) (87 56 89) (21 35 55 27 62 28 30 51 3 66 5 57 14 42 2 65 86 94 85) (44 50 15 41 100 29 9 63 52 11) (70 78 20) 
85 (71 24 86 99 2 43 18 50 49 4 10 76) (89 55 22 48 77) (17 28 57 35) (53 66 75 79 27 44) (74) (72 94 92 51 59 80 82 41 36 40 46 52 9 8 30 54 14) (95 70 7) (83 12 90 91 93 60 58) (47 81) (45 38 84 5) 
86 (74 58 3 39 8) (77 80 72) (73 24 98 20) (16 6 23 13 68 21 47 30 12 33 50 69 10 66 67 62 19 36 28 45) (76) (84 83 87 37 54 88 82 94) (100 78) (26) (57 81 86 32) (38 17 90 7) (15 61 92 9 52 4 65 91 41 34) (22) (56 53 48) (29 14) (40) (31) (63 60 75 85 51 71 99) 
87 (14 19 2 36) (3 18 99 65 71 35 70) (30 97 12 67 74) (47 38 69) (73 45 16) (24 7 54 87 6 41 90 43 25 58 20 34) (46 5 51 77 33 80 15 72 23 85 10 32 39 83 31) (48) (93) (64 37 66 79 75 98 60 9 100 50 11 27 28 52) 
88 (68) (66 87 6 95 8) (10 1) (94 45 60) (61) (48 34 40 29) (63 71 88 36 30 81 17 93 20 64 85) (55 97 65 53 92 26 13 28 39 24 38 11 56 51) (90 72) (3 67 50) (9) (62 74 19 96 37 52 21 35) (25 83) (44 15 58 79 89 100 78 91 70) 
89 (72 99 9 22 23 20 98 69 78 12 26 41 60) (91 44 84 51 75 48) (79 32 14 30) (90 49 73 19 89 31 18 53 96 57 4 54 59 2 62 66 6 37) (15 21 85 33 83) (24) (1 36 47 71 70 92) (87 5 43 58 38) (64 80 63 28 52 40) 
90 (82) (79 68 44) (96 74 20 56 24 59 98 38 16 93 11 100 67 97 3 22 80 75 21 76 70 43 66 31 95 53 51 48 2 15 58 1 41 26) (88) (73 42 86 27 17 23 4 40 6 10 7 45 71 9 18) (81 14 33 8 30 84 87 47) (60 13 54 89 69) 
91 (19 43 56 89) (42 75 88 91 53 63 9 73 57 45 97 69 22 34 5 32 72 31) (81 11 70 65 48 67 78 76 49 6 60) (83 14) (38 23) (59 98 93 18 28 87 36 80 96) (47 39 12) (44) (15 41 71 99 77 66 52) (29 30 74 21 35 50 16 94) 
92 (90 56) (42 89) (68 96 35 66 5) (95 27) (22 2 19 21 11) (16 74) (61 53) (83 24 45 86 62 88 17) (67 71 92) (60 3 76 14 44 47 64 55 70 69 46) (36 23) (6 79) (52 87 63) (72 41) (30 32) (75 39 13 100) (50 78) (1 9 80 58 34 37 94 59 40 15 29 77) (38 54 51 10 25 43 98) 
93 (45 43) (16 1) (95 67 40 23 59) (97 63 99 33 46 38 49 8 26) (98 18 78 32 10 4) (5) (14 27 82 28) (71 25 47) (42) (79) (29 64 30 44) (17) (52) (70 90) (13 73 88) (91 57 66 19 93 68 69 2) (51 22 60 87) (86 50) (85 9 39 76 56 34 6 12 65) (7) 
94 (26) (73 65 53 71 34 27 16 84 68 3 12 62) (2 72 81 80 82 61 36 1 49 69) (40 58 44 31 89 23 76 17 38) (19) (6 55 45 46 83 30 39 28 43 86 11) (20 32 22 100 94 13 92) (9 96 52 91 51 74 63) (47 54 77 97 56 5 57 67) (78 90) 
95 (86 73) (5 16 66) (53) (69 63 29) (75 35 58 38) (30 42 41) (88 34 20) (44) (70) (72 89 48) (40 61 36 31) (39) (25 24) (83) (65 57 79 87 27 84 10 92) (19 80 82 67 50 45) (8 2 13 4) (77) (99 60 59 78 55 71) (91 33 94 26) (98 6 74 37 56 7) (100) 
96 (47 33 93 21) (32) (79 35 74 91 96) (5 14) (60 17 66) (40 64 38) (20) (13 24 2 34 3 86 28 77) (58 72 46 55) (73 98 59) (37 68 51 87 42 84 29 43 81) (63 16 50 67 83 31) (62 10 53 57) (71) (54) (100) (97 6 88 11 44 19 45 70) 
97 (11 39 27) (20 13 44) (68 40 23 63) (9 35) (18 60 66) (51 84 69) (45 97 92) (5) (83 58 2) (32) (88 7) (95 8) (59 50) (53) (99 89 33 28 79 80 30 25 78 57 87 73) (16 61 52) (43) (36 90) (4 86) (10 91 93 81 12) (49) (82 31 19 54) (100 38 15 3 34 26 67 29) (17 94 24 47) (37 96) 
98 (44 91 66 75 90 60 45 56 87) (95 25 81 3) (77 89 47 96) (36 4 46 32 76) (12 93 71) (53 64 80) (49 94 27 57 13 74 61 84 98 9 8 21 18) (92 39 43) (79 70 30 59 5 85 54 86) (50 51) (31) (26 20 41 99 69 88 24) (58 82 37 52 62 1 2 83 14 33 35 63 55) 
99 (94) (95 78 55 1 83 86) (14 24 11 80 5 6 33 63 16 25 56 66) (48 84 37) (28 90 61 81) (45) (36 64 8 34) (23 91 7 40 96 32 41 9) (98 92 13 97 18) (87 31 46 19 88 47 10 3) (71 50 53 35 85 2 62 100 76 49) (57 60) (58 4) (77 68) 
100 (4 56) (26 55 43) (90 54 19) (14 65 74) (67 39) (64 96 21 36 71 40 17 32 31) (30 69) (33 57 61 7) (81) (41 8 16 28 82 49 9) (53 88) (50 37 77 98) (12 80 13 99 68 44 2 70 79) (75 5 52) (24 48) (73 25 6) (1) (10 29 86 34 15 84 35 27) 
1 (40) (94) (60) (99) (2) (89) (63) (77) (9) (56) (31) (78) (8) (20) (57) (73) (41) (26) (11 3) (62 24 15) (72 42 46 43 28 80 23) (4 32 84) (82 66 22 19 53 58 98) (30 14 33 49 18) (47) (61 83 36) (37 50 76 71 100 88 35) (27 34 29 7 90 93 92) (25 45 79 81) (67) 
2 (95) (49) (38) (62) (50) (73) (33) (54) (64) (42) (8) (71) (35) (2) (93) (68) (19) (76) (74) (56) (36) (48) (55) (12) (23) (70) (84) (57) (100) (87) (17 30) (75 89 60 98) (94 82 51 20 65 24 92 53 39 43 90 85 11 99) (27 45) (18 3) (67) (40 83 44) (47 32 29 52) (16 9) (97 34 25 96 41 58 14) 
3 (87) (21) (98) (26) (70) (81) (83) (31) (41) (11) (75) (5) (64) (29) (34) (76) (96) (82) (9) (48) (86) (23) (60) (38) (40) (19) (52) (36) (12) (6) (27) (18) (73) (49) (28) (97) (65) (94) (25) (72 62 88 56 79) (78 99 17 42 22 77 35 46 54 2 30) (90 1 80 45 50 37 47 66 43 67 13 53 92 84) 
4 (93) (49) (31) (89) (23) (26) (34) (74) (59) (29) (3) (4) (11) (24) (30) (22) (86) (12) (98) (42) (90) (69) (60) (72) (39) (70) (66) (9) (84) (45) (15) (46) (19) (64) (18) (10) (2) (100) (37) (1) (6) (14 99 73 85 95 28 97 50 47 83 20) (33) (65 62 36 13 67 53 8) (44 16 41 55 40 7 71) 
5 (94) (23) (70) (66) (74) (48) (100) (63) (49) (65) (29) (37) (30) (7) (83) (32) (81) (91) (82) (68) (31) (14) (43) (45) (87) (79) (36) (96) (21) (33) (71) (57) (58) (89) (59) (85) (56) (97) (6) (1) (99) (47) (62) (52) (22 51 73 95 44 42 13 2) (15) (39 54 78) (75 93) (61 41 84 80 92 11 77 4 8 72 28 19 98) 
6 (86) (10) (47) (93) (31) (92) (91) (60) (69) (20) (41) (19) (79) (11) (72) (50) (45) (63) (75) (94) (70) (34) (99) (68) (55) (5) (29) (46) (15) (78) (89) (43) (61) (51) (52) (58) (53) (40) (48) (6) (13) (27) (57) (88) (90) (62) (49) (35) (42 18 81 21 37 38 74 22) (87 67 54 100 9) (14) (25 65) (17 59 33) (73 96 83) (95 82 2) 
7 (25) (1) (87) (71) (44) (63) (65) (28) (61) (99) (37) (70) (32) (81) (4) (42) (24) (36) (67) (16) (17) (93) (51) (6) (48) (39) (83) (86) (80) (2) (85) (3) (9) (10) (97) (14) (68) (19) (54) (27) (60) (30) (82) (22) (11) (77) (95) (100) (34) (46) (45) (33) (59) (84) (55 12 7 15 21 5 90 18) 
8 (46) (24) (5) (68) (77) (73) (6) (15) (84) (83) (56) (18) (8) (72) (31) (7) (52) (85) (21) (1) (45) (93) (29) (51) (59) (71) (95) (14) (2) (53) (66) (99) (44) (34) (35) (82) (26) (97) (50) (70) (76) (61) (58) (40) (9) (74) (98) (42) (62) (27) (20) (49) (4) (36) (64 28) (13 90) (69) (55 100 78 37 10) (86) (80 88 12) (39 16 81) 
9 (33) (25) (78) (83) (7) (90) (77) (11) (74) (100) (98) (27) (94) (92) (12) (80) (13) (34) (23) (17) (65) (35) (36) (70) (73) (42) (93) (37) (30) (55) (68) (3) (58) (88) (16) (79) (38) (50) (69) (45) (66) (43) (85) (76) (40) (86) (75) (97) (64) (20) (61) (31) (46) (82) (99) (59) (10) (87) (52) (5) (26 32 41 91 44 89) (4 15 21) (9 84 67 54) 
10 (7) (12) (69) (25) (41) (93) (83) (20) (35) (99) (38) (1) (61) (60) (62) (74) (3) (11) (97) (22) (77) (50) (13) (39) (85) (37) (4) (14) (70) (59) (71) (87) (81) (58) (32) (55) (90) (28) (30) (18) (24) (66) (47) (86) (52) (56) (45) (100) (6) (10) (73) (51) (21) (36) (63) (96) (92) (2) (43) (8) (95) (72) (44 78) (40 88) (76 29) 
11 (19) (88) (38) (39) (51) (78) (29) (76) (84) (36) (57) (75) (59) (14) (83) (20) (16) (77) (18) (50) (87) (13) (23) (48) (11) (4) (1) (71) (3) (53) (17) (99) (56) (67) (5) (40) (42) (79) (97) (43) (33) (62) (90) (74) (49) (24) (70) (73) (35) (94) (32) (27) (64) (69) (52) (30) (26) (68) (96) (7) (15) (92) (9) (91) (25) (45 46 8 10 44) 
12 (71) (7) (40) (100) (80) (33) (72) (61) (65) (13) (94) (86) (85) (29) (17) (36) (28) (5) (2) (11) (47) (12) (31) (38) (34) (41) (76) (82) (22) (74) (9) (35) (60) (63) (6) (78) (45) (98) (55) (87) (91) (42) (69) (73) (21) (20) (57) (97) (25) (93) (89) (14) (79) (67) (77) (23) (39) (56) (27) (18) (68) (44) (62) 
13 (70) (32) (72) (79) (75) (90) (24) (83) (53) (95) (94) (69) (29) (59) (6) (26) (82) (45) (54) (40) (27) (80) (4) (96) (50) (62) (100) (48) (30) (31) (10) (88) (22) (5) (18) (19) (74) (25) (78) (73) (58) (99) (28) (92) (20) (98) (93) (12) (44) (3) (47) (37) (15) (33) (8) (42) (39) (11) (43) (23) (46) (97) (61) (17) (7) (84 86 77 49) (13) (51 35 56 66) (64 65 41) 
14 (26) (44) (73) (18) (17) (5) (89) (86) (55) (93) (9) (54) (85) (4) (32) (80) (34) (3) (68) (87) (57) (53) (29) (21) (65) (59) (76) (31) (35) (67) (1) (42) (71) (41) (64) (84) (12) (72) (62) (58) (40) (8) (92) (96) (70) (56) (60) (99) (20) (11) (38) (6) (100) (50) (23) (66) (98) (90) (36) (37) (69) (13) (77) (78) (91) (19) (63) 
15 (19) (100) (10) (87) (52) (33) (66) (16) (77) (8) (80) (84) (24) (55) (76) (41) (90) (57) (34) (88) (91) (92) (14) (20) (48) (78) (83) (74) (13) (61) (71) (1) (30) (45) (72) (62) (60) (26) (50) (75) (23) (37) (11) (21) (58) (6) (49) (82) (3) (68) (79) (54) (9) (4) (97) (43) (89) (53) (35) (28) (38) (17) (70) (63) (86) 
16 (52) (13) (34) (95) (77) (76) (81) (9) (16) (74) (55) (80) (38) (41) (59) (97) (56) (5) (83) (12) (25) (43) (93) (19) (100) (30) (96) (70) (90) (82) (21) (1) (46) (73) (86) (84) (54) (58) (36) (26) (10) (11) (6) (87) (66) (39) (4) (28) (60) (99) (32) (50) (68) (91) (65) (92) (71) (15) (72) (23) (67) (57) (20) (29) (51) (75) (78) (42) (33 94 24 44) 
17 (24) (90) (56) (78) (63) (81) (97) (9) (4) (93) (73) (42) (61) (15) (20) (57) (25) (3) (13) (31) (34) (77) (47) (11) (32) (52) (62) (37) (35) (53) (14) (88) (17) (69) (65) (38) (94) (10) (12) (66) (48) (51) (1) (85) (21) (18) (67) (45) (76) (96) (39) (92) (8) (49) (84) (29) (75) (86) (64) (26) (79) (55) (27) (30) (5) (43) (100) (28) (59 7) (16 80 46) 
18 (13) (90) (27) (53) (28) (60) (52) (66) (29) (23) (22) (44) (91) (70) (65) (37) (55) (93) (31) (15) (3) (39) (38) (74) (19) (24) (35) (75) (77) (78) (56) (9) (20) (71) (87) (26) (51) (54) (82) (32) (69) (63) (64) (4) (80) (12) (84) (50) (11) (48) (73) (16) (67) (8) (1) (14) (89) (25) (46) (18) (97) (99) (10) (98) (83) (45) (85) (79) (81) (21) (76) 
19 (46) (75) (70) (99) (57) (92) (16) (40) (45) (71) (36) (29) (91) (28) (60) (22) (12) (42) (69) (86) (73) (84) (66) (48) (89) (41) (31) (88) (3) (87) (56) (65) (6) (77) (2) (74) (32) (81) (20) (26) (37) (9) (30) (97) (15) (93) (94) (61) (80) (39) (38) (76) (68) (23) (62) (100) (67) (10) (7) (8) (51) (24) (59) (17) (14) (96) (63) (95) 
20 (68) (61) (37) (52) (86) (65) (80) (73) (72) (41) (54) (59) (48) (64) (31) (34) (12) (96) (39) (89) (87) (29) (79) (11) (47) (14) (6) (33) (60) (35) (88) (4) (76) (21) (17) (84) (75) (63) (18) (97) (71) (82) (66) (81) (20) (62) (69) (90) (2) (70) (74) (78) (15) (38) (9) (95) (16) (25) (8) (46) (49) (98) (44) (94) (83) (26) (43) (1) 
21 (78) (75) (60) (32) (6) (50) (9) (62) (29) (14) (67) (31) (64) (69) (52) (92) (77) (61) (98) (45) (86) (24) (91) (84) (12) (65) (72) (21) (16) (66) (5) (34) (58) (39) (59) (2) (11) (43) (30) (90) (89) (55) (68) (17) (82) (48) (100) (4) (80) (23) (26) (96) (38) (47) (81) (51) (83) (74) (57) (88) (27) (49) (33) (40) (79) (70) (18) (25) 
22 (35) (76) (50) (43) (75) (59) (48) (51) (30) (65) (54) (94) (81) (85) (28) (22) (92) (79) (66) (18) (53) (40) (2) (83) (34) (16) (89) (24) (17) (74) (62) (46) (13) (25) (1) (70) (68) (42) (55) (29) (31) (44) (86) (52) (5) (32) (4) (45) (23) (78) (90) (71) (91) (39) (19) (27) (20) (11) (63) (93) (49) (72) (61) (26) (10) 
23 (52) (47) (44) (6) (17) (31) (14) (38) (19) (53) (13) (54) (55) (37) (97) (92) (16) (34) (45) (66) (69) (32) (24) (56) (86) (67) (94) (2) (89) (57) (18) (11) (35) (36) (84) (61) (65) (76) (91) (8) (82) (51) (60) (99) (33) (79) (22) (72) (75) (4) (74) (71) (42) (93) (77) (81) (62) (43) (9) (70) (87) (48) (30) (64) (20) (12) (39) (1) (29) (78) (15 90) 
24 (28) (8) (18) (32) (78) (58) (76) (66) (41) (14) (42) (62) (77) (37) (17) (79) (95) (4) (89) (34) (87) (97) (9) (12) (64) (80) (52) (25) (81) (100) (6) (67) (99) (75) (3) (35) (73) (45) (21) (23) (98) (60) (61) (15) (68) (92) (90) (85) (2) (43) (46) (38) (19) (55) (47) (11) (5) (96) (88) (71) (39) (51) (86) (70) (7) (29) (56) (16) (13) (33) (59) (1) 
25 (70) (58) (39) (92) (30) (69) (1) (28) (25) (48) (37) (46) (57) (31) (83) (40) (56) (75) (53) (7) (18) (19) (99) (38) (52) (22) (78) (71) (74) (59) (81) (84) (98) (10) (29) (43) (44) (14) (49) (93) (68) (100) (54) (51) (4) (55) (88) (27) (16) (15) (50) (3) (5) (11) (76) (62) (95) (61) (26) (65) (33) (66) (80) (64) (41) (9) (42) (17) (45) (97) (32) (87 67 82) 
26 (13) (58) (30) (95) (2) (88) (45) (33) (94) (8) (24) (62) (36) (11) (71) (31) (14) (51) (81) (100) (42) (55) (77) (66) (10) (89) (16) (93) (84) (35) (90) (64) (46) (82) (4) (47) (18) (67) (26) (6) (34) (52) (72) (98) (37) (60) (38) (43) (83) (86) (19) (65) (44) (61) (63) (79) (56) (75) (25) (97) (17) (59) (28) (70) (54) (1) (68) (78) 
27 (15) (60) (18) (8) (79) (42) (100) (95) (17) (65) (78) (72) (58) (3) (71) (44) (92) (62) (53) (25) (93) (12) (6) (48) (61) (87) (36) (27) (31) (90) (37) (85) (84) (4) (68) (21) (75) (63) (34) (50) (30) (13) (51) (59) (11) (54) (64) (33) (97) (66) (39) (73) (35) (19) (70) (57) (38) (55) (7) (56) (69) (98) (14) (49) (28) (45) (94) 
28 (6) (49) (15) (7) (64) (86) (89) (81) (79) (24) (63) (20) (36) (73) (33) (38) (35) (97) (5) (77) (42) (87) (30) (43) (39) (99) (71) (44) (66) (26) (100) (82) (46) (57) (94) (67) (31) (12) (96) (54) (68) (85) (22) (52) (11) (28) (76) (4) (17) (69) (65) (19) (62) (56) (9) (1) (37) (8) (88) (78) (2) (16) (70) (3) (18) (93) (53) (50) (25) (91) (60) (84 59) (51) 
29 (1) (23) (57) (19) (96) (10) (13) (54) (9) (80) (79) (2) (16) (97) (84) (32) (100) (43) (83) (65) (4) (74) (73) (17) (5) (78) (15) (92) (93) (48) (63) (47) (81) (50) (59) (45) (64) (46) (53) (55) (91) (88) (34) (35) (26) (69) (41) (8) (68) (86) (18) (51) (33) (27) (38) (58) (14) (30) (82) (67) (37) (31) (6) (36) (7) (95) (25) (40) 
30 (10) (61) (76) (79) (87) (60) (91) (83) (47) (32) (49) (23) (19) (34) (58) (52) (71) (69) (16) (98) (75) (59) (73) (86) (100) (13) (24) (25) (95) (55) (42) (5) (64) (93) (22) (72) (48) (78) (40) (74) (65) (82) (90) (85) (15) (43) (28) (20) (30) (80) (3) (39) (36) (7) (6) (21) (63) (70) (46) (89) (53) (1) (88) (67) (84) (54) (17) (29) (26) (9) (8) (97) (66 94 92 31 62) 
31 (56) (76) (95) (1) (74) (35) (8) (96) (57) (90) (83) (100) (44) (26) (4) (32) (70) (87) (7) (73) (45) (60) (64) (15) (67) (98) (43) (89) (47) (82) (58) (65) (91) (97) (79) (16) (99) (55) (62) (71) (66) (20) (46) (30) (49) (10) (54) (24) (61) (53) (39) (38) (75) (59) (36) (18) (94) (81) (17) (52) (86) (50) (23) (6) (12) (31) (69) (5) (21) (19) (68) (28) (11 77 25) 
32 (57) (89) (71) (40) (7) (56) (74) (75) (20) (81) (82) (34) (78) (68) (62) (46) (18) (41) (43) (1) (47) (22) (44) (59) (80) (91) (17) (26) (12) (92) (45) (67) (100) (86) (70) (14) (25) (69) (33) (38) (39) (96) (84) (94) (99) (13) (29) (58) (31) (55) (72) (77) (98) (97) (49) (24) (5) (83) (52) (51) (65) (79) (93) (87) (35) (21) (60) 
33 (74) (51) (82) (20) (16) (61) (99) (18) (57) (29) (70) (31) (97) (25) (24) (21) (73) (27) (30) (12) (95) (69) (2) (11) (48) (49) (98) (22) (43) (80) (62) (9) (35) (47) (15) (64) (100) (77) (46) (75) (33) (87) (28) (8) (41) (86) (23) (68) (89) (14) (78) (53) (60) (19) (52) (17) (96) (5) (37) (93) (84) (10) (63) (54) (67) (59) (90) (42) (26) (79) 
34 (16) (75) (97) (92) (87) (29) (52) (76) (21) (80) (33) (42) (95) (86) (28) (59) (48) (20) (4) (96) (93) (72) (10) (13) (63) (37) (30) (54) (51) (36) (46) (74) (79) (78) (81) (34) (71) (39) (70) (100) (67) (77) (19) (88) (58) (6) (57) (94) (91) (12) (73) (3) (62) (22) (11) (17) (7) (38) (41) (61) (60) (27) (25) (99) (43) (32) (23) (18) (1) (35) (65) 
35 (60) (34) (77) (95) (54) (14) (87) (30) (74) (84) (24) (40) (50) (39) (68) (63) (5) (99) (98) (33) (78) (9) (6) (38) (19) (26) (96) (15) (7) (67) (75) (4) (100) (21) (8) (92) (17) (10) (85) (32) (58) (37) (1) (35) (36) (59) (27) (52) (73) (49) (48) (47) (20) (76) (22) (3) (11) (83) (88) (91) (97) (28) (56) (2) (80) 
36 (86) (91) (94) (18) (39) (87) (64) (11) (62) (41) (75) (48) (49) (69) (33) (71) (14) (36) (31) (100) (76) (7) (45) (89) (12) (47) (9) (57) (74) (23) (88) (4) (37) (16) (5) (83) (79) (46) (92) (65) (15) (52) (82) (21) (97) (6) (81) (1) (10) (51) (50) (77) (60) (8) (17) (34) (22) (61) (72) (24) (95) (85) (70) (56) (98) (27) (43) (19) (44) (99) (63) (73) (66) (2 3 68 54) 
37 (45) (70) (92) (59) (2) (33) (73) (27) (65) (42) (29) (5) (18) (40) (4) (95) (86) (16) (89) (76) (51) (11) (80) (55) (61) (25) (75) (20) (46) (8) (21) (60) (78) (68) (17) (58) (96) (88) (41) (52) (84) (19) (83) (100) (31) (32) (6) (71) (28) (22) (35) (1) (81) (56) (36) (37) (39) (10) (99) (69) (82) (97) (44) (34) (66) (48) (98) (26) (53) (87) (38) (13) (62) (14 74 7) 
38 (40) (85) (48) (83) (78) (15) (3) (38) (94) (88) (60) (25) (56) (92) (19) (28) (17) (93) (44) (86) (75) (73) (43) (1) (52) (37) (57) (16) (90) (11) (71) (26) (87) (13) (47) (68) (50) (18) (66) (9) (24) (31) (23) (79) (91) (82) (62) (76) (89) (30) (4) (64) (84) (69) (72) (8) (59) (80) (70) (96) (67) (97) (54) (6) (33) (7) (32) (21) (95) (42) (41) 
39 (69) (76) (93) (45) (11) (79) (41) (95) (32) (38) (21) (9) (3) (87) (42) (64) (43) (20) (25) (60) (73) (51) (78) (94) (83) (71) (27) (12) (39) (48) (49) (84) (35) (26) (92) (86) (28) (33) (14) (66) (62) (91) (88) (81) (75) (15) (46) (80) (98) (18) (72) (63) (24) (13) (17) (52) (74) (22) (82) (19) (97) (59) (34) (57) (37) (47) (56) (1) (40) (65) (31) (100) (4) 
40 (60) (26) (54) (58) (15) (88) (33) (69) (47) (17) (79) (25) (29) (46) (76) (8) (95) (78) (1) (52) (43) (66) (20) (94) (36) (71) (39) (18) (22) (89) (74) (55) (49) (77) (90) (57) (56) (12) (4) (34) (83) (5) (59) (10) (81) (99) (93) (45) (21) (97) (40) (27) (62) (72) (41) (24) (7) (48) (19) (50) (84) (80) (92) (51) (96) (6) (86) (100) (53) (3) (85) (82) 
41 (47) (92) (64) (53) (33) (44) (59) (34) (41) (87) (65) (99) (10) (13) (84) (55) (98) (21) (56) (54) (63) (8) (15) (24) (86) (52) (48) (40) (6) (80) (26) (95) (29) (22) (89) (25) (28) (46) (30) (60) (61) (43) (9) (23) (90) (36) (37) (20) (79) (2) (39) (83) (11) (77) (68) (7) (100) (73) (74) (5) (12) (27) (50) (17) (75) (58) (18) (91) (45) (70) (66) (85) (71) 
42 (46) (15) (56) (30) (3) (58) (21) (59) (37) (61) (80) (81) (41) (71) (93) (44) (74) (11) (6) (16) (42) (13) (63) (45) (47) (22) (51) (79) (84) (33) (64) (29) (32) (10) (73) (96) (75) (17) (60) (54) (5) (90) (23) (31) (92) (91) (95) (83) (49) (12) (9) (66) (62) (55) (53) (18) (7) (43) (27) (1) 
43 (94) (89) (25) (85) (36) (38) (91) (77) (20) (92) (68) (1) (22) (100) (21) (48) (74) (28) (27) (96) (80) (87) (83) (49) (19) (41) (31) (33) (60) (15) (69) (51) (81) (30) (29) (56) (58) (45) (40) (10) (79) (6) (42) (90) (55) (64) (59) (17) (97) (57) (61) (50) (98) (26) (62) (14) (93) (8) (44) (13) (53) (65) (46) (12) (4) (2) (73) (54) (63) (24) 
44 (1) (37) (8) (17) (9) (65) (33) (66) (91) (62) (78) (35) (47) (76) (53) (39) (18) (19) (22) (68) (48) (72) (95) (97) (93) (23) (24) (31) (85) (13) (51) (21) (12) (16) (7) (42) (88) (46) (4) (84) (36) (83) (69) (6) (56) (63) (81) (89) (34) (80) (41) (38) (92) (44) (61) (28) (58) (55) (98) (94) (60) (70) (40) (25) (74) (2) (90) (96) (52) (43) (54) (67) (100) (82 29 10 64) 
45 (42) (44) (35) (24) (3) (46) (28) (68) (53) (80) (95) (99) (83) (10) (71) (96) (5) (17) (62) (90) (6) (88) (19) (41) (92) (25) (94) (75) (36) (61) (97) (12) (23) (51) (60) (29) (52) (47) (86) (54) (22) (87) (85) (15) (11) (37) (73) (98) (55) (7) (81) (93) (50) (69) (4) (8) (91) (27) (1) (70) (18) (79) (58) (49) (33) (65) (14) (2) (20) 
46 (67) (3) (8) (70) (52) (33) (64) (57) (46) (6) (73) (63) (47) (17) (28) (35) (5) (53) (20) (94) (75) (92) (85) (58) (79) (76) (32) (43) (27) (59) (87) (56) (31) (93) (68) (42) (77) (16) (72) (41) (60) (66) (80) (49) (44) (29) (19) (74) (15) (65) (54) (71) (99) (96) (21) (55) (98) (18) 
47 (44) (62) (85) (48) (20) (50) (57) (59) (91) (17) (5) (51) (49) (94) (41) (43) (70) (1) (10) (30) (23) (36) (71) (67) (87) (84) (77) (11) (93) (54) (96) (16) (65) (35) (31) (4) (97) (81) (98) (33) (7) (45) (53) (92) (79) (90) (83) (24) (3) (80) (37) (26) (89) (86) (29) (14) (72) (19) (8) (61) (27) (64) (34) (78) (32) (28) (46) (63) (18) (40) (99) (75) 
48 (38) (34) (88) (14) (13) (86) (67) (44) (52) (90) (61) (73) (85) (87) (75) (100) (25) (32) (51) (28) (31) (29) (40) (78) (2) (54) (21) (68) (57) (91) (60) (41) (64) (71) (22) (99) (18) (39) (37) (5) (95) (26) (81) (17) (66) (27) (19) (72) (48) (20) (63) (89) (77) (11) (35) (12) (69) (59) (65) (45) (47) (4) (1) (7) (33) (53) 
49 (81) (93) (70) (7) (10) (37) (54) (11) (97) (19) (4) (63) (89) (100) (20) (29) (27) (55) (17) (28) (40) (23) (2) (42) (9) (76) (94) (24) (3) (59) (58) (56) (1) (14) (26) (22) (46) (43) (6) (15) (85) (16) (48) (82) (41) (71) (53) (36) (8) (47) (99) (50) (91) (77) (83) (38) (35) (98) (79) 
50 (64) (39) (98) (85) (20) (44) (92) (58) (74) (95) (80) (59) (37) (99) (36) (52) (15) (87) (73) (18) (67) (61) (54) (32) (91) (30) (28) (93) (63) (42) (96) (84) (70) (51) (5) (68) (100) (33) (3) (10) (40) (16) (79) (19) (82) (72) (56) (21) (48) (71) (9) (17) (50) (97) (8) (88) (53) (81) (45) (78) (86) 
51 (73) (84) (78) (42) (89) (10) (13) (1) (93) (59) (58) (4) (97) (16) (96) (8) (11) (2) (98) (53) (25) (46) (61) (68) (28) (87) (41) (14) (86) (63) (12) (21) (36) (64) (52) (80) (65) (82) (66) (81) (7) (79) (62) (19) (57) (34) (24) (23) (49) (26) (33) (50) (47) (55) (67) (48) (40) (54) (51) (18) (88) (92) (76) (71) (22) (45) (6) (3) (20) (72) (90) (43) (29) (15 94 44 9 85) 
52 (62) (58) (48) (12) (37) (94) (11) (78) (50) (70) (34) (45) (10) (86) (15) (30) (54) (73) (26) (46) (9) (13) (80) (20) (84) (69) (66) (27) (55) (89) (22) (91) (42) (23) (59) (1) (47) (71) (92) (98) (68) (39) (5) (77) (79) (32) (81) (72) (93) (36) (88) (83) (100) (56) (17) (67) (24) (18) (2) (51) (97) (82) (52) (87) (29) (60) (85) (4) (14) (76) (61) (21) (28) (19) 
53 (68) (31) (69) (30) (91) (32) (79) (6) (1) (2) (47) (36) (20) (92) (50) (41) (89) (70) (65) (59) (8) (100) (10) (56) (46) (34) (37) (94) (16) (76) (99) (98) (4) (72) (19) (22) (97) (75) (51) (84) (77) (18) (96) (21) (85) (71) (67) (90) (24) (13) (95) (64) (66) (78) (81) (62) (86) (12) (88) (7) (43) (25) (53) (40) (15) (63) (73) (27) (11) (52) (28) (39) (35) (33) 
54 (44) (21) (52) (65) (47) (2) (25) (7) (63) (69) (58) (34) (89) (32) (12) (28) (94) (23) (85) (92) (68) (14) (5) (38) (36) (71) (80) (77) (73) (18) (57) (1) (16) (37) (8) (33) (90) (97) (11) (27) (39) (13) (81) (79) (86) (46) (87) (98) (55) (100) (61) (4) (19) (96) (50) (22) (76) (56) (67) (59) (17) (15) (49) (35) (51) 
55 (36) (35) (8) (98) (82) (63) (5) (55) (53) (15) (6) (60) (64) (17) (31) (94) (67) (56) (72) (78) (10) (85) (2) (68) (42) (77) (58) (19) (71) (57) (27) (16) (73) (99) (37) (29) (30) (65) (43) (84) (96) (80) (23) (100) (33) (20) (12) (92) (34) (75) (61) (66) (48) (69) (74) (11) (38) (44) (7) (22) (88) (50) (47) (24) (79) (83) (1) (81) (54) (39) (95) (59) (9) (28 3 76) 
56 (54) (76) (9) (3) (64) (28) (2) (82) (48) (59) (16) (51) (91) (37) (4) (63) (5) (61) (8) (93) (49) (29) (41) (45) (73) (81) (84) (92) (60) (95) (86) (80) (98) (40) (53) (75) (56) (10) (66) (14) (27) (18) (31) (33) (68) (99) (6) (100) (17) (67) (1) (35) (88) (79) (22) (77) (58) (30) (19) (47) (90) (94) (13) (62) (69) (38) (46) (44) (21) 
57 (85) (96) (27) (60) (7) (84) (56) (98) (94) (21) (75) (68) (47) (24) (36) (20) (38) (81) (5) (30) (42) (15) (69) (65) (4) (48) (53) (79) (22) (29) (70) (46) (76) (41) (72) (10) (95) (82) (1) (59) (97) (51) (33) (54) (83) (23) (64) (93) (61) (49) (86) (8) (80) (34) (100) (91) (19) (12) (89) (17) (35) (99) (55) (2) (18) (32) (31) (66) (26) (28) (50) (6) (67) (44 39 58 16 74) 
58 (7) (90) (64) (57) (34) (11) (31) (88) (27) (50) (9) (97) (79) (45) (13) (98) (46) (67) (32) (68) (94) (3) (36) (52) (85) (58) (28) (89) (6) (4) (70) (82) (99) (92) (83) (25) (55) (8) (87) (26) (77) (48) (59) (76) (63) (95) (33) (35) (18) (74) (2) (21) (73) (54) (17) (96) (71) (72) (61) (86) (81) (14) (69) (29) 
59 (90) (50) (52) (68) (40) (66) (33) (53) (12) (23) (55) (73) (9) (20) (45) (60) (75) (58) (35) (39) (38) (71) (76) (74) (17) (95) (31) (43) (85) (24) (67) (79) (5) (89) (11) (4) (13) (78) (92) (30) (15) (83) (96) (37) (69) (21) (93) (36) (22) (1) (91) (51) (59) (97) (34) (16) (7) (56) (47) (10) (48) (98) (70) (62) (49) (81) (54) (72) (2) 
60 (33) (98) (83) (4) (23) (70) (64) (85) (97) (67) (55) (89) (59) (60) (22) (17) (73) (84) (90) (38) (91) (42) (63) (57) (47) (82) (26) (96) (54) (88) (8) (5) (93) (30) (41) (68) (21) (25) (76) (62) (46) (31) (7) (69) (77) (95) (36) (12) (78) (92) (86) (44) (34) (37) (10) (16) (71) (99) (9) (75) (65) (80) (56) (48) (28) (45) (6) (66) (15) (79) (19) (81) (3) (50 61) (24 87 35) 
61 (48) (27) (76) (12) (26) (72) (73) (88) (59) (61) (35) (65) (38) (70) (43) (7) (50) (39) (54) (3) (63) (28) (82) (40) (2) (62) (34) (49) (55) (74) (98) (42) (45) (94) (23) (17) (33) (32) (5) (97) (24) (58) (52) (64) (46) (1) (69) (83) (86) (37) (79) (84) (51) (60) (92) (4) (100) (30) (41) (47) (53) (44) (14) (13) (66) (15) (95) (99) (57) (80) (11) 
62 (99) (41) (98) (42) (58) (88) (22) (27) (64) (94) (96) (46) (61) (2) (83) (34) (16) (40) (60) (52) (14) (70) (57) (78) (68) (76) (51) (63) (7) (33) (62) (65) (36) (82) (72) (12) (81) (75) (86) (28) (50) (8) (84) (55) (13) (47) (24) (3) (26) (5) (37) (15) (59) (79) (4) (92) (1) (32) (29) (89) (25) (71) (56) (66) (69) (48) (30) 
63 (15) (38) (35) (36) (91) (64) (19) (68) (67) (71) (10) (11) (83) (8) (98) (29) (54) (1) (99) (94) (14) (12) (52) (77) (49) (62) (4) (20) (89) (30) (93) (76) (97) (84) (16) (47) (79) (3) (92) (59) (86) (88) (53) (66) (26) (6) (61) (96) (80) (23) (25) (70) (46) (40) (44) (21) (43) (7) (24) (95) (27) (42) (58) (57) (28) (55) (33) (32) (5) (63) 
64 (100) (10) (17) (29) (96) (2) (61) (24) (73) (26) (60) (72) (11) (57) (32) (14) (22) (41) (19) (21) (20) (40) (67) (42) (13) (82) (70) (68) (93) (31) (55) (53) (87) (80) (16) (77) (92) (84) (45) (69) (78) (52) (51) (76) (18) (74) (99) (27) (37) (4) (44) (36) (34) (46) (8) (75) (63) (89) (30) (23) (98) (47) (15) (3) (56) (59) (50) (88) (5) (7) (79) (28) (6) 
65 (91) (86) (17) (38) (12) (42) (2) (68) (31) (94) (71) (54) (11) (21) (19) (8) (93) (9) (57) (35) (88) (56) (30) (16) (82) (7) (33) (43) (44) (39) (78) (63) (61) (10) (64) (80) (83) (74) (26) (60) (95) (6) (20) (29) (70) (65) (49) (50) (76) (40) (77) (15) (75) (45) (84) (87) (41) (58) (34) (100) (73) (52) (62) (24) (22) (25) (59) (18) (3) (13) (55) 
66 (24) (17) (27) (70) (73) (69) (47) (9) (56) (52) (67) (68) (51) (60) (82) (89) (43) (31) (96) (34) (90) (22) (72) (99) (81) (33) (45) (74) (12) (91) (58) (63) (75) (98) (37) (29) (46) (53) (93) (3) (62) (13) (65) (41) (23) (30) (88) (20) (50) (84) (71) (39) (54) (5) (11) (38) (87) (28) (85) (10) (92) (48) (97) (86) (26) (2) (76) (77) (61) (6) (7) (16) (83) (19) (95) 
67 (69) (21) (9) (77) (48) (92) (52) (96) (8) (79) (54) (97) (37) (71) (78) (66) (64) (30) (62) (55) (50) (90) (75) (14) (61) (58) (70) (74) (25) (36) (26) (63) (24) (68) (81) (28) (4) (23) (73) (15) (5) (17) (100) (56) (72) (95) (12) (87) (6) (80) (88) (10) (91) (19) (1) (93) (60) (94) (53) (43) (27) (41) (83) (39) (34) (67) (86) (22) (82) (31) (76) (49) 
68 (29) (65) (34) (21) (74) (96) (47) (31) (44) (86) (27) (57) (67) (24) (71) (69) (14) (7) (18) (73) (38) (99) (62) (20) (4) (51) (50) (68) (22) (33) (16) (94) (41) (15) (37) (75) (77) (43) (26) (82) (61) (60) (2) (9) (78) (17) (88) (8) (63) (6) (23) (53) (70) (76) (1) (100) (36) (12) (5) (45) (97) (90) (19) (83) (3) (30) (59) (93) (28) (81) (92) (42) (40) (54) 
69 (41) (60) (4) (84) (53) (74) (86) (49) (30) (19) (27) (71) (9) (100) (56) (52) (45) (66) (92) (94) (44) (54) (97) (50) (55) (78) (58) (93) (36) (18) (79) (17) (20) (69) (6) (98) (87) (35) (67) (15) (68) (80) (40) (76) (42) (81) (5) (72) (70) (63) (48) (26) (90) (46) (95) (89) (23) (14) (61) (1) (65) (75) (91) (13) (24) (43) (25) (28) (77) (11) 
70 (10) (44) (57) (55) (67) (68) (41) (93) (80) (17) (75) (78) (18) (23) (46) (87) (61) (83) (89) (96) (50) (91) (51) (60) (84) (15) (4) (48) (54) (58) (52) (40) (56) (31) (69) (79) (9) (62) (59) (21) (19) (25) (13) (36) (98) (64) (28) (16) (5) (22) (66) (27) (85) (90) (71) (24) (33) (92) (35) (8) (88) (77) (76) (95) (100) (47) (70) (74) (2) (3) (65) 
71 (75) (67) (56) (58) (100) (26) (71) (7) (8) (85) (86) (43) (48) (69) (4) (15) (24) (91) (83) (46) (99) (96) (77) (31) (61) (41) (42) (1) (12) (5) (66) (32) (89) (94) (92) (57) (9) (80) (36) (87) (2) (60) (74) (6) (63) (47) (88) (64) (72) (25) (3) (98) (11) (55) (62) (90) (18) (76) (68) (78) (33) (28) (95) (81) (52) (16) (27) (54) (21) (14) (29) (53) (82) (34) (93 35) 
72 (54) (67) (57) (88) (82) (44) (81) (18) (70) (73) (35) (58) (27) (46) (68) (30) (61) (63) (66) (47) (26) (75) (1) (33) (20) (24) (95) (94) (5) (72) (85) (43) (96) (87) (48) (3) (10) (32) (50) (91) (71) (89) (34) (22) (38) (76) (78) (19) (60) (45) (53) (9) (51) (86) (84) (59) (31) (15) (83) (16) (25) (17) (12) (6) (29) (80) (74) (36) (55) (7) (92) 
73 (53) (43) (27) (93) (83) (90) (71) (54) (13) (25) (58) (75) (72) (42) (5) (57) (96) (86) (40) (35) (37) (73) (29) (39) (94) (70) (32) (59) (38) (61) (1) (46) (17) (21) (30) (91) (26) (66) (48) (8) (6) (68) (64) (18) (23) (9) (80) (100) (87) (95) (31) (76) (7) (28) (49) (50) (41) (51) (10) (89) (2) (45) (97) (14) (65) (33) (67) (79) (52) (77) 
74 (70) (50) (51) (41) (19) (17) (3) (8) (84) (16) (46) (36) (95) (14) (69) (43) (58) (94) (15) (60) (21) (29) (2) (33) (45) (63) (88) (92) (83) (10) (74) (100) (6) (71) (55) (26) (87) (27) (40) (32) (59) (57) (38) (91) (24) (42) (78) (79) (53) (12) (68) (98) (25) (85) (90) (49) (61) (54) (64) (65) (67) (80) (18) (44) (11) (48) (9) (82) (86) (47) (72) (66) (96) (75) (31 30) 
75 (61) (68) (18) (60) (5) (39) (1) (71) (65) (8) (38) (30) (77) (27) (67) (37) (70) (49) (19) (84) (80) (11) (92) (73) (48) (86) (56) (85) (83) (24) (17) (2) (29) (16) (95) (45) (35) (25) (15) (33) (82) (50) (100) (14) (31) (74) (91) (90) (40) (53) (46) (76) (43) (9) (42) (81) (54) (69) (59) (55) (87) (75) (98) (41) (89) 
76 (33) (42) (82) (6) (99) (16) (78) (61) (30) (29) (69) (86) (67) (51) (36) (11) (32) (5) (68) (8) (7) (90) (13) (54) (92) (91) (12) (37) (65) (31) (38) (52) (2) (98) (24) (76) (45) (22) (35) (27) (59) (80) (9) (56) (50) (70) (71) (25) (62) (23) (41) (53) (43) (49) (4) (93) (57) (85) (77) (58) (14) (94) 
77 (81) (22) (54) (1) (79) (17) (75) (30) (98) (58) (87) (71) (38) (27) (43) (10) (52) (55) (73) (61) (57) (2) (33) (6) (44) (51) (65) (63) (74) (36) (32) (37) (49) (77) (16) (20) (13) (96) (42) (94) (9) (11) (100) (39) (85) (48) (28) (56) (95) (82) (3) (99) (86) (46) (19) (91) (59) (62) (67) (35) (64) (5) (80) (92) (34) (60) 
78 (83) (35) (58) (59) (16) (76) (81) (70) (1) (57) (69) (65) (56) (95) (60) (86) (72) (64) (68) (15) (22) (78) (99) (48) (49) (18) (24) (27) (75) (80) (88) (43) (11) (93) (97) (9) (14) (51) (94) (29) (84) (8) (23) (91) (54) (4) (74) (41) (92) (28) (25) (10) (89) (3) (37) (40) (52) (26) (77) (7) (46) (12) (31) (30) (19) 
79 (20) (14) (85) (63) (25) (22) (67) (95) (61) (72) (26) (45) (55) (30) (36) (11) (62) (89) (50) (2) (87) (24) (80) (81) (28) (48) (51) (1) (66) (70) (4) (76) (56) (97) (98) (90) (6) (52) (60) (96) (13) (57) (31) (93) (75) (39) (12) (16) (43) (10) (79) (38) (83) (37) (84) (19) (68) (46) (92) (73) (44) (88) (71) (64) (9) (32) (100) (21) (5) (69) (41) (77) (74) (58) 
80 (61) (94) (68) (16) (43) (4) (85) (54) (30) (90) (53) (38) (89) (33) (100) (22) (20) (46) (36) (49) (71) (44) (5) (79) (10) (78) (19) (9) (14) (63) (1) (98) (34) (25) (92) (66) (72) (6) (3) (91) (87) (95) (23) (37) (28) (97) (81) (13) (69) (35) (52) (50) (11) (57) (58) (73) (99) (47) (74) (70) (76) (24) (86) (18) (51) 
81 (63) (30) (66) (1) (99) (43) (61) (41) (15) (91) (33) (28) (20) (62) (31) (77) (39) (70) (22) (19) (78) (40) (49) (37) (46) (68) (54) (98) (97) (23) (72) (82) (76) (7) (65) (60) (2) (75) (73) (25) (50) (8) (48) (52) (94) (88) (79) (85) (26) (45) (96) (10) (24) (35) (5) (16) (27) (81) (67) (80) (21) (13) (90) (86) (47) (53) (12) (100) (51) (55) (74) (18) (36) (29) (56 11) (84 17) 
82 (67) (10) (65) (93) (11) (34) (8) (22) (6) (73) (77) (43) (48) (52) (20) (49) (57) (86) (58) (94) (85) (19) (56) (29) (24) (45) (98) (100) (97) (80) (13) (68) (66) (21) (47) (27) (2) (51) (76) (61) (33) (54) (55) (74) (71) (41) (16) (84) (37) (46) (62) (60) (95) (78) (32) (9) (18) (28) (4) (38) (53) (69) (90) (75) (82) (40) (64) (1) 
83 (23) (38) (28) (80) (63) (78) (34) (89) (54) (61) (9) (11) (42) (32) (6) (76) (31) (99) (45) (39) (7) (48) (96) (59) (85) (46) (98) (62) (49) (83) (40) (41) (97) (19) (94) (66) (82) (86) (91) (75) (5) (17) (22) (70) (33) (43) (8) (35) (30) (64) (95) (65) (73) (51) (69) (14) (20) (92) (53) (72) (37) (36) (47) (4) (88) (87) (44) (50) (58) (27) (1) (79) 
84 (70) (86) (72) (75) (61) (28) (98) (80) (62) (29) (73) (3) (45) (8) (9) (41) (71) (63) (37) (74) (57) (22) (44) (42) (26) (64) (85) (82) (5) (35) (90) (59) (4) (48) (100) (50) (39) (83) (78) (94) (43) (68) (30) (17) (49) (2) (24) (96) (51) (20) (11) (77) (65) (13) (14) (66) (47) (1) (38) (19) (10) (95) (99) (40) (89) (97) (79) (6) (27) (53) (16) 
85 (37) (41) (20) (93) (10) (80) (53) (25) (83) (45) (18) (81) (1) (31) (78) (4) (52) (82) (57) (32) (79) (69) (35) (87) (89) (56) (88) (47) (68) (15) (60) (71) (77) (13) (46) (29) (17) (21) (76) (43) (39) (24) (99) (38) (64) (23) (70) (55) (26) (19) (16) (67) (58) (6) (42) (86) (34) (27) (98) (44) (28) (61) (33) (84) 
86 (92) (25) (26) (10) (60) (79) (100) (23) (32) (40) (50) (53) (90) (77) (84) (56) (48) (35) (78) (22) (45) (29) (82) (31) (3) (74) (37) (44) (75) (64) (46) (67) (59) (61) (27) (5) (54) (30) (13) (99) (85) (14) (12) (98) (47) (18) (83) (86) (28) (93) (97) (43) (38) (24) (17) (7) (49) (55) (36) (72) (51) (81) (95) (62) (96) (16) (71) (94) (80) (33) 
87 (55) (26) (88) (48) (22) (81) (66) (13) (29) (75) (46) (28) (65) (67) (30) (19) (42) (86) (99) (11) (62) (20) (14) (87) (16) (97) (57) (91) (34) (27) (89) (31) (2) (72) (59) (33) (63) (68) (47) (95) (24) (73) (98) (96) (92) (25) (17) (76) (23) (52) (6) (38) (37) (7) (58) (71) (56) (93) (4) (21) (84) (12) (10) (90) (18) 
88 (39) (55) (57) (90) (38) (54) (5) (86) (48) (71) (25) (93) (16) (64) (99) (29) (88) (12) (10) (4) (49) (92) (96) (91) (80) (51) (26) (44) (66) (82) (84) (20) (74) (28) (19) (14) (6) (35) (79) (95) (34) (30) (31) (78) (33) (3) (98) (2) (53) (52) (60) (45) (81) (46) (41) (42) (50) (23) (8) (68) (21) (17) (56) (15) (97) (47) (100) (61) (7) (83) 
89 (14) (95) (40) (89) (3) (32) (98) (15) (79) (58) (59) (8) (91) (90) (29) (92) (54) (56) (55) (42) (44) (85) (28) (82) (23) (13) (6) (4) (77) (35) (17) (63) (65) (76) (71) (20) (5) (84) (18) (25) (34) (1) (49) (12) (16) (94) (39) (46) (36) (69) (51) (37) (64) (80) (2) (81) (31) (47) (53) (50) (24) (97) (75) (88) (62) (33) (43) (38) 
90 (3) (51) (35) (20) (41) (10) (58) (37) (92) (16) (7) (28) (70) (38) (8) (69) (61) (14) (59) (30) (23) (1) (83) (77) (47) (4) (25) (13) (73) (27) (15) (94) (88) (44) (97) (85) (29) (89) (75) (98) (100) (43) (32) (9) (74) (72) (5) (76) (36) (57) (93) (86) (65) (2) (87) (12) (46) (34) (33) (22) (63) (11) (78) (18) (24) (50) (40) (99) (56) (62) (19) (42) 
91 (27) (82) (43) (56) (20) (54) (58) (99) (38) (44) (30) (96) (16) (18) (49) (86) (98) (10) (62) (17) (72) (5) (31) (95) (40) (23) (12) (6) (24) (39) (9) (89) (25) (46) (80) (45) (1) (74) (13) (14) (7) (68) (73) (21) (11) (53) (77) (79) (4) (97) (71) (60) (19) (85) (15) (47) (3) (93) (34) (94) (91) (64) (66) (50) (29) (78) (63) (61) (88) (51) 
92 (70) (19) (4) (97) (17) (37) (13) (51) (33) (3) (74) (57) (8) (71) (64) (15) (72) (10) (85) (92) (77) (27) (68) (84) (48) (66) (43) (28) (67) (47) (9) (22) (41) (75) (30) (29) (1) (59) (54) (18) (88) (39) (78) (76) (73) (98) (53) (63) (81) (24) (99) (60) (6) (50) (62) (35) (26) (83) (89) (94) (45) (42) (61) (21) (95) (65) (86) (79) (80) (7) (40) (23) (36) (20) 
93 (28) (49) (5) (15) (78) (57) (84) (26) (87) (85) (25) (21) (35) (10) (69) (54) (46) (79) (98) (56) (6) (48) (52) (27) (2) (20) (73) (40) (18) (36) (55) (96) (24) (42) (39) (9) (63) (51) (93) (33) (43) (7) (1) (11) (72) (50) (38) (65) (13) (37) (45) (83) (58) (77) (16) (76) (29) (62) (22) (88) (47) (91) (4) (12) (97) (90) 
94 (30) (98) (51) (76) (73) (46) (17) (9) (40) (84) (55) (20) (62) (27) (64) (45) (91) (63) (54) (36) (3) (86) (56) (1) (39) (94) (61) (15) (95) (52) (59) (11) (99) (38) (33) (92) (13) (19) (68) (70) (82) (5) (12) (74) (60) (25) (50) (42) (4) (16) (47) (6) (88) (81) (57) (43) (32) (97) (85) (69) (53) (41) (8) (34) 
95 (33) (72) (67) (65) (90) (37) (71) (9) (82) (47) (1) (26) (25) (53) (7) (4) (97) (64) (60) (11) (22) (54) (56) (98) (77) (14) (3) (27) (34) (85) (12) (48) (10) (32) (76) (51) (57) (66) (58) (35) (20) (38) (68) (61) (45) (29) (42) (52) (23) (31) (75) (16) (40) (8) (99) (70) (63) (93) (55) (2) (15) (92) (88) (78) (80) 
96 (60) (18) (68) (63) (65) (8) (62) (22) (23) (7) (11) (40) (41) (98) (70) (3) (90) (91) (97) (1) (2) (69) (10) (72) (46) (96) (14) (34) (19) (15) (88) (45) (33) (100) (20) (44) (48) (47) (21) (39) (99) (43) (49) (16) (94) (31) (73) (56) (82) (35) (29) (28) (89) (54) (36) (38) (6) (71) (26) (61) (58) (24) (76) (5) (92) 
97 (9) (19) (99) (32) (27) (97) (6) (22) (88) (1) (66) (4) (75) (16) (90) (38) (8) (62) (87) (74) (72) (73) (39) (17) (14) (91) (36) (49) (61) (59) (23) (58) (3) (67) (82) (94) (96) (80) (24) (48) (21) (34) (69) (65) (43) (76) (54) (25) (68) (55) (42) (93) (64) (70) (30) (51) (40) (35) (26) (63) (77) (33) (71) 
98 (87) (89) (28) (47) (81) (40) (98) (76) (27) (23) (5) (38) (68) (12) (59) (11) (67) (9) (57) (29) (72) (30) (93) (80) (26) (16) (48) (10) (78) (39) (92) (96) (18) (60) (2) (90) (77) (42) (19) (20) (13) (58) (56) (73) (22) (63) (1) (66) (70) (45) (51) (65) (6) (4) (91) (99) (41) (100) (21) (37) (74) (64) (43) (44) (53) (86) (31) (7) (95) (62) 
99 (36) (93) (60) (29) (83) (13) (48) (87) (57) (38) (68) (42) (6) (95) (89) (27) (55) (11) (73) (35) (34) (80) (72) (79) (77) (45) (24) (98) (81) (33) (19) (100) (61) (12) (85) (46) (54) (97) (82) (31) (58) (32) (86) (71) (50) (75) (14) (10) (20) (53) (17) (78) (22) (52) (91) (5) (59) (9) (1) (51) (67) (69) (76) (25) (84) (15) (28) (56) (21) (39) 
100 (86) (68) (55) (67) (1) (69) (87) (78) (4) (14) (73) (72) (22) (2) (61) (3) (42) (45) (71) (30) (80) (31) (5) (94) (41) (47) (79) (15) (6) (20) (54) (44) (75) (12) (88) (7) (95) (27) (77) (40) (76) (51) (17) (9) (13) (10) (66) (21) (38) (37) (92) (84) (65) (74) (25) (48) (39) (43) (97) (99) (96) (90) (26) 
