0
100
100
1 (42) (48) (30) (34) (10 72 74) (79) (65) (36) (26 59) (49) (41 17) (93) (81) (61) (68) (11) (18) (23) (78 57 20 70 31 9) (87) 
2 (79 8 37) (74) (97 10) (17) (44) (90) (23 76) (15 26) (36) (34 28) (30) (20) (87 3) (61) (75) 
3 (77) (76) (21 65) (59) (15) (38) (89) (26) (90) (68) (92) (82) (28) (45) (52) (53) (79) (3) (48) (91) (35) (17) (12) (19) (41) (13) (72 55) (23) 
4 (64) (21) (45 4) (31 10 16) (48) (39) (25) (17) (40 36 33) (23) (2 49) (42 66) (65 97 99 28) (13 79) (50) (53) (38) (41) (70) (76) 
5 (81) (56 34 24) (25 36) (99) (66) (19) (39 91) (52 92) (54 70) (10) (27) (29) (89 12) (100 20) (98) (67) (2 13) (96 50) (79) (51) (76 22 16) (9) 
6 (95) (25) (77) (46) (3 31 55) (53 9) (50) (68) (22 38) (18 1) (51) (85) (19) (4 93) (5) (83) (45 34) (61) 
7 (84) (63) (64) (38) (61) (59) (33) (98) (36) (69) (9 41) (88) (86) (11) (6) (73) (66 15 4 55) (35 71) (28 46) (58) (76) (56) (27 47 52) (3) (53) 
8 (44) (45 35 42) (67) (59) (54 58) (47) (37) (88 98) (87) (72 77) (1) (52) (86) (8) (94 46) (17) (63) (50) (60) 
9 (95 67) (23) (100) (62) (1) (72) (48) (73) (31 68) (49) (88) (9) (40) (57 44) (26) (30) (87 63 58) (20) (69) (64 34) (45 83) (50) (47) (12) (98) (77) (54) 
10 (38) (25) (19 53 88 29 52) (64) (96) (42 45 33) (100 40 37 87 15) (27) (90 28) (97 89) (10) (94 7) (35) (95) (98 67) (82) (32 30) (26) (2) (51 13) 
11 (78) (72) (53) (60 59) (58 37) (74) (19) (70) (40 61) (52 79 6 3 86 97) (15) (20 18) (98 5 67) (11) (92) (23) (64 42) (45) (62 16) (99) (32) (26 33) 
12 (33 39 82) (11 40 63 15) (4) (78) (96 32) (48) (71) (68 97) (38) (35) (89) (56 13) (19) (25) (10 62) (60) (77) (88 70 87) (5) (24 66) (46 41) (58 44) 
13 (55) (12) (62) (88) (14 69) (5) (1) (41 79 44) (65) (71 52 70) (64) (36) (17) (21) (81) (68 34) (29) (87) (53) (43 86) 
14 (69) (9) (86) (51) (52 57) (50) (15) (30 66) (73) (34) (6) (62 67) (53) (17 56) (75) (16) (88 47) (78) (24 96 59) (4 71 11) (93) (94) (92) 
15 (28) (45) (35 18 4 83) (73) (65) (48) (16) (92) (96) (9) (63) (69 33) (78 60 59) (87) (26) (34) (30) (5 8 25 72) (24) (44) (88) (90) (14) (31) (93) 
16 (61) (92 81) (69) (59) (84 1) (4) (28) (56) (85) (67) (74) (64) (5) (38 42) (82) (87) (6) (23) (10) (95) (94 50) (22) (30) (97) (71) (45) (14) (43) 
17 (12) (35) (73) (95) (67) (17) (99) (46) (33) (13 27) (55) (59) (38) (28) (70) (74) (58) (45) (16) (50) (71 31) (56) (49) (93) (24) (48) (4) 
18 (7) (14) (44) (8) (30) (96) (4 12 36) (3) (45) (51) (27) (26 33) (1 85 57) (32) (61) (55 24 63) (21 47) 
19 (72) (70) (46) (15) (82) (49 62) (58) (53 34) (24) (59) (22 40 100) (68 14 32) (76) (36 65 94 54) (97 8) 
20 (91) (85) (44 11 86) (28) (19 5 74) (43) (84) (33) (47 77) (89) (51 61) (54 31) (30) (50) (78) (9) (67) (59) (64 12) (21) (3 10) (20) (16) (56) 
21 (16) (83) (5 85) (15) (56) (26) (43) (38 51 11) (34 32 62) (81 70 49 71) (74) (96) (45 4) (23 35) (64) (59) (90) (9) (8) (25 12) (75) (97 63) 
22 (62) (1 75 16) (71) (40 81) (3) (21) (14 47) (90) (39) (41 52) (8) (19) (22) (4) (10) (36 73) (68 26) (49) (74 32) (54) (82) 
23 (67 97) (89) (56 30) (96) (46) (11 53) (58) (43) (24 79 4) (95) (26 66 76) (61) (19) (71 44 28 54) (72) (27) (70) (86) (74) 
24 (77 58) (79 16) (13) (86 18) (41) (26) (36) (91 35 84 15) (96) (34) (8 71 10) (60) (11) (50) 
25 (75) (36) (12 38) (51) (33 59) (83 37) (47) (85 7) (96) (81) (66) (72) (78) (43) (6) (60 58) (80) (71 70) (11) (42 4) (30) (89) (68) 
26 (24 34 66) (86) (27) (74) (55) (56 3) (59) (25 96) (8) (68) (65) (71) (46) (49) (79) (28) (1) (63 17 99) (32 7) 
27 (2) (57 90) (33) (24) (17) (3) (21) (45) (34) (81 63) (36) (56) (91) (52) (62 13 26) (15 20 10 32) (99) (9) (8) (98 73 29 12) (78 25) (39) (84 96) (59) (50) (72) 
28 (91) (41) (37) (87) (7) (81) (30 51 89) (93) (1) (4) (50) (21 49) (25) (43) (63) (85) (35 75) (80 57) (18 28 14) (29) 
29 (17) (36) (18 75) (49 56) (10) (84) (45) (81) (54) (100 40) (7) (79) (80 73) (26) (34) (83) (85) (59) (72 99 23) (51 71) (94) (97) (28) 
30 (88) (90 59) (40) (26) (71) (54) (94 39 98) (73 96 92) (78) (49) (35) (3) (72 79) (16) (46) (41) (4) (2) (60) (51) (38) (52) (50) (31) (66) 
31 (81) (29) (60) (34) (92) (22 76) (42) (74) (13 41 61 57) (89) (70 98) (64 91) (59) (55) (10 8) (23) (58) (44 69) 
32 (16) (57) (56) (26 17) (19) (87) (95) (10) (29) (65) (14 5) (44) (50) (24) (35) (93) (58) (83 67) (59) (82 92 81) (63) (36 85) (61) 
33 (68) (36 20) (71) (22) (55) (49) (81) (38 23) (84) (41) (35) (70) (66) (37 56 47) (53) (88) (2) (94) (83) (19 98 3) 
34 (66 40) (76) (70 6 47) (35) (30) (99) (81) (91 11) (94) (29) (17) (69) (21) (79 83 74) (92) (41) 
35 (91 56) (75) (90 27) (63) (99) (83) (77 93) (37 11) (73) (65) (29) (30 94) (68) (76) (7) (33 61) (71) (19) (9) (38) (40) (16 89 96) (62) (52) (47) 
36 (67 84 17) (88 59) (85) (36 79 15 40 74) (31) (3) (83 28) (98 60) (32) (92) (45) (70) (97 18) (11) (33) (71) (49) (37) (54) 
37 (57) (93) (71) (67 72) (43) (87) (29) (65) (5) (39 36) (13) (8) (55) (99) (33) (32) (24) (77) (18) (35) (58) (49) (56 47) (7) (54) (3) (51) (79 2) (96) (31) (70) (66 27) (97) (4) (64) (20) (98) (80) 
38 (49) (74) (98) (15 1) (81) (34 59) (65) (37) (2) (25) (46 83 9 14) (20) (95 99) (48) (33) (60 76 11 70 63) (4) (86) (16 47) (26 58 56) (50 38) (68) 
39 (73 10 58) (24 7) (79) (98) (78) (74) (44) (89) (42) (39) (31) (65 95) (63) (15 6 46 29) (55) (80) (81 28) (96) 
40 (31) (2 58) (99) (10) (79) (16 36) (7) (3) (93 85) (63) (71) (45 87) (52) (78) (33 72) (14) (32 11 43 96) (69 64) 
41 (20 39 60 16) (38) (18 97 34) (56) (98) (22) (47 3 46) (80 57) (37 73) (12 94) (10) (23) (76) (53) (19) (65 69 29) (1) (88) (54) (91) (71) 
42 (21 38) (26) (76) (79) (30) (56) (24 54) (89) (68) (35 69 10) (18) (37) (88 39) 
43 (45) (29) (74 75) (53 18) (32) (34) (93 65 88) (33) (27) (36) (97) (49 92) (50 12) (16) (41 66) (2) (78) (84 79) (67) 
44 (87 61) (95) (3) (8) (73 85) (35) (81) (25) (84) (86) (60) (65 31) (19 10) (11) (94 40 100) (42 71 93 58) (80) 
45 (42) (99) (2 77) (95 67) (25) (59) (98 88) (94 89 3) (80) (24) (49) (78 9) (57) (79 48) (51) (63 96) (97 26 45) 
46 (9 34 25) (87 33 78) (19) (17 62) (54) (26 93) (7) (42 99) (70) (31) (79) (82) (11 65) (10) (53 13) (77) (100) (84 68 24) (50) (60) (8 1) (44) (83) (40) 
47 (98) (21 25) (89) (70) (62) (41) (12 46 13 82) (32) (86) (23) (1) (6) (97) (50) (75) (56) (7) (52) (54) (30) (28 3 39) (63) 
48 (29) (36 75) (89) (30) (69) (40) (48 56 80) (66 43) (6 53) (78) (1) (57) (67 100) (28) (95) (12) (38 13) (46 3 70) (44) (94 64 25) (4 98) 
49 (84) (91) (83 12) (64) (28 52) (3 61) (6) (40) (21 94) (95) (22 54) (68) (32) (79) (71) (92 25 13) (39) (60) 
50 (24) (74) (36) (80 20) (39) (5) (51) (9) (25 94 54) (13) (35 100 60) (30 65) (23) (18) (52 17) (61) (22) (63) (42) (27 64) (26) (93) (87) (14) 
51 (86) (32 1) (74) (10 29) (24) (3 72) (60) (63 89 36 28) (18 5) (70) (21) (83) (76) (22) (64 20) (66) (27 23 91) 
52 (28) (7) (74) (38) (39 85) (22 37) (36) (14) (84 34) (46) (72 50) (89) (55) (53) (33 21) (19 27) (62 26) (54) (52) (23) (77) (48) (2) (5 41) (18) 
53 (64) (57) (16) (56) (10) (82) (89) (8) (53) (45) (28 93) (51) (58) (9) (6) (42) (90 15) (100) (54 98) (11 59) (32) (83) (77 13 88) (85) (22) 
54 (43) (76) (23) (14 13) (12) (35) (8) (37) (55 40) (73) (19) (82) (20 17) (63) (4 41) (11) (27) (64 61) (51) (46) (69) (54 88 29) (38 83) 
55 (33 60 82) (45) (64) (9) (55 26 15) (84 92 95 90) (43) (2) (4 52) (28) (34 25) (76) (40) (91) (71) (6 16) (42) 
56 (87) (56) (96 40) (35) (32) (89) (90 5 80 70) (68 15) (26) (20) (92 23) (38 17 39) (73) (48) (98) (22) (25 41) (28) (44) (36) (58) (27) (97) (33 74) (7 53) (31 57) (9 82) (78 95) (46) (18) (34) 
57 (15) (72) (31) (91) (58) (9) (36 3) (16 79) (8) (1) (39) (26) (10) (69 33) (71) (13) (62 32) (80 27) (42 49) (30 46) (55 51) (93) (47 94) (59) 
58 (40) (25 53) (37) (39 21) (69 27) (79) (22 82) (28) (5) (12) (17) (6) (49) (7 68) (85) (36) (81 47) (76) 
59 (87 25) (51) (45) (6) (27) (35 3) (31 63) (88) (13) (59 57 99 19) (84) (100) (79) (78) (18) (46) (42) (82) (62) (58 33) (97) (16) (2 75) (28 40) (47 77 65 83) (26) 
60 (77 6) (79) (10 92) (17) (57 56) (76) (14) (44) (18) (90) (8) (74) (50) (67 25 59) (53 75) (48) (73) (55 69) (31) (83) (62 7) 
61 (39) (41) (77 73) (56) (29) (37) (52) (85) (64) (82) (13) (14 89 51) (18) (16) (76) (97 45) (54) (70) (10) (91) (2) (94 65) (90) (53 35) 
62 (75) (40) (68) (48) (36) (4 21) (28) (15) (26) (64) (77) (30) (29) (2 51) (34 3) (50) (9) (87 66) (62) (43 1) (65) (88 90) (83) (93) (79) (6) (82) 
63 (88) (72 99) (83) (84) (48) (20) (100 64) (55) (1) (49) (98) (50) (12) (68 89) (80) (17) (92 22 6 34) 
64 (77) (20) (38) (3 43) (26 95 78) (54) (12 96 45) (32) (79) (18 30 7 61) (39) (69 97) (60) (57) (68 83) (92) (100 58) (53) 
65 (26 47 13) (81) (79) (5) (86) (25) (24) (6) (9 30) (53 11 32 83) (14) (95) (48 29) (20) (55 75 96 69 56) (44) (66) 
66 (99) (9) (66) (47) (36) (49) (4) (57) (64 86) (24) (21) (5) (97 12) (90) (59) (63) (13) (8) (32) (43 84) (95 82) (67) (16) (69) (18) (50) (25) (2) 
67 (32) (4) (25 44) (62 7 31) (87) (2) (79 8) (67 29) (70 35) (14 6) (43) (72) (22) 
68 (7 99) (31 41) (92) (61) (40) (69 91) (47) (9) (93) (49) (55) (94) (27) (97) (38) (79) (60) (57) (46) (81 58 16) (63) (13 1) 
69 (27) (91 36) (78) (73 76 70 75) (4 50 34) (15 53) (67) (49 48) (52) (100) (35 13 28) (96) (23) (88 74) (20) (84 69) (7 98 33) (41 3) 
70 (72) (90) (10) (76 89) (87) (11 27) (12) (46 35) (49) (98) (44 74) (56) (65) (5) (41 53 79 2) (22) (62) (55) (24 67 85 43) (83) 
71 (97) (77) (98) (34) (16 87 37) (76) (95 15 62 23) (100) (58) (25 51) (21) (84) (70) (35) (10) (92) (33) 
72 (77) (71 64) (28) (53) (66) (83 92) (18) (96) (1 63) (61) (43 34) (24) (37) (31 20 65 11) (4) 
73 (85) (89 76 58) (65 4) (10 18) (97) (53 25) (83) (91) (40) (39) (42) (55) (23 3) (100) (51) (86) (30) (56 99) (38) (64 24) (75) (70) 
74 (89 22) (42) (80) (97) (93 71 6 96) (88) (94) (14 91) (75 29) (62) (69) (49) (33) (26) (59) (15) (85) (8) (61) (58 32) (30 63 36) 
75 (28) (3) (17 57) (71) (4) (49) (21 61) (47) (18) (42) (22 14 62 75) (74 94) (98 70) (56 13) (46 29) (87) (95) (65) (97) (92) (78 2) 
76 (84) (48) (81 61 6 47) (65 66) (23) (78) (25) (70) (14) (36 72) (43) (18 12) (96 59) (50 44 67 94) (55 38 40) 
77 (93 72) (75) (36 100 87) (3 7) (32) (62 88) (48 64 6) (46) (56) (65) (17) (52) (70) (39) (10 77) (68 31) (1) (57) (91) (82) (63 99) 
78 (9 86 57 36 43) (49) (93 83) (73) (24) (79) (25 27) (44) (39) (5 71 52) (64) (41) (92 67) (78 84 22) (91 28) (61) (72 62) (65 37 90) 
79 (75) (38) (39) (35) (13) (85) (78) (10) (77) (84 72) (21) (62 14) (24) (66) (57) (22) (99) (97) (31 12) (19 73) (26) (17) (34 60) (87) (46) (11) (56 92) (82) 
80 (76) (52) (13) (98) (81) (65) (62 91) (70) (45) (1) (63 47) (51) (17) (12 27) (36 68) (89) (24) (49) (69) (39) (34) (22 4 61) 
81 (13) (43) (9 1) (29 87) (84 6) (56) (3) (82 44) (31) (41) (21) (27) (94 52 36 58) (23 78 32) (97) 
82 (76 36) (93) (20) (9) (77) (100) (28) (58) (66 64) (81) (73 55) (85) (7) (4 98) (34) (33) (12) (5) (40) (29) (54) (68 27) (89) (75 72) (37 25) (84) (52) 
83 (63) (21) (95) (9) (73) (56) (12) (22 97) (10) (15 47) (18) (37) (3) (76) (25) (43) (71 72 13) (46) (35 27) 
84 (1) (40) (82 4) (91) (73 30) (64) (65 13) (37) (70 21) (43) (35 25 8) (55) (42) (62) (45 10) (48) (17) (15) (60 96 68 59 56 88) (76) (61) 
85 (67) (93 61 25 57 20 39) (80) (83 95) (23) (2) (46) (79 94 55 36) (96 22 41) (11) (5) (97 24 65) (50) (64) (49 60) (19) (91) (43) 
86 (39) (72 29 24 20) (65) (12 80) (78 84 59) (52 34) (18) (53) (97) (27) (46 62 71 55) (94) (15) (98 77 37 26 58 47 93) 
87 (15) (31 98 28) (46) (68 55) (75 20 84) (64 66) (70 87) (85) (8 79) (95) (43) (82) (6) (72) (45) 
88 (56) (94) (38) (70 69) (97) (84) (34 88) (78) (81) (73 65) (68) (87) (67 24 42) (44) (62) (86) (9) (35) (58) (92) (8 52) (53) (13) 
89 (56) (16 63) (50) (31) (91 67 71 27) (84 24 62) (28) (5) (95) (2) (78) (92) (69) (94) (10) (12 17) (34 9) (47 48) (7) (43) (66) (75) (18 68) 
90 (10) (6 29) (11) (2) (64 88) (34) (82) (81) (89) (54 19) (18) (59) (33) (71) (63 87) (38 47) (4) (51) (61) (7 56) 
91 (2) (87) (74) (77) (94) (37) (50) (96) (14) (72) (43) (55) (42 9 64) (47 44) (39 1) (18 30) (63 34) (71) (22) (80) (70) 
92 (20) (58) (67) (31) (97) (99) (98) (33) (84) (43) (79) (40) (74) (2) (28 52) (11) (6) (59 3) (68 22) (8) (46) (62) 
93 (77 76 74) (55) (51) (30) (95) (14 71) (45) (50 82 83) (33) (48) (25) (57) (81) (21) (49) (35) (15 17) (69) (47 99 3) (80) 
94 (65 91) (59) (58) (63 53) (67) (3) (9) (35 47) (12 89) (41 48 30) (28) (44) (25) (50) (24 38 5) (11 2 61) (60) (82 13) (36) (20) 
95 (85 6) (60) (78 52) (22) (76 62) (51) (49) (81) (1) (19 74) (40) (43 8) (63) (90) (88) (39 97) (28 11) (34) (24 45) (79) (69 31) (46) (53 21) 
96 (83 41) (9) (43 24 14) (63) (28) (79 94 80) (54) (7) (22) (69 70) (13) (21) (33) (31) (61) (6) (91) (77) (73) 
97 (35) (25) (5 21) (63 98) (45 78) (3) (65) (16) (27) (4) (75) (49 46) (66) (84) (37 33 32 90) (15) (88 96) (91) (30) (1 58) (70 47) (97 61) 
98 (83) (7) (28) (26) (18) (77) (73) (98) (58) (66) (78) (95 80) (36) (61) (47) (40 86) (96 4) (99) (16) (67 3) (17) (31) (50) (35) 
99 (48 9) (47) (56) (69 71) (59 54) (98) (7) (50) (72) (42) (61) (35) (32) (16) (2 63 66 8) (62 52) (84) (25 39 4) (78) (81 46) 
100 (19) (68) (59) (90) (51) (32 38) (23) (85) (97) (29 36) (14 70) (12) (34 5) (84) (78) (31) (42 9 13) (63) (56) (21 67) (86) (93) (25) (91) (49) (95 10) (11) 
1 (22) (84) (46) (26) (68) (47) (8) (72) (63) (97) (18) (13) (38) (9) (6) (28) (77) (95) (48) (16) (81) (51) (41) (62) (91) (80) (57) 
2 (62) (55) (43) (92) (5) (4) (27) (91) (67) (99) (37) (85) (40) (70) (89) (38) (52) (10) (90) (66) (61) (45) (33) (94) (75) (30) (59) 
3 (47) (37) (18) (33) (27) (49) (41) (7) (57) (81) (94) (6) (75) (97) (83) (30) (36) (20) (11) (26) (93) (69) (73) (48) (2) (40) (51) (64) (22) (98) (44) (45) (77 3) (62) (92) (59) 
4 (97) (38) (18) (17) (23) (72) (12) (15) (55) (14) (54) (28) (21) (7) (75) (6) (37) (30) (62) (25) (98) (82) (84) (16) (48) (80) (22) (69) (66) (99) (4) (90) (67) (73) 
5 (52) (56) (82) (100) (12) (58) (37) (51) (66) (16) (94) (97) (50) (65) (20) (13) (89) (32) (15) (21) (6) (70) (85) (78) (11) 
6 (47) (95) (96) (7) (65) (48) (63) (55) (81) (59) (90) (16) (87) (53) (67) (76) (34) (39) (58) (25) (14) (49) (11) (62) (92) (60) (74) (77) 
7 (47) (58) (99) (35) (18) (10) (26) (82) (67) (89) (96) (29) (98) (46) (77) (25) (56) (39) (90) (37) (60) (28) (64) (40) (52) (69) (68) 
8 (88) (92) (66) (26) (18) (31) (87) (44) (95) (2) (22) (8) (74) (46) (15) (53) (60) (67) (21) (84) (54) (27) (24) (19) (99) (57) (37) 
9 (46) (56) (38) (65) (14) (5) (27) (88) (6) (9) (21) (81) (100) (55) (7) (45) (62) (89) (82) (1) (66) (57) (99) (50) (35) (94) (53) (20) (78) (96) (15) (68) (91) (83) 
10 (77) (73) (10) (27) (5) (83) (22) (57) (70) (42) (1) (44) (46) (60) (71) (84) (4) (40) (24) (32) (39) (53) (61) (29) (16) (41) (51) (90) (100) (31) (2) (79) (12) (89) (20) 
11 (46) (25) (24) (79) (20) (35) (38) (54) (23) (53) (65) (12) (44) (40) (72) (7) (94) (100) (21) (70) (1) (11) (34) (36) (14) (95) (85) (92) (90) 
12 (18) (27) (86) (43) (49) (100) (3) (76) (20) (9) (79) (89) (41) (70) (66) (58) (94) (5) (48) (13) (83) (21) (82) (80) (54) (63) (25) (47) (64) (17) 
13 (17) (59) (5) (10) (84) (49) (79) (24) (81) (88) (69) (80) (66) (100) (27) (94) (96) (65) (31) (53) (50) (83) (4) (57) (37) (61) (3) (54) (46) (48) (12) (75) (47) (68) 
14 (16) (38) (52) (13) (40) (54) (32) (91) (18) (22) (76) (65) (74) (96) (79) (61) (15) (19) (100) (93) (75) (50) (60) (28) (67) 
15 (2) (39) (24) (38) (57) (84) (53) (83) (86) (10) (3) (71) (12) (69) (19) (56) (7) (74) (36) (21) (93) (55) (97) (87) (14) (27) (11) (62) 
16 (55) (30) (43) (61) (4) (17) (66) (59) (98) (68) (5) (32) (99) (15) (22) (24) (38) (11) (89) (71) (41) (97) (14) (21) (40) (35) (20) (57) (53) 
17 (98) (77) (27) (50) (63) (84) (46) (8) (34) (26) (93) (75) (32) (4) (36) (54) (3) (58) (17) (13) (79) (56) (2) (1) (80) (29) (89) (14) (60) 
18 (51) (60) (56) (50) (41) (24) (59) (98) (86) (28) (90) (75) (11) (76) (72) (36) (43) (91) (6) (61) (52) (1) (15) (66) (37) (83) (42) (73) (89) (29) (64) 
19 (100) (22) (32) (54) (6) (59) (3) (20) (5) (85) (95) (11) (12) (41) (90) (33) (52) (79) (10) (23) (35) (44) (46) 
20 (41) (92) (82) (63) (87) (11) (65) (27) (85) (94) (2) (9) (37) (69) (50) (72) (54) (1) (56) (20) (51) (33) (86) (5) (64) (38) 
21 (18) (75) (34) (42) (27) (81) (51) (47) (96) (100) (13) (49) (3) (95) (84) (97) (71) (62) (93) (4) (66) (28) (58) (79) (20) (83) (52) (22) 
22 (79) (33) (95) (19) (52) (41) (16) (58) (53) (83) (31) (74) (91) (85) (78) (80) (22) (92) (49) (6) (50) (67) (5) (63) (70) (96) (56) (51) (75) 
23 (4) (56) (2) (100) (50) (85) (76) (52) (21) (81) (16) (31) (33) (47) (3) (71) (51) (29) (73) (41) (69) (54) (9) (11) (1) 
24 (15) (19) (70) (78) (72) (89) (79) (27) (12) (39) (51) (26) (73) (18) (50) (45) (65) (23) (66) (42) (86) (46) (96) (85) (94) (95) (80) (32) (17) (5) (14) (88) (37) 
25 (93) (73) (66) (94) (67) (28) (76) (85) (26) (6) (83) (38) (10) (27) (21) (15) (60) (100) (56) (84) (58) (45) (50) (99) (5) (97) (44) (49) (48) (65) (59) (82) (47) (55) (4) (71) (12) (78 46) 
26 (24) (64) (30) (65) (27) (79) (57) (50) (29) (46) (2) (52) (74) (21) (55) (9) (3) (11) (15) (10) (18) (56) (86) (1) (62) (45) (42) (98) (32) (38) (59) (22) (23) 
27 (43) (56) (59) (26) (52) (80) (51) (81) (83) (78) (97) (69) (68) (54) (35) (57) (23) (18) (10) (70) (7) (58) (89) (86) (50) (17) (5) (37) (82) 
28 (15) (2) (72) (69) (7) (95) (39) (10) (28) (89) (49) (87) (51) (96) (48) (23) (62) (36) (52) (29) (78) (47) (56) (4) (82) (58) (16) (3) (59) (20) (75) (92) (94) (98) (53) (26) (17) (55) 
29 (81) (51) (86) (5) (32) (41) (27) (75) (39) (43) (37) (54) (67) (13) (28) (82) (34) (74) (35) (48) (90) (10) (31) (61) (65) (100) (62) 
30 (28) (91) (20) (34) (16) (9) (15) (1) (50) (64) (48) (74) (65) (73) (97) (94) (23) (47) (35) (62) (93) (14) (84) (10) (2) (25) (57) (42) (18) 
31 (46) (95) (57) (81) (44) (100) (15) (30) (56) (9) (39) (17) (60) (67) (1) (37) (77) (68) (36) (79) (89) (96) (98) (20) (87) (6) (40) (72) (59) (4) (92) 
32 (56) (37) (43) (100) (36) (57) (49) (67) (12) (77) (21) (66) (10) (97) (64) (65) (47) (18) (22) (40) (81) (99) (27) (11) (51) (53) (74) (26) (19) 
33 (69) (11) (36) (56) (97) (35) (92) (74) (71) (90) (82) (27) (7) (4) (40) (52) (46) (20) (43) (38) (59) (17) (55) (15) (93) (25) (96) (10) (12) (57) (37) (18) 
34 (31) (14) (26) (9) (63) (91) (6) (86) (41) (5) (2) (90) (79) (1) (100) (43) (55) (56) (24) (62) (27) (88) (19) (21) (46) (82) (13) (89) (15) (72) (69) (80) (52) (95) (29) (38) (71) 
35 (3) (94) (44) (50) (24) (33) (98) (30) (10) (70) (56) (93) (99) (7) (17) (61) (54) (32) (21) (71) (42) (69) (67) (88) (34) (83) (97) (79) (8) (12) (15) (37) (59) (28) (84) 
36 (5) (77) (76) (50) (43) (62) (98) (52) (33) (74) (19) (13) (78) (27) (56) (82) (1) (36) (100) (51) (7) (37) (22) (66) (94) (69) (25) (32) (24) (4) (58) (48) (40) (29) (81) (57) (80) (18) (2) (85) 
37 (11) (25) (28) (38) (71) (35) (33) (10) (78) (2) (72) (61) (97) (54) (83) (82) (8) (84) (58) (91) (52) (41) (86) (36) (42) 
38 (33) (52) (35) (25) (76) (16) (48) (79) (73) (88) (6) (90) (94) (56) (41) (42) (10) (4) (21) (17) (54) (7) (30) (3) (38) (68) (64) (100) (12) 
39 (37) (49) (58) (99) (95) (30) (27) (56) (86) (42) (91) (64) (80) (73) (22) (79) (39) (50) (78) (61) (47) (85) (57) (5) (52) (77) (41) (12) (4) 
40 (98) (30) (44) (95) (62) (46) (82) (29) (84) (55) (34) (58) (54) (73) (76) (59) (22) (68) (10) (11) (36) (12) (56) (92) (9) (4) (49) (19) (35) (48) 
41 (54) (31) (94) (33) (28) (13) (1) (34) (69) (96) (43) (4) (70) (68) (85) (78) (24) (52) (30) (56) (3) (81) (61) (12) (47) (7) (22) 
42 (100) (99) (74) (59) (4) (91) (10) (31) (75) (88) (53) (25) (16) (84) (44) (39) (50) (45) (57) (8) (11) (1) (46) (73) (55) 
43 (84) (78) (13) (16) (37) (85) (83) (21) (81) (70) (87) (55) (23) (40) (20) (95) (62) (76) (72) (64) (67) (89) (48) (25) (91) (92) (54) (96) (28) (66) 
44 (91) (60) (78) (48) (15) (67) (23) (9) (76) (65) (13) (94) (2) (81) (18) (20) (12) (31) (88) (39) (8) (32) (70) (56) (46) 
45 (21) (53) (16) (29) (45) (3) (55) (27) (10) (84) (93) (18) (15) (80) (6) (43) (17) (95) (9) (64) (36) (11) (4) (87) (59) (40) (97) (8) (61) 
46 (26) (48) (23) (75) (19) (95) (83) (97) (87) (77) (30) (68) (54) (86) (79) (57) (92) (6) (59) (47) (7) (41) (56) (8) (99) (39) (85) (70) (17) (52) (12) (38) 
47 (33) (99) (83) (18) (34) (68) (94) (41) (58) (57) (89) (7) (86) (22) (76) (98) (93) (37) (75) (59) (8) (91) (25) (97) (80) (38) (20) (90) (35) (65) (14) (9) (66) 
48 (15) (3) (69) (1) (93) (56) (48) (65) (45) (4) (89) (62) (99) (76) (60) (84) (63) (52) (94) (38) (17) (12) (9) (77) 
49 (97) (63) (95) (28) (78) (29) (1) (4) (21) (30) (36) (37) (66) (57) (74) (26) (19) (22) (93) (80) (75) (68) (85) (17) (69) (38) (58) (43) (33) (70) (100) (45) (9) 
50 (47) (99) (5) (60) (30) (94) (16) (28) (69) (17) (66) (20) (14) (62) (43) (89) (98) (38) (91) (8) (76) (46) (85) (52) (6) (32) (93) (63) (27) (4) (9) (24) 
51 (14) (59) (57) (80) (50) (10) (29) (71) (73) (25) (28) (90) (93) (21) (6) (54) (45) (61) (37) (100) (95) (18) (53) (20) (62) (30) (5) 
52 (86) (95) (30) (80) (52) (3) (40) (5) (55) (50) (77) (27) (82) (99) (22) (13) (78) (81) (49) (14) (92) (11) (47) (69) (7) (35) (10) (88) (61) (8) 
53 (95) (73) (72) (60) (64) (56) (7) (88) (46) (13) (23) (69) (94) (41) (19) (48) (53) (86) (11) (6) (61) (65) (52) (70) (43) (14) (10) (33) (4) (3) (58) 
54 (64) (46) (90) (96) (5) (53) (54) (19) (50) (23) (8) (42) (22) (36) (99) (29) (61) (37) (82) (47) (41) (20) (9) (30) (49) (52) 
55 (68) (57) (6) (60) (55) (86) (37) (13) (39) (84) (31) (82) (73) (7) (26) (63) (87) (52) (18) (3) (65) (85) (33) (70) (76) (17) (54) (91) (93) 
56 (79) (99) (65) (84) (48) (89) (83) (14) (90) (73) (20) (5) (21) (53) (77) (7) (81) (29) (61) (23) (12) (75) (26) (41) (16) (56) (70) (27) (42) (38) (47) (60) (100) (33) (88) (37) (17) (35) (32) 
57 (93) (75) (68) (85) (37) (27) (77) (66) (78) (41) (9) (53) (64) (56) (48) (79) (28) (18) (60) (32) (45) (1) (14) (31) (59) 
58 (74) (25) (11) (44) (8) (53) (9) (59) (19) (32) (57) (94) (98) (12) (24) (37) (39) (68) (17) (23) (71) (40) (31) (64) (88) (86) (56) (7) (97) (81) (92) (82) (38) (73) 
59 (31) (8) (45) (25) (16) (94) (20) (29) (26) (76) (17) (90) (92) (74) (86) (19) (99) (32) (57) (27) (59) (100) (30) (84) (66) (36) (60) (1) (38) (7) (14) (21) (15) (3) (53) (11) 
60 (41) (94) (95) (50) (30) (84) (85) (64) (15) (36) (79) (51) (11) (46) (55) (44) (49) (25) (24) (38) (68) (31) (12) (8) 
61 (96) (49) (54) (23) (11) (32) (35) (68) (97) (76) (20) (90) (74) (44) (50) (2) (94) (7) (99) (64) (84) (78) (80) (72) (75) (1) (98) (16) (31) (18) (85) (6) 
62 (75) (71) (78) (84) (21) (19) (47) (27) (59) (35) (12) (13) (80) (11) (77) (89) (95) (14) (92) (52) (99) (57) (67) (22) (86) (74) (9) (60) (46) (79) (62) (88) (70) 
63 (91) (39) (89) (51) (12) (21) (27) (90) (38) (72) (80) (47) (7) (8) (83) (40) (18) (15) (68) (66) (9) (74) (96) (26) (54) (99) (100) (28) (50) (45) (94) (95) (97) (35) (59) (77) (32) 
64 (78) (40) (84) (20) (37) (49) (72) (9) (11) (87) (90) (77) (4) (62) (10) (63) (85) (48) (31) (73) (7) (82) (66) (50) (53) (91) (54) (13) (55) (21) (51) (16) (61) 
65 (72) (1) (62) (44) (77) (43) (13) (26) (35) (41) (80) (3) (46) (94) (97) (32) (70) (75) (85) (15) (86) (39) (76) (38) (19) (4) (50) (37) (78) (59) (88) (61) (84) (73) 
66 (48) (43) (7) (14) (65) (87) (37) (30) (33) (51) (99) (25) (34) (66) (12) (76) (82) (72) (26) (98) (89) (4) (62) (79) (23) (5) (97) 
67 (16) (11) (14) (36) (17) (48) (5) (43) (10) (67) (70) (60) (69) (23) (94) (76) (20) (89) (9) (66) (78) (98) (88) (32) (92) (100) (45) (85) (37) (8) 
68 (35) (49) (56) (64) (25) (58) (19) (84) (88) (100) (9) (13) (82) (42) (80) (62) (38) (3) (89) (77) (33) (46) (26) (1) (12) (6) (22) (87) (63) (92) 
69 (58) (60) (93) (34) (74) (99) (7) (9) (65) (88) (57) (14) (31) (69) (16) (80) (68) (40) (96) (66) (89) (54) (95) (64) (41) (48) (13) (15) (42) 
70 (21) (46) (87) (36) (48) (91) (88) (77) (51) (33) (84) (80) (25) (67) (76) (38) (4) (17) (19) (71) (69) (56) (75) (23) (96) (13) (97) (31) (11) (73) (1) (5) (37) (61) (12) (100) (34) (47) 
71 (30) (78) (25) (99) (74) (41) (40) (29) (93) (23) (49) (33) (75) (57) (86) (83) (22) (90) (72) (12) (44) (89) (26) (21) (13) (7) (35) (14) (55) (24) (37) (36) (91) (17) (16) 
72 (83) (76) (25) (91) (3) (40) (27) (99) (87) (15) (51) (9) (11) (52) (82) (1) (78) (57) (29) (67) (23) (19) (8) (37) (77) (79) (30) (86) (70) (63) 
73 (84) (29) (15) (41) (79) (69) (82) (17) (88) (22) (56) (61) (30) (39) (98) (96) (78) (35) (27) (7) (14) (9) (60) (54) (83) (44) 
74 (23) (2) (69) (75) (11) (22) (51) (92) (20) (31) (95) (21) (52) (70) (93) (38) (39) (43) (17) (34) (26) (60) (1) (91) (36) (50) (16) (56) 
75 (21) (89) (48) (65) (97) (73) (82) (60) (87) (35) (28) (47) (2) (75) (29) (14) (22) (79) (59) (69) (77) (43) (62) (74) (25) 
76 (61) (19) (38) (58) (73) (93) (51) (69) (70) (55) (60) (4) (95) (7) (71) (23) (82) (31) (41) (80) (54) (2) (5) (42) (3) (35) (83) (34) (84) 
77 (60) (86) (53) (46) (37) (93) (3) (98) (9) (59) (6) (61) (79) (12) (20) (96) (35) (82) (52) (91) (72) (45) (24) (62) (77) (64) (71) (8) 
78 (45) (56) (99) (76) (40) (89) (86) (95) (25) (78) (12) (100) (75) (39) (15) (20) (43) (27) (98) (48) (59) (14) (64) (97) (1) (81) (69) (46) (88) (30) (11) (79) 
79 (2) (62) (5) (23) (96) (59) (95) (37) (67) (26) (39) (30) (4) (43) (64) (60) (29) (65) (36) (40) (45) (42) (68) (1) (70) (78) (87) (57) (85) (92) (24) (49) (46) (58) (11) (3) (13) (34) 
80 (37) (85) (74) (29) (56) (93) (48) (86) (91) (28) (98) (41) (63) (50) (44) (57) (96) (25) (39) (45) 
81 (95) (16) (65) (31) (82) (38) (5) (13) (28) (29) (58) (99) (80) (27) (68) (88) (32) (34) (21) (44) (22) (76) (90) (33) (1) (93) (25) (39) 
82 (3) (81) (56) (79) (59) (94) (61) (32) (58) (22) (66) (47) (77) (90) (54) (84) (55) (87) (62) (16) (93) (53) (19) (10) (46) (12) 
83 (85) (21) (78) (93) (63) (25) (64) (9) (49) (51) (59) (53) (34) (29) (72) (62) (98) (38) (46) (73) (54) (70) (60) (6) (35) (33) (15) (36) (96) (32) (65) 
84 (43) (59) (88) (78) (36) (24) (44) (27) (82) (76) (71) (79) (33) (16) (87) (49) (20) (46) (92) (99) (100) (7) (55) (29) (86) (52) (69) (63) (66) (97) (81) (89) 
85 (73) (52) (6) (100) (16) (21) (20) (70) (32) (44) (36) (29) (25) (28) (53) (95) (18) (40) (74) (61) (79) (58) (87) (82) 
86 (24) (20) (98) (65) (66) (100) (11) (23) (8) (7) (14) (73) (44) (78) (47) (38) (51) (26) (13) (88) 
87 (90) (56) (81) (32) (16) (91) (1) (13) (77) (59) (70) (50) (88) (79) (12) (67) (37) (40) (62) (10) (46) (87) (9) (75) (28) (8) (71) (44) (15) (2) 
88 (33) (13) (15) (53) (59) (42) (63) (84) (8) (62) (45) (14) (95) (90) (69) (12) (88) (7) (9) (30) (36) (41) (74) (54) (77) (97) (10) (43) 
89 (48) (73) (53) (5) (10) (52) (31) (70) (63) (20) (3) (51) (28) (42) (56) (82) (61) (39) (35) (45) (94) (47) (90) (74) (12) (25) (23) (80) 
90 (10) (15) (97) (78) (2) (60) (30) (100) (56) (22) (53) (55) (21) (62) (27) (70) (95) (61) (66) (35) (3) 
91 (68) (77) (51) (55) (80) (84) (5) (57) (97) (20) (78) (96) (94) (69) (41) (34) (100) (31) (24) (89) (85) (28) (35) (27) (61) (49) (74) (3) (73) 
92 (75) (3) (30) (64) (79) (63) (56) (43) (49) (15) (72) (16) (89) (36) (68) (31) (5) (32) (11) (60) (71) (14) (88) (78) (55) (34) 
93 (28) (62) (68) (44) (35) (6) (50) (77) (53) (43) (14) (78) (74) (40) (57) (85) (37) (46) (17) (82) (15) (32) (86) (1) (100) 
94 (89) (34) (44) (30) (91) (19) (68) (41) (50) (86) (81) (85) (76) (8) (96) (14) (75) (45) (88) (57) (49) (33) (48) (61) (35) (10) (74) (29) (16) 
95 (85) (45) (23) (71) (56) (9) (39) (55) (17) (87) (44) (38) (64) (66) (48) (93) (10) (75) (6) (100) (65) (16) (98) (49) (83) (89) (32) 
96 (14) (21) (45) (37) (18) (5) (15) (27) (98) (76) (65) (40) (56) (30) (25) (97) (74) (35) (24) (39) (64) (10) (72) (26) (84) (85) (69) (23) (12) (91) 
97 (36) (41) (92) (95) (23) (100) (21) (86) (45) (75) (97) (66) (85) (74) (29) (11) (64) (71) (79) (19) (59) (16) (2) (61) (83) (10) (12) (68) (81) (47) (88) (56) (73) (43) (4) (37) 
98 (47) (38) (56) (31) (8) (69) (9) (71) (70) (97) (92) (98) (53) (75) (11) (30) (87) (7) (63) (45) (86) (5) (41) (82) (27) (99) (10) (33) (36) (37) (48) (80) (39) 
99 (46) (5) (68) (98) (63) (29) (93) (38) (77) (26) (4) (37) (45) (35) (27) (17) (79) (59) (40) (66) (73) (11) (92) (34) 
100 (82) (46) (10) (9) (69) (29) (50) (48) (19) (5) (71) (64) (44) (73) (63) (77) (53) (59) 
