0
100
100
1 (1 31 29) (44) (56) (70) (94) (17) (88 83 65 40 22 15) (92 54 71) (12) (42) (9 75) (72) (77 68 86) (63) (55 19) (52 74 24) (66) (4 53) (37 26 98) (100) (73) (85) (2 25 35) (30 16) (23 33) (93) (49 95) (67) (38) (79) (89) (3 69) (43 91) (8 11 84) (6 61 58) (28) (7 20) (18 82) (90 32) (10 39) (57 46) (97 80) (50 87) (64) (62 96) (51 13 81) 
2 (67 99 71) (15) (51) (98) (10 5 7) (100 44 41 80) (24 68 21 59) (58) (31 8) (29 38) (47 50) (57) (63 25) (76) (94) (77 81 14) (48 52 34 39) (64 28) (72 53) (4 69 61) (40 2) (66) (84 88 33 56 43 87) (96) (42) (11 37) (19) (55 83) (13 36 16 82 86) (1) (91 6) (79) (35) (73) (92) (70 46 32) (20 78 12) (26) (3) 
3 (11 56) (54) (43) (53) (96 75) (51 70) (30) (73 95 45) (24) (49) (58 94) (91) (5) (7) (16) (19) (46 79) (66) (85) (33) (82 9) (20) (78) (76) (21 10 1) (40) (93) (99) (67) (23 68) (31) (37) (63) (98 38 41 34 22 97 26 27) (81 83 42 28) (2) (57) (35) (74) (36) (87) (8 62) (32 59 89) (55) (18) (61 6 77 84) (64 39 47 88) (12) (29 60 17) 
4 (15) (4 96 11 43 58) (72) (85) (26 5 56 62) (70) (61 89 10 63) (2) (87 22) (95 82) (40 69 90 59) (57 52) (64 42 6 88) (31) (68) (91 28) (75 34) (77 78) (51 99) (1) (7 33 37 25 66 35 39) (12 32) (79) (80 86 14 45 17) (16) (24 60 73 76 48) (38) (94) (20 9 29) (53 65) (50 21 71) (3) (41) (27 100 30) (67 19) (47) 
5 (26) (22) (99) (94 2) (96 98) (66 43) (5 13) (97 4) (91) (23 60) (100 57) (46 3) (19) (8) (10) (37 86) (83 65) (62 53 76) (89) (25) (24 12 40 9 31) (28 51 73 48) (14 41 59 45 77 50) (18 85) (36) (21) (70) (38) (55) (20 27) (63) (81 39 88 90 93 32 15) (75) (68) (44) (33) (35) (80 74 11 47 42 95 92 58) 
6 (57 51 29) (94 62) (74) (46 60) (56) (76) (36 100 10) (47) (27 64) (19 65) (80 32 41 86 91 44) (61 82 2 84) (18) (69) (24) (48) (73) (83) (52) (42) (72) (9) (59) (17 5 40 8 49) (3) (95) (12) (21 88 70 1) (33) (6) (75 7) (25) (34) (53) (99) (79) (68) (67 98) (30 39 97) (66) (13) (23) (92 93 37 50 26 90 58 81) (31) (38) (71 45 11) 
7 (34) (17) (52 88 19 30) (65 77 68 23 15 73 60 37) (71) (31) (83 39) (92 51 27) (63 85) (36) (74) (53) (4) (70) (14 22) (10 50 35) (26) (13 59 24) (1) (72) (91) (11) (75 90) (95 40 84 33) (94) (42 64 98) (32 49 55) (3 16) (9) (12 48 57) (87 21 97 89) (81) (99 62) (100 96) (93) (82) (25 66 18 2 76 44) 
8 (9 70 90) (85) (60 16) (5 73) (21) (64) (15) (29) (12 48 68) (94) (24 71 23 37) (32 10 59 22) (56 18 83) (27) (11 6 39) (45 49 47) (31) (61) (30 52) (54) (8 33 84) (57 62 100) (50 91 38) (76 20 87 63) (67 77 69 1 79 65 13 80) (66) (95) (17 43 96) (81) (58 98 86 82 97 4 74 88) (14 75 7) (93 78 72 26) (55) (99 92) 
9 (14 90) (44) (6) (7) (20 86) (50 92 54 51) (77 97 48) (18) (91) (63 25 35) (58 30) (28 64) (73) (39 13) (76 12) (10 62) (40 34 81 37 24 26 16 65) (52 9) (59 80) (74) (32 53 41) (72) (21) (100 99) (27) (82 68 43 19) (8) (46) (71) (70 3 4 1 29 67) (94) (56) (89 84) (96) (49) (69) (33) (38 42) (47) (31) (98 23 2) (87 78 66 95) 
10 (64) (80 82) (2) (41 89 18) (10) (54) (68 56) (3 88 52) (7 33 92) (50 91) (23) (77) (15) (70) (53) (84 28) (44 21 1 98) (45) (62 93 16 42 35) (96 95 40 72 36 66 94) (63) (97) (6 85) (48 34) (11) (32) (69 9 58 26) (39) (83) (76) (24 74 99) (67 65) (30) (59 47) (75 25 31 100) (17 79) (4) (55 81 46 87 78 61) (60 38) (73 12) (86 8 29 27) 
11 (49) (29 45 58 60 80) (48 100) (75 12 9) (18) (62) (90 71 19) (55 28) (65 2) (26) (7) (27) (23 93 61) (31 6 1) (83) (92) (11 67 82 46) (37) (85) (13 14) (84 5 39 8) (88 86) (25 79 10 70 87 42) (81 4) (41 24 97) (51) (50) (96 73) (47 64 77) (66) (53 91) (52) (89 56) (76) (16 33) (95) (43) (40) (30 38) (54) (68) 
12 (61) (46) (27 32 26) (28) (44 97 59 81) (68) (31 9) (85 21 84 55 87) (79) (63) (80 7 10 52) (99 39 5) (11 19 49 56) (73 4 67 86) (1) (69 89 23) (25) (22 83 33 94) (24) (66) (62 12) (41) (40 58 65 92 45 77 74 14) (93) (95) (75) (54) (98 3) (2 57) (60) (70) (76) (50 15 48) (51) (8 16 91 17 18 20 35 71) (29) (90) (53) 
13 (69 14 71 40) (85) (4) (29 39) (94 74) (6) (15) (28) (57) (12 86) (19) (62) (20) (65) (60 54 72) (83) (53 13) (24) (34) (61) (16 68 41) (99 55) (63) (42 44) (43 96 21) (11) (49) (84) (35 98) (81 88) (46 100 17) (38 97 3) (37) (33) (50 80 2) (58) (78) (90 23) (70 66) (87) (30 91) (52 7 8 64) 
14 (38) (96 77 5) (75 61 26) (47) (89 15 43) (98 53) (1) (85 14) (37) (76) (52 2 35 59 60) (29 21 28 65) (46) (25 86) (73 62) (7 44) (64 81 54) (23) (78 82 69) (20 9) (48) (63 27) (18) (40) (87 84 3) (56) (93) (90 45) (12 70 66 92) (10 41 39) (58 6) (74 36 16 88 51 83) (30) (79 97 68 50 91) (42) (49 80 11) 
15 (44 65 92 45) (9 50) (13 59) (34 93 43) (53) (8) (27 49 14 70 37 100 24 81) (51) (83) (10) (87 4 67) (71 54 78 20 19) (47) (90) (40 22 62 68) (46) (48 55) (97 12) (74) (31) (18) (69 94 66 23 1 21 52 39 75) (30 61) (60 80 26) (35) (16) (64 7) (3 15 33 89 42 11 5 91) (56 77) (82 32 58 63 95 79) (2) (57) (36) (99) (25) 
16 (43) (58) (99 93) (28) (3 51) (64) (71 2 1 78) (75) (86) (45 31) (65) (84 42) (14 16) (46) (22 49) (44 79) (15 98 18 83 100) (40) (37) (13) (12) (9) (85) (20) (81 6 77) (96) (94) (36) (66) (70) (38) (91 24) (69) (61 29) (82 90 34 50) (72) (7 11 60 97 62) (23 89) (19) (25 73 21 30 56 74 41) (88) (5) (87 39 33 95) (26) 
17 (64 29 27 43 35) (83 50) (95) (70 84) (54) (58) (11) (14) (53 86) (76 93 100) (19) (12 99) (87) (55 36 79) (34) (82 91) (45 56 30 47 71) (25 16 88) (24) (62) (20) (23 4 52) (72) (66) (1) (94 74) (6) (15 22 37 68 77 38) (73 5) (46 85) (7 89 40 69 26 49 63 39 17) (81 31 28) (97 61 57 78) (8) (90) (41) (3) (51 9) 
18 (72) (92) (31) (19 40 45) (83) (51) (20 17 58) (57) (46) (88) (55 41) (50) (80 37) (97 78 100 61 27) (60 93) (26 77) (75 4) (62) (81 74) (94 38) (89) (10) (23 47) (90 15 49 13 33) (99 6) (5 16) (22) (7 63 67 64) (12 71 53 86) (25 54) (34 70 35 79) (73 87) (28 44) (30) (42) (29 24) (8 69) (9 91 11) (84) (3) (43 18 48 32) (65) 
19 (29) (37) (41 17) (67) (58) (51) (88) (6) (61) (98 48 83) (46) (3 8 100 93) (96) (76) (15) (79 21) (7) (1 86 5 50 62) (56 26 97) (64) (49 55 40) (10) (45) (70) (14) (2) (12 16 54) (30 27) (73) (43) (75) (11) (82) (78) (80) (94 28 53 66 91 44) (38 68) (77) (60 13) (4) (22) (87 18) (20) (99 19 81 52 47) (71) (89) 
20 (58) (35 74) (75) (24 31 33 86) (66 55 76) (53) (28) (1 68 95 50 4) (52 87) (13 7) (34) (38 3 22 93) (20) (2 12) (19) (32 40 21) (17) (99 29 15 39 46) (54) (51) (77 84) (49) (92 73 62 89) (6) (69 85) (26) (44) (56 80) (5) (30) (57 37) (9 79) (64) (94 59 18 23) (14 90) (67 97 61) (10 71 78 63) (16) (48 36 11) (42 98 72 82 65) 
21 (11) (8 9 84) (99) (69 14) (86 15 77 53) (27) (18) (63) (38) (23) (92 41) (82 65) (71) (58 21) (70) (7 76 54) (26 10) (22) (81) (44) (46 74 5) (30 89) (93 42 67 13 2) (91) (75) (97 31 98 19 32) (36 40) (50) (79 3) (25 100 57 17) (43) (68 96 83 16) (55 60 52) (78) (49) (34) (90) (4) (72 6 37 48) (33) (35 88) (47) (28) (56) (64 45 29) (39) (20) 
22 (76 42) (65 17) (96) (98 21) (48 41) (12) (13) (29 77) (51) (5) (53) (43) (3) (72) (81 24 2 59) (16 91 58) (57) (71) (63) (46 40) (56 95) (60 4) (23) (89) (36 62 79) (9 14 38 10) (73) (78) (68 28 50) (82) (44 22) (54) (74 90) (20 86) (69 8 15) (30) (94) (37) (6 1 25 99 66 88) (64 19 27) (11 61 34) (49) (52) (47) (45) (31 92) (83 87) (32) 
23 (34 89) (3) (5) (88) (100) (46 97) (54 29) (78) (56) (14) (15 37) (24) (42) (76) (62) (60) (18 79 39) (96 82) (20 69) (58) (8) (36 16) (11) (72 99) (84) (93 70) (85 90) (13) (21 53 61 83) (65 63) (57) (22 43) (25 19) (92) (12) (26) (95 47 59 40) (52) (35 77 7 38 2) (87) (75) (49 67) (74 31) (50) (48 68) (64 6) 
24 (10) (65 93 49 9 18) (51 39 64 99) (96) (52 83 27) (94) (92 76 50) (100 82) (28 61 46 79 31) (24) (75) (85 71) (74) (14 22 98) (20) (29) (48 88 23) (80 26 69 36 53) (73 72 89 44) (17 81 91 87) (62) (84) (55) (56) (6 67) (2) (47) (41 21) (45) (90 78) (43 35 40) (15 8) (57) (5) (33 42) (16) (38 77) (1 70) (68 11) (12 32) (13) 
25 (19) (47) (58 64) (27) (49 48) (73 51 11) (31 87 82 33) (6 68) (74 92 80) (61) (9) (34 72) (71 44 95) (46) (22) (5 16 65) (70 50 25) (43 45) (18) (14) (89) (66) (13 83 57 76 84 4) (24 86 100 26 32) (93) (40) (54) (8) (42 17) (97 53) (12 39) (7 52 38 69) (75 91) (41) (85 2) (35 23 10) (30 21) (67 20) (79 99 77 63) (3 15) (56 90) 
26 (69 71) (96 22 58 81 23 53) (32 45) (10 51) (76 43) (86) (18) (60) (78) (35) (62) (94 25) (30) (83) (12) (7) (66 73 20) (13 85) (31 63) (54) (8) (29) (80 57) (28 44 17 14 34 27) (98 49 87 1) (9) (90 88 65) (82) (89 99) (15) (2) (92) (100 36 77) (52) (97 4) (39) (5 46 3) (59) (91 42) (95) (70 68 40) (64) (67 61) 
27 (68) (88) (76) (19 21 6 81 20) (62 13) (37) (2) (25) (51) (64 30 96) (36) (90) (10) (84 57 12) (86 42 94 1) (5 71) (29) (87 3 24) (16) (56 78) (45) (82) (97) (73) (72) (91 27) (43) (17 100 63) (11) (46 53 33) (58 67 40) (14 8 4) (83) (23 50) (59) (89 80) (95) (41) (70 98) (48) (49) (54 32 9) (34 31) (22 99 92) (26 60 65 18) 
28 (7) (46 26 16) (19) (58 47 64) (95 45) (28 33 11) (77) (12) (49) (23 88) (29) (71) (31 99 14) (27) (65) (66 17) (91) (74) (41) (1 3 78) (38) (13 53) (21 73 98 5) (6 60 61 76) (40) (42 44) (75 62) (93) (2) (63) (81) (67 51 52 9) (89) (85 56) (90) (59) (94 97) (80 54) (25) (10) (4) (87 8 48 79 72 57) (22) (18 86 55) (92) (100) 
29 (2) (56 45 99 73 64) (25) (10 29) (70 74) (22) (33 94 38) (19) (40) (63 37 11 26) (72) (57 42) (61 69 49 91 3) (67 30 66) (92) (58 50) (84 32 87) (9 47 79) (16 53) (20 51) (4) (85 86) (55 76) (78) (77 59 1) (8 34) (15 62 28 98 27) (65 6 54 24) (60) (88) (82) (31) (68 41 23 12) 
30 (24) (10) (9 56) (51) (78 72) (5) (18) (59 35) (32 15) (71 43) (33) (13) (84) (36 7 61 17) (6) (88 3 30) (54 21 1 46) (28 98 40) (26 19) (96 92) (48) (12 89 76 42) (20) (8) (37) (87) (68) (63) (80) (14 11) (100) (83 25) (45 58) (27) (23 4) (79 41 47 85) (95 62 60) (44) (75 39 22) (55) (52) (81) (97 64) (67 57) (73) (66 31) 
31 (50) (55 27) (46 17) (90) (58) (30 48 81) (100 25) (42 97 24 76 10) (2 45 18) (73 88) (54) (66 62) (15 61 4) (29) (33) (26 5 31 39 38) (77 70 83 11 14 28 99) (84) (47 96) (8 79 12 41) (59) (1 74) (13 43) (36) (71 68 63 32 92) (94) (21) (65) (34 3 35) (51 37 44) (86 82) (7 40 19) (49) (98 89 20 57 64) (91 53) 
32 (17 44 56 29 92) (27 16 98 15) (76 84 48 26) (80) (45 11) (31) (96 32) (10) (35 30) (52) (40 4) (77) (22 97) (50 59 95 62) (93 38 73 71 46) (53 43) (19) (28) (6 57) (99 60) (87) (41 79 25 21) (85) (54 2) (55) (83 63) (7 24 100) (8 37) (58 14 67) (86 18 47 72) (75 51) (82) (66 34 12 49) (33) (90 69) (68) (65) 
33 (55 30 54) (22 64 51 76 74) (35 73 83) (18) (57 95) (5) (75) (68 41) (90) (69 100 45 89 13) (80 1 47 96) (26 48 92 42) (46) (8 6 21 53 94 39) (93) (63 27) (37 88 61 10) (34 11) (40) (33) (24 81) (16 15 85) (14 77 66 82) (70) (72 12 38) (19 79 58 62) (32) (97 44) (43) (7) (56) (3 50) (60 52 91) (98) (23) (20) 
34 (86) (39 48 38) (68 57 60) (53) (1 17) (26 77) (91) (10) (16) (69) (92) (94) (62 66 51) (82) (80 49) (59 30) (55) (89 32) (79) (42 83 84) (5 35 90) (63) (44 3 36 29 100) (11) (74 19 88 33 37) (25) (67 22) (45) (87 12) (24) (8) (34) (71) (56) (81) (75) (21 54 20) (64 52) (9) (46 40) (7) (47) (15) (78 13) (95) (76) (50 70 93 43 97) (73) (72 98 31) (41) (58) (6) (65) 
35 (48 100) (27 12 66) (40 60 25 17) (31) (38) (45 81 7 92 32 78) (74 69 93) (83 14) (73 96) (52 54) (42 91 46 21 80) (86 89 59 51 8 16) (36) (41) (10 33) (65 44) (15) (87 4 76 23 37 71) (11) (34) (75 35) (70 77 49 1 29 9 67 22 19 63) (24) (20 79 39 62) (18 26 56) (47) (97 53) (90 82) (64) (3) (95 72 84) 
36 (68 16 99) (17) (84 30) (48 31 47) (21 57) (100) (4) (78) (51 1 76) (98) (34 12 43 59) (33) (2 38 83 94) (23 56 18) (88 55 86) (89 19 20) (8 45 36 61) (26) (77 35 65 44) (3) (27) (32) (25 24 41 39 52) (14) (62 66 92) (63) (53) (91) (13) (15) (90) (46) (37) (40 79 95 60) (22 69) (71 9 72) (10 7) 
37 (51 41) (28 35) (11 74) (44) (5 32 85 6) (72) (86) (31 78) (25) (71) (33 57 55) (75) (15) (95) (37) (58) (92) (45 88) (47) (100 9 27 77 4 62 23 18 66 48) (60) (67 39) (53) (87 43 7) (83 16) (84 89) (40 50 2 26 21) (8) (42 19 63) (46) (36 90) (49 91 3) (80) (52) (97) (56 14) (82 13 79) (24) (68 38) 
38 (34) (53 39) (98) (12 47 33) (51 94 5 70 79) (93) (20) (55) (97) (43 99) (62 13 44) (17 73 60) (40) (2) (91) (45) (30 66) (50) (18 76 81) (19 29 24) (80 72) (36) (7 89 8 52) (69) (27) (54) (31 21) (96) (15 83 75) (71 25) (41 14 42) (86 87 82 61) (16 26) (3 11) (68) (35 48 74) (6) (32 4) (92 67 1 100 37) 
39 (12 28) (76 93 4) (47 53) (83) (82 61) (35 79) (49) (21 55 68 5 25 73) (11) (44 62 8) (27) (46 60) (81) (74) (57 99) (96 97) (1 3) (39) (70) (2 85) (69) (52) (14 67 88 31) (7) (29 20 13 40 86 6 10) (78 41 33 17) (95) (54) (43 84 65) (90 66 45) (91) (23 89 36) (80) (38 42) (24 37) (92) (100) 
40 (51 69 64 6) (67 4) (58) (76 38 77) (72) (42) (23 15 90) (21 32) (89 65) (56) (49 13) (12) (97) (27 70 81) (18 73) (16 29) (19 37) (95) (17) (53) (3) (44) (33 48) (41 75 47 1) (96) (46 100 11 82) (98) (55) (43) (60 88) (52 91 63 62) (28 85 31) (45) (26) (8) (93 80) (2 35) (50 74 7 40) (30 59) (54) (61 34) (87 36) (24 86) (79 92) 
41 (44 62) (3 77) (25) (30) (15) (49 24 59) (100) (8) (40 94) (38 1 32 69 85) (5) (68) (89 10 61) (57 78 53) (28) (17) (82 56) (27 47) (4) (33 71 96 74) (41 7) (51) (83) (97) (20 39 81) (58 14) (73 90 31) (65) (93 55 92) (72) (23) (22 9 18) (67) (63 70 79 2) (36) (19 43 75) (46) (11 21) (99) (95 37 91 35) (29) (86) (13) (54 98 64 76 50) 
42 (50) (14) (22 57) (61) (38) (99 16) (83) (51 13) (6) (4 95) (9 43 25) (8) (49 11 96 62) (52) (73) (40 98) (58) (93 59) (75 89 66) (67 20) (56) (65) (15) (5) (26) (63 80) (78) (85) (23) (92 87) (42 21 3) (48 53) (18) (24) (10) (17) (72) (79 100) (29) (7) (88) (46) (55 90) (36 28) (81) (70 2 33) (30) (74 12 37) (64 44) (60) (45 76 1 77) 
43 (74) (51) (17 94 88) (3) (78) (68 100 47 9) (21) (45 82 96) (77 71) (89) (28 13) (52) (69) (84) (62 31) (79 80 98) (81) (70) (15 8 63) (12 83 39) (54) (43) (57 14) (11) (58) (92) (93) (25 49 22 33) (53) (30 55) (6 40 35) (50 65) (73 20 2 23) (18 41 86) (66 34) (91) (44 5 7) (4) (42 19) (36 76) (90 32) 
44 (46 95) (47) (73 14) (35 15) (20) (49) (79) (18) (24 31) (61) (86) (88 1) (96) (58) (70 5) (98) (77 74) (54) (33) (41) (17 65) (19 66) (78 7 76 56 93 13) (39) (44 25 83 100 30 22) (91 90 38) (27 37) (53 89) (62 99) (84) (80 55) (92) (3) (94 51) (87 63) (6 64) (40 45 81) (75) (85) (82) (8) (43 48 34 2) (4) (67 32 42) (57) 
45 (10) (62) (58) (23 49 64) (14 31) (7 37 66) (25 96 52) (22 100) (29) (36) (5) (17) (94 55 97 68 63) (50) (40) (67) (1 98 69) (32 20) (74) (70) (85) (84) (76 92 56 35) (95 65 87) (91) (72) (45 54 78) (46) (4) (33) (79 13 27) (3 44) (41) (73 57 83) (90 99 8 28) (34) (89 82 81 47) (19 39 24) (12 51) (2 21 15) (86) (60) (77 16) (26) (9) 
46 (24) (20 77) (11) (2) (79 63 32 74) (34) (17) (62 89 49 98 18 82) (58) (28) (75 84 55) (73 47 16) (53) (6 30) (48 76 39) (33 40 93) (41 27) (80 59 25 45) (71) (43) (86) (69) (81 70 31 12) (3 78 50 15 9) (8) (96 36 26) (46) (68 65) (51) (67) (56 44) (7 37 13 22) (19 61) (54 4 99) (72) (42 14 66) (97 29) 
47 (25) (9 46) (41 8 88) (37) (13 92) (42 23) (93) (29) (96) (12) (75 32 79 62) (4) (73) (27 99 20 67) (61) (64 15 38 95 85) (34) (91 19) (18) (59) (45) (70 51 56 84) (98 7 94) (97) (60 33) (74) (49) (17 81 10) (66 52 35 68 50) (40 83 65 58) (21) (48 11 5) (63) (43) (82 76 57) (1 22) (55 39) (54) (71) (53) (26) (100 6) (77 44 3) (86) (72) 
48 (66 29 18 49 98) (16) (82 2 47) (93 67 13) (8) (28) (17) (56 6 42 30) (11 75 39 61) (1) (9 86 69 94) (91) (100 72 45 4 54 63) (55 51 85) (38 26 32) (83) (40 59 92) (43 90) (58) (88 21) (5 97 36 24 34 74) (60) (25) (7) (27) (71 68 48 22) (73) (65) (12 41) (87) (46) (23) (14) (99) 
49 (35) (87) (22 49 61 5) (96) (56 70 72 51) (47 41 31) (94) (48 7 40) (8) (80 10) (29) (1) (59) (17 19) (30 18 3) (67 71 57) (63) (37) (73 60 2) (62 11 53) (25) (16) (46) (12 28 79) (81 39 55 13) (42) (43) (9 15) (77) (24 99 50) (91) (58 32 98 6 54 74 26 14 64 4 95) (92) (21) (100 34 88) 
50 (46) (24) (76) (59) (9 99) (27) (25) (81 91) (50) (48 33 66) (14 97) (16) (37) (29 38) (19) (34 45) (5 44 96) (82 28 98) (36) (86 42 90 15) (3 53) (30) (60 64) (4 51 2 26 67 41) (95 32) (62 39) (35) (65 77 89) (47 22) (87 1 72) (18) (23) (56) (40) (55 57 8 10 100 12) (31 69) (63 20 11) (21) (71 43 79) (94 84 93) (49) (13) 
51 (17 23) (36) (79) (37) (91) (84 44 99 47) (45 77) (10 83 4) (2) (51 69 72) (66 64 59) (53 87) (97 78 7 24 16) (14) (26 75) (29) (71) (86) (58) (94 95 98 34) (52 73 28) (89) (5 21) (93) (15 38) (57 90 49 41) (54) (22) (32 68 25 60) (9) (100 46 43) (80 33) (55) (92 82) (88) (56) (30 3 1 70) 
52 (33) (37) (75) (90) (35 47) (70) (99) (10 79 88 1 71) (55) (44 7 84) (81 8 11) (45 83 95 26 56 66) (74 38) (57) (19) (22 21) (20) (68 25) (89 87 100) (46 78) (40 58 4 98 76 9) (65 15 80 2 17) (63) (48) (61) (60 94 77) (27 91 72 54 16 5 92 64) (53) (93) (14 12 62 34 82 86 23 42) (69 29) (32 39) (73) 
53 (68) (69 80 100) (94 17) (52 77) (82) (81 5) (12 15 24 44 22 67) (75) (43 25 73 45) (55 11 21) (61 10 86 40) (96 16 18 6) (78 46 30) (54 87) (97 57) (53 37) (27) (29) (93 19 64) (65 14) (35 36) (50 88) (84 74) (99 13) (31 49 33 89 47 59) (51) (83 56) (3) (91) (58 4) (90) (71 66) (70) (28) (39) (1 79 9) (23) (95 85) (20) (60 76) (63 2) 
54 (36 83 79) (62 53) (8) (57 78 32) (19) (63 41 67) (94) (40 28) (7 80 34 37) (44) (18 65 58) (81 25) (86 11 22 93 88 30) (39) (16 100) (87 1) (15) (55 47) (75) (76 73 68) (43 38) (54) (72 96 84 46 45) (98 52) (61 70 3 48) (24 95) (23 42) (92 90) (91) (31 66) (2) (59 97 50) (89 10) (51) (35) (85) 
55 (30 35) (14) (84 31 50) (97) (69) (23 5) (52 55) (4 9) (60 71 72) (44) (68 2 28 87) (33 1 63 56) (22) (65 59 47 62) (90) (77) (61 15) (13) (32 73 38 86 96 37) (29 57 76) (51 91) (36) (53) (54) (64 17 10 8 94) (21 88 43 27) (25) (45 40) (92 89) (95) (100) (3) (11) (18) (24 19 67) (26 99 42 66) (7 12) (75 58) (49) 
56 (97 1) (100) (3 80 70) (64 91) (27) (40 89 16 43 75 37) (22 94) (61 52 59) (8 38 12) (83) (2 53) (95) (5 15 98) (32) (50) (7) (65 87) (92) (46) (57 20 60) (13 29 99) (9 47 25) (31) (34) (24 33 58) (23) (30) (14 4) (71) (76) (49 73) (96) (54 39 48) (18) (55) (6) (90 62) (35) (74 67 82 42 19 63) (11 41 44 78 51 93 72) 
57 (77 51 98 88 47) (33) (83 3) (85) (25) (45) (21 65 15) (34) (80 95) (12 87 38 7 48 93 28) (26) (55) (40 60) (78 31 89 70) (52) (69 57) (71) (99 64 4) (5) (41) (39 17 66 84 22) (82 16) (63) (29 67 76) (32 96) (92) (59) (1) (18) (11 68 9) (44) (35) (20 42) (13 62) (75 74) (37) (90) (72 19) (30 8) (97) (10) (79) (23 94) (54 81) (2 27 24) (73 91 61 100) 
58 (23) (83) (58 12) (49 76) (69) (16 50 6) (82 14 97 4) (41) (63 18) (87 85) (96 56) (46 35) (95 11) (10) (20) (59 53) (75) (61 8) (67 17 48) (33) (81 86 51 94) (24 7 92 62) (31 80 44 5) (26) (68 73 1 30) (66) (34) (100) (36) (64) (60) (2) (15 42) (40) (54 99) (72) (27 19) (79) (55) (22 25) (47) (39) (43 38) (93) (90 37) (74 78 52 88) 
59 (15) (51) (36) (90) (88) (9) (78 64) (31 82) (48) (8) (57 50) (92 24) (45) (79) (83) (86) (34) (46) (22 73 17 58 35) (53 66 42) (5) (37 47 74) (85 27 93) (77) (97 80 12) (72 89) (52 81 26 11 2) (95) (71 60) (3) (41) (84) (21) (44 7 33 32) (76) (28 43) (62) (13) (100) (98) (19) (70) (40 18) (6) (59 61 54) (87 38 39) (14 10 56) (55) (69) 
60 (59 10) (69 5 6) (86 84) (1) (8 75) (29) (42) (73 39) (55) (36) (81 45) (61 23 64 83) (22 67 34 98 88 54 21 7 90 13) (82) (51 17 49) (43) (48) (56) (31) (92) (3 53) (77 9) (95) (94 4) (93) (99) (52) (87 62) (71 57 72) (30) (35 25 97 12) (32) (58) (80 11) (33) (60) (66 28) (26) (96) (78) (41) (2) (15) (79 89 20 44) 
61 (78) (71 94) (53 65) (47 32) (81 2 62 39 73 21 45) (10) (63 29 24) (42) (50 70 88 59 14 41) (38 57 16) (51) (61 87 84) (15) (25) (72) (6) (9 26) (40 93 28 4 97) (11) (34 76 79) (46) (67 58 91 100 23) (19 56 80 31 66) (68) (75) (13) (48 37 98) (99 74) (30) (69 55) (44) (1) (3) (86 82) (12 5 96) (92 60 90) (35 85 52 89 27) 
62 (59 38) (13 67 77 50 97 19 81 60) (65) (70) (80) (78 47) (66 68) (90 40) (72 25 23 53 9 96) (99) (100) (89) (63 82) (75 57 56 27) (14 6) (76 34) (29) (62 71 16 24 10 64) (69) (26 33 8 48 21 3 5) (88) (39) (44) (91) (22) (4) (43 61) (85) (7) (15) (55 58) (37) (92 41 32) (42) (94) (73) (36) (84 2 18 11) 
63 (64) (86) (4) (44 56) (65) (57) (74 7) (32) (83 70) (11) (78 29 39) (63 16) (42 94) (62 22 19) (35) (2 71 46) (69) (3) (75 43) (68 82 66) (25) (96 60 12) (89) (53 14 79) (92) (13) (58) (91) (37 48) (50 30) (84 61) (27) (5) (8) (17 28 24 41 93) (76 20) (90) (98) (49) (51) (45 31 54) (99 77 59) (9 18 80) (85) (34) (36) (33 87 1 73) (55) (72) (67) (21 40) 
64 (23) (35 87) (100 50) (92) (67) (40) (11 4 81) (14) (36) (33) (25) (41) (48 43 20) (46) (24 16 83 44) (74 84 57) (38 2 89) (30 19) (97 76) (82) (88 78 94) (90 18) (3 70 65 93 54) (13) (15 58 75) (27) (55 80) (42 51 32) (52 99 71 98) (69 63) (91) (12 53 7) (73) (1 64) (5) (95) (10) (29 68 34 45) (31) (59 77 86 60) (39) (66 61 96 56 22) (72) (49) 
65 (84) (8) (37 66) (2 5) (73) (14) (62) (23) (50 80) (4 10 47) (98) (33) (45 39) (99 12 15) (58) (7) (20) (34) (59 57 96) (48 56) (55 18) (6 93) (87 72) (54) (11 30) (25) (9 17 49) (51 36) (28 3) (67 41 77 85) (38 92 13) (68) (44 65) (74) (22) (76) (86 83 42) (91) (21) (75) (89 100 53 24) (35 26 97) (32) (27 90 1 79 81 78) 
66 (76) (82 80 59 31) (32) (92) (73 96 41) (23) (74) (91 90 46) (5 19 37) (60) (66) (78 98) (39 42 34 9 43 12 25) (77 3 16 58) (65) (71 84 56 51) (85) (50 15 61 38 54 13) (30 57 79) (7) (55) (48) (89) (81) (21 88 95) (8 49 11) (64) (83) (18) (10 33) (99 4) (67) (29 6) (75) (100 28 26) (62) (14 47 97) 
67 (95) (88) (90) (12) (21) (58 98) (33 6) (8) (13 93) (99) (55) (54 66 2 51) (17 65) (83 34 38 47 94) (39 46) (25) (5 1 81) (4 59) (60 61 63) (92) (50) (48) (9) (62 76 72) (78) (71 86) (96 64 85) (41) (49) (42 75) (73) (20 97) (84) (89 40 19 79 77) (91 56) (57 74 3) (69 23 24 52 16 29) 
68 (1 26 78) (29) (31) (49) (36 10) (85) (35) (54 80) (47) (84) (81 39) (11 4 98 40) (20) (74 44 93 96) (53 18) (64 91) (51 46 27) (28) (77) (65) (57) (25) (88 23) (50 68 48 56 87 22 60 95 100 90 83) (69) (12 61 62) (41 89 3) (33) (38 16 79) (66) (97 71 19 73) (76 8 45) (92) (70) (58 59) (94) (14) (13 67) (43) 
69 (7 18) (72 85) (53) (55) (64 26) (89) (77) (57 38) (36 83 48) (59) (27 51 96) (46) (79) (17) (62 74) (91 65) (80) (78) (54 33 6) (14) (90 95 39 41) (94 92 43) (5 60 11 28) (82 4 12 34) (9) (66 98 29 32 45 67 93) (61) (37 76) (24) (81) (31 63) (75 99) (22) (71 73) (20) (25) (40 19) (35 10) (68 88) (56) (50 15) (1) (58) (84) (87 13 97) (16 70) 
70 (42) (63 72) (55 69) (28 26 20 39) (38 40) (7) (4 35) (51) (97 71 94) (90 54) (84 85 45) (30 5 52) (50 93) (1) (32) (86 11 41) (37) (74) (91 76) (18 83 59 48 23 96) (89) (100 36) (95) (33) (66) (98 64 70 47) (82 46) (43 92) (34 12) (31 15) (88 79 3) (21 14 58 49 8) (13) (73 16 27 65 56 60) (29 75 24) (9 61) 
71 (1 9) (67 34) (61) (85) (84 6 88) (63) (22) (15 45 37) (46 57) (18 38 29) (10 70 95) (11 98) (64 65) (91) (27) (25 80 41 32) (20 42 13) (53 51) (31 12) (93 8) (83) (77) (71) (72) (74) (5 60) (79) (24) (49) (44 43) (62 36) (21 69) (87 94 97) (73) (3) (47) (96 40) (4 48) (99) (81) (82) (19 52) (78) (56) (35) (66 39 7) 
72 (3 9 40) (41) (61) (92) (29) (70) (10) (19) (21 12) (58) (55) (30 95 59) (94) (81) (64) (66 8 45 36 63) (2) (15) (69) (50 25) (93) (75 71) (97 35) (84) (100) (7 77) (85 5 13) (17) (60) (99) (24 31) (46 57) (72) (87 82 32) (20) (48) (33 96) (73 86) (51) (27) (11 18) (88) (89) (37) (4) (28 42) (80) (38 52) (16) (1) (54) 
73 (57) (27 100) (42 88 22 25 87) (62 59) (64) (29) (7 75) (55) (51) (98 82 34) (85 18 49) (61) (39) (26) (78) (1 8) (44 23) (30) (12) (73 20) (11 89 53 41 48) (35 14 4 36) (46 65) (45 95) (80) (96 90) (5 54) (71 16 79) (10 76 93 86) (37 72) (31) (52) (28) (83 58 63) (15) (3) (2) (19 9 43 68 60) (66 70 69) (92) (21 47 50) (99 24) 
74 (3 20 54 82 17 55 38) (100 64) (22 35) (84) (11 5) (45) (94 91) (13 62 52) (9) (42) (24) (18 79) (10) (78) (92 53) (67) (6 32) (98) (90 44 60 77 37 23) (87) (61 36 31 26) (4) (16) (97) (1 43 34 95) (28 71 75) (40) (21) (25) (66) (49 33) (30) (93) (58 63 81 85) (80) (65) (12 99 73) (39) (69) (57) (50) 
75 (15 24) (17 64 44) (95 96) (33 98) (99 28 6 19) (4 77 80) (40 18) (81 67) (22 79) (7) (86) (75) (97) (23) (10 94 21 66) (61) (74) (47 91 85) (38 16) (25) (70 3) (88 49) (65 32 50) (9 46) (78) (31) (12 63 30 27) (43) (52) (59) (20 83 53) (76 11) (55) (73) (1) (71 60) (100) (13) (68 41) (92 87 35 2 57 51) 
76 (50) (81) (79 100) (43) (12) (60) (33) (61 28) (67 32) (77) (3 89) (5 97) (65) (24 99) (52 54 23 16 56) (31) (39 84) (44 38) (88) (9 25) (73 26) (85) (48) (15 59 75) (64) (4) (80 71 93) (20) (70 82) (94) (95 19 40) (58 55) (86 92) (96 62 45) (14) (47) (69) (18) (41) (17 57) (6 68) (72) (36 78 2) (53 90) (22 11 87 13) (21) (34) (63) (98 42) 
77 (32 71 76) (62 80) (33 44 96 58 60 2) (37) (74) (98) (94) (24 42) (97) (16) (38) (50 89) (70 84) (46) (8 19) (11 64 69) (7 36 25) (23) (22 34 14) (39 85 57) (77) (27) (5 93 88) (75) (65) (52) (9) (28 49) (95) (100 63) (59) (41) (12) (90 6) (78) (67 86) (21) (29 3 56) (4 54 1) (30) (53 40) (47 15 73) (45) (43 61) (55 10) (87) 
78 (95 12 86 41) (90 67 71 16) (35) (6 59 38) (98) (37 81 73 88 96) (47) (44) (89) (92 84) (45) (3) (15 77 7 30 1 58 61 20 94 87) (62 17) (27) (22 9) (28) (55) (39) (79) (54 19 83 70) (75 64) (24 40) (51) (57) (49) (69) (80 36 5 14) (10) (4 43 100 42) (91 60 23) (25) (97 52) (11) (65) (26) (33 78) (56) (18) (53 72) (34) 
79 (90 62 6) (48 76) (42 1 57 4 52) (67 34) (87) (43 3) (93) (50) (33) (32) (31 35 83 44 75 91 41) (12) (38 54) (63 45) (79) (82 16) (21) (84) (94) (26) (58 15) (69) (77) (53 81 70 20 37 5) (2 40) (39 64 89) (51) (86) (8) (74 17) (72 25 99 73) (10 14 88 100 27) (23) (59 19) (96 56) (55 80 18 97) (61) 
80 (84) (22 23) (2) (67) (66 93 44 96 33 61 55 90 13 32) (82 73 81 57) (42) (76 52 47) (92 75) (58 49 26) (39) (59) (31 60) (45) (68 86) (6) (65 77) (16 40) (37 34) (54 36 7 80) (12 95) (27) (91 63 8 30) (11 38) (99 24 41) (70) (97 74 69 14) (5 53) (3 79 10) (62 20 78) (9) (89) (46) (29) (51 25) (35) 
81 (8 11) (64) (90) (2 30 87 52 21) (95) (72 71) (22) (47) (63) (25) (98) (37 10 24 4) (100 66 84 17) (53 39 13 43 93) (70) (73 54) (83 46) (3) (44 33 40 49) (26 91) (92) (15) (51) (76 48 36) (16 35) (7 28 19 96 59) (14) (61) (60) (12) (29 9) (31) (80) (67) (62 18) (20) (32 5 27) (86 56) (34) (55) (74) (57 78 89 97) 
82 (51 17 16 25 36 62) (56 30 1 88) (71) (13 59) (15 6) (50 97) (89) (76) (45) (22) (40) (87 42) (61) (26) (9 43 81 44 99 47 67 23 29 93) (53 41 79 60) (96 54) (4) (14) (64) (46 7) (48) (52 83 18) (27 32) (55 31 90 85) (63 74 2 75) (80 57) (49 58) (94 73) (21 91 95 8 68 37 65 66) (78) (100 69) (77) 
83 (82 71 47 49 52 54 59) (99 62) (66) (34 79 50) (75) (61 96 21) (43 56 68) (29) (16) (2) (63) (22) (73 81 44 35) (64 31 6 87 11) (94) (9) (3) (53) (46) (20 60 95 74) (27) (19 42) (45 58 25 12 30 5) (78) (88 8) (86 41 91) (55) (13 93 1) (76 48 51 39 26 100) (57) (40 23) (4) (36) 
84 (80) (68 2) (89) (81) (32 29) (39) (91 24) (11 42 59 23 4 1) (65 50 41 92 7) (94 61) (87) (69) (49) (3 10 51) (12) (44) (79) (66 57 71 76 88) (20) (5 55 46 58) (30) (27 73) (77 35) (43 85) (74) (31 82 53 56) (64 13) (28 37 100 63 21) (93) (45 48 17) (78 97) (96 22 14) (72) (16 26 25) (36) (60) (62) (67) 
85 (21 96) (54 3 33 89 8) (88) (56) (99) (58) (6) (71 92 64 63) (67 65) (13) (4 36 10 61) (60 45) (37 82 28) (84 47) (22) (78 17) (55) (19 46 98 94) (66 39 26 62) (40 95 2 7) (53 32) (16 73) (59) (15 50 24) (86 49 41 43) (11 97) (5 51) (87 80) (9) (79 25 18 31) (1) (100) (42 70 48) (91) (90) (23 12 75) (72) (30 81) 
86 (36) (74) (30) (15) (29) (84 58 67) (39 51 24) (33 65) (43) (19 60 23) (45) (25 75) (34 80) (46) (85) (32 79) (8) (20 10) (92 94 98) (90) (11 82) (5) (12 26) (61 7 1) (78 70) (28) (50 54 95 42 6) (68 3) (64 93 53 76 63) (83) (56) (41 59) (4) (21 96) (40 69 62) (91) (13) (17) (71 9 73 35 86 49 48 81 2) 
87 (61 62 57 49) (72) (80 53) (26 56) (94) (39) (71 63 5 47) (60 79) (46 8) (12) (75) (16) (9) (6 73) (25 27) (95 65) (67 4 21) (48) (52 66 42) (59 13 81) (98 78 19) (40) (45) (7) (68 1) (86) (41 69) (77) (43 37 20) (15 74 76 38) (92 32) (51 2 50) (3) (55 85) (36) (100) (31 35) (96) (88) (44 99) (29) (64 10) (14) (34) 
88 (6 35 53) (80 98) (56 54) (63) (37) (92 27) (33 26 76) (73 74 90 29) (42) (23) (84) (11) (79) (5) (55) (24 99) (94 51) (65) (67) (89) (31 4) (1) (45) (87 86 43) (16 17 82 78 60 10) (22) (36) (2) (81) (93) (21) (20) (83) (72) (59 38) (95 14) (47 39) (3 91) (41) (66) (9 77 19 75 62) (61) (58 28 32) (7) (68 70 34) (18) (30 88 71 64) (85 40) 
89 (7) (31) (14 54) (80) (98 33) (4) (15 25) (86) (21 65) (60 53 16 79) (55 35 52) (74) (17 57 82) (59 29 10 47) (84) (85 40 90) (9 45) (41 91) (49) (72) (56) (8) (89 70 66) (93) (19) (22) (2 50) (38) (96) (73) (68) (18) (20) (3) (32) (43 28 30) (42 75 23 58) (11) (77) (27 81 61 95) (76) (24 83 88 78 44 36 1) (100 94) 
90 (61) (87 50) (26 66 84) (24) (2) (9) (95) (90) (56 38) (28) (93) (11) (70) (94 22) (44 43 62 27 4) (16) (52 74 10 79 29) (96 1) (85) (68) (71 20) (15 6 42 12 31) (59 33) (18) (49 89) (53) (65) (13) (82) (34) (76 14) (91) (67) (63) (47) (37 55) (72 17) (78) (69 35) (88 23) (30) (57) (41 45) (81 7 46 98 83) (100 19) (32 97 77 64 21) (92 51 80) 
91 (76) (14) (55 78 37) (92 16 100 40) (35) (52) (39) (44) (93) (47 68) (84) (98) (67) (1) (80) (77) (62 72 29) (17) (27 73) (25) (66 50) (33) (12) (94 58) (28) (69 30) (87) (3) (70 85) (6) (18 46) (26 15) (65) (4) (2) (8 23) (71) (61) (97) (82 34) (19) (75) (63) (57) (41 90) (83 99) (86 9 36 22) (88 32 42 96 51) (31 5) (20) 
92 (37) (30) (78) (93) (99) (48) (63 60) (51 8) (76 71) (74) (97 40 86) (32) (58) (43 35) (65) (42) (77) (82) (13) (2 44) (53) (98) (39) (95 61) (50 27) (83) (34 47 54 31) (67) (70 41) (88) (49 15) (55) (66 87) (62 18) (96) (80) (25) (38) (79) (89) (59 29 90 100 9 21 19) (3) (75) (4) (91) (17 36 28 23 69) (5) (6 33) (20 16 64) (14 7 52 56) (12 11) 
93 (8) (28 54 56 77) (87 20) (12) (38 81) (29 76) (71) (46) (57 23) (21) (45) (85 10) (100) (11) (3 25 30) (96) (70) (34) (58 97) (63) (73 47 68) (50) (74 35 59) (18 98) (19 16 78 55) (36) (31 99) (24 15 6) (90 13 7 64 49 37 72 41) (32 52 84 61) (42 48) (83 9) (26) (33 62) (1 75) 
94 (14) (63 9) (40) (99 79) (37) (10) (16 96 92) (91) (56) (90) (44 50 29) (64) (8) (84 13 77 86 81 78 93 88) (11 20 23 62 69) (98) (42) (32 31) (21 82 57) (4 100 61 95 28) (83) (45) (19) (3) (60) (94) (70 30 85) (65) (43 72) (46) (39 22) (36 75 33 17 41 18) (73) (89 38 52 1 7) (25) (55) (71 6 5) (58) (2 54 27 35) (67) (66) 
95 (33) (19) (98 92 15) (48) (2) (89 10 3 6 21) (7 84 11 37 76) (20 23) (30) (5) (60 49 39) (17) (97) (78) (79 83) (34 9 32 86) (96) (90 29) (55) (16 25) (81 52 45 70 59) (40) (13) (100) (67) (80 64 85) (56) (31) (87 26) (99) (88 93 14) (73) (35 95 24 72) (38) (1) (8 68 43) (44 77) (61 28 22) (18) (71) (65) (54) (4) 
96 (94 25) (17) (84) (14 11 33) (45) (81) (41) (87 98) (27 22 2) (76 1 61 13) (28) (44 46) (67) (26) (20 85 6 66 40) (31 42) (15 18 55) (56) (29 30) (10 62) (91 82 32 79) (90) (95) (51 78 35 19) (71 9 7) (96 43) (69 86 4) (92 49 12 24) (75) (60) (54) (47 68) (52) (89 74) (58 93 77) (3 36 48) (88 97) (99) 
97 (36) (97) (85) (90) (11 2) (27) (86 63) (22) (23) (14 18 30 3 9 10) (64 7) (94 61) (58 79) (26) (25) (19) (74) (55 17) (35 41) (62 93) (46) (54 59 71) (82) (24 77 87) (6) (83) (28) (31 13) (68) (84 34) (100 44 89 39) (47) (15) (75) (50 4) (33 42 53) (38) (92) (67) (72) (98 91 1 95 12) (51 43 65) (48 56 76) (32 81 80 78 37) 
98 (97 13) (29 82) (47 11 10) (15) (61) (36) (4 51) (100 50 31) (89) (66 63) (60 78) (32) (93) (90) (27) (22) (77 86 17 41 18) (55 3) (58) (91 45) (64 96 23) (20 80 14) (87) (52 68) (92) (35) (25 49 72 5) (94 53 30) (85) (95 67) (9) (59) (28 84) (98) (44 46) (56) (1 26 48) (81 6 43 54 65) (76) (16 42) (40 38 73) (33) (88 69) (7 34) 
99 (13 79 73) (11) (92 70) (75) (31 39) (36) (94 100 97 1) (17 59) (44) (91 51) (68) (41) (4 3) (71 38 22) (65 54 53) (9) (42 60 67) (55 47) (52) (76) (99 58 5) (85) (16) (6) (7 84) (83 27) (49 66 86) (37) (82) (72) (8) (34 32 77) (95) (33 62 10) (87) (18 48) (46 12 35 90 98) (80 30) (88 64) 
100 (83) (11 19) (29 43 65 35) (20) (86 6) (54 38 99 55 9) (87 2) (37 91) (88) (69 7 95 50) (61 17) (96) (49) (78 84) (56) (100) (16) (63 15) (40 33 82 75 93 1 80) (47) (13 89) (21) (79 71) (85) (62) (64 26) (23) (57 46 18) (67) (30) (81) (25) (98 97) (22) (72 39) (74 73 68) (52) (53 4 34) (41) (36 77) (48) (58 10) 
1 (1) (58) (61) (77) (56) (42) (3) (78) (6) (83) (82) (11) (17) (44) (49) (28) (31) (75) (100) (72) (85) (27) (99) (10) (4) (64) (94) (68) (53) (89) (97) (26) (8) (29) (33) (90) (95) (69) (54) (48) (65) (40 51 70) (79) (88 41 98 52) (47) (86 38 50 36) (60) (55) (74) (19) (96 57 39) (14 67 45 93 22) (12 30) (16 24 34 73) (63) (15) (2 84 20) (71) (35) (87 7 91) (9) 
2 (84) (12) (63) (25) (67) (10) (24) (16) (15) (62) (73) (97) (54) (22) (50) (19) (59) (21) (9) (51) (60) (52) (27) (36) (14) (55) (72) (49) (91) (37) (3) (6) (56) (79) (26) (44) (57) (7) (76) (88) (75) (38) (83) (13) (46) (96) (92) (64) (94) (90) (77) (95) (40) (42) (61) (80) (43) (28) (85) (23) (31 82) (29 65 45 1 39) (41) (4 48 11) (87 2 86) (100) (5) (53 81) (89 58) (32) (20) 
3 (94) (19) (67) (66) (40) (73) (98) (27) (57) (44) (17) (76) (77) (75) (78) (39) (7) (26) (80) (12) (68) (63) (46) (33) (62) (41) (56) (99) (91) (16) (45) (38) (22) (81) (71) (74) (43) (61) (65) (36) (92) (79) (6) (13) (28) (50) (97) (85) (42) (88) (64) (84) (10) (55) (72) (23) (30) (95) (89) (25) (47) (9) (37) (70) (34) (29) (59) (18) (4) (96) (86) (2 60) (31 51) (21 87 93 1) (35 15 20 83 5 49 54 53) (14) 
4 (39) (86) (17) (90) (32) (50) (58) (8) (75) (22) (35) (70) (71) (92) (78) (61) (64) (19) (20) (37) (48) (28) (9) (27) (46) (63) (94) (100) (51) (97) (26) (83) (87) (79) (42) (66) (91) (36) (12) (13) (69) (31) (81) (41) (88) (65) (1) (77) (73) (45) (18) (7) (40) (29) (2) (68) (38) (25) (44) (55) (98) (89) (47) (57) (53) (84) (10) (15) (96) (95) (82) (85) (11) (43) (62) (60 56 30 76 4 74 52 49 5) (72 21 67) (99) 
5 (62) (14) (28) (5) (64) (88) (58) (22) (76) (94) (42) (52) (24) (51) (16) (39) (48) (59) (99) (37) (70) (74) (56) (15) (85) (73) (69) (19) (80) (43) (3) (20) (81) (55) (63) (53) (45) (60) (86) (2) (71) (47) (21) (31) (25) (17) (92) (79) (11) (49) (33) (77) (66) (57) (6) (61) (67) (72) (23) (87) (26) (27) (91) (78) (98) (18) (44) (8) (34) (95) (41) (38) (4) (12) (50) (30) (83) (84 65) 
6 (43) (87) (94) (69) (59) (39) (2) (24) (16) (99) (20) (17) (93) (46) (58) (19) (30) (92) (82) (66) (88) (37) (75) (47) (8) (38) (100) (33) (9) (98) (53) (74) (61) (22) (60) (10) (11) (62) (4) (48) (28) (85) (79) (77) (18) (3) (56) (71) (49) (14) (40) (44) (91) (67) (42) (29) (25) (1) (83) (6) (21) (13) (96) (90) (65) (97) (80) (32) (78) (34) (27) (95) (23) (76) (86) 
7 (100) (34) (37) (19) (30) (60) (42) (54) (55) (10) (65) (43) (81) (75) (77) (2) (16) (14) (58) (52) (17) (57) (99) (48) (56) (4) (97) (9) (63) (88) (8) (49) (15) (41) (82) (62) (71) (28) (66) (73) (64) (36) (93) (33) (98) (80) (96) (84) (40) (45) (38) (70) (3) (59) (18) (26) (21) (6) (35) (90) (12) (87) (85) (31) (69) (47) (44) (1) (72) (95) (11) (23) (20) (25) (39) (94) (92) (78 13) (86) (89 32) (51) (46) 
8 (82) (93) (63) (85) (77) (34) (55) (47) (83) (73) (89) (21) (79) (71) (59) (95) (30) (3) (66) (49) (57) (46) (44) (67) (31) (60) (45) (62) (86) (42) (56) (33) (9) (40) (10) (25) (35) (41) (99) (72) (36) (94) (2) (37) (48) (43) (26) (70) (58) (65) (6) (38) (28) (92) (15) (68) (18) (32) (29) (5) (19) (17) (52) (22) (91) (80) (50) (8) (13) (87) (54) (1) (11) (81) (23) (24) (39) (27) (12) 
9 (76) (98) (27) (4) (24) (95) (82) (20) (16) (94) (83) (87) (41) (56) (80) (88) (36) (60) (55) (51) (97) (8) (22) (25) (21) (10) (63) (92) (75) (12) (77) (49) (70) (86) (26) (85) (37) (46) (5) (74) (91) (43) (93) (3) (9) (53) (15) (96) (1) (99) (71) (47) (65) (69) (61) (42) (17) (28) (18) (35) (59) (11) (50) (89) (81) (48) (14) (90) (30) (45) (52) (67) (6) (72) (34) (73) (100) (7) (29) (57) (66) (78) (62) 
10 (57) (66) (29) (8) (22) (6) (84) (24) (30) (96) (64) (87) (9) (93) (2) (14) (11) (55) (81) (75) (60) (5) (39) (74) (27) (19) (86) (68) (52) (85) (7) (18) (95) (72) (88) (31) (54) (98) (80) (3) (12) (33) (4) (62) (58) (26) (65) (94) (41) (77) (49) (69) (51) (34) (45) (90) (47) (79) (32) (20) (50) (61) (78) (99) (59) (1) (89) (42) (53) (97) (35) (73) (28) (36) (15) (71) (25) (21) (10) (100) 
11 (38) (81) (43) (77) (46) (3) (49) (95) (5) (76) (63) (92) (23) (72) (98) (8) (68) (74) (84) (39) (73) (11) (85) (55) (64) (47) (14) (80) (21) (20) (12) (78) (41) (6) (10) (37) (28) (16) (90) (59) (66) (24) (89) (32) (86) (17) (15) (62) (7) (93) (65) (33) (88) (35) (40) (69) (29) (2) (60) (56) (31) (34) (42) (48) (100) (58) (99) (50) (4) (96) (54) (83) (1) (30) (53) (75) (94) (71) (70) (52) (97) (13) (22) (27 25) (57 61 18 19) 
12 (48) (8) (81) (60) (49) (31) (78) (99) (83) (84) (66) (70) (93) (42) (91) (86) (23) (59) (33) (39) (96) (20) (18) (30) (64) (77) (92) (1) (32) (55) (57) (25) (58) (34) (45) (87) (79) (50) (11) (67) (15) (56) (16) (4) (90) (6) (27) (76) (52) (36) (46) (40) (28) (5) (73) (26) (38) (61) (65) (97) (3) (13) (69) (14) (12) (9) (29) (74) (68) (10) (72) (71) (43) (35) (24) (22) (85) (53) (47) (63) (75) (17) (2) (7) (19) (80) 
13 (18) (7) (31) (22) (84) (87) (41) (81) (55) (82) (36) (49) (21) (90) (67) (26) (70) (45) (46) (39) (2) (38) (65) (98) (8) (63) (66) (61) (24) (97) (23) (68) (92) (47) (69) (50) (43) (6) (11) (16) (100) (93) (64) (96) (28) (19) (86) (40) (85) (42) (53) (83) (25) (48) (62) (34) (20) (15) (74) (60) (1) (95) (80) (94) (72) (13) (57) (27) (59) (56) (37) (76) (33) (99) (75) (71) (9) (30) (5) (44) 
14 (26) (77) (46) (27) (53) (76) (32) (31) (25) (19) (73) (62) (87) (64) (97) (69) (45) (65) (23) (51) (16) (56) (2) (11) (80) (50) (41) (42) (28) (7) (78) (39) (84) (13) (8) (5) (33) (91) (88) (96) (58) (14) (89) (59) (61) (15) (4) (12) (30) (43) (79) (52) (24) (55) (98) (66) (21) (63) (82) (35) (92) (68) (70) (38) (94) (81) (22) (20) (37) (44) (36) (95) (48) (49) (9) (17) (90) 
15 (21) (82) (76) (93) (54) (66) (58) (90) (44) (37) (70) (17) (12) (64) (32) (50) (52) (72) (78) (15) (20) (98) (24) (35) (85) (79) (97) (10) (36) (41) (95) (75) (2) (16) (56) (92) (86) (31) (47) (55) (13) (4) (60) (46) (18) (89) (91) (23) (7) (73) (51) (22) (100) (42) (5) (38) (25) (81) (69) (65) (62) (49) (57) (19) (71) (29) (8) (45) (53) (40) (77) (14) (59) (43) (61) (30) (1) (33) (26) (34) (87) (96) 
16 (88) (53) (58) (20) (3) (64) (48) (8) (27) (76) (81) (75) (19) (50) (82) (46) (29) (10) (33) (42) (18) (17) (87) (100) (94) (21) (54) (4) (9) (66) (95) (14) (15) (83) (36) (2) (23) (70) (85) (61) (90) (34) (25) (89) (78) (32) (69) (7) (16) (51) (93) (84) (99) (98) (62) (37) (57) (35) (91) (12) (77) (13) (52) (40) (67) (74) (73) (72) (56) (22) (68) (28) (1) (80) (45) (49) (24) (92) (38) (11) (63) (79) 
17 (67) (58) (53) (63) (12) (97) (48) (39) (96) (52) (100) (88) (76) (13) (18) (4) (60) (17) (94) (46) (10) (25) (30) (99) (75) (72) (65) (32) (41) (78) (42) (91) (55) (6) (79) (47) (3) (8) (89) (43) (86) (95) (49) (24) (38) (84) (74) (28) (7) (20) (45) (1) (85) (36) (81) (35) (40) (26) (22) (34) (44) (98) (69) (51) (82) (19) (31) (21) (59) (27) (90) (57) (92) 
18 (31) (15) (81) (76) (94) (75) (28) (20) (96) (47) (53) (55) (32) (73) (11) (10) (6) (40) (50) (100) (36) (27) (25) (72) (16) (48) (3) (38) (9) (70) (88) (37) (21) (64) (56) (99) (82) (24) (58) (35) (54) (71) (5) (93) (74) (19) (68) (23) (41) (33) (44) (1) (8) (91) (30) (12) (43) (90) (97) (7) (89) (66) (92) (57) (59) (85) (78) (63) (69) (98) (46) (79) (95) (14) (62) (49) (26) (42) (18) (65) 
19 (63) (79) (73) (85) (78) (94) (67) (95) (23) (61) (37) (5) (15) (47) (12) (30) (92) (41) (32) (86) (76) (3) (29) (75) (54) (31) (58) (52) (45) (11) (72) (69) (87) (44) (34) (89) (38) (6) (33) (20) (53) (66) (36) (40) (81) (27) (49) (68) (46) (17) (28) (88) (4) (62) (90) (57) (71) (2) (9) (7) (55) (97) (64) (50) (43) (93) (83) (19) (35) (22) (21) (77) (56) (16) (18) (96) (59) (91) (25) (1) (100) (13) 
20 (9) (76) (94) (34) (73) (2) (43) (86) (81) (78) (96) (53) (15) (72) (5) (68) (41) (19) (93) (13) (80) (36) (25) (24) (47) (67) (92) (88) (52) (12) (26) (16) (29) (20) (90) (87) (74) (1) (75) (56) (46) (70) (35) (71) (45) (33) (79) (8) (39) (65) (58) (98) (63) (83) (31) (3) (64) (50) (23) (95) (22) (4) (89) (27) (30) (84) (69) (60) (57) (38) (44) (18) (100) (42) (17) (91) (21) (14) 
21 (81) (59) (60) (19) (85) (20) (83) (13) (88) (42) (63) (100) (84) (38) (22) (40) (24) (94) (48) (34) (31) (92) (76) (51) (66) (36) (82) (77) (5) (52) (35) (89) (73) (4) (2) (10) (62) (95) (65) (7) (41) (23) (39) (87) (3) (9) (86) (93) (50) (79) (37) (61) (74) (14) (72) (33) (43) (75) (6) (49) (12) (28) (47) (70) (30) (32) (25) (8) (67) (16) (90) (71) (21) (15) (53) (27) (57) (45) (55) 
22 (83) (19) (21) (7) (15) (57) (62) (89) (96) (43) (24) (68) (32) (45) (81) (1) (64) (91) (75) (100) (18) (23) (53) (44) (90) (22) (51) (20) (60) (29) (76) (55) (3) (33) (35) (95) (71) (52) (88) (84) (78) (59) (8) (27) (77) (85) (47) (48) (12) (58) (97) (26) (36) (50) (80) (49) (94) (46) (99) (63) (34) (54) (30) (17) (56) (28) (4) (65) (73) (5) (74) (41) (69) (98) (25) (42) (16) (82) 
23 (1) (78) (80) (22) (7) (89) (65) (68) (77) (12) (94) (50) (30) (57) (70) (3) (66) (26) (11) (8) (29) (55) (60) (25) (20) (92) (41) (39) (91) (14) (100) (67) (47) (93) (83) (35) (18) (64) (16) (79) (75) (58) (33) (73) (5) (86) (21) (54) (24) (27) (9) (53) (98) (90) (62) (6) (45) (37) (85) (76) (88) (56) (43) (48) (42) (40) (15) (82) (51) (13) (52) (61) (84) (95) (74) (36) (97) (10) (17) (28) 
24 (56) (89) (11) (18) (44) (50) (88) (42) (35) (57) (31) (86) (80) (39) (22) (78) (36) (69) (9) (54) (93) (51) (70) (77) (40) (7) (73) (46) (8) (67) (16) (81) (12) (63) (45) (58) (76) (29) (34) (84) (41) (5) (23) (24) (97) (32) (6) (61) (25) (2) (15) (85) (27) (10) (48) (65) (17) (75) (59) (95) (49) (74) (33) (38) (71) (53) (13) (30) (90) (72) (4) (20) (62) (3) (1) (64) (96) (37) (55) 
25 (31) (15) (62) (30) (52) (5) (87) (92) (82) (51) (79) (100) (11) (58) (50) (22) (71) (69) (18) (81) (77) (43) (41) (78) (21) (32) (48) (47) (80) (73) (66) (84) (67) (93) (68) (60) (35) (86) (64) (7) (26) (1) (10) (17) (49) (37) (25) (96) (61) (2) (28) (65) (56) (76) (6) (39) (29) (85) (74) (16) (46) (23) (4) (12) (38) (53) (95) (94) (98) (63) (27) (34) (89) (83) (55) (14) (42) (91) (57) (44) (97) (36) (72) (75) (9) (45 54) 
26 (27) (90) (19) (17) (58) (8) (9) (82) (47) (61) (36) (25) (65) (81) (2) (95) (84) (40) (68) (50) (12) (69) (5) (73) (10) (52) (3) (57) (74) (48) (33) (20) (100) (85) (96) (86) (29) (21) (59) (28) (15) (87) (98) (76) (37) (11) (62) (60) (97) (34) (51) (49) (32) (46) (24) (4) (38) (30) (18) (80) (55) (88) (23) (42) (1) (16) (14) (70) (66) (83) (79) (7) (78) (91) (45) (31) (93) (6) (35) 
27 (10) (65) (9) (96) (3) (56) (71) (98) (82) (35) (11) (40) (4) (87) (26) (32) (83) (21) (57) (22) (59) (61) (39) (91) (24) (99) (88) (92) (7) (53) (33) (78) (25) (28) (75) (97) (62) (94) (50) (31) (37) (63) (72) (8) (69) (14) (19) (64) (52) (80) (81) (79) (89) (55) (45) (58) (73) (30) (38) (44) (36) (41) (29) (47) (46) (5) (90) (77) (18) (15) (84) (12) (70) (17) (48) (27) (6) (68) 
28 (91) (89) (54) (14) (17) (45) (46) (93) (95) (32) (12) (75) (28) (3) (63) (37) (18) (85) (53) (81) (20) (4) (78) (40) (92) (39) (96) (49) (30) (41) (60) (22) (69) (61) (72) (19) (51) (24) (2) (90) (10) (11) (42) (21) (50) (5) (68) (66) (31) (97) (94) (86) (16) (88) (70) (84) (26) (65) (48) (13) (43) (9) (77) (57) (76) (59) (73) (98) (74) (55) (1) (29) 
29 (32) (12) (45) (69) (93) (100) (46) (29) (66) (72) (88) (24) (47) (16) (41) (63) (13) (49) (96) (84) (57) (64) (14) (20) (71) (95) (4) (77) (52) (18) (3) (91) (10) (83) (90) (51) (62) (31) (89) (17) (56) (40) (87) (8) (38) (26) (70) (39) (60) (68) (80) (11) (21) (2) (23) (27) (28) (53) (50) (34) (61) (35) (73) (48) (94) (67) (92) (42) (82) (22) (55) (81) (9) (98) (6) (1) (86) (19) 
30 (18) (14) (38) (41) (34) (19) (42) (44) (97) (82) (81) (65) (83) (53) (92) (84) (29) (49) (91) (56) (75) (40) (54) (85) (10) (95) (55) (94) (32) (30) (100) (11) (16) (58) (80) (26) (8) (21) (99) (6) (96) (15) (72) (25) (73) (89) (22) (78) (48) (3) (50) (9) (98) (27) (31) (7) (74) (66) (70) (13) (60) (4) (33) (86) (43) (77) (61) (88) (51) (57) (63) (1) (36) (17) (90) (20) (46) (64) (93) 
31 (30) (28) (36) (18) (98) (92) (90) (50) (8) (31) (11) (83) (16) (12) (63) (73) (68) (21) (96) (82) (99) (93) (60) (4) (37) (38) (10) (6) (85) (9) (24) (89) (71) (2) (59) (23) (27) (75) (74) (72) (70) (20) (25) (57) (97) (29) (22) (41) (45) (58) (66) (5) (39) (1) (80) (43) (69) (35) (44) (61) (26) (94) (53) (34) (91) (54) (84) (40) (76) (64) (7) (95) (56) (3) (81) (55) (32) (17) (49) (87) (46) (88) (15) (79) 
32 (21) (96) (82) (62) (55) (49) (25) (57) (52) (61) (80) (2) (7) (95) (15) (35) (8) (10) (92) (71) (3) (59) (9) (6) (40) (46) (74) (94) (98) (75) (76) (31) (34) (47) (81) (54) (88) (97) (70) (45) (32) (24) (4) (29) (22) (66) (89) (27) (79) (63) (91) (41) (26) (90) (64) (60) (12) (38) (77) (84) (69) (44) (50) (56) (87) (43) (85) (72) (93) (36) (99) (37) (20) (48) (1) (30) (51) (86) (33) (65) (18) (5) 
33 (95) (89) (63) (100) (35) (74) (40) (30) (41) (65) (51) (5) (38) (32) (52) (42) (62) (24) (56) (21) (6) (80) (75) (81) (43) (53) (44) (88) (37) (12) (78) (77) (86) (58) (9) (50) (64) (59) (67) (69) (90) (1) (94) (36) (72) (57) (47) (27) (98) (60) (68) (28) (96) (18) (92) (46) (10) (3) (99) (8) (2) (33) (97) (4) (29) (39) (7) (76) (85) (91) (13) (15) (31) (25) (55) (93) (66) (45) (79) (34) (16) (11) (70) (20) 
34 (77) (73) (51) (54) (9) (57) (76) (62) (56) (69) (21) (18) (40) (97) (61) (22) (43) (16) (25) (27) (71) (92) (2) (13) (58) (10) (44) (48) (65) (4) (23) (38) (36) (93) (63) (6) (3) (26) (83) (52) (81) (60) (59) (31) (74) (66) (46) (20) (78) (98) (33) (88) (67) (86) (50) (80) (99) (70) (47) (32) (90) (79) (91) (87) (34) (45) (15) (49) (7) (17) (29) (35) (100) (64) (95) 
35 (10) (44) (57) (83) (12) (13) (23) (35) (24) (33) (92) (26) (88) (18) (36) (98) (39) (54) (25) (53) (30) (78) (74) (3) (52) (55) (93) (86) (4) (20) (94) (99) (49) (45) (87) (75) (73) (91) (40) (14) (59) (68) (61) (34) (38) (63) (15) (100) (56) (65) (90) (81) (70) (60) (41) (21) (47) (37) (2) (72) (71) (7) (50) (17) (32) (97) (5) (79) (89) (43) (96) (58) (64) (9) (1) (95) (69) (84) (80) (31) 
36 (20) (76) (41) (60) (16) (70) (63) (53) (50) (86) (48) (2) (83) (92) (30) (51) (22) (34) (78) (93) (23) (43) (55) (38) (37) (94) (73) (88) (15) (87) (24) (6) (26) (96) (82) (99) (65) (39) (68) (7) (62) (27) (46) (40) (5) (35) (89) (71) (3) (98) (64) (58) (59) (17) (21) (80) (100) (31) (85) (54) (10) (81) (45) (36) (77) (91) (97) (74) (42) (14) (72) (84) (69) 
37 (99) (69) (17) (2) (41) (34) (77) (72) (52) (15) (45) (44) (53) (21) (87) (94) (9) (57) (5) (32) (58) (29) (73) (70) (39) (56) (42) (20) (16) (7) (14) (91) (82) (30) (84) (11) (40) (6) (62) (85) (8) (93) (49) (23) (35) (100) (90) (65) (51) (37) (59) (38) (55) (19) (36) (22) (66) (47) (80) (1) (92) (88) (33) (61) (50) (63) (79) (71) (54) (27) (13) (74) (3) (4) (95) (46) (97) (81) (78) (18) (31) 
38 (70) (75) (3) (48) (88) (31) (78) (33) (36) (22) (71) (5) (79) (23) (21) (34) (67) (94) (97) (59) (37) (92) (47) (24) (87) (29) (17) (10) (74) (61) (66) (69) (77) (13) (35) (93) (100) (65) (72) (4) (39) (55) (18) (52) (57) (64) (54) (8) (50) (2) (68) (1) (76) (11) (41) (32) (9) (80) (58) (42) (89) (95) (98) (6) (99) (90) (19) (14) (51) (40) (16) (20) (56) (28) (44) (62) (25) 
39 (80) (62) (17) (86) (70) (87) (60) (81) (54) (95) (58) (20) (50) (1) (7) (35) (25) (88) (8) (9) (13) (100) (33) (45) (83) (76) (5) (47) (26) (74) (67) (15) (4) (78) (11) (99) (57) (12) (64) (71) (44) (65) (73) (39) (52) (77) (46) (10) (38) (36) (53) (30) (84) (68) (48) (61) (2) (69) (3) (37) (97) (94) (23) (6) (31) (14) (59) (41) (16) (91) (24) (56) (63) (49) (43) (34) (79) (21) (85) (92) (66) 
40 (34) (98) (31) (45) (11) (43) (7) (70) (83) (94) (62) (32) (41) (89) (2) (30) (39) (27) (48) (86) (76) (5) (68) (29) (24) (64) (46) (36) (38) (91) (37) (87) (22) (61) (92) (35) (54) (52) (59) (80) (69) (18) (96) (10) (21) (1) (14) (85) (40) (77) (19) (82) (67) (47) (71) (81) (4) (42) (9) (49) (74) (75) (50) (25) (16) (23) (58) (28) (78) (79) (15) (12) (100) (72) (55) (33) (56) (17) (20) (57) (95) (3) (88) (53) (6) (13) (26 44) (63) 
41 (32) (85) (93) (56) (47) (84) (75) (98) (88) (89) (61) (31) (27) (67) (16) (83) (30) (29) (33) (50) (77) (64) (62) (28) (82) (63) (68) (99) (60) (18) (34) (73) (96) (14) (58) (6) (36) (57) (5) (11) (92) (21) (87) (65) (86) (4) (25) (79) (40) (48) (78) (80) (19) (51) (12) (100) (94) (38) (91) (97) (10) (69) (45) (76) (35) (49) (24) (70) (72) (22) (44) (59) (17) (66) (3) (2) (54) (13) (43) (46) (39) (9) (41) (90) (37) (71) 
42 (82) (40) (74) (47) (39) (27) (59) (54) (5) (96) (99) (93) (70) (72) (9) (34) (65) (79) (58) (73) (76) (38) (91) (35) (63) (7) (6) (98) (42) (50) (90) (11) (20) (43) (64) (49) (26) (52) (92) (44) (13) (80) (55) (18) (88) (25) (33) (23) (1) (57) (21) (46) (22) (84) (2) (10) (77) (67) (30) (87) (60) (24) (28) (4) (3) (56) (31) (62) (48) (71) (66) (16) (85) (89) (15) (61) (78) (37) (29) (86) (97) (94) (83) (14) 
43 (100) (74) (97) (85) (44) (15) (22) (94) (58) (82) (2) (13) (11) (83) (24) (69) (30) (66) (31) (38) (37) (54) (68) (48) (92) (78) (47) (4) (64) (23) (43) (18) (56) (73) (75) (14) (25) (84) (86) (41) (55) (76) (70) (40) (88) (46) (59) (33) (34) (27) (71) (36) (16) (81) (17) (79) (9) (87) (50) (90) (32) (63) (51) (42) (89) (49) (26) (19) (21) (98) (53) (8) (95) (62) (39) (60) (96) (5) (77) (1) (3) 
44 (97) (62) (44) (73) (46) (50) (5) (74) (45) (12) (99) (77) (28) (59) (76) (30) (40) (52) (13) (47) (79) (37) (6) (43) (60) (19) (65) (33) (92) (57) (75) (2) (51) (54) (34) (16) (41) (71) (78) (38) (32) (94) (36) (18) (10) (26) (15) (91) (96) (89) (7) (82) (90) (31) (21) (80) (55) (63) (1) (81) (56) (9) (14) (64) (20) (22) (42) (83) (58) (53) (84) (35) (98) (24) (87) (25) (68) (95) (39) (61) 
45 (51) (17) (50) (78) (70) (98) (10) (32) (85) (22) (69) (3) (26) (83) (64) (52) (82) (30) (39) (21) (16) (45) (90) (63) (40) (57) (37) (93) (80) (95) (60) (34) (25) (43) (11) (59) (35) (55) (42) (73) (5) (77) (86) (46) (88) (47) (28) (65) (53) (8) (27) (36) (54) (94) (71) (18) (14) (87) (24) (84) (44) (76) (33) (31) (4) (6) (79) (29) (12) (74) (48) (19) (72) (96) (15) (68) (61) (89) (38) 
46 (98) (3) (35) (49) (19) (73) (100) (39) (45) (63) (90) (86) (91) (16) (82) (72) (68) (20) (32) (84) (64) (52) (56) (36) (37) (70) (2) (6) (54) (46) (13) (42) (34) (99) (48) (28) (41) (27) (67) (96) (22) (80) (17) (77) (50) (26) (1) (69) (87) (15) (40) (93) (30) (81) (97) (58) (11) (12) (47) (24) (85) (61) (94) (33) (53) (66) (14) (23) (44) (31) (75) (83) (59) (51) (10) (21) (71) (9) (5) (18) (25) 
47 (93) (77) (39) (100) (54) (55) (75) (98) (3) (14) (32) (48) (37) (50) (21) (36) (78) (90) (58) (38) (73) (43) (66) (96) (2) (34) (81) (82) (88) (61) (68) (35) (9) (30) (25) (10) (59) (33) (65) (97) (51) (17) (45) (24) (11) (29) (92) (44) (57) (28) (31) (53) (89) (71) (70) (5) (76) (22) (41) (87) (40) (83) (80) (8) (23) (15) (19) (46) (99) (18) (67) (62) (52) (4) (49) (6) (91) (56) (85) 
48 (52) (25) (38) (98) (93) (54) (27) (84) (72) (20) (21) (92) (60) (95) (81) (63) (62) (70) (73) (18) (68) (56) (34) (5) (32) (30) (57) (9) (22) (4) (28) (2) (65) (85) (67) (46) (96) (11) (23) (35) (42) (99) (83) (33) (100) (58) (64) (12) (79) (36) (40) (7) (19) (47) (59) (61) (10) (44) (71) (76) (37) (86) (31) (49) (6) (87) (15) (48) (50) (82) (69) (8) (24) (97) (14) (66) 
49 (98) (35) (92) (100) (41) (9) (32) (75) (71) (73) (19) (66) (12) (14) (82) (8) (15) (22) (87) (53) (40) (51) (63) (86) (70) (93) (43) (34) (6) (83) (78) (24) (29) (50) (56) (21) (64) (67) (23) (20) (58) (89) (84) (60) (81) (28) (74) (49) (85) (1) (42) (68) (11) (48) (44) (80) (90) (39) (99) (95) (45) (27) (3) (26) (7) (37) (77) (46) (25) (13) (16) (65) (96) (18) (31) (17) (55) (47) 
50 (91) (4) (62) (69) (37) (61) (79) (32) (64) (41) (19) (33) (43) (40) (50) (34) (76) (8) (65) (27) (84) (16) (77) (74) (93) (92) (56) (11) (53) (47) (38) (94) (66) (97) (25) (98) (5) (63) (89) (31) (29) (21) (86) (12) (7) (6) (22) (23) (18) (14) (10) (49) (85) (46) (87) (67) (90) (72) (42) (9) (75) (2) (100) (24) (55) (15) (73) (1) (45) (82) (68) (13) (83) (70) (59) (20) (54) (58) (17) 
51 (30) (50) (2) (47) (20) (38) (83) (87) (49) (72) (53) (19) (73) (64) (1) (59) (61) (14) (11) (84) (45) (28) (36) (22) (79) (99) (15) (5) (35) (82) (9) (42) (26) (66) (3) (60) (41) (16) (12) (57) (48) (68) (24) (97) (88) (58) (67) (25) (32) (63) (37) (55) (46) (80) (98) (69) (56) (44) (4) (7) (51) (65) (33) (96) (75) (90) (81) (86) (31) (34) (91) (70) (71) (29) (6) (85) (78) (43) (54) (92) (27) (40) (18) (17) 
52 (94) (13) (83) (25) (10) (8) (99) (24) (26) (17) (75) (57) (55) (71) (6) (23) (100) (28) (14) (9) (11) (56) (1) (53) (36) (15) (7) (45) (82) (81) (4) (21) (47) (91) (2) (95) (90) (22) (20) (73) (40) (54) (79) (30) (92) (76) (42) (70) (77) (38) (39) (33) (64) (61) (35) (59) (58) (74) (93) (19) (89) (32) (37) (78) (96) (60) (98) (34) (67) (12) (43) (80) (87) (72) (51) 
53 (56) (22) (85) (68) (71) (17) (4) (65) (50) (2) (26) (90) (18) (60) (5) (34) (58) (78) (73) (31) (41) (27) (15) (89) (77) (82) (46) (63) (28) (59) (86) (98) (79) (38) (80) (21) (81) (55) (64) (33) (88) (12) (24) (69) (40) (75) (13) (44) (43) (84) (3) (100) (62) (1) (76) (74) (37) (61) (39) (53) (99) (54) (29) (11) (14) (25) (36) (97) (42) (87) (47) (19) (7) (10) (9) (83) (35) (23) (49) (51) (20) (52) (32) (92) (6) 
54 (70) (96) (10) (45) (73) (82) (80) (77) (97) (94) (1) (74) (92) (81) (68) (9) (26) (12) (34) (67) (60) (22) (32) (86) (3) (15) (13) (41) (19) (83) (33) (28) (93) (35) (57) (58) (66) (79) (56) (40) (39) (59) (85) (69) (8) (43) (17) (46) (63) (88) (47) (53) (31) (76) (95) (89) (78) (44) (52) (38) (30) (99) (98) (64) (18) (48) (54) (49) (65) (72) (25) (20) (11) (51) (27) (29) (14) (23) (21) (55) (100) 
55 (57) (24) (13) (74) (96) (64) (5) (55) (42) (1) (56) (98) (15) (82) (83) (60) (48) (59) (89) (2) (12) (47) (62) (79) (92) (53) (51) (11) (63) (8) (20) (32) (69) (84) (46) (81) (10) (52) (36) (93) (99) (66) (95) (49) (58) (41) (21) (80) (3) (28) (30) (61) (54) (40) (72) (100) (94) (44) (78) (19) (90) (65) (75) (70) (85) (33) (38) (76) (67) (87) (77) (31) (29) (45) (37) (7) (39) (50) (17) (97) (34) (91) (18) (73) (43) (88) 
56 (88) (53) (14) (24) (45) (96) (47) (27) (30) (4) (94) (68) (86) (41) (70) (42) (79) (33) (95) (3) (67) (22) (97) (50) (48) (60) (21) (40) (19) (89) (62) (37) (11) (8) (82) (77) (49) (59) (55) (71) (17) (61) (66) (76) (10) (46) (98) (87) (81) (23) (92) (36) (83) (44) (20) (93) (28) (52) (58) (15) (1) (65) (63) (16) (35) (64) (25) (2) (29) (51) (9) (12) (69) (78) (6) (85) (84) (32) (34) (100) (90) 
57 (3) (25) (17) (93) (69) (82) (84) (42) (56) (49) (65) (36) (51) (90) (44) (12) (60) (43) (72) (29) (8) (76) (74) (83) (1) (87) (23) (5) (7) (71) (57) (2) (91) (80) (39) (37) (50) (78) (20) (67) (24) (6) (22) (89) (34) (47) (30) (81) (94) (32) (41) (75) (68) (33) (28) (79) (62) (53) (77) (73) (26) (59) (54) (15) (100) (55) (61) (63) (45) (27) (31) (52) (18) (13) (64) (66) (4) (21) 
58 (27) (72) (23) (13) (55) (60) (82) (37) (73) (85) (10) (1) (2) (76) (100) (88) (40) (56) (4) (91) (16) (94) (18) (62) (77) (19) (99) (83) (54) (5) (44) (69) (22) (42) (64) (41) (59) (66) (93) (34) (45) (65) (58) (29) (6) (84) (49) (68) (14) (32) (98) (67) (8) (46) (17) (3) (26) (31) (21) (12) (47) (53) (97) (9) (25) (79) (61) (78) (51) (33) (80) (43) (92) (70) (63) (15) (86) (28) (20) (74) (89) (30) (52) (96) (11) (48) 
59 (58) (42) (81) (80) (88) (70) (55) (92) (23) (30) (69) (57) (64) (28) (61) (27) (75) (66) (34) (15) (31) (48) (47) (5) (10) (46) (32) (77) (4) (85) (8) (40) (54) (29) (62) (90) (87) (6) (14) (65) (86) (3) (84) (60) (59) (89) (51) (22) (82) (67) (83) (72) (2) (95) (35) (97) (63) (73) (41) (99) (68) (79) (49) (78) (76) (26) (7) (93) (53) (12) (36) (9) (50) (20) (56) (98) 
60 (38) (57) (47) (88) (84) (33) (59) (78) (69) (6) (18) (98) (87) (48) (36) (37) (39) (72) (22) (83) (75) (29) (4) (62) (13) (49) (81) (23) (35) (32) (76) (56) (28) (58) (7) (71) (3) (11) (8) (53) (26) (86) (94) (92) (50) (95) (63) (45) (73) (55) (85) (70) (12) (60) (89) (40) (68) (34) (51) (64) (80) (61) (5) (21) (67) (96) (15) (10) (74) (82) (99) (27) (66) (77) (19) (52) (16) (14) (42) (30) 
61 (53) (76) (46) (48) (59) (92) (16) (47) (61) (81) (17) (20) (25) (49) (39) (63) (19) (4) (85) (24) (8) (60) (55) (87) (94) (68) (31) (69) (93) (89) (42) (75) (33) (74) (6) (96) (84) (100) (83) (18) (28) (54) (56) (13) (88) (11) (91) (38) (82) (40) (15) (23) (66) (2) (22) (79) (72) (80) (58) (67) (57) (41) (1) (52) (64) (98) (70) (36) (14) (10) (97) (71) (44) (95) (77) (90) (12) (3) (62) (73) (30) (26) (86) (78) (29) 
62 (77) (1) (80) (76) (26) (14) (96) (8) (86) (71) (10) (73) (42) (54) (40) (31) (91) (22) (3) (65) (62) (74) (41) (28) (44) (94) (11) (67) (16) (60) (27) (13) (99) (35) (88) (32) (63) (87) (57) (55) (33) (78) (66) (69) (85) (93) (4) (92) (56) (43) (17) (97) (46) (82) (24) (68) (49) (81) (36) (39) (23) (47) (7) (61) (15) (29) (45) (34) (5) (12) (9) (50) (19) (30) (37) (58) (59) (100) (52) (90) (79) (83) (18) (38) (20) (84) (6) 
63 (81) (70) (35) (7) (62) (75) (32) (17) (74) (33) (93) (14) (20) (85) (72) (53) (84) (5) (57) (46) (100) (29) (44) (26) (10) (92) (61) (54) (49) (79) (86) (9) (48) (50) (71) (30) (40) (34) (42) (80) (98) (27) (23) (12) (97) (94) (76) (90) (25) (22) (83) (82) (87) (1) (13) (55) (31) (36) (88) (45) (41) (69) (64) (21) (56) (91) (15) (58) (47) (63) (3) (28) (18) (37) (52) (2) (77) (73) (4) (43) (8) (67) 
64 (18) (29) (94) (23) (87) (1) (2) (68) (99) (71) (72) (50) (62) (52) (73) (77) (34) (6) (59) (40) (90) (42) (95) (84) (17) (3) (45) (21) (70) (88) (41) (57) (26) (78) (27) (98) (51) (79) (4) (10) (67) (14) (11) (97) (33) (25) (100) (81) (35) (93) (56) (60) (53) (63) (24) (74) (49) (7) (92) (13) (19) (82) (28) (15) (30) (16) (22) (47) (64) (75) (31) (20) (66) (55) (83) (58) (9) (69) (85) (44) (8) (86) (76) 
65 (55) (43) (27) (23) (48) (65) (21) (22) (8) (82) (84) (40) (66) (67) (87) (56) (80) (20) (15) (61) (47) (76) (71) (10) (12) (52) (31) (91) (11) (4) (88) (35) (69) (94) (18) (36) (50) (6) (25) (39) (54) (97) (62) (26) (68) (7) (9) (41) (24) (99) (28) (44) (5) (29) (75) (85) (73) (90) (13) (98) (77) (78) (53) (1) (34) (92) (57) (70) (32) (86) (89) (45) (95) (100) (74) (64) (16) (46) (42) (14) (63) 
66 (69) (25) (30) (50) (16) (55) (70) (4) (92) (99) (88) (81) (72) (67) (36) (6) (87) (37) (35) (2) (43) (91) (84) (65) (42) (19) (31) (60) (15) (1) (45) (74) (46) (48) (96) (33) (9) (63) (53) (64) (3) (8) (47) (13) (38) (82) (5) (34) (44) (68) (61) (14) (26) (7) (94) (57) (54) (66) (20) (29) (90) (80) (12) (75) (39) (17) (89) (51) (52) (10) (22) (59) (32) (71) (62) (85) (73) (11) (83) (28) (58) (98) 
67 (84) (44) (10) (39) (2) (18) (47) (6) (61) (88) (71) (65) (34) (86) (53) (80) (76) (21) (28) (4) (8) (30) (85) (23) (12) (25) (38) (3) (60) (74) (64) (95) (49) (79) (63) (9) (48) (66) (87) (58) (82) (24) (26) (35) (98) (11) (19) (62) (1) (68) (77) (41) (15) (69) (94) (54) (90) (46) (57) (96) (40) (55) (91) (50) (78) (81) (99) (100) (29) (20) (75) (92) (27) (37) (42) (56) (97) (45) (32) 
68 (84) (27) (20) (17) (7) (90) (58) (8) (65) (80) (61) (12) (46) (88) (3) (43) (53) (30) (2) (32) (96) (87) (24) (83) (98) (15) (9) (64) (68) (48) (13) (26) (62) (73) (10) (55) (1) (39) (36) (11) (69) (33) (4) (22) (97) (54) (23) (57) (100) (52) (41) (21) (31) (99) (5) (95) (93) (86) (38) (47) (25) (37) (34) (29) (76) (6) (89) (75) (14) (51) (63) (82) (45) (19) (91) 
69 (60) (82) (67) (1) (57) (2) (87) (36) (38) (9) (53) (10) (98) (91) (33) (16) (50) (39) (20) (45) (6) (71) (17) (92) (26) (70) (29) (32) (68) (86) (79) (51) (61) (14) (40) (18) (72) (13) (55) (41) (90) (73) (12) (21) (77) (43) (76) (22) (4) (23) (100) (64) (46) (24) (80) (25) (8) (52) (15) (62) (78) (63) (74) (48) (34) (84) (94) (35) (59) (58) (96) 
70 (61) (42) (54) (86) (72) (52) (29) (41) (24) (13) (25) (73) (99) (78) (59) (23) (44) (76) (90) (80) (39) (69) (11) (46) (16) (4) (93) (33) (64) (70) (34) (3) (68) (56) (95) (45) (27) (91) (77) (85) (18) (81) (57) (21) (88) (31) (5) (19) (89) (17) (8) (62) (6) (49) (40) (15) (79) (43) (10) (75) (12) (35) (38) (47) (26) (51) (53) (2) (1) (94) (63) (92) (71) (7) (9) (14) 
71 (21) (72) (35) (93) (83) (64) (13) (8) (17) (57) (77) (30) (56) (55) (25) (48) (82) (90) (46) (4) (67) (36) (68) (61) (24) (74) (51) (100) (87) (20) (76) (27) (16) (59) (18) (86) (88) (12) (71) (84) (85) (1) (22) (37) (63) (60) (92) (69) (81) (38) (99) (49) (52) (75) (97) (28) (94) (73) (91) (7) (31) (15) (95) (43) (26) (2) (66) (50) (34) (47) (62) (11) (19) (70) (78) (6) (96) (41) (9) (32) (53) 
72 (48) (25) (2) (100) (65) (32) (62) (90) (7) (57) (93) (60) (13) (51) (9) (73) (88) (72) (10) (22) (63) (41) (81) (84) (54) (47) (36) (58) (98) (71) (55) (69) (6) (64) (95) (52) (23) (38) (20) (33) (17) (27) (8) (24) (28) (16) (59) (30) (87) (29) (99) (76) (40) (46) (56) (1) (79) (34) (21) (78) (37) (49) (50) (89) (4) (67) (45) (94) (61) (18) (42) (70) (91) (97) (85) (35) 
73 (89) (4) (75) (67) (65) (63) (12) (62) (42) (33) (91) (28) (64) (16) (69) (18) (47) (39) (35) (60) (94) (10) (46) (24) (61) (11) (5) (53) (45) (74) (72) (34) (99) (8) (100) (31) (29) (78) (17) (54) (26) (1) (70) (98) (19) (68) (38) (84) (56) (81) (83) (95) (58) (3) (87) (66) (71) (76) (49) (14) (9) (85) (22) (57) (86) (93) (41) (44) (51) (88) (32) (77) (43) (6) (40) (2) (82) (52) (20) (27) (25) (55) (80) (7) (48) (59) (79) (30 73) 
74 (90) (66) (81) (69) (89) (47) (44) (37) (70) (40) (46) (52) (84) (17) (56) (25) (80) (42) (29) (34) (5) (18) (92) (24) (45) (43) (9) (1) (6) (68) (35) (57) (41) (21) (79) (10) (14) (33) (82) (7) (77) (28) (96) (97) (16) (67) (8) (13) (15) (83) (63) (31) (23) (20) (22) (64) (59) (61) (48) (65) (39) (93) (3) (58) (38) (71) (88) (12) (53) (87) (49) (75) (86) (100) 
75 (53) (3) (47) (7) (87) (48) (72) (30) (93) (40) (8) (56) (25) (62) (73) (15) (52) (91) (12) (21) (16) (14) (88) (58) (46) (79) (24) (66) (54) (34) (41) (94) (11) (60) (83) (97) (23) (5) (74) (89) (4) (6) (18) (35) (78) (1) (32) (33) (37) (80) (86) (76) (44) (20) (92) (75) (64) (57) (100) (28) (63) (85) (70) (65) (77) (96) (42) (99) (69) (55) (38) (19) (51) (82) (10) (67) (61) 
76 (83) (69) (44) (21) (53) (11) (70) (38) (12) (7) (39) (41) (52) (82) (14) (33) (98) (58) (50) (75) (26) (86) (10) (4) (99) (87) (2) (25) (89) (66) (30) (88) (61) (63) (8) (17) (20) (80) (55) (22) (40) (73) (64) (95) (59) (81) (77) (34) (19) (92) (3) (9) (68) (96) (97) (29) (93) (28) (35) (23) (57) (79) (42) (84) (45) (67) (36) (62) (31) (24) (5) (46) (65) (47) (43) (6) (91) (54) (27) (32) (90) (56) 
77 (55) (20) (46) (53) (10) (69) (4) (90) (72) (1) (9) (98) (76) (41) (12) (45) (74) (26) (7) (16) (15) (60) (91) (75) (63) (71) (59) (19) (40) (18) (57) (14) (31) (21) (43) (96) (94) (36) (88) (37) (42) (47) (25) (49) (67) (29) (65) (3) (11) (8) (44) (78) (28) (24) (89) (80) (35) (82) (33) (2) (52) (23) (62) (32) (100) (79) (51) (34) (22) (95) (93) (5) (17) (50) (68) (66) (99) (87) (92) (84) (64) (77) (97) 
78 (91) (44) (28) (83) (92) (21) (67) (86) (87) (74) (90) (69) (77) (27) (34) (80) (63) (65) (37) (24) (71) (53) (100) (46) (35) (3) (42) (82) (23) (54) (93) (59) (52) (9) (64) (57) (78) (30) (43) (89) (15) (88) (75) (73) (22) (81) (13) (2) (66) (10) (36) (4) (16) (85) (96) (76) (60) (98) (94) (56) (62) (19) (58) (95) (41) (84) (18) (20) (45) (17) (61) (26) (39) (51) (8) (68) (29) (97) (14) 
79 (38) (8) (80) (99) (100) (34) (76) (84) (33) (35) (63) (16) (92) (18) (86) (70) (66) (85) (79) (67) (75) (87) (74) (14) (43) (78) (96) (19) (31) (51) (1) (37) (42) (46) (4) (20) (47) (15) (54) (40) (2) (45) (41) (61) (73) (30) (21) (10) (82) (69) (59) (97) (3) (6) (12) (17) (25) (53) (22) (23) (28) (58) (65) (68) (49) (83) (94) (44) (24) (89) (29) (71) (60) (39) (50) (57) (36) (11) (52) (95) (32) (88) (90) 
80 (28) (97) (49) (4) (91) (100) (82) (40) (51) (37) (90) (87) (18) (35) (6) (95) (32) (75) (25) (81) (12) (98) (57) (2) (27) (44) (30) (59) (10) (20) (14) (69) (92) (74) (76) (62) (77) (66) (43) (26) (5) (38) (34) (19) (33) (61) (72) (8) (86) (58) (1) (53) (9) (85) (54) (80) (15) (78) (11) (73) (52) (46) (84) (79) (63) (89) (88) (56) (99) (71) (24) (68) (42) (13) (39) (65) (60) (64) 
81 (38) (11) (68) (100) (69) (42) (12) (74) (50) (2) (57) (95) (18) (21) (97) (86) (35) (7) (72) (54) (24) (52) (82) (78) (39) (98) (61) (89) (75) (3) (33) (87) (5) (26) (84) (49) (64) (58) (94) (65) (16) (46) (19) (30) (43) (13) (44) (41) (1) (62) (79) (47) (34) (27) (28) (85) (6) (9) (88) (8) (10) (53) (59) (31) (67) (76) (14) (83) (93) (40) (22) (45) (96) (60) (15) (71) (90) (66) (17) (80) 
82 (21) (11) (60) (44) (20) (88) (94) (83) (1) (47) (38) (7) (89) (97) (80) (51) (86) (90) (43) (50) (14) (25) (57) (53) (40) (69) (63) (27) (48) (72) (32) (96) (62) (9) (26) (23) (45) (39) (66) (3) (8) (15) (37) (33) (71) (76) (98) (59) (99) (4) (24) (92) (85) (73) (19) (58) (64) (91) (17) (84) (6) (29) (100) (61) (74) (34) (70) (35) (31) (79) (46) (56) (52) (41) (2) (22) (16) (10) 
83 (2) (57) (86) (33) (43) (60) (3) (64) (93) (22) (97) (23) (89) (53) (34) (27) (63) (14) (88) (37) (45) (42) (52) (82) (19) (18) (35) (13) (5) (75) (99) (59) (32) (71) (100) (6) (48) (41) (65) (25) (12) (39) (38) (47) (95) (30) (66) (44) (11) (73) (24) (10) (1) (91) (36) (56) (7) (21) (90) (79) (67) (16) (70) (31) (81) (54) (17) (69) (15) (68) (92) (8) (26) (94) (78) (51) (58) 
84 (6) (76) (44) (69) (66) (51) (90) (53) (11) (24) (13) (71) (20) (81) (46) (98) (3) (89) (9) (64) (21) (2) (62) (85) (32) (14) (7) (80) (31) (50) (96) (55) (43) (17) (88) (45) (79) (47) (86) (72) (36) (25) (100) (37) (23) (63) (68) (99) (70) (1) (67) (91) (97) (35) (57) (34) (60) (12) (10) (16) (65) (77) (78) (8) (27) (30) (95) (54) (61) (93) (29) (59) (74) (94) (39) (52) (18) 
85 (8) (94) (10) (26) (73) (71) (41) (82) (54) (84) (45) (44) (74) (39) (25) (69) (33) (88) (7) (67) (47) (100) (12) (11) (23) (14) (70) (68) (59) (24) (28) (75) (4) (48) (13) (93) (29) (40) (76) (3) (72) (17) (65) (16) (42) (5) (95) (58) (61) (63) (90) (97) (32) (20) (96) (57) (89) (66) (30) (99) (1) (98) (86) (53) (91) (37) (77) (87) (62) 
86 (73) (37) (21) (10) (72) (85) (76) (86) (38) (87) (5) (39) (8) (60) (97) (55) (4) (47) (32) (64) (89) (36) (44) (95) (17) (18) (34) (2) (46) (100) (54) (43) (9) (40) (77) (96) (48) (51) (83) (99) (98) (41) (75) (14) (91) (12) (29) (16) (53) (35) (25) (80) (20) (94) (79) (1) (58) (45) (92) (61) (19) (50) (78) (13) (31) (67) (11) (81) (27) (52) (22) (63) (26) (59) (65) (28) (88) (6) (70) 
87 (73) (64) (16) (79) (75) (71) (97) (15) (59) (55) (14) (88) (92) (17) (54) (99) (82) (3) (51) (8) (4) (85) (93) (60) (91) (58) (12) (40) (20) (81) (37) (42) (18) (52) (2) (72) (38) (23) (10) (7) (83) (100) (65) (35) (95) (45) (24) (77) (76) (53) (30) (90) (9) (34) (78) (28) (32) (74) (69) (50) (22) (26) (56) (29) (61) (84) (48) (25) (57) (27) (19) (11) (1) (63) (68) (96) (98) (49) (44) (13) 
88 (89) (49) (73) (54) (90) (72) (13) (44) (58) (31) (53) (85) (39) (26) (29) (70) (5) (84) (17) (40) (79) (71) (3) (14) (76) (42) (47) (60) (34) (33) (77) (21) (57) (91) (78) (100) (95) (7) (55) (59) (16) (64) (88) (27) (66) (37) (24) (19) (83) (48) (36) (22) (92) (4) (52) (96) (43) (11) (1) (98) (28) (75) (61) (82) (94) (18) (87) (23) (67) (6) (99) (30) (51) (68) (8) (62) (2) (10) (69) 
89 (9) (80) (59) (24) (14) (17) (51) (11) (7) (41) (78) (92) (44) (52) (68) (65) (76) (96) (23) (18) (31) (5) (82) (57) (63) (89) (100) (37) (70) (88) (35) (55) (25) (95) (3) (79) (56) (36) (12) (45) (22) (50) (16) (54) (72) (77) (42) (97) (1) (33) (21) (38) (67) (34) (64) (15) (39) (19) (26) (28) (62) (81) (84) (10) (98) (69) (4) (85) (73) (60) (61) (94) (90) (53) (46) (43) (20) (40) (66) (30) (27) 
90 (91) (41) (48) (53) (12) (85) (27) (42) (62) (61) (11) (96) (89) (54) (6) (99) (93) (37) (20) (14) (70) (16) (15) (34) (58) (45) (51) (69) (4) (92) (82) (73) (35) (44) (76) (21) (9) (60) (32) (26) (63) (97) (43) (18) (80) (86) (79) (1) (7) (94) (31) (28) (68) (78) (67) (88) (56) (90) (64) (57) (17) (52) (66) (50) (13) (8) (65) (25) (55) (95) (5) (39) (74) (23) (81) (59) (77) (24) (36) (33) (22) (40) (98) 
91 (94) (69) (83) (97) (51) (47) (68) (31) (55) (24) (74) (48) (17) (5) (22) (64) (2) (75) (65) (98) (49) (16) (86) (35) (99) (15) (53) (45) (100) (78) (41) (81) (70) (4) (84) (9) (14) (13) (80) (57) (18) (38) (21) (10) (12) (50) (36) (26) (62) (34) (66) (37) (90) (89) (88) (40) (85) (52) (27) (79) (1) (56) (61) (19) (6) (33) (25) (28) (82) (71) (8) (29) (92) (67) (3) (96) (43) (54) (63) (11) (44) (39) (7) 
92 (27) (37) (38) (44) (75) (52) (66) (51) (63) (23) (64) (56) (28) (60) (70) (73) (62) (33) (59) (81) (94) (87) (18) (26) (55) (25) (65) (68) (61) (85) (15) (45) (86) (72) (57) (35) (29) (22) (54) (47) (14) (40) (2) (24) (88) (11) (99) (98) (39) (8) (32) (91) (78) (41) (69) (30) (42) (10) (48) (21) (43) (5) (12) (76) (90) (49) (9) (34) (67) (58) (84) (20) (31) (7) (96) (80) (97) (6) (95) (74) (1) (36) 
93 (20) (19) (8) (34) (1) (25) (10) (69) (72) (90) (89) (17) (7) (96) (3) (63) (32) (92) (73) (95) (18) (56) (5) (33) (39) (42) (80) (83) (23) (59) (57) (88) (74) (47) (91) (52) (54) (58) (41) (71) (12) (6) (50) (70) (24) (76) (100) (35) (81) (68) (51) (14) (46) (15) (86) (97) (65) (82) (38) (84) (44) (98) (21) (67) (11) (53) (43) (40) (94) (16) (28) (60) (79) (48) (77) (64) (61) 
94 (10) (31) (57) (12) (87) (64) (68) (47) (99) (48) (89) (45) (83) (49) (78) (74) (86) (33) (44) (4) (9) (97) (38) (34) (72) (75) (70) (52) (60) (84) (85) (24) (69) (98) (15) (43) (62) (55) (77) (67) (13) (1) (18) (58) (28) (36) (54) (63) (27) (26) (22) (17) (50) (56) (29) (53) (51) (6) (71) (8) (41) (7) (91) (5) (20) (2) (3) (96) (61) (79) (19) (90) (16) (76) (94) (82) (88) 
95 (54) (56) (89) (58) (98) (36) (80) (94) (97) (41) (71) (5) (20) (76) (59) (95) (6) (33) (87) (16) (39) (82) (99) (81) (25) (47) (9) (78) (53) (64) (8) (67) (70) (3) (30) (50) (68) (22) (15) (90) (49) (74) (26) (23) (73) (34) (100) (86) (10) (28) (45) (60) (75) (96) (85) (1) (44) (4) (55) (57) (35) (12) (37) (17) (92) (77) (66) (11) (40) (7) (83) (88) (72) (42) (51) (32) (52) (69) (27) 
96 (31) (27) (45) (54) (16) (90) (64) (100) (23) (47) (2) (8) (63) (72) (49) (30) (66) (38) (65) (3) (94) (83) (58) (80) (95) (11) (55) (86) (19) (13) (92) (33) (50) (93) (77) (10) (5) (53) (78) (62) (70) (46) (39) (68) (75) (44) (61) (98) (40) (60) (96) (41) (57) (35) (26) (42) (56) (89) (91) (43) (14) (87) (76) (1) (32) (9) (4) (24) (79) (21) (7) (71) (69) (82) (67) (73) (84) (22) (85) (81) 
97 (91) (81) (41) (84) (37) (11) (69) (58) (56) (35) (82) (74) (26) (67) (23) (51) (85) (72) (65) (100) (40) (71) (97) (7) (68) (50) (64) (79) (77) (47) (34) (10) (6) (54) (99) (78) (33) (93) (19) (27) (61) (14) (92) (62) (90) (76) (70) (15) (46) (12) (16) (1) (80) (30) (59) (75) (5) (25) (18) (8) (66) (9) (32) (53) (39) (28) (95) (55) (60) (20) (13) (17) (3) (48) (31) (38) (45) (96) (21) (98) (57) 
98 (85) (10) (1) (52) (19) (91) (78) (64) (38) (36) (99) (61) (6) (20) (100) (7) (5) (90) (44) (8) (71) (42) (89) (92) (45) (86) (87) (96) (41) (31) (73) (95) (75) (69) (32) (48) (47) (94) (14) (12) (24) (66) (43) (65) (46) (2) (22) (27) (54) (67) (40) (63) (59) (97) (3) (13) (98) (28) (81) (88) (34) (70) (29) (93) (51) (9) (49) (26) (77) (16) (68) (50) (30) (56) (57) (21) (74) (33) (76) (60) 
99 (79) (95) (3) (63) (21) (28) (18) (20) (13) (80) (49) (60) (44) (2) (99) (52) (8) (85) (62) (75) (82) (19) (92) (16) (58) (67) (64) (53) (69) (50) (26) (47) (24) (29) (72) (87) (32) (100) (22) (94) (5) (65) (51) (96) (31) (12) (61) (74) (4) (57) (38) (9) (55) (66) (15) (17) (48) (93) (56) (91) (7) (46) (6) (39) (45) (23) (71) (76) (73) (10) (88) (41) (42) (25) (83) (36) (27) 
100 (49) (93) (72) (73) (56) (5) (15) (37) (83) (8) (38) (51) (68) (84) (70) (33) (30) (78) (35) (59) (47) (34) (6) (79) (40) (65) (55) (62) (21) (91) (17) (92) (23) (19) (27) (50) (57) (26) (53) (76) (75) (54) (11) (36) (25) (9) (64) (97) (28) (16) (31) (24) (90) (39) (66) (98) (95) (18) (99) (2) (52) (4) (44) (82) (94) (1) (42) (10) (41) (100) (89) (74) (85) (43) (77) (58) (81) (48) (7) (61) (32) (13) (87) (45) 
