0
100
100
1 (77 85 39) (37) (84 88 7) (100 78 86) (19 16 9 76 36) (97) (90 58 10) (28) (92 98) (81) (61 69) 
2 (17 23 80 14) (50 92 93 54) (75 90 18 78) (38) (53) (55) (72) (45 21) 
3 (5) (71) (7 76 62 12 33 82 29) (86 35 23 2 81 32 84) (18 99) (98) (49 59 92) (78 25 13) 
4 (19 13 8) (75) (30 82 64) (93 63 84 12 98 97 68) (43) (80 26 42) 
5 (88 68) (87) (84) (27 93 74) (90) (61) (85 76 15) (34 49 91 55 82 40 57 53 70) 
6 (30) (25) (91 64) (96 35 33 3 95 67 99) (48) (82) (57 59 7 49) (75 19) (69) (58) (28) 
7 (9) (19 99 53 11 65) (8) (78 10 6 88 77 49 91) (21) (58) 
8 (71) (20 95) (16) (6) (92 49) (44) (58) (52) (69) (85 59 31 89 22 54 3 48) (7 76) (5 40) 
9 (36 90 28 53) (65) (19) (79) (66 85) (26 84 45) (49 57 43 15 78 96) (1) (74) (46 64) (51) 
10 (90) (29 1 3) (41 51 33 92) (95 76) (5 94) 
11 (13 33 65) (86) (5 68) (7 91) (71) (23 18 96 100 54) (12) (10 92) 
12 (42 53 79 66) (80 69) (36 90) (98 71 33 41 24 32 10 58) 
13 (84) (99 18 8 49 34) (87 82 10 27) (91 56 45 86 70) 
14 (23 31) (6) (59) (64) (46 54) (32 20 68) (95 9) (21 34 63 2) 
15 (14 39 12) (50 35) (74) (87 71) (93 83 60) (54 38) (36 41 20) 
16 (64) (15 99 75 59 8 39) (4 68 61 98 82 72) 
17 (74) (67 38) (6 87 35 40 68 28) (86) (5) (22 63) (81) (34) (32 93 95) (50 15 2) (45) (58) (47) 
18 (77 68 40) (50) (32 24 34 29 62 73) (84) (98) (38) (19 7) (18) 
19 (80) (55 68) (10 35 93 98 88) (3 39) (13) (15) (58 33 83) (42 86 30) (85 64 19 49) (61 12 2 91 9 60) (69) 
20 (5) (86 57 98) (21) (97) (24 100 81) (67 48) (55 85 74 42 9) 
21 (80) (4 35) (91) (48 100) (65 53 14 50 34 26 49) (83) (90 92) (84 44) 
22 (97 45) (96 62) (21) (85) (4 73 1 5) (3 64) (52) (25 32 34 49 11) 
23 (51 91 44 64) (27) (26 81 7 36 53 55) (5 72 47 60 45) 
24 (34) (59) (38 15 32) (6 37) (72) (12 90 75) (98) (73 91) (36) (21) (100 22 85) 
25 (41 20 48 89) (91 21) (70) (71 52 10 24) (19 44 95 62) (73) (87 25) (12) (26 60) 
26 (81 64 12 47) (26 13 94) (3 16 92) (35 42) (63 19 54 36) (39 57 52) (91 69) (8) (56) 
27 (84) (66 67 61 63 69 8 87) (30) (88 49) (53) (15 54 28) (55) (36) (4 58 18) (86 19 97 7) (60 39) 
28 (37) (2 85 99 45 17 26) (19) (23) (56 73 12 20 86) (52) (58 59) (38 18) 
29 (52) (71) (32) (74 60) (42 63) (70 51 47) (49 48) (28) (89 84 97) (8 55) 
30 (82 64) (78 97) (80 70) (60 1) (50 58 46 25) (81 26 96 23 35 56) 
31 (97 36 43 70 47 16) (19) (68 53 83) (92) (91 4 75) (90) (50 96 22) (65 73 13) (51 31) (58) 
32 (5 100 39 37) (97 58 10 24 50) (42 51) (4) (90 53) (36) (78 18 25) (32) (92) (57 8) (94) 
33 (74) (51 24) (69) (65) (86 85 45 1) (34) (33) (71 57) (77 23) (67 62 95 81) 
34 (90 38) (51 52) (77 55) (49 30 9 33 31 14 94) (58 50) (99 72) 
35 (42) (89) (78 69 43) (4) (2 18 58 62 65 27 34 17) (31) (37) (56) (3 50 10 63 23 68) (100 45 49) (52 21 47 77) (54) 
36 (74 11 15 2) (29 22) (77) (64) (17 7 37 1) (62 16 99) (98 40) (12) (53 91 80) 
37 (80) (90 78 41 17 5 59 22 96 74) (66) (99 32 49 75) 
38 (42 47) (69) (19 52 100 4) (87 59) (9) (97 93 40) (14 11 2) (74 30 38 26 86) (91 67 63 90) (85) (39) 
39 (49 75) (87) (2 53 7 59 29) (95 3 10 8 86 33) (43 91) (71) 
40 (2 23 92) (9 6) (13 100) (8) (47 61) (89) (98 45) (31) (40) (11 32) (72 43 87) (88 68 36) (75 30 83 56 62) (57) 
41 (31 78) (92 8 72) (79 87) (38 25) (39 57) (55 90) (77 70 30 5 99 32 15 73 48 41) (75 10) 
42 (22 85) (5 49 19 65 78 46 8 9) (1) (38) (92 82) (11 50 4 35) (73) (69 10 90 27) (3) 
43 (28 39 2) (73) (36 12) (50 6 90) (93 56) (55) (70) (78) (85) (59 98) 
44 (3 80 40 39 22) (5 48 86 79 8 34 73) (32 24 15) (9) 
45 (27) (61) (32 56 59 2) (49 47 57) (23 16) (77 68 34 84) (94 35) (83) (89) (96) (51) (44 42 1 6) 
46 (65 96 31 91 24) (100) (52) (45) (67 23) (75 41 74) (4) (78 28 84 5 98) (58 34 16) 
47 (69 85 38) (83 16) (59) (62) (72) (1) (4) (58 11) (75 9) (87) (89 23) 
48 (22) (20 98 80) (94 3 100 48) (12 23) (75 77) 
49 (12) (82 91) (19 1 43) (2 58 14) (16 83 45 95 96 22) (93) (89 97) (70 55) (99 88) 
50 (16 10) (96) (32 42) (20 76 52) (100) (49 6 47 65 71) (75) (79 22) (18) 
51 (36 44) (53 89 92 2) (39 6) (32) (60 75) (23 29 19) (21 95 27) 
52 (82) (84 48) (81) (25) (14 56 50 27) (99 39 58) (95 89 55 78 26 62) 
53 (85) (12 52) (31 53) (29 24 54 97 23) (11 13) (36) (96 94) (28 49 25) (74) (66) (45 67) (98 78) 
54 (12) (55 49) (91 61 5) (94 21 52) (14 79 17 43 75 25) (6 19) (40) (73) (44) (16) (64 46) 
55 (48 10 9) (4) (33 62) (52) (1) (40 79) (72) (51 86 73 96 17) (44) 
56 (83 9 17 38) (52) (51) (71 99 69) (47 63 90 49 62) (65) (13 35 23) (67 73 19 55) (82) 
57 (16 27) (3 97) (77) (64 39) (98) (31 61 43 88) (94) (17) (60 58) (90) (74) (9) 
58 (57 97 5) (80 75) (21) (38 67 27 49) (35) (24) (41 93) (6 84 91) (44 78 94) (64 3 59 60) 
59 (66 58 33) (85 79) (86) (27 25) (96 29 26) (68 6 49 88 22 59 20 90 91) (46 30 4 51) (84 75) (12) 
60 (17) (35 79 4 42 55 8 60 61 28) (38 68) (22) (75) (76 74) (10) (29) (36 98) (69 25 59) 
61 (25 37 7 26 61 98) (32) (79 71 5) (60 12 91) (85 92) (97 38) (68) (31) (73) (35) (29 83 55) (50) 
62 (99 13 7 2) (76 90 55 86 82 35 27) (69) (79 62) (38 77 26 14) (4) (71) (8) (47) (98 50) 
63 (22 12 30 75) (15) (53 65 68 54 9 52 83 35) (74 27) (73 78 45) (13) (61 79) (37 32 40) (59 84 80) 
64 (32 78 5 75 91 13 83) (9 36) (68 14) (90 11 8 65 23 7 82 92) (77 67) 
65 (90) (89) (17) (18 33 41 97) (35) (16 96 79 36 7) (88 72 100 44) (86) (37 34) 
66 (51) (54 19 71) (76) (50) (94) (34) (15 25) (31 75 27 64) (78) (84 30 28 41) (10 36) 
67 (91 50 10) (90 88) (72 89) (86) (8 54 82 74 25) (100 77 75 6 2) 
68 (85 20 30) (97 62) (40) (86 24) (16 55) (38 59 32) (13) (18 11 80) (33) (100 88) (14 90 52 65 1 36) 
69 (34 54) (73 33 13) (29 48) (52 96) (22 93) (46) (64) (85 67 17) (1 65) (75) (24) (49 9) 
70 (9 91 28 34 49 55 63 42) (54) (82 40) (17 77 51 56 18 14 31 45 15 98) 
71 (51 20 84) (48 28 87 86 37 43 40 6 56) (80) (94 33) (55 22) (44) (72) (64) (41 57) 
72 (99 44) (77 86 79 57 84 75) (30 19) (65) (26 6) (36 32 1 60 27) 
73 (10 67) (12) (56 72 79 65 31) (60) (29) (23 61 8) (4 91 13) (54 25) 
74 (50 3 93 24) (76) (10) (66) (97) (83) (64 23 34 28 18 30 4 37) (2 65 9 45 15 68 67 58 95) (73) (22) (91 69) (35) (99 71) (31) 
75 (28) (97 87 16 98 42) (24 64 78 82) (13) (60) (95) (71) (69 100 36 29) (6) (90) (40) 
76 (7 75 56) (67 31 80) (4 5 28) (68 88 48 8 3 47) (55) (100) 
77 (48) (56 1) (43 5) (47 72 51 14 29 53 88) (69 45) (8) (78 65) (99 60 96 31 2 83 36 61 87) (67 10 23) 
78 (20 50) (19 69 9) (70 54) (65 47 96) (12 10 97) (13 49 46 7 2 31 25 33 48) (29) (87 78) 
79 (38 77 30 49) (20) (87 71 98) (93 35 8) (80) (28 58) (34 60) (44) (3) (55 56) (24) (78 89) (74 11) 
80 (78) (91 54 14) (92 18 67 28) (32 74) (17 70 90 2) (80) (85 45) (50) (60) (27 82) (77) (5) 
81 (53 9 65) (1 22 91) (98) (54) (33) (41) (83 37) (6 12 99 20 50) (17 32) 
82 (82 31) (63 41 28 62) (76 87) (32 78) (60 89 94) (69) (66 39) (30 56 34) (99) (64) 
83 (52 67) (29 66 64) (84 8 97 53 56 27 72) (70 41) (32 58) (17) (18 69) 
84 (87) (41 21) (95 48 88 10 76 56 85) (14) (99 33 25 71 34) (54 73 5 38) (4) (19 98) (37 6) (11) (12 17 66) (75) 
85 (8 83 30) (89 11 85 86) (45) (57 2 5 34 58 19 18) (52 22 90) (32 68) (7) 
86 (66 34) (25) (44 27 61 30 46 11 37 20 53) (76) (86) (16 9) (97 99) (78) 
87 (95 11) (34 100 51 2 62 61) (43 68) (66 76) (63 41 52) (94) (7 84) 
88 (41) (7) (14) (98) (62 53 36 88) (74 70 71) (17 3) (46 27) (100) (61 50) (32 11 33) 
89 (24 31 48) (76 28 29 74 17 7) (84 70 3 73 80) (98 2) (88) (59 72) (93 6) (9 40) (95 54) 
90 (4 15) (82 16 59 52 45 97) (46 89 54 96 64) (95 30 39) (42) (67 62) 
91 (33 40) (93 38) (62 58 72) (99 59 25) (34) (94 96 5) (71 86 41) (44 28) (8 78) 
92 (73) (43 28) (56) (46) (39) (75 24) (77 2 49 40 48 100 70 38 1 22) 
93 (39) (22 77 35) (99) (54 26 23 97 95 59) (90 76) (78 11 10) (91 40 80) (89) (13 58) 
94 (3) (69 4 9) (51) (54 46) (52 64) (21 13) (83) (16) (75 40) (63 96 37) (35) (78 57 38) (47) 
95 (16) (90 70 27 26 68 92 17 98) (18 42 32 78) (2) (56 22 73) 
96 (63 60) (2) (89) (31) (28) (1) (98 7) (76) (69 97 79 26) (35 74) 
97 (88 50) (17 63 5) (94) (10) (81 32 86) (8) (56) 
98 (68) (32 25 74) (9 4 33 42) (69 87 39 71 11 84 96 97 67) (7) 
99 (35) (4) (49) (23 8 82) (48) (72) (92 85 60 39 74 3 78 37 26) (86) 
100 (70) (83 91) (46 82) (30 85 84) (77) (63 79 26 100) (5 86) (75) (3) (38) (8) (13) (1 32 71) (67) 
1 (92) (68) (22) (10) (9) (30) (77) (45) (100) (36) (49) (33) (47) (96 81 55 42) (72 69) 
2 (96) (28) (43) (35) (85) (62) (19) (14) (3) (36) (17) (92) (95) (67) (78 51 87 77) (74 45 89) (38) (49 40) (80 39) 
3 (88) (39) (8) (19) (89) (35) (74) (48) (26) (22) (94) (79) (58) (76) (100) (44) (6) (99) (57) (42) (10) 
4 (21) (32) (35) (84) (90) (76) (22) (46) (60) (42) (98) (16) (47) (55) (73) (74) (62) (31) (59) (99) (38 27 94) 
5 (37) (54) (44) (46) (22) (32) (97) (17) (61) (41) (10) (80) (42) (8) (85) (3) (91) (64) (11) (77) (20 76 84 58 23 100) 
6 (72) (59) (51) (40) (84) (14) (17) (45) (50) (24) (7) (43) (89) (75) (81) (71) (58) (67) (54) (8) 
7 (65) (18) (85) (98) (3) (88) (39) (6) (27) (23) (62) (64) (76) (11) (61) (87) (36) (78) (96) (1) (8 89) 
8 (83) (85) (100) (91) (44) (7) (64) (32) (4) (67) (97) (60) (99) (42) (39) (40) (79) (76) (16) (62) (29 27 13 26 73 41 77) 
9 (14) (42) (78) (89) (86) (56) (69) (70) (94) (57) (19) (44) (55) (1) (38) (63) (81) (47) (98) (40) (64 74 20) (7) (34) 
10 (11) (50) (84) (39) (42) (74) (66) (77) (12) (32) (67) (13) (7) (41) (55) (73) (19) (25) (78) (60) (1) (97) (93) (35) 
11 (68) (85) (87) (7) (84) (88) (47) (86) (79) (36) (53) (98) (22) (38) (42) (64) (93) (40) 
12 (15) (19) (81) (11) (24) (53) (59) (4) (78) (73) (3) (54) (61) (25) (63) (49) (48) (43) (84) (28) (26) (36) 
13 (64) (94) (100) (75) (63) (93) (3) (11) (78) (4) (19) (73) (56) (26) (68) (53) (31) (62) (40) (69) 
14 (80) (49) (77) (21) (68) (84) (2) (34) (62) (54) (64) (70) (38) (88) (52) (15) 
15 (63) (66) (9) (41) (27) (19) (44) (90) (16) (36) (24) (70) (5) (17) (74) 
16 (54) (36) (31) (46) (90) (65) (94) (50) (95) (68) (57) (45) (49) (26) (75) (47) (8) (1) (86) 
17 (55) (83) (57) (95) (89) (37) (97) (35) (69) (60) (28) (65) (88) (81) (80) (70) (84) (36) (54) (56) (2) 
18 (83) (50) (27) (11) (32) (35) (74) (13) (28) (2) (18) (3) (95) (85) (70) (68) (65) (80) 
19 (42) (6) (7) (31) (25) (84) (51) (1) (28) (72) (66) (56) (27) (9) (4) (26) (54) (85) (18) (78) (19) (49) (38) 
20 (25) (68) (14) (50) (15) (79) (8) (48) (86) (28) (78) (81) (59) (71) 
21 (14) (7) (58) (51) (2) (94) (84) (54) (25) (20) (35) (22) (24) 
22 (42) (69) (49) (95) (17) (44) (92) (36) (24) (71) (60) (63) (31) (74) (85) (93) (50) (48) (37) (59) (81) (8) 
23 (45) (47) (64) (2) (35) (40) (28) (3) (77) (53) (48) (74) (99) (14) (11) (73) (46) (51) (93) (33) (30) (56) 
24 (53) (33) (58) (74) (25) (32) (75) (46) (79) (20) (68) (92) (69) (12) (18) (89) (44) 
25 (6) (78) (73) (41) (98) (54) (66) (32) (61) (22) (3) (91) (25) (67) (59) (30) (86) (84) (53) (60) (52) 
26 (9) (72) (30) (28) (61) (59) (52) (23) (26) (95) (93) (96) (25) (21) (38) (99) (62) (100) (4) 
27 (86) (83) (62) (95) (45) (80) (88) (42) (51) (58) (66) (59) (13) (63) (35) (52) (57) (72) (23) (5) 
28 (43) (71) (17) (27) (66) (79) (80) (70) (6) (29) (46) (92) (9) (1) (53) (60) (82) (91) (89) (74) (75) (96) (76) 
29 (61) (75) (73) (18) (83) (39) (3) (51) (53) (36) (77) (10) (60) (59) (89) (78) (69) 
30 (82) (19) (79) (6) (74) (38) (40) (68) (4) (85) (90) (63) (66) (72) (41) (27) (100) (59) (86) (34) 
31 (8) (40) (41) (70) (73) (76) (53) (96) (57) (61) (77) (46) (66) (74) (78) (89) (34) (14) (35) (82) (31) 
32 (97) (83) (100) (12) (85) (18) (3) (44) (61) (81) (88) (72) (32) (22) (41) (50) (14) (24) (98) (29) (63) (45) (51) (37 40 95 64) (80) (82 17) (68) 
33 (59) (11) (71) (55) (68) (12) (19) (98) (39) (81) (65) (78) (84) (3) (69) (34) (33) (91) (10) (6) (88) 
34 (46) (13) (65) (74) (35) (33) (24) (45) (79) (21) (18) (85) (14) (87) (22) (82) (69) (44) (86) (66) (70) (91) (5) (84) (17) 
35 (3) (6) (58) (65) (99) (79) (21) (45) (15) (60) (17) (94) (19) (62) (96) (56) (74) (93) (63) (61) (42) (26) (30) 
36 (24) (72) (51) (32) (53) (23) (64) (15) (68) (75) (77) (60) (43) (88) (31) (12) (66) (40) (9) (26) (1) (27) (65) 
37 (99) (61) (81) (86) (63) (1) (71) (94) (28) (35) (65) (74) (84) (24) (36) (32) 
38 (15) (34) (17) (68) (58) (18) (62) (92) (24) (38) (2) (47) (56) (41) (91) (60) (94) (42) (61) (84) (28) (100) (79) 
39 (1) (93) (52) (19) (15) (57) (32) (38) (99) (41) (43) (98) (90) (92) (26) (82) (16) (27) (44) (51) 
40 (54) (92) (68) (44) (63) (36) (75) (89) (70) (8) (18) (71) (38) (40) (55) (94) (93) (17) (5) (91) 
41 (58) (46) (12) (37) (71) (10) (84) (87) (81) (65) (66) (83) (25) (91) (15) (82) (41) (88) 
42 (19) (29) (20) (4) (70) (90) (75) (95) (38) (12) (35) (98) (45) (60) (50) (32) (26) 
43 (40) (54) (4) (77) (39) (71) (49) (57) (9) (87) (92) (35) (31) 
44 (8) (79) (23) (45) (58) (25) (71) (51) (54) (21) (91) (86) (55) (72) (65) 
45 (46) (13) (23) (35) (85) (53) (22) (28) (63) (49) (70) (74) (17) (80) (33) (90) (40) (77) (9) (2) 
46 (90) (42) (59) (30) (92) (14) (94) (54) (78) (86) (100) (69) (88) (9) 
47 (23) (50) (77) (76) (94) (78) (40) (26) (38) (62) (35) (17) (56) (31) (29) (45) 
48 (48) (6) (69) (99) (55) (71) (20) (44) (52) (89) (77) (78) (84) (92) (25) (29) (76) (41) (21) (8) 
49 (8) (22) (6) (78) (50) (56) (7) (21) (3) (42) (70) (59) (53) (34) (79) (35) (92) (69) (29) (13) (5) (9) (19) (54) (45) (58) (27 39 99) (37) 
50 (32) (67) (31) (43) (2) (30) (35) (61) (74) (80) (15) (88) (34) (21) (17) (62) (66) (78) (81) (97) (18) (52) (42) 
51 (70) (66) (32) (29) (77) (94) (9) (59) (10) (34) (56) (87) (33) (31) (23) (71) (55) (45) 
52 (87) (25) (85) (69) (50) (38) (28) (68) (26) (56) (35) (54) (29) (94) (83) (55) (46) (34) (90) (8) (53) (22) (63) 
53 (81) (63) (21) (2) (51) (12) (23) (53) (32) (5) (77) (36) (9) (27) (88) (83) (86) (39) (31) (7) 
54 (15) (11) (94) (63) (53) (66) (26) (67) (89) (93) (35) (8) (84) (73) (70) (14) (81) (90) (78) (2) (69) (27) (80) 
55 (54) (56) (70) (43) (79) (71) (52) (2) (19) (23) (29) (5) (61) (20) (60) (41) (34) (68) (76) (49) (62) (27) 
56 (70) (28) (73) (82) (40) (13) (71) (92) (79) (84) (45) (52) (43) (95) (97) (35) (83) (30) (77) (26) (76) 
57 (33) (85) (45) (9) (32) (58) (40) (72) (5) (94) (41) (26) (71) (6) (20) 
58 (46) (19) (93) (7) (79) (35) (83) (47) (28) (30) (85) (74) (52) (32) (1) (8) (6) (91) (49) (12) (59) (57) (31) (17) (27) (34) 
59 (89) (28) (14) (39) (58) (43) (47) (63) (38) (91) (68) (59) (3) (37) (6) (16) (45) (24) (90) (8) (93) (60) 
60 (80) (99) (61) (25) (58) (27) (77) (23) (60) (29) (19) (96) (82) (72) (51) (73) (15) (75) (79) (57) (30) 
61 (86) (1) (87) (27) (60) (88) (45) (73) (40) (54) (19) (16) (5) (63) (57) (61) (77) 
62 (40) (22) (56) (62) (88) (68) (91) (55) (25) (87) (90) (52) (3) (18) (82) (36) (35) (33) (47) 
63 (27) (29) (100) (56) (4) (14) (87) (97) (94) (38) (35) (26) (82) (70) (17) (96) 
64 (94) (9) (22) (6) (90) (4) (58) (36) (14) (83) (26) (69) (82) (66) (71) (54) (57) (23) (16) (19) (74) (75) (30) 
65 (56) (73) (31) (63) (9) (50) (77) (46) (72) (33) (35) (42) (69) (7) (81) (11) (21) (64) (78) (74) (68) 
66 (83) (84) (27) (37) (59) (12) (53) (87) (82) (74) (9) (86) 
67 (80) (83) (76) (53) (56) (90) (69) (98) (58) (77) (38) (73) (27) (64) (20) (74) (17) (100) (6) (46) (33) 
68 (45) (63) (35) (60) (74) (40) (17) (11) (95) (5) (61) (98) (18) (4) (59) (31) (76) (14) (87) (85) (64) (16) (19) 
69 (78) (12) (38) (56) (47) (60) (33) (94) (62) (1) (98) (83) (96) (19) (75) (6) (74) (8) (82) (27) (26) (35) (77) (42) 
70 (13) (43) (95) (49) (92) (31) (41) (83) (100) (88) (29) (78) (25) (89) (5) (80) (30) 
71 (88) (33) (84) (3) (79) (12) (29) (56) (11) (75) (74) (15) (66) (50) (39) (100) (98) (25) (91) (62) (61) (8) 
72 (77) (2) (91) (67) (73) (47) (41) (65) (83) (24) (89) (99) (34) (23) (55) (71) (16) (40) 
73 (63) (55) (84) (95) (61) (74) (92) (22) (28) (42) (25) (89) (69) (56) (31) (54) (44) (24) (41) (18) (43) 
74 (20) (96) (60) (33) (17) (5) (99) (63) (38) (37) (88) (57) (15) (79) (46) (9) (36) (29) (80) (67) (98) (53) (89) 
75 (100) (84) (64) (51) (2) (31) (94) (4) (67) (16) (37) (59) (46) (60) (39) (72) (92) (24) (66) (69) (40) (76) (58) (50) (63) (6) (47) (54 41) (48) 
76 (50) (93) (60) (82) (5) (10) (3) (89) (1) (8) (66) (62) (84) (96) (87) (74) (86) 
77 (45) (34) (7) (57) (93) (62) (64) (18) (79) (92) (72) (36) (35) (33) (48) (100) (67) (80) (1) (41) (70) 
78 (9) (95) (46) (42) (52) (35) (2) (32) (94) (66) (63) (93) (99) (79) (91) (53) (1) (43) (37) (75) (7) (3) (78) (64) (80) (82) (86) (77) (58) (30 41) 
79 (60) (50) (9) (44) (61) (62) (54) (96) (12) (63) (59) (65) (100) (55) (41) (72) (73) 
80 (93) (12) (58) (4) (89) (19) (37) (76) (68) (36) (21) (44) (30) (80) (48) (79) (2) (71) (63) 
81 (1) (20) (3) (97) (33) (30) (52) (26) (17) (23) 
82 (99) (4) (16) (90) (6) (70) (3) (30) (100) (42) (13) (52) (56) (80) (75) (62) (82) (64) (5) (67) (49) 
83 (45) (74) (63) (19) (47) (85) (40) (81) (49) (15) (56) (61) (100) (94) (77) (31) (21) (64) 
84 (72) (3) (4) (63) (52) (21) (100) (18) (98) (89) (46) (29) (71) (1) (9) (87) (27) (5) (66) (45) (59) (13) (83) (58) 
85 (22) (53) (47) (69) (80) (84) (59) (9) (28) (1) (61) (20) (8) (100) (33) (5) (42) (99) (38) (19) (24) (68) (85) (43) 
86 (99) (68) (13) (62) (44) (100) (91) (3) (72) (11) (97) (27) (17) (38) (85) (1) (19) (55) (86) (20) (39) (65) (59) (71) (67) (28) (33) 
87 (25) (79) (5) (78) (41) (82) (98) (77) (39) (38) (13) (75) (15) (47) (71) (27) (17) (84) (40) 
88 (57) (67) (68) (88) (27) (5) (84) (97) (7) (76) (49) (89) (40) (65) (1) (59) (77) (19) 
89 (85) (29) (51) (90) (96) (45) (8) (52) (35) (40) (65) (47) (25) (49) (93) (79) (67) (82) 
90 (67) (57) (93) (34) (5) (31) (21) (85) (62) (32) (37) (10) (2) (12) (42) (64) (38) (43) (80) (65) (41) (1) (95) (24) (75) (9) (56) (68) (59) 
91 (36) (74) (54) (81) (24) (46) (25) (19) (5) (23) (21) (26) (38) (58) (73) (59) (11) (100) (31) (93) (80) (61) (6) (39) (13) (64) (67) (49) (7) (70) 
92 (64) (41) (61) (26) (80) (99) (1) (21) (40) (2) (10) (11) (42) (51) (95) (3) (31) (8) (32) 
93 (17) (4) (38) (49) (89) (43) (79) (19) (5) (91) (15) (2) (74) (69) (58) 
94 (82) (53) (87) (97) (32) (66) (71) (34) (10) (58) (57) (45) (48) (26) (91) (54) 
95 (51) (10) (93) (89) (90) (52) (25) (17) (49) (75) (84) (33) (74) (14) (39) (87) (8) (6) 
96 (94) (22) (31) (69) (55) (90) (65) (45) (78) (46) (77) (6) (50) (53) (91) (11) (9) (30) (59) (98) (37) (49) 
97 (96) (53) (31) (65) (38) (1) (75) (74) (83) (49) (29) (61) (20) (78) (58) (22) (86) (27) (4) (57) (32) (68) (98) (90) (30) (93) 
98 (1) (75) (60) (84) (12) (16) (48) (36) (96) (88) (95) (61) (40) (62) (20) (19) (53) (3) (89) (24) (79) (81) (46) (70) (18) (4) (57) (43) 
99 (49) (77) (28) (91) (34) (37) (84) (16) (72) (7) (3) (86) (41) (82) (13) (52) (6) (36) (81) (62) (74) (56) (93) 
100 (11) (67) (20) (87) (35) (65) (68) (1) (48) (24) (92) (50) (88) (21) (75) (32) (40) (46) (76) (100) (38) 
