0
100
100
1 (89 94 38 9 25 3 79 30 73 2) (62 56 52 40 21 67 15) (76 71 82 60 63 34 90 5 45 96 57 41 72 69 14 77 44 22 27 42 51) (20 65 35 6 10) (59 13 81 91 87 16 19 28 64 37 54 29 33 61 74 95 80 39) (53 4 75 86 12 47 32) 
2 (65 5) (77 37 16) (8 83 79 95 41 45 42 43 70 39 3) (12 14 78 21 48 58 40) (15 52 90 89 11 87 98 44 69 46 50 85 51 55 94 35) (53 80 91 9 93 7 25 76) (88 68 62 34 33 66 100 17 4 67 73 10 28 61 57) (32 30 63) (71 38 31 75) 
3 (92 55 52 18 99 93 60 12 57 26 73 7 82 3 40 44 33 2 36) (72 27) (29) (96 17) (1 67 91 53 83 97 69 21 45) (15 65 84) (4 61 90 51 81 63 64 28) (89 58 75 50 87 94 85 49 46 98 37 30) (10 100 79 47 23 59 76 88 22 43 38 95 35 80 48 19 66 71 41 56 25 39 20 34 9) 
4 (49 67 15 50 29) (52 91 28 38 23 33 66 81 70 35 37 18 40 58 12 44 87 36 26) (92) (63 97 53) (41 27 85 79 71 80) (100 69 82 62 83 76 99 73 34 89 90 21 48 93 46 61 84 3) (77 55 56 98 74 94 8 57 16 11) (39 32 24 6 4) 
5 (67 77 10) (16 87 44) (70 2 94 20 55) (58 17 90 62 1 71) (51 37 73 86 89 74 11 15 43 66 83 52 88 57 93 13 53 41 92 75 14 49 69 82 59 5 6 85 63 25 27 97 45 38 50 95 84 7 22 39) (54 32) (24 64) (33 100 60 98 4 34 81) 
6 (2 84 44 13 98 33 90 11 36 29 16 6 79 68 81 60 41 65 87 38) (32 51 94 100 89 48) (76 99 61 86 9 3 24 49 95 17) (4 27 52 85 20 5 77 15) (72 71 92 47 88 82 30 70) (50 14 26 58 7 83 63 39 97 64 45 46 93 37 73) (43 1 66 25 53 10 35 91 56 42) (75) 
7 (13 87) (31) (32 12 14 44 33 68 26 80 83 55 50 52 45 72) (81 15 67 94 39 49 47 90 69) (71 37) (74 43 17 56) (48 75 57 11 53 92 73 27 58 97 25 78 89 63 64) (91 24 2 85 76 88 22 82 98 70 66 51 100 23 7 40 8 1) 
8 (73 97 33 7 77 66 1 16 69 18) (45 52 35 37 6 67 78 22) (19 56 71 21 65 3 50) (60 24 88 9 42 62 4 74 12 87 39 55 92 76 79) (29 61 63 38 47) (54 89 30 5 13 32 85 43 93 11 95 70 80 57 94) (27 20) (82) (48 91 68 36 53 72) (10 41 8 46) 
9 (16 99 29 52 89 6 95 62 96 75 87 23 38) (100 56 32 55 26 66 65 46 58 98 4 37 88 19 39 22 2 18 36 33 40 9 25 79 74 10 8 45 90) (35 43 69 64 1 67 53 54 97 72 82 85 49 17 76 59 94 21 47 63) (11) (34 68) 
10 (63 26 33 16 99 73 37 53 66 51) (71 90 77 22 70 60 96 85 100 93 55 29 74 61 79 80 40 87 97 64 81 19 49 17 65 68 56) (83 78 94 8 28 57 11 15 48 38 10 5 91 32 9 43) (58 88 7 72 62 54 86 95 46 59 13 14 3 47 35) 
11 (9 24 100 21 76 99 97 93 68) (80 94 27 40 16 6 3 38 41 12 67 88 15 48 86 45 77 7) (35 18 8 11 23 19 58) (72 63 66 90 53 51 71 17 70 69 49 83 54 65 42 59 13 22 26 31 87 98 44 82 4 81) 
12 (97 78 95 65 16 4 43) (54 100) (87 30 61 85 31 45 63 8) (44 96 17 71 51 27 94 90 46 36 2 73 11) (32) (66 93 13 92 29 58 60 21 70 67 86 57 35 72 9 23 24) (89 34 40 59 77 19 18) (49 56 88 99 68 82 48 33 50 83 10 79) (47) 
13 (1 99 78 95 57 11 56 82 93 98) (96 47) (87 38 66 28 65 90 89 71 74 6) (68 18 7 70 14 79 73 21 58 34 17 86 26 16 35 50 37 13 62 97 5 27 77 25 88 53 61 46 15 39 12 44 9) (2 59) (76 40) (69 92 20 45 29 30) (85 75 55) (100 33 42 23 54) (52 36 63) (64) 
14 (8 90) (43 77 65 27 32 49 36 16 38 89 85 40 99 14 25 26 87) (75 2 91) (5 21 44 63 61) (9 76 31) (17 13 59 34 1 19) (73 30 22 37 86 4 35 56 47 71 88 3 98 51 23 48 74 72) (15 55 62 78 52 100 57) (95) (45 20 84 33 83) (80 64 94 41 29 70) (81 92 28 50) 
15 (75) (97 23) (18 4 89 68 14 35) (38 88 56 48 15 54 49 50 62 13 33 58 25 43 84 52 63 57 51 70 65 93) (61 17 22 66 92 24 74 79) (37) (77 16 30 100 94 72 87 3 67 83 34 42 53 2) (29 28 69 8 98 82 55 6 46 96 95 60 5 78) 
16 (25 35 27 30 6 26 82 93 69 47 86 66 61 87 46 76 49 71 68 19 4 13 15 8 2 5 78 96 55 100) (22 72 79 12 64) (18 42 89 63 57 40 85 14 90 3 28 80 65) (20 10 17 62 52 54 95 48 75) (1 11 23 94 58 81 34 51) (7 56) (98 44 9 41 92 97) 
17 (21 82 88 68 8) (28 11 49 23) (98 29 44 67 80 71 32) (73 13 50 43 91 74 31 54 46 62 99 94 10) (18 14 3 12 84 78 22 55) (36) (34 76 83 30 53 38 27 59 61 69 65 72 58) (90 39) (60 4 87 20 95 42 66 24 48 81 15 63 86) 
18 (13 51 24 82 62 37 21 55 15 56 80 19 35 96 78 98 1 94 68) (41 36 99 52) (8 32 76 16 66 77 63) (100 50 93 72 31 75 79 28) (69 6 67 30 61 53) (49 87 17) (26 12 81) (42) (73 23 29 92 47 95 60 5 3 39 44 70) 
19 (28) (94 45 41 2 85 82 95 6 36 29 17 44 60 70 75) (9 15 57 42 24 40 26 59) (63 7 58 37 84 74 68 81 83 27) (65 64 25 53 79 73) (51 13 5 47 72 12 1 8 4 11 49 62 71) (87 3 31 21) (55 32) (33 54 89 91) (46) 
20 (17 35 36) (18 4 56 93 26 75 49 12 69 30) (58 94 27 77) (70 38 39 9 8 79 32) (72 73 48 34 86 68 16 65 13 92 1 37 3 82 66 50 87 43 10 11 33 46 97 64 78 40 31 76 84 45 14 88 63 5 19 81 21 57 47) (52 55 28 96 98) 
21 (97) (60 20 73 49 37 66 94 93 8 40 96 81 33 75 54) (100 31 23 44 64 6 63 87 5 90 89 83 1) (53 50 13 70 79 88 15 95 56 99 80 39 11 30 61 32 24 52 69 9 43) (36 98 77) (21 76 41 25 67 71 82 19) (2 4 92) (85 58) (78 29 46 42 84) 
22 (53 41 85 42 60 34) (61 81 57 37 72 38 78 48 82 87 91 46 56 21 49 30 97 86 20 83 70 6 95 40 44 59 43 23 52 90) (50 5 39 1 64 45 12 93 74 16 29 77 10 51 47 2 68 71 62 36 17 25 79 31 33 26 22 80 14 27 15 8 92 99) 
23 (30 80 62 94 50 69 3 65) (96 90) (46 51 68 70 43 7 81 14) (76 100 40) (85 5 71 57 47) (33 56 60 55 99 6 87 36 17 89 58 63) (92 72 12 66 21 73 84 20 1 19 2 26 32 45 39 82) (75 95) (61 48 15 44 93 24 18 10 23 22 9 78) (74 98) 
24 (84 11) (8 90 95 15) (16 98 91) (14) (38 64) (73 92 12 70 25 83 3 82 86 50 23 78 52 7 79 33 39 62 65 17 87 19 94 89 54 56 47 97 42) (40 26 80 43 61 93 69 13 18 31 100 85 77 41 37 28 68 4 30 20 21) (29 74 55 34 9) (99 46) (10) 
25 (60 35 24 18 56 90 8 96 21 49 69 20 52 70 1 30 50 10 22 98 31 92 54 76 83 87) (16 93 9 32) (11 72 13 12 64 85 41 59 67) (77 53 43 28 19 65 58) (91 42 15 55) (33 45 61) (57 48 79 29 23 74 5 6 89 66 75 25 2 3 71 73 47) (62 81) (80 99) (97 38 44 39 63) 
26 (22 16 62 96 46 94 65 52 1 72 36) (30 51 93 56 7 54 79 88 28 33 25) (69 98 60 86 61 82 26 80 15 3 68 29 50 45 23 81 17 21 2) (97 13) (48 66 95 41 24 18 5 91 73 4 99 64 78 63 11 10 8 57) (44) (9 70 34 49 43 87) 
27 (49 61) (31 42 16 20 75) (5 95 15) (13 24 57 60 29 73 93 41 48 89 97 82 88 33 71 12 70 69 51 58 43 6 40 67 65 68 9 84) (2 8 39) (46 74 90 100 17 32 85 94 86 30 35 36 10 21 55 64 72 38 77 96 37) (7 47 98 78 22 56) 
28 (74 76 83 73 82 90 46 61 32 51 57 69 55 71 35 89 87 58) (94 70 68 93 14 62 15 72 88 24 98 4 16 45 30 5 49 52 64 77 39 29 100 85 54 48 10 28 11 95 7 31 8 42) (25 99 33 91 75 3 37 1 38 86) (6 67 97 41 47) 
29 (25 70 55 14 90) (67 40 85 86) (43 16 35 26 34 65 78 23 89 87 46 22 63 31 51 64 58 97 27 84 68 24 2 44 56 6 50 42 99 95 92 15 33 100) (73 69) (47 11 74 49 75) (5 4 82 77 29 66 91 48 53 94) (71 17 76 32 38 72 93 3 21 41 57 62 59) (37 98) 
30 (53) (82 78 33 48 55 37 86 28 72 65 68 4 23 52) (46) (99) (73 18 62 8 60 17 45 94 95 26 47 25) (88 79 29 77 69 67 75 89 21 66) (50 1 30 35 24 11 74 32 81 58 57 100 5 80 97 14 61 3 64 70 63 12 27) (44 34) (56) (83 13 7 91 85 59) (96 90 71 93 36 43) 
31 (82 41 16 22 38 85 77 59 89) (15 65 29) (50 84 8 69 43 36 26 3 86 73 64 67 25 28 7 10 93 80 97 13 44 12 1 75 32) (37 49 78 19) (90 98 20 2 56 4 54 34 53 33 9 52 46 79 74 27 51 94 91) (17 62 57 48 60) (45 5 47) 
32 (91 28 94 6 66) (24 35 22) (93 99) (50 82 37 58 41 84) (23 85 36 60 11 79 2 88 92 38 44 72) (53 89 61 4 26 32 51 75 1 25 96 74 65 90 47 13 3 15 69 80 77 46 5 39 43 70 27 52 95 30 34 83 33 73 87 42 55 19 7) 
33 (29 60 21 1 77) (22 11 83 13 97 94 56 27 36) (30 12 51 19 15 99) (91 34 26 4 46 71 6 57 28 43 54 53 8) (93 40 65 62) (92 58 84 95 74 78) (79 66 73 31 39) (9 47 49 33 37 44 7 82 48 18 24 35) (32 98) 
34 (1 22 13) (44) (74 71 41) (82 50) (24 52 11 75 27 10 5 53 83 19 17 58 32 6) (77 64 59 61 8 55 97 49 4) (3 45) (67 95 76 98 100 57 30 88 20 80 38 23 47 46 93 65 70) (54 73 79 2) (40) 
35 (13 32 48 7) (70 58 97 86 79 11 39 87 10) (38 25 52 67 61 2 3 54 74) (76 64 85 45 36 63 95 47 31 82 14 81 100 37 69 28 41 22) (49 68 57 53 62 56 33 17 80 19 35 88 8 84 91 98 60 73 18 29 15 94) (26 50 23 93) (77 59) 
36 (21) (67 94 93 81 79 16) (49 17) (83 57 51 34 78 98 5 46 38 82 33) (28 19 26 47 59 43) (14 64 35 76) (6 8 75 13 54 80 1 10 77 22 95 97 61 90 44 91 65) (45 3 58 30 92 56 100 86 53 12 60 29 88 89 23 68 24 40 71 84) (15 32 85 66 37 39 99 42) 
37 (25) (15 36 34 39 37 28 62 52 83) (98 8 51 64 95) (46 16 58 3 49 55 5 57 19) (89 77 69 54 88 79 93 90 24 78 4) (2 86 1 92) (70 96 38 82) (29 99 59 21 100 74 72 35 23 44 42 45 40 33 94 14 71 63 81 56 10 6 91 9) (48 53 7 26 20) (47 61 76 12) 
38 (20 85 67 36 65 66 48 59 96 100 6 54 86 4 10 91) (70 64 98 49 14 38 43) (92 25 53 47 72 26 76 46) (94 78 18 5 2) (73) (93 1) (15 55 71 30 28 12 7) (51 56 83 39 69 90 89) (37 24 50 62 57 40 22 81 61 27) (8 75 13) 
39 (23 31 91 93 4) (26 14) (87 28 97 45 60 17 34 24 1 29 75 7) (32 35) (2 27 89 49 63) (66 88 10 37 38 72 62 59 11 58 44 67 21 40 86 71 57 83 56) (50 65 8 84 46 95) (47 100 98 20 39 73 64 41 9) (61 90 80 12 6 51 13) (19 55) 
40 (25 35 10 94) (15 89 75 72) (12 78 68 69 67 14 30) (76 1 73 82 38 19 2 59 26 41 92 43 57 70 48 99 79 95 27 84 46 18) (54 66 17 29 90 20 83 98 55 37) (61 77) (33 39 28 50 44 93 32 16 8 7 34 31 22 5 6 64 23 49 63 96 87 80 40 71 53 51 24) 
41 (70 81 21 16 30 84 39 42 19 75 5 37 94) (100 91 74 55 90 34 25 54 23 53 22 78 24 72 43 46 12 95 58 67 89 98 82 38 13 1 50 87 6) (20 68 33 85 97 77 35 83 9 11 71 57 14) (17 28 96 48) (88) (31 3 15 61) (29 40 4 92 69 47 80 66 86 27 59 2 51 79 73 49) 
42 (36 2 80 26 35 82 48) (17 29 23 79 38 22 78 75 95 6 66 19 59 44 32 57 31 71 3 56 94 49 45 30 8 88) (83 55 42 20 27 41 87 90 93 58 77 97 53 40 7 5 16 28 67 52 96 85 91 99 46 4 60 39 81 34 13 37 47 100 54 33 72) (65 1 11 76 61) 
43 (63 11 67 76 96 57 66 56 19 59 78 91 16) (51 92 39 99 65 35 4 62 82 23 58 6 73 18 3 88) (2 7 28 69 61 31 49 46 41 89 100 74 14) (22) (98 53 48 81 20) (38 42 17 94 97 34 52 12 33 60 72 8 45 40 32 55 83 70 13 15 64) (5) 
44 (86 76 36 39 16 95 1 84 51 15 19) (78) (11 32 48 47 64 83 20 85 6 26 43 30 70 99 81 54) (63) (31 60 80 74 29 65 73 28 90 57 58 67 34 18 72 96 71 69 77 79 75 8 2 24 21 100 61 10) (27 37 22 38 40 45 4 88 93) (9 12) 
45 (31 91 68 12 54 28 19 50 65 52 43 42) (82 47 37 67 2 8 60 70 64 11 16 45 61 14 57 72 24) (95 21 69 9 49 97 30 34 27 78 25 55 90 7 99) (89 39 81 79 22) (15 73 77 66 74 5 35 18 58 94 48 38 63 96 46 59 51 44 1 75) (100) (62) 
46 (73 15 35 61 20 52 8 58 48 50 9 79 67 27 39 75 65 33 89 96 43 42) (1 94 59 54 60 95 76 34 91 51 69 18 32 93 10 63 25 100 40 11 81 98 23 92 6) (53 66 7 37) (57 86 45) (97 72 99 47 46 78 62) 
47 (26 59 38 28 39 25) (3 17 83 70 34 19) (35 23 91 71 8) (7 56 52 60 36 22 55 64 75 53 62 95 9 31 13 72 63 6 92 37 89 87 12 24 77 73 69 80 27 67 29 88 98 46 33 94 85 90 41 43 97 65 78 99 1 18 47 48 96 79 40 15 81 54 58) 
48 (92 34) (95 37 58 57 42 45 91 35 71 68 84 1 30 31 27 41 51) (81 67 74) (8 50 52 49 9 46 79 97 66 83 32 43 99 44 16 14 100 22 18 25 89 21 75 19 63 53 60 86 82 12 65 10 56 38) (11 64 24 3 55) (62 6 48) 
49 (41 37 13 3 40 29 68 99 50 43 24 61 95 96 82 12 54 62 78 74 14 67 98 86 39 30 25 76 36 63 88 97 79 71) (47 51 15 83 17 5 35 4 1) (38 64 34 60 66 18 70 33 32 20 87 59 48 91 72) (7 2 81 89 27) 
50 (37 52 73 8 77 54 55 58 81 28 56) (86 38 75 49 97 40 85 42 6 61) (15 39 30 88 44 68 87 99 46 27) (33) (94 69 11 67 1 65 36 25 74 22 19 41 4 60) (34 17 48 64 50 72 76 91 100) (90 98 13 21 92) (84 7 47 63 26 31) 
51 (69 13 82 1 42 9 28 17 64 14 41 96 25 68 65 43 99 76 83 55 45 54 24 59 18 73 8 6 98 40) (80) (84 46 34 52 35 44 26 2 91 30 97 16 15 74 37 27) (78 63 22 77 90 23 3) (75 48 20 89 95) (53 93 33 10 88 67) 
52 (55 47 10 58 66 53 30 7 88 39 48 33 40 56 44 32 54 19 23 43) (28 59 1 22 45 72 99 97 50 14 81) (34 61) (83 42) (90 74 52 11 31 82 63 93 68 36 76 89 4 37 100 9 49 84) (91 70 16 25) (41 24 15 57 85 60 98 67) (17 62 26 71 38 78 77 13) 
53 (3 46 75 51 19 96 94) (83 50 42 97) (1 54 14 55 56 32 6 80 62 52 86 45 77) (99 37 91 10) (61 63 35 28 43 48 39) (21 7) (49 31 12 79 95 57 23 13 11) (24 64 8 88 98) (74 9 66) (33 53 47 70 81 76 38 2 15 36 17 30) (92 40) 
54 (50 32 55 84 56 52 80 76 7 63 53 28 27 35 67 85 17) (5 30 6 15 96 36 25 41 79 19 83 89 64 60) (58 18 72 48 78 71 38 42 97 87 29 43 49 9 22 70 11) (8 98) (23) (77 57 100 40 82 20 51 62) (46 31 10 45 33 3 2 74 47) (16 95 59) (94) 
55 (19 88 99 44) (50 40 53 21 63 95 81 66 62 52 26) (58 67 29 93 2 1 34 76 59 45 83 74) (87 20 80 13) (100 48 73 24 68 56 77 69 85 18 27 17 39) (8) (79 64 75 25 7 15 6) (32 42 4 61 37 71 91 12 16 11 92 86 97) (47 23 35 10 14 78 38 22 31) (46) 
56 (86 12 97 83 34) (33 99) (23 20 92 51) (85) (4 39 15 77 55 30 76 14 75 26) (100 25 6 68 40 81 79 74 10 56 61 54 8 46 48 37 66 60 36 49 59 96 35 18 53 72 93 24 22 44 32 63 42 90 47 38 70 65 29 64 31) (28 21 71) 
57 (54 74 94 16) (76 15 93 90 41 52 3 2 18 86 32 55 92 85 14 64 43 68 62 17 91 69 34 97 61 19 100 30 67 65 70 59 33 49 79 47) (29 12 6 9 50 78 35 56 36 7 26 27 44 1 82) (21 28 10) (66) (38) (83) 
58 (9 38 36 5 75 23 43 97 47 33 21 22 94 88 17 25 42 70 78 58 95 49 62) (56 66 7 85 61 19 6 20 76 55 53 44 35 65 8 90 40 80 68 63 14 10 89 28 30 39 31 92 72 91 74 59 87) (34 71 69 32 77 86 84 37 57 50 13) (41 18 60 27 29 82 54 16) 
59 (35 67 17 55 90 3 65 85 34 15 98 2 56 20 83 91 8) (54 13 27 22) (62) (82 39 73 66 1 52 18 97 78 99 26 80 30 59 11 92 33 16 14 43 21 19 31 6 50 94 47 96 49 46 29 58 48 7 71 69 89 32 77 74 79 100 53 75 44) 
60 (83 90 78) (42 94 58 63) (33 28 68 84 15 59 7 89 70 36 55 8 18 91 64 14 77 29 20 80 65 24 25 96 32 35 57 21 81 50 69 48 13) (61 44 2 72 92 31 11 49 82 19 79 40 27 66 93 30 99 23 75 100 1) (62 76 51 73 5 34 98 46) 
61 (36 64) (79 50 62 68) (96) (15 92 28 71 7 30 29) (39) (40 63 81 90 73 20 45 14 87 27 52 58 77 24 93) (72 65 80 66 48 44 3 21 95 88 19 42 54 16 31 57 46) (17 86 99 35) (67) (83 18 37 91 13) (38 10 82 4 47 49 8 12 78 56) (53 76 1 60) (9 98 89 41) 
62 (84 25 5 53 70 86 65 77 33 72) (88 60 41 76 80) (90 62 40 96 57 99 7 13 56 6 89 24 93 38 46 19 36 9 69) (61 11 54 50 27 10 98 75 8 78 66 31 97 59 91 30 85 71 39 95 20 12 3 79 68 26) (14 37 15 1 74 28 16 63) 
63 (2 89 11 21 26 53 4 42 40 90) (96 14 20) (61 92 84 98 74 15 43 35 1 36 25 64 82 19 94 78) (57 47 76 56 38 58) (55 9 63 85 75 80 54 10 49 72 32) (13 100 22 70 91 73 50 3 33 31 71) (24 45) (68 30 12 46 79 97 51 7) 
64 (71 26 14 40 72 13 78 61 15 87 9 63 12 59 7 64 69 86 27 50 42 22 41 82 10) (94) (88) (96 17 39 79 37 24 21 33 30 77 51) (56 36 62 100 47 52 75 53 97 1 23 18) (91 35 89 70 16 25) (68) (90 8 3 66 67 92 38 76 48) (5 99 29) (31 49 80 73) 
65 (38) (74 21 89 67 51 23 39 42 92 29 90 45 97 33 98 70 53 78 99 72 25 82 87) (57 31 40 14 49 55 37 28 4 96 15 69 11 71 30 2 6 73 18 86 94) (88 19 34 16) (91) (84 63 68 13 81 8 47 100 75 1 5 12 62 85 64 65 3 66 7 77 32 46) (61 35) (50 54 59 27) 
66 (92 53 68) (84 69 2 49 6 26 36 100 81 17) (73 40 31 42 25 3 61 48 86 72 14 24 82 27 79 13 90 71 19) (32 30 93 55 54 78 99 11 94 87) (38) (9 44 67 34 50 70 16 4 23 18 80 85) (83 63 20 35 21) (15 60 41 77 59 91) (95 12 47 39 97 8 5) 
67 (19 76 2 79 34 16 83 72 96 75 49 91 4 65 43 68 10 35 15 99) (57 92) (86 58 39 94 8 17) (93 60 56 38 6 88 45 67 7) (27 77 14 73 30 11 87 40 62 29 84 69 64 81 51 80 50 28 23 54 21 48 33 100 31 90 24 44 71 95 37 70 78 47) 
68 (73 49 51 87 21 27 17 75 10 32) (37 9 53 45) (62 60 84 70 90 82 31 68 14 48 98 25 1 44 54 77 71 19 33 100 69 67 97 42) (93 76 79 59 47 57 50 24) (89 86 8 81 85 20 92 15 40 16 80 30 74 94 4) (96 36 2 56 55 5 88) (46 29 35 34 18 13 22 99) 
69 (14) (12 53) (80 74 9 19 30 29 45 50 89 76 48 77 92) (95 83 86 65 97 55 28 70 20 72 22 4 88 59 66 69 100 42 33 23 84 26 16 82 7 34 32 85 73 41 10 78 44 63 2 99 79 25 91 94 49 15) (87 18) (37 35 3 24 43 98 38 61 11 36 40 47 52 5 67) 
70 (98 11 95 48 84 56 61 86 57 66 35 75 44 26) (33 30 97 31 43 68 50 60 24 63 39 15) (10 89 71 52 22 14 9 64 88 2 79 17 16 34 59 93 32 28) (76 62 45 23 21 91) (92) (87 54 100 4) (99 90 29 5 94) (3 12 65 55 58 73 25 27 72) (7 78 8) (18 19) 
71 (81 96 61 60 7 16) (26 82 21 19 5 45 88 12 52 76 42 91 8 2 32) (11 30 69 43 100 97 28 29 75 65 25 92) (35 31) (44) (51 55 57 50) (22 40 84) (48 59 64 9 14 47 99 87 37 86 38 3 36 78 83 54 70 79 63 15 80 68 66 33 49) (90) 
72 (34 24 100 2 38 86 68 27 20 65) (29 23 33 69 97 45) (8 70 84) (26 98 17 32 60 3 51 87 52 35 6 1 83 37) (93 7 75 42 80 16 67 9 48 76 12 71) (55 78 81 4 5 39 58 19) (89 77 64 11 73 57 95 53 44 66 61 99 21 14 40 90 30 54 41) 
73 (50 55 49 16 65 20 14 91 13 68 74 19 39 32 82 42 26 24 21 35 69 27 30 37 31) (18 57 71 11 60 97 99) (95 2 29 86 84 73 78 81 3 66 62 17) (25 48 85 77 6 10 40 70 52) (89 92 54 83 56 47 75 5 51 93 67 76) (87 98 63 58 53 64) 
74 (36 98 41 82 29 71 65) (5 22 99 87 42 77) (66 69 31 89 61) (78 35 49) (19 46 64 75 57 60 37 90 52 44 68 55 15 92 27 93 96 2 21) (33 6 48 81 39 100 43 17 72 4 63 94 86 18 62 8 13 7 59 58 67 85 30 54 74 12 23 70 53 73 38) 
75 (65 86 11 40 46 33 39 75 62 19 58 63 24 9 48 49 13 23 47 45 22 27 1 76 7 32 98 93 35 59 21 28 30) (100 97 10 5 87 85 51 31 16 42 44 82 99 96 38 6 18 73) (52 88 68 61 67 56 84 36 94 43 54 64 50 12 81) 
76 (53 90) (32 47 60 22 80 81 63 7 83) (17 79 92) (49 2 54 31 59 36 34) (75 86 41 16 3 84 38 10 8 62 97 52 70 64 66 21 100 57) (71 14 77 78 13 46 73 72 61 55) (26 4) (6 48) (27 12 5 74 45 96) (9 30 40 95 43 65 98 19 85 42 88 67 11 89) 
77 (50 53) (80 9 13 88) (27) (62 77 70 38) (55 8 61 47 99 44 64 2 40 45 4 84 41 29 63 59 18 24 6 33 73 100 5 90 54 7 10 94 48 25 28 74 82 16 60 22 71 57 86 98 20 76 66 36) (58 81 85) (52 31 75 14 68 65 95 42) 
78 (99 71 86 52 41 23 89 5 36 75 37 76 50 18 83 57 93 30 16 25 59 48 100 47 42 21 1 97) (19 11 73 20 3 98 2 8 65 9 10) (82) (45 40 88) (81 64 13 22 60 24 17 92) (72 90 84) (67 26 46 39 96 35) (55 79 62 7) (32 94 66 44 58 87 63) 
79 (43 92 96 80 73 7 10 16 22 26 71 48 87 56 52 11 57 75 6 50 46 100 88) (77 13 27 55 19 34 95 72 37 39 15 4 25 91 3 18 74 33 58 93 12) (90 5 17 44) (94 31 84 68 86 24 81 51) (89 32 69 45) (78 60 47 20 29 36 99 53 9) 
80 (85 22 69 9 56 72 95 36 46) (13 50 17 49 23 28) (63 12 11 60 6 47) (1) (99 45 62 10 82 98 21 75 4 26 86 18 88 59 15 79 16 34 81 80 87 20 43 96 48 31 58 55 33 54 8 40) (67 52 42 94 76 83 77) (7 51 66 65 44 37 74 78 91 71 68) 
81 (72 41 5 71 43 19 20 37 73 86 97 42 59) (10 89 11) (6 91 40 3 8 7 44 96 100 66 35 4 52 99 22 92 27 50) (1 55 78 98 9 80 15 65) (30 23) (85 82 28 64) (36) (47 39 54 48 26 60 29 14 25 93 21 68 74 70) (32 18) (34 17 67 24 16 79 90 62 13 12 45) (61 76 38) 
82 (46 41 71 37 9) (51 64 57 29 2 3) (92) (87 26 60 95 83 93 5 33 48 84 44 31 20 88) (13 86 56 90 98 25 42) (79 7) (94 85 34 8 53 50 72 16 4 52 1 30 100 73) (82 67 89 59 97 75 54 80 78 36) (70 21 19 38 40 96 43 49 66 23 18 81 27 28 61) 
83 (23 92 34 39 58 52 5 8) (53 88 91) (41 7 99) (12 30) (33 24) (1 49 100 74 14 72 60 28 98 19 90) (50 31 78 56) (59 64 43 20 76 9 51 15 77 97 22 6 67 21 29 36 32 71 73) (70 46 85 86) (18 54 80 25 84 10 96 40 68 42 47 87 66 2) 
84 (35 91 76 33 56 39 4 81 40 28 75 43 50) (79 38 67 65 17 73 45 27 90 6 42 60 13) (46 87 69) (85 34) (16 26 36 72 20 19 80 32) (74 63 96) (11 37 58 77 21 3 52 31 59 70 2 89 7 12 41 82 78 24 99 9 83 48 5) (95 51 61) (30 100 92 14) 
85 (4 65 2 56 66 100 89 13 44 31 50 93) (53 41 10 91 14 27 69 6 45 5 71 28 12 72 32 33 52 82 21 59 60 88 3 42 92 61 58 63 36 85 25 76 24 94 19) (39 18 73 96 70) (20 54 37 40 90 11 67 43 26) (55 57 38 99 15 34 16) (74 86 46) 
86 (96 7 55 86 40 78 15 48 90) (19) (82 36 22 65 16 42 21 99 66 3 8 77 100) (70 54 61 46 71 74 76 38 85) (26 87 83 39 94 50 80 59) (93 53 32 89 63 6 18 37 49) (58 64 29 23 52 4 28 97 98 17 5 25 33 79 81 43) (45 9 27 14 67) 
87 (99 54 4 69 74 6 75) (77 33 93 45 90 68 57 5 34) (88) (98 100 38 40 55 26) (7 87 44 80 25 94 28 70 96 36 14 43) (61 49 18 24 16 65 82 29 92 59 41 86 30 17 22 56 53 3 64 1 83) (62 13 46 21 71 8 76 20 12 2 32 91 79) 
88 (92 51 60) (72 31 41 81 43 64 84 76) (44 74 50 79 37 22 63 5 19) (88 15 71 67 42 32 73 52 100 39 80 90 69 28 98 85 9 82 38 23) (55 68 61 59 6) (1 62 29 56 49 4 3) (33 54 35 89 45 25 48 7 77 2 94 21 70 83 18 14) 
89 (48 74 67 94 53 57 71 12 89 87 77 19 60 54) (33 80 78 76 81 13 14 4 82 99 62 68 1 95) (59 37 20 100 75 35 22 56 25 58 51) (17 98 93 3 45 31 65 69 40 10 2 84 15 7 46 47) (21 83 39 50 29 70 64) (90 73 61 96 79) (92 6 16 41 34) 
90 (20 83 93 59 37) (22 68 84 9 39 13 29 6 51 3 19 27 48 81 8 23 87 98 85 54 40 10 11 74 60 45 32 75 70 14 30 56 63) (67) (64 73 100 46) (82 18) (61 7 12 25 50 57 2) (4 79 95 78 91) (77 69 43 89 55 28 88 66 90 72 16 53 65) 
91 (81 58 59 96 85 62) (37 27 100 41 40 86 91 51) (95 38 75 46 56 87 69 20) (67) (98 16) (19 42 71 65) (36 77 80 72 35 57 4 50 21 82 29) (79 39 74 18 33 97 89 54 34 93 45 99 78 83 11 66 53 6 7 1 8 61 26 44 14 90 63) 
92 (83 10 49 3 4 24 50 95 67 36 11 100 65 85 13 39 18 21 2 35 27 72 75) (61 54 34 56 29 64 28 84 6 92 46 48 88 8 12 40 99 89 33 44 68) (51 86 55 38 17 76 60 79 41 25 30) (14 71 58 43 80 47 98) 
93 (37 47 8 13 29 63 27 6 46 4 79 90) (64 1 5 69 95 60) (48 56 12 25 84 71 30 96 98 93 49 88 78 18 24 10) (54 81 32 83 52 91 22 85 67 97 7 36 51 16 99 94 61 80 55 40 14 76) (28 26 92 39 20 70 66 68 3 11) (23 19 33 75) (72 73 45 34 9) 
94 (36 19 11 97 25) (18 40 47 3 95 45 87 86 68 78 66 71 76 31 63 84 92 39 8 79 2 23 85 16 38 100 1 62 98) (51 55 52 44 33 29 61 41 65 13 15 53 5 70) (50 7 99 88 96 73) (75 34) (9 49 28 21) (64 12 93 58 32 67 82) (46) (83 26) (6 59 10 72 20) 
95 (36 39 18 54 87) (41 40) (80 94 5 4 21 70 46 81 28 51 95 60 83 76 73 98 31 55 47) (62 77 69 75 97 16) (12 35 74 37 64 38 19 56 24 10 43 50 71 9 13 23 14 57 65 82 20 96 67 15 63 90 79 52 59 7 66 89 48) (6 49) 
96 (40 82 38 74) (84 65 71 58 86) (53 100 88 57 18 91 81 50) (66) (95 17 13 92 64) (45 5 15 85 3 25 59 72 54 9 70 10 46 27 69 90 14 7 4 29 83 26 36 68 20 35 30 6 55 52 37) (39 63 16 1 61 99 21 49 98 32) 
97 (89) (71) (94 51) (40 53 56 95 46 90) (32 81 21) (44 6 22 66 19 12 69 9 92) (76 33 83 5 100 67 52 62 10 11 86) (45 80 30 97) (87 98) (34 16 48 59 23 70 54 28) (93) (78 38 8 7 74 36 1 64 68 75 42 14 15 24 26 27 57 82) 
98 (93 94 8) (32 39 20 26 6 4 87 11 7 46 35 98 60 43 68) (27 80 100 23) (67 42 1 29 78 66 64 75 69 12 73 79 33 18 77 57 72 36 54 56) (25 10 81 76 49 44 16) (52 19) (90 2 45 47 59 14 37 65 17 83 30 50 85 40) (21) 
99 (64 87) (58 82 50 27 68 81 60 95 24 77 92 8 47 42 70 33 28 79 35 62) (76 52 84 45 16 96 23 54 85) (98 66 4 10 15 40 51 29 26 9 91 71 61 75 73) (100 38 57 14) (7 78 37 41 56 2 43 86) (83 12 44 19 94 72 21 99 49 63) 
100 (83 27 71 17 15 73 45 66 67 94 96) (93 10 14 3 44 79 61 36 65 87 74 63 8) (64 68 34 7 50 5 59 97) (99) (25 90 88 60 35) (81) (28 48 52 41 55) (20 92 13 80 39 40 77 58 23) (72 19 18) (11 30 84 78 98 6) (33) 
1 (47) (93) (36) (78) (31) (40) (75) (94) (63) (14) (59) (53 50 3) (91 20 8 44 6 45 16 13 60 64 37 7 19 30) (49 96) (52 38 25 46 23 32) (72 41 33 68 81 22 61 34 83 18 51 98 80 57) (55 42 21 9 26 39 65 89) (88 28 62) (97 82 5 87 48) 
2 (55) (66) (41) (77) (31) (3) (83) (69) (27) (67) (88) (7) (70) (14) (37) (74) (92) (32) (49) (63 19 99 60 84 21 53 43) (71 1 85 35 68 89 82 38 51 13 54 26 94 39 15 73 6 45 87 29 76 22 57 44 9 59 25 90 65 78 12 42 98 23 72 34) (5 16 40) 
3 (90) (23) (18) (37) (35) (6) (43) (42) (53) (51) (59) (26) (94) (84) (69) (24) (16) (49) (82) (17) (15) (34 86 57) (70 65 76 31 93 2 87 14) (73 71 20 54) (92 100 36 48 96 63 10 4 88) (3 25 62 79 28 41 85 32 8) (64 66 11 1 81) (61 78 29 47 89 19) (30 72) 
4 (34) (38) (28) (19) (42) (32) (39) (98) (92) (86) (80) (14) (49) (6) (89) (81) (70) (82) (4) (30) (17) (37) (67) (33) (3) (87) (99) (16) (84 2 15 90 26 77 24 12) (41) (69) (9 68 50 52) (8 61 21 95 5 79 44 88 11 56 96 74 63 76 72 91 29) (85) (43) (93 20) (31 65 1 66 55) 
5 (85) (60) (19) (25) (71) (31) (77) (14) (42) (1) (26) (21) (66) (68) (2) (65) (95) (13) (93) (30) (41) (22) (32) (86) (82) (16) (43) (81) (45) (100) (79) (96) (20) (29) (70) (37) (69 18 40 75 10 84 36 28 54 87 49 73 94 72 62) (78 58) (88 27 5 38 97 64 6 83 74 23 76 34 8 15) 
6 (53) (100) (55) (34) (46) (86) (42) (22) (88) (91) (27) (94) (85) (21) (15) (62) (90) (1) (65) (18) (58) (8) (47) (44) (81) (79) (84) (33) (96) (32) (29) (74) (41) (9) (39) (92) (54) (48) (38 5 40 75 16 51 95 77 87 72 36 67 43 97 4 57 6 66 59 11 83 50) (76 37 89 73 93 13 80 56 28 25 19 23 98) 
7 (59) (27) (87) (65) (35) (75) (74) (47) (64) (82) (16) (78) (42) (50) (91) (24) (6) (45) (40) (90) (46) (61) (13) (52) (81) (43) (98) (80) (94) (93) (7) (62) (95) (54) (76) (70) (31) (23) (8) (53 39 2 60 57 63 67 100 10 69 58 97 55 89 3 83 96 77 33 11 37 32 28 86 79 5 30 88) (49 38 72 71) (19) (84 99 26) 
8 (42) (54) (14) (66) (25) (27) (34) (90) (28) (83) (58) (70) (91) (4) (39) (7) (77) (30) (80) (18) (24) (51) (74) (15) (98) (26) (59) (17) (12) (76) (56) (64) (11) (8) (86) (92) (48) (31) (61) (72) (100) (55) (87 33 71 60 43 37 40) (10 44 45 19 62 53 67 97 81 22 68 47 94 99 35 50 78 21 2 9 20 82 16 65 93 38 36 46) 
9 (3) (78) (52) (6) (31) (12) (94) (71) (64) (47) (90) (80) (70) (2) (61) (57) (95) (88) (9) (96) (97) (37) (81) (16) (86) (45) (76) (51) (27) (62) (8) (53) (24) (63) (21) (83) (82) (72) (25) (20) (14) (44) (13) (93 48 33 84 66 41 46) (39 79 69 54 1) (26 99 58 68 23 75 10 77 11 19) 
10 (76) (56) (5) (24) (92) (98) (79) (1) (27) (58) (8) (28) (9) (39) (61) (2) (12) (94) (78) (22) (17) (90) (46) (10) (77) (36) (96) (62) (53) (95) (67) (6) (81) (89) (54) (80) (38) (93) (25) (97) (48) (69) (20) (100) (73) (63 75 51 26 37 34 44 70 55 3 35 99) (40 16 68 64 85) (23 83 31 57 52) 
11 (21) (71) (76) (2) (53) (26) (19) (98) (11) (54) (12) (48) (42) (34) (65) (4) (63) (29) (46) (70) (78) (67) (97) (28) (33) (52) (7) (30) (80) (84) (75) (62) (35) (32) (81) (60) (85) (17) (5) (44) (50) (8) (79) (9) (45) (91) (20) (25 73 13 10 93 39 100 90 55 92 24 69 6 43 94 59 16 66 72 41) 
12 (7) (25) (23) (72) (30) (89) (2) (99) (40) (8) (66) (47) (76) (90) (74) (22) (87) (81) (71) (41) (37) (63) (83) (93) (61) (4) (24) (57) (36) (49) (56) (20) (45) (98) (80) (38) (44) (69) (75) (11) (92) (19) (16) (43) (97) (31) (95) (17 79 18 64 70 84 55 1 53 33 85) (39) (27 65 48 94 13 62 3) 
13 (16) (65) (59) (87) (24) (39) (62) (12) (35) (100) (64) (13) (11) (79) (55) (90) (93) (82) (94) (10) (61) (53) (1) (81) (92) (58) (95) (21) (34) (77) (47) (84) (20) (33) (8) (26) (78) (63) (74) (68) (5) (27) (17) (80) (75) (89) (25) (32) (31) (96 85 42 14 19 50 18) (30 49) (52 7 6 66 43) (15 41 51 38 36 73 60 76) 
14 (40) (37) (71) (22) (70) (28) (68) (89) (60) (98) (90) (13) (36) (2) (23) (24) (72) (6) (51) (77) (7) (43) (15) (67) (29) (85) (92) (5) (81) (38) (55) (88) (49) (57) (41) (97) (87) (17) (58) (86) (63) (83) (61) (52) (65) (20) (45) (76) (48) (35) (91) (39) (99 93 14 100) (62 96) (64 56 30 95 53 66 16 1 69 84 10 73 59) 
15 (2) (88) (22) (44) (65) (14) (46) (50) (81) (1) (70) (68) (11) (24) (85) (83) (97) (36) (41) (57) (86) (71) (27) (99) (62) (13) (51) (17) (56) (4) (96) (15) (6) (10) (95) (40) (32) (5) (66) (47) (21) (37) (54) (63) (64) (52) (3) (16) (60) (74) (61) (23) (25) (43) (94) (100 33 38 26 53 29 7) (67 31 35 19 80 69 55 59) (49) (89 45 18 79 28) 
16 (36) (14) (10) (93) (98) (99) (43) (75) (20) (51) (66) (67) (28) (68) (70) (41) (26) (27) (94) (69) (31) (4) (89) (22) (85) (65) (77) (40) (48) (24) (29) (9) (18) (44) (52) (57) (84) (96) (42) (25) (95) (79) (86) (1) (8) (87) (62) (64) (15) (5) (82) (72) (59) (58) (45) (76) (90) (13) (81) (97 78 37) (71 12 11 54 61 91 2) (6) (80 73 55) 
17 (40) (36) (20) (27) (26) (58) (100) (50) (9) (31) (49) (39) (70) (92) (23) (98) (13) (76) (11) (80) (5) (84) (53) (72) (68) (29) (35) (16) (51) (30) (67) (12) (24) (34) (78) (79) (86) (10) (7) (61) (19) (43) (6) (15) (89) (22) (64) (47) (55) (18) (74) (14) (2) (87) (3) (73) (59) (42) (57) (96) (81) (66) (52 54 41) 
18 (30) (91) (69) (43) (78) (85) (79) (8) (51) (24) (54) (49) (70) (75) (96) (68) (90) (80) (56) (4) (74) (59) (35) (66) (25) (94) (83) (3) (64) (46) (58) (95) (65) (86) (81) (33) (55) (12) (16) (26) (60) (20) (57) (82) (11) (15) (73) (45) (40) (92) (17) (87) (23) (61) (47) (100) (88) (44) (9) (48) (93) (38) (77 98 13) 
19 (74) (70) (42) (89) (69) (33) (11) (25) (81) (100) (20) (83) (57) (99) (86) (61) (52) (48) (91) (65) (71) (9) (18) (40) (55) (32) (59) (50) (12) (44) (10) (90) (98) (85) (34) (75) (35) (84) (95) (3) (82) (31) (8) (24) (66) (43) (36) (45) (72) (41) (93) (37) (21) (47) (67) (53) (88) (39) (60) (62) (79) (78) (76 23 94 14 68 63 73 58 97) (16 1 54) 
20 (81) (79) (60) (96) (68) (38) (56) (100) (31) (37) (84) (61) (14) (43) (27) (80) (16) (62) (6) (3) (55) (49) (44) (5) (24) (83) (91) (13) (66) (73) (51) (34) (59) (58) (89) (22) (39) (82) (95) (40) (42) (46) (41) (25) (72) (69) (98) (54) (93) (8) (87) (1) (85) (90) (23) (21) (17) (78) (94) (63) (77) 
21 (30) (87) (4) (60) (24) (63) (80) (48) (70) (26) (22) (53) (92) (67) (14) (9) (3) (11) (21) (12) (50) (57) (36) (82) (20) (29) (58) (61) (78) (18) (91) (89) (84) (96) (71) (97) (64) (37) (23) (94) (75) (19) (17) (56) (39) (33) (74) (1) (8) (13) (95) (55) (44) (72) (68) (41) (86) (65) (59) (27) (73) (25) (99) (83 88 81 76 2 85 98 66 45) 
22 (11) (40) (89) (38) (76) (86) (42) (22) (58) (7) (79) (45) (52) (16) (88) (77) (56) (17) (25) (70) (71) (23) (15) (5) (83) (31) (50) (80) (10) (81) (41) (14) (51) (29) (69) (93) (64) (1) (47) (54) (35) (87) (27) (59) (55) (33) (78) (68) (36) (90) (97) (75) (32) (26) (44) (48) (34) (3) (8) (43) (63) (74) (9) 
23 (15) (60) (99) (98) (54) (3) (24) (56) (75) (69) (46) (95) (78) (16) (22) (88) (72) (42) (37) (41) (21) (90) (47) (35) (80) (53) (64) (4) (7) (58) (26) (83) (12) (13) (65) (9) (81) (100) (18) (34) (30) (11) (93) (32) (74) (51) (52) (70) (39) (40) (66) (23) (43) (14) (67) (55) (17) (97) (82) (94) (25) (29) (36) (86) 
24 (77) (37) (72) (23) (85) (63) (25) (97) (15) (32) (62) (17) (21) (83) (33) (30) (4) (34) (6) (73) (99) (60) (52) (26) (49) (87) (29) (64) (95) (47) (70) (79) (48) (28) (68) (7) (8) (84) (5) (61) (55) (19) (44) (66) (51) (67) (56) (38) (92) (78) (18) (11) (12) (69) (81) (41) (40) (36) (27) (53) (75) (39) (45) (93) 
25 (86) (6) (78) (82) (83) (90) (35) (79) (37) (7) (87) (85) (32) (25) (26) (73) (1) (81) (94) (93) (24) (48) (60) (63) (9) (14) (68) (65) (54) (66) (29) (64) (31) (41) (2) (5) (46) (28) (15) (98) (70) (71) (40) (56) (51) (47) (52) (45) (3) (16) (22) (21) (96) (69) (92) (77) (62) (50) (38) (58) (89) (19) (13) (55 88 100 30 49) 
26 (38) (29) (62) (59) (32) (85) (86) (13) (56) (98) (71) (19) (91) (14) (70) (80) (73) (47) (22) (10) (82) (39) (66) (84) (44) (26) (50) (36) (79) (35) (24) (57) (31) (9) (3) (76) (11) (7) (55) (37) (51) (72) (6) (4) (18) (30) (20) (42) (64) (78) (63) (96) (40) (87) (16) (94) (23) (97) (69) (52) (81) (33) (99) (93) 
27 (67) (39) (48) (42) (44) (74) (79) (19) (16) (93) (57) (5) (68) (91) (81) (6) (73) (70) (75) (86) (47) (17) (82) (40) (90) (4) (49) (100) (11) (54) (66) (64) (76) (31) (84) (30) (85) (20) (61) (8) (34) (97) (46) (59) (1) (14) (72) (29) (41) (45) (77) (7) (32) (3) (12) (98) (92) (99) (33) (38) (62) (22) (51) (65 50 58 96 55 60 13) 
28 (42) (81) (62) (19) (44) (75) (39) (56) (13) (47) (32) (31) (84) (92) (58) (71) (85) (99) (50) (2) (45) (41) (14) (18) (87) (30) (15) (67) (54) (38) (16) (10) (26) (97) (77) (17) (86) (33) (94) (24) (90) (51) (61) (25) (95) (93) (35) (37) (80) (70) (57) (43) (3) (100) (28) (40) (20) (52) (4) (65) (82) (69) (53) (83 88 60 1 36) 
29 (94) (79) (13) (69) (29) (96) (65) (26) (89) (47) (9) (49) (68) (67) (82) (25) (42) (71) (90) (40) (59) (1) (60) (54) (39) (4) (6) (55) (91) (44) (98) (92) (10) (93) (27) (8) (19) (31) (99) (36) (22) (30) (72) (33) (83) (24) (17) (64) (41) (57) (77) (70) (88) (86) (21) (73) (81) (74) (61) (18) (28) (14) (3) (56) (58 37) (35 12 15 87) 
30 (70) (30) (49) (32) (60) (57) (63) (76) (81) (42) (52) (67) (50) (1) (58) (21) (18) (48) (28) (54) (2) (98) (75) (64) (84) (22) (74) (61) (17) (16) (56) (97) (92) (96) (24) (41) (36) (12) (90) (25) (51) (62) (40) (8) (72) (38) (27) (66) (65) (71) (23) (69) (33) (6) (93) (13) (45) (59) (87) (20) (15) (26) (3) (53) (14) (34 83 73 44 78 82 68 100) 
31 (44) (43) (67) (47) (45) (27) (54) (61) (70) (60) (63) (29) (17) (73) (85) (14) (94) (39) (80) (53) (95) (2) (64) (75) (41) (65) (66) (19) (71) (42) (74) (25) (84) (50) (89) (21) (77) (12) (11) (68) (52) (58) (35) (76) (40) (62) (18) (28) (82) (79) (83) (88) (48) (59) (56) (24) (7) (20) (22) (55) (33) 
32 (81) (59) (46) (30) (86) (56) (49) (69) (36) (32) (66) (20) (83) (68) (8) (54) (9) (87) (10) (17) (94) (34) (84) (1) (42) (43) (29) (57) (23) (98) (79) (93) (76) (39) (21) (52) (4) (60) (28) (53) (44) (7) (97) (19) (88) (65) (72) (78) (5) (55) (96) (25) (58) (73) (2) (31) (71) (27) (75) (63) (33) (12) (40) (14) (48) (85 70 18 90 35 6) 
33 (24) (1) (6) (21) (51) (62) (63) (19) (56) (84) (86) (10) (12) (4) (2) (42) (29) (13) (14) (99) (43) (88) (46) (3) (36) (37) (64) (91) (50) (26) (57) (82) (60) (31) (35) (25) (53) (70) (54) (15) (20) (59) (27) (98) (30) (97) (9) (94) (8) (85) (79) (67) (5) (74) (77) (28) (71) (80) (92) (47) (65) (89) (22) (93) (52) (72) (32 33) (41 87 40) (75 69 100 83 23 58 7 68 49) 
34 (31) (93) (14) (3) (46) (37) (40) (87) (57) (24) (42) (92) (33) (94) (55) (84) (45) (51) (2) (9) (4) (56) (100) (68) (36) (41) (85) (79) (72) (65) (47) (1) (48) (22) (97) (60) (44) (91) (16) (29) (5) (30) (20) (58) (81) (50) (69) (76) (17) (70) (32) (26) (12) (13) (66) (43) (15) (89) (82) (80) (39) (67) (83) (49) (59) (52) 
35 (10) (27) (96) (6) (33) (15) (30) (99) (2) (81) (28) (47) (48) (16) (67) (61) (74) (49) (63) (53) (58) (78) (45) (3) (14) (98) (95) (88) (8) (68) (18) (65) (25) (54) (9) (20) (43) (11) (91) (60) (4) (41) (37) (55) (29) (40) (13) (56) (64) (71) (73) (42) (39) (70) (57) (59) (51) (66) (12) (35) (32) (84) (1) (72) (100) (89) (46) (36) (92 75 69) 
36 (60) (37) (9) (18) (38) (35) (76) (98) (80) (8) (66) (44) (100) (91) (85) (86) (32) (96) (27) (79) (42) (62) (77) (33) (97) (56) (81) (52) (30) (21) (54) (22) (26) (19) (64) (71) (95) (47) (84) (14) (3) (23) (57) (61) (93) (68) (92) (74) (87) (13) (17) (78) (12) (82) (63) (50) (4) (31) (75) (69) (49) (83) (6) (94) (53) (20) (58) 
37 (1) (67) (33) (38) (50) (96) (21) (82) (95) (91) (10) (55) (74) (15) (84) (81) (24) (36) (42) (78) (30) (53) (5) (61) (45) (29) (14) (69) (64) (7) (44) (8) (40) (18) (46) (62) (32) (86) (58) (98) (31) (88) (85) (71) (37) (51) (9) (73) (35) (4) (27) (48) (2) (68) (6) (19) (28) (99) (90) (56) (3) (80) (41) (65) (93) (47) (72) (22) (79) (89) (39 52 13 49 20) 
38 (17) (77) (39) (31) (67) (8) (66) (11) (71) (14) (56) (48) (75) (24) (74) (29) (47) (61) (62) (76) (20) (84) (25) (94) (85) (58) (3) (49) (72) (88) (45) (35) (41) (27) (50) (63) (2) (95) (28) (32) (97) (1) (13) (57) (5) (69) (22) (38) (86) (64) (99) (87) (91) (43) (42) (4) (82) (81) (96) (92) (65) (37) (40) (55) (44) (34) (36) (9) (15) (52) (54 6) (53 10) 
39 (75) (13) (59) (61) (56) (4) (98) (83) (28) (18) (32) (37) (93) (67) (25) (65) (45) (94) (70) (22) (35) (62) (74) (27) (85) (96) (21) (40) (46) (100) (89) (1) (24) (38) (17) (53) (90) (52) (73) (55) (20) (3) (47) (58) (64) (95) (8) (23) (88) (78) (81) (5) (44) (72) (39) (91) (6) (66) (36) (7) (92) (41) (84) (42) (43) (9) (86) (49) (2) (33) (79) (50) 
40 (40) (50) (86) (55) (38) (90) (54) (98) (95) (87) (60) (12) (73) (1) (77) (47) (61) (44) (23) (65) (92) (58) (33) (68) (27) (46) (93) (52) (3) (34) (39) (20) (22) (85) (82) (51) (64) (66) (81) (21) (78) (63) (41) (99) (75) (100) (14) (71) (13) (69) (9) (7) (42) (43) (53) (29) (19) (76) (89) (37) (11) (49) (72) (94) (2) (84) (67) (10) (97) (83) (56) (16 96 24 4 80 62 91 36) 
41 (48) (58) (87) (4) (42) (1) (85) (25) (52) (18) (2) (62) (99) (8) (27) (88) (92) (16) (34) (69) (54) (66) (72) (49) (51) (26) (22) (50) (19) (84) (3) (89) (21) (82) (64) (76) (43) (29) (5) (28) (31) (61) (24) (47) (83) (100) (91) (39) (6) (94) (11) (81) (78) (77) (35) (74) (14) (32) (95) (57) (40) 
42 (56) (28) (17) (15) (76) (48) (72) (75) (2) (91) (37) (88) (50) (83) (86) (21) (99) (69) (32) (46) (73) (77) (25) (71) (8) (55) (58) (11) (54) (53) (65) (63) (66) (68) (24) (61) (29) (27) (80) (51) (74) (42) (45) (13) (18) (36) (1) (98) (43) (60) (41) (85) (52) (97) (81) (78) (22) (6) (82) (64) (19) (16) (84) 
43 (52) (70) (86) (81) (98) (53) (24) (74) (27) (41) (59) (49) (5) (75) (48) (87) (99) (83) (47) (58) (44) (71) (30) (79) (82) (10) (29) (26) (9) (14) (32) (33) (6) (7) (84) (90) (20) (36) (40) (92) (51) (3) (85) (54) (21) (80) (76) (69) (12) (63) (45) (25) (8) (31) (46) (22) (2) (17) (88) (15) (67) (57) (23) (95) (38) 
44 (52) (55) (17) (34) (4) (2) (51) (33) (39) (37) (40) (70) (68) (58) (5) (79) (23) (98) (3) (57) (69) (81) (1) (25) (13) (7) (82) (66) (50) (91) (77) (22) (61) (14) (19) (67) (88) (29) (11) (48) (74) (30) (60) (92) (80) (31) (97) (59) (45) (26) (99) (6) (72) (42) (100) (56) (21) (75) (32) (18) (87) (36) (16) (85) (12) (78) (94) (71) 
45 (36) (98) (86) (53) (30) (37) (25) (26) (96) (3) (84) (89) (19) (94) (43) (70) (14) (23) (99) (20) (61) (63) (68) (11) (93) (52) (13) (100) (39) (8) (76) (65) (71) (75) (34) (35) (31) (55) (22) (97) (9) (5) (44) (69) (12) (67) (28) (46) (7) (2) (90) (45) (88) (85) (91) (81) (1) (6) (78) (79) (87) (77) (42) (54) (51) (72) (80) (48) 
46 (39) (17) (94) (54) (61) (23) (89) (12) (9) (28) (6) (59) (41) (16) (83) (96) (78) (50) (97) (22) (75) (40) (93) (91) (19) (74) (3) (55) (34) (2) (60) (8) (30) (10) (62) (38) (95) (20) (43) (82) (85) (33) (42) (13) (24) (80) (90) (68) (79) (27) (48) (87) (76) (46) (56) (29) (98) (47) (26) (53) (86) (4) (65) (21) (15) (63) (36) (45) (32) (31) (51) (92 37 84) 
47 (34) (83) (36) (56) (42) (30) (64) (75) (19) (45) (14) (55) (46) (12) (63) (93) (57) (27) (49) (16) (95) (81) (25) (52) (20) (31) (10) (54) (67) (8) (65) (94) (61) (59) (92) (53) (79) (9) (24) (22) (78) (28) (71) (68) (29) (73) (3) (35) (76) (1) (7) (89) (33) (39) (23) (47) (58) (44) (66) (99) (38) (41) (50) (18) (77) (32) (80) (98) (6) (37) (13) (69) 
48 (64) (55) (31) (12) (88) (43) (40) (22) (7) (28) (2) (66) (44) (37) (82) (50) (11) (10) (79) (72) (100) (42) (20) (49) (90) (46) (23) (93) (77) (69) (61) (30) (4) (78) (25) (53) (81) (27) (14) (48) (3) (54) (6) (45) (74) (75) (52) (67) (35) (70) (17) (60) (86) (8) (38) (97) (71) (84) (80) (89) (76) (15) (33) (95) (92) (73) (68) (41) (26) (29) (59) (51 56 47) (16) 
49 (19) (35) (5) (45) (15) (95) (86) (61) (48) (26) (68) (64) (83) (12) (29) (54) (22) (96) (71) (92) (42) (3) (43) (88) (87) (59) (16) (65) (67) (75) (6) (93) (7) (37) (63) (38) (74) (21) (20) (25) (28) (34) (11) (66) (4) (58) (80) (17) (56) (41) (94) (76) (98) (57) (60) (14) (52) (53) (40) (18) (36) (39) (9) (69) (31) (10) (50) (82) (99) (33) (27) (73) 
50 (95) (35) (32) (34) (7) (100) (46) (23) (84) (85) (82) (98) (57) (69) (54) (40) (99) (52) (13) (78) (60) (45) (89) (79) (70) (83) (17) (38) (65) (90) (39) (62) (58) (24) (49) (80) (4) (55) (31) (77) (88) (3) (75) (63) (68) (48) (92) (26) (2) (6) (50) (67) (21) (12) (5) (25) (41) (14) (30) (96) (71) (18) (86) (8) (94) (66) (20) (81) (53) (61) (91) (59) (73 22 29 64 15) 
51 (10) (36) (43) (1) (2) (97) (79) (48) (16) (40) (93) (33) (68) (31) (12) (28) (23) (64) (75) (14) (32) (60) (45) (46) (19) (38) (73) (53) (82) (89) (41) (92) (65) (18) (3) (94) (56) (83) (11) (22) (7) (27) (88) (80) (63) (15) (90) (6) (39) (95) (5) (26) (49) (99) (54) (71) (67) (44) (29) (72) (84) (37) (91) 
52 (75) (22) (97) (98) (94) (64) (80) (8) (32) (76) (55) (99) (34) (4) (45) (21) (69) (7) (47) (100) (82) (31) (53) (57) (79) (46) (2) (37) (85) (59) (95) (3) (48) (43) (51) (28) (9) (1) (88) (70) (20) (25) (16) (71) (81) (42) (35) (18) (50) (5) (86) (77) (73) (14) (24) (30) (26) (13) (15) (96) (61) (6) (52) (72) (78) (84) (74) (83) (93) (54) 
53 (4) (31) (68) (8) (54) (15) (18) (87) (58) (46) (61) (7) (64) (77) (11) (47) (69) (3) (41) (73) (66) (9) (5) (48) (29) (17) (63) (21) (90) (2) (55) (34) (59) (37) (72) (85) (74) (62) (53) (25) (79) (32) (89) (86) (65) (10) (13) (96) (83) (30) (94) (52) (33) (6) (40) (56) (76) (51) (42) (36) (97) (35) (91) (1) (22) (38) (82) (19) (43) 
54 (85) (56) (38) (61) (87) (16) (97) (35) (25) (53) (33) (26) (96) (80) (17) (66) (71) (52) (70) (77) (59) (92) (88) (1) (40) (68) (90) (62) (44) (95) (72) (36) (31) (99) (89) (58) (34) (5) (21) (93) (98) (82) (10) (83) (51) (28) (63) (42) (67) (81) (41) (47) (37) (8) (49) (45) (57) (76) (75) (73) (19) (13) (12) (24) (91) (65) (15) (86) (9) (46) (50) (11) (74) 
55 (51) (42) (32) (80) (87) (39) (19) (40) (13) (17) (72) (20) (10) (9) (25) (58) (53) (16) (71) (43) (74) (68) (69) (59) (95) (7) (48) (92) (41) (28) (5) (37) (18) (78) (81) (2) (23) (50) (38) (34) (96) (15) (52) (24) (54) (77) (63) (85) (8) (70) (4) (57) (86) (100) (3) (65) (45) (56) (88) (76) (94) (30) (60) (29) (93) (14) (47) (73) (66) (27) (90) (79) 
56 (92) (3) (26) (95) (87) (12) (82) (33) (53) (35) (67) (91) (79) (7) (38) (57) (27) (75) (9) (42) (93) (83) (22) (4) (80) (47) (1) (13) (99) (52) (39) (56) (50) (14) (16) (62) (43) (48) (58) (88) (54) (24) (97) (73) (98) (36) (63) (55) (68) (64) (6) (59) (31) (20) (25) (84) (21) (61) (30) (29) (10) (8) (37) (90) (18) (89) (23) (70) (15) (85) 
57 (61) (38) (7) (42) (14) (52) (13) (33) (35) (65) (22) (90) (62) (97) (53) (74) (76) (96) (28) (25) (10) (43) (78) (91) (67) (99) (77) (20) (27) (8) (82) (58) (12) (63) (4) (73) (89) (19) (5) (70) (34) (30) (37) (68) (54) (87) (41) (23) (45) (46) (48) (39) (60) (40) (44) (98) (26) (31) (95) (85) (29) (3) (15) (16) (71) (2) (36) (72) (1) (79) 
58 (32) (19) (28) (70) (54) (39) (15) (41) (91) (45) (59) (29) (20) (27) (89) (23) (79) (50) (83) (42) (47) (9) (4) (94) (61) (16) (33) (43) (60) (85) (5) (10) (52) (25) (12) (36) (3) (6) (73) (99) (46) (77) (21) (84) (67) (17) (7) (100) (30) (74) (63) (55) (34) (92) (96) (11) (58) (2) (13) (86) (75) (37) (48) (80) (35) (72) (44) (78) 
59 (3) (76) (35) (89) (30) (94) (80) (83) (64) (42) (85) (65) (90) (29) (100) (81) (91) (14) (66) (40) (38) (86) (78) (62) (97) (52) (9) (77) (13) (84) (39) (75) (10) (5) (37) (58) (69) (22) (31) (47) (87) (1) (96) (60) (11) (71) (98) (43) (57) (74) (49) (59) (17) (68) (51) (54) (88) (82) (45) (34) (36) (55) (56) (19) (46) (25) (12) (70) (95) (41) 
60 (62) (74) (52) (70) (32) (48) (72) (93) (68) (77) (18) (58) (10) (42) (100) (23) (44) (5) (3) (36) (89) (1) (26) (88) (45) (81) (82) (6) (49) (76) (66) (30) (71) (61) (85) (47) (33) (84) (78) (50) (99) (25) (79) (83) (17) (56) (90) (67) (31) (92) (73) (15) (22) (95) (8) (12) (27) (98) (46) (54) (35) (39) (21) (80) (19) (43) 
61 (25) (85) (71) (55) (28) (14) (91) (34) (75) (30) (87) (58) (63) (99) (82) (69) (22) (57) (32) (81) (92) (35) (94) (37) (40) (60) (38) (43) (53) (12) (52) (70) (65) (8) (64) (93) (3) (41) (42) (10) (2) (86) (17) (74) (84) (50) (44) (72) (45) (39) (6) (89) (36) (16) (62) (76) (90) (96) (77) (49) (88) (15) (4) (23) (13) (27) (21) (100) (26) (56) (24) (18) (66 1 46) 
62 (55) (70) (17) (91) (25) (8) (88) (14) (60) (10) (65) (2) (16) (57) (73) (80) (53) (4) (59) (87) (30) (99) (23) (38) (75) (78) (76) (67) (47) (9) (46) (62) (54) (95) (22) (52) (81) (89) (5) (48) (35) (68) (58) (1) (74) (97) (37) (43) (64) (26) (24) (31) (39) (28) (18) (15) (29) (94) (45) (13) (19) (61) (33) (77) (49) 
63 (2) (61) (17) (96) (60) (11) (53) (44) (84) (100) (3) (23) (80) (74) (30) (4) (76) (12) (65) (55) (71) (14) (77) (26) (10) (88) (78) (1) (91) (49) (16) (25) (73) (39) (75) (90) (70) (66) (99) (40) (62) (29) (7) (37) (54) (85) (5) (69) (48) (18) (94) (43) (51) (64) (45) (21) (52) (19) (46) (58) (9) (20) (95) (56) (15) (6) (13) (8) (86) (47) (93) (63) (35 50) 
64 (7) (72) (6) (38) (63) (40) (49) (90) (36) (13) (30) (51) (100) (88) (78) (73) (47) (27) (3) (48) (67) (26) (81) (29) (39) (55) (98) (83) (82) (74) (93) (56) (10) (97) (5) (87) (99) (70) (77) (95) (71) (31) (96) (86) (35) (64) (89) (92) (60) (20) (44) (75) (76) (34) (21) (9) (57) (53) (45) (43) (14) (61) (54) (25) (28) (37) (94) (50) (65) (16) (24) (19) (1) (22) 
65 (20) (1) (85) (50) (76) (91) (3) (15) (34) (30) (60) (58) (72) (45) (9) (71) (16) (23) (2) (25) (74) (36) (38) (92) (61) (70) (77) (84) (94) (10) (17) (13) (95) (24) (44) (32) (47) (69) (29) (80) (81) (56) (75) (6) (89) (27) (31) (8) (100) (43) (96) (12) (48) (73) (51) (98) (14) (62) (26) (57) (46) (90) (65) (87) (33) (11) (86) (39) (67) (59) (78) (42) (19) 
66 (11) (82) (26) (76) (74) (38) (6) (5) (90) (30) (60) (71) (40) (48) (10) (18) (8) (4) (100) (72) (33) (99) (85) (3) (2) (32) (45) (70) (13) (95) (55) (20) (17) (98) (36) (53) (21) (52) (42) (69) (7) (94) (91) (96) (57) (41) (78) (59) (56) (65) (9) (62) (25) (23) (29) (93) (83) (43) (58) (16) (86) (64) (39) (46) (80) (49) (61) (77) (81) (12) (15) (97) (73) 
67 (47) (11) (80) (45) (95) (5) (34) (73) (30) (78) (68) (93) (25) (17) (69) (85) (86) (29) (67) (97) (89) (57) (42) (41) (72) (65) (40) (81) (9) (31) (46) (38) (84) (50) (39) (75) (43) (52) (74) (27) (35) (21) (36) (4) (59) (66) (28) (92) (94) (2) (49) (64) (12) (54) (51) (3) (88) (18) (98) (82) (100) (83) (8) (7) (15) (91) (55) (1) (76) (44) (48) (90) (61) 
68 (51) (11) (17) (6) (45) (97) (79) (12) (27) (60) (40) (16) (52) (88) (63) (7) (92) (50) (56) (80) (19) (62) (70) (74) (68) (83) (90) (35) (67) (87) (100) (22) (41) (99) (48) (8) (49) (73) (75) (81) (29) (66) (10) (30) (72) (28) (23) (77) (61) (89) (20) (24) (36) (57) (96) (15) (58) (94) (18) (13) (2) (26) (93) (64) (55) (98) (9) (71) (65) 
69 (43) (23) (69) (2) (44) (79) (32) (11) (74) (29) (15) (30) (3) (91) (73) (98) (96) (66) (5) (93) (35) (97) (17) (60) (71) (28) (57) (27) (62) (85) (37) (89) (68) (65) (25) (26) (87) (45) (95) (7) (46) (38) (50) (67) (13) (59) (47) (21) (72) (4) (9) (64) (90) (80) (20) (8) (55) (51) (16) (1) (40) (24) (84) (31) (18) (41) (88) (58) 
70 (68) (72) (54) (76) (58) (47) (23) (22) (65) (45) (8) (60) (74) (11) (41) (18) (64) (40) (71) (86) (96) (83) (90) (63) (6) (7) (19) (52) (32) (13) (67) (28) (4) (82) (10) (43) (62) (88) (37) (44) (27) (87) (66) (34) (35) (85) (29) (24) (93) (53) (95) (38) (57) (14) (12) (49) (20) (69) (89) (26) (5) (56) (99) (73) (30) (84) (25) (77) (94) (15) (21) (81) (97) (2) 
71 (70) (93) (59) (52) (5) (48) (56) (38) (7) (11) (100) (68) (99) (27) (64) (22) (74) (79) (10) (49) (66) (76) (89) (96) (40) (13) (65) (2) (36) (62) (47) (3) (67) (91) (4) (85) (81) (14) (87) (37) (78) (42) (73) (39) (72) (23) (80) (33) (21) (58) (28) (63) (83) (1) (17) (19) (54) (6) (8) (92) (94) (29) (25) (34) (61) (86) (95) (77) (12) (55) (88) (44) (16) (82 41 30 97) 
72 (10) (74) (37) (99) (67) (3) (100) (52) (17) (90) (66) (8) (64) (19) (45) (82) (25) (42) (18) (38) (15) (91) (7) (41) (32) (83) (70) (63) (93) (81) (16) (96) (69) (46) (12) (58) (28) (56) (9) (50) (43) (49) (65) (78) (80) (94) (26) (22) (1) (88) (20) (61) (39) (85) (47) (84) (6) (44) (60) (40) (11) (23) (29) (79) (76) (14) (27) (54) (62) (98) (92) (30) 
73 (33) (75) (66) (31) (7) (1) (60) (29) (78) (12) (18) (20) (63) (39) (27) (100) (23) (73) (17) (69) (65) (61) (68) (94) (64) (40) (46) (77) (21) (55) (95) (2) (98) (93) (47) (35) (67) (90) (85) (88) (30) (5) (4) (81) (6) (3) (70) (32) (13) (50) (24) (25) (79) (44) (83) (76) (28) (51) (41) (14) (74) (72) (45) (84) (10) (43) (99) (59) (34) (26) (8) (82) (89) (38 19) 
74 (96) (51) (74) (52) (58) (90) (80) (95) (37) (79) (73) (22) (55) (81) (54) (25) (87) (43) (19) (63) (100) (65) (83) (24) (28) (10) (35) (48) (41) (56) (4) (34) (1) (7) (69) (5) (23) (62) (97) (9) (89) (29) (8) (88) (33) (77) (59) (49) (85) (50) (57) (13) (86) (45) (84) (91) (17) (53) (31) (14) (32) (15) (44) (30) (76) (27) (68) 
75 (67) (58) (46) (98) (95) (39) (20) (84) (90) (30) (78) (28) (74) (89) (32) (13) (68) (56) (87) (63) (41) (7) (73) (75) (82) (21) (53) (70) (76) (9) (44) (64) (47) (99) (91) (77) (14) (97) (5) (72) (23) (62) (38) (59) (15) (31) (16) (92) (71) (40) (80) (60) (27) (2) (55) (3) (1) (93) (45) (29) (94) (51) (18) (50) (65) (19) (6) (79) (36) (25) (42) (34) (48) 
76 (92) (99) (11) (94) (38) (44) (87) (88) (78) (1) (77) (50) (43) (57) (98) (7) (64) (68) (53) (14) (93) (4) (81) (36) (20) (29) (70) (2) (34) (55) (13) (35) (71) (3) (25) (61) (28) (80) (51) (40) (21) (84) (67) (49) (89) (52) (18) (8) (23) (69) (75) (42) (63) (60) (83) (56) (58) (16) (6) (95) (86) (9) (85) (37) (97) (62) (72) (17) (54) (46) (73) 
77 (80) (32) (14) (54) (98) (47) (27) (60) (84) (40) (72) (65) (11) (30) (52) (13) (33) (51) (44) (8) (37) (88) (45) (15) (90) (53) (67) (34) (95) (31) (87) (74) (20) (1) (10) (36) (28) (21) (99) (62) (4) (41) (22) (5) (35) (66) (86) (18) (25) (68) (100) (6) (56) (83) (12) (58) (89) (76) (73) (69) (91) (50) (61) (79) (64) (29) (42) (77) (2) (55) (59) (24) 
78 (7) (38) (22) (70) (46) (62) (18) (60) (79) (17) (15) (49) (44) (67) (73) (100) (83) (82) (84) (42) (47) (29) (36) (94) (14) (33) (45) (43) (40) (16) (89) (55) (13) (98) (65) (61) (90) (31) (30) (64) (26) (69) (27) (66) (63) (23) (80) (20) (72) (52) (74) (91) (24) (8) (93) (57) (51) (58) (12) (41) (59) (37) (99) (21) (71) (81) (86) (2) (76) (97) (10) (54) 
79 (71) (60) (46) (40) (90) (3) (87) (10) (64) (48) (63) (82) (31) (67) (19) (32) (42) (21) (66) (33) (47) (53) (70) (22) (15) (84) (59) (92) (4) (100) (62) (24) (91) (98) (56) (68) (99) (2) (89) (6) (57) (36) (8) (18) (88) (9) (25) (30) (1) (86) (49) (54) (41) (20) (61) (44) (16) (81) (93) (12) (35) (69) (80) (78) (94) (26) (76) (45) (34) (95) (13) (55) (37) 
80 (71) (84) (40) (95) (3) (34) (35) (63) (24) (4) (92) (31) (25) (69) (8) (98) (39) (36) (47) (7) (26) (79) (82) (100) (10) (23) (87) (51) (67) (88) (21) (77) (11) (60) (14) (1) (2) (58) (32) (83) (30) (91) (61) (97) (59) (22) (68) (81) (17) (76) (16) (72) (80) (54) (44) (86) (53) (18) (41) (64) (62) (42) (89) (66) (55) (93) 
81 (82) (26) (71) (60) (16) (37) (21) (80) (89) (17) (18) (3) (6) (50) (11) (76) (84) (38) (93) (75) (23) (95) (42) (4) (72) (79) (88) (1) (14) (30) (56) (43) (65) (10) (86) (91) (44) (66) (45) (20) (49) (77) (55) (99) (41) (74) (96) (46) (53) (22) (68) (35) (90) (25) (5) (97) (67) (19) (73) (7) (48) (61) (98) (100) (52) (47) (78) (36) 
82 (75) (32) (60) (28) (82) (65) (30) (27) (34) (3) (37) (80) (66) (9) (94) (58) (95) (74) (87) (71) (73) (61) (81) (41) (16) (20) (11) (15) (40) (84) (59) (68) (69) (85) (86) (77) (90) (7) (43) (48) (24) (17) (1) (91) (78) (57) (52) (96) (49) (88) (51) (5) (19) (63) (18) (97) (23) (35) (64) (4) (33) (89) (31) (36) (54) (45) (99) (26) (12) (42) (29) (8) (13) (21 6 22) 
83 (60) (37) (2) (71) (15) (40) (51) (48) (7) (92) (66) (41) (73) (78) (33) (36) (57) (47) (91) (56) (39) (94) (84) (14) (87) (25) (49) (4) (95) (24) (97) (55) (98) (21) (96) (89) (28) (76) (12) (99) (34) (52) (67) (42) (6) (90) (54) (53) (3) (43) (11) (17) (69) (10) (38) (22) (100) (19) (59) (93) (80) (88) (86) (32) (72) (30) (82) (61) (44) (5) 
84 (79) (3) (48) (20) (23) (4) (66) (52) (24) (73) (96) (36) (58) (76) (75) (60) (92) (78) (62) (29) (67) (19) (27) (31) (93) (51) (40) (83) (39) (94) (35) (90) (77) (15) (89) (21) (50) (5) (63) (44) (17) (71) (54) (14) (33) (70) (100) (99) (6) (41) (68) (65) (69) (88) (32) (72) (82) 
85 (76) (85) (27) (16) (81) (32) (25) (14) (83) (12) (44) (41) (58) (4) (35) (91) (80) (23) (74) (29) (59) (69) (73) (52) (31) (86) (3) (90) (50) (99) (55) (88) (63) (13) (7) (56) (6) (77) (42) (68) (62) (82) (24) (38) (5) (57) (22) (92) (2) (30) (75) (66) (54) (19) (9) (94) (84) (8) (10) (98) (96) (28) (47) (93) (36) (21) (65) 
86 (74) (53) (13) (87) (44) (94) (29) (73) (24) (99) (28) (64) (37) (39) (6) (5) (96) (48) (71) (17) (36) (57) (14) (69) (86) (76) (80) (30) (49) (55) (72) (70) (85) (16) (65) (12) (58) (77) (62) (97) (83) (91) (79) (31) (92) (35) (82) (27) (10) (20) (75) (50) (66) (46) (68) (56) (11) (38) (61) (67) (22) (81) (26) (78) (1) (41) 
87 (41) (73) (91) (7) (14) (26) (55) (70) (99) (28) (19) (61) (82) (32) (65) (13) (40) (84) (95) (17) (21) (66) (39) (2) (74) (35) (86) (8) (18) (20) (15) (90) (12) (25) (68) (22) (11) (69) (78) (24) (10) (64) (87) (71) (98) (50) (75) (80) (94) (72) (67) (16) (9) (47) (58) (23) (42) (97) (3) (1) (29) (6) (83) (79) (5) (89) (100) (54) (49) (4) 
88 (79) (82) (3) (9) (50) (87) (75) (76) (51) (61) (80) (90) (44) (34) (96) (94) (36) (32) (55) (35) (6) (14) (7) (27) (70) (77) (41) (71) (67) (15) (12) (64) (78) (65) (49) (69) (52) (5) (93) (53) (83) (43) (30) (26) (39) (42) (68) (13) (85) (20) (28) (62) (58) (8) (17) (37) (100) (88) (2) (21) (92) (10) (11) (47) 
89 (43) (89) (78) (70) (95) (41) (24) (81) (32) (8) (46) (68) (47) (65) (31) (76) (86) (38) (6) (5) (91) (88) (74) (13) (25) (82) (19) (3) (63) (84) (27) (16) (48) (92) (61) (14) (45) (2) (73) (85) (9) (30) (37) (72) (21) (62) (23) (90) (12) (28) (51) (64) (15) (1) (79) (52) (97) (40) (4) (54) (29) (58) (60) (69) (59) (39) (49) (7) (36) 
90 (83) (22) (30) (59) (11) (89) (56) (44) (28) (9) (25) (31) (21) (66) (90) (81) (40) (76) (71) (36) (10) (72) (100) (29) (39) (2) (64) (7) (65) (12) (96) (45) (68) (91) (13) (5) (78) (77) (60) (58) (17) (82) (74) (27) (93) (32) (24) (87) (62) (23) (67) (3) (84) (98) (85) (63) (51) (47) (14) (41) (57) (42) (1) (52) (50) (16) (61) (4) (79) (38) (86) (37) (88) (6 97 95 70) 
91 (2) (22) (62) (28) (4) (81) (10) (49) (19) (1) (42) (69) (33) (90) (83) (91) (64) (61) (96) (38) (46) (79) (60) (8) (37) (87) (39) (67) (32) (47) (52) (48) (6) (53) (65) (41) (71) (25) (3) (36) (58) (59) (31) (51) (43) (55) (66) (85) (14) (45) (84) (73) (99) (70) (26) (80) (35) (57) (50) (17) (93) (29) (63) (7) (24) (30) 
92 (33) (66) (61) (63) (15) (46) (97) (5) (69) (16) (4) (56) (18) (65) (22) (48) (29) (96) (76) (47) (7) (38) (40) (12) (21) (93) (59) (41) (92) (78) (82) (57) (50) (20) (73) (68) (83) (53) (74) (60) (6) (37) (87) (14) (58) (13) (84) (89) (25) (85) (64) (55) (3) (94) (71) (81) (36) (100) (43) (23) (24) (32) (67) (99) (8) (79) (70) (88) 
93 (100) (79) (55) (97) (60) (26) (13) (91) (39) (81) (28) (22) (35) (93) (8) (29) (42) (10) (4) (87) (30) (11) (15) (66) (73) (18) (98) (51) (3) (89) (2) (31) (61) (75) (74) (25) (6) (16) (78) (40) (21) (23) (85) (32) (36) (56) (12) (5) (20) (70) (27) (57) (33) (68) (94) (67) (37) (72) (62) (34) (46) (38) (44) (24) (52) (82) (86) (90) 
94 (43) (80) (57) (87) (78) (10) (16) (68) (99) (35) (66) (86) (98) (85) (8) (58) (30) (89) (64) (33) (6) (65) (3) (40) (97) (70) (24) (11) (4) (32) (36) (59) (100) (20) (42) (74) (63) (17) (45) (38) (53) (54) (28) (1) (77) (60) (37) (31) (26) (2) (50) (14) (41) (82) (7) (47) (27) (46) (15) (5) (75) (29) (21) (67) (88) (69) (19) (93) (12) (95) (79) (23) (9) (18) 
95 (13) (55) (34) (72) (62) (33) (48) (23) (10) (80) (49) (47) (90) (95) (16) (97) (6) (22) (26) (54) (42) (93) (17) (84) (14) (39) (53) (66) (45) (73) (67) (12) (92) (96) (46) (1) (76) (51) (29) (5) (15) (24) (79) (30) (8) (70) (28) (89) (2) (77) (94) (27) (69) (61) (32) (58) (18) (3) (21) (41) (40) (37) (99) (35) (36) (9) (19) (91) (82) (44) 
96 (26) (62) (94) (3) (93) (12) (59) (84) (23) (53) (68) (13) (38) (80) (79) (49) (18) (63) (89) (20) (9) (43) (41) (100) (78) (46) (61) (81) (56) (85) (1) (82) (91) (15) (99) (67) (27) (60) (74) (44) (65) (40) (47) (25) (71) (10) (37) (76) (75) (86) (64) (21) (83) (87) (51) (54) (32) (30) (42) (16) (95) (45) 
97 (59) (4) (71) (29) (34) (52) (81) (76) (12) (10) (70) (30) (73) (11) (58) (13) (9) (91) (8) (7) (26) (83) (95) (33) (65) (51) (66) (45) (36) (57) (53) (28) (5) (86) (42) (78) (27) (3) (22) (54) (72) (69) (20) (93) (49) (64) (16) (55) (68) (56) (100) (63) (48) (97) (75) (24) (15) (31) (35) (94) (6) (21) (43) (62) (25) (82) (39) (41) (50) (47) (46) 
98 (74) (39) (27) (7) (15) (40) (31) (43) (73) (4) (80) (25) (38) (93) (91) (60) (68) (100) (23) (94) (17) (72) (37) (87) (59) (95) (89) (5) (24) (28) (47) (29) (14) (3) (77) (75) (90) (70) (99) (20) (88) (49) (6) (34) (98) (61) (33) (53) (86) (82) (97) (76) (62) (96) (65) (2) (36) (50) (21) (92) (35) (52) (46) (41) (26) (83) (54) (9) (81) (63) (18) (51) (13) (69 78 11 16) 
99 (69) (86) (51) (93) (75) (94) (25) (61) (66) (99) (3) (26) (6) (44) (40) (89) (49) (59) (83) (43) (92) (50) (32) (11) (42) (62) (12) (67) (36) (65) (37) (33) (23) (81) (70) (68) (17) (85) (73) (71) (96) (77) (4) (100) (14) (13) (9) (64) (48) (56) (46) (10) (29) (30) (52) (22) (78) (18) (72) (74) (28) (80) (91) (47) (87) (55) (53) (60) (45) (84) (21) (79) (24) 
100 (43) (82) (92) (50) (54) (79) (69) (29) (66) (91) (28) (14) (45) (68) (2) (64) (87) (10) (97) (13) (71) (60) (57) (15) (9) (4) (78) (81) (70) (48) (65) (56) (38) (83) (85) (88) (99) (59) (74) (63) (76) (21) (55) (37) (39) (44) (94) (84) (24) (86) (77) (3) (7) (96) (42) (89) (72) (75) (36) (18) (52) (12) (34) (11) (46) (67) (30) (6) (35) (41) (5) (27) (98) (23 16 90) 
