0
100
100
1 (7) (84) (21) (44) (36 46 16 2) (98 26 48 79 63 80 10 65 40 24) (90) (28 64 41 11) (27 13 31) (5) (83 52) (61 97) (53) (38 96 22 77) (68 51) (58 100 9 92) (54) (20) (91 15) (50 78 89 57 25 14) (34 62 70 6) (39) (71) (30) (23 85) (12 4 3 67 43 95 99) (8 66 33 49) (35 74 60 29 75) (18 19) (72) 
2 (11 67) (24) (3 21) (36 52) (81 1) (62) (76) (51) (8) (4) (97 2 34 37 39 98) (99) (40 95 43) (78) (82 79 88) (20 44 71 13 25 91 63 27 31 7 48) (87 58 85) (73) (33 9 29 64 70) (17 57 59) (84 75) (5) (47) (28) (96) (19) (41 90 35 12 94) (69 45 77) (38 72) (100 23 93 46 10 61 92) (42) (80) (54) 
3 (74) (42 25) (22 83) (48) (27 16) (18) (66 41 44) (9 55 24) (10) (92) (54 36 77 34 69 47 90 100) (14 13 50) (12 29 56) (61 20) (59 31 11) (45 82 81 26 49) (28 71 79 21 96 1 76 39 6 64 58) (53 62) (95 2 51) (33) (40 38 37) (8 86 7 68) (72 35 32) (97 98 73) (30 94) (15) (91 84 63) (4) (46 93 3) (17) 
4 (100 50) (67 82) (94 34 59 52 1 14) (96 15) (51 71 76 28) (11 40 26 81) (21 47) (98) (97 84 3 41 89 32 53 8) (75 64 17) (74) (30) (38 33 61) (6) (2 16 18 7 36 49 79) (86 69) (57) (99) (13 10) (65 43 92 22) (20 4) (72 70) (56) (93 48) (31 68 39) (55 58 19) (73 66) (46) (5) (25 91) (63 9 35) 
5 (15) (69 16 11) (5 78 94 45) (24) (62 49 83 76 44 74 97 96 31) (22) (37) (35) (54 55 51 27) (17 36 63 79) (57) (87 29 3) (68 42 9) (58) (12 4 98) (8 39 95 50 19 85) (64) (67 38 80) (34) (53 6 1 43 7 77) (26) (52 56 10 71) (92) (70) (66 93) (91 100 14 81 41 89 73 60 90 25) (40 32 75 2 84) (61) 
6 (61) (89 88) (30) (20) (1 95 26 68) (79 40) (76) (45 98) (12) (50 35 46) (81 48 62) (27) (64) (21 77) (38 78 90 63) (82) (11 94) (5) (15) (36) (57 6 18) (72 91) (29 32 14 25 69 65 92 51) (84 66 2) (86) (10 17 37 33 7 83 49 28) (60 13 73 71 99) (23 80 52) (39) (53) (59) (34) (43) (47) (67 9) (93) (74) 
7 (33 14 40 99 74 11) (70) (94 46 73 12 29 18 28) (36) (10 98 34 69 76) (96) (3) (82 9 51) (44 61 65 91 60 25 80 45) (38 17 84 62) (50 63 23 24) (78 37 92 16 35 83) (2) (93 15 100 90) (88 31) (42 81 8 43 47 75 77 32 4) (86) (53 54 26 71) (57) (52 85) (39 56 49 41) (95) 
8 (32 38 89) (87 85) (34 88 22) (3) (42 95) (13 66 50) (76) (23 64 16 40) (12) (81 47) (31) (99 78) (33 91 97 51) (2) (75 52 74 14 46) (25 7 1) (72 69 60 73) (45 37 55) (61 35 18) (17) (49) (43 84 36) (67 82) (27 77) (58 11) (30 59) (71 98 6 56) (68) (28 57 100 26) (53) (4 41) 
9 (49) (40 54 84 92 82 33 73 60 79) (81 7) (10) (55 17 3 19 46) (15 86) (2) (70) (41 27 34) (35) (8) (62) (36) (12 4) (48 5) (53) (24 97 18) (44 78 80) (66) (65 13 9 22 68 51) (90) (95 85 64) (52) (63 59 57 58) (42 38) (91 72 69 39 71 89) (25) (32 43 23 47 100) (29 31 98) (6 61) (37 88 16 94 28) 
10 (59 100 56 82 2 98) (94 31) (85 29 91) (8) (55 44 9) (13 76 93 24 20) (27 41 53 58 10) (51) (78 45) (84) (30) (73) (67) (95 1) (70 90 46 83) (64 80) (16) (66 96) (52 47 5 36 3 49 72) (35) (23 17) (21) (71) (32 50 26 6) (48) (34 81) (14) (18 54 57 74 42) (28) (4 15 37 99) (77 43 87) 
11 (85 94) (29 79 84 60) (8 83 5 95 49 78) (6 97 10) (35) (36 68 31 73) (54 53) (77 37 23 1) (22) (55 76 11) (34 74 48) (75) (30) (45 91 50 57 38 9 3) (67 89) (16 40) (96 92 100 47 87 59 19 66 28) (13) (90 42) (26 2) (81 14) (33) (32) (70) (88) (62 72) (69) (86) (20 44) (58 27 65 98 64 63) (12 52 93 51 41) 
12 (22 81 25) (65 32 51) (16) (87) (86 94 6 78 1) (59 7 37 80 38 53 93 64) (77) (50 13 3 28 36 63) (83 45 73 5) (9 29) (99 47 41) (21) (34) (42) (82 30 19 8) (4 91 100 75 89 57 92 12 44) (17) (24 76) (97 35 84 54 85 40 67 2) (70 79 48 74 33) (49 52 58) (95) (27) (26 20) (56 43) (71) (15 90 55 98) 
13 (52 2 40) (77 15) (26 59 42 94 49) (66 75) (57 55 34 82 58 64 16 93) (8 48 12 35 96 23 62) (100 65) (11 83 38) (1 37 71 90 33 19 88 13 36 80) (44 74 98 53 3 46 5) (79) (43 6) (24 85 10 91) (87) (89 51 22 20 86) (76) (68) (99) (72) (54 67) (28) (21 47) (69) (9 70 41) (73 30 92 97) (17 4) 
14 (54 29 60 88 45 15 18 33) (52) (85 77 14 99) (42 94) (90) (9 6) (53) (13) (83 46 93) (31) (92) (65) (73) (68 32) (27 48 67 84) (24) (59 78) (91 23 62 86) (2 19 7 76 22) (16 95) (21 17 87 96) (40 3 64 4 5 37 8 61 28 43 63 98) (25 74) (20) (71) (12) (79) (38 58 47) (26 50) 
15 (40) (76) (25) (20) (29) (100) (78) (90) (41 93) (96 28 22 11 57) (32) (21) (98) (54) (89 35 82) (81 53) (60) (66) (77 97) (86 42 50) (49 8 58 3 12) (38) (10 52 61 75) (70 23) (7 63 6) (99 88 69) (47 62 91) (68 59) (94 33 51 30 74 92 13 27 9 36 87 71) (39) (67 44) (18 17) (64 31 37 79 85) (80) (4) (16) (43 26) (84 73 2) 
16 (84 24 73) (26) (45 66 29) (99 67) (56 42 88) (85 60) (54 90 30) (40) (7 47 53) (76) (49 62) (58 71 78 92 63 100 95) (55 10 32 27 37) (39 3 83) (11 89) (81 96 20) (16) (61 15) (69 8) (31) (87 1) (18 74 52 36 14) (22 72) (97 64 34 94) (33 46 23 13 79 35 28 12 48 82) (57 70) (19 51 80) (68 77 50) (4) 
17 (36) (37) (11 86 92 65 68) (48 4 58 75 1) (67 40) (72) (56 83 7) (95 21 85 43 76 3) (34) (47) (6) (52) (39 55 5 96 93 12) (62 19) (26 87) (22) (60) (77 18) (66 94 44 24) (31 63 61 82 51 10) (81 59 41) (50 99) (100 25 84) (71) (15 32) (8) (97 78) (2) (33 38 27) (74 88 53 79) (90 9) (70) (64) (20 69 30) (46 45) (29 57 35) 
18 (52 74) (77 98) (47) (59) (87 8 97 15) (9 100 42 4 41) (56) (1 63 23) (92) (33 70 69 53 3) (40 58) (86) (27) (68) (71 11) (2 67 61) (6 21) (49 96) (93 66 62 30) (65) (94) (73 39 37 45 31) (91 81 55) (17) (13) (50 29 60) (46) (38) (76 36 80) (84) (19 34) (22 95 25 90) (99 28) (10 18 72 83 16) (35 43) 
19 (88 9 16) (95) (73) (37 42) (11 45 70) (1 26 82) (12) (23) (14) (36) (27 21 50 76 29 66) (28) (59 55 60 72 100) (68 31) (81 33) (51) (67) (71 53 85) (83 97) (61 78 75 41) (22 39 38 79) (84 49 13 34 8 35 20) (77) (57 17 56) (65 98 15) (52 93) (46 62) (54) (18) (24) (4 6) (7 48 86 89 43) (19 96) (94) 
20 (88) (20) (18 77 66 73 76) (39) (92 79 78) (8 99) (37) (1 85 96 94) (90 6 81) (27) (45 12) (7 57 84 65) (21 46 2) (89) (5) (97 23) (58 24 53 32) (56) (4) (36) (80 68 48 93 47) (70) (72 52 25) (17) (63) (19 83 87 15 61) (74 30) (51) (82) (98) (34) (50) (86 100 49 69 22 26 41) (44 40 62 3) (91) (29 75 31 33) (71 60) (16 35 42) (55) 
21 (56) (28 97) (87) (22) (67) (33) (23) (44 39 8) (71 7) (34 36 85) (49 89 64 57 58 78) (54 100) (52 31 16 6) (25 95 30) (96) (18) (75) (86 88) (38) (9 17 65 40) (77) (15 26) (62) (94 41 35 66) (12) (48 45 59 53) (24) (10) (55 5) (46 70 47) (80 4) (60 81) (43) (76 99 82) (84 72 90 79) (21) (20 69 42) (3) 
22 (47) (31) (81) (40 1 16 33) (13 2 8) (89) (60) (83 45 82) (26) (41) (36) (77) (71) (21 11) (32 38) (37) (22 90 63) (23 14 46 91 66) (98) (78) (18 34) (15) (49) (74) (59) (58 48) (27 4) (68 100 79) (12 3 65 42) (87 55) (96 67) (73 25 97 93) (54 84) (44) (64 19 95) (7 85 6) (61) (39 35 52 94 86 51) 
23 (21 4 43) (65 93 15) (12) (31) (51) (76) (90 16) (79 97) (99 37 32) (95 59 2 85) (45 73 24 42 54 33 62 34 14) (22) (48) (84 96 30) (66 74) (23 6 92 25 28) (47 20 72) (56) (49) (53 80) (78 64 67) (19) (61) (7 98) (38 88 63 75 82 77) (5) (71) (26 81) (9) (91 39 60 36) (52 13 46) (86 40) (3 44) (1 10 89) (58 41) 
24 (74 69 91 72) (60) (48) (77 22 81 12 80) (99 73 43 15 49) (100) (33 36 20 89 14) (63 71 68 90 25 61) (50) (6) (83 4) (8 94 18 75 39 57 88 66 37 40 67 5 45) (52) (16 29 38) (34) (55 28 65 70 21 47 76) (3) (53) (86 58 10 64) (79 84 13) (95) (92) (98 11 32 97) (2) (1 96 82) (62) (44) (42) (51 46) (26) (23) (19 54 87 85 78 30 56 59 41) 
25 (78 81 21 13 3) (97 23) (58 65 17) (50) (67 56 25 49) (36 93 35 53) (62 45) (42 7) (1 48 40) (14 68) (20 47 82 80) (28 18) (39) (9 100) (38 64 29 46) (76) (30 4 2) (98 6 16 90 94) (74 59) (69 88) (34 96 44 12) (66 84 27 75) (60 87 63 71 5 41 86) (37 10) (43 92) (54) (31 73 57 85) (70 24) 
26 (71 94) (79) (86 52 27) (75) (31) (74 100 34 10 30) (97) (9 54) (15) (69) (35) (4 14 78) (16 66 8 23 62) (91 81) (61 29 11) (82 76 87) (33 84) (55 41 37 22) (51) (70 73 48 77 19 83) (43 67 64 47 2) (56 36) (49 63 57) (96 39) (72 85 17 13) (21 58 26) (5) (3) (53) (40 98) (20 25 24 90) (50 59) (1 95 93) (89) 
27 (67) (86) (95) (98 55) (56 25) (43 16 14) (40) (61 35) (69) (29) (62) (88 90 33) (63) (91) (24) (70 15 30 28) (68 57 64 99) (44) (71) (6 65 3) (92 45 5 84 78 32) (36 31 94) (77 72) (17) (74 7) (13 60 26 59) (34 49 22 80 66) (97 48 4) (89 85 20 8 50) (76) (37) (41 27) (53) (12 2) (87 46 79) (52 23 75) (47 54) 
28 (64) (10) (98 52 60 85) (11 16 73 5 17) (78 25 34) (32) (62 49 88) (27 65 66 14) (84 22) (71 42 2) (46 72 19) (57 89 45 35 26) (44) (86) (77 18) (29 61 55 100 20) (68) (4) (69 79 59) (31) (74 75) (95) (91 21) (30) (8 43 24 92 87 56) (13) (70 39 99 1) (90) (23) (50 97) (41 83 28 51 80) (9) (82) 
29 (19) (29 98 100) (22 37) (1 91 59 10 7 21 28 65 50) (26 83 53 93 70) (69 60 3 6 42) (17) (31) (72 82 92 89 75) (2 44 15) (96 55) (97 32) (12) (81 62 58 64 88 45 43 61 80 79) (34 85 94 86) (33 49 8 16 56 47 76 87 57 25 40 9) (68) (24) (74) (13 77) (51 14 30 73) (11) 
30 (80 7) (51 33 48 42 74 68 99 2) (61) (16 45 49) (31) (55 21) (64) (17 69 85) (93) (81) (52 47 26 46 62) (86 22 89 72 66 70 37 90 32 15 76) (56 30 91 23) (18 83 6) (79 43 75) (1 40) (54 57) (44 97 28) (84 92 59 8) (36) (60) (77 58 35 29 71 13) (39 98) (94 4) (12) (50) (53 73 27 24 88) (19) 
31 (97 95 35 79) (28) (29 64 56 48 69) (33 14 71 26) (25 86 3) (18) (11) (30 70) (17 57 41 9 61 90) (54 2) (91 58 59 6 16) (92 1 21 12 22 40 8 39) (34) (63 52 68) (93 20) (60) (44 27 73 19 55 94 31 98 66 53 89 84) (99) (15 4) (75 51) (82 65 10) (24) (100 77 76 7 46 45) (32) (5 49 78 72 42) (50 74 23) 
32 (4 61) (83 23) (7 49 66) (10 37 73 9) (34) (16 17) (96) (27) (63) (99) (71) (51) (44) (21) (3 40 74) (82 25 81) (94) (2 100 79) (60 22 57 35) (47) (19 93) (69) (18 91 8) (31 56) (20 92 89 64 70 75 30 54 11) (86 62 45) (52 87 24) (46 38 33 78 14 85 5) (1 41 55 97 77) (29) (68 48 95 42 65) (80 88 12 72) (13) 
33 (76 47) (99 95 52) (31) (27 92 42) (70) (75) (14) (6 4) (90 100) (35 2) (56 20 43 39 11 25) (54 94) (9 29 21) (36) (73 72 58 89 33) (23) (80) (8) (45) (93) (60 82 55 32 64) (81) (65) (26 51) (18 59 57) (97 3 66 88 84 71 5 69) (28 74 38 44) (12) (13 49) (41) (30 96) (61) (78) (15) (48 68 77) (86) (79 63) 
34 (42 34) (60 97) (43 20 17) (33 6) (88 58 55) (82) (53 2 38 87 90 70 63) (28 36) (37 7) (84) (5) (56 4) (76 22) (35 21 12 67 83 1 91) (99 86 52 8 41) (71) (94) (47 73 59 95) (46 79 98) (24 66 65 10 26) (11 93) (61) (40 92 80 54 89) (49 100 23 62 19 29 25) (9 15 68 32 13 74 48) (44 69 16) 
35 (86) (70 97 43) (24) (64 35) (49 91 44 71) (29 2 33 56) (23) (4) (9) (76 31) (72 74 63 77 8 69 47 62) (66) (28) (79 95 98 58 30) (22 87) (32 16 89) (81 1 96 93 54 85 20) (34 5 46 12) (26 39 37 21) (51 19) (6) (92 83) (100 14 11 48 7) (75 68 88) (18) (36) (60 38 45 61) (40) (65 78 57 55) 
36 (82) (87) (59 48) (85 34 88 69 11) (100 56 10) (52) (64) (36 70) (9 12 46 90) (1) (7) (43) (29) (92 15) (32 99) (50 76 44 66) (25 67 72 51) (21 2 28 17 16) (35 77) (74 26 84 91 98) (6 33) (79) (30) (8 75) (31) (94 3) (61 45 93 95 83 39) (60 40 86 53) (27 68 5 18 78 41) (24 97 96) (47) (20) 
37 (40 43) (38 46 56 31 39 1) (94) (61) (27 78 28 89) (75) (63 54 85 16) (41) (3 17) (66 33 93 47 42 96 15 90) (81 59 11) (22) (49 64) (48 52 44 8) (26 45 80 77 24 20 53 55) (79 100) (12 72) (60) (6 62 23) (10 35 58 29 30 21 76) (68 9 71 13) (51 4 88 91 83) (65) (5) (18 34 98) (57) 
38 (80 98) (49 100 90 54 4 63) (35 10 59) (33 69 16) (71 15 37) (32) (17 75 44 93 99) (47 9) (8) (70 76 42) (77) (11) (52 68) (2 65 60) (85 28) (58 61 91) (50 41) (96 89 36) (46) (24) (74 14 18 43 88 6 84) (55 38 87 26 95 81) (86) (78 29 82 56) (3 83) (79 21 22) (73 94 20) 
39 (87 65 84 85 31 61 86 62 58 64 15) (53 66) (43 24 26) (73 33) (63) (55 56) (25 50) (67) (21 14 39) (6 8) (83 13 22) (82 100 17) (2 35 71) (29) (30 37 78 92) (96) (88) (54) (19) (18 68) (49) (44 91) (5) (20 80 75) (94) (40) (72 81 27) (36) (10) (3) (32 59 77 79 4) (16) (7 60 42) (11) (57 89) (34) (47 45 23 48) (93 9) (12) (52 98) 
40 (77 36 90 6) (1) (22 95) (43 97 11 23 84 100 85 88 19 26 21 3 31) (98) (67 82 54) (12 13) (73 57 81) (83 16 59 53 47) (99 28 68) (65 9 79 50 62) (29) (76) (78 69 55 75) (34 39 4 80 74 24) (38 20) (52 15 64) (42) (37) (89 18) (94 87 49 46 17 8) (51 7 25 96) (63 35 44) (48 41 56) (30) (70 32) (66) (71) (33) 
41 (82 65 97) (92) (78) (88 86) (61 95 66 96 8 38) (68) (32 72) (27) (35) (3) (21 70 20) (45) (87 55 60 12 100) (19 30) (84) (63 52) (56) (58) (79 67 26 4) (71) (16 46 25) (29 54 33 23 11 74 10 14 9 1 34 75 40) (89) (53 64 22 80) (36) (42) (81) (2 94 99) (76) (18 59 49 5 93 73 37 91) (90) (39 69 7 62) 
42 (48 8 35 72 14) (95 83) (2 96) (11 45 88) (42) (93 50) (94 92) (77 70 10 86 76 73) (98) (59 18) (51 89 63) (26) (53) (34 40) (55) (54) (12 39) (31 43 38 13) (49) (52 27 58 37) (97 6) (78 66 90 62) (61 5 32 99 47 3) (79 84 24 46) (25 7) (60) (56 67 41) (19 74 80 21 82 91 20 36 16 9 57 1 81) 
43 (36) (41 81 3 85 74) (2 12 56) (93 32) (76 64 10 38 44) (90 100 30 77) (22 47 53 78 7) (57 35 26 94) (5) (58 95 65 25) (92 8) (82 84 11 16 39 80 40) (45) (20 37) (27 61 69 1) (18 97) (23 73 98) (31) (21) (14) (87 28 4 19) (59 15) (79 46) (83 86) (34 89 42 17 99) (67) (62) (52) 
44 (19 47) (59 52 33) (55) (38 77 64 57 74) (91 37 84 30) (66) (6 26 96) (95 16) (39 85) (42 2 4) (58 98) (54) (43 44) (17 88 25 69) (80 83) (1 21) (40 5) (94) (82 60 31 100 53 14) (23 89 99 20 79 93) (49 46 45 24) (12) (63 81) (35 3 62 10 65 9 41) (61 8) (29) (68) (28) (36) (7) (86) 
45 (42 54) (63) (36 83) (14 34) (94 7) (84 33 58) (47) (9 90) (26) (2) (93) (18 74) (85 31 66) (60) (39) (40 17) (87) (10 30) (78 81) (44 19 23 70) (73 68 71 57) (22 41 67) (35 37) (76 77) (91) (13 82 72 38 28 100) (32 79 43 92 21 50) (98 52 95 56) (99) (3) (69 49) (65) (96 45) (55 29 25) (8) (27 89 97) 
46 (48 36) (59) (6) (35) (16) (8 9 90 63 49) (84) (100) (39 30) (67 64 12) (3 57) (52) (28 29 44) (50 58 23) (21 46 37) (96 5 74 55 47) (88 42) (27 89) (70 20 18) (53 22 79) (60 66 83) (87 51) (26) (40 86) (38) (10 69 81 15 75) (19 24 31 54) (43) (72 98 97) (4 45) (92 41 99 71 68) (85) (2 65) 
47 (61 22) (94) (60 43) (30 62 73 40 79 31 58) (17) (44) (5 18) (92) (90 2 80) (98 15) (45 63 71 13 78 24 85) (23) (3) (20 77 42) (33) (51 96 9 21) (84 36) (8) (34) (29) (48 83 37 26 1) (47 64) (72) (86) (6 38) (27) (28 54 81) (88 39) (75 99 19) (7) (74 91 41 87) (32 11 14) (50 66 55 57) (12 10) (95) (59) 
48 (14 87 51) (73) (42 99 35) (18 93) (80) (64) (50) (79 71) (85 52 27) (13) (32 92 72) (41 22 6 12 77 5) (97) (38) (66 76 58) (28) (100) (90) (82 54 26) (20 81) (49) (8 61 68) (75 9 4) (65) (34 83 45) (10 78 94) (74) (91 30 53 3 25) (44 40) (31 89) (23) (36 57 55 86) (2) (60) (95 39 19 16) (62 70) 
49 (70 40 52 53 31 10 23 47 27 28 66) (81 86) (74 76) (2) (58 65 91 87 94) (93) (48) (34) (36 69 56 11 46 26) (24 68 64) (62) (42 88 61) (21 55 78 67 3 59 39 14) (19) (100 22) (6 71 57) (51 12) (60) (89 97) (17) (83 4 33 16) (5 45 43 72 75) (92 25) (13) (99 95 50) (79 85) (41 18) (37 32 77 98) 
50 (4 98 19 27) (23) (56 87 31 53 5) (95) (30) (78) (11 28) (76) (36) (92) (33 9 39) (63) (48) (55 45 71) (100) (70 51) (79 93) (64) (73 16 15) (35) (57) (6 41 94 89 68) (21) (97 62) (22) (44) (42) (32 50) (12) (60) (13 61 29 54 75 17 2 26 88 38) (46 80 67 40) (86 82 10 20 47) (43 52 8 85 25 69) 
51 (10 13) (47) (55) (24 56 93) (63 42 49 96 23) (38) (31) (39 45) (11 88) (99 27 29) (70) (62) (48 60 82 79 16 6 80 9 35) (3 52) (7) (71 25) (86) (17) (51) (67 15 75 46) (95 89) (100 33) (21 5 44 78 1) (72 64 85 90 32) (66) (20 92) (73 54 61) (59 2) (37 84 77 57 91) (22) (41) (19 98 81 8) 
52 (35 55) (77 26) (56 51) (94 70 98 82) (57 89) (11 13 73 24 2) (16) (37 4 23 14 69 32) (33) (87 39 91) (29) (38 95 9) (1 30) (78 90) (44 8) (61 22 60 72 34) (15 92) (76) (52 25) (17) (54 40 31 58) (46) (68) (97 53 59 42 86) (50 36) (28 83 93 79 75) 
53 (15 80 5) (4) (73 65) (27) (28) (55 50 94 77 46 68) (64 43 1 93 8 81 52) (72 37 13 79 49 40 2 44) (25 92 51) (33) (82 85 14 76) (91 83 26 97 90 10) (86 70 36) (11 34) (38 63 9 23 31) (12 54 7) (60 29 67 57) (69 56 18) (59) (48 61 47) (30) (20 19 41) (42) (87 45) (78) (95 53 62 24) (3) (100) 
54 (60 92) (64) (56) (90 52 65 69 53 48 7 42 29 93 25 36) (82 76 6 78) (13 87) (44 2 61) (20 100) (67) (30 33) (22 47 59) (26) (3 86 72 5 57 12 80) (35 15 40) (43 9) (74 18 17) (24) (21 96) (54) (73) (34) (28) (97 46 58) (81) (11 8) (94 62) (19 55) (14 88 95 39 27 1 41 63 32) (49) (51 31) (23 45 83 98) (50) 
55 (87 6) (99) (15) (37) (85) (61 48 96 54) (72) (42 79) (92 3 74 89) (90 36) (95 58 93 52 5) (44 16 40) (20 63) (94 73 57 81 50) (10) (68 64 55 31) (43) (25 88 33) (23) (18) (97 51 1) (32 83) (100) (12 14) (84 35) (24 22 46) (21 47 56 66 38) (76) (17) (11 45 19) (98 4 77 91) (60) (29) (82) (65) (27 9 49 8) 
56 (96 45) (56) (7) (59) (91 85) (60 47) (29 16) (35) (26 73 51 100 18 50 33) (53 43 9 22 44 61 19 8 77 48) (64 94 4 66 36) (98) (68) (70) (75 99 42) (30 28) (37 32) (12) (2 39 23 34 82) (55 54) (41 97) (46) (14) (90 10 72 88 11 74 20 31) (81 21 65) (13) (40 93) 
57 (8) (95 49 2 99) (16) (88 83 51) (5 20 27 1 22 34) (65 62 55 92 14 43) (57 35) (38 96) (66 44 4 56) (80 18 46 98 74 87 71 75 58 28) (100) (48) (13 63 3) (41 26) (72) (32 77) (23 70 10) (40) (76 12 25 94 60) (91 11 93 47 82 73 90 9) (78) (45 64 37) (97 19) 
58 (72) (39) (10 20) (38 89 68 75 74) (60) (54 61 94 28 73) (85) (70) (52 76 79) (26) (19 31 25 99 95 64 51 2) (71) (34 98) (50) (11) (100) (90) (33) (1 65 27 9 93) (21 59 91) (81) (66) (67) (15) (41 30 47 84 22 42 6) (80 32 69) (78) (36 44 77 97 57) (87 37) (24 7 45 4 5) (62) (43 46) (14) (8 82 35 29 40) 
59 (79) (46) (64 19 85 77) (45) (54 92) (8 74 44 38) (65 61) (82 42 78) (26) (4 29 37 83) (14 33) (99) (30) (91 43) (71 62) (27) (88 98) (56 67 12 66) (96 63 58 57 32 31) (59 41) (39 34 23) (86 2 36) (89 69) (60) (81 55 70) (40) (1) (95 18) (13 100 94 80 90 87) (76 11) (24 17) (47 7 72 6 10 25 35) (75) (68) 
60 (86 24 87 80 36) (49) (50 11 12 2) (5) (30 46 37 67 62) (84) (19 77 39) (66 20) (64 71) (48 45 42 33) (57) (47 28 7 18 79 55 95 74 75) (68 69) (53 25) (60) (72 27) (98 93 4) (22 70 89) (16 94) (65) (83 15) (21 1 88 56 76 90 17) (92 3) (44 40) (99 43 85 61 32) (59) (100 81 73 96) (51) (63 26) 
61 (12 100 22 23) (32 42 70 93 26) (43) (67) (28 16 78 94 79) (49) (45 29) (75) (60) (83) (39) (85 20 54) (30) (74 37 96) (76 99) (77) (9) (14 38 4 11) (31) (82 97 35) (17 89) (48) (92) (63 34) (62 91) (66 10 50) (87 13 2 80) (68 1 65) (36 18) (72 73 64 8) (86 6) (47 88) (56 40 69) (44 46 3) (41) 
62 (64 77) (17 96) (7 45 10) (63 33) (92 78 47 18 99 26) (67) (1) (65) (86) (56 42 98 3 37 87) (8) (48 72) (34) (85) (39 50) (25 81) (40) (29 44 60 95 97 91 35 57 83 73) (68) (2 9 46) (79 90 4 93 53 54 14 74 6 49 22) (70 82 94) (84 75 11) (59 51) (32) (31) (41) (52 71 21 19) (16 5 15 89) (80 58) (69) 
63 (31) (51 2) (59 30) (67 58 19 48) (76 82) (5 89) (40 13 14 62) (90) (25 43 29 64 95) (96) (88) (97 34 99 74) (92 1) (4 33 79 80 16 8 18) (45 55) (21 6) (39) (100) (26) (93 68 65 38 42 78 91 70 71) (54 69 50) (3 57) (83) (27) (23 85 87) (28) (84 22) (94 63 7 72) (37) (86) (75 35) (11 17 47 24 73 60) 
64 (16 6 33 71) (12 94 31 79) (93) (36) (21 48 24) (85 84 88 91) (99) (53 82 23) (52 56) (81) (57 22 89) (14 75 41 98 86 97) (8 100 11 1 96 42 7 70) (50) (34 92 40) (46 5) (19 10 80) (60 44 65) (43) (20 2 30) (28 77) (47 64 51) (58 95 29 32) (15 54 63 76 27 59) (73 68 72) (49) (83) (35 18) (25 61) (87 38) 
65 (20 15 99) (59) (7) (23 64 79 16) (12) (62 77 69 100) (75 98) (36 71) (34 43 66 4 84 27 13) (37 51 80 56 93) (81) (26 38) (39) (73) (74) (67 9 31) (11 82 76 72 94) (53) (30 33 88) (78 68 17 47) (92 83) (57) (63) (90) (1) (49) (91) (5 6 45) (2) (46 14 28) (35) (25) (50) (42 60) (54) (48 40 19 18 58) 
66 (46 76 47 93 12 42 37 39) (82 78 18 61) (28 99 65 48 63 44 32 70) (26 95 16) (71) (13 45 2 96) (66) (17) (60 75) (73 88) (36) (22 29) (64) (79 15 55 1 67 91) (24 52 85) (4 19 27 69 20 87) (30 21 58) (59) (54 6 98) (5 100) (43) (8 86 80) (14 68 57 74) (50) (49) (33 34 51 56) (25 97 77 40 53) (62) 
67 (87 62 49) (46 28) (67 97) (59 81 20 22 39 82) (9) (16) (93) (68 40 6 84 48 74 24 47) (90 23) (42 35 7 34 79) (14 37 3 99 31 73 89 55) (12 91 72) (92) (51 53 10) (58 32 11 64 2 69 43 33 30 25 61 1 29 27) (88 83 65 17 15 63 98) (8 4 78) (80) (21 38) (41) (18 86 54) (56) (75 85) 
68 (51 79 40 99 15 85 8 11) (30 91) (48 78 95) (24 18 42 68 27) (80) (14) (96 90 70 9) (64 3) (31 43 75) (1 66 47) (69) (94 84 56) (57) (37 26) (29 65 73) (2) (71 52) (54) (35 46) (16) (83 41 61 39 55 44 58) (21) (23) (67 63 7) (28) (36 88 72 92) (32) (33 59) (87) (81 76 5 13 53 6 45) (89 98 82 97 38 49 93) (74 20) (10) 
69 (94 23 34) (38 19) (33) (87 78 75 60 82) (5 7) (22) (90 39 28) (46 57) (89 100 62 68 69) (67 51 64 9) (50 91 70 66 99 11) (20 47 45 65 71) (44 41) (93) (52) (59 92) (43 81 42 4 14) (17 72) (12 55) (58 21 49 26 27) (40 86) (95) (84) (76 63 10 1 13) (54 24) (35) (85 31) (88 77) (73) (80) (16 18 48) (96 61 30) 
70 (24 2) (84 9) (94 40) (37 69) (80 19 87) (95) (6) (39 16 98 48 55) (63 93 35) (73 92 88) (58 45 1 57 28) (21 54) (74 99 50 97) (96 5 4 68 30) (81) (43) (46) (42 85 47 52 27 53) (49 13 76) (65 11 26 79 64 86 71) (78 75) (89 18) (12 29) (61 59 51 60 15) (44 83) (20 3 32 70 33) (90 8) 
71 (49) (70) (66) (31) (33) (65 13) (72 45 57) (39) (96 12) (32) (53) (59 58) (40) (76 48 50 24 36 4 75 60 88) (46) (78 87) (68 97 56) (93 91) (54) (85) (94 61 3 62) (7 2 26) (14) (81 79) (19) (28 47 63 44) (95) (20 10 100 25 84 42) (98 67 64) (5 52 55) (8 80) (27 17) (82 86 18 23 37 21 77 90 35 34) (11) (15 51) 
72 (90) (65) (96 19 87 63) (16) (50) (75) (5) (13 54 28 55 22) (82 95 46) (42) (99) (43 100) (81 62 84 15 51) (20 47 27 92 69) (48) (73 40 57) (74) (61 71) (31 77) (52) (39 9 98 41) (93 37) (32) (2 45) (83 3 8 11 30 4 85) (36 80) (35 88 67 68 60 24 14 21) (38) (70) 
73 (89) (51 80) (44 58) (97 42) (14 33 59) (67) (2 52) (82) (62) (81 85) (93) (24 92 15) (76) (64) (37 7 66 49 84) (28) (60 27) (87 1 12) (83) (8) (29 72 65 55 100 25) (77 21 56 50 40 9 38) (71 18 63) (3) (5 54) (23 36 74 30 45 39 26 6) (43 75 96 91 19 79 98) (4 22) (69 16) 
74 (90 7 54) (49 61) (44) (8 46) (18) (62 66 19 48 9) (12) (99 42 76 45 67) (17 56 94 13) (59 33 100 64) (57 30) (71) (1 35 79 91 55) (41 10 6 75) (38 20 43) (89) (47) (14) (24) (39 73 97 92) (53 27 70 74) (58 29 31 11 68 96 21 82 28 63 36 3) (72 60 83 16 4 40) (34) (5) (65) 
75 (72 56) (46 57 41 1) (9) (69) (73) (63) (76 81 66 70 26 65 32 77) (82 11) (55 94 49 13 74 53) (35) (50) (27 96 20) (95 83 21) (64 16 28) (51 88 14) (12 44 48) (40 79 18 98) (3) (71) (6) (10) (24 90 38 36 86) (7 31 47 4) (2) (80 58 39 45 17 23) (61 87) (5) (15 43 92 22) (78 97 25 52 93) 
76 (2) (77) (81 1 41 55 92 6) (71 53 18 8 91) (20) (5 73) (67) (51) (72) (74 38) (13) (39 62 44 100) (66 88 50 83 58) (33 57 95 46 24 34) (27 94) (78 86 47 32) (79 35) (36 31 63 97 45 40 89) (28 84) (80) (12 17 7) (54 75 21 26 19) (25 82) (61 43 98 99) (4) (87) (64 85) (16) (9 60 93 11) (76) (37 96) 
77 (99 92) (27 50) (78 84 25 16) (21 68 100 98) (95 24 29) (1 23) (43) (28 51 59 60 86) (48 94 93 33 90 19) (77) (13 17) (31) (2) (65) (14 34) (7) (32 83 3) (47 63) (76) (55) (82 22 6 35 75) (79) (71 26) (69) (88 80 5 67 57) (11) (20 87 72) (12) (15) (56) (73) (81 37) (36 8 40 66 45) (4) (74 41 62) (97 44 70) 
78 (35 8 26) (98) (57) (40) (22 37 27) (83) (78) (60 30) (70 12) (84 1) (24 68) (49) (67) (64) (15 50) (19 88 81 56 33) (5) (79 45) (89 66 91 18) (92 53 47 76 43 11) (85 36) (90 58) (69 32) (62) (48) (97 31) (10) (4) (59 13 34 21 3 73) (82 6 51) (74) (23 93 20) (41 54) (42) (2) (75) (100) (7 46 52) (14 71) 
79 (1) (83 76 74 36) (12 71 37) (53 42) (28) (52 66 2 32) (86 56) (94) (72 25) (60) (29) (55 51 30 17) (4 38) (5 80 67 63) (75 44 10) (41 31) (61 40 47) (57 79 62) (58) (48) (18) (6) (19) (64) (70 92) (3) (9) (91) (45) (96) (84) (24 69 15) (82) (8 85) (54) (14 78 89) (33) (97 100 99 13 43) (35 90 22 21) (49) (95 26 7 98) (16 88) (23) 
80 (61) (74 83) (71 32) (56 96) (46 13 27 31) (82 70) (60 45) (1) (19 94 93 77 75 57) (49 21 55 29) (22 51 78 8) (85 97 20) (44) (34) (86 36) (80) (67 50 53 89 69) (5) (48) (98 41 11) (18 2) (14) (100) (25 92) (38 64) (79) (72 37 65) (12) (42 87 91 47 17 4 16) (66) (9 58 52) (26 62 10 30) (3 33) (99) (68) (15) 
81 (56 38 27) (2 55 21 16 63 64 1 76 46) (95) (69 44) (5 57 75) (94) (53 50 19) (8) (35 17 6 49 41 79) (92 47 48 68 22 81 90) (73) (58) (85) (28) (7 67) (18) (43 70) (82 12 33) (25) (20 61 100) (88 83) (62 54) (3) (15 40 97 86 60 24 29) (59 4) (51 9) (45) (98 23) (74) (72 13 31 14) (80) (66) 
82 (23) (9 70 41) (59 13 34 62) (10 32) (51 66) (93 17) (91) (47) (86 15 99) (97) (63) (85) (65) (96 52 27) (49 14 83) (48) (92) (77) (26) (24) (40 61) (55 72 5) (3 8 80 45 67) (31 71 84 7) (25 29 30) (68 43) (21 100 28) (44 20) (53 42 1 98 90) (75 37 18 87 54 73) (2) (58 57 22 6 76 79 78) (64) (4) (36 88 89 74) (19) 
83 (36 42) (29 10) (30 64) (33 50) (2) (71 54 92) (83) (57 76 95) (66 59 44) (78) (98 3 24) (25 79 17 87 9 18 4 52 56 100) (99) (81) (43 90) (35) (77) (20 61 31 16) (26 1) (85 68 5) (55) (53 12 67) (13) (51 93) (97 84) (45 86 62 96 70 65) (88) (91) (69 37) (41) (6) (58) (38) (32 72 82 7) (15 73) (28) 
84 (23 60 37) (83 50) (91 32 66) (31) (99 92) (43) (38 87) (12 74) (24 86) (98) (96 90 33) (82 49) (80 36 39) (56) (81) (11) (5) (46) (67 34) (95 40) (45) (15) (21 76 8) (72) (79 71 55 93 19 58) (77 13) (30) (84 85 62) (41) (18 44) (1 97 52) (59) (9 75) (25 28 16 3) (6 89) (68) (69) (20) (27) (14) (42 4 7 54 47) (100) (10) (73) (78) 
85 (55 19) (100 68 46) (50) (86) (40 28) (15 18 52 75 81 98 99 88 70 9 93 4) (61) (58 35) (10 94) (38 7) (11) (62) (6 31) (78 91 85 27 76) (59) (56 53 17 71) (13 95) (77) (51 57 32 22) (25) (23) (96) (72) (8 49 34 64) (45) (20 65) (1 43) (16) (82 2) (39 47 21) (69) (41 66 74 97) (44 5) (80 24) 
86 (91) (21 17 52 84 76 99 78) (64 80 81) (75) (13 86) (12) (56 95) (65 24) (100 41 49) (28 45 53 44 18) (66 31 11) (94 37) (46) (34 6 82) (32 3 40 89 23 72 8 71) (33) (47) (4 92 63 50 54 55) (36 67 77 97) (20 7) (58 16 83) (74) (25) (26 88 98 15 93 73 42) (10) (43) (22 85) (19) (5 51 38) (61) 
87 (20 10) (64) (62 40 45 80 91) (43) (69) (74 6 82 51 81 70 26) (32 76) (98 67) (3) (95) (55 14) (33) (79 36 90 34 75) (15) (72 19) (71 28 53) (93) (50) (68) (99 29) (25) (87) (58) (46 7 44) (41) (85) (83) (39) (56) (24) (97) (84) (92 23 57 11) (78 17) (27 8 31 89) (73) (4 52 100) (35 18 63) (16) (47) (60 2) (22 77) (59 61) 
88 (43) (71 62 95 52) (81) (3) (31) (73 7 67 22 82) (96) (88 78) (41 47) (63 39 32 84 48) (27 57 60 38 49 66 10 12) (11 2 28 76 14 90) (40 4) (99 42) (86) (45) (13 61) (58 30) (34 79 68 87 51 97 18) (24) (83 53) (100 80) (8 23 91) (15 37 98) (26 5 89 16 56 65) (75) (70 92) (17 33) (46) 
89 (62 94 48 97) (58) (77) (80) (67 12 8) (65 7 55) (37 45 43) (71) (88 87) (49 79) (4 100 1 63 59 38 90 44 76) (14) (52) (78 91 89 20 98) (36) (29 61) (13) (31) (93) (10 18) (85 2 46 21 56) (6) (57 25) (39 75 24 66 28) (32 11 30) (73) (35 33) (16) (3) (47 53) (95 64 83 54) (5 51) (99 17 82 86 15) (19 74) 
90 (85) (71) (99 27) (40 28 97 58) (45 90) (63) (3 48 51) (41 78 14) (60) (35 55 6) (33 30 21 75 64 42) (32) (54 20) (11 96 94) (29) (43 82) (98 10 19) (61 52 38 8 92 23) (72 17) (100 57 56) (69 16 44 24) (84 49) (73 13 91 83 67 18) (1) (31 25) (70) (87 88) (46) (74 62) (89 34 5 59) (66) (53) (7) (2 36) (76 65) 
91 (24 61 12 17 62 1) (51 56) (2) (15) (8 58) (37 21) (83 44) (25 36 80 23 26) (7 43) (79) (92 31 66) (57) (18 42) (38) (74) (45 33 88 99) (34 54 82) (9 55 85) (48 29 40) (96 30 94 6 71) (87) (4 67 64 50 95) (28 77) (70) (65) (68) (72) (78) (22 52) (75 98) (76 19) (97 53) (20) (27 13) 
92 (56 28 25) (81 75 46) (86) (21 94 49) (15 83 58) (67 62 52 79 66 93 54) (19 2 95) (30) (43 48 87 23) (26) (71 6 99) (73 76 68) (63 36) (72 4 74) (3 82 11 55 31 65 91) (77 29) (34) (61) (9 100 64 69 1 7) (97) (5 51) (27 50 42) (20 40 35) (39 37) (98 10) (57 38 47 70) (33 59 18 22 78 89) 
93 (82 94) (12) (91 84 13 4 36) (31) (57 76) (70 56 96 69 97 99) (71 54) (37 61) (48 81 27) (60 86 53 29 7 33) (11) (24) (67 51 49 16) (44 73) (42) (17 5 46) (19 21 6 1 9) (45 85 92) (39) (26 74) (38 90 30) (68 32 41 52) (88 43) (77 93 59) (34) (62 23 63) (28 15 79 8 89 18 66 75 100 50 47) 
94 (61 90 69) (86 21) (10) (1) (24 48 98 96 93) (53) (49 25 75 72 94 73 89) (68 47) (18 82 42 99) (32 76 20) (9 87) (11 39 15 36 66) (22 95 8) (71) (58 65) (74) (27 50 38 40 31) (29 46) (59) (97 91) (54 30 16 23) (4) (19 57) (33) (92 6) (3 12 88 7 17) (84) (80) (100 79) (85) (45 77 51 37 35 78) 
95 (44 30 32 13 19) (80) (75 17 4) (39) (6 60 1 85 95) (82) (59 84) (23) (73 87 25 98) (81) (92) (77 49 34) (12 64 88) (83 69 40) (79 62 91 51 78 53 74) (63 21 90) (52) (61 97 33 14) (56 36 66 27) (54) (93 100 8 18 9 67 47 22 46) (72 29 24) (26) (10 15 2) (37 11 38 89) (16 71 96 48) 
96 (87 78 63 55) (67) (61) (18) (32 15 14 71) (94) (90) (48 45 17 37) (89 88) (79) (81 96 92) (30) (75) (7 58 9 46) (47 80) (65) (97 20) (84 39) (2) (50 49) (56 41) (66) (33 4 42 95 73 62) (6 91) (3 26 100 1) (5) (31 85) (22 24) (72) (69 29 28 64) (27 98) (40 68) (57 13) (11) (51) (43) (53 59) (77) (38) (36) (99 54 44) 
97 (38) (6 85 94) (53) (12 35 62) (73) (45 95) (32 97 13 50 100 75) (33 2 26 49 48) (34 41 77 15 82) (24) (28 16) (63 17 27 86 43 91 87 71 36 64 89 19 51) (58 44 69) (30 99) (1 21 61) (70) (14 56) (96 22) (60) (31 81 9) (10) (5) (74) (23 40 80 11 42 29) (7) (79 20 65 3 66 39 55 72) (25 68 78) 
98 (20) (92 62 23) (77) (10 93 81) (100 67 39) (46) (76) (42 58) (60 17) (48) (40 47 56 11) (31 66 57 79 82 35 29 2 37 99 61 22 7 55 97 73 89) (83) (9) (68 70 8) (38) (36 69 45 74 96 1 15 95) (24) (54) (26) (63 30 28 87) (52 21) (75 27 19 80 43) (5 32 59 50) (25) (72 86 49 18 41) 
99 (24 36) (58 37) (87 30) (38) (78 43) (14) (25) (90) (13 6) (27) (46 42 71) (18 7 12 17 70) (45 82 64) (28 3) (59) (95) (66) (92 2 62) (67 19 52 21 94 88 33) (75 4) (98 11 50) (73 41) (68 86 74) (47 85) (96 72) (40) (34 65 44 1) (22 77) (79 9 51) (31 56) (16 89) (83) (53 100) (32 91 57 84) (29 35 60) 
100 (39) (59) (7 52) (13 94 14 45 28) (71) (66) (93) (78 9) (12) (26) (47 4) (86 69 54) (23 56 68 40 36 33 17 99 53 77 35) (83 27 38) (81 50 60 46 29 22 95 96) (89) (80 6) (3) (5 18) (34) (25 44 64) (97) (85) (42 75 20) (98 73 88 76) (30 61 63 84 31 87) (62 100 1 70 21) (58 90 8) 
1 (44) (67) (34) (81) (31) (93) (22) (89) (53) (75) (73) (69) (64) (96) (12) (6) (59) (26) (4) (97) (2) (43) (57) (32) (90) (3) (74) (41 76 8) (82 52) (25) (11) (29 63) (58 68 77 61 85) (60) (80) (91 18 20) (30 98) (16) (79 92) (66 78) (5 37) (94 100 24 13 99) (36 55 51) (62 83) (10 95 23) (47 54 19 40 17 84) (35 28) (70) (42 65) 
2 (67) (39) (85) (79) (92) (73) (12) (66) (35) (38) (7) (54) (36) (96) (11) (90) (72) (83) (25) (52) (31) (60) (53) (28) (65) (80) (9) (81) (62) (70) (87) (48) (10) (57) (1) (18) (27) (88) (46) (33) (64) (71) (45) (3) (77) (89) (61) (51) (78) (63 68) (24 41 32 99 76 20 2 13) (22) (6 42 91 26 14 56 29 49 5) (44) (75 4 23 98) (8 95) (82) (59) (50 97) (58) (15 30 43) (17 47) (34) 
3 (78) (79) (99) (43) (49) (25) (74) (31) (86) (55) (1) (38) (62) (82) (72) (97) (5) (8) (54) (83) (17) (18) (47) (46) (9) (73) (48) (53) (40) (42) (96) (23) (77) (57) (14) (29) (22) (24) (10) (68) (4) (80) (32) (16) (2) (26) (63) (37) (92) (36) (7) (87) (67) (75) (60) (33) (12) (81) (13) (51) (20) (88) (44) (21) (27 90 39 84 11) (94 70 71 3 89 15) (100) (61) (45) (41) 
4 (55) (16) (100) (78) (25) (30) (63) (38) (52) (89) (41) (33) (46) (94) (49) (7) (60) (84) (70) (66) (95) (28) (3) (44) (53) (88) (72) (14) (18) (59) (13) (48) (31) (86) (65) (67) (71) (50) (85) (1) (32) (93) (21) (24) (80) (57) (37) (15) (81) (17) (4) (10) (73) (77) (91) (43) (22) (79) (34) (35) (8) (82) (19) (69) (96) (12) (74) (39) (92) (62) (76 9) (56) (40 87 26 5) (20) (23) (99) (58 61 83) (2 75) (27) 
5 (90) (24) (86) (96) (62) (32) (85) (89) (68) (77) (100) (44) (36) (1) (49) (33) (21) (39) (65) (50) (60) (31) (23) (5) (14) (35) (55) (93) (53) (20) (70) (82) (76) (17) (81) (48) (73) (66) (88) (92) (46) (9) (80) (78) (63) (98) (83) (57) (11) (84) (79) (2) (58) (71) (74) (6) (54) (4) (72) (64) (25) (10) (28) (75) (12) (34) (41) (51) (47) (37) (97) (42) (13) (27) (69) (26) (43) 
6 (58) (29) (85) (19) (40) (30) (59) (97) (100) (5) (91) (65) (77) (44) (82) (3) (49) (62) (12) (94) (21) (74) (23) (96) (39) (84) (31) (33) (89) (66) (24) (70) (99) (11) (36) (92) (51) (14) (64) (38) (37) (63) (68) (25) (73) (81) (54) (27) (87) (90) (20) (22) (15) (9) (67) (1) (79) (61) (83) (6) (18) (50) (8) (76) (95) (78) (93) (13) (4) (48) (35) (55) (34) (86) (10) (17) (47) (75) (46) (42) 
7 (40) (30) (74) (86) (39) (4) (89) (60) (98) (42) (63) (51) (84) (22) (9) (81) (58) (36) (73) (91) (71) (17) (92) (27) (67) (82) (47) (68) (79) (93) (34) (94) (32) (35) (14) (87) (31) (88) (45) (56) (62) (90) (78) (8) (64) (65) (69) (19) (1) (3) (20) (59) (75) (23) (53) (83) (16) (12) (76) (25) (44) (77) (100) (99) (43) (54) (6) (15) (97) (5) (2) (29) (41) (21) (96) (85) 
8 (64) (80) (37) (87) (74) (11) (85) (88) (50) (51) (59) (17) (4) (1) (27) (36) (31) (55) (62) (53) (20) (52) (26) (39) (13) (24) (16) (90) (15) (67) (3) (56) (68) (46) (28) (30) (45) (7) (33) (73) (72) (76) (29) (77) (70) (71) (86) (82) (81) (18) (32) (84) (44) (63) (35) (9) (19) (42) (100) (40) (14) (91) (61) (98) (79) (89) (54) (93) (47) (2) (48) (10) (12) (41) (66) (43) (58) (22) (21) (78) (57) (95) (38 34) (94 5) 
9 (53) (45) (72) (10) (48) (95) (4) (18) (50) (65) (1) (28) (73) (25) (100) (38) (42) (98) (82) (32) (5) (26) (92) (75) (40) (19) (97) (84) (6) (37) (80) (62) (47) (54) (83) (46) (44) (17) (96) (51) (14) (7) (99) (81) (12) (94) (2) (3) (76) (13) (35) (15) (52) (31) (74) (93) (79) (36) (61) (91) (33) (56) (23) (55) (34) (85) (39) (68) (57) (69) (21) (11) (67) (29) (58) (70) (41) (9) 
10 (18) (4) (7) (90) (61) (51) (17) (87) (34) (26) (94) (10) (46) (32) (92) (98) (83) (5) (38) (67) (82) (15) (88) (28) (86) (89) (80) (43) (47) (68) (2) (3) (62) (48) (78) (57) (21) (24) (36) (9) (42) (55) (37) (13) (16) (53) (71) (58) (59) (41) (95) (49) (31) (29) (44) (69) (6) (79) (25) (1) (11) (75) (85) (56) (64) (39) (97) (45) (84) (74) (23) (50) 
11 (85) (77) (31) (32) (26) (96) (89) (35) (37) (95) (2) (56) (4) (28) (29) (58) (74) (5) (71) (55) (34) (52) (60) (90) (17) (59) (61) (22) (92) (18) (88) (39) (70) (8) (99) (93) (87) (41) (78) (80) (16) (51) (1) (50) (3) (11) (64) (76) (69) (15) (68) (38) (98) (97) (49) (53) (36) (40) (72) (19) (33) (24) (6) (84) (57) (65) (67) (43) (62) (54) (63) (86) (94) (7) (75) (47) (13) (42) 
12 (67) (77) (40) (89) (78) (16) (95) (53) (33) (46) (86) (30) (24) (14) (61) (64) (71) (19) (57) (9) (23) (60) (80) (11) (59) (66) (44) (88) (73) (32) (74) (20) (54) (56) (3) (81) (36) (1) (22) (91) (69) (7) (48) (83) (12) (65) (35) (70) (100) (13) (84) (55) (17) (50) (2) (5) (93) (37) (6) (15) (94) (99) (43) (39) (97) (47) (76) (21) (49) (25) (8) (79) (27) (75) (42) (31) (41) (34) (29) 
13 (83) (14) (10) (11) (51) (32) (79) (90) (81) (30) (72) (48) (2) (99) (65) (80) (40) (23) (63) (34) (52) (53) (61) (8) (97) (75) (4) (50) (33) (9) (19) (82) (57) (25) (29) (37) (85) (13) (56) (45) (91) (74) (89) (28) (96) (26) (47) (42) (86) (27) (1) (93) (15) (12) (3) (88) (100) (95) (39) (70) (84) (69) (76) (78) (6) (71) (16) (18) (24) (68) (59) (77) (54) (66) (22) (49) 
14 (78) (6) (48) (69) (100) (79) (25) (64) (5) (11) (27) (22) (29) (96) (14) (28) (26) (55) (59) (71) (49) (39) (99) (95) (84) (23) (56) (77) (42) (8) (58) (43) (74) (63) (65) (57) (88) (24) (45) (47) (61) (62) (82) (3) (33) (72) (35) (52) (19) (80) (32) (31) (44) (75) (54) (16) (89) (67) (10) (1) (66) (90) (68) (7) (81) (87) (97) (53) (41) (73) (38) (4) 
15 (73) (30) (50) (79) (12) (65) (93) (7) (43) (26) (70) (14) (17) (1) (9) (80) (20) (46) (23) (51) (81) (86) (47) (83) (37) (18) (58) (40) (78) (55) (85) (13) (6) (19) (66) (97) (4) (39) (95) (77) (34) (36) (27) (68) (92) (29) (84) (31) (38) (5) (10) (75) (21) (88) (91) (52) (71) (82) (60) (24) (64) (67) (16) (94) (22) (54) (89) (3) (96) (62) (53) (87) (98) (72) (33) 
16 (70) (26) (25) (4) (97) (99) (66) (1) (89) (44) (10) (30) (32) (42) (60) (21) (61) (68) (73) (27) (63) (65) (75) (40) (62) (12) (49) (79) (20) (94) (24) (39) (18) (11) (29) (72) (8) (15) (28) (87) (52) (50) (69) (22) (16) (57) (34) (85) (43) (35) (77) (7) (90) (51) (38) (56) (13) (84) (19) (3) (9) (93) (5) (64) (14) (86) (36) (37) (76) (31) (55) (23) (67) (83) (88) (46) (74) (81) (48) (41) (80) (95) 
17 (29) (79) (74) (5) (15) (80) (99) (47) (36) (49) (20) (9) (52) (95) (45) (67) (40) (27) (76) (59) (25) (44) (96) (83) (93) (32) (88) (21) (97) (61) (60) (75) (7) (30) (82) (28) (26) (86) (8) (43) (38) (94) (87) (69) (54) (10) (39) (81) (71) (89) (90) (2) (50) (12) (55) (13) (18) (19) (98) (6) (3) (37) (66) (65) (63) (91) (14) (31) (77) (51) (100) (34) (62) (4) (85) 
18 (62) (88) (35) (83) (32) (100) (89) (41) (79) (86) (19) (81) (53) (96) (30) (68) (92) (40) (37) (22) (18) (15) (21) (46) (99) (70) (6) (43) (33) (14) (94) (1) (64) (85) (98) (8) (25) (54) (49) (56) (3) (38) (42) (82) (95) (10) (36) (60) (74) (80) (17) (45) (69) (47) (75) (93) (87) (91) (7) (20) (39) (9) (65) (78) (16) (63) (71) (24) (28) (57) (4) (31) (66) (90) (55) (59) (67) (73) (48) (61) (76) (84) 
19 (79) (4) (48) (72) (91) (51) (77) (16) (31) (1) (89) (59) (93) (62) (99) (29) (60) (20) (5) (18) (46) (78) (19) (44) (71) (84) (53) (74) (73) (98) (47) (81) (26) (90) (94) (11) (82) (9) (66) (87) (63) (28) (39) (43) (92) (70) (34) (30) (55) (40) (49) (56) (97) (32) (65) (69) (35) (14) (57) (45) (58) (95) (2) (64) (41) (42) (76) (23) (80) (54) (22) (17) (13) (12) (24) (50) (85) (86) 
20 (54) (26) (10) (76) (35) (66) (57) (74) (28) (13) (72) (83) (15) (31) (86) (67) (50) (84) (40) (87) (92) (65) (70) (42) (25) (36) (47) (33) (53) (21) (61) (43) (27) (41) (75) (81) (48) (82) (32) (69) (38) (98) (58) (89) (4) (94) (19) (20) (90) (77) (2) (44) (34) (11) (80) (39) (51) (64) (100) (6) (12) (78) (46) (37) (24) (68) (14) (91) (1) (60) (85) (55) (23) (96) (17) (97) (71) (3) (56) (16) 
21 (54) (12) (28) (76) (49) (92) (44) (42) (77) (56) (43) (73) (13) (29) (25) (31) (22) (69) (82) (75) (36) (26) (100) (95) (85) (47) (98) (91) (14) (50) (89) (79) (24) (64) (58) (66) (51) (17) (39) (38) (97) (62) (6) (71) (30) (10) (15) (90) (93) (37) (23) (55) (21) (81) (4) (63) (41) (34) (18) (33) (3) (20) (78) (2) (84) (35) (19) (67) (45) (46) (60) (68) (99) (72) (40) (94) (1) (80) (86) (32) (74) (70) 
22 (29) (20) (87) (8) (69) (11) (47) (4) (86) (66) (67) (30) (77) (63) (17) (1) (16) (3) (35) (28) (81) (40) (51) (24) (91) (100) (21) (96) (45) (19) (98) (34) (5) (88) (23) (37) (12) (9) (61) (52) (78) (97) (72) (22) (46) (73) (49) (62) (32) (41) (54) (13) (14) (75) (94) (57) (50) (64) (56) (27) (60) (39) (48) (31) (43) (82) (85) (92) (55) (38) (80) (79) (26) (15) (18) (95) (58) (99) 
23 (7) (77) (18) (9) (37) (32) (54) (50) (31) (73) (75) (20) (69) (39) (2) (45) (22) (55) (13) (61) (35) (91) (14) (97) (67) (51) (98) (94) (65) (28) (1) (78) (10) (79) (90) (85) (92) (86) (46) (52) (95) (30) (71) (11) (8) (93) (81) (56) (6) (26) (27) (41) (68) (57) (43) (34) (84) (88) (100) (23) (44) (40) (25) (24) (64) (53) (15) (33) (87) (59) (48) (21) (16) (19) (49) (82) (47) (63) 
24 (54) (75) (1) (76) (16) (3) (12) (23) (94) (13) (58) (73) (70) (91) (88) (95) (64) (67) (84) (27) (59) (90) (51) (83) (96) (93) (97) (34) (69) (20) (68) (85) (66) (9) (53) (5) (40) (55) (87) (42) (79) (29) (19) (28) (38) (2) (89) (78) (71) (99) (32) (14) (86) (21) (77) (63) (35) (46) (98) (7) (30) (82) (47) (26) (36) (81) (60) (37) (31) (25) (74) (44) (39) (72) (10) (49) (17) (52) 
25 (34) (79) (25) (8) (92) (41) (58) (29) (3) (57) (28) (27) (52) (66) (77) (12) (67) (63) (5) (40) (90) (64) (14) (55) (59) (49) (44) (31) (94) (97) (54) (42) (15) (33) (39) (65) (7) (62) (84) (81) (4) (51) (50) (21) (20) (36) (23) (76) (89) (22) (100) (18) (9) (80) (17) (71) (60) (85) (48) (82) (87) (6) (75) (24) (98) (1) (43) (83) (99) (73) (91) (2) (53) (45) (86) (32) (26) (95) 
26 (3) (22) (86) (8) (19) (63) (79) (62) (49) (10) (24) (20) (75) (16) (39) (29) (17) (38) (82) (54) (88) (76) (69) (48) (14) (42) (44) (31) (53) (61) (52) (92) (65) (71) (40) (59) (56) (15) (60) (50) (96) (1) (57) (28) (78) (91) (87) (100) (34) (73) (98) (12) (11) (46) (58) (66) (5) (35) (21) (13) (7) (70) (68) (37) (83) (6) (26) (36) (77) (45) (23) (4) (43) (33) (93) (41) (97) (27) (95) (30) (80) (47) 
27 (45) (30) (84) (36) (93) (60) (100) (81) (90) (3) (25) (6) (97) (92) (74) (19) (75) (47) (69) (51) (58) (31) (78) (76) (33) (80) (14) (55) (43) (57) (54) (26) (77) (22) (88) (63) (70) (20) (9) (94) (18) (49) (27) (64) (8) (91) (11) (50) (73) (1) (32) (68) (53) (65) (82) (48) (96) (67) (46) (37) (28) (17) (15) (98) (41) (10) (72) (66) (16) (39) (85) (87) (12) (42) (71) (5) (2) (59) (95) (99) 
28 (60) (63) (64) (18) (14) (65) (93) (36) (15) (21) (24) (43) (82) (88) (89) (69) (37) (67) (19) (58) (68) (1) (35) (13) (40) (98) (71) (7) (34) (38) (53) (12) (57) (75) (8) (3) (87) (4) (10) (84) (6) (46) (77) (54) (45) (90) (86) (97) (29) (74) (61) (31) (28) (66) (72) (52) (2) (100) (16) (79) (73) (48) (49) (47) (70) (83) (44) (9) (96) (33) (99) (25) (30) (81) (27) (23) (56) (76) (92) (91) (11) (50) (85) 
29 (15) (58) (61) (99) (64) (6) (46) (18) (51) (52) (79) (50) (32) (89) (94) (9) (35) (2) (31) (29) (14) (87) (73) (100) (45) (54) (28) (90) (98) (81) (24) (92) (66) (38) (96) (20) (47) (55) (27) (12) (7) (91) (1) (62) (82) (77) (39) (40) (30) (56) (16) (34) (36) (25) (37) (95) (59) (44) (67) (17) (80) (93) (41) (74) (10) (26) (68) (97) (83) (53) (3) (19) (5) (63) (70) (33) (11) 
30 (43) (20) (27) (82) (45) (35) (66) (93) (70) (1) (95) (33) (16) (8) (91) (64) (39) (32) (96) (44) (79) (88) (25) (53) (65) (92) (36) (23) (80) (78) (37) (61) (17) (47) (69) (67) (68) (54) (90) (15) (50) (83) (63) (28) (12) (48) (29) (84) (97) (56) (30) (52) (73) (21) (72) (18) (4) (59) (89) (13) (40) (60) (98) (11) (41) (46) (6) (74) (10) (100) (58) (3) (26) (31) (99) (94) (24) 
31 (87) (46) (42) (21) (53) (25) (74) (77) (44) (91) (15) (55) (61) (23) (64) (19) (14) (59) (9) (56) (37) (10) (40) (51) (52) (29) (71) (67) (3) (81) (85) (75) (36) (84) (82) (30) (18) (97) (80) (62) (7) (4) (22) (35) (79) (33) (96) (43) (48) (54) (11) (99) (94) (90) (76) (16) (28) (8) (32) (72) (58) (100) (5) (27) (98) (49) (2) (47) (31) (69) (92) (93) (50) (45) (78) (86) (17) (83) (65) (20) (63) (26) (88) (1 68) (39 89) 
32 (59) (24) (62) (36) (27) (52) (8) (70) (31) (50) (22) (35) (20) (86) (56) (88) (75) (95) (84) (99) (16) (83) (97) (12) (64) (43) (87) (55) (28) (38) (40) (5) (71) (47) (72) (98) (93) (54) (3) (96) (34) (94) (85) (80) (89) (68) (82) (79) (49) (15) (90) (42) (30) (48) (29) (39) (60) (10) (41) (45) (61) (78) (11) (17) (67) (14) (57) (58) (66) (76) (9) (23) (33) (4) (7) (6) (77) (51) 
33 (63) (52) (45) (4) (58) (64) (92) (94) (83) (86) (6) (24) (34) (20) (77) (14) (38) (12) (40) (22) (37) (70) (99) (7) (59) (74) (32) (73) (90) (30) (33) (87) (41) (27) (79) (97) (26) (17) (67) (19) (80) (1) (36) (16) (9) (13) (54) (50) (15) (2) (84) (47) (21) (91) (18) (71) (8) (100) (93) (62) (51) (96) (88) (11) (49) (95) (65) (53) (66) (69) (60) (55) (29) (3) (23) (89) (68) (44) (81) (78) (56) (31) (35) (39) (76) 
34 (11) (17) (40) (42) (28) (95) (77) (24) (1) (10) (64) (19) (7) (36) (35) (61) (26) (47) (23) (20) (62) (88) (49) (43) (92) (2) (48) (86) (29) (76) (8) (12) (45) (91) (3) (82) (41) (59) (63) (34) (21) (99) (87) (93) (4) (65) (18) (69) (32) (78) (5) (84) (85) (39) (58) (16) (13) (9) (54) (71) (27) (56) (53) (25) (90) (31) (57) (100) (37) (66) (67) (22) (52) (6) (97) (80) (74) 
35 (89) (61) (69) (27) (8) (44) (57) (62) (42) (18) (11) (37) (46) (6) (9) (75) (63) (31) (2) (3) (92) (50) (100) (71) (28) (25) (38) (40) (70) (15) (77) (34) (43) (7) (36) (22) (5) (12) (90) (16) (58) (72) (10) (76) (97) (51) (81) (17) (54) (79) (35) (78) (74) (67) (33) (26) (85) (39) (1) (30) (83) (4) (59) (45) (19) (21) (48) (52) (65) (98) (56) (20) (55) (64) (41) (94) (87) (68) (13) (99) (32) 
36 (10) (45) (40) (59) (49) (97) (34) (89) (53) (82) (21) (7) (76) (47) (2) (26) (58) (24) (22) (33) (4) (11) (38) (77) (55) (80) (41) (6) (68) (95) (46) (87) (99) (20) (43) (23) (16) (90) (5) (61) (60) (44) (8) (65) (91) (42) (83) (71) (18) (79) (73) (84) (27) (72) (64) (66) (78) (86) (96) (74) (92) (50) (1) (48) (12) (30) (13) (17) (94) (39) (15) (75) (56) (54) (25) (100) (52) (36) (9) (35) (98) (19) (3) (93) 
37 (83) (88) (30) (43) (80) (40) (98) (39) (12) (55) (82) (62) (73) (57) (95) (3) (20) (16) (29) (77) (47) (84) (23) (19) (68) (96) (27) (92) (15) (17) (2) (78) (44) (70) (58) (38) (94) (61) (51) (86) (32) (91) (65) (72) (10) (89) (66) (13) (52) (26) (99) (53) (41) (59) (63) (35) (71) (49) (45) (11) (24) (34) (9) (60) (42) (93) (5) (67) (46) (79) (14) (6) (56) (8) (25) (76) (18) (7) (22) 
38 (48) (85) (14) (24) (8) (75) (69) (3) (7) (42) (59) (57) (95) (99) (45) (63) (94) (17) (33) (83) (74) (61) (25) (73) (67) (21) (64) (53) (68) (88) (2) (18) (58) (32) (44) (100) (41) (4) (84) (9) (98) (35) (40) (65) (12) (23) (86) (11) (5) (97) (72) (80) (90) (96) (43) (52) (38) (22) (13) (1) (51) (47) (19) (34) (79) (92) (81) (93) (55) (50) (91) (76) (89) (46) (6) (15) (37) 
39 (41) (72) (26) (60) (76) (37) (17) (42) (6) (22) (100) (74) (18) (61) (59) (97) (48) (44) (15) (51) (62) (66) (40) (70) (85) (68) (33) (71) (2) (87) (36) (35) (24) (5) (3) (75) (88) (46) (73) (58) (89) (93) (4) (98) (65) (21) (52) (96) (54) (49) (94) (92) (47) (31) (56) (25) (28) (23) (50) (9) (84) (20) (16) (45) (19) (43) (7) (1) (30) (67) (39) (63) (95) (69) 
40 (45) (3) (75) (55) (39) (25) (41) (50) (2) (76) (62) (5) (81) (47) (11) (23) (78) (26) (52) (71) (57) (21) (46) (48) (63) (35) (64) (99) (54) (72) (58) (86) (92) (53) (22) (84) (32) (14) (77) (97) (73) (16) (70) (18) (100) (90) (29) (44) (61) (24) (74) (69) (15) (56) (65) (27) (79) (31) (87) (68) (6) (96) (12) (88) (7) (49) (1) (94) (4) (36) (91) (43) (42) (82) (30) (95) (60) (59) (98) (8) (85) (37) (17) (66) (34) (13) (9 67 20) 
41 (51) (47) (5) (15) (40) (43) (64) (90) (50) (81) (2) (19) (27) (83) (25) (21) (85) (80) (12) (20) (11) (77) (59) (72) (54) (28) (23) (56) (18) (9) (44) (22) (98) (62) (7) (8) (97) (10) (76) (45) (46) (4) (84) (86) (68) (13) (67) (49) (57) (61) (75) (69) (34) (99) (26) (53) (93) (74) (24) (17) (48) (1) (87) (78) (36) (88) (58) (37) (33) (3) (38) (42) (31) (82) (79) (32) (96) 
42 (60) (90) (18) (70) (65) (48) (13) (31) (55) (43) (47) (94) (59) (24) (22) (38) (54) (29) (34) (93) (41) (33) (9) (64) (62) (69) (10) (96) (100) (42) (16) (83) (68) (14) (56) (82) (50) (28) (97) (73) (52) (99) (71) (8) (53) (79) (92) (5) (80) (98) (3) (78) (49) (40) (74) (32) (63) (21) (51) (7) (45) (37) (2) (66) (39) (25) (88) (91) (46) (15) (84) (61) (19) (72) (20) (58) (11) (23) (86) (67) (12) (44) (30) 
43 (74) (49) (13) (38) (78) (17) (15) (90) (66) (99) (57) (97) (60) (79) (6) (87) (98) (56) (68) (89) (59) (5) (47) (24) (37) (92) (44) (29) (83) (46) (36) (73) (69) (25) (67) (63) (18) (81) (2) (7) (26) (70) (64) (9) (61) (39) (42) (53) (12) (91) (33) (55) (86) (93) (85) (58) (35) (34) (30) (88) (1) (72) (54) (76) (14) (4) (84) (40) (21) (50) (28) (82) (10) (77) (45) (23) (75) (96) (27) (8) (19) (65) 
44 (69) (100) (66) (91) (32) (25) (2) (93) (99) (46) (56) (51) (68) (97) (75) (60) (57) (89) (5) (36) (11) (62) (54) (13) (59) (7) (33) (81) (80) (82) (84) (64) (17) (29) (44) (61) (83) (34) (30) (70) (79) (73) (47) (10) (76) (1) (96) (52) (53) (58) (31) (37) (21) (86) (74) (85) (28) (40) (50) (22) (24) (23) (95) (48) (55) (77) (15) (90) (39) (45) (38) (3) (20) (27) (12) (35) (71) (87) (43) (9) 
45 (20) (82) (42) (54) (48) (29) (59) (90) (98) (74) (80) (41) (22) (16) (81) (53) (23) (11) (94) (50) (99) (89) (5) (72) (3) (55) (17) (2) (63) (36) (93) (56) (44) (6) (46) (30) (32) (87) (61) (85) (21) (86) (88) (18) (8) (68) (33) (39) (35) (19) (51) (45) (57) (66) (65) (62) (84) (91) (31) (76) (49) (58) (12) (27) (14) (70) (77) (47) (24) (78) (73) (79) (37) (69) (43) (100) (96) (83) (25) (28) (10) (60) (71) (97) (7) (75) 
46 (66) (7) (24) (18) (42) (61) (32) (35) (92) (17) (31) (36) (81) (98) (49) (67) (58) (52) (85) (74) (43) (75) (80) (60) (27) (76) (57) (71) (37) (22) (93) (54) (28) (44) (16) (2) (65) (9) (89) (6) (68) (62) (100) (34) (20) (99) (14) (88) (87) (53) (23) (69) (84) (8) (40) (94) (72) (25) (90) (1) (41) (19) (46) (30) (21) (78) (55) (56) (95) (59) (70) (38) (50) (4) (51) (13) (96) (86) (64) (10) (3) 
47 (54) (36) (43) (40) (51) (46) (78) (6) (58) (96) (65) (56) (29) (64) (10) (63) (75) (53) (3) (11) (98) (8) (67) (80) (21) (99) (85) (42) (17) (72) (13) (81) (82) (26) (23) (9) (22) (12) (57) (49) (77) (100) (37) (4) (79) (74) (68) (66) (33) (25) (44) (45) (69) (92) (61) (87) (2) (20) (60) (30) (24) (16) (86) (50) (38) (76) (84) (70) (7) (14) (39) (15) (34) (35) (93) (71) (95) (89) (18) (32) (47) (88) (27) (62) (55) (94) (59) 
48 (4) (13) (10) (51) (1) (6) (42) (14) (57) (16) (94) (93) (95) (11) (60) (54) (17) (82) (64) (46) (19) (91) (90) (2) (80) (67) (61) (24) (79) (39) (77) (72) (55) (26) (70) (96) (21) (56) (66) (75) (12) (47) (27) (20) (88) (71) (30) (23) (62) (32) (9) (33) (69) (68) (49) (37) (25) (22) (63) (40) (74) (31) (65) (92) (34) (36) (89) (35) (3) (97) (81) (50) (53) (78) (98) 
49 (19) (42) (46) (11) (23) (10) (57) (61) (68) (8) (48) (70) (74) (40) (30) (54) (78) (31) (15) (96) (41) (45) (26) (95) (4) (18) (88) (79) (51) (62) (75) (28) (32) (16) (22) (85) (69) (9) (94) (39) (90) (5) (98) (24) (34) (86) (13) (81) (3) (55) (84) (44) (65) (92) (27) (66) (38) (82) (93) (89) (97) (20) (12) (35) (7) (33) (73) (80) (60) (53) (37) (64) (29) (25) (6) (21) (71) (67) (1) 
50 (55) (12) (87) (64) (6) (77) (58) (65) (5) (73) (50) (85) (17) (10) (8) (19) (24) (99) (69) (16) (1) (46) (53) (86) (28) (45) (80) (96) (98) (47) (52) (62) (31) (29) (63) (83) (97) (78) (30) (36) (61) (27) (91) (18) (75) (3) (56) (84) (70) (92) (11) (14) (40) (94) (15) (48) (66) (76) (26) (54) (7) (93) (39) (42) (100) (60) (81) (4) (49) (38) (25) (72) (20) (71) 
51 (9) (4) (58) (46) (2) (48) (8) (42) (86) (64) (49) (30) (76) (83) (73) (68) (35) (63) (77) (33) (24) (75) (15) (57) (94) (23) (28) (92) (89) (71) (53) (3) (56) (79) (10) (62) (99) (87) (16) (52) (96) (19) (65) (93) (88) (60) (81) (47) (70) (78) (37) (95) (69) (13) (36) (31) (50) (82) (29) (6) (5) (72) (66) (85) (11) (22) (1) (90) (80) (67) (26) (32) (91) (40) (17) (55) (97) (51) (54) (20) (7) (12) 
52 (33) (88) (4) (84) (100) (58) (37) (87) (41) (51) (70) (22) (15) (10) (23) (43) (30) (91) (11) (16) (26) (80) (32) (2) (50) (39) (12) (44) (72) (20) (79) (83) (64) (53) (62) (40) (8) (24) (75) (89) (98) (73) (95) (92) (19) (54) (86) (45) (66) (31) (55) (7) (21) (36) (17) (90) (14) (78) (48) (38) (42) (28) (5) (85) (34) (99) (46) (9) (49) (1) (52) (18) (71) (6) (82) (13) (69) (68) (27) (93) 
53 (82) (21) (31) (96) (29) (70) (65) (36) (79) (50) (14) (43) (76) (8) (91) (24) (71) (56) (4) (25) (26) (97) (62) (78) (64) (16) (49) (67) (19) (74) (1) (42) (23) (54) (44) (90) (18) (5) (93) (95) (89) (46) (66) (37) (75) (3) (12) (6) (7) (20) (83) (30) (39) (9) (40) (11) (41) (81) (100) (99) (60) (94) (34) (88) (52) (68) (80) (17) (53) (27) (85) (87) (86) (13) (15) (48) (10) 
54 (41) (23) (51) (10) (9) (63) (73) (34) (1) (91) (92) (56) (69) (90) (81) (35) (100) (30) (95) (39) (21) (70) (62) (16) (19) (12) (5) (66) (2) (7) (50) (58) (22) (47) (84) (31) (40) (38) (59) (61) (79) (15) (78) (98) (72) (65) (26) (82) (46) (11) (86) (52) (93) (42) (83) (27) (94) (25) (3) (37) (64) (74) (68) (14) (32) (24) (54) (48) (33) (76) (71) (45) (96) (67) (55) (89) (13) (44) (53) 
55 (26) (84) (66) (38) (90) (40) (91) (35) (69) (24) (42) (76) (30) (85) (29) (39) (81) (9) (5) (54) (45) (82) (32) (80) (4) (98) (86) (31) (83) (53) (56) (75) (87) (12) (63) (44) (52) (22) (46) (49) (50) (41) (20) (19) (48) (71) (16) (60) (34) (59) (8) (51) (89) (28) (21) (79) (13) (73) (68) (33) (27) (37) (77) (55) (17) (57) (74) (72) (67) (3) (10) (18) (97) (92) (47) (96) (70) (11) 
56 (93) (53) (19) (4) (26) (79) (27) (75) (90) (74) (29) (61) (88) (54) (12) (64) (23) (71) (49) (98) (21) (78) (65) (25) (30) (17) (42) (45) (66) (95) (7) (35) (37) (85) (92) (5) (96) (87) (10) (41) (80) (56) (43) (81) (40) (24) (55) (89) (57) (99) (86) (97) (91) (8) (68) (31) (50) (84) (32) (16) (38) (3) (77) (39) (28) (36) (34) (62) (51) (20) (100) (18) (52) (59) (33) (67) (83) (60) (73) 
57 (17) (79) (80) (12) (62) (71) (19) (42) (83) (37) (65) (33) (45) (76) (24) (64) (5) (6) (75) (91) (81) (39) (47) (43) (29) (58) (55) (16) (70) (90) (20) (63) (32) (44) (25) (57) (54) (26) (53) (60) (72) (88) (66) (82) (93) (46) (11) (49) (77) (98) (10) (99) (89) (7) (92) (31) (4) (48) (59) (51) (78) (27) (50) (1) (13) (74) (68) (85) (15) (52) (8) (94) (35) (40) (21) (2) (28) (96) (87) (30) (69) (9) 
58 (78) (87) (34) (98) (39) (23) (81) (97) (30) (29) (85) (31) (79) (57) (84) (94) (45) (4) (41) (12) (80) (82) (17) (75) (44) (71) (2) (96) (99) (21) (15) (100) (48) (62) (9) (22) (25) (11) (88) (86) (10) (16) (91) (65) (89) (5) (66) (83) (74) (73) (90) (3) (63) (13) (49) (47) (54) (20) (46) (68) (24) (67) (35) (69) (14) (52) (18) (55) (92) (38) (26) (59) (37) (42) (8) (1) (76) (43) (64) (33) (70) 
59 (89) (28) (10) (3) (93) (56) (52) (59) (4) (65) (18) (58) (85) (70) (67) (62) (78) (99) (43) (94) (34) (36) (53) (54) (6) (15) (13) (83) (44) (100) (38) (68) (46) (11) (40) (26) (95) (64) (27) (19) (2) (98) (25) (49) (37) (60) (47) (41) (92) (24) (42) (21) (29) (66) (77) (74) (31) (82) (17) (9) (73) (12) (39) (33) (23) (71) (63) (84) (14) (8) (51) (22) (69) (81) (96) (90) (87) (30) 
60 (17) (22) (71) (61) (66) (24) (53) (69) (1) (47) (60) (36) (20) (29) (88) (15) (38) (64) (58) (76) (28) (19) (37) (51) (99) (39) (90) (16) (5) (7) (9) (30) (98) (63) (8) (23) (31) (21) (77) (48) (27) (56) (34) (62) (33) (72) (84) (6) (59) (32) (78) (70) (57) (50) (55) (79) (49) (93) (35) (14) (87) (100) (74) (44) (52) (80) (41) (11) (42) (65) (97) (46) (95) (45) (81) (18) (25) (73) (54) 
61 (26) (37) (18) (85) (35) (92) (60) (56) (66) (54) (94) (95) (59) (28) (96) (64) (34) (2) (83) (38) (90) (30) (67) (52) (98) (48) (80) (72) (19) (14) (74) (44) (97) (27) (6) (24) (49) (7) (93) (31) (53) (82) (79) (16) (3) (8) (70) (76) (5) (88) (50) (91) (71) (20) (47) (4) (17) (15) (42) (69) (32) (36) (51) (100) (33) (75) (81) (87) (55) (68) (86) (89) (29) (58) (23) (1) (22) (43) (9) (41) (39) 
62 (17) (26) (14) (54) (23) (95) (37) (7) (25) (43) (60) (73) (85) (66) (88) (34) (82) (69) (50) (6) (13) (18) (11) (98) (83) (74) (76) (61) (44) (91) (97) (78) (48) (35) (30) (100) (15) (67) (63) (49) (32) (93) (5) (28) (47) (79) (42) (96) (58) (89) (90) (40) (24) (81) (51) (57) (1) (84) (77) (71) (41) (2) (53) (21) (20) (87) (80) (3) (39) (92) (29) (16) (59) (19) (27) (9) (65) (72) (99) 
63 (69) (89) (51) (32) (31) (15) (88) (4) (90) (27) (59) (81) (93) (97) (40) (65) (7) (5) (39) (63) (54) (96) (79) (25) (37) (76) (62) (47) (70) (14) (82) (38) (46) (61) (16) (44) (86) (72) (11) (1) (73) (20) (35) (33) (34) (6) (24) (77) (92) (18) (2) (74) (98) (64) (87) (57) (17) (68) (50) (60) (9) (67) (41) (55) (66) (3) (95) (42) (12) (53) (22) (23) (45) (75) (71) (100) (26) 
64 (54) (51) (25) (56) (11) (50) (65) (64) (61) (43) (86) (48) (9) (27) (85) (75) (55) (70) (12) (29) (76) (67) (8) (74) (82) (68) (2) (59) (1) (10) (100) (62) (41) (39) (26) (99) (35) (30) (91) (53) (96) (89) (16) (49) (78) (97) (58) (6) (23) (37) (80) (71) (14) (60) (13) (24) (46) (28) (17) (44) (63) (66) (95) (81) (36) (4) (90) (57) (3) (83) (47) (73) (79) (40) (22) (69) (32) (31) (92) (5) (33) (87) (15) (21) 
65 (69) (18) (35) (86) (31) (44) (45) (14) (92) (74) (62) (6) (43) (49) (20) (63) (85) (48) (72) (71) (12) (24) (37) (64) (34) (77) (29) (73) (56) (60) (83) (82) (33) (27) (97) (9) (21) (11) (23) (4) (91) (7) (80) (17) (67) (13) (89) (66) (99) (59) (54) (41) (25) (94) (39) (58) (28) (88) (32) (53) (68) (70) (1) (46) (38) (96) (55) (19) (61) (75) (40) (22) (57) (90) 
66 (69) (61) (84) (100) (27) (56) (93) (44) (95) (76) (41) (48) (15) (51) (99) (66) (90) (36) (16) (11) (21) (24) (74) (8) (73) (94) (40) (9) (34) (4) (22) (45) (46) (71) (49) (77) (68) (30) (75) (18) (19) (33) (80) (37) (39) (97) (3) (81) (47) (31) (57) (89) (20) (1) (28) (86) (25) (78) (55) (26) (32) (96) (5) (79) (88) (6) (98) (35) (92) (60) (59) (82) (58) (13) (10) (83) (85) (42) (65) (23) (91) (17) 
67 (14) (50) (59) (53) (19) (34) (83) (51) (66) (74) (77) (46) (78) (23) (2) (36) (13) (87) (40) (71) (73) (8) (58) (67) (26) (95) (54) (16) (80) (21) (17) (81) (39) (98) (15) (90) (79) (60) (18) (63) (22) (76) (89) (12) (93) (99) (96) (25) (42) (49) (84) (61) (91) (24) (92) (11) (62) (10) (86) (43) (27) (4) (41) (6) (45) (1) (68) (88) (72) (82) (69) (65) (5) 
68 (58) (29) (1) (16) (74) (60) (61) (72) (66) (15) (44) (4) (56) (50) (13) (84) (39) (38) (59) (14) (3) (17) (87) (37) (34) (18) (63) (94) (97) (8) (25) (6) (19) (69) (52) (41) (99) (27) (45) (28) (91) (49) (82) (77) (68) (9) (31) (36) (67) (81) (83) (88) (71) (22) (85) (20) (35) (32) (40) (11) (65) (80) (33) (64) (92) (78) (48) (30) (53) (100) (55) (62) (46) (24) (5) (96) (98) (70) (93) 
69 (30) (96) (78) (45) (43) (98) (54) (2) (11) (60) (9) (28) (6) (4) (65) (81) (41) (62) (53) (66) (46) (31) (16) (70) (83) (35) (92) (33) (58) (32) (27) (75) (17) (3) (73) (90) (59) (52) (29) (63) (79) (97) (25) (80) (72) (84) (85) (15) (36) (40) (21) (67) (100) (8) (77) (26) (5) (7) (18) (95) (49) (61) (93) (94) (68) (24) (38) (69) (44) (50) (34) (87) (20) (13) 
70 (12) (2) (7) (4) (74) (92) (10) (51) (30) (82) (52) (59) (99) (63) (29) (27) (64) (93) (60) (69) (90) (20) (100) (53) (36) (62) (98) (9) (40) (26) (1) (35) (13) (88) (28) (31) (66) (50) (17) (72) (42) (33) (77) (71) (49) (15) (48) (16) (85) (24) (57) (19) (70) (56) (11) (81) (41) (75) (58) (32) (80) (38) (5) (91) (18) (61) (34) (46) (45) (79) (25) (21) (78) (68) (83) (87) (97) 
71 (8) (23) (19) (2) (59) (26) (76) (10) (72) (83) (85) (79) (49) (96) (94) (14) (33) (30) (31) (9) (100) (51) (13) (25) (95) (84) (41) (93) (15) (46) (92) (63) (82) (73) (50) (97) (87) (40) (21) (99) (78) (62) (75) (1) (80) (28) (16) (4) (34) (18) (66) (69) (90) (27) (39) (20) (24) (32) (17) (89) (12) (5) (6) (77) (48) (3) (64) (57) (45) (68) (7) (86) (22) (60) (37) (35) (88) (74) (70) (58) (47) (65) (91) (38) 
72 (52) (31) (4) (2) (8) (73) (94) (18) (16) (37) (51) (23) (19) (11) (68) (69) (47) (6) (13) (92) (65) (80) (48) (56) (1) (20) (41) (46) (84) (86) (24) (85) (55) (79) (59) (21) (82) (95) (90) (36) (64) (17) (39) (33) (60) (81) (9) (53) (71) (57) (97) (45) (75) (63) (83) (61) (49) (99) (28) (29) (74) (32) (3) (67) (30) (91) (54) (87) (96) (35) (27) (58) (26) (98) (77) (42) (10) (62) (76) 
73 (55) (33) (86) (94) (82) (81) (11) (84) (70) (61) (90) (87) (92) (16) (5) (7) (8) (62) (63) (18) (34) (41) (24) (69) (30) (48) (42) (31) (89) (58) (47) (19) (25) (50) (83) (14) (10) (60) (12) (88) (6) (43) (57) (40) (65) (4) (29) (3) (75) (53) (64) (51) (22) (96) (2) (39) (20) (23) (45) (52) (99) (54) (67) (78) (15) (68) (32) (95) (66) (26) (74) (38) (9) (56) (93) (28) (97) (98) (77) (13) (72) (76) (100) 
74 (89) (43) (80) (31) (77) (99) (32) (62) (74) (81) (18) (23) (6) (5) (78) (87) (72) (24) (79) (33) (35) (49) (38) (58) (98) (42) (86) (60) (7) (66) (85) (84) (14) (95) (13) (26) (94) (3) (47) (20) (29) (68) (48) (41) (73) (16) (34) (45) (93) (40) (10) (1) (25) (76) (55) (54) (44) (11) (91) (56) (8) (22) (36) (27) (97) (90) (65) (70) (63) (15) (61) (12) (57) (82) (30) (75) (17) (4) (28) (92) (46) (67) (59) 
75 (80) (17) (47) (64) (62) (79) (56) (32) (31) (59) (71) (96) (35) (27) (26) (72) (39) (99) (65) (82) (36) (68) (28) (30) (70) (97) (49) (20) (78) (19) (92) (11) (67) (81) (63) (41) (48) (89) (7) (24) (4) (1) (2) (40) (58) (73) (50) (74) (60) (88) (85) (5) (76) (86) (38) (66) (69) (23) (84) (52) (13) (15) (37) (46) (57) (93) (77) (61) (91) (51) (33) (29) (8) (98) (21) (12) (100) (90) (94) (87) (95) (25) 
76 (48) (3) (52) (26) (40) (85) (45) (83) (69) (89) (78) (36) (81) (61) (91) (16) (34) (29) (84) (10) (79) (82) (7) (59) (93) (63) (23) (71) (64) (17) (100) (70) (4) (27) (2) (35) (50) (75) (13) (76) (90) (54) (33) (30) (20) (24) (77) (8) (42) (6) (12) (94) (58) (60) (65) (41) (66) (14) (21) (86) (92) (53) (11) (74) (98) (68) (18) (43) (55) (49) (88) (15) (57) (25) (19) (37) (5) (73) (87) (31) (38) 
77 (44) (77) (47) (98) (20) (43) (15) (6) (82) (89) (2) (71) (62) (18) (95) (10) (85) (60) (39) (45) (12) (7) (32) (8) (21) (26) (55) (1) (11) (42) (29) (69) (92) (22) (100) (64) (87) (49) (52) (83) (51) (56) (61) (30) (48) (72) (96) (36) (24) (97) (17) (19) (37) (65) (94) (91) (38) (73) (93) (59) (58) (16) (23) (31) (86) (28) (14) (75) (80) (53) (13) (40) (33) (57) (35) (99) (84) (5) (3) (76) (27) (66) 
78 (83) (43) (92) (50) (39) (22) (96) (65) (62) (54) (90) (19) (21) (79) (63) (100) (75) (88) (42) (99) (58) (49) (47) (28) (78) (33) (17) (67) (80) (89) (51) (82) (14) (94) (68) (11) (9) (91) (70) (2) (31) (85) (16) (8) (52) (41) (23) (7) (20) (48) (36) (87) (6) (95) (66) (1) (59) (26) (27) (35) (40) (86) (32) (53) (77) (5) (71) (57) (10) (45) (12) (37) (24) (25) (97) (69) (15) (38) (84) (61) (76) 
79 (6) (43) (32) (52) (15) (91) (68) (19) (28) (22) (47) (94) (20) (92) (31) (12) (49) (33) (73) (34) (48) (41) (82) (5) (60) (75) (1) (13) (24) (88) (26) (29) (79) (70) (37) (46) (81) (58) (40) (36) (50) (89) (45) (84) (4) (2) (63) (77) (38) (42) (14) (44) (62) (30) (67) (16) (17) (80) (64) (76) (71) (9) (21) (23) (78) (97) (66) (55) (83) (65) (59) (51) (74) (39) (27) (99) (53) (35) (87) (61) (96) (95) (11) (93) (98) (3) 
80 (72) (59) (27) (98) (7) (39) (33) (21) (24) (61) (9) (25) (18) (75) (60) (23) (64) (37) (43) (69) (85) (38) (47) (51) (58) (12) (94) (76) (71) (20) (84) (70) (91) (50) (48) (16) (41) (13) (79) (57) (96) (32) (87) (44) (80) (28) (34) (42) (97) (82) (67) (62) (6) (65) (40) (68) (100) (53) (5) (30) (77) (63) (73) (15) (95) (10) (1) (81) (54) (88) (89) (66) (86) (2) (29) 
81 (67) (86) (8) (97) (81) (93) (76) (12) (42) (69) (65) (33) (64) (54) (58) (78) (73) (30) (48) (72) (3) (4) (56) (38) (5) (44) (26) (100) (17) (70) (45) (37) (35) (10) (7) (51) (23) (41) (20) (88) (55) (47) (16) (92) (32) (9) (19) (2) (62) (75) (22) (21) (71) (85) (53) (96) (77) (68) (24) (95) (15) (6) (25) (39) (49) (59) (60) (84) (11) (29) (83) (87) (40) (18) (46) (43) (98) 
82 (21) (58) (52) (54) (68) (67) (16) (43) (63) (44) (91) (38) (76) (40) (85) (29) (87) (42) (81) (36) (72) (55) (41) (79) (93) (69) (34) (39) (9) (94) (48) (20) (80) (57) (61) (10) (53) (33) (88) (45) (59) (78) (65) (77) (22) (28) (95) (7) (86) (12) (51) (97) (2) (62) (74) (6) (24) (23) (75) (83) (31) (73) (66) (4) (8) (19) (26) (13) (98) (32) (15) (64) (99) (90) (84) (56) (17) (25) (3) (92) (89) (50) (71) 
83 (22) (81) (17) (100) (74) (47) (59) (16) (11) (82) (87) (42) (34) (43) (30) (60) (79) (88) (55) (13) (78) (45) (80) (28) (98) (48) (77) (84) (39) (61) (54) (1) (24) (95) (86) (57) (75) (35) (37) (36) (89) (44) (6) (68) (5) (73) (90) (67) (92) (52) (38) (99) (7) (12) (19) (14) (29) (63) (46) (40) (18) (62) (20) (49) (65) (64) (26) (72) (70) (10) (76) (53) (83) (91) (32) (3) 
84 (72) (100) (83) (42) (46) (21) (96) (7) (44) (12) (88) (51) (18) (55) (8) (73) (67) (41) (6) (39) (16) (76) (71) (60) (78) (15) (31) (14) (99) (40) (69) (87) (28) (27) (30) (5) (38) (4) (24) (90) (33) (43) (23) (95) (58) (84) (68) (17) (94) (1) (77) (22) (20) (65) (36) (70) (86) (47) (45) (19) (2) (10) (79) (3) (25) (63) (11) (64) (93) (9) (82) (34) (26) (62) 
85 (62) (82) (9) (19) (32) (37) (7) (91) (86) (55) (36) (1) (27) (93) (64) (43) (61) (53) (46) (94) (20) (16) (90) (29) (60) (89) (69) (83) (5) (50) (87) (49) (38) (99) (81) (96) (72) (59) (70) (14) (35) (30) (63) (21) (39) (76) (68) (67) (95) (66) (25) (23) (24) (85) (80) (28) (58) (2) (79) (44) (15) (12) (73) (17) (97) (22) (56) (48) (84) (11) (13) (40) (47) (8) (100) (10) (71) (26) (51) (45) (78) 
86 (83) (81) (62) (27) (76) (17) (13) (24) (33) (36) (82) (66) (75) (59) (54) (71) (64) (4) (22) (89) (6) (53) (30) (49) (34) (98) (11) (35) (63) (21) (50) (14) (51) (29) (12) (46) (47) (42) (3) (31) (15) (97) (23) (32) (99) (93) (44) (7) (9) (26) (70) (88) (19) (100) (52) (92) (20) (38) (48) (25) (67) (18) (69) (43) (85) (41) (79) (60) (86) (61) (77) (94) (80) (39) (84) (28) 
87 (83) (53) (71) (45) (13) (94) (22) (90) (87) (18) (88) (96) (55) (73) (91) (25) (82) (15) (24) (62) (99) (8) (70) (20) (35) (16) (28) (50) (27) (64) (29) (14) (36) (21) (60) (2) (66) (10) (67) (38) (34) (75) (98) (32) (52) (17) (57) (63) (5) (77) (54) (95) (12) (59) (43) (47) (76) (48) (11) (39) (92) (61) (84) (69) (68) (89) (58) (26) (80) (97) (49) (41) (100) (46) (72) (40) 
88 (63) (44) (33) (34) (19) (61) (9) (75) (11) (8) (20) (46) (21) (71) (72) (96) (86) (39) (7) (16) (65) (47) (100) (67) (42) (17) (94) (99) (32) (25) (29) (95) (28) (59) (36) (70) (57) (81) (78) (60) (56) (23) (91) (89) (68) (49) (93) (50) (77) (38) (15) (83) (69) (27) (66) (6) (35) (82) (37) (13) (40) (55) (79) (2) (30) (14) (85) (24) (41) (54) (76) (64) (90) (51) (88) 
89 (6) (96) (99) (49) (15) (35) (89) (16) (80) (21) (26) (55) (73) (4) (58) (70) (93) (22) (19) (61) (68) (45) (11) (94) (44) (33) (39) (98) (82) (5) (38) (63) (12) (97) (48) (24) (20) (79) (74) (92) (78) (37) (9) (95) (1) (32) (86) (84) (50) (62) (46) (29) (88) (13) (27) (100) (31) (76) (59) (69) (64) (42) (67) (43) (40) (30) (87) (52) (28) (34) (60) (23) (51) (90) (8) (41) 
90 (77) (71) (55) (22) (90) (74) (62) (89) (16) (18) (59) (38) (52) (65) (60) (82) (88) (45) (46) (81) (24) (57) (47) (53) (2) (17) (15) (21) (69) (41) (37) (28) (70) (23) (12) (31) (99) (42) (40) (100) (94) (11) (3) (67) (27) (54) (78) (10) (68) (13) (84) (79) (43) (1) (20) (26) (48) (75) (83) (36) (95) (34) (93) (56) (33) (72) (96) (87) (6) (63) (30) (58) (5) (14) (9) (25) (51) (7) 
91 (82) (57) (63) (52) (6) (90) (48) (80) (79) (66) (83) (12) (7) (13) (99) (8) (96) (37) (53) (15) (55) (36) (1) (28) (47) (14) (26) (23) (20) (11) (62) (44) (39) (18) (97) (9) (94) (38) (59) (86) (69) (74) (10) (34) (27) (35) (67) (84) (64) (78) (49) (89) (71) (29) (68) (87) (22) (24) (92) (88) (51) (3) (41) (76) (58) (85) (95) (30) (65) (42) (32) (4) (31) (73) (2) (5) (45) (61) (93) (56) 
92 (14) (98) (82) (93) (59) (30) (87) (69) (76) (73) (60) (88) (61) (65) (53) (49) (80) (72) (17) (84) (16) (99) (25) (35) (15) (28) (7) (95) (79) (57) (86) (78) (63) (33) (1) (13) (5) (62) (54) (43) (41) (50) (75) (12) (34) (48) (11) (67) (20) (68) (3) (77) (18) (91) (83) (90) (2) (47) (64) (51) (96) (9) (55) (24) (42) (74) (6) (46) (81) (94) (4) (36) (31) (27) (23) (52) (29) (45) (39) (32) (70) 
93 (87) (4) (92) (76) (14) (94) (98) (20) (38) (10) (67) (32) (45) (49) (56) (26) (53) (71) (6) (82) (70) (85) (60) (63) (62) (69) (51) (42) (34) (7) (86) (65) (12) (15) (43) (35) (22) (39) (5) (89) (75) (13) (25) (64) (3) (61) (2) (77) (18) (55) (48) (72) (58) (50) (66) (83) (80) (68) (100) (37) (19) (57) (95) (52) (41) (17) (78) (36) (54) (11) (31) (93) (84) (33) (73) (29) (30) (23) (44) 
94 (33) (93) (30) (4) (7) (12) (60) (92) (32) (90) (25) (55) (19) (86) (99) (16) (47) (40) (20) (15) (85) (10) (3) (89) (6) (24) (44) (94) (57) (68) (14) (100) (64) (37) (42) (2) (80) (9) (43) (71) (75) (74) (58) (62) (11) (70) (5) (96) (22) (48) (97) (31) (81) (29) (13) (56) (18) (45) (41) (36) (77) (69) (63) (34) (54) (53) (17) (61) (65) (91) (26) (79) (76) (39) (27) (59) (38) (21) (52) (50) (49) 
95 (40) (26) (87) (19) (53) (55) (24) (35) (28) (43) (98) (36) (81) (49) (59) (91) (23) (70) (79) (54) (27) (83) (48) (95) (32) (14) (2) (60) (94) (3) (8) (89) (50) (72) (68) (71) (100) (51) (31) (12) (85) (76) (17) (1) (41) (7) (99) (86) (6) (58) (44) (69) (75) (64) (11) (52) (9) (21) (38) (10) (34) (63) (92) (97) (33) (96) (88) (84) (42) (77) (5) (16) (66) (45) (22) (47) (57) (18) (62) 
96 (17) (32) (41) (25) (96) (98) (100) (94) (56) (88) (75) (85) (54) (51) (20) (57) (4) (46) (42) (38) (91) (3) (33) (73) (95) (79) (39) (35) (24) (44) (99) (47) (37) (59) (69) (63) (61) (21) (18) (7) (72) (64) (68) (26) (80) (55) (60) (22) (45) (29) (23) (93) (71) (14) (66) (97) (62) (11) (40) (1) (83) (5) (90) (15) (70) (36) (13) (2) (84) (76) (16) (19) (10) (82) (74) 
97 (88) (3) (90) (54) (87) (64) (98) (16) (35) (86) (80) (84) (45) (24) (58) (95) (52) (77) (68) (79) (12) (28) (23) (20) (34) (13) (66) (97) (57) (82) (50) (92) (53) (83) (89) (55) (43) (96) (4) (75) (11) (48) (71) (8) (85) (21) (49) (22) (67) (56) (41) (5) (61) (36) (33) (31) (100) (91) (62) (93) (32) (74) (29) (17) (46) (19) (76) (30) (63) (2) (25) (42) (78) (15) (26) (73) (94) (27) (9) (81) (70) (18) (40) (1) 
98 (54) (72) (57) (27) (87) (31) (5) (25) (83) (39) (100) (43) (11) (2) (90) (12) (37) (55) (14) (34) (13) (19) (15) (78) (38) (75) (18) (88) (40) (45) (91) (70) (46) (30) (68) (60) (29) (79) (6) (35) (94) (50) (81) (56) (89) (42) (3) (85) (66) (9) (28) (24) (62) (59) (49) (77) (95) (10) (23) (96) (36) (80) (8) (47) (67) (1) (92) (76) (52) (58) (64) (71) (73) (84) (51) (7) (4) (86) (22) (20) (26) (99) (44) (65) (82) 
99 (65) (4) (94) (90) (15) (48) (69) (33) (23) (42) (96) (64) (30) (43) (67) (91) (79) (84) (51) (38) (27) (85) (77) (61) (100) (80) (17) (87) (59) (66) (13) (57) (12) (74) (55) (56) (18) (70) (86) (46) (34) (16) (92) (83) (82) (14) (45) (98) (58) (36) (8) (76) (31) (44) (7) (68) (1) (89) (72) (47) (88) (10) (63) (28) (97) (60) (40) (6) (49) (62) (20) (2) (41) (93) (24) (21) (32) 
100 (80) (11) (36) (76) (40) (21) (92) (94) (16) (84) (7) (86) (28) (96) (89) (56) (25) (93) (31) (60) (49) (18) (66) (73) (74) (81) (95) (2) (32) (38) (13) (79) (4) (9) (44) (87) (48) (1) (82) (99) (71) (22) (59) (83) (64) (85) (53) (72) (63) (65) (33) (43) (8) (45) (19) (98) (97) (58) (20) (78) (26) (15) (51) (50) (55) (100) (24) (5) (17) (88) (3) (35) (77) (57) (12) (37) (10) (41) (39) (54) (46) (69) (29) (34) (61) (90) 
