0
100
100
1 (96) (48) (72) (70 43) (34) (86 83 84) (76) (37) (36) (75) (50) (18) (78) (47 53 87) (59) (28 82) (56) (25) (95) (1 54) (24 45) (12) (35) (52) (98) 
2 (73 71) (12 20) (27) (100) (64) (66) (68) (32) (67 82) (97) (49 65) (24 11 80) (3 86 2) (28) (6) (46) (61 22 92 96) (78) (62 84) (1) (54) (30) (87) (42 70) (81) 
3 (10 90) (34 84) (61) (70) (13) (52) (58) (19) (12) (45) (15) (67) (85 1) (87) (91) (59) (98) (46 18) (8 53) (20) (99) (77) (42) (51) (71) (44) (6) (80 57 76 62) (69 5 43) (22) (72) (100 49) (31 86 21) (23 63) 
4 (2) (34) (55) (25) (99) (56) (16) (77 90) (67) (82) (4) (37) (5 22) (50 40) (94 29) (15) (8 24) (68) (63) (72 62) (70) (12) (26) (39) (97) (71) (52 48) (64) (84) (79 100) (21 6) (28) (74 75) 
5 (83) (53 10) (55) (72) (82) (40) (28 66) (64 65 20) (36 50 32) (59 63 56) (81) (74) (96) (75) (45) (2) (58) (30) (71 47 16) (9) (13) (29) 
6 (92 25) (91) (63) (15) (56) (28) (82 18) (68 40 37) (22) (83 59) (71) (75) (47) (53) (80 65) (4) (32) (10 98) (55 54) (81 57) (60) (46 19) (62) (64) (39 14) (38) (8 66) 
7 (67 60) (58) (53) (1 93 37) (13 83) (90) (17) (27 15 56) (43) (63) (2) (19 29) (30 25) (73 51 12) (20 92 40) (55) (80) (32) (87) (46 64) (66) (9) (96) (97) 
8 (97) (39) (53 75) (84 91 78) (16) (81) (19) (2) (10) (59) (21) (69) (20) (56 77) (80 3 9) (15 93) (51 1) (41) (46) (48 26 71) (38) (70 49 11) (14) (50) (61) 
9 (63 14) (41) (70) (12) (69 6) (100 22) (27 16) (92 35) (48) (42) (47) (4) (21) (76 62) (13 97) (89 9) (25 79 31 8) (96) (59 28) (23 55) (37) (40) (1 90) 
10 (81) (29) (78) (61) (99) (70) (62 5) (34) (59) (80) (41) (79) (24) (51) (20) (42 86) (28 11) (25) (97 54 55 17 27) (83 23 19) (49) (84 89) (56) (69 100 91) (2) (77 44 12) (68) (9) (72 15) (7) 
11 (91) (43 48) (2) (85) (32) (19 45) (99) (62) (89 1 78) (66 65) (27) (13) (40) (100) (10) (70 54) (30) (98) (24) (49) (73) (56) (82) (6) (64) (29 47) (75 94) (53 7) (8) (21) 
12 (67) (68) (48 83 88) (55) (49) (97) (81) (73) (52 86) (59 82) (99) (27) (50) (17) (26) (24) (1 85) (84) (31 93) (37) (58) (94) (22) (15) (13) (53) (11) (42 34) (9) (8) (3) (6 96 44 60) (43 89) 
13 (53) (74) (96) (5) (24) (94) (39) (87) (17) (98 75) (59) (66) (1 47) (19 82) (88) (26 3) (45) (28) (23) (40) (35) (36) (49) (50 70 76 56) (38) (99 21) (58) (4) (68) (71) (13) (31) (91) 
14 (78) (72) (51) (50) (61) (28) (53) (19) (37) (85) (87) (18 12) (69 42) (96) (81) (44) (90) (22 25) (73) (17 64 34) (77) (24) (40) (33) (82) (83) (41) (11) (45) (93) (62) (32) (27) (63) (75) (98) (74 55 95 76) (79) 
15 (66 70) (84) (49 23) (99 48) (4) (43) (58 92) (76 36) (75 33) (82) (81 1) (20) (38 35 62) (67) (44) (19 42 68) (71) (40 46) (29) (80 14) (72 16 32) (39) (73) (94 83) (64) (17) (65) (52) (59) (6 37) 
16 (97) (74 38) (84) (40 7) (52 10) (13) (60) (1) (61) (31) (65) (66) (11 41) (54) (78) (71) (68) (89) (9 18) (27) (100 43 47 29) (62) (95) (15) (88) (99) (53) 
17 (44) (46 42) (63) (62) (69) (48) (36) (20) (37) (10 57) (12) (15) (56) (59 14 93) (72 91) (28 26) (97 95) (13) (89) (32) (96 94 54 76 85 70) (27 88) (83) (21 79) (8) (67 92) 
18 (9) (49 7) (10) (71 54) (40) (24) (75) (67) (68) (89) (65) (13) (30 77) (63) (38) (26) (60) (41) (91 8) (66) (1) (20) (92 39 59) 
19 (12) (97) (47) (52) (51 69) (30) (50) (32) (99) (25) (83 79) (36) (24) (4) (8) (87) (66) (60) (42) (86 15) (14) (72) (90) (89) (10) (5) (1 38) (3) (91) (75) (56 73 59 17) (85 34) (37) (6) (39) 
20 (18) (96) (84 47) (19) (67) (51) (17) (65) (10) (94) (92) (61) (28) (37 15) (43) (9) (54) (72) (60 53) (87) (69) (76) (5) (97 75) (59) (14) (70) (99) (62) (4) (82) 
21 (93) (4) (42) (71) (89) (9) (67) (90) (21) (46) (31 34) (40) (57) (1 87) (15) (38) (94) (49 58) (88 92 86) (72) (12) (41 18 84 22) (98 64) (43) 
22 (22) (47) (91) (40) (7) (2) (19 15) (85) (27 52 76 20) (99) (92 69) (82) (5) (18) (29 54) (41) (24) (46) (73 30) (67) (84) (8 71) (87) (50) (37) (61) (48) 
23 (91) (29 68) (69) (60 59) (33 47) (36) (2) (41) (25) (66) (22) (64) (83) (17) (95) (46) (42) (82 99) (61) (52 71 76) (77) (94) (44) (80) (67) (38) (4 34) (72) (20) (97 58 50) (57) (96) (62) (35) (12 53) 
24 (13) (76) (95) (31) (88) (96) (25 71) (44 9) (81) (42) (89 32 30) (5) (17 93 46) (58) (60) (83) (43) (92) (23) (7) (26) (91) (87) (99) (79) (98 84) (75 34) (21) (59) (55) (61) (40 28) 
25 (44 12) (84 13) (60) (76 43 21) (46 48) (20) (78 90) (50) (67 1) (4) (39) (61) (95) (55 91 3) (73) (27 40 10) (63 68) (32 15) (22) (11 37 5) (52) (24 26) (36) (72) (41) (9) 
26 (45) (8) (37) (50) (77) (63 12) (9 38) (72) (55) (82) (79 60) (83) (19) (64 54) (26 34 13) (51 6 23 21) (75 97) (89) (81 68) (27) (30) (7) (52 14 93 2) (40) (53) (85) (48) 
27 (16) (79 91 65) (87) (27) (56) (100) (64) (41) (74) (68) (23) (13) (28) (93 3) (57) (72) (10) (52 46) (50) (82) (63) (49) (81) (12) (2) (22) (96) (88) (58 86) (75 84 6) (24 98) (14) (43) (67) (32) 
28 (59 41) (33) (73 61) (25) (8) (40 16 22) (26 48) (55) (11 63) (87) (98 44) (100) (89) (47) (72 77 96) (95) (29) (81) (3) (56) (75) (86) (37) (45) (9) (88 28) (23) (62) (46 64) (76) (42) 
29 (38) (92) (20) (90) (52) (9 95) (65) (84) (11 100) (3 49 61) (6 39 71) (79 97) (8 62) (42) (73 96) (80 14) (44) (28) (43 41) (57) (24) (53) (35) (31) (63) (26) (89) (64 48) (74) (60) (37) (83) 
30 (27) (68 70) (62) (11 20) (52) (71) (90) (82) (14) (64) (51) (94) (79) (25 30 7) (77) (91 42) (44) (18 29) (17 23) (83) (39) (4) (74) (76) (88 84 36) (6 15) (32) (46) (47) (99 50 8) (67 56) (1 85 16) (59) (3) (19 45 65) (22) (41) 
31 (79) (95) (91) (5) (57) (1) (30) (21) (35) (59) (28 9 100) (68) (52) (43) (51) (3) (97) (31) (99) (32) (75 22) (29 14) (38) (76) (8) (24) (34 81) 
32 (98) (43 46 62) (10 26) (100) (53) (69) (2 40 70) (5 21) (47 75) (59) (34) (31 87) (58) (45) (50) (76) (23) (48 49) (56) (97 73) (20) (41 78) (28) (33 64 29) (52) (6) 
33 (67 33) (89) (61) (86) (35) (12 14 17 82) (77) (19) (45) (72) (98 59) (56) (58) (60) (44 66) (80) (3) (37 100) (54) (71 94 64) (83) (2) (32) (9) (68) (63) (31) (50) (8 15 16) (39 10 34) (42 6 25) (20) (29) (51) (57 95 22) (23) 
34 (32 68 86 25) (58 76) (4) (15 7 61) (84 99) (5) (70 91) (55 83) (38 14) (1 21 98 36) (65) (24) 
35 (58) (96 97) (72) (52) (19) (17) (31 27 65) (35 74) (23) (49 67) (69 88) (48) (24) (28 2) (45) (37 6) (9 33) (16) (5 15) (84 86) (44 62 1) (76) (75) 
36 (37) (54) (14) (61 83 44) (46) (65 100 88) (27) (10) (11) (36 30) (43 22) (84) (26) (96) (89) (34) (91) (59 77 3) (24) (23) (8) (40) (17 49) (52) (32) (12 9) (78) 
37 (63) (72 25) (86) (84) (99) (35) (8) (60 71 66) (75) (16) (88) (27 73) (11) (92 69) (96) (64) (97) (22) (21) (68 42) (52) (51 26 13 39 61) (12 59 48) (20) (10) 
38 (54) (73 12) (63) (26 13 21) (49 97) (98) (42) (14) (11) (20 33 75) (55 43) (90) (88) (6) (39) (71) (30) (5) (50 86 2) (47) (78) (23) (100 51) (48) (84) (15) (40) (85) 
39 (12) (46) (68 45) (10) (85 5) (67 33) (90 91) (21 4) (9 57) (32) (27) (38 79) (73 37) (69) (20) (47 22 42) (56) (11) (55) (30) (88) (81) (17) (71) (83) (93) (3 8) (98 7) (39) (92) (41) (62) (65 82) (48) 
40 (1) (37 79 38 53) (6) (45 9 97) (19) (76 89 92) (58 90) (86) (23 75 87) (57) (41) (54) (15) (12) (36 85) (4 34) (24) (10 64) (21 52) (40 98) (77) (73) (56 74) (43) (2) (50) 
41 (90 30) (85) (86 8) (40 80) (18) (4) (62 96) (25) (74) (88) (2) (39 11) (10) (97) (83 38) (100) (6) (81 19) (43) (13) (78 82) (53 93) (60) (29) (69 41 58) (15 73) (14) 
42 (51) (3) (90) (14) (49) (67) (60) (93) (38) (7) (72) (58) (69) (15 77) (57 99 64) (54) (31) (6) (39 63) (26) (96 17) (59 20) (82) (1) (52) (53) (65) (97 98) (87) (30) (48) (91) 
43 (93) (100 21 15) (24 7) (56) (22) (19) (81) (59) (80 37) (29) (60 35) (46 12) (99) (18) (63 31) (70) (84) (14 68 30) (86 85 49 48) (28) (65) (36) (73) (43 77) (96) (72 41) (26) (20 94) (62) 
44 (58) (11 13) (19) (25 41) (14) (45 46 84) (60) (8) (28 12 10) (99) (61) (42) (59) (3) (49) (34) (23) (16 79 21) (86) (94) (92) (76) (100 4) (26) (27 52 71) (73 67) (15) (75) 
45 (71) (82 14) (53) (19 3) (24) (60) (45) (93) (91) (9) (50) (40) (31) (7) (39) (70) (98) (65) (75 94) (18 97) (51) (64) (88) (49) (4) (32) (12) (90 66) (89 27) (42 25) (77 43 36) 
46 (31) (63) (13 60 14) (46 35 42) (57 66) (32) (73) (36) (82) (50) (98) (79) (67) (94) (55) (10) (78) (81) (26) (20) (97) (47) (3) (64) (44) (65 49) (56) (45) (87) (11) (89) (17 29) (7) 
47 (13) (100) (74) (73) (98) (61) (18) (22) (26 51) (76 28 17 92 19) (25) (66) (55 37 71) (53) (80) (45 60) (41 70) (1 12) (57) (11) (83) (21) (4) (52 38) 
48 (63 84) (41 46 100) (90) (61) (55) (71 30 96) (98) (86) (12) (16) (7) (37) (76) (43) (8) (11) (82) (75) (89 65 24 70) (69) (34) (73) (25) (47) 
49 (89) (27) (69) (24) (90) (15 84) (4) (10 87) (50 52) (36) (39) (66 25) (44) (74) (41 5) (20) (80 73) (93) (1) (48 23) (97 26) (38) (43) (76) (72 21 46 91) (92) (33 79 7 62 58) 
50 (10 64 92) (94) (34 100) (61) (31) (3) (45 60) (83 12) (53 20) (97 47 77) (18 71 43) (30 95) (48 82) (29) (62 56) (80) (27) (96) (37 35) (44) 
51 (93) (17) (75) (40) (60) (35) (91) (62) (53) (31 39) (30) (96 79) (86) (15) (33) (20) (80) (63) (76 59) (81) (78) (18) (100) (32 88) (2 56 19) (34) (13) 
52 (33) (13) (97) (75 56) (70) (81) (12) (84 11) (9 47) (16) (63 76) (67 51) (46) (93) (5) (54) (62) (68 2 45 35) (95) (100) (36) (55) (38) (14) (52 44 18) (73) (41) (27 37) (29) (25) (66) 
53 (14) (78) (40 11 2) (60) (84) (81) (28) (19) (7) (57) (15) (13) (90 77) (54 56) (42 65 1 5 75) (87) (26 3) (80) (53 92 82) (88) (9 27) (10) (69) (63) (76 95) (47) (4) (48 50) (83) 
54 (69) (87) (71) (97) (81) (66 39 48) (74) (1) (70) (41) (11) (34 12) (57 62) (14 28 68) (55) (5 56) (26) (88) (52) (22) (91) (94) (75) (50) (37 45) (20) (100 63) (79) (16) (58 83) (32) (23 27) (33) (15) (90) 
55 (68) (93) (72) (63) (8 87 100) (21) (71) (50 29) (42 30 52) (66) (5 98) (4 53) (79) (25) (76) (36) (78 57 35) (64) (96 39) (19) (45 47 49 91) (10) (90 37) (22) 
56 (40) (91) (13 1) (66 71) (6) (24) (69 45 36) (75) (21) (22) (44) (61 43) (93) (55 3) (2) (27 100) (23) (94) (82) (68 54) (31 12) (26) (85) (77 25) (16 50 34) (17) (49 48) (59) (90) (92 65) (30) 
57 (69) (94) (91) (85 24 44 70) (10) (79) (55) (78) (48) (84) (43) (58) (90) (22 1) (63) (38) (53) (26) (15) (33 18) (65) (77 49) (60) (56) (98) (27) (17) (83) (3) (36) (35) (31) (88 52) (47) (8 12) (25) (21 76) (20 95 62) 
58 (62 59 23) (25 12) (66) (95 37) (49) (82) (4) (68) (71) (97) (65) (45) (31 1) (54 93) (9) (57 86) (87 85) (20) (78 53 6 34) (88 30 19) (2) (84) (63) (81 15) (90) (79 72 35) (100) (55 51) (39) 
59 (63) (97) (8 7) (42 85) (78 72) (33 22) (88 47) (48) (90 20) (49) (54) (55) (9) (32) (30) (75) (76) (43) (24) (38 34 67) (74 73) (70 18 93 13 94 16) (50 79) (80) (11) (59) (29) (6 2) (35) (64) 
60 (74) (71) (52) (8) (17 66) (95) (82) (14) (81 89 62) (50) (60) (99 32) (100) (34) (77) (12) (24) (78 4) (37) (1) (21 18) (22) (45 88) (97) (58 27 63) (59) (53) (73) (41) 
61 (77) (53) (100 75 69 49) (2 40) (98) (47) (84 50) (81) (3) (92) (24) (76) (55) (23 46 39) (82) (35) (85) (12) (72) (29 32 6) (59) (96) (68) (18) (44) (60) (26 41) (31) (9) (70) (63) (51) (52 33) 
62 (78 10) (76) (52) (61) (39 95 81) (29) (19) (70 64) (23) (89) (42 94 24) (84) (11 28) (56) (20) (75) (16) (63) (57) (85 87) (27 58) (32 44) (92 14 45) (77) (38 40) (72) 
63 (77) (23 61) (98) (52) (18 24 71) (79) (9) (20) (75) (69) (46) (42) (90 65) (56) (55 67 87) (94) (58) (8) (32) (33) (57) (4) (1) (35) (53) 
64 (68) (59) (76) (74) (50 100 55) (47) (45) (63 37 66) (41) (92 42 71) (8) (58) (82) (24 23) (27) (10) (1) (84) (17) (48) (67) (65) (52) (77) (73 93) (39) (46) (60 43 97) 
65 (54) (78) (61 32) (65 51) (68) (49) (72 36 47) (79 88) (12) (53) (66 42 34) (97) (33) (62 99) (94) (73 70) (37 95) (93) (63) (55) (11 45) (5) (6) (84 28) (2) (91) (40) (19) (52) 
66 (14 19) (89 8) (66) (42) (29 70) (28 39) (38 11) (97) (81) (61) (18) (67 45) (68) (52) (22) (62) (10) (96) (53) (95) (51) (72 12) (7) (79) (86) (59) (63) (65 73) 
67 (97) (72 27) (1) (11) (19) (52) (41) (69 9) (3 90) (85) (7) (92) (26) (63 50 54) (34 55) (96) (48) (43) (5) (36) (78) (83 53) (10) (81) (98) (62) (68) (15) (66) (20) (22 40) (47 14) (28 64) (24) 
68 (21) (66) (10) (8 56) (12) (80) (60) (84) (88 14) (51) (68) (41) (18 26 87) (44 64 16 52) (9) (22) (59) (3) (65) (29) (77 94 96) (15 73) (27 25) (4) (49 58) (86) (1 31) (57) (28) (79) (34) (33) (11) (24) (46 97) (6) 
69 (54) (69 21) (59) (12) (96) (94 5) (66) (30) (99) (38) (62 65) (80 37) (27 53) (52) (42 17) (84 4 98) (26) (13 63) (9 3) (64 47) (92) (45) (100) (43) (39) (79) (25) (58 93) (22) (2) 
70 (37 38 93) (40 73) (27) (41) (58 62 99) (92 12) (46) (14) (90) (18 13 89) (82 45) (4 70) (9) (25) (97 33) (1) (2 39 47) (26 10) (66) (72) (55 42) 
71 (24) (91) (7) (33) (79) (78) (1) (98) (10) (47) (5 93 76 89) (51 73 81) (29) (88) (90) (92 65) (54) (80) (61 96) (63 4) (34) (64 27) (43) (36) (74) (22) (62) (82 70 56) (99 53) (35) (9) 
72 (45) (55) (6) (10) (16) (24 27 9 86) (43) (63) (44 67 83) (11) (77 12) (36) (88) (82 8) (4) (22 20) (26) (49) (17) (25) (18 31) (68 3) (48) (65) 
73 (6) (62) (25 94) (76) (83 95) (48) (16) (70 40) (49) (88) (45) (38) (34) (3) (68 67) (35 55) (12) (5) (66) (97 19) (99) (17) (59 2) (79) (13 9) 
74 (68) (38 58) (36) (25) (57) (2 87) (17) (30) (59) (55 39) (43) (56 93 41) (89) (3 11 49) (70 92 90) (5) (23) (29) (69) (42 33 99) (9) (85) (65) (31) (21) (61) (47) (75 84) 
75 (20 3) (44) (86) (26) (59) (30) (77) (63) (49) (22) (18) (55 31 57) (87) (46) (45 67) (12) (17 48) (80) (1) (6 54) (21) (14) (88 19) (64) (95 16 8) (24) (90 96) (73) (61) 
76 (66 47) (63) (51 81) (64 91) (41) (99) (39) (17) (21) (9 82) (28) (16) (89) (69) (19) (24 88) (62 37) (65) (36 55 43 29) (100) (38) (8) (42) (53 33) (5) (58 46 96) (74 35) (75) (48 12) (49) (61 92) (15) (3) 
77 (50 19) (8 72) (55) (15 42) (24) (48) (80 41 69) (10) (63) (77) (57 28) (70) (87) (53) (89) (27) (59) (52) (67 6 7 66 51) (94 62 4) (17 36) (95 9) (1) (44 88) (35) 
78 (85) (96) (68) (23) (34 80) (55) (79) (44 64) (25) (48 76) (10) (37) (81 4) (63) (26) (33 3 27) (59) (69 74) (15) (49) (84) (97) (75) (50 65) (2 18) (21) (31) (94) (77) (62) 
79 (15) (17 27) (7 82 12) (70) (77) (28) (59) (86) (92) (78 81 29) (63 69) (73 55) (40) (68 80) (52 74) (3 72 48 99 50 25) (34) (16 13) (18) (95 53) (11 47) (35) (36) (37 58) 
80 (44) (47) (28) (24) (16 97) (27 57) (8) (51) (80) (70) (65) (88) (41 17 87) (78) (60 56) (81) (30 98) (49) (35 86) (62 40 90) (61) (75) (85 18) (33) (89 1 72) (66) (73) (45) 
81 (57 1 33) (100) (95) (2) (50) (42) (21 19 66) (24) (36) (89) (58 65) (54) (45 49) (26) (80 96) (15 56 48) (47) (70) (60 93 44 62 3) (35) (46) (28) (87) (79 13) (14) (77) (94) (27) (39) (51) 
82 (22) (43) (12) (19) (28 24) (45) (55 17) (84) (89) (97 91) (53) (78 1 56) (14) (18 54) (9) (60 72) (46 52) (51) (68) (35) (58 41 30) (66) (48) (95) (93 32 37) (77 80) (96 38) (31) 
83 (53) (87 98 17) (13) (36 21) (24 49) (56) (43) (31) (2 1) (5) (63 59) (27) (15) (61) (25 78) (10) (95 72) (58 32 8 48) (47) (80 44) (68) (97) (9) (64 16 45) 
84 (35 33) (20 52) (12) (40 88) (32 49) (48) (84 51 97) (43) (56) (30) (93) (29) (57 62) (11 17) (41 92 76) (8) (90 15) (18) (72) (28) (23) (26) (66 89 54 50) (94) 
85 (1) (66) (85) (80) (86 71) (90) (92) (3) (83) (17) (88) (37) (30) (56 57) (87 59 50 41) (91) (35) (84) (9 22 16) (15 74 34) (99) (5 55) (4) (76 8) (19 23 46) (49) (94) (12) (72) (18 20) (75 60 14 81) (97) (70) 
86 (37) (95) (94) (48 40) (19) (60) (28) (20) (24) (14) (86) (30) (54) (47) (9) (61 100) (79) (63) (64) (33) (87 84 75 85) (73) (50) (46) (82 51) (11 56) (55) (18) (15 17) (89 96 7 45) (39) 
87 (39) (24) (48 65) (93) (13 81) (79) (28) (63 23) (66) (87) (62) (22) (68) (45 14) (21 100 80 7) (52) (69 70) (25) (86) (53) (16) (37) (3) (61) (91) (98) (27) (74 99 76) (44 17 60) (59) (82) 
88 (88) (70) (38) (40) (47 49) (21 10) (1) (97 82) (29) (34) (24 67 7) (80) (18) (96) (87) (27) (30) (65) (74) (6 78 22) (37) (75 32) (33) 
89 (74) (66) (93) (87) (24) (78) (86) (37) (40) (22) (6) (48) (28) (20) (50) (44) (84 57) (21) (16) (25) (89) (92) (70) (76 56 11 2) (34 62) (60) (85 23) (97) (17) (68) (64) (4) (77) (46 83) 
90 (31) (60) (70 90 49) (16) (12) (39) (83) (75) (32 40) (35) (42) (93) (1) (20 10) (63) (14) (55) (97 30) (45) (27) (22) (64) (36) (86) (26) (71 50) (66) (3) (13) (78) (98) (84) (85) (99 72) 
91 (81) (29) (26) (30) (75 42) (98 50) (71) (84) (23) (5 99 2 45) (13 49) (87 8) (51) (53 24 41) (31) (94 14 82) (65) (97) (77) (100 19) (7) (27) (9 34) 
92 (82) (29 14) (1) (7) (50) (99) (11 77) (51) (3) (71) (44) (43) (34 59) (28 64) (72 32) (69) (33) (48) (45 2) (21 97) (87) (85) (74) (5) (80) (86) (88) (67) (16 62) 
93 (17) (3) (52) (43) (76) (50) (68 98 18) (44) (94) (72) (26) (9) (73) (54) (49 14) (57) (32) (42) (85 4 39) (93) (38) (28 45) (100) (95 10) (90 36) (67) (55 2 37 19 99) (70 80 58) (6) (48) (87) (86) (46 21) 
94 (22 95) (40 17) (50) (62) (6) (45) (18 10) (11) (48 59 70 8) (24 98) (64 19 20) (73) (7) (30) (27) (43) (77) (83) (29) (84) (14) (32 67) (39) (2) (12 60) (100 68) (80) (90) (25 71 26) 
95 (58 98) (56 63) (59) (86) (17 53 11) (12) (3 27) (100 60 21 70) (90 99 83) (74) (66) (95 92) (19 67 69) (7) (41) (50 32 20) (88) (54 62) (40) (22) (87) 
96 (4) (75) (68) (19) (85) (37) (32) (50) (73 2) (17) (5) (33 66 92) (54) (61) (91) (96 13) (25 62) (67) (24 69 41 88) (42 53 58) (60 39 23) (40) (27) (38) (90) (3) (95) (55 89) (16) (77) (1) (45 74) (98) (28) (52) 
97 (30) (79) (2) (57) (78) (97) (28) (77) (72 37) (11) (15) (71) (24 40) (80 25) (6) (26) (8 34) (3 38 52 5 31) (76) (68) (84) (62) (14) (17 95 89) (32) (82) (88 67 21) (36) (12 93) 
98 (18) (22 1 92) (16) (37) (100) (57) (98) (52) (84 31) (10) (93) (61) (62) (43 87) (67 64) (12 89 8) (53) (51) (21) (72 6) (40) (77) 
99 (46) (86) (34 58 78) (11) (40) (49 6) (35) (65) (67) (63) (64) (45) (48 54) (19) (87) (82) (2 33 51) (57 4 9 43 42) (89) (70) (59 53) (60) (15) (62) (31) (8 68) (38) (88) (28) (77) (17 72) (24) 
100 (16 62 73) (30 24) (86) (84 88) (100) (35 14) (57) (82 12 10) (83) (95) (47) (13) (49) (39) (70) (63) (87 96) (11) (81) (37) (76) (97) (91) (78) (68) 
1 (1) (42) (92) (47) (30) (60) (31) (16) (19) (64) (98) (85) (81) (49) (82) (71) (34) (57) (15) (67) (68) (12) (58) (90) (80 35 88) (63 21 2 7) (83) (3) (9) (70) (56) (96) (53 18) (77) (25 11 54) (75) (8 40) (13) 
2 (97) (94) (7) (83) (35) (91) (2) (11) (96) (53) (40) (65) (33) (8) (70) (23) (73) (59) (69) (5) (92) (32) (51) (56) (99) (41) (89) (4) (93) (22) (10) (81) (27) (61) (52) (74) (26) (38) (58) (78) 
3 (92) (33) (78) (97) (39) (31) (74) (29) (72) (53) (2) (90) (25) (46) (67) (96) (57) (76) (27) (45) (30) (42) (85) (73) (79) (8) (50) (36) (95) (13) (69) (87) (81) (75) (28) (44) (56) (93) (61) (19 12 68) 
4 (55) (13) (39) (20) (77) (68) (30) (15) (71) (6) (60) (44) (53) (25) (89) (85) (34) (23) (9) (4) (70) (96) (49) (78) (47) (99) (63) (19) (45) (41) (40) (93) (58) (72) (69) (21) 
5 (97) (53) (3) (69) (54) (31) (76) (32) (25) (92) (55) (65) (19) (74) (20) (96) (24) (39) (83) (4) (22) (49) (52) (34) (10) (38) (67) (85) (73) (35) (91) (13) (71) 
6 (73) (30) (3) (19) (61) (26) (33) (40) (94) (98) (35) (11) (29) (4) (41) (99) (65) (2) (56) (27) (32) (88) (97) (59) (89) (38) (42) (72) (15) (58) (93) (68) (75) (77) (12) (9) 
7 (86) (87) (48) (43) (26) (94) (45) (24) (79) (91) (59) (22) (18) (77) (71) (95) (53) (88) (34) (67) (46) (30) (92) (10) (16) (39) (66) (42) (11) (49) 
8 (6) (30) (99) (75) (12) (60) (22) (98) (19) (41) (77) (28) (31) (97) (94) (76) (72) (33) (91) (66) (84) (29) (4) (26) (48) (83) (59) (17) (63) (18) (36) (11) (37) (44) (64) (80) (39) (55) (3) (85 68 9) (57) 
9 (5) (71) (12) (40) (33) (45) (68) (16) (74) (26) (93) (85) (20) (86) (28) (8) (83) (99) (67) (18) (58) (53) (31) (82) (35) (52) (70) (36) (21) (9) (29) (72) (61) (91) (59) (39) (25) (24) (7) (69) (76) (63) (77) (10) (73) 
10 (44) (66) (40) (37) (62) (27) (72) (78) (83) (19) (98) (70) (71) (5) (39) (57) (11) (36) (64) (3) (94) (25) (17) (20) (16) (55) (41) (46) (32) (88) (8) (6) (77) (33) (67) (50) (68) (93) (100) (49) (18) (53) (90) 
11 (92) (36) (52) (72) (46) (54) (68) (95) (94) (66) (84) (100) (65) (30) (59) (28) (10) (29) (2) (48) (47) (16) (99) (25) (14) (74) (37) (39) (8) (12) (44) (41) (97) (62) (38) (79) (86) (89) (53) (67) 
12 (79) (65) (39) (10) (19) (98) (17) (70) (43) (100) (3) (37) (33) (9) (44) (48) (26) (2) (50) (85) (56) (73) (36) (82) (27) (23) (69) (57) (21) (58) (75) (4) (40) (61) (1) (95) (66) (97) (38) (94) (72) (25) (60) (52) (14) (90) (54) (68 84) (47) (45 7 76) 
13 (100) (17) (91) (5) (47) (51) (41) (16) (59) (87) (25) (7) (83) (79) (13) (56) (53) (81) (37) (38) (24) (90) (52) (73) (3) (69) (44) (18) (9) (70) (12) (27) (11) (96) (46) (26) 
14 (87) (75) (42) (54) (82) (100) (26) (6) (46) (33) (45) (41) (36) (93) (52) (60) (97) (34) (90) (31) (91) (70) (19) (62) (81) (43) (85) (53) (92) (30) (66) (20) (38) (9) (44) (29) (15) (8) (67) (27) (17) (86) (94) (68) 
15 (49) (40) (41) (83) (54) (67) (42) (81) (34) (35) (53) (22) (21) (78) (79) (58) (68) (25) (43) (85) (3) (16) (6) (38) (19) (44) (12) (7) (51) (76) (84) (10) (33) (97) (30) (20) (77) (17) (86) (99) (4) (8) (57) 
16 (96) (27) (90) (8) (59) (87) (76) (56) (62) (85) (100) (98) (28) (5) (48) (92) (80) (54) (89) (9) (68) (4) (30) (15) (35) (44) (73) (37) (33) (75) (79) (72) (52) (83) 
17 (60) (57) (79) (83) (64) (72) (36) (73) (89) (20) (24) (56) (96) (15) (99) (47) (77) (14) (23) (80) (33) (76) (19) (74) (39) (42) (13) (30) (12) (93) (95) (51) (75) (97) (85) (87) (35) (10) (86) (84) (82) (7) (94) (69) (46) 
18 (70) (72) (3) (80) (16) (93) (82) (6) (94) (20) (1) (86) (85) (84) (68) (43) (51) (60) (50) (75) (52) (66) (79) (57) (59) (30) (14) (98) (22) (45) (88) (63) (41) (61) (21) (78) (47) 
19 (81) (93) (45) (51) (62) (53) (77) (7) (14) (44) (76) (20) (30) (75) (96) (91) (26) (10) (95) (22) (41) (67) (35) (40) (58) (86) (85) (73) (66) (94) (82) (43) (99) (15) (33) (3) (11) (6) (55) (8) (47) (13) (65) 
20 (33) (23) (38) (37) (72) (17) (86) (50) (32) (2) (75) (95) (10) (8) (18) (59) (90) (49) (7) (85) (29) (58) (39) (42) (51) (62) (5) (22) (54) (3) (57) (94) (43) (89) (67) (46) (15) (30) (25) (63) (84) 
21 (69) (78) (49) (3) (11) (93) (8) (55) (24) (39) (32) (31) (95) (40) (4) (81) (74) (83) (89) (26) (38) (92) (13) (37) (9) (75) (98) (44) (57) (34) (60) (56) (21) (88) (97) (76) (43) (25) (68) (47) (87) (17) 
22 (28) (71) (85) (68) (59) (22) (2) (67) (75) (21) (33) (69) (87) (23) (3) (94) (4) (30) (88) (60) (89) (25) (12) (95) (39) (90) (66) (98) (82) (6) (9) (27) (31) (43) (55) (14) (57) (56) (37) (36) (54) (72) (47) 
23 (28) (33) (78) (85) (24) (91) (58) (38) (10) (61) (35) (9) (13) (84) (49) (15) (30) (56) (96) (26) (64) (44) (36) (87) (27) (54) (3) (63) (89) (40) (62) (74) (32) 
24 (83) (10) (99) (68) (19) (61) (67) (56) (94) (13) (14) (48) (60) (43) (75) (57) (36) (63) (96) (12) (11) (18) (22) (40) (89) (76) (87) (81) (49) (88) (62) (82) (59) (25) (80) (1) (64) (4) (71) (35) (27) (86) (34) (100) (72) (97) (77) (45) (91) (29) (2) (31) 
25 (57) (49) (41) (72) (58) (52) (48) (19) (68) (55) (56) (34) (94) (37) (73) (45) (89) (33) (1) (30) (6) (24) (10) (44) (28) (69) (14) (78) (87) (97) (70) (74) (96) (83) (47) (23) (7) (4) (9) (79) 
26 (46) (44) (94) (28) (70) (18) (81) (84) (29) (4) (47) (53) (90) (12) (75) (57) (91) (38) (13) (67) (42) (36) (43) (61) (49) (24) (17) (93) (56) (69) (32) (37) (25) (54) (78) (8) (68) (72) (97) (26) 
27 (94) (2) (10) (91) (78) (45) (44) (14) (57) (88) (7) (70) (25) (52) (79) (72) (69) (90) (81) (36) (27) (22) (60) (64) (80) (17) (37) (30) (71) (54) (83) (11) (9) (12) (96) (62) (95) (26) (53) (16) (77) (35) (39) (49) (50) (68) (87) (67) (56) 
28 (65) (6) (80) (97) (1) (53) (43) (17) (68) (13) (47) (9) (86) (29) (4) (14) (79) (20) (44) (82) (54) (99) (67) (62) (66) (84) (24) (2) (5) (87) (35) (92) (89) (10) (93) (31) (96) (76) (28) (81) (27) (32) (77) 
29 (55) (61) (10) (33) (68) (79) (23) (94) (4) (66) (43) (91) (7) (30) (11) (28) (41) (16) (15) (46) (52) (74) (62) (32) (31) (84) (92) (5) (88) (22) (76) (50) (71) (59) 
30 (59) (19) (36) (85) (38) (100) (2) (74) (80) (51) (11) (18) (39) (75) (7) (69) (30) (88) (42) (58) (90) (50) (84) (5) (82) (31) (43) (55) (41) (86) (48) (91) (26) (22) (97) (56) (94) (24) 
31 (33) (72) (43) (24) (51) (12) (98) (83) (9) (56) (13) (68) (42) (16) (61) (99) (50) (29) (97) (32) (91) (75) (57) (46) (31) (78) (21) (90) (58) (45) (3) (74) (35) (82) 
32 (63) (83) (60) (24) (33) (19) (59) (93) (46) (61) (15) (7) (96) (11) (94) (30) (27) (17) (2) (25) (90) (31) (34) (36) (54) (95) (5) (45) (65) (62) (51) (97) (92) (82) (88) (14) (39) (84) (6) 
33 (28) (61) (74) (70) (23) (32) (84) (35) (52) (68) (76) (80) (33) (65) (15) (71) (49) (51) (96) (57) (86) (99) (92) (88) (54) (14) (63) (38) (39) (59) (81) (78) 
34 (79) (89) (99) (40) (33) (56) (4) (50) (91) (19) (97) (92) (68) (60) (54) (71) (24) (14) (58) (59) (85) (23) (67) (32) (78) (73) (31) (1) (51) (36) (48) (88) (12) (65) (44) (26) (21) (3) (10) 
35 (85) (71) (15) (55) (33) (31) (84) (100) (81) (61) (13) (9) (50) (82) (99) (1) (73) (76) (29) (79) (37) (23) (58) (46) (57) (59) (51) (63) (80) (43) (77) (52) (90) (35) 
36 (55) (81) (23) (71) (83) (56) (67) (40) (90) (72) (79) (1) (52) (17) (13) (45) (46) (36) (25) (15) (77) (49) (43) (30) (5) (93) (76) (34) (74) (57) (19) (65) (97) 
37 (58) (35) (64) (12) (65) (86) (28) (19) (50) (88) (36) (52) (78) (40) (26) (39) (70) (22) (55) (48) (9) (54) (96) (82) (20) (29) (97) (69) (7) (1) (87) (60) (43) (47) (14) (6) (89) (93) (15) (85) (98) (100) (4) (17) (76) (33) (79) (25) 
38 (96) (15) (41) (59) (8) (13) (39) (88) (49) (40) (18) (74) (82) (26) (66) (70) (69) (34) (97) (62) (42) (76) (31) (57) (52) (47) (23) (93) (99) (21) (6) (19) (16) (29) (73) 
39 (33) (94) (62) (55) (41) (42) (66) (74) (54) (19) (100) (61) (96) (93) (37) (45) (38) (30) (69) (18) (81) (76) (15) (13) (86) (51) (25) (58) (49) (87) (4) (6) (8) (70) (29) (90) (64) (39) 
40 (24) (38) (62) (97) (11) (45) (94) (4) (9) (67) (84) (28) (98) (88) (15) (61) (86) (14) (32) (99) (51) (5) (73) (95) (22) (16) (96) (40) (7) (80) (89) (90) (70) (53) (26) (41) (65) (13) (79) (56) (21) (18) (25) (6) (36) 
41 (82) (8) (25) (48) (91) (80) (49) (28) (29) (9) (85) (22) (74) (96) (23) (21) (68) (60) (84) (18) (41) (27) (32) (43) (61) (95) (44) (40) (14) (77) (76) (30) (54) (10) (52) (16) (39) (47) (67) (64) (70) 
42 (9) (81) (24) (12) (15) (91) (59) (28) (30) (55) (37) (23) (2) (64) (53) (44) (19) (77) (29) (70) (3) (69) (33) (14) (45) (17) (38) (96) (90) (76) (93) (66) (99) (39) (65) (62) (74) (10) (63) (21) (46) 
43 (11) (92) (1) (99) (98) (76) (12) (84) (31) (74) (3) (38) (71) (83) (57) (50) (32) (21) (41) (7) (27) (93) (67) (43) (16) (72) (25) (56) (24) (59) (36) (15) (20) (48) (40) (49) (69) (82) (94) (45) (64) (29) 
44 (57) (92) (89) (56) (72) (29) (14) (35) (23) (81) (36) (49) (33) (83) (12) (17) (87) (15) (24) (30) (68) (75) (46) (50) (52) (93) (78) (3) (25) (77) (28) (10) (62) (61) (80) 
45 (5) (54) (46) (30) (35) (52) (11) (70) (75) (45) (28) (81) (1) (13) (14) (55) (73) (99) (26) (86) (56) (47) (62) (87) (72) (83) (60) (64) (3) (91) (58) (32) (82) (92) (44) (66) (94) (50) (65) (69) (80) (40) (39) (90) (33) (93) (96) 
46 (63) (81) (68) (93) (32) (76) (61) (75) (15) (52) (86) (46) (3) (82) (25) (17) (89) (28) (27) (70) (7) (49) (22) (8) (30) (21) (23) (44) (64) (99) (36) (39) (24) (2) (43) (6) (85) (48) 
47 (53) (71) (20) (16) (86) (59) (23) (70) (83) (57) (76) (9) (55) (80) (46) (65) (69) (38) (39) (74) (22) (61) (11) (79) (48) (28) (1) (5) (30) (32) (6) (88) (64) (19) (52) (100) (13) (67) (50) (81) 
48 (35) (67) (1) (99) (54) (73) (8) (29) (38) (81) (72) (59) (49) (43) (56) (77) (57) (76) (11) (79) (94) (12) (50) (92) (28) (84) (26) (9) (15) (4) (17) (32) (64) (53) (78) (83) (87) (89) (39) (86) (25) (42) (82) (22) (37) (75) (93) 
49 (76) (59) (88) (68) (42) (55) (84) (44) (78) (58) (73) (2) (74) (38) (81) (45) (32) (21) (36) (8) (3) (43) (18) (13) (15) (12) (57) (83) (27) (35) (100) (93) (29) (10) (65) (56) (11) (61) (99) (72) (91) (90) (85) (80) (75) (46) 
50 (77) (45) (64) (60) (54) (94) (23) (59) (26) (79) (61) (91) (85) (46) (27) (5) (33) (93) (19) (32) (12) (30) (4) (86) (13) (25) (14) (90) (38) (53) (1) (92) (55) (56) (81) (40) (49) (84) (67) (8) (95) (78) (96) (89) (22) 
51 (37) (80) (99) (31) (81) (71) (20) (66) (26) (98) (91) (68) (7) (47) (82) (58) (42) (30) (86) (77) (92) (33) (45) (52) (19) (8) (65) (14) (38) (84) (76) (61) (10) (3) 
52 (96) (61) (27) (3) (98) (29) (47) (62) (64) (54) (57) (32) (30) (15) (67) (87) (49) (60) (82) (40) (77) (1) (26) (93) (69) (22) (63) (44) (66) (65) (42) (52) (84) (19) (55) (12) (36) (79) (25) (35) (16) (4) (31) (68) (23) (97) (37) 
53 (20) (76) (11) (42) (69) (12) (7) (50) (58) (99) (16) (77) (55) (29) (66) (79) (8) (95) (14) (6) (63) (60) (57) (3) (83) (67) (96) (53) (87) (23) (82) (5) (40) (26) (47) (51) (1) (71) (98) (91) (45) (41) (65) (13) (61) (32) 
54 (95) (1) (18) (53) (69) (75) (99) (16) (38) (26) (2) (42) (40) (10) (67) (59) (71) (93) (22) (17) (33) (11) (65) (96) (6) (52) (20) (82) (56) (58) (81) (86) (36) (84) 
55 (65) (93) (57) (79) (47) (74) (67) (58) (25) (6) (39) (78) (61) (75) (82) (56) (10) (46) (64) (54) (48) (12) (28) (38) (77) (26) (85) (70) (76) (72) (63) (52) (34) (24) (86) (7) (96) (59) (14) (9) (73) (4) (90) (5) 
56 (74) (52) (39) (17) (85) (40) (62) (68) (86) (71) (89) (46) (30) (33) (57) (83) (27) (7) (1) (28) (32) (81) (13) (82) (54) (11) (5) (6) (4) (63) (53) (95) (80) (51) (43) (84) (19) (50) (8) (10) 
57 (74) (99) (46) (21) (63) (53) (17) (68) (81) (84) (89) (33) (31) (27) (75) (39) (85) (29) (54) (93) (100) (62) (55) (97) (77) (6) (3) (98) (40) (58) (80) (47) (42) (23) 
58 (64) (95) (62) (76) (83) (23) (63) (79) (3) (7) (42) (81) (74) (15) (96) (49) (13) (27) (34) (40) (32) (5) (99) (60) (12) (68) (24) (41) (82) (70) (35) (44) (57) (69) (54) (21) (93) (33) 
59 (3) (19) (30) (17) (43) (73) (75) (83) (94) (60) (74) (42) (13) (99) (44) (15) (5) (36) (1) (24) (58) (12) (51) (28) (66) (92) (8) (68) (95) (59) (64) (18) (56) (61) (87) (6) (79) (37) (9) (10) (31) (85) (77) (23) (69) (20) (78) (32) (33) 
60 (23) (90) (24) (82) (26) (80) (25) (42) (51) (18) (20) (16) (47) (7) (37) (60) (68) (94) (12) (19) (81) (29) (86) (44) (87) (6) (43) (85) (41) (95) (99) (46) (57) (50) (96) (89) (64) (33) (61) (53) (45) 
61 (34) (48) (14) (63) (87) (22) (8) (96) (50) (76) (36) (44) (23) (2) (16) (98) (65) (62) (66) (10) (25) (33) (83) (75) (3) (86) (80) (20) (71) (56) (47) (74) (24) (28) (29) (37) 
62 (70) (58) (71) (60) (66) (95) (2) (78) (41) (16) (6) (76) (17) (4) (98) (30) (100) (14) (54) (87) (39) (15) (57) (49) (20) (81) (73) (99) (10) (43) (52) (32) (50) (11) (35) (69) (3) (77) (94) (9) (65) (67) (80) (84) (97) (96) (23) (89) (51) (28) (92) (29) 
63 (25) (76) (37) (60) (62) (100) (55) (4) (29) (18) (5) (72) (51) (9) (38) (67) (28) (86) (53) (54) (66) (58) (46) (69) (79) (42) (27) (6) (87) (95) (61) (99) (71) (78) (14) (33) (77) (3) (7) (64) (57) (65) (59) (17) (43) (52) (83) (75) (48) (90) (26) 
64 (14) (92) (75) (4) (62) (40) (90) (27) (76) (71) (5) (28) (2) (86) (98) (11) (26) (83) (42) (99) (46) (33) (45) (50) (67) (37) (55) (68) (29) (30) (78) (94) (7) (23) (21) (6) (69) (59) (32) (15) (89) 
65 (69) (11) (27) (57) (30) (87) (58) (56) (20) (43) (66) (29) (88) (34) (46) (45) (76) (63) (71) (65) (99) (64) (5) (2) (68) (78) (48) (42) (39) (15) (81) (6) (80) (35) (16) (53) (74) (91) (36) (18) (72) 
66 (6) (84) (7) (82) (66) (52) (96) (56) (58) (49) (70) (68) (13) (95) (2) (37) (46) (87) (80) (90) (16) (55) (85) (45) (64) (81) (76) (33) (60) (5) (11) (67) (18) (69) (19) (65) (89) (47) (73) (15) (77) (54) (23) 
67 (25) (33) (39) (97) (88) (75) (95) (18) (42) (94) (64) (15) (22) (2) (63) (7) (23) (21) (99) (27) (98) (77) (52) (66) (93) (12) (73) (92) (3) (30) (4) (20) (35) (59) (46) (17) (44) (72) (96) 
68 (33) (43) (74) (13) (12) (83) (16) (30) (97) (54) (87) (15) (55) (27) (25) (23) (64) (89) (39) (100) (34) (56) (82) (66) (6) (73) (2) (10) (4) (96) (18) (67) (68) (37) (99) (93) (52) (94) (26) (65) (31) (78) (58) (61) (79) (72) 
69 (32) (56) (69) (53) (17) (20) (23) (3) (87) (74) (35) (77) (54) (95) (37) (49) (96) (14) (78) (57) (63) (61) (92) (9) (8) (67) (42) (76) (48) (22) (79) (10) (41) (39) (19) 
70 (61) (81) (77) (48) (20) (74) (54) (13) (59) (9) (2) (45) (1) (8) (43) (62) (66) (57) (32) (94) (11) (79) (17) (99) (88) (90) (93) (15) (30) (34) (71) (4) (52) (100) (87) (47) (89) (10) (95) (80) (65) (85) (3) (70) (73) 
71 (24) (16) (97) (55) (58) (2) (15) (39) (13) (60) (22) (50) (18) (37) (38) (90) (4) (6) (64) (5) (63) (45) (91) (29) (33) (48) (44) (30) (56) (21) (92) (8) (23) (47) (3) (54) (94) (85) 
72 (26) (58) (83) (33) (65) (15) (43) (98) (92) (25) (59) (23) (4) (27) (35) (62) (37) (84) (55) (99) (61) (19) (10) (3) (80) (70) (14) (93) (49) (79) (5) (67) (42) (28) (77) (21) (97) (85) (1) (20) (90) (66) (17) (82) 
73 (22) (2) (47) (14) (11) (40) (39) (43) (80) (70) (15) (59) (60) (93) (49) (12) (28) (68) (41) (71) (79) (64) (46) (100) (32) (75) (94) (25) (65) (48) (44) (37) (52) (96) (29) (66) (7) (19) (38) (86) 
74 (79) (5) (96) (16) (40) (76) (64) (49) (88) (4) (85) (35) (41) (78) (59) (92) (71) (27) (47) (14) (87) (60) (13) (29) (95) (54) (30) (89) 
75 (96) (53) (74) (37) (91) (1) (26) (31) (76) (78) (62) (14) (48) (88) (86) (45) (59) (15) (13) (5) (32) (44) (54) (38) (85) (35) (28) (19) (40) (11) (80) (90) (18) (8) (61) (24) (4) (27) (56) (20) (51) (63) (6) (52) 
76 (85) (34) (30) (71) (93) (25) (48) (28) (40) (59) (53) (31) (14) (13) (55) (44) (64) (1) (3) (9) (89) (100) (61) (23) (87) (47) (57) (15) (73) (84) (24) (97) (51) (22) (17) (35) (52) (49) (32) (78) (62) (20) 
77 (57) (91) (56) (4) (81) (77) (63) (43) (8) (26) (98) (3) (40) (94) (78) (96) (42) (18) (23) (79) (61) (30) (60) (97) (10) (75) (36) (33) (68) (99) (14) (62) (89) (50) (28) (92) (72) (45) (53) (82) (64) 
78 (53) (55) (57) (46) (36) (14) (1) (16) (51) (60) (25) (65) (82) (90) (41) (83) (71) (99) (88) (11) (80) (97) (8) (10) (89) (38) (79) (32) (58) (67) (2) (62) (100) (59) 
79 (59) (55) (81) (44) (97) (86) (78) (58) (57) (71) (54) (17) (63) (73) (31) (24) (69) (26) (39) (9) (51) (40) (46) (87) (4) (10) (30) (19) (49) (65) (29) (27) (68) (66) (14) 
80 (77) (6) (82) (33) (75) (47) (15) (53) (68) (41) (97) (49) (71) (83) (88) (85) (51) (69) (2) (23) (94) (29) (78) (93) (87) (92) (79) (81) (7) (43) (50) (8) (59) (3) (80) (10) 
81 (5) (41) (66) (39) (12) (78) (6) (15) (26) (24) (71) (67) (60) (46) (31) (61) (53) (27) (58) (85) (79) (80) (62) (14) (76) (100) (51) (54) (52) (28) (10) (43) (91) (87) (2) (8) 
82 (45) (42) (48) (87) (41) (6) (33) (2) (12) (11) (64) (91) (5) (46) (30) (50) (56) (1) (39) (79) (22) (72) (53) (14) (15) (92) (60) (86) (58) (61) (26) (71) (76) (99) (20) (97) (70) (88) (23) (100) (13) (4) (27) 
83 (19) (24) (5) (39) (1) (36) (72) (50) (6) (17) (100) (34) (41) (89) (29) (30) (85) (15) (57) (54) (14) (23) (90) (10) (12) (95) (73) (47) (94) (33) (67) (53) (7) (26) 
84 (57) (20) (90) (84) (1) (53) (38) (2) (86) (61) (78) (58) (12) (69) (24) (62) (10) (27) (4) (21) (91) (35) (34) (37) (36) (52) (16) (15) (74) (25) (48) (43) (30) (97) (68) (98) (49) (94) (89) (82) (44) (3) (100) (65) (85) (29) (8) (64) (22) 
85 (17) (59) (39) (74) (40) (41) (30) (3) (67) (90) (22) (38) (92) (85) (96) (89) (26) (61) (58) (43) (19) (56) (86) (11) (12) (57) (78) (14) (93) (80) (62) 
86 (75) (87) (44) (86) (34) (2) (66) (80) (35) (21) (93) (90) (58) (37) (41) (38) (92) (43) (79) (95) (19) (85) (51) (100) (10) (72) (12) (28) (68) (99) (27) (33) (89) (1) (48) (3) (40) 
87 (91) (95) (83) (77) (40) (63) (3) (87) (92) (32) (80) (13) (81) (74) (21) (88) (68) (24) (99) (14) (54) (28) (86) (49) (19) (7) (42) (53) (85) (27) (75) (100) (20) (22) (55) (93) (98) (62) (2) (58) (89) (1) (46) 
88 (27) (58) (71) (13) (24) (21) (95) (45) (51) (88) (84) (53) (28) (16) (35) (12) (54) (36) (38) (68) (92) (96) (100) (60) (76) (41) (17) (85) (80) (30) (37) (99) (75) (77) (59) (97) (39) (72) (65) (57) (73) 
89 (9) (40) (16) (71) (19) (81) (84) (36) (96) (76) (60) (77) (48) (46) (86) (74) (66) (11) (62) (28) (49) (12) (29) (82) (26) (21) (89) (98) (17) (33) (99) (70) (10) (97) (18) (45) (24) (80) 
90 (71) (9) (40) (96) (14) (30) (74) (42) (95) (49) (39) (25) (55) (38) (75) (58) (67) (59) (84) (94) (80) (63) (53) (41) (7) (93) (4) (3) (56) (19) (45) (90) (54) (57) (48) (29) (21) (70) (85) 
91 (51) (54) (36) (87) (34) (13) (3) (19) (6) (85) (22) (24) (11) (10) (45) (96) (49) (31) (71) (56) (42) (23) (65) (76) (39) (18) (100) (30) (25) (17) (57) (8) (27) (55) (82) 
92 (95) (61) (9) (64) (18) (15) (7) (22) (74) (53) (29) (98) (17) (67) (39) (47) (24) (79) (84) (40) (2) (56) (20) (6) (85) (70) (76) (37) (62) (71) (69) (50) (96) (44) (49) (21) (89) 
93 (81) (84) (7) (64) (71) (17) (56) (58) (49) (42) (90) (41) (87) (55) (74) (89) (27) (8) (59) (51) (69) (52) (12) (39) (97) (24) (98) (45) (14) (93) (70) (43) (82) (26) (65) (21) 
94 (23) (93) (50) (46) (63) (78) (59) (20) (69) (4) (21) (57) (86) (68) (65) (12) (30) (56) (91) (85) (43) (44) (54) (77) (11) (81) (13) (15) (84) (62) (33) (45) (73) (17) 
95 (82) (25) (24) (1) (66) (50) (62) (75) (58) (23) (17) (100) (93) (28) (65) (79) (95) (77) (97) (31) (33) (57) (60) (73) (96) (53) (94) (83) (29) (14) (86) (81) (16) (52) 
96 (13) (36) (41) (66) (69) (61) (88) (42) (68) (1) (82) (7) (24) (71) (29) (12) (27) (5) (55) (78) (14) (43) (28) (48) (9) (67) (2) (86) (75) (100) (20) (81) (96) (23) (50) (76) (51) (35) (17) (37) 
97 (89) (45) (9) (32) (68) (2) (37) (41) (91) (16) (88) (65) (10) (35) (90) (97) (84) (8) (46) (17) (31) (4) (26) (82) (19) (20) (100) (78) (83) (67) (12) (50) (23) (73) (64) (59) (38) (42) (40) (54) (60) (52) (49) (66) (85) (29) (92) (58) (80) (7) (70) 
98 (38) (46) (98) (21) (24) (69) (45) (39) (28) (91) (55) (6) (93) (57) (33) (90) (61) (14) (71) (63) (47) (83) (40) (42) (3) (80) (1) (94) (11) (67) (96) (48) (32) (27) (13) (87) (34) (95) 
99 (60) (19) (16) (43) (87) (15) (74) (20) (3) (92) (24) (44) (31) (71) (13) (22) (79) (30) (23) (11) (10) (90) (95) (85) (93) (37) (12) (91) (34) (69) (73) (42) (4) (70) (76) (65) 
100 (95) (36) (48) (27) (93) (11) (47) (51) (61) (43) (98) (54) (60) (32) (56) (87) (100) (50) (76) (81) (16) (64) (52) (3) (44) (91) (4) (29) (41) (86) (10) (28) (58) (9) (55) (33) (69) (94) (38) (2) (31) 
