0
100
100
1 (48) (40 6 13) (26 17 70 91) (10 74 69 9 11 31 25 60 41) (23 63 33 92) (93) (16) (50 79 59 55 61 72 68 58) (37) (42 2 84 34 99 73 27) (15 98 86 14 75 8) (21 4 45 29 90 82 47) (67 44) (66 57) (56 54) (5 46 88 22 49 39 52 96 3) (28 77 32 30 95 38 62 87 20 35) (65) 
2 (94 72 78) (11 25) (63 8) (62 4) (74 97) (75 99) (98 24 45 41 68 84) (27) (96 30 32 65 52 46 42) (17) (40 87 10) (50 1 79 35) (55 26) (61 14 44) (2 7) (18 19) (48 80 93) (92) (38) (56 54 51) (16) (70) (71) (67) (91 23) (9 59) (28 20 13 47) (95) (81) (39 83 64 31 88 3 22) (37 5 76 100) (69 60) (12 34 53 58) 
3 (41 10 94 43 82 36 46) (85 13) (15 100 99 89 58 68 42 77 44 88 6 9) (32 12 26 30 8 75) (78 79 62 71 86 48 64 39) (57 97 37 45) (55 7 63) (76) (49 51) (83 84 33 18 47 27 81 98 21 80 3 19 87) (28 90 38 61) (93) (52 25 59 17 20 95) (14 96 73) (72 66 40 24) (11 53 16) (91 92) (5) (65) 
4 (98 41 46 52) (96) (31 55) (76) (47 39 60 5 35 44 11 27 37 21) (53) (75) (85 82 3 66 22 94 8 99 24 50 28 59 40 16 12) (86 48) (61 80) (34 87) (43 4) (63 9 84 7 33 71 51 58 29 73 89 57 30 92 83 25 54 10 95) (65 56 17 15 2) (72 100 68) (93) (26 19 77 78 38) (91 49) 
5 (33 90 23) (35 54 13) (44) (78 26) (9 65 93) (66 1 76) (15 92 88 48 64 56 71 74 21 2 80) (42) (51 31) (24) (53 19 84 82 60 49) (45 12) (85 27) (41 98) (72 91) (58 3 87 34) (16 47 52) (43 55 50 67 28 39 77) (70) (18 8 37 17 68 63 86) (95) (100 57) (14 59 94 38 29 46 96) (40) (7) (99 4 83) 
6 (33 3 64 8) (36 65 60) (42 24 11) (85 76 48) (55) (59 28) (37) (40 98) (96) (73 43) (74 95 99 89 1 67 80) (6) (75 68 93 81 45 41 5) (88 62 53 94 9 54 10) (13) (26 16) (66 20 51 31 30 58) (50 46 90) (2 82) (38 49 29) (35) (83 86 22 12 70 25) (14 44 61) (56) (97 15 47) (19 4 21 72) (63) (27 84 92 34 78) 
7 (74 68 71) (41) (36) (50) (46) (99 22) (9) (30) (86 96 78 52 40 21 34) (77 93 8 61) (4) (60 14) (42) (63 24 43 65 18) (94) (83 97) (81 92 59) (67) (84) (19) (6 5 76) (38) (90 7 39 12) (11 53 100 47 15) (51 62 95 66) (44) (80 37) (57 79 70 17 16 45 31) (75 25 89 20 58) (26 49 82 13) (98) (32 73 35 85 3) 
8 (12) (3) (30 32) (55 82 85 94 24 93) (26) (1 2) (40 35 83) (91 50 7 34 53 23 61 60 78) (96 81 39) (90 9 8 10 75) (77 69 71 67) (63 44) (43 25 88 56) (47) (52) (31 64 22 19 59 48 41 100 58) (11 29) (5 42 66 97 89 80) (57 4) (51 84) (36 74 28) (73 45 49) (6 92 46 14 72 15) (54 16 95) (38) 
9 (25) (78 54 31 67) (30 53 55 76) (96 52 84 95 40 94 89) (59) (27) (100 24 60 35) (98 19 69 14 46 11 71) (36 77) (73 51 91 37 28) (7) (48) (99 38) (82 4 3) (61) (85 13 50 8 44 10 66) (45) (56 17 2) (64 58) (6 42 79 9 49 57) (75 32) (34 62) (26 74) (41 68) 
10 (12) (37 84 78 98 26) (23 15) (94) (13 58) (28 56) (1) (30 27 65) (93 32 90 31 96 67 19 92 99) (22 59) (41) (4 55 79 5 68) (64 62 47) (87 38 85) (17) (16) (44 69) (42) (40) (10 18 20 57) (25 82 66 86 52 29) (91 3 73 63) (97) (50 39 48) (95 70 6 100) (83) (11 7 61 77) (89 51 33) (49 80 9) 
11 (58 48 72 3) (55 5) (51 49 76 2 8 31 52 24 13 60 33 68) (81 23 99 74 30 41 63) (67) (54) (82 17) (15 89 43 20 73 44 85 38 62) (19 9 11 56 35 79) (29 93) (26) (10 4 90) (59 27 65 1 7 16 95 86) (21 12 32) (18 66) (64 14) (100 75 28 42) (50 39) (83 92 71) (61 40) (57 98 80 47) 
12 (87) (61 42) (90 25 49 53 66) (73 28 17 74 68) (27 98 33) (19) (16) (81 20) (40 71 44) (85 77) (26 35) (93 50) (88) (46) (32) (41 55 95 7 45) (63 8 83 79 22 59 6) (82) (15) (38) (57 65) (99 2) (10 54 1) (97) (94 80 13 14 86) (52 70 31 12 30 69 18 89 72 23 84 76 37) (91 75) 
13 (88) (77 8) (1 13 75 93) (32 46 30 79 45) (33 82 36 51 90) (76) (40) (2 47 56 69 27) (74 22) (17 18) (39 10 98 12 71) (48 21 20 99) (31 80 19) (58 96) (61) (49 34 67 95) (37 25 65) (83 3 7 50 87 53) (89 72) (86) (85 6 11 81) (16 38 54) (68 64) (78 73) (94 29) (92 62 84 66 43 91 23 100) (5 70 55) 
14 (58 7) (43 3 38 88) (17) (67 94) (27) (82 39 12 76 79 95) (48) (44 16 31 69) (20 93) (29) (26 78 2 40) (24) (4 41 89 74) (70) (51 56 57) (63 71 68 75 100) (59) (18) (34) (50 45 86) (23) (72 10 11 5 87 65 62) (22 96 49 6 66 33 83 77) (32 90) (55 1 30 52 25) (13) (60) (35 15) (54 28 64 14 42) 
15 (81 22 73) (31) (30 79 13) (27 87 10 5 46 44 62) (92) (29 65 99) (36) (100 42 60 59) (16) (53 19 75 24 3 97 56 2) (18 7 1 14 82 12) (61 52 68 25 85 9 15 41 90 64 66 20) (69 58 47 94) (76) (17 93 33) (4 54 39) (83 23 84 43 28 40) (50 6 91 38) (89 63 57 45 35) (55 78 67 88 37 48) 
16 (5 94 49) (19 73 91 67 68 33 36 16) (6 62 25) (34) (72 70) (2) (85 26 8 63 10 93 52) (46 65 89 37 83 57) (76 47 84 23 1) (100) (56 9) (21 45) (13) (39 92 48) (41 88 4 50 97 29 12 59 31) (82 44 51) (66 81) (20 79) (60) (38 99 71) (75 58 15) (55) (30 43 17 90 69 3 53 98 7 24) (74 42 96) 
17 (78 58 92 46) (4 14 12 17) (56 1) (86 43) (59) (27) (80 71 52) (45 40) (23 54 15 26 7 8 85 87 88) (55 93 3 48 51) (62) (21 37 36) (98) (30 44 11 68 2 47 19 63 42) (69 35 57) (100) (49) (72 39 10 5) (13) (66 16 94 25 77) (75 29) (34 32) (82 24 97 84) (90) (79) (6) (99 9) (61 81 41) (70) (73 91 95 83 33 76 28) 
18 (16 71) (86 18 66 26) (1 95 28 83) (22 46 82 17 14 57 23 37 80 19 27 32 13 3 2 67 84 92 15 11 65) (21 53) (12 49 61 50 36) (40 44 93 38 63) (47 88 85) (76 39 54 87 64 100 78 81) (24 45 30 4 58) (9) (70 51) (62 55 5) (31 69 75 94) (48) (68) (42 8) (90) (56 96 91 29) (43 60) (20) 
19 (24 99 1 93 19) (68) (14) (81 91) (49 94) (20) (39 64) (37) (40 35 4 71) (72 26) (97 2 30 41) (56 13) (88 73) (76) (84) (90) (70 36) (22 34 29 59 86) (66) (83 10 46 54 60 95 61) (78) (11 58 47 50 23 27) (25 62 16 63 57 96 32 77 80 51) (21) (65 75 53 44) (5 33 100 55 85 98 89 7 6 48 82 15 67 28) 
20 (71 36) (49) (38 45 3) (31 77 43 61 60 57 50) (37 9 48 4 8) (63) (67 34) (5 20) (91) (1) (66 69 64) (30 24 10 11 42 16 14 82 86 74 18 2 94) (52) (99 81 83 93 35 40 68 26 23 76) (96 15) (65 89) (58) (90 55 12 41) (73 47) (98 28 75 17 100) (85 84 53 27) (32 33 79 13) (95 92) (97 87 72 80) 
21 (34 77 33) (32 31 61 25 21) (35) (1 28 18 100 57 5 7) (64 44 69 23 74 86 71) (63) (68) (81) (10) (43 59) (45) (36 97 51 40 72) (73 42 47 22 4 37 17 8 62 12 89 50 52 98) (3 29 96 94 99 70 85) (39 48) (95 46 56 92 93) (90 66) (30) (88 65 84 83 78 24 11 15 19 79 91 80 87 41) 
22 (5) (82 52) (4 17) (28 88 46 26 56) (62) (59 63 71 69) (44 18 97 81 49 11 27) (92 83) (58 60 25 13 94) (53 30) (55 68 16 57 19 98 61 91) (14 10 38 50 31) (2) (80 89 93) (100 3 64 47 41 48) (6 99 87 77 35 65 85) (90 45 33) (79 24 67) (1 21) (95 20) (22) (96 51 73) (29 78 32 9 42 76 43 74 8) (39) 
23 (88 95 2) (40 34 1 31) (86) (74 60 24 46) (7 93) (38 25 89 79) (27 20 99 3) (18 32 50 57) (67) (69) (51 80) (47 71 44 28 9 22) (43) (56 92 70) (87) (85) (62 10 59 37 36 30 97 11) (98 19 42) (94) (48 73 72) (45 83 21 96) (33) (17) (76) (16 29) (13 75 15) (84 77 54 8 90) 
24 (49 27 13 55 28) (89 30 7) (75) (80 92 9 47 43 100 39 51 40) (29 33 42 73) (60) (86 48 24) (85 72 31 19) (94 25 77) (41 83 50) (15 63 2 6) (59 58 79 5) (99) (11 44 21 68 4) (90 54) (82 91 96 62 52 14 12 78 65) (36 18 71 16 37 22 46) (38 88 69 20) (70) 
25 (67 45 15 97) (39 52 22) (4) (19 33) (81 85 70 87 57 8) (37 54) (50 32 44 80 72 35) (21 84 1 66 3) (71 79 23 95 28 17 6 53 13) (60) (16 51 10 62 96 91 12) (7) (47) (74 64 2) (18 99 98) (61 83 11 31) (38) (65 58) (40) (100 34 46 63) (26 69 86 59 41 27 25 55) (14 77 73 94 48 43 78 93) 
26 (43 53) (42 9 95 46 70 10 11 83) (58) (2 48) (61 71 94 29 98 76 62) (16 89 68 40) (13 26 32 31) (38 15) (33) (8) (25) (74) (55 21 39 78) (87 75 47 60) (97 35 69 100) (30 1) (14 44 36) (77 92) (52 27 90 18 49) (4 72) (45 65 80 54) (17 5) (85 20) (91 73 56 50 22 86) (82) (63 64 37 84) (67 51) (57) (81 3 6 19) (59) 
27 (57) (33 84 92 41 90) (5) (71) (73) (31 68) (63 53) (18) (7 35 26 24 12 86 14) (95 8 58) (45 48 100 32 44) (16) (17 70 60) (56 47 96 65 75) (52) (34 69 61 89) (91) (10 80 83) (50) (98 66 74 88 3 87 79 76 46) (13 59) (27) (30 51 21) (9 77 38 29) (82) (97 54 72 42 36 22 11 93 43) (19) (78) 
28 (8 32) (66) (48) (52 88 16 13 43) (17 45) (50) (89 23 76) (37 1 41 36 20 42) (73) (71 38) (31 98 65 85 100 22 70 54 77 97 86 26 35 75) (82) (21 92 3 90) (56) (51 24 59) (12) (47) (9 94) (68) (99) (84 5) (6 91) (27 2) (4 11 7 87 95 63 81) (64) (28 29) (60 33 25 46) (57 72) (83 30 78 34 93 19 14 49 44 67 55 69) (62) 
29 (28) (50 51 25 59) (31 20) (52 4 3) (24 60 67 93) (81 47) (41) (69 80 38 49 76) (72) (30 70 16 55) (14 73 88 63 56) (15 13 40) (97 19 74 84) (42) (77) (5) (23 75) (61 54) (96 37 27) (46 32 62 48 79 91 95 18) (33) (87 6) (98) (35 17 100) (11 8) (21) (58 26 83 99 82 36 89 85 57 34 94 1 71) (22 7 44) 
30 (43 84 16) (44) (69 25 94) (33 70 68) (30 81 19) (96 45 61 100) (54 10 1 47 93 62 13 42 55) (53) (91 38 34 71 66 80) (36 40 74 64 88 77 12) (57) (7) (98) (46) (73 11 29 72) (26 41) (60 24 32 14) (31 63 22 3) (58 92 21) (99 51 65 37) (23 79 15 9) (76) (35 85) (95 39) (17 5) (59 56 97 49) (20 27) 
31 (33) (34 12 55 73 41 16 37 85 68 70) (19 10) (7 52) (1 72) (32) (42 97 38 67) (26 51 60) (71 20 69) (11 28 46 82 61 13) (59 36) (15 14) (89) (86) (2) (58) (88 9 54) (8 23 74 35 78 44 100 93) (62 47 29) (53 80 17) (98 84 27 95 94) (45 81) (99 31 87) (18 5 4) (3 83 48 92 57) (39 63) 
32 (100) (71 77 47 32 17) (23 97 39 55) (19 24) (62 69 11 15 53) (76 68) (61 83 90 58 2 12 81 28) (88 40) (51 45) (41 78 79 36) (52 7 21 87 35 59 63 65 96 50 93 4 49 25) (6) (92 94 86 9 43) (27 20 37 74 10 75) (98 42 89 57 5 16 8 82) (56 64 60 31 29) (26 73 1 66 38 44 30) 
33 (24 77 5 73 11 92 79 2 15 88 54 67 69) (25) (44 20) (37) (35) (70 38) (96 56 13) (89 52) (90 100) (17) (82 1 26 10 55 76) (85 30) (4) (9) (27 36) (58 40 91 74 63) (48 43 3 28 80 71 53 57) (33 18 84 47 8 51 42 21 94 14 81) (75 46 23 60 49 34 66 61 19 31 68) 
34 (4) (14 26) (93) (70 61 37) (69 32 38 91) (20) (25 81) (64 53) (75 30 67) (54) (100) (8 51 13 56 55 10 50 22 85) (52 9 71 86 88) (59) (79 63 17) (80) (5 27 43 1 31 40 24 74) (78 34 3 83 23) (62 90 28 36) (16 77 29) (95) (12) (19) (92 89) (11 97) (46 47) (87) (73 7 66 72 82 15) (42 39 84 99) (2) 
35 (46 48 92 32 70 53) (5) (69 16 8 67 63 60 38 85 37 17 35 62 3) (47 13 59 4 71 93) (15 23 90) (18 94 12 91) (43 55) (66 87) (7 100 19 10 76 6 11 54 45 34) (89 86) (36 33) (99 14 74 9 52) (27 96) (30 97) (1 29 22) (58 88 49 80 51) (41) (21 31) (56 75 50 40) (39 82) (64 72) (65 26 61) 
36 (95 100 93 65 60 47) (62 48) (68) (46 20 74 73 55 28 64 87 39) (90 11 33 83 2) (41 56) (61 42 1) (27 52 72 36 96) (38 88 69 16 10 8 22) (34) (50) (25) (15) (43 99 57) (3 49 79 51 23 89 84) (77 40 45 94 58 76 86 63 91) (98 18 67) (78 29 24 26 66) (97) (6) (71 59 92) (53) 
37 (45 77 4 48) (40) (70) (50) (38 36 99 17 28) (11 89 47) (59 30 55 73 72 13 12) (26) (81) (46 32) (16 65 42 20 58) (3) (15) (27 43 5) (18) (97 56) (96 93) (87) (69) (98 52) (82 61 80) (6) (90) (92) (21 74 33 68 85 78 76) (57 23 54 22) (94 60 1) (64 63 19 14 2 8) (86 24) (25) (88) (91 39 83 84 95 62) 
38 (52 97 86 77 45 89 29) (17 14 39 51 73 76) (53) (18 81) (7 60) (33) (36 42 70 100 84 10 13 95 6 4) (71 79) (20 31 64 8 87 63 37 99) (2 62) (93 94) (41 61) (38 90 43 22) (19 32 9 66 11 65) (80) (25) (26) (21 47 88 27 92 55) (67) (15 3 74 50 44 91) (16 57) (56 46 35) 
39 (64 71 30) (17) (49 3) (25) (5 31 19 66 2 92 54) (11) (15) (13 57) (16) (99 1 28 95 35) (85) (58 34) (86 60 68 98 41 69 14 8 76 45) (59 44 20 4 46 38 53) (56 33 91 70) (26 7 72 83 50) (88) (90 80 94) (23) (24 39 97 52) (63 9 37 84 6) (73 40) (42) (79) (62 18) (47) (10 78) (96 29 81) (61 100 89 87) (48) 
40 (92) (12 98 54 39 16 59) (50 63 40 67 89 22 5) (35 20 44 41 100 90 73 65) (97) (81 11 95) (62 47) (38) (82) (68 84 60 2 99) (80 56 13) (88) (83) (45) (8 34) (52 29 31 96 51 18) (71 46 33 15 53 76) (4 55 57 58 14) (27 48 1 69) (42 6 26) (86 17 94 72 9 93) (43 75 78 10) 
41 (79 57 59) (81) (24 45 51 83) (60 95 61 19 71) (49 8) (55) (69) (91 25) (73 84 82) (94) (68 44) (23 62 88 42 1) (46 74 97) (41 37 47 12 17 20) (70 38 35 90) (54 18 32 63 72) (64 13) (66) (99 36 34) (78) (31) (93) (96 29 67 21 26) (3) (92 27) (77 30 7 100 43 9) (89 2 39) (85 40 56 22) 
42 (35 97) (13) (33 57) (89) (93 38 36) (28) (98 74) (41) (37 40) (66) (45 24 12 47) (90 27 23 75 29 15 17 94) (86 5 11 18) (76) (50 99) (55 87 52) (22) (14 21 31 62 8) (83) (26 7 54 19 77) (46 92) (30 9 4) (32) (34 88 78 1 56 48 96 42) (80 49 59) (61 39) (91 60) (95 2) (70) (58 10 85) (63) (25) 
43 (92) (32 71 5 10) (80 97) (79 73 36 25 86) (20) (100) (95 13 62 57 59) (64 22) (38 77 18 81 6 27 56) (66) (60 8 63 68 55 61 26 43) (74) (31 37 34 33 47 75 78 46) (3 17 88 70) (21 49) (84) (30 50 58 23 40 42 19 44 82 29 12 69 65 53 4) (99 96 94) (24) (89 2 15 48) 
44 (63) (71 32 15) (72 25 14 31 50 53 1 85 4 99 64 11 40) (95 21) (41 78 24) (19 91 20 66 65 90 37 57) (55 47 54) (44) (28 79) (58) (3 27 56 86 33 29 67 60) (36 88 49) (76 46 87 59 92 16 97) (22 12) (43) (23 26 7 8 80 74) (68 89 38 52 75 35 2) (81 17 42 61) (34 9) 
45 (23 69 50 10 3 38 74 14 13 17 81 89 4 29 20 43) (2) (87 70 66 79) (57) (46 94 8) (53) (39 96) (44 91 98) (80) (55 42 22 16 48 71) (85 40) (31 34) (47) (65) (18 93 33) (76) (27 9 54) (52 77 1 11 63 67) (58 36 61 100 75 28 62 26 5) (90 72 41 45) (21) (30) (19) (49 6) (12 68 82 15) (97) (84 7 73 59) (86) 
46 (67 8 16 69 80) (77 87 65) (89 43 42 85 62 78 14) (96) (17 74 46 3 6 15 64 54 88) (100) (53 10) (60) (41) (23 26) (51 68 37 40 58) (47 59 86 81 28) (9) (83 76 5 79 20 4 95 97) (94 29) (93 73 72 49) (21 70) (84) (27 82) (33) (90 61 31 48) (91 7 45 25 71 55) (92) (39) (66 22) (52) (2) (24 18) (50 99) 
47 (27 6) (54 11 61) (1 29) (57 71) (32 21 97 90) (68 19 56 46) (85 3 26) (28) (20) (98 31) (47 62) (5 95) (2 88 58 9) (48) (83) (50 82) (67 79 60 33 76 13 24 75) (4) (45 44 74 93 39 8 51) (72 34 80 84) (73 52 10 37 86 22) (59) (43 94) (77 100 23) (12 69 66 36 18 25 81) (42 78 64 15 63) (14 53) (7) (41) 
48 (61 11 57 55 48 46) (70 83 64 62 51) (73 69 26 82 14) (12 8 35 44) (15 32 72 86 47 68 13) (50) (98 90 7 58 38 40 87) (88 53) (39 23) (19 41) (29 91 92) (49) (60 96 37 45) (63 43) (81 34 85 30 9 84 36 31 17 27 71 33 42) (75) (6 93) (100) (16 4 18) (20 2 74 65 25 3 80 59) (76) 
49 (45 38 53 12) (46 25 39 15 87 22) (10 30 49) (93 56) (60 31 79 69) (81) (59 68 82 96) (35 4 28 47 17) (71 89) (63) (5) (78 2 54 95) (23 88 92 34) (13 20 83 16 29) (51 1) (27) (91 33 42) (19 77 86 57) (94 99 75 74) (3) (18 62) (14 85 72 98 80 66 43) (24 8 26 21 55 90) (61 70) (41 50 84) (44 36 9 100 65) 
50 (73 31 29) (32 79 37 74) (23 40 14 60 9) (38 87) (56 45 91 51 64 68 19 92 100 8) (76) (89 6 1) (66 90) (30) (15 13 27) (82) (18 12) (58 2 28 78) (55) (70) (65 44 47) (24) (98) (67) (61 62 59 43 54 83 46 42 50) (11) (85 48 63) (25 22 20 93) (7 75 94) (52 17 39 3) (34) (97) 
51 (12 68) (76 20 100) (9) (53) (71 89 8 46 42) (32) (88 62) (17) (94 39 36 47 75 24 51 95) (40 85 30 7 28 26) (54 6) (91) (35 2 55 58 43 78 14 79 23) (81 1) (77) (83 49 61 21 67 16 73) (45 56 84 5 29 97 38) (11 44 92 48 3 34 70 22 80 27 93 64 60) (19 90) (63 69) (96) (41 52) 
52 (59 49) (93 7 78 35) (6 92 10 11) (22) (43 67 60) (23) (61 5 18 89 16 64 8 20 50 4 53 13 19 40 97 63 33 39) (79 90) (34) (42 3) (21) (41 66 81 88 54) (32) (68 94 30) (86) (74 91 71 28 48 9 73 52 29 12 47 31) (95 24 77 55) (26 72 82 98 99 76 57 85 69) (65) (58 96) 
53 (88 41) (77 14) (72 11 36 6 3) (40 58 21 17 8 50 87 7 30 73 64 34 55 63 81 33) (74 76 18) (42 4 1 26 100 13 15) (10 44 39 31) (78 12 71 52) (20) (92 95 47 46) (9 27) (99 38 43 90 37 23 93) (16 48) (66 62) (68 22 94 19 86 56 84 61) (91 45) (75 60 79 80 96 32) (59 97 82) (53 25) 
54 (55 93 82) (1 84 49 72 28 47 100 66) (88) (75) (5 62 68 36) (77) (63 96 23 17) (52 27) (30 83 15 33) (71 89 24 67) (85 18 46 74) (86 92 60 39 9 34) (98 51 58 78 29 44 32) (87) (61 13) (91) (12 37 11 26 19 81 53) (54 42 10 22) (59 45 80) (41 65) (43 57 50) (73 99 2) (40 31 21 95) (16 79 7) (20 76) 
55 (96) (46) (29 84) (40 48 16 23) (81 76 32 27 67) (90 100) (54 74 63) (33 86) (55) (94 2 3) (36 93 52 31) (98 80 91 51) (24 5) (59 28) (34) (64 68) (47 43 20) (22 69 89 61 87 82 42 39 56 92 11 4 62 13 77 97 17 71 73) (49 83 38 58) (25 8 65 7 75) (1 6 72) (10) (53 57 14 45 37 78 88 79 21) (26 15) (95 41) (44) 
56 (41 22) (5 84 48 98) (31 81 99 75 95 86 42 2) (61 19 32) (96 64 63 60) (38) (6) (35 30) (73 59 72 28 74 58 68) (67 88) (12) (27 87 40) (97) (93 1 54 11 34 18 44) (56 15 65 77 55 3) (4 33 70 14 29 25 76 53 23 66 45) (26 91 21 69) (7 92 39 17 47 43 94) (16) (82) (83) (50) (51 37) 
57 (76 51 90) (50 95 41 58 44 17 8) (85) (66 37) (43 2 29 14 68 94) (28 4 73 78 82) (47 55 32 19) (54) (83 21 71) (16 25 88) (5 61 72 69 10 99 34) (22 38 62 81) (48 1) (70) (9 39 67 12 87) (20) (30) (52) (79 74) (15) (7) (97 23 13 65 3 56 26 89) (77 100 57 11) (6 49 86 84 92 93) (36 91) (33 31) 
58 (75 83) (80 63 33 81) (21 7) (88 49 16 11 79 50 12) (70 66) (90 19) (58 42) (74) (64 20 28 8 10 24 95 97 53) (93) (9 54 78 96 40 52 36 2 18) (98 57 25 68) (27 44 13 48 73 55 22) (51 84 29 38 62 39) (5 85) (89 86) (94 59 56) (69 37 32) (45 46) (14 72) (4) (6 35 91 87) (23) (43 31 41 77) (30 26) (17) 
59 (85 42 67 35 79 92) (87) (72) (18) (91 99 71 11) (78 37 49 75 32 54 15 77 56 76) (59 13 43) (86) (38) (46 52) (28 94) (34 5 40) (27 20 73 30 70 55) (53) (19 63 2 10 81) (58 83 98) (61 69 90) (33) (93 57) (47 50 16 100) (48 41 89) (74 22 21) (23 97 60 80) (26) (68 8 65 1 66) 
60 (57 92 83 32 39 7 29 74 41 38 3) (80) (43) (58 26 60 47 88) (76 91 66 46) (24) (63) (42 71) (27 5 28 53 93 51 56) (9 13 10) (22 97 70 55 68 82 65 52) (87 35 75) (23 69 48 98 14 20) (49 40) (85 6) (77 15) (18 19 45 100 72 81 94) (90 50 4) (8 12 36 78 59) (31 95 16 2 67 62 44 11 64) 
61 (69) (26 40 92 14) (82 43 72 25) (22) (47 95 3 79 99 91 42) (34) (37 62 21 49 84 20 23 80 50 53 93 97 29) (66 55 30 13 76) (24 81 83 71 51 18) (2) (96 5 28 77 16 10) (15) (41 87 52 44) (54 59) (12 63) (85 90 45 7) (19 98 60 68 88 46 86) (100 32 9 27 73) (67) 
62 (38 14) (61 95 45) (54 37 78 65 24) (18 56) (68) (6 42) (35 93 86 17 67 69 31 7 85) (94 64 41 60 55) (39) (92 9 1 82) (26) (99 25 83 33 10 62) (100) (30 3) (58 51) (28 22 76) (57) (98 36 19 79) (21) (84 43 71 72) (34 8) (63 70 52 13) (90 88 23 47 75 12 74 73 16 66 81) (50 89 46 48 20 77 97 53) 
63 (88) (98) (18 65) (78 97 15 96) (58 44) (4) (66) (82 2) (51 8) (95) (3) (56 19 67) (27 32 86) (75 77) (31) (68) (10) (91 20 57 37 9 73) (59 6) (41 17 54 35 12 63 55) (29 5) (25 83) (90 24 85) (60 21) (61 48 64) (28 22) (92 70 40 80) (72 45 71) (39 94 16 79 49 34 53 26 38 99) (30) (87) (89) (52 69 47) (36) (50 7 11) (43) (62) 
64 (48) (21) (60 95 72 33 36 32) (24 93) (67) (30 27 20 1) (92) (54 15) (45 83) (6 100 78) (86 90 8 46) (63 37) (77 87 28) (58) (82 31) (89 91 16 44 73 2 26) (25 53 35) (57 18) (23 81) (66 11) (22 62 69 42 50 5 68 43 64 71) (14 70) (39) (84 65) (99) (51 76 17 59) (38 88 4 41) (85 56 7) 
65 (9 12 27 15 8 73 1 86) (79 59) (49 14 90 65 35 63 91 31) (100) (11) (78 54) (43 58) (89 66 22 19 75 5) (24) (37 71 38 87 20 57 30) (42 64) (18 81 72 70) (51 28) (45) (88 80 40) (48) (61) (60 82 92 36 53 74 32 41 77 94) (67 62 4) (76 56 6) (44 55 84 13 29 39 17 99 21) 
66 (28 82 7 94) (40) (11 48 20) (3) (99 16 6 84) (88 41 53 66) (98) (75 49 8 52) (57 100 50 91 56) (81 61 13) (90 42 95) (79 30 17 26) (70) (14) (67 36 71 68 92 24) (19 72 39 78 73) (10) (64 15) (35 47 69) (32) (21 45 2 60) (89 34 63 31 29 93 62 12 85 38) (74 46) (80) (44 87 55 59 65) (43 5) 
67 (95 56) (1) (69 70) (97) (59 72 36) (57) (20 98 78 58 4) (55 93) (22) (19 88 80) (40) (7) (41) (11 61 38) (17 5) (35 82 52 68 42 51) (86 23 3 54) (53 63) (65 15 67 30) (46 34 74 10) (90) (60 83 9 37 96 99 91) (66 73) (25 12 85 29 92) (16) (76) (47 79 100 18 27 45 44) (21) (64 24 8 94) (33 32) (75 77 28 43 81) 
68 (73 16) (93 82 75 78 17) (2) (37 99 10 6 92 100 40 66 77 3 89) (84 30) (5 26) (90 7) (4 44 21 20 15 29) (81) (98 31) (25 53) (49) (63 47 58 86 62 80) (48 28 18 46) (71 38) (65 13 22 39 67 32 54 1 88) (95 76 70 79 56) (85) (23) (94) (68 33 19 60 61 69) (59 52 55 87) (41 50 97 72 24) 
69 (63 10 41 25 74 31) (5 72 86) (55) (87 70) (90 54) (94 37 92) (77 97 91 50 53 84 81 62) (79 7) (19 24) (71 61 26 65 13 39 27) (18) (59 51 36 89 58) (85) (73 88) (16) (2) (80 83 11) (32) (67 96 98) (64) (43 23 35 47 46 22 42 15 99) (38 21 100 66 75 4) (33 28) (52 30 34 20) 
70 (51) (6 78 44 15) (79) (58 16 12 2 25 83 63) (82 31) (86) (26 41 5 96 28) (65 81 33) (37 23 64 73 90 68) (76 80 92) (24 71 22) (89 13 35 52) (11) (46) (20 8 45 91) (7 67 18 34 1 30) (62) (88 38) (94) (66 61 69) (48 60 93) (17 40) (10) (42) (50) (56) (27 77 59 54 87) (21 84) 
71 (23 42 30 70 16 12 17 75 14) (59 90 87) (2 43) (41 10 69 15) (91 20 67) (53 84 96) (97 98 80 72) (1 37 52 79) (61 36 71 86) (29 31) (7 78 35) (89 27 99 66 28 45) (38) (77 11 68) (34) (13) (40 9 8 85 33) (100) (55) (64) (92 50) (47) (88) (24 6 73) (48) (56 39 83 93 22 58 62 25 81) 
72 (50) (78 62 35 29 3) (24 22) (47 79) (20 51 65 86) (42 32 4 40 80 60 71 55) (73) (57) (98) (26) (39 37 91 97 15) (7 30 21 6 59 8 16 17) (89 28 77 38 95 43) (76 93 45 99 90) (56 81) (11 34) (83 94 48 74) (69 49) (68 63 44 13) (64 19 12 96) (70 53) (87 66 31 58) (23 92 36) (9) (61 72 5 33) (14 2 52) (75) 
73 (61 91) (10 97 40) (3) (95 71 36 94 50 100 99 20 69 56 17) (39) (58) (44 68 47 92 12 45 78) (73 48) (8) (62 16 11 2) (26 27) (85 59) (87) (15 81) (79) (37) (7) (18) (82 33 25) (55) (42 74 13 28 14 24 6 93) (80) (1) (96 86) (89) (51) (64 22 29 4 98 53 57 21) (83) (72 65 23) (32) (9) (84 67 66 76 70 30) (54) 
74 (97 61 73 12) (43 54) (69) (78 46 90) (18) (51 98 30) (84 52) (21) (26 9) (41) (88 58) (70) (35) (28 60) (16 59 92 66 47 93 7) (68) (6) (40) (67 76 89 15 10 36 94 27) (29 95 63) (13) (71 99 1 79 62) (75 81 31 38 11 85 96 49) (5 57) (4 19) (48 39 91) (56 22) (72) (42 37) (65 82) 
75 (60 73 84) (86 49 33) (67 100 34) (95 72 63) (47) (46 70 22 53 51) (79 65 20 68) (75) (57 74 69 8) (5) (71) (44) (80 26) (96 55 64 41 43 78 18 14) (32) (45) (25 66 9 17 54 19 12) (40 24 83 30 13 91 52) (42 21 28) (2) (77 16 15) (89) (37 93 94 48 31) (38 58 36 10) (56) (98 88 59 11 27) (97 90) 
76 (7) (27 64 5 41 77) (21) (89 9 12 2 93 49 48 38 15) (46) (59 11 26 58 43 65 72 24) (75) (86 78 91 30 37 36 22 68 52 97 56 51 95) (85 88 4 100) (20) (53) (67 57) (55 80 34 60 74 61 29 47 69) (87 40 99 44 76) (18 13 35 42) (45 14 63 32) (96 33 92 50 79 90 94) (17 84 66 81 62) (16) (39 1) (98) 
77 (73) (14) (94 7 12 31) (6) (65 75 54 26) (78 30 74 98 66) (41 40 83 2 85) (13 93 17 81 79) (86 24 33 64 34 15 72 9 53 57) (19 3 21) (8 1 70 45 20 68 49 92 100 51 96 27 67) (44 35 58) (69 4 47) (5) (23 10) (18 46) (38 28 50 91 82 55 71) (87 59) (22 80 16) (63) (84 99) (77 56 25) 
78 (16 73) (3 61 42 99 88) (97 86 78 76 9 69 35 17 7 53 70) (26 39) (46 37 93 23) (64 75 41 27) (30) (54) (56 79 71) (15) (19 40 77) (60 34 22) (32) (44 8) (85 83) (21 48 95) (20 68 5 12 91 89) (1 31 96) (67 38 81) (10 94) (59) (84 58 92 33 74) (72) (49 82 25 98 4 29 52) (90) (47 6) (14) 
79 (50 20 97 29 59 40) (94 14 85 4) (86 56) (9 26 44 92 87) (45) (81) (90) (1 41 42 21) (73 24) (79 100 67 46) (72 98 64) (6 27 74) (80 33) (52 82 48 77 5 38 25) (51) (18) (78 69 35 49 70) (34 55) (66 28) (93) (71 99 23 63) (84 37 60 76 91) (2 62) (83) (95 19 7 36 30) (53 31) 
80 (47 1 17 71) (98 61 43 24 85) (8 70 78) (81 21 29) (96) (58 15 74 72 2 44) (67) (40 49) (30 3 75 51 63 94 89 52 92 42 84 64 59) (56 12 55 65 50 90 38) (66 87 28 33) (23 80 36 19 13 86) (62) (100) (91 26 34 77 79) (69 68 35 76 54 14 99) (25 53) (82 9 46 16) (18 48 4 45 31 22) 
81 (26 83) (100 45 29 8) (88 99 23) (46) (28 49) (97) (11 90) (95) (43 75 32 52 98) (7 14) (76) (63 2 80 96 5) (84 69 15 70) (18) (67 72 35 59 73 51 74 60 6 34) (38 79) (9) (85 44 10 12 56 82) (37 24 71 13 36 16 50) (66 93) (40 89 62 86 25 1) (81 61) (33 58) (20 39 30 77 3 68 92) (54 41) 
82 (54 21 86) (82 76 7) (23 78 75 41 92 46) (80 88 57 72 96) (61 73 91 37 17 94 42 81 40) (35 100 24 38 87) (68 4) (10 60 51 52 74) (29 56 9 69) (1 48) (45) (44) (77 13 19) (34 97) (2 8 84) (5 71 22 95) (89 12 49) (11) (53 79 55 98 18) (30 99) (28) (43 31 15 67 64 3) (33 14 50) (63) 
83 (57 74 29) (62 51 6 80) (95) (3 63) (100 4) (47 54 66 87 22) (26) (5) (43 35 10) (79 14 9 13) (18 65 85 77 23 15 48 45 90 46 99) (58 84 41 49) (76) (92 25 86 34 93) (73 11 31 61) (64) (50) (75 69 20 40) (8 39 88) (32 36 70) (28 1 89 83 72 78 38 94 12 96 30 21) (53 24) (52 17 60) (98 44) (27) (56 2) 
84 (79) (36) (88 30 45 3 21 69 1) (34 90 74 41) (99 26 6) (49 29 48 28 62 58) (24 20 18 42) (10) (97) (19 31) (92 87 59 81) (5 64 63) (85) (54 35) (37 22 38) (25 12 86 56 98 52 9 100) (65) (70 14) (53 40) (91) (55) (44 4 96 73 43 16 66 8 23 78) (93 50 47) (17 67) (82 11 27 46 77) 
85 (29) (53) (42 1) (31 41 57 72) (62) (3 14) (76 82) (36 91 23 33 84) (74 39) (81 58) (40 28 59 15 34 90 64 8 68 5 44 10 26) (83 85 6) (12 7 20) (4) (19) (48 69 78 75 51 89) (73 17) (71 87) (56 45) (60 77 94 18) (32 65 37) (63) (95 24 49) (99 38 97) (67 98) (47 9 43) (25 92) (2 55) (54) 
86 (16) (32 80 67) (3 97 62 17) (21) (64 75 38 96) (59 65 50 88) (23 33) (66 9 57) (68 39 76 5) (56) (58) (98 41 26 54 4 61 85 51 8 35) (81) (28 72 91 46 37 93) (92) (7 30) (27 94) (73 87) (55 25 29 70 82 45 63 43 18 12 90 77 83 52) (95) (24) (31 20 100) (48 44 49 19 86) (6 47) (13 99 42) 
87 (18 41 89 29 94) (88) (68 38 72 26 78) (57) (99) (77 8) (53 5 82 1 49 96) (71 25 58 70 69) (54) (21 28) (33 62) (22 39 24 20 73) (67 98) (3 81 85 65 92 12 11) (90 63 6 42 52 27 66) (61 91 97) (16 84) (80) (83 50 23 51) (13) (37 87 30) (93 46 95) (45) (7 14 59 100 40 48 43) (19 9 75 55) (4) (36) 
88 (89 26) (33) (65 41 68 30) (73) (39 66 77 80 59 53 6 70 34) (52 49 98 96 95) (92 2 47) (20) (8 7 44) (19) (29) (63 56 12) (50 94 72 62) (18 97 14 84 48 79 81) (61 74 32 93 88 90) (21) (22) (37 13 60) (91 23 87) (58 64 55) (5 31 28) (76 15 3 24 82 83 78 43 51 69 67) (25) (4 16 17) (36 38 42) (75) 
89 (13) (9 39 65) (10) (85 6 1 98) (12 46) (66 56 92 89) (26 76 68 97 78) (37 8 32 53 54 63 73 21) (18 14) (34 29 20) (94) (48 5) (93 36 49) (91 45) (58 3 81 72) (2 61 90) (62 59 51 100 96 84 99 19 16 42 86 25 27 7 79 15 44) (80) (30 57 11 87) (17 77 64 50 22) (74 55) (28 41 60) 
90 (44) (89 56) (64) (70) (66 59 49) (15 62 36) (41 75 83 19) (42 65 21) (55 57 81 71 20) (2) (91 92 76 47 86 40 23 4 74 82 78) (5 48) (37) (50 35 51) (9 67 96 25 79 10 6 8) (1 22) (61 60 39 93 34 27 7) (26 33 68 87 31) (11 99 53 24 100 38 69 30) (63 45) 
91 (28 79) (82 17 7) (45 94 47) (68 93 62 95 16 83 35 61 29) (21 34 52 15 8 76 56 23 58 84 6 70) (90) (2 71 51 54 31 72 65 39 3 27) (4) (88) (100) (42 24 97 13 46 80) (20 87 36 96) (69 49 67 78 38 44 19) (98 37 53 9 74 63 12) (43) (99 18 26 81) (14 41 55 86 60 33 40 92 32 50) 
92 (35) (22 81 57 12 23 15) (43 100 99 28) (78 21 90 18) (64) (98 94) (1 51 46 95 54) (37 47 71 73) (60 79) (16 34 24 49 65) (17 66 55) (67 58) (31) (45 76 20 27 52 42) (84) (83 29 33) (3 85) (7) (10 61) (9) (88) (48 50 63 91 40 62) (38 96) (72 53) (75 14 30 89) (39 68 41 92 32 8) (69 5 82 59 4) 
93 (3 89 31) (56 54 87 99) (68 94 63 33 40) (14 90 8 7 25 38) (24 57 75 70 19 72 59 2 28 11 65 48 50) (5 74 80) (20 58 29 86) (35 83) (47 60 55) (27 88 71 36 44) (21) (37) (22 12 1 61 39 17) (81 15 18) (97) (52 66 51 91) (98) (95) (26 84 4) (62 13 42 64 6 69 30) (53 34 67 43) (32 79) (46 41 23) (100) 
94 (41 47 100 43 79 64 24 77 33) (81 75 95 6 51 46) (11 90) (66) (12 99 3) (89 14 87 62 68 55 31 7 91 50 76 73) (56) (32 35 20 2 86 96 63 27) (93) (44) (67) (26 57) (71 72 10 18 59) (4 97 19 25 21 16 80 34) (78 28) (58 17 42) (84) (45) (22 60) (69 98 83 15) (54) (48) (30 29) (53) (9 49 23) (40 70) 
95 (16 9 82 20 1) (52) (77 47 72 57) (49 69 30 23) (73) (76 7 39) (31) (96 10 56 68 54) (18) (17 40) (2 80 13 86 37 62) (78 24 26 53 3 38 65 90 51 61 22 70 92) (27 5 74 83) (8) (75) (29) (21) (15 34 63 44 35 93 60 87 45 59 50 19 71 11) (25 43 81 36 55 4 100 28) 
96 (22) (38 81) (43 84 52) (95 40) (69 75 67 3) (2) (65 32 82 30 31) (87) (100) (88 39 78 79 27 46 92) (83 99 60) (8 56) (21) (36 14) (24 66) (20) (18 26 73 96 64 33 6 98) (5 1) (44 42 29 53 61) (23 7) (41) (94 28 49) (25 80 50 68) (35 74 70) (34 71) (12) (58 11 55 54 76 72) (90 59 37 45 4 17 10) (91 15 63) 
97 (21 58 74) (86 52 97 25 48 76 23 83) (3 29) (46 80 43) (67 93 72) (11) (35) (39) (53 42) (100 37 26 71 40 56 15 27 64 63 30 8 7 50 99 14) (36 16 94 24 1 62 49 10) (78 81 84 28) (32 44 9 33) (60 96 41 68) (98 77 82) (34 13 19 75 70) (6) (89 92) (47 59 95 31 69 20 55 79 85) 
98 (23) (18) (41 68 15 59 50) (61 97 87 36 71) (83 56 10) (92 32 62 89 75) (39) (30 34) (2) (82) (96) (98 7) (8 72 85) (31) (6 93) (52 84 58 46 78) (100 76 28) (57 49) (12 16 66) (25) (38 20 24 67 13 17) (86) (79 44) (42) (5 35 91 29 1 80) (14 99 64 21) (70) (27 60 73 9 95 81 54) (22) (11 40 63 77 94 19 48 55) 
99 (33) (53 9 30 45) (61) (11) (75) (8 80 20) (92 97) (72) (88) (28 68 74 60) (57 22 67 62 27) (31 85 89 25 99 59 34) (69 43) (58 15) (13 65) (3 19 37 66 90 24 7 49 87 82 77 79 81 16 29 93 40 84 76 63) (94) (38) (54 32) (56 1) (100 18) (64 50 98) (39 35 12 46) (47 10) (5 71 23 36) 
100 (33 21 27) (62 53 92 80 9 12 73 60 75 17) (36 22 3) (86 31) (81) (28 1 94) (93) (71 46 79 72 100) (66) (89) (48) (34) (99 5 84 85 56 2) (7 61 95) (64 49 63) (50 37) (78 67 87 55 10 13 16 35 32 97) (44 58 74 24) (40 54 23 69 51) (43) (8 59) (20) (83) (29 65 30) (47 4) (45) (39 98) 
1 (83) (23) (39) (71) (79) (12) (20) (82) (87) (10) (29) (37) (5) (68) (47) (59) (89) (44) (95) (36) (56) (49) (14) (11) (45) (97) (99 54 19) (13 32 64) (15 42 17 33) (92 34 93) (98 51) (81 6 31 74 28 76 30) (25) (22 90 26 50 2) (70) (62 65 41) (57 16 80 8 67 35) (100 21) (85 53) (77 18 73 55) (40) (84 78 96) 
2 (38) (85) (11) (26) (58) (6) (89) (13) (41) (79) (32) (22) (44) (47) (81) (82) (45) (98) (57) (42) (70) (17) (75) (16) (24) (51) (88) (18) (20) (61) (2) (68) (55) (31) (12) (36) (90) (5) (60) (34) (73) (96 9 80 40 94 33 15 19) (25 28 77 8 59 93 50 23) (91 54 71 95) (83 69 14) (100 37 56) (66 49) (43 48 76 39 46 63 1) (64 72 4) 
3 (56) (92) (23) (85) (30) (3) (81) (55) (99) (62) (37) (13) (17) (77) (27) (89) (63) (49) (72) (21) (60) (7) (53) (91) (78) (86) (16) (67) (93) (43) (41) (39) (45) (87) (4) (46) (35) (8) (9) (50) (68) (48) (14) (11) (57) (36) (38) (47) (66 44 82 1 29 26) (84 88) (2 73) (15 61 94 18 96 100 52 51) (5) (33 20 25 95) (6 28 83 97 31 80 22 10 34) 
4 (1) (18) (48) (40) (80) (53) (26) (85) (28) (57) (5) (24) (17) (91) (64) (14) (6) (19) (4) (88) (72) (21) (20) (22) (92) (49) (35) (34) (56) (73) (63) (39) (29) (74) (100) (46) (86) (52) (9) (10) (67) (79) (82) (60) (37) (58) (7) (33) (77) (87) (55) (2) (32) (65) (68) (93) (31 83 84 45 96 15 43 8 47 95 76) (94 38) (78 42 25 90 69) (11) (44) (16) 
5 (69) (29) (27) (8) (66) (54) (63) (84) (61) (43) (49) (78) (35) (75) (59) (58) (6) (55) (31) (4) (81) (3) (37) (17) (96) (21) (26) (85) (56) (64) (40) (52) (20) (67) (70) (16) (93) (14) (60) (11) (42) (30) (28) (45) (92) (32) (95) (2) (33) (79) (57) (18) (24) (34) (88) (10) (13) (87) (76) (82) (1) (90) (46 89 74) (83 65) (86) (98 19 47 51) (99) (15 100 22) (39) (77) (68 7 72) 
6 (28) (13) (26) (16) (91) (12) (50) (62) (24) (29) (68) (83) (6) (32) (43) (3) (64) (47) (53) (97) (57) (86) (37) (52) (78) (71) (56) (85) (81) (46) (77) (9) (14) (63) (35) (8) (7) (17) (22) (74) (1) (90) (38) (96) (88) (73) (10) (48) (19) (25) (98) (70) (15) (45) (79) (51) (55) (58) (93) (87) (66) (65) (36) (89) (94) (84) (40) (72) (39) (60) 
7 (16) (50) (8) (7) (96) (61) (19) (23) (98) (38) (68) (92) (15) (99) (64) (76) (57) (47) (93) (52) (14) (77) (11) (32) (27) (24) (10) (86) (13) (34) (31) (88) (66) (9) (5) (17) (85) (45) (48) (79) (87) (35) (71) (51) (95) (73) (74) (82) (62) (30) (54) (89) (2) (70) (25) (90) (53) (12) (55) (78) (100) (91) (39) (29) (72) (46) (63) (81) (94) (60) (3 4 58) (67 28 44 56 42 21 41 69 97) 
8 (77) (46) (1) (71) (8) (95) (89) (52) (93) (88) (5) (39) (45) (51) (22) (91) (72) (34) (33) (78) (35) (82) (86) (73) (66) (11) (23) (53) (49) (9) (32) (21) (48) (97) (92) (2) (26) (58) (25) (27) (7) (50) (37) (96) (64) (75) (31) (84) (59) (16) (67) (100) (4) (60) (38) (98) (12) (42) (87) (99) (44) (17) (3) (80) (29) (81) (41) (55) (43) (28) (83) (70 40) (85 36 6) (90 62 47 13 65 63 57) (20 18) 
9 (58) (42) (98) (80) (31) (97) (94) (74) (41) (77) (82) (6) (1) (24) (54) (33) (45) (40) (8) (75) (86) (65) (79) (26) (48) (57) (89) (78) (3) (18) (32) (28) (76) (16) (7) (15) (67) (20) (60) (49) (84) (2) (17) (9) (71) (62) (44) (35) (91) (39) (83) (85) (51) (11) (4) (5) (30) (73) (72) (47) (50) (92) (10) (61) (99) (38) (87) (46) (63) (53) (27) (34) (22) (95) (52 100 23) (81) (90) 
10 (45) (10) (71) (42) (69) (8) (9) (94) (20) (47) (84) (34) (66) (70) (6) (1) (30) (33) (75) (85) (19) (83) (43) (52) (68) (98) (32) (61) (35) (90) (74) (49) (4) (23) (46) (14) (100) (53) (26) (16) (11) (36) (13) (96) (77) (82) (78) (54) (67) (2) (39) (89) (58) (27) (3) (40) (12) (59) (95) (21) (62) (31) (22) (17) (55) (92) (63) (99) (25) (73) (97) (15) (81) (60) (57) (38) 
11 (24) (3) (36) (14) (10) (29) (1) (99) (67) (70) (90) (96) (44) (84) (4) (33) (64) (42) (28) (55) (9) (94) (54) (26) (11) (83) (39) (20) (35) (48) (60) (45) (93) (97) (74) (38) (63) (2) (32) (69) (56) (73) (57) (7) (34) (58) (23) (25) (6) (19) (52) (89) (72) (31) (82) (8) (98) (47) (75) (59) (17) (27) (76) (30) (13) (40) (21) (50) (95) (81) (65) (87) (66) (53) (18) (71) (37) (51 22) 
12 (77) (70) (94) (28) (10) (4) (50) (63) (3) (16) (72) (17) (89) (43) (100) (21) (58) (48) (2) (31) (83) (20) (62) (8) (88) (32) (25) (47) (5) (52) (53) (80) (60) (93) (15) (40) (49) (61) (13) (71) (99) (37) (74) (96) (54) (51) (44) (35) (67) (66) (14) (18) (92) (6) (7) (91) (57) (27) (85) (73) (84) (41) (30) (86) (42) (87) (34) (12) (76) (98) (65) (24) (56) (78) (81) (75) (82) (45 11) 
13 (35) (45) (60) (18) (1) (53) (80) (50) (74) (97) (24) (48) (72) (98) (6) (28) (19) (93) (100) (43) (23) (54) (26) (91) (81) (42) (10) (52) (87) (11) (58) (2) (73) (66) (34) (41) (68) (49) (76) (20) (27) (13) (69) (88) (38) (5) (89) (62) (14) (3) (17) (22) (29) (99) (12) (55) (70) (9) (16) (25) (86) (7) (31) (33) (65) (30) (57) (47) (39) (83) (59) (37) (15) (75) (40) (61) (95) (77 71 82) 
14 (73) (65) (9) (47) (66) (75) (79) (11) (89) (81) (72) (48) (97) (1) (85) (25) (83) (49) (80) (5) (55) (34) (19) (26) (78) (20) (53) (39) (45) (96) (42) (77) (24) (37) (84) (93) (76) (57) (62) (15) (50) (40) (17) (51) (58) (92) (6) (33) (18) (2) (46) (35) (56) (44) (91) (31) (71) (27) (88) (87) (28) (8) (60) (94) (30) (61) (82) (14) (22) (7) (98) (29) (3) (64) (12) (38) 
15 (94) (3) (56) (95) (53) (16) (23) (46) (65) (54) (88) (32) (85) (91) (15) (99) (8) (33) (17) (35) (38) (42) (10) (57) (64) (30) (66) (92) (37) (73) (47) (59) (80) (45) (25) (36) (68) (75) (24) (76) (97) (14) (5) (69) (4) (82) (63) (98) (77) (18) (19) (7) (49) (26) (31) (39) (6) (50) (48) (93) (83) (90) (34) (40) (44) (29) (81) (11) (55) (70) (78) (96) (71) (20) (61) (67) (12) (21 43 89 1 74 72) (60) 
16 (62) (29) (74) (6) (44) (4) (91) (92) (15) (16) (73) (86) (64) (60) (8) (25) (38) (57) (77) (39) (36) (20) (87) (7) (69) (94) (70) (19) (40) (67) (2) (5) (13) (1) (18) (54) (26) (61) (3) (98) (53) (59) (95) (28) (24) (75) (17) (55) (23) (89) (58) (35) (11) (10) (68) (12) (71) (49) (32) (84) (52) (100) (51) (81) (76) (56) (27) (34) (97) (72) (63) (88) (37) (22) (45) (66) (48) (30) (78 80 31 46 14) (99) 
17 (31) (14) (86) (12) (94) (29) (72) (78) (98) (58) (35) (32) (28) (93) (73) (1) (3) (7) (51) (88) (49) (43) (15) (85) (100) (33) (68) (76) (46) (50) (63) (84) (23) (56) (34) (83) (11) (20) (26) (57) (39) (96) (54) (82) (91) (53) (70) (16) (37) (66) (77) (27) (71) (44) (21) (2) (65) (95) (55) (38) (64) (89) (80) (17) (62) (48) (25) (13) (67) (42) (5) (18) (45) (22) (75) (4) (41) (92) (30) (40 9) (10) 
18 (73) (89) (92) (60) (99) (82) (50) (79) (42) (3) (67) (24) (74) (61) (27) (54) (48) (93) (68) (26) (33) (65) (37) (31) (43) (87) (85) (98) (15) (39) (20) (77) (25) (53) (11) (58) (45) (22) (59) (75) (41) (5) (46) (35) (14) (7) (69) (29) (88) (10) (36) (91) (12) (38) (49) (52) (83) (81) (21) (62) (63) (13) (56) (47) (84) (23) (64) (94) (70) (2) (80) (95) (96) (76) (86) (18) (40) 
19 (67) (28) (75) (2) (63) (35) (45) (12) (94) (65) (51) (53) (52) (72) (26) (84) (50) (97) (79) (33) (23) (25) (39) (42) (69) (15) (62) (41) (43) (91) (98) (3) (60) (4) (88) (74) (34) (9) (6) (5) (68) (99) (85) (18) (54) (27) (11) (77) (86) (22) (30) (19) (58) (89) (90) (82) (56) (16) (61) (48) (24) (78) (17) (95) (59) (49) (10) (37) (32) (7) (87) (13) (21) (29) (44) (8) (31) (38) (57) (93) (66 80) (47) 
20 (31) (23) (12) (55) (28) (6) (13) (58) (51) (81) (48) (22) (69) (66) (60) (63) (40) (43) (70) (90) (87) (71) (18) (10) (67) (7) (76) (93) (61) (59) (96) (88) (46) (33) (34) (2) (50) (26) (32) (89) (77) (11) (14) (68) (53) (37) (79) (41) (1) (91) (19) (45) (3) (99) (30) (83) (98) (15) (44) (84) (29) (49) (20) (47) (24) (92) (39) (86) (52) (72) (94) (54) (75) (97) (100) (73) (16) (62) (95) (85) (36) (64 38) (57) (65) (78) 
21 (61) (26) (65) (19) (98) (100) (79) (42) (1) (82) (11) (87) (91) (93) (68) (7) (13) (58) (28) (59) (3) (16) (83) (64) (41) (89) (6) (44) (88) (80) (62) (74) (32) (51) (25) (43) (49) (55) (72) (38) (23) (56) (67) (46) (54) (33) (69) (35) (84) (90) (97) (47) (24) (76) (73) (92) (53) (75) (96) (66) (17) (70) (63) (94) (27) (86) (4) (45) (52) (77) (22) (18) (78) (37) (5) (57) (29) (30) (95) (21) 
22 (65) (22) (61) (74) (95) (49) (27) (13) (8) (57) (78) (24) (52) (25) (7) (70) (15) (82) (87) (43) (21) (28) (12) (54) (75) (10) (58) (77) (36) (60) (84) (68) (18) (98) (63) (14) (53) (19) (35) (59) (50) (46) (6) (100) (80) (62) (69) (2) (94) (34) (44) (92) (76) (93) (88) (45) (72) (67) (4) (90) (40) (23) (51) (56) (47) (26) (37) (89) (73) (38) (29) (42) (41) (64) (99) (30) (1) (55) (83) (96) (71) 
23 (83) (15) (36) (21) (80) (5) (97) (90) (49) (78) (17) (81) (72) (86) (52) (8) (13) (82) (12) (39) (88) (44) (70) (41) (77) (28) (93) (96) (10) (92) (69) (31) (55) (62) (91) (51) (87) (56) (94) (11) (19) (50) (37) (68) (73) (48) (54) (1) (58) (25) (84) (45) (99) (67) (46) (79) (42) (64) (95) (85) (57) (34) (53) (98) (16) (43) (100) (60) (61) (71) (29) (18) (30) (47) (2) (59) (20) (14) (35) (33) (32) 
24 (84) (19) (34) (94) (96) (75) (17) (6) (86) (65) (99) (91) (54) (85) (95) (60) (2) (55) (88) (93) (27) (64) (39) (49) (44) (58) (46) (3) (83) (70) (81) (87) (100) (20) (23) (90) (69) (63) (29) (4) (37) (76) (28) (15) (7) (14) (5) (24) (80) (8) (67) (92) (51) (33) (61) (36) (30) (50) (52) (9) (98) (21) (72) (71) (62) (42) (97) (11) (66) (41) (68) (22) (16) (82) (79) (43) (18) (77) (73) (32) (47) 
25 (22) (26) (24) (70) (29) (56) (53) (25) (85) (38) (44) (7) (23) (43) (61) (9) (12) (88) (8) (2) (97) (13) (10) (37) (98) (63) (41) (78) (42) (36) (86) (14) (55) (67) (46) (58) (73) (75) (79) (50) (57) (80) (4) (19) (87) (3) (15) (77) (84) (69) (30) (90) (89) (96) (81) (6) (1) (32) (83) (93) (71) (47) (62) (95) (99) (39) (34) (68) (64) (17) (21) (49) (33) (16) (28) (48) (94) 
26 (85) (95) (29) (70) (19) (62) (8) (2) (25) (47) (33) (17) (61) (84) (79) (49) (96) (55) (48) (45) (18) (86) (4) (11) (88) (12) (42) (22) (6) (58) (57) (51) (68) (89) (44) (97) (5) (26) (3) (52) (7) (20) (39) (38) (77) (59) (93) (40) (16) (83) (31) (80) (56) (66) (10) (72) (14) (37) (63) (28) (81) (27) (64) (53) (43) (78) (73) (9) (35) (69) (74) (36) (30) (76) (34) (46) (90) (32) (1) (87) (41) (94) (91) (75) (54 60) 
27 (50) (1) (42) (41) (56) (20) (65) (19) (45) (70) (17) (40) (79) (74) (24) (94) (22) (59) (2) (10) (26) (43) (6) (55) (47) (97) (28) (3) (96) (89) (27) (71) (90) (11) (35) (77) (78) (37) (100) (87) (18) (9) (75) (5) (84) (12) (23) (92) (46) (67) (33) (48) (58) (64) (34) (13) (95) (25) (15) (44) (32) (38) (54) (73) (29) (60) (63) (53) (61) (36) (51) (83) (49) (69) (93) (91) (14) (4) (98) (86) (99) (76) (31) (30) 
28 (51) (31) (61) (85) (19) (23) (97) (63) (88) (81) (11) (33) (32) (72) (82) (86) (99) (95) (49) (50) (12) (52) (45) (57) (36) (54) (66) (21) (47) (74) (22) (15) (93) (59) (71) (96) (79) (8) (65) (70) (89) (34) (58) (80) (77) (4) (69) (64) (3) (67) (46) (25) (73) (92) (56) (10) (39) (94) (20) (6) (68) (37) (98) (5) (100) (1) (62) (75) (18) (9) (14) (17) (24) (91) (2) (84) (28) (83) (29) (55) (42) (87) (44) (60) 
29 (40) (26) (79) (31) (66) (85) (51) (86) (72) (83) (97) (89) (57) (13) (34) (50) (82) (93) (11) (95) (98) (36) (22) (68) (16) (21) (80) (30) (1) (6) (35) (63) (32) (52) (67) (27) (91) (45) (48) (42) (56) (39) (38) (14) (17) (87) (65) (84) (24) (74) (46) (100) (10) (28) (4) (71) (55) (54) (15) (8) (92) (94) (18) (81) (41) (60) (73) (88) (96) (49) (76) (61) (43) (47) (19) (5) (58) (23) (78) (44) (99) 
30 (16) (72) (45) (2) (99) (88) (11) (41) (94) (4) (97) (62) (65) (57) (15) (19) (59) (34) (53) (68) (29) (42) (74) (32) (75) (12) (73) (27) (92) (24) (98) (80) (86) (67) (28) (87) (22) (78) (14) (37) (26) (48) (81) (20) (83) (9) (50) (23) (30) (77) (70) (8) (69) (17) (18) (71) (33) (13) (56) (90) (96) (52) (95) (89) (35) (66) (21) (58) (49) (93) (3) (54) (84) (61) (79) (10) (64) (43) (39) (100) (63) (6) (7) (51) (1 76) (82) 
31 (30) (56) (24) (33) (43) (91) (22) (41) (10) (63) (1) (48) (58) (44) (35) (66) (83) (92) (54) (9) (11) (26) (62) (27) (100) (93) (94) (12) (49) (64) (25) (45) (28) (98) (39) (34) (29) (38) (21) (20) (82) (18) (52) (60) (5) (32) (96) (70) (97) (42) (40) (68) (13) (75) (85) (79) (77) (80) (50) (71) (55) (65) (2) (31) (86) (46) (7) (16) (47) (74) (15) (4) (23) (69) (78) (14) (88) (6) (90) (95) (8) (99) (84) (57) (72) (53) 
32 (3) (86) (48) (44) (69) (50) (18) (55) (10) (76) (37) (52) (53) (61) (54) (31) (38) (75) (100) (14) (20) (2) (78) (57) (66) (12) (25) (23) (11) (32) (98) (35) (93) (64) (21) (63) (58) (47) (96) (8) (22) (72) (19) (51) (29) (13) (60) (41) (28) (27) (9) (94) (97) (34) (85) (83) (30) (67) (65) (1) (59) (56) (81) (7) (89) (73) (17) (26) (68) (91) (42) (92) (43) (88) (99) 
33 (28) (49) (59) (69) (13) (30) (35) (86) (92) (94) (96) (54) (52) (1) (15) (79) (5) (12) (45) (82) (91) (11) (80) (87) (64) (77) (25) (47) (26) (17) (72) (21) (53) (31) (4) (48) (100) (58) (57) (73) (90) (10) (85) (56) (46) (88) (70) (24) (19) (33) (78) (76) (71) (40) (67) (29) (14) (16) (44) (62) (75) (37) (23) (99) (27) (97) (55) (42) (3) (68) (20) (22) (43) (93) (38) (6) (39) (36) (81) 
34 (14) (70) (72) (25) (79) (85) (45) (77) (5) (78) (63) (17) (59) (93) (71) (1) (13) (82) (69) (51) (21) (2) (42) (81) (84) (80) (31) (88) (62) (23) (89) (19) (40) (8) (54) (96) (83) (49) (20) (56) (35) (90) (75) (57) (30) (67) (7) (34) (100) (29) (44) (53) (98) (28) (6) (52) (48) (76) (9) (50) (97) (16) (47) (99) (36) (43) (33) (4) (41) (55) (61) (27) (66) (92) (95) (39) (94) (91) 
35 (31) (49) (15) (28) (76) (9) (96) (95) (11) (30) (22) (62) (100) (97) (40) (74) (25) (70) (71) (69) (81) (51) (79) (66) (83) (32) (86) (65) (5) (58) (59) (19) (26) (72) (6) (82) (8) (78) (41) (52) (77) (17) (63) (98) (94) (33) (20) (84) (92) (64) (44) (67) (42) (99) (93) (80) (60) (29) (2) (91) (39) (4) (12) (90) (56) (27) (7) (48) (35) (14) (38) (21) (1) 
36 (74) (44) (3) (24) (20) (48) (6) (19) (47) (41) (7) (31) (29) (13) (88) (65) (90) (18) (84) (76) (27) (95) (83) (100) (49) (62) (67) (97) (37) (98) (73) (23) (43) (93) (9) (26) (75) (34) (91) (33) (89) (45) (30) (66) (99) (55) (38) (42) (72) (54) (71) (85) (58) (96) (51) (81) (35) (53) (80) (63) (28) (64) (21) (87) (15) (60) (69) (16) (32) (36) (79) (8) (57) (17) 
37 (58) (72) (93) (32) (82) (90) (61) (70) (55) (6) (9) (30) (19) (26) (4) (63) (31) (73) (38) (99) (35) (87) (59) (56) (13) (7) (10) (21) (18) (57) (68) (85) (76) (44) (64) (81) (54) (91) (42) (28) (74) (65) (79) (53) (75) (33) (89) (86) (47) (50) (23) (69) (3) (97) (34) (84) (95) (78) (29) (15) (16) (24) (25) (2) (12) (1) (67) (17) (92) (43) (48) (5) (39) (46) (88) (62) (41) (100) (96) (20) (71) 
38 (11) (74) (55) (80) (99) (26) (50) (93) (91) (51) (77) (24) (3) (4) (53) (76) (63) (62) (41) (35) (6) (87) (23) (68) (31) (32) (18) (86) (82) (5) (2) (85) (20) (66) (44) (92) (79) (95) (8) (22) (42) (65) (67) (49) (83) (10) (45) (14) (78) (38) (96) (9) (69) (57) (64) (90) (16) (39) (72) (27) (15) (98) (48) (29) (81) (70) (58) (33) (1) (75) (56) (43) (30) (60) (59) (25) (7) (13) (28) (71) (40) (88) (84) (34) (36) (12 37) 
39 (39) (64) (4) (88) (11) (58) (31) (96) (83) (37) (47) (19) (81) (32) (63) (38) (91) (30) (25) (57) (65) (69) (55) (93) (45) (52) (72) (8) (10) (86) (92) (7) (21) (34) (48) (26) (62) (42) (76) (71) (36) (18) (78) (1) (3) (41) (24) (87) (50) (90) (100) (68) (89) (98) (5) (85) (17) (16) (97) (15) (49) (53) (66) (14) (46) (2) (60) (99) (40) (22) (74) (95) (73) (56) (35) (51) (54) (13) 
40 (68) (51) (6) (4) (24) (52) (70) (17) (92) (95) (45) (77) (29) (19) (48) (58) (97) (3) (42) (20) (79) (94) (11) (78) (67) (35) (23) (44) (63) (56) (40) (30) (96) (14) (43) (12) (37) (5) (9) (54) (100) (39) (15) (1) (75) (59) (73) (41) (83) (76) (71) (13) (85) (82) (80) (72) (90) (66) (53) (25) (7) (60) (10) (26) (8) (2) (33) (34) (32) (84) (61) (93) (55) (36) (50) (91) (81) (98) (18) (87) (46) (65) (74) (99) (21) 
41 (19) (36) (35) (56) (49) (66) (62) (38) (52) (88) (46) (79) (53) (60) (45) (51) (76) (78) (94) (93) (30) (83) (89) (64) (32) (20) (42) (59) (91) (40) (67) (48) (57) (9) (21) (22) (5) (71) (4) (68) (24) (90) (96) (85) (10) (65) (29) (41) (15) (58) (12) (82) (98) (47) (92) (63) (84) (8) (2) (27) (3) (17) (74) (55) (81) (14) (75) (97) (28) (31) (54) (11) (87) (25) (77) (61) (69) (70) (6) (86) (7) (16) (39) (44) (1) 
42 (33) (98) (62) (5) (61) (49) (55) (32) (84) (71) (60) (78) (42) (18) (16) (48) (76) (90) (70) (66) (15) (73) (88) (3) (93) (2) (53) (80) (56) (79) (37) (75) (91) (8) (29) (85) (10) (59) (21) (22) (17) (6) (28) (86) (46) (12) (45) (20) (31) (44) (54) (97) (38) (51) (67) (69) (26) (27) (65) (40) (30) (50) (14) (96) (36) (39) (92) (7) (87) (94) (1) (82) (41) (89) (74) (11) (72) (47) (58) (24) (23) (34) (9) (52) (64) (43) 
43 (4) (8) (57) (43) (27) (69) (11) (17) (32) (91) (44) (13) (52) (71) (28) (33) (88) (93) (25) (80) (24) (16) (51) (65) (94) (49) (76) (55) (95) (46) (96) (66) (58) (50) (5) (99) (14) (6) (35) (40) (84) (41) (61) (82) (37) (86) (48) (74) (81) (38) (85) (7) (53) (21) (36) (23) (63) (56) (83) (22) (67) (20) (34) (87) (62) (60) (45) (15) (75) (3) (26) (92) (64) (100) (47) (72) (18) (59) (97) (54) (30) 
44 (15) (81) (80) (12) (47) (29) (65) (33) (88) (49) (19) (75) (89) (18) (97) (44) (85) (53) (96) (63) (10) (23) (79) (84) (60) (24) (39) (30) (38) (72) (95) (8) (9) (54) (61) (57) (2) (91) (31) (77) (48) (21) (94) (40) (50) (22) (4) (78) (25) (56) (27) (86) (55) (73) (41) (64) (17) (45) (43) (11) (93) (100) (66) (28) (82) (98) (76) (26) (83) (58) (16) (1) (67) (3) (32) (7) (6) (5) (70) (14) (90) (51) (68) 
45 (12) (90) (22) (14) (45) (82) (41) (13) (54) (56) (37) (61) (30) (76) (79) (60) (58) (1) (27) (7) (85) (83) (94) (36) (63) (15) (77) (64) (95) (38) (5) (80) (23) (65) (70) (99) (17) (51) (81) (55) (89) (50) (73) (75) (21) (86) (92) (49) (47) (67) (100) (35) (25) (46) (72) (40) (66) (20) (3) (84) (42) (16) (9) (71) (8) (39) (18) (2) (87) (31) (53) (96) (28) (91) (26) (32) (6) (62) (48) 
46 (69) (53) (92) (64) (93) (24) (42) (55) (96) (19) (36) (29) (25) (37) (84) (8) (99) (1) (45) (67) (51) (68) (47) (27) (2) (61) (98) (75) (77) (59) (49) (97) (62) (16) (3) (82) (94) (46) (7) (34) (30) (28) (31) (89) (26) (81) (100) (23) (60) (38) (41) (21) (80) (33) (86) (66) (35) (12) (6) (43) (39) (9) (40) (22) (91) (87) (4) (83) (17) (76) (50) (78) (54) (58) (70) (18) (44) (74) (13) (48) (79) (5) (15) 
47 (92) (69) (56) (68) (84) (23) (30) (47) (52) (61) (27) (26) (73) (67) (1) (45) (42) (49) (91) (95) (99) (17) (7) (80) (22) (38) (94) (63) (3) (41) (8) (50) (90) (48) (71) (5) (85) (53) (75) (83) (33) (57) (72) (24) (4) (93) (39) (21) (51) (15) (76) (88) (60) (44) (11) (35) (86) (16) (54) (62) (74) (19) (20) (66) (100) (59) (77) (18) (36) (40) (43) (78) (34) (28) (2) (55) (37) (97) (32) (31) (46) (10) (6) (29) (13) (25) 
48 (78) (88) (80) (14) (85) (9) (18) (17) (43) (65) (84) (59) (100) (83) (5) (21) (79) (11) (28) (46) (71) (92) (24) (51) (27) (74) (10) (97) (20) (13) (45) (82) (23) (22) (25) (47) (48) (37) (8) (75) (86) (19) (93) (60) (62) (26) (39) (50) (58) (35) (16) (31) (42) (72) (64) (15) (70) (90) (33) (63) (36) (56) (87) (4) (29) (76) (89) (6) (2) (98) (53) (57) (73) (94) (52) (66) (3) (68) (1) (55) (40) 
49 (77) (45) (97) (66) (9) (75) (91) (33) (10) (99) (96) (22) (55) (74) (12) (65) (98) (16) (84) (88) (95) (19) (87) (35) (28) (11) (26) (49) (30) (5) (82) (68) (41) (86) (1) (72) (90) (57) (39) (61) (80) (24) (94) (4) (79) (13) (63) (92) (78) (58) (85) (60) (48) (8) (46) (36) (44) (18) (52) (83) (29) (81) (54) (100) (43) (7) (14) (17) (76) (20) (3) (42) (32) (89) (59) (51) (6) 
50 (2) (87) (4) (24) (79) (42) (58) (28) (45) (71) (62) (90) (25) (13) (57) (8) (22) (47) (69) (77) (11) (27) (48) (73) (83) (35) (80) (5) (43) (72) (20) (46) (10) (1) (61) (44) (95) (99) (66) (56) (32) (82) (84) (34) (40) (81) (93) (64) (7) (98) (29) (12) (52) (50) (100) (23) (70) (60) (39) (19) (38) (92) (54) (21) (63) (88) (94) (59) (26) (53) (86) (49) (76) (37) (89) (18) (68) (97) (14) (6) (91) (96) (9) (16) (15) (36) 
51 (91) (21) (94) (93) (33) (72) (51) (3) (27) (61) (26) (79) (90) (48) (31) (69) (41) (75) (65) (13) (28) (80) (87) (11) (100) (74) (82) (95) (73) (17) (55) (36) (85) (18) (10) (30) (29) (62) (58) (88) (16) (49) (67) (35) (64) (38) (19) (83) (60) (92) (8) (32) (77) (47) (6) (23) (81) (34) (86) (40) (25) (63) (2) (76) (22) (89) (70) (56) (5) (4) (24) (57) (9) (7) (14) (54) (50) (46) 
52 (96) (78) (12) (82) (76) (15) (4) (35) (79) (25) (84) (45) (10) (32) (34) (71) (72) (75) (46) (92) (20) (31) (11) (17) (54) (68) (27) (51) (2) (67) (52) (26) (33) (36) (88) (9) (47) (81) (55) (38) (87) (63) (8) (40) (66) (16) (57) (91) (86) (70) (3) (83) (22) (42) (58) (61) (14) (98) (95) (28) (93) (69) (62) (24) (5) (1) (74) (80) (44) (7) (21) (29) (59) (60) (37) (53) (50) (39) (97) 
53 (6) (4) (73) (30) (59) (8) (63) (26) (77) (89) (15) (78) (22) (65) (72) (32) (92) (93) (97) (95) (79) (96) (35) (45) (52) (54) (83) (99) (62) (13) (34) (61) (56) (68) (85) (5) (84) (25) (90) (71) (48) (27) (69) (88) (9) (33) (47) (38) (40) (82) (31) (46) (36) (53) (76) (87) (94) (16) (7) (51) (80) (91) (49) (75) (2) (43) (12) (58) (19) (67) (60) (18) (55) (100) (66) (44) (20) (3) (39) (64) 
54 (47) (6) (63) (49) (54) (57) (91) (23) (44) (73) (55) (15) (4) (51) (94) (28) (45) (24) (35) (42) (64) (11) (65) (50) (77) (78) (25) (59) (81) (62) (1) (56) (67) (13) (52) (9) (85) (31) (2) (14) (84) (93) (26) (58) (27) (74) (89) (99) (86) (18) (95) (40) (98) (69) (12) (80) (19) (100) (92) (8) (39) (83) (37) (87) (70) (30) (41) (29) (46) (33) (5) (34) (75) (82) (96) (68) (17) (61) 
55 (16) (86) (60) (53) (96) (19) (48) (28) (57) (12) (6) (68) (38) (36) (18) (31) (11) (94) (25) (98) (85) (40) (71) (97) (72) (61) (32) (41) (63) (55) (73) (15) (50) (8) (52) (58) (95) (26) (20) (13) (51) (49) (22) (66) (46) (67) (89) (82) (80) (2) (14) (69) (1) (93) (87) (91) (100) (90) (59) (10) (79) (88) (29) (3) (34) (84) (37) (17) (43) (4) (44) (9) (54) (65) (62) (45) (35) (30) (24) (77) (56) (76) (42) (33) (92) (75) (5) 
56 (55) (80) (4) (18) (78) (43) (2) (65) (76) (96) (8) (11) (15) (91) (86) (16) (27) (51) (6) (28) (33) (1) (35) (13) (57) (74) (58) (83) (64) (9) (89) (38) (47) (37) (94) (10) (5) (44) (21) (26) (68) (34) (49) (53) (85) (59) (63) (75) (79) (32) (30) (42) (88) (97) (60) (56) (36) (90) (14) (29) (17) (99) (66) (72) (70) (41) (73) (100) (71) (77) (23) (98) (82) (93) (67) (50) (95) (40) (62) (22) (81) (39) (84) (19) 
57 (29) (19) (77) (22) (44) (85) (43) (63) (12) (87) (48) (72) (54) (9) (45) (41) (21) (26) (47) (11) (8) (66) (92) (49) (16) (75) (4) (58) (31) (20) (36) (32) (89) (3) (40) (1) (99) (23) (52) (38) (82) (37) (60) (98) (90) (62) (55) (7) (95) (74) (93) (33) (10) (59) (42) (86) (30) (5) (76) (64) (67) (18) (73) (27) (83) (14) (28) (15) (39) (94) (25) (65) (17) (57) 
58 (67) (32) (43) (57) (83) (94) (99) (89) (64) (69) (92) (81) (70) (15) (78) (4) (51) (36) (60) (35) (100) (88) (76) (11) (73) (40) (20) (98) (80) (9) (58) (19) (68) (27) (25) (7) (45) (31) (52) (29) (47) (75) (5) (22) (85) (46) (17) (44) (8) (48) (13) (16) (93) (86) (87) (54) (96) (2) (33) (18) (77) (91) (30) (24) (26) (59) (10) (65) (42) (39) (3) (74) (62) (1) (53) (14) (97) (56) (6) (63) (72) (50) (37) (71) (84) (55) 
59 (74) (36) (73) (16) (80) (40) (50) (54) (68) (70) (29) (81) (5) (25) (99) (42) (47) (7) (84) (10) (75) (9) (19) (71) (44) (66) (60) (21) (72) (46) (67) (48) (8) (6) (78) (97) (22) (41) (53) (79) (28) (94) (1) (90) (61) (3) (77) (12) (4) (56) (24) (2) (86) (96) (15) (23) (98) (58) (87) (95) (30) (37) (39) (55) (11) (65) (32) (43) (69) (52) (92) (76) (89) (27) (45) (35) (17) (93) (26) (88) (49) (59) (63) (34) (64) (100) (31 85) (14) 
60 (54) (49) (27) (36) (35) (32) (16) (75) (53) (92) (2) (70) (22) (7) (52) (14) (66) (61) (38) (11) (30) (25) (79) (95) (48) (96) (90) (60) (8) (89) (83) (6) (67) (24) (33) (20) (97) (65) (44) (72) (51) (56) (5) (99) (37) (31) (29) (85) (94) (88) (18) (39) (26) (47) (4) (91) (68) (50) (59) (23) (28) (43) (1) (93) (74) (82) (42) (46) (15) (9) (62) (19) (64) (76) (63) (100) (40) (81) (41) (78) (98) 
61 (95) (83) (93) (65) (76) (35) (55) (81) (72) (32) (29) (71) (1) (10) (43) (73) (63) (99) (3) (30) (6) (82) (25) (8) (66) (52) (44) (59) (19) (69) (20) (62) (90) (48) (100) (34) (7) (17) (42) (26) (86) (70) (18) (39) (38) (37) (78) (88) (36) (41) (33) (21) (13) (80) (2) (50) (98) (67) (89) (46) (91) (53) (54) (56) (9) (27) (12) (49) (87) (92) (51) (4) (22) (45) (57) (96) (47) (15) (31) (11) (68) (74) 
62 (63) (64) (42) (71) (51) (49) (6) (98) (43) (13) (41) (88) (94) (99) (23) (10) (30) (72) (66) (92) (2) (62) (89) (3) (48) (47) (40) (32) (25) (29) (84) (61) (37) (97) (57) (35) (74) (81) (95) (26) (91) (73) (15) (55) (86) (85) (36) (16) (38) (70) (54) (28) (58) (31) (83) (18) (17) (76) (9) (46) (53) (24) (60) (50) (80) (34) (68) (45) (22) (21) (11) (19) (69) (7) (1) (79) (65) (14) (87) (93) (100) (39) (90) 
63 (41) (76) (17) (15) (32) (30) (77) (34) (90) (89) (59) (25) (70) (26) (60) (55) (54) (61) (62) (95) (3) (100) (37) (82) (44) (53) (52) (92) (84) (87) (29) (48) (51) (65) (4) (93) (45) (38) (83) (31) (63) (39) (42) (43) (80) (75) (19) (33) (85) (68) (12) (64) (47) (94) (98) (18) (74) (49) (8) (14) (56) (6) (16) (11) (36) (5) (58) (67) (50) (79) (40) (2) (88) (1) (91) (69) (96) (86) (97) (72) (28) (21) (81) (24) (10) (7) (99) (20 27 22 66) (35) 
64 (69) (65) (38) (11) (20) (47) (55) (63) (94) (66) (83) (53) (88) (41) (44) (99) (6) (75) (18) (60) (32) (9) (21) (73) (34) (67) (36) (46) (76) (84) (5) (35) (19) (3) (48) (82) (77) (79) (37) (52) (2) (28) (22) (92) (56) (80) (93) (89) (70) (64) (15) (72) (10) (51) (98) (97) (85) (26) (71) (13) (50) (86) (62) (43) (8) (30) (14) (39) (25) (58) (100) (78) (96) (90) 
65 (62) (95) (48) (55) (6) (80) (25) (26) (40) (38) (89) (10) (43) (13) (73) (59) (32) (60) (68) (72) (27) (7) (22) (67) (24) (90) (66) (74) (100) (83) (14) (75) (87) (5) (56) (11) (85) (49) (36) (52) (86) (46) (2) (35) (64) (21) (91) (44) (30) (4) (28) (57) (1) (99) (19) (92) (15) (63) (54) (84) (12) (50) (18) (45) (16) (70) (69) (88) (93) (3) (96) (65) (20) (77) (37) (76) 
66 (44) (73) (75) (42) (86) (89) (34) (47) (38) (17) (64) (100) (83) (53) (12) (84) (49) (16) (7) (20) (6) (80) (14) (71) (11) (58) (1) (56) (13) (43) (81) (33) (90) (10) (59) (87) (8) (15) (52) (66) (74) (32) (21) (60) (5) (27) (28) (57) (46) (25) (39) (94) (3) (9) (36) (96) (79) (54) (69) (63) (65) (98) (35) (4) (50) (62) (61) (93) (68) (19) (18) (76) (70) (45) (41) (77) (67) (99) (72) (30) (92) (88) 
67 (81) (7) (65) (35) (55) (45) (70) (50) (82) (2) (23) (88) (62) (61) (80) (79) (11) (1) (10) (56) (14) (51) (28) (85) (41) (16) (6) (47) (20) (13) (40) (46) (90) (67) (74) (15) (78) (63) (44) (60) (75) (19) (64) (38) (93) (69) (57) (71) (26) (86) (5) (84) (29) (34) (91) (8) (33) (96) (54) (100) (59) (98) (18) (68) (92) (76) (36) (87) (99) (52) (66) (73) (25) (94) (97) (22) (9) (31) (77) 
68 (94) (24) (80) (87) (33) (4) (55) (30) (73) (31) (46) (58) (16) (50) (54) (47) (93) (10) (67) (44) (66) (90) (96) (45) (99) (70) (61) (11) (43) (64) (74) (19) (17) (3) (68) (2) (21) (51) (49) (7) (5) (57) (77) (63) (95) (89) (28) (88) (22) (36) (82) (14) (59) (9) (98) (85) (15) (91) (60) (78) (97) (6) (52) (37) (12) (18) (13) (41) (71) (39) (53) (72) (56) (81) (26) (27) (40) (32) (92) (62) (76) (48) (75) (1) (86) (20) 
69 (92) (48) (21) (96) (94) (81) (64) (12) (2) (87) (61) (20) (43) (75) (10) (37) (34) (45) (25) (26) (17) (57) (84) (70) (36) (33) (66) (82) (97) (30) (62) (77) (73) (27) (39) (14) (8) (46) (9) (56) (29) (16) (91) (41) (28) (90) (22) (32) (23) (100) (72) (1) (40) (99) (31) (88) (83) (93) (67) (76) (71) (79) (52) (35) (13) (49) (18) (80) (51) (78) (15) (59) (68) (24) (47) (58) (60) (85) (55) (63) (95) (74) 
70 (35) (73) (5) (87) (39) (90) (31) (80) (94) (23) (75) (98) (66) (97) (88) (25) (18) (6) (79) (26) (33) (74) (81) (27) (91) (14) (21) (42) (19) (78) (65) (71) (62) (56) (2) (64) (63) (13) (51) (1) (24) (45) (84) (69) (48) (72) (37) (50) (77) (16) (49) (38) (17) (68) (34) (12) (93) (58) (59) (10) (57) (28) (95) (46) (83) (41) (7) (60) (86) (29) (67) (96) (30) (43) 
71 (72) (2) (98) (73) (80) (64) (70) (69) (52) (75) (35) (85) (32) (33) (12) (96) (47) (46) (65) (87) (99) (71) (3) (61) (19) (66) (93) (7) (92) (55) (5) (49) (53) (26) (94) (34) (24) (97) (17) (59) (29) (22) (90) (28) (11) (41) (27) (30) (100) (25) (8) (40) (78) (54) (82) (36) (39) (45) (4) (9) (31) (60) (21) (77) (62) (57) (20) (43) (91) (63) (38) (18) (51) (95) (74) (14) (79) (68) (23) (16) (13) (48) (44) (81) 
72 (37) (98) (6) (81) (91) (49) (54) (69) (29) (40) (12) (83) (46) (34) (26) (11) (17) (8) (74) (16) (80) (87) (23) (92) (78) (35) (14) (25) (47) (93) (64) (82) (53) (21) (57) (65) (66) (95) (41) (44) (89) (3) (76) (31) (58) (39) (36) (68) (72) (48) (94) (77) (100) (13) (71) (5) (30) (99) (1) (63) (62) (97) (20) (86) (56) (19) (4) (55) (60) (75) (59) (28) (73) (45) (2) (88) (52) (79) (85) (24) (96) (27) (61) (67) 
73 (84) (65) (78) (30) (38) (3) (56) (61) (64) (59) (52) (71) (28) (53) (20) (85) (32) (40) (89) (54) (67) (27) (16) (73) (43) (19) (6) (88) (11) (86) (1) (45) (72) (24) (46) (69) (50) (92) (62) (77) (74) (10) (41) (36) (94) (4) (87) (79) (22) (12) (33) (17) (83) (23) (37) (63) (9) (58) (39) (26) (13) (29) (96) (100) (81) (55) (75) (95) (15) (98) (48) (47) (8) (51) (68) (82) (34) (66) (7) (21) (31) (57) (25) (70) 
74 (76) (12) (77) (72) (78) (48) (91) (29) (30) (16) (44) (50) (33) (67) (59) (79) (52) (38) (93) (7) (58) (5) (23) (34) (60) (1) (42) (75) (54) (56) (20) (6) (100) (90) (14) (97) (66) (35) (62) (25) (88) (37) (65) (73) (21) (22) (49) (85) (80) (27) (89) (8) (13) (9) (83) (36) (96) (11) (41) (47) (82) (81) (99) (95) (43) (31) (2) (55) (53) (32) (46) (84) (69) (45) (26) (57) 
75 (68) (7) (18) (66) (33) (48) (9) (65) (94) (59) (27) (56) (11) (63) (2) (24) (85) (75) (49) (88) (34) (15) (95) (29) (72) (51) (96) (69) (13) (55) (97) (80) (53) (87) (47) (8) (78) (82) (44) (67) (23) (4) (92) (20) (40) (32) (54) (90) (77) (83) (71) (93) (74) (16) (45) (58) (42) (1) (62) (28) (19) (14) (43) (6) (81) (76) (3) (17) (50) (35) (60) (12) (99) (100) (26) (98) (86) 
76 (97) (74) (96) (80) (39) (52) (42) (68) (28) (4) (40) (64) (7) (81) (76) (27) (56) (35) (50) (67) (18) (99) (73) (62) (53) (72) (11) (26) (94) (57) (33) (83) (48) (13) (70) (44) (15) (9) (17) (91) (47) (65) (95) (46) (5) (82) (55) (22) (45) (90) (37) (89) (78) (20) (16) (54) (86) (38) (29) (6) (51) (88) (59) (61) (19) (14) (12) (36) (79) (92) (30) (60) (85) (3) (98) (23) (32) (2) 
77 (36) (19) (37) (23) (25) (52) (67) (20) (70) (33) (95) (17) (51) (63) (55) (99) (79) (41) (94) (62) (80) (45) (60) (77) (65) (61) (42) (4) (34) (14) (27) (97) (81) (56) (64) (24) (59) (38) (72) (28) (1) (12) (13) (71) (47) (68) (98) (57) (26) (88) (30) (78) (21) (8) (46) (89) (32) (87) (83) (22) (75) (54) (7) (10) (58) (84) (9) (76) (82) (69) (3) (85) (49) (86) (43) (29) (53) (5) 
78 (8) (32) (5) (65) (34) (100) (26) (92) (83) (24) (75) (55) (63) (15) (22) (64) (91) (71) (2) (90) (3) (62) (31) (43) (88) (17) (10) (87) (94) (7) (25) (19) (98) (70) (6) (27) (60) (84) (82) (13) (96) (76) (59) (54) (79) (47) (41) (28) (4) (66) (9) (21) (36) (52) (73) (46) (18) (49) (44) (95) (85) (58) (80) (72) (57) (51) (50) (42) (39) (97) (53) (78) (89) (74) (14) (77) (37) (40) (68) (67) 
79 (99) (50) (54) (88) (36) (65) (10) (69) (39) (29) (49) (11) (7) (76) (1) (24) (77) (93) (46) (25) (17) (21) (72) (92) (82) (94) (96) (16) (3) (79) (27) (68) (71) (12) (84) (13) (41) (74) (89) (73) (78) (61) (15) (98) (2) (70) (62) (14) (91) (55) (66) (34) (22) (33) (83) (81) (51) (90) (97) (30) (58) (38) (63) (47) (43) (20) (75) (67) (80) (9) (57) (53) (100) (59) (45) (52) (23) (44) (32) 
80 (89) (55) (87) (75) (94) (63) (39) (71) (25) (7) (6) (67) (26) (30) (61) (82) (45) (99) (47) (10) (29) (17) (93) (76) (21) (44) (86) (24) (73) (43) (48) (97) (33) (2) (100) (51) (38) (12) (70) (68) (3) (54) (72) (40) (42) (98) (79) (4) (88) (83) (27) (35) (11) (37) (49) (91) (5) (58) (95) (22) (31) (53) (80) (65) (96) (81) (60) (8) (34) (66) (77) (23) (20) (46) (18) (19) (59) (69) (13) 
81 (68) (47) (44) (90) (74) (25) (55) (91) (32) (20) (82) (43) (52) (46) (80) (39) (93) (70) (48) (16) (88) (34) (7) (13) (12) (8) (92) (2) (45) (65) (40) (38) (69) (26) (76) (56) (53) (98) (51) (37) (41) (58) (19) (67) (29) (96) (60) (59) (3) (79) (28) (49) (11) (15) (86) (95) (22) (72) (77) (81) (33) (57) (30) (18) (17) (54) (100) (89) (31) (85) (64) (66) (99) (61) (71) (21) (84) (78) (97) (87) (6) (73) (94) (62) 
82 (54) (73) (16) (57) (8) (55) (46) (95) (14) (31) (70) (45) (5) (77) (27) (18) (47) (19) (64) (74) (22) (4) (7) (67) (90) (13) (60) (28) (29) (98) (34) (41) (84) (17) (96) (66) (11) (78) (53) (79) (62) (49) (48) (37) (12) (3) (99) (81) (50) (10) (80) (24) (52) (15) (86) (85) (20) (97) (26) (9) (68) (56) (40) (91) (65) (32) (6) (33) (92) (88) (43) (87) (63) (82) (1) (35) (61) 
83 (34) (55) (78) (17) (2) (36) (71) (67) (57) (20) (87) (37) (69) (60) (31) (100) (79) (19) (93) (97) (5) (29) (13) (75) (91) (72) (18) (15) (83) (12) (47) (48) (81) (32) (24) (90) (49) (56) (11) (86) (28) (50) (70) (58) (40) (85) (64) (41) (39) (21) (26) (73) (22) (61) (42) (8) (94) (14) (23) (46) (3) (88) (4) (10) (62) (59) (51) (92) (16) (54) (6) (95) (98) (25) (96) (7) (27) (77) (63) 
84 (61) (25) (41) (40) (70) (88) (5) (18) (39) (91) (51) (92) (74) (87) (36) (57) (55) (28) (37) (99) (49) (64) (29) (81) (98) (15) (96) (4) (6) (77) (43) (21) (80) (69) (2) (9) (7) (71) (13) (8) (30) (56) (23) (82) (27) (19) (79) (45) (54) (89) (100) (34) (3) (62) (33) (83) (53) (47) (94) (75) (1) (48) (85) (26) (68) (16) (66) (65) (76) (58) (73) (20) (12) (38) (78) (97) (46) (31) (17) (10) (93) 
85 (22) (81) (41) (17) (44) (69) (49) (97) (61) (20) (28) (63) (24) (29) (25) (85) (23) (46) (78) (30) (68) (31) (11) (84) (26) (60) (71) (8) (6) (48) (76) (5) (42) (54) (10) (58) (35) (87) (7) (73) (89) (4) (47) (80) (62) (64) (67) (15) (59) (13) (50) (99) (12) (51) (66) (86) (92) (77) (16) (52) (74) (100) (57) (18) (9) (79) (39) (98) (34) (45) (19) (3) (21) (33) (37) (83) 
86 (23) (11) (61) (71) (27) (52) (77) (20) (6) (62) (97) (43) (39) (28) (93) (56) (42) (7) (84) (36) (81) (82) (12) (17) (10) (31) (100) (53) (57) (14) (94) (80) (63) (90) (45) (83) (4) (19) (40) (46) (38) (47) (25) (91) (35) (72) (65) (21) (24) (5) (1) (75) (18) (54) (76) (48) (67) (59) (73) (79) (32) (86) (64) (26) (37) (58) (55) (13) (78) (69) (3) (98) (44) (68) (89) (34) (95) (49) (70) 
87 (71) (4) (48) (70) (61) (20) (57) (60) (76) (98) (53) (63) (14) (32) (90) (87) (25) (93) (21) (5) (26) (95) (2) (64) (83) (77) (94) (34) (85) (42) (96) (79) (3) (100) (80) (13) (12) (37) (59) (36) (18) (86) (44) (99) (46) (72) (17) (65) (35) (38) (28) (15) (73) (91) (54) (23) (31) (58) (88) (84) (56) (82) (27) (50) (29) (49) (39) (68) (10) (1) (22) (45) (66) (55) (69) (89) 
88 (39) (65) (41) (53) (58) (27) (76) (81) (57) (44) (33) (6) (71) (1) (82) (69) (49) (47) (18) (86) (48) (70) (62) (12) (52) (43) (17) (16) (78) (63) (21) (88) (96) (2) (67) (15) (84) (91) (99) (24) (74) (28) (23) (31) (51) (22) (54) (55) (68) (46) (36) (5) (19) (8) (29) (42) (13) (93) (64) (75) (37) (40) (35) (92) (30) (38) (83) (60) (14) (66) (32) (3) (56) (34) (61) (87) 
89 (36) (71) (59) (34) (9) (97) (15) (28) (57) (54) (10) (78) (14) (66) (4) (35) (99) (12) (76) (74) (43) (64) (98) (24) (69) (7) (68) (63) (92) (23) (50) (21) (49) (81) (83) (90) (26) (44) (41) (51) (80) (88) (82) (72) (42) (11) (93) (27) (87) (52) (38) (31) (22) (85) (65) (62) (32) (39) (94) (55) (40) (58) (3) (70) (37) (75) (33) (20) (19) (16) (8) (46) (13) (45) (89) (29) (100) (73) (6) 
90 (39) (76) (84) (20) (33) (93) (53) (34) (44) (26) (85) (11) (91) (24) (37) (12) (89) (46) (94) (19) (42) (45) (21) (78) (13) (23) (14) (88) (5) (49) (95) (81) (27) (96) (52) (71) (61) (22) (48) (64) (99) (40) (35) (16) (58) (57) (47) (50) (70) (17) (6) (60) (74) (59) (86) (69) (67) (87) (83) (28) (38) (79) (68) (18) (62) (55) (65) (1) (51) (72) (32) (10) (41) (3) (36) (15) (92) (7) (80) (8) (75) (66) (63) 
91 (3) (30) (89) (76) (9) (24) (27) (28) (2) (19) (85) (21) (18) (15) (29) (61) (10) (77) (55) (84) (82) (36) (69) (33) (63) (5) (54) (58) (16) (59) (93) (79) (49) (60) (72) (64) (17) (74) (53) (66) (51) (73) (26) (57) (75) (90) (42) (12) (13) (52) (88) (78) (45) (35) (22) (44) (4) (65) (39) (56) (80) (98) (71) (46) (38) (96) (20) (70) (1) (25) (86) (34) (67) (50) (48) (41) (87) (37) (92) (8) (94) 
92 (52) (16) (87) (88) (83) (65) (4) (24) (40) (27) (95) (43) (98) (60) (13) (36) (50) (80) (38) (51) (41) (11) (70) (44) (62) (97) (8) (33) (73) (15) (42) (10) (85) (66) (61) (96) (76) (30) (79) (46) (28) (6) (77) (49) (54) (57) (37) (89) (64) (31) (17) (74) (91) (39) (1) (69) (67) (48) (92) (20) (22) (55) (100) (68) (23) (71) (53) (35) (84) (99) (2) (59) (21) (63) (78) (82) (72) (56) (32) (90) (3) (26) (7) (5) (86) (18) (81) (34) 
93 (61) (100) (23) (5) (51) (88) (52) (28) (13) (79) (97) (31) (8) (35) (99) (21) (46) (34) (20) (41) (18) (40) (72) (19) (59) (53) (77) (3) (30) (42) (54) (57) (95) (58) (12) (91) (62) (47) (67) (37) (11) (22) (76) (87) (49) (2) (64) (32) (83) (36) (89) (66) (10) (75) (71) (78) (68) (45) (38) (48) (98) (70) (4) (81) (6) (29) (55) (84) (27) (56) (14) (50) (17) (94) (1) (74) (90) (16) (60) (15) (25) (7) (73) (86) 
94 (25) (49) (59) (62) (7) (35) (92) (89) (14) (80) (19) (18) (10) (88) (99) (22) (36) (21) (63) (70) (60) (98) (30) (33) (57) (53) (38) (40) (9) (23) (41) (47) (6) (37) (66) (83) (55) (85) (69) (24) (16) (2) (73) (50) (82) (100) (3) (15) (8) (51) (97) (77) (17) (29) (91) (45) (5) (28) (58) (46) (20) (72) (79) (42) (96) (32) (78) (87) (52) (65) (43) (75) (68) (39) (74) (4) (12) (86) (56) (76) (13) (26) (67) (31) (93) 
95 (66) (86) (4) (85) (46) (31) (56) (23) (93) (29) (82) (13) (94) (92) (21) (75) (47) (44) (79) (72) (87) (53) (12) (73) (26) (20) (81) (49) (40) (14) (96) (6) (51) (10) (38) (22) (68) (37) (54) (8) (63) (97) (18) (55) (27) (9) (98) (7) (88) (74) (3) (17) (19) (41) (60) (30) (1) (100) (64) (43) (62) (5) (78) (52) (34) (28) (11) (76) (39) (25) (61) (58) (67) (91) (83) (42) (57) (2) (36) 
96 (46) (33) (25) (77) (13) (74) (81) (82) (45) (37) (6) (36) (73) (30) (18) (56) (3) (84) (22) (54) (4) (10) (91) (43) (48) (21) (98) (80) (83) (71) (27) (89) (90) (16) (86) (35) (23) (41) (2) (96) (24) (51) (72) (19) (88) (92) (52) (42) (61) (94) (69) (14) (87) (40) (78) (53) (5) (63) (95) (67) (9) (29) (70) (1) (75) (20) (7) (76) (39) (55) (32) (58) (8) (49) (97) 
97 (73) (89) (30) (38) (50) (47) (58) (52) (23) (71) (19) (60) (39) (88) (34) (82) (40) (87) (85) (16) (29) (28) (99) (45) (20) (91) (35) (46) (75) (44) (36) (98) (69) (56) (2) (76) (74) (59) (31) (97) (3) (51) (15) (53) (27) (84) (26) (37) (21) (79) (57) (17) (12) (25) (93) (55) (22) (7) (41) (81) (68) (10) (43) (42) (6) (32) (67) (94) (8) (86) (62) (63) (72) (61) (78) (100) 
98 (60) (89) (56) (80) (29) (22) (21) (72) (59) (11) (74) (66) (87) (6) (50) (69) (96) (88) (42) (3) (62) (5) (67) (27) (93) (37) (39) (23) (63) (86) (20) (19) (28) (77) (92) (83) (40) (76) (98) (54) (79) (17) (71) (12) (30) (2) (10) (81) (32) (55) (82) (73) (1) (58) (99) (85) (16) (78) (84) (75) (26) (9) (61) (13) (45) (100) (94) (91) (68) (25) (36) (31) (4) (49) (7) (97) (48) (47) (52) 
99 (66) (49) (37) (65) (96) (93) (94) (73) (6) (38) (90) (72) (69) (87) (34) (12) (68) (99) (41) (19) (62) (17) (97) (4) (24) (9) (7) (61) (10) (82) (31) (63) (13) (78) (52) (3) (29) (84) (56) (25) (81) (53) (46) (64) (39) (2) (77) (35) (100) (42) (79) (89) (23) (92) (59) (22) (15) (16) (54) (44) (40) (86) (71) (76) (80) (85) (67) (11) (1) (28) (57) (20) (30) (74) (98) (91) (5) (43) (83) (21) (36) 
100 (5) (62) (82) (98) (86) (14) (75) (61) (71) (21) (2) (10) (40) (92) (45) (13) (64) (15) (67) (73) (11) (48) (41) (100) (76) (68) (39) (89) (46) (96) (50) (16) (91) (99) (49) (18) (66) (81) (95) (20) (94) (93) (55) (65) (24) (8) (51) (25) (4) (87) (57) (43) (60) (69) (53) (79) (28) (19) (17) (47) (77) (35) (3) (30) (32) (22) (7) (97) (34) (90) (38) (26) (33) (36) (83) (84) (9) (59) (80) (27) (31) (29) (54) 
