0
100
100
1 (39) (75) (35) (32) (96) (50) (79 81 85 25) (21) (87) (56) (90 17) (19 74) (40 27) (73 15) (20) (86 61) (14) (69) (36) 
2 (46 38) (85) (28) (74) (97) (73) (26) (52) (50) (86) (5 66) (32) (11) (90 27) (94 13) (92) (31) (6) (82 9) (24) (88) (43) (96) (16) 
3 (20 28 40) (44 38) (18) (78 33) (72) (85 35 19) (1 95 10 43 51) (17 76) (69 22 3) (86 52) (60) (49) (83 50) (79) (4) 
4 (62) (42 97 86 31) (58 57) (45 71) (83) (28) (4) (96) (48) (43 61 1 95 90 3) (52) (63 16 32) (60) (77) (87) (98 92) (73 38 18) (85 2) 
5 (46) (77) (9) (33 60 78) (15) (86) (74) (72 50 97 58) (96 24) (36) (44) (26) (84 61) (99 20 3) (49 63) (13 53) 
6 (58) (33) (64 51) (41) (49) (82 35 1) (38 99 16) (47) (67 17 80) (86 91 94 69) (48) (93 31 20 53) (90) (19) (50 56) (100) 
7 (24) (22) (87 67) (42) (54) (59) (5) (84) (4) (83 10 38) (58 55 19 39) (23 53) (77) (92) (98 1) (51) (44 61) (86) (41) (3 31) (25) (36) (76) (64 49 96 70) (33) 
8 (71) (54 79) (90) (38) (1 98 15) (89) (27 97) (29) (47 30) (18 52 9 55) (93) (95) (41) (77) (45) (60) (53) (73 75) (67 32 36) (10) (40) (86) (64 84 87) 
9 (59) (58) (36 56 75 78) (86) (7 5 97 4 79) (16) (69 31) (95 24 42) (43) (30) (83) (23) (76 6) (13 11) (20 48) (67 38) (35) 
10 (7) (23) (83) (39) (74 49 16 51) (8) (33 62 37 9 53 55) (92) (75) (3) (56 66) (99) (30 41) (38) (13) (72) (19 35 57) (82) (58) (60) 
11 (68 61) (21) (94) (86 79 62) (85) (84 60 74) (82) (76 87 24) (73 67) (90 64 71 49) (100) (89) (75 58) 
12 (10 67 11 37 81 15 1 66) (85 34) (94) (25) (88) (100) (63) (58 12 36) (47) (17 18 16) (4 19 83 78) (51) (33) 
13 (73) (54) (50) (34) (78 85) (67) (57 77) (33) (37) (23 40) (9) (59 13) (72) (62) (84 20) (97 17 65) (82 48) (81 14) (46 5) 
14 (45 4 58 93 12) (42) (40) (64) (79) (95) (99) (3) (96 67 68) (35) (17 16) (44) (19 46) (56 97) (73) (1) (26) (11) (86 66 90) (74 6) (5) (63) (29 8) 
15 (43) (71) (15 80) (59 69) (74 2 48) (88 16 86 32) (37) (92) (3) (73) (38) (30 95 55 23 100) (20) (93 26) (22 85 10) (99) (76 47) 
16 (65) (87) (50) (99) (36 24 9) (92) (1 82) (71) (81 51 64) (45 86 52) (76 77) (75 46) (95) (39) (79) (43) (70) (88 73 83 5) (56) 
17 (34) (42) (14) (48) (33) (32) (75) (55 37) (35) (5) (17) (9) (45 31) (86) (47) (71 58) (69) (36) (49) (80) (78 66 29 88) 
18 (83) (89 6 42) (82) (74) (53) (56 69 49) (66) (75 62) (92) (65) (70) (4 12 47) (88 46) (93) (87) (18) (25 94 20) (10 15) (71) 
19 (83) (36) (11) (90 21 9 13 10) (26 59 93) (67) (38) (50) (66 80 62) (56) (31 75 22 79 44 15) (96) (94) (85 4 89) (46) (64 84) (16 7 24) (74) 
20 (15 9 16) (23) (30 17) (42) (7 28) (86) (96 97) (64) (2 80 99) (93) (38 81 19) (73 63 69) (58) (62 88) 
21 (43) (24) (7) (52) (31 1) (78) (20 28) (27 42) (58 75) (86) (15 87) (4) (12 82) (33) (17) (8) (11) (64 13) (59) (65) (66) (81 6) (29) (83) (16) 
22 (75) (71) (15) (13 23) (33 53 3) (89 49 88 38) (74) (100) (60) (97 93) (81) (6) (65 78 18) (10) (79) (66) (54 72 14) 
23 (64) (22 1) (70 31) (15 49 38) (66) (95 88) (30) (81 98) (24 77 42) (43) (44) (9) (54 6) (3) (25) (72) (92) (97) 
24 (84) (64) (60) (69 18) (78 15) (43 10) (29) (94) (77) (51) (35 36 31 88 1) (76) (6 93) (83) (89) (86) (62 19) (72) (7 13 92 58) (99) (74 22) (75) 
25 (73) (91) (52 39 69) (6 42) (58) (57) (64) (55) (8 78 14) (90) (7 26) (71 48 89 40) (75 51 34) (38) (53) (72) (22 80) (96) 
26 (80 11 35 66 89) (74) (56) (58) (14 23 8 47) (12 68) (2) (70) (44) (64 4 27) (62 37) (86 43) (57 29) (97 13) (53 32 16) (96) 
27 (75 18) (2) (67 39 73 85) (42) (80 58 41) (62 68 47) (55) (38) (59 99 27 61) (79 22 16 14) (26 87) (74) (84 72) (86) (50) (63) (9) (6) (70) 
28 (17) (94) (47 89 59 21 11) (82) (20) (3) (99 36) (54 63) (14 6) (96 27 88) (76 84 90) (40 24 35) (62) (39 55) (73 32) (28) 
29 (84 83 50) (81 12) (32) (23 89 26) (53) (65 67) (69) (41) (75) (92) (94 28 9 48) (35) (37) (99) (10) (70 45 40) (98 62 51) (59) (3) (66) 
30 (31 27) (13 68) (20 65) (10) (23 22) (60 28) (82 89 51 76) (29 17) (95 34 59) (79) (33 6) (78) (98) (97) (8) (19) (64) (9 61) 
31 (7) (41) (88) (37) (9 60) (42 99) (100) (68) (58) (66 18) (22 72 95 35) (40 79 75) (61 26) (48) (90 6) (84 32) (83) 
32 (34) (39) (95) (60 25) (17) (30 32) (6) (22) (93 71 15) (94) (99) (52) (87) (86) (28 46) (27) (50) (72 43) (20 81 11) (56) (21) (10 83 79) (84) (41 63 47) 
33 (42 8 6) (34) (77) (20) (47) (50) (90 97) (33) (72 51) (84 52) (46) (11 18 83 22) (4) (24) (54 31) (30 68 14) (55 82) (41 28) 
34 (71) (12 33 10) (9 75) (7) (92 62 83) (26 99 88) (41) (93) (59) (19 15 50) (3) (54) (81 23 66) (84 63) 
35 (19 41 86 17 7) (10) (60 47 84) (11) (26) (32) (5) (2 75) (52 22) (35) (83) (39 68 51) (3) 
36 (72) (91 100) (42) (85) (47 57) (97 61) (28) (82 77) (92) (75) (58 31) (76) (48) (35) (67) (40) (71) (2) (55) (39) (41) (36) 
37 (89 96 80 66) (65 8) (47 16) (70) (100) (4 42) (85 31 6) (13) (83) (73 62 38 76) (27 63 53) (1) 
38 (91 61) (12 58) (28 16) (62 99) (86) (59 74) (94) (5) (98) (93 36 22) (10) (39) (77) (30 85 19) (97 72) (90) (34) (55) (1 40 8 49 68) 
39 (57 37 40 81 60 48 32) (22 28) (67) (21 65 27 25 98) (94 13) (39) (73) (15) (1) (55) (74 86 38) (51) (34) (80) (76) 
40 (7 23) (10) (89 84) (94 70 71) (81) (5) (42) (85) (99 72 80 75) (69) (73 19) (14) (31) (12 46) (22) (62) (39) (86) (3) 
41 (14 63) (17 29 25 73) (72 30) (90) (34) (57) (95) (50) (15 97) (83) (70 13) (43 46) (99) (40) (36) (93) (82) (24) (62) (78 68) (75) (10) (21 12 33) (42) 
42 (21) (27) (84) (75) (73 35 68) (28 6 61 65) (36 70) (50 83 82) (71) (100 32) (48 60) (66) (99) (56) (46) (91 93) (45) (98) (26) (63) 
43 (85) (94) (82) (23) (30) (98) (40) (99) (35 70) (76 32) (26) (83) (49 75) (65 77) (91 31) (74 89) (1) (44 24 43) (80 59 36) (18) (54) 
44 (64) (22 51 83) (97) (69) (14 36 6 11) (87 17) (20) (45 78) (86) (68 94) (38 21) (55 56 32 15) (7) (88 84 2) (62 41) (44) (1) (47 65) 
45 (83 49) (47) (46) (26) (100) (10) (28) (4) (3 2) (65) (78 82) (29) (34) (68) (73) (37 96) (99 66) (58) (90 30 35 84 88 86) (95) (55 92) (13 62) 
46 (86 49 36 2) (72) (23 11) (68) (50) (81 25 43 54) (70 97) (99) (10) (93) (51 22 90) (89) (76) (92) (5) (78 82) (1) (45) (95 19) (79) (96 34) (41) (15) (91 40) (8) (6) 
47 (79 43) (69 27 34 70) (26) (41) (6) (7 58) (13) (88) (72) (3 4 50) (30) (12 40) (94) (97) (93) (65) (82) (22) (53 95 25) (11 99 42) 
48 (95) (92 69) (98 33) (46 24 81) (17 9) (78 2 88) (29) (28) (30 53 85 90) (36) (75 97 73 6 38) (8 100) (43) (51) (7 49 55 10 48) (60 65) (14) (3 39) 
49 (93) (20 57 35 6) (59 38 34) (44 31 41) (7 24) (58) (56) (29 4 52 81) (10) (60) (25) (65 51) (45 83 39 40) (62) (50) (48) 
50 (60 55) (77) (80) (84) (5) (45) (62) (63 94 54 70) (52 88) (93) (99) (57) (13) (96 21 10 43) 
51 (17 68) (31) (53) (49) (86) (85) (44 97) (23 94) (91) (93) (14 50 10 9) (37 82 27) (89) (15) (33 69) (29) (7) (1) (65) (98) (32) 
52 (67) (53 98 99) (86) (46 28) (12) (71) (31) (96 9 8) (37) (64) (49) (55) (35 84) (87) (66) (23 82 57 43) (11) (36) (93 88) (38 51) 
53 (35) (87 62 40 9) (69) (82) (73) (78) (59 15 24 21 48 27) (98 49 10) (29 99) (65) (11) (85) (17) (7 68) (20) (79 71 28 70) (32) (56 14) (4) 
54 (97 58) (30) (50) (29) (39) (88 90 95 41) (40 10) (71 69) (77 16 19 59) (72) (81) (28 64) (62 37) (17) (31 12 33) (36 18 43 68) (3) (73 74) (75) (49) (4) 
55 (69 43) (88 31) (37) (45) (18 1 42) (84 65) (27) (51 11) (61 20) (71 67) (50 21) (68 5) (87 23) (34 80) (16) (91 33) (3 7) 
56 (60 39) (83 20) (52) (67 50) (38) (82) (22 40) (18 49) (69) (93 58) (41) (10 46 73 100) (26) (28) (4 19) (16) (34 71) (11) 
57 (40 5) (31) (22) (60) (11 61) (12) (100 70) (90) (74 56) (29) (30) (92) (86 15) (78) (19) (72) (76) (68 94) (63 23 99 8) (13) (28 75) (37) (36) 
58 (25 72) (91 51) (32) (37) (77) (82) (64) (99 48 66) (86 10 97 6 95 41) (70) (85 5 1 52 39) (34 44 16) (89 98) 
59 (34 19 43) (7) (35) (4 29 51) (36 13) (11) (53) (61) (92) (17) (95 81 98) (93 57 89 33 41 39) (74) (86) (84 58) (91 20) (47) 
60 (38) (29 62 37) (43 35) (13) (21) (45) (31 65) (41) (23 85) (46) (69) (7 74) (56 30 60) (22 3) (25) (53) 
61 (64 92 48 90) (13 51) (33) (6) (12) (11 50 18) (52) (100 63) (88 62) (5) (53 65 16 86 89 15) (69 20 32) (49) (97) (43 70) (22) 
62 (35) (87) (44 75) (92 99 39) (83) (70) (20) (91) (86) (89) (95) (100 82) (27 5 77 24) (50) (41 58) (85) 
63 (16) (47) (77) (33) (79) (37) (60 75) (40) (35) (49 17 65) (3 50) (1) (55) (85 90 8) (100 38) (72) (63 26) (45 27) (24) (70 39 88) (9) (54) (67) (84) (59) 
64 (26) (56 52) (47 27) (82) (3) (19) (94) (79) (88) (4) (42 45) (81) (21 40) (92) (23 69) (98) (39) (8 54) (68 60 95) 
65 (98 36) (93) (75) (78 58 2) (28) (1) (57) (85) (87 18 42) (59) (89 33) (3) (9 7) (27) (45 97) (80) (91) (69 8 20 99) 
66 (9) (26) (43) (8) (51) (41) (39) (14 3 47) (56) (35) (58) (71) (4) (44 77) (34) (36) (81 57) (46 11 78 65 33) (5 97) (19) 
67 (71 74) (1 77 78 29) (58 100) (32 95) (43 42) (11) (25) (22 79 4) (61 52 39 51) (23) (6) (88 50) (57) (18 27) (56) (44 59) 
68 (72) (84 80) (57 64 9) (67) (66) (3) (47 82) (42) (62 45 68 92 95) (39) (18 13) (96) (32 19 71) 
69 (42 74 16 70 27 36) (9 23) (86 40) (19) (21) (76 73) (69) (87 75 18) (33) (2 20) (65) (34) (5) (91 88) (45) (4 44 52) (49) (77 39 7) 
70 (52) (78 59 7) (96 13 99) (1 43 81 45) (15 72) (14 28) (97 57) (100) (54) (70 55) (32) (31 66) (85) (35) (44 10) (95 41) (24 22) 
71 (53) (14 72) (58 93) (7) (48) (54) (18) (98 99) (80 65) (33) (63) (46) (47) (3 100) (74) (11) (70) (30) (29 73) (6) (79) 
72 (38) (44) (18 26) (70 46) (31 21) (60) (4 79 42 22 76 78) (8) (29 10) (28) (59) (47) (1) (88) (90 2 75) (45) (54) (85 91) (95) (94) 
73 (24) (14) (7) (66 40) (41 15) (95) (67) (4 78) (58 31) (96 18 47) (59) (39 86) (23) (87) (53) (91) (3) (98 64) (76) (22) (42 72) (32) (2) (94) (49 73) 
74 (100) (88) (98) (95) (23 92 67) (35) (47) (2) (26 83) (37) (43) (79 29 63) (71) (10) (17 44 6) (36) (56 91) (57) (3) (54) 
75 (63) (87 43) (74 97 20) (70 78) (65) (93 82) (50) (94) (5 81) (84) (4 34 1) (49) (42 77) (62 92) (69) (6 8 61 36) (68) 
76 (5 45) (75 91 73 74) (33 35) (49) (61) (71 15 93) (79) (13) (60 42) (81 12) (84 82 100) 
77 (91) (83) (45) (44 56) (75) (89) (93) (72 52) (53) (100) (43) (50) (97) (41 96 8 84) (7) (10 81) (29) (92) (67 35) (32) (57) (85) 
78 (56) (26) (5) (81) (65 8) (45) (24) (37 11) (97 59) (44 74) (35) (93) (68) (32 17) (1) (12) (33) (90 50) (38) (77 96 31) (98) (15) (6) (100 22) (18 60) 
79 (59 39 78) (14) (1) (89 43) (54 86) (80) (13 38 15) (71 100) (87) (40) (57) (85 9) (21 98 20) (97) (24) 
80 (56) (47) (82 2) (23) (87) (79) (66) (31 39 19) (96 5) (29) (20) (43) (35 64) (57) (77) (52) (14) (68) (27) (25 12 67 17) (37) (34) (78) 
81 (44) (5) (77) (17 63) (13) (68 26 62) (25) (38) (2) (15) (34) (96) (89) (35 9) (19) (58) (79) (78 70 74) (87) (52 39 82 37) (84) 
82 (21) (66 37) (12 4) (85 76) (69) (91) (67) (8) (35 58 60) (24 1) (65 26 53 20) (30) (34) (79 64 73) (96) (99) (46 47 7 23 88) (25 3) 
83 (2) (36 91) (73) (72 32) (70) (67 98) (1) (83) (58) (54) (82) (76) (65 81) (23) (62) (53 47 20 80 19) (22) (25) (68 78 92 97) (45) 
84 (5 91 35) (54) (63) (46) (58 72 47) (11 66) (85) (99 80) (77 27) (55 44) (32 60 52 97) (18) (57 59 96) (71) 
85 (98) (19) (70) (80 26) (51) (29) (64 57) (38) (18) (73 92) (50 74) (33) (84) (97) (2) (94 21) (66) (39) (86) (71) (89) (100) (36) (20 81) 
86 (15 58) (12 39) (36) (19 34 87) (1) (35) (52 63) (67 42) (76 26) (33 59 96) (51 41) (30) (65) (17 6) (11) (71) (73) (83) (61) 
87 (72) (39) (12 81 90) (14) (85) (77) (38 41) (4) (33 15) (54 83) (73 17) (40) (48 62) (16 89 2) (65 92) (20) (5 69) (1 25) (34) (43) (67 95) (11) (28 36 64) 
88 (27 64) (59) (74) (81) (62 7) (22) (40) (87) (30 78 89 79 32 90 5) (92) (4) (44 39 88) (82) (16) (99) (52) 
89 (71 94 20) (58) (52 92 12) (97 60) (10 43 67 9 8 65) (70) (40) (4) (90) 
90 (20) (84 83) (35) (88) (36) (62) (64) (17) (37 38 58) (51) (99 1) (23 40 91) (87) 
91 (53 62) (45 22 71) (97) (81) (56 74 44 99) (33) (86 26) (31 15) (87) (84) (25) (29) (38 30 63 10 8 70) (47 82) (19) (17 66) (20 73 83) (85 96 64) 
92 (60) (26 53) (35 72) (28 62) (73 98 93 18 66 27) (79) (20) (36) (82) (100 44) (94 16) (39) (97) (48) (40 3) (41) (2) 
93 (43) (91 70) (72 35 85) (4 65) (89) (90) (18 39) (30 56) (23) (58) (62) (93 9 68) (41) 
94 (69) (94) (4) (97) (23 64) (30 38) (16 26 71) (65) (59) (39) (80) (56 17 84 77 31) (21) (37) (27 87 53) (61) (32 68) (48) 
95 (24) (44 27) (29 6 49 91) (18 81) (50 71) (79 41 35 45 60) (30 13 40) (42) (54 1) (19) (36) (57) (88) 
96 (94 74) (21) (92) (2 93) (48 61 86 45) (29) (91 43) (17) (82) (54) (56) (49) (79 14 46) (89) 
97 (67) (9 47 51) (99 91 41) (98 94) (64) (76) (96 16) (14) (65) (95) (80) (29 83 85 27) (54 55 17 18) (70) (8) (61) (39) (88) 
98 (31 75 65) (39 89 2) (38) (49) (17 24 36 16) (27) (37) (84) (83) (26) (57 14 56 79) (44) (77) (98) (7) (94) (70 18) 
99 (3 59) (46) (48 13 79) (20) (72 6 50) (71 90) (44) (33) (19) (61) (84 30 23) (42) (14 32 27 93 87) (51 10 16) (36 86) (73 31) (52) (100) 
100 (82) (12) (99) (2) (88 60) (71 53) (39 37 44) (92) (10 26) (14) (49) (61 45) (73) (9) (77) (52) (34) (27) (65) (21) (72) (23) (59 38) (91) (46) (51) (90) (57) (87) (94) (66) (47) (33 6) (25) (17) (68) 
1 (65) (8) (39) (44) (95) (46) (14) (83) (37) (87) (43) (86) (7) (23) (51) (6) (3) (55) (16) (72) (75) (67) (79) (21) (24) (90) (58) (70) (12) (78) (82) (38) (63) (4) 
2 (35) (46) (20) (65) (36) (27) (72) (100) (83) (48) (81) (15) (26) (4) (80) (69) (74) (92) (85) (73) (98) (87) (96) (44) (45) 
3 (10) (14) (48) (15) (29) (23) (40) (68) (74) (4) (3) (22) (34) (7) (66) (5) (28) (71) (73) (64) (63) (82) (35) (45) (55) (60) (92) (99) (65) (47) (54) 
4 (94) (7) (12) (45) (87) (26) (47) (9) (89) (66) (56) (73) (14) (88) (67) (54) (19) (18) (72) (59) (4) (49) (53) (37) (82) (69) (33) (75) (93) (64) (21) (3) 
5 (76) (61) (88) (55) (69) (46) (57) (78) (84) (35) (17) (14) (38) (58) (81) (66) (2) (7) (62) (16) (13) (50) (87) (9) (40) (80) (75) 
6 (86) (46) (14) (18) (22) (2) (58) (67) (74) (61) (99) (21) (30) (78) (71) (33) (25) (95) (28) (47) (100) (75) (37) (49) (9) (42) (44) (23) (32) (27) (48) (31) (24) 
7 (70) (71) (82) (49) (20) (88) (98) (73) (77) (24) (60) (25) (53) (10) (40) (69) (47) (65) (48) (31) (35) (9) (51) (44) (21) (59) (19) (34) (55) 
8 (10) (78) (89) (33) (52) (82) (21) (25) (46) (14) (57) (65) (97) (72) (91) (66) (26) (64) (38) (75) (48) (77) (63) (37) (30) 
9 (89) (2) (52) (17) (93) (65) (34) (19) (16) (29) (48) (13) (5) (97) (30) (66) (31) (27) (53) (81) (23) (20) (100) (51) (79) (10) (68) (8) (63) (69) 
10 (91) (56) (19) (24) (41) (50) (15) (8) (49) (7) (40) (46) (18) (58) (48) (35) (70) (77) (99) (30) (100) (22) (72) (12) (54) (3) (51) (29) (32) (89) (38) (45) (74) (34) (53) 
11 (57) (56) (2) (61) (46) (78) (71) (53) (33) (21) (14) (52) (12) (35) (47) (44) (87) (9) (55) (32) (19) (59) (86) (84) (67) (26) (28) (66) 
12 (89) (29) (18) (86) (38) (40) (80) (61) (14) (54) (100) (26) (34) (87) (41) (12) (21) (78) (47) (76) (57) (52) (82) 
13 (95) (79) (30) (70) (50) (61) (57) (37) (99) (60) (76) (24) (59) (39) (19) (68) (22) (13) (21) (10) (2) (9) (81) (5) (45) (26) (47) (41) 
14 (33) (44) (53) (26) (51) (98) (66) (100) (1) (40) (79) (87) (71) (73) (22) (70) (99) (97) (25) (96) (17) (80) (27) (48) (28) (13) (41) 
15 (24) (34) (32) (76) (1) (79) (15) (91) (61) (12) (57) (20) (18) (46) (44) (51) (8) (53) (23) (87) (78) (39) (22) (21) (73) (86) (41) (81) (5) (70) (19) 
16 (97) (15) (38) (56) (2) (20) (26) (9) (63) (27) (58) (4) (61) (92) (19) (21) (10) (14) (6) (12) (69) (98) (94) (54) (88) (37) (55) (87) (99) 
17 (94) (6) (48) (35) (41) (17) (86) (30) (51) (90) (78) (1) (98) (80) (13) (54) (74) (97) (3) (81) (21) (91) (59) (32) (96) (20) (53) (44) (87) (14) (28) (63) (100) (12) 
18 (78) (93) (61) (85) (73) (18) (12) (24) (55) (27) (43) (65) (3) (71) (33) (98) (4) (8) (56) (92) (31) (84) (68) (54) (67) (69) (72) (22) (95) (97) 
19 (3) (99) (7) (46) (1) (38) (81) (69) (54) (6) (95) (30) (86) (12) (35) (91) (68) (57) (34) (66) (20) (80) (40) (83) (56) (64) (14) (59) (85) (24) (10) 
20 (32) (75) (99) (69) (49) (18) (61) (30) (92) (3) (56) (91) (85) (80) (62) (83) (44) (87) (65) (5) (59) (82) (6) (33) (13) (79) (53) (1) (15) (89) (90) (21) (55) (28) (9) 
21 (32) (50) (41) (79) (100) (94) (60) (19) (96) (69) (44) (42) (72) (64) (53) (1) (82) (85) (39) (55) (11) (28) 
22 (23) (83) (19) (61) (40) (27) (57) (32) (24) (39) (47) (60) (56) (44) (31) (73) (78) (35) (70) (7) (38) (72) (3) (30) (91) (67) (88) (15) (33) (25) (46) 
23 (22) (69) (67) (46) (90) (93) (83) (10) (52) (100) (20) (26) (7) (94) (29) (9) (43) (34) (74) (99) (73) (51) (40) (57) (13) (82) (60) (30) (15) (55) (80) (64) 
24 (70) (19) (5) (23) (7) (62) (2) (28) (73) (78) (95) (21) (16) (98) (11) (43) (79) (9) (63) (53) (49) (41) (82) (33) (48) 
25 (100) (60) (82) (67) (80) (47) (7) (39) (46) (81) (12) (87) (58) (1) (49) (23) (18) (83) (41) (32) (91) 
26 (45) (81) (63) (92) (15) (86) (25) (43) (94) (47) (85) (35) (34) (98) (66) (91) (19) (78) (42) (31) (56) (82) (74) (14) (64) (5) (27) (72) (2) (100) (29) 
27 (1) (32) (28) (88) (42) (98) (84) (67) (39) (97) (92) (2) (26) (21) (69) (47) (55) (100) (8) (27) (30) (94) (95) (37) (63) (80) (62) (65) (99) (53) (51) (64) 
28 (53) (52) (2) (3) (4) (57) (72) (70) (33) (29) (45) (30) (28) (20) (21) (48) (38) (65) (92) (39) (87) (36) (32) (42) (56) (54) 
29 (41) (71) (49) (8) (67) (91) (45) (51) (77) (60) (97) (54) (74) (96) (17) (95) (14) (48) (85) (57) (24) (30) (21) (80) (53) (72) (26) (59) 
30 (54) (20) (88) (15) (10) (71) (45) (41) (32) (94) (99) (38) (91) (43) (57) (9) (47) (86) (60) (23) (82) (48) (93) (33) (8) (95) 
31 (6) (40) (30) (70) (4) (43) (80) (72) (94) (9) (57) (91) (99) (60) (78) (49) (55) (98) (7) (17) (37) (24) (51) (2) (73) (54) (36) (19) (52) (23) (33) (21) 
32 (77) (51) (15) (26) (28) (53) (43) (4) (42) (84) (58) (17) (1) (8) (31) (78) (44) (2) (88) (61) (35) (32) (67) (68) (99) (83) (39) (29) (70) (94) (73) 
33 (33) (41) (63) (30) (78) (76) (10) (86) (69) (21) (22) (48) (6) (100) (87) (91) (85) (3) (12) (61) (65) (17) (13) (71) (51) (5) (54) (66) (99) (55) (34) (7) (59) 
34 (82) (100) (13) (55) (25) (45) (80) (69) (56) (86) (46) (59) (12) (66) (87) (47) (75) (41) (38) (81) (58) (17) (39) (33) (30) (49) (32) 
35 (6) (31) (60) (78) (53) (1) (52) (95) (9) (74) (86) (24) (92) (80) (70) (77) (28) (76) (10) (49) (36) (45) (59) (66) (84) (14) (42) (26) (3) (82) (93) (63) (43) (90) (17) (35) (29) (81) (62) 
36 (57) (5) (85) (52) (19) (92) (99) (43) (44) (48) (36) (17) (28) (87) (74) (46) (41) (86) (9) (24) (83) (42) (8) (54) (16) (12) (75) (38) (65) (7) (90) (69) (1) (59) (98) (95) (66) 
37 (26) (29) (12) (94) (52) (74) (60) (78) (39) (81) (100) (57) (98) (10) (82) (55) (45) (51) (31) (54) (80) (17) (63) (13) (15) (58) (90) 
38 (23) (6) (22) (81) (2) (52) (72) (56) (78) (4) (98) (15) (49) (25) (91) (48) (3) (79) (94) (37) (90) (87) (60) (39) (9) (63) (85) (8) (7) (100) (27) (19) (44) (20) (10) 
39 (80) (36) (62) (94) (48) (10) (1) (67) (88) (98) (85) (73) (79) (40) (25) (97) (16) (7) (39) (35) (49) (28) (54) (38) (93) (64) (100) (68) (81) (56) (69) (63) (32) (66) (86) (92) (58) (87) (59) (27) 
40 (89) (64) (53) (88) (1) (69) (90) (49) (8) (46) (95) (63) (29) (56) (36) (28) (41) (14) (43) (73) (13) (54) (38) (57) (92) (47) (87) (31) (25) (3) (39) (79) 
41 (10) (29) (60) (31) (56) (58) (95) (8) (73) (92) (86) (49) (70) (36) (59) (33) (87) (77) (27) (35) (46) (93) (44) (34) (7) (66) (62) (32) (54) (6) (47) (97) 
42 (76) (14) (67) (17) (21) (25) (31) (47) (65) (68) (37) (64) (99) (4) (95) (55) (23) (86) (69) (75) (40) (20) (36) (33) (41) (73) (9) (18) (7) (72) (27) 
43 (77) (9) (23) (74) (96) (46) (66) (89) (15) (87) (41) (70) (52) (47) (60) (80) (3) (4) (21) (50) (2) (24) (75) (61) (48) (26) (32) (16) (55) (54) (93) (79) (43) (67) (59) 
44 (58) (92) (95) (98) (99) (88) (70) (5) (74) (44) (26) (91) (51) (66) (7) (3) (77) (81) (14) (67) (23) (69) (72) (19) (62) (49) (78) (100) (43) (84) 
45 (65) (69) (70) (44) (68) (42) (100) (63) (8) (60) (4) (95) (72) (14) (55) (16) (76) (91) (64) (50) (77) (46) (17) (29) (78) (96) (49) (83) 
46 (66) (33) (48) (71) (84) (52) (45) (13) (40) (99) (96) (82) (56) (5) (18) (2) (42) (41) (60) (100) (72) (16) (32) (14) (19) 
47 (18) (44) (35) (63) (73) (45) (36) (15) (91) (8) (26) (71) (12) (59) (84) (100) (27) (28) (33) (17) (97) (74) (64) (82) (6) (68) (32) (66) (72) (83) (37) (80) 
48 (87) (4) (58) (15) (9) (48) (71) (99) (29) (96) (36) (49) (92) (31) (6) (25) (13) (17) (53) (39) (61) (94) (42) 
49 (73) (38) (63) (100) (46) (7) (18) (3) (96) (76) (69) (22) (51) (53) (17) (45) (43) (52) (11) (23) (54) (10) (5) (75) (61) (48) (98) (56) (95) (6) 
50 (5) (77) (27) (67) (49) (16) (62) (42) (56) (6) (85) (63) (34) (13) (47) (55) (51) (2) (33) (78) (19) (3) (1) (61) (41) (32) (95) (54) (46) (99) (75) (29) 
51 (58) (48) (24) (3) (49) (39) (33) (85) (99) (86) (10) (100) (6) (90) (44) (66) (35) (12) (97) (29) (67) (7) (59) (52) (46) (55) (25) (61) (30) (16) 
52 (4) (35) (80) (67) (89) (84) (25) (2) (100) (33) (70) (3) (21) (69) (32) (49) (86) (88) (81) (50) (56) (64) (61) (99) (58) (8) (16) (77) 
53 (94) (61) (83) (6) (59) (71) (92) (47) (29) (25) (48) (100) (52) (10) (51) (82) (8) (5) (73) (22) (37) (7) (18) (26) (91) (77) (60) 
54 (79) (28) (46) (71) (74) (34) (70) (97) (72) (33) (96) (64) (22) (84) (23) (13) (63) (87) (83) (7) (8) (43) (50) (95) 
55 (25) (10) (70) (45) (84) (7) (38) (63) (97) (39) (44) (28) (15) (36) (8) (33) (52) (48) (50) (27) (17) 
56 (49) (9) (66) (26) (53) (60) (6) (94) (96) (16) (57) (98) (44) (64) (80) (78) (42) (74) (77) (1) (91) (67) (10) (18) (19) (14) (32) (93) 
57 (50) (39) (4) (67) (98) (65) (59) (77) (95) (80) (41) (13) (79) (52) (70) (66) (84) (36) (85) (25) (74) (68) (49) (10) (100) (26) 
58 (86) (31) (93) (47) (20) (83) (54) (25) (27) (6) (7) (45) (67) (9) (66) (11) (81) (49) (71) (56) (65) (36) (24) (62) (38) (14) (89) (82) (17) (26) (12) (84) (4) (10) (5) (21) (59) (90) (73) 
59 (99) (27) (15) (49) (54) (73) (94) (100) (70) (9) (34) (21) (43) (13) (78) (19) (79) (86) (30) (63) (84) (53) (88) (67) (38) (29) (28) (7) (72) (65) 
60 (56) (63) (100) (57) (60) (64) (31) (82) (72) (76) (5) (22) (92) (35) (84) (95) (24) (49) (8) (89) (3) (50) (48) (42) (10) (30) (78) (39) (32) (11) (4) 
61 (31) (75) (94) (36) (5) (96) (97) (100) (11) (86) (38) (7) (27) (4) (42) (67) (59) (30) (55) (1) (57) (99) (76) 
62 (29) (40) (41) (18) (88) (44) (53) (54) (91) (90) (38) (11) (13) (50) (49) (24) (37) (20) (75) (19) (61) (26) (10) (28) (68) (60) (34) (92) (93) (87) (4) (27) (81) (83) (45) 
63 (81) (57) (42) (5) (84) (75) (27) (37) (71) (50) (14) (32) (63) (86) (41) (34) (74) (61) (91) (12) (4) (28) (20) 
64 (11) (54) (87) (20) (23) (14) (73) (97) (58) (19) (82) (24) (6) (30) (7) (91) (94) (26) (68) (44) (85) (80) (88) (90) (25) (21) (61) (16) (52) (8) 
65 (55) (97) (82) (75) (30) (98) (42) (86) (100) (61) (13) (29) (22) (43) (53) (93) (66) (83) (47) (94) (18) (89) (51) (78) (44) (16) (48) (37) (45) (49) (21) (63) (87) (71) (69) (60) (39) 
66 (21) (42) (14) (82) (29) (52) (70) (45) (100) (92) (34) (31) (10) (85) (80) (23) (19) (68) (2) (73) (84) (91) (18) (12) (37) (17) (26) (58) (22) 
67 (8) (56) (80) (39) (97) (83) (63) (14) (11) (87) (9) (52) (68) (74) (77) (19) (29) (73) (89) (86) (7) (12) (82) (36) (55) (13) (6) (27) 
68 (14) (30) (54) (57) (53) (41) (81) (68) (35) (38) (94) (64) (44) (26) (75) (11) (42) (83) (93) (55) (27) (80) (33) (51) (78) (46) (100) (45) (31) 
69 (53) (3) (64) (48) (25) (69) (94) (47) (9) (17) (87) (18) (24) (6) (40) (61) (82) (15) (75) (51) (1) (20) (60) (56) (44) (54) (55) (65) (29) 
70 (29) (63) (93) (7) (83) (18) (58) (70) (61) (85) (26) (40) (27) (16) (62) (71) (72) (46) (75) (81) (47) (41) (98) (23) (97) (43) (69) (42) (37) (57) (53) (50) (89) (91) 
71 (40) (76) (34) (95) (91) (42) (15) (4) (55) (17) (68) (36) (67) (74) (53) (54) (100) (66) (25) (52) (56) (16) (89) (99) (32) (94) (18) (85) (22) (11) (79) (8) (84) (86) 
72 (38) (24) (41) (68) (32) (70) (40) (83) (13) (58) (99) (93) (92) (10) (25) (5) (77) (73) (33) (87) (100) (57) (63) (47) (84) (3) (27) (31) (23) (46) (36) (22) (71) (54) 
73 (8) (92) (28) (15) (99) (69) (76) (41) (91) (2) (40) (71) (14) (87) (42) (4) (85) (56) (48) (20) (1) (25) (83) (39) (45) (54) (27) (73) (13) (82) (100) (37) (16) (11) (53) (86) 
74 (39) (76) (75) (19) (26) (14) (24) (54) (2) (91) (38) (67) (71) (96) (81) (11) (88) (43) (27) (57) (18) (10) (5) (15) (78) (69) (22) (85) (59) (60) (1) 
75 (76) (63) (40) (8) (48) (10) (98) (31) (43) (17) (54) (62) (25) (27) (72) (1) (19) (21) (57) (16) (36) (24) (22) (9) (65) (35) (69) (34) (77) (41) (11) (42) (29) (18) 
76 (11) (86) (24) (15) (30) (36) (28) (37) (3) (57) (7) (43) (69) (9) (83) (16) (72) (39) (82) (46) (97) (73) 
77 (36) (54) (13) (69) (43) (84) (100) (66) (98) (4) (24) (33) (87) (75) (58) (7) (63) (50) (38) (80) (81) (78) (16) (67) (23) (8) (5) (62) (94) 
78 (81) (73) (79) (24) (66) (45) (53) (5) (70) (48) (17) (75) (57) (12) (3) (22) (83) (21) (72) (88) (67) (44) (65) (13) (80) (25) (9) (41) (30) (46) 
79 (82) (74) (96) (47) (67) (88) (95) (11) (30) (3) (16) (19) (64) (72) (1) (46) (92) (22) (14) (63) (99) (80) (71) (8) (31) (81) (27) (76) (98) (32) (53) (9) 
80 (83) (27) (26) (65) (84) (94) (97) (50) (6) (85) (39) (71) (15) (43) (25) (19) (79) (20) (37) (17) (68) (55) (40) 
81 (29) (78) (95) (75) (49) (20) (64) (85) (77) (83) (22) (59) (23) (66) (16) (21) (76) (87) (1) (54) (12) (88) (48) (70) (39) (40) (32) (91) (46) (34) (13) 
82 (30) (18) (51) (6) (53) (33) (83) (45) (80) (10) (75) (2) (41) (42) (43) (100) (46) (62) (56) (81) (96) (58) (28) (88) (16) (91) (92) (64) (68) (36) (13) (11) (52) (47) (76) (21) 
83 (19) (77) (49) (98) (44) (43) (86) (41) (32) (3) (37) (45) (35) (90) (91) (83) (10) (18) (74) (62) (12) (16) (29) (87) (33) (56) (9) (21) (4) (7) (97) (42) (31) (34) (24) 
84 (33) (24) (68) (44) (52) (98) (11) (32) (42) (55) (27) (75) (91) (28) (63) (81) (8) (31) (50) (19) (5) (35) (99) (90) (29) (76) (77) (94) (45) (40) (85) (7) (34) (59) (13) 
85 (4) (13) (70) (12) (40) (19) (3) (87) (65) (58) (43) (1) (79) (38) (97) (93) (77) (84) (62) (72) (48) (60) (37) (15) (2) (63) (53) (51) (91) (82) (36) (27) (11) 
86 (46) (20) (52) (38) (39) (59) (7) (4) (44) (61) (79) (51) (69) (1) (26) (32) (16) (57) (5) (15) (2) (14) (24) (9) (6) (35) (73) (96) (3) (40) (85) (8) (99) (17) (91) (27) (62) (45) (11) (21) (58) 
87 (11) (88) (80) (53) (65) (8) (100) (32) (73) (91) (86) (62) (27) (7) (21) (18) (79) (4) (44) (1) (99) (55) (52) (81) (90) (16) (69) (75) (94) 
88 (74) (64) (2) (55) (17) (69) (12) (16) (22) (48) (82) (100) (61) (50) (72) (88) (90) (15) (97) (24) (63) (45) (18) (95) (67) (44) (52) (28) (20) (54) (31) (47) (23) (34) 
89 (58) (62) (22) (88) (18) (43) (24) (26) (96) (19) (61) (85) (40) (28) (46) (11) (79) (29) (87) (93) (25) (81) (59) (37) (51) (65) (98) (8) (30) (77) 
90 (2) (87) (89) (99) (6) (45) (19) (31) (78) (93) (8) (1) (46) (54) (11) (57) (25) (28) (4) (48) (38) (41) (72) (100) (33) (61) (14) (63) (88) 
91 (96) (74) (36) (97) (83) (95) (6) (51) (72) (73) (58) (76) (93) (62) (59) (82) (90) (43) (100) (25) (55) (69) (65) (46) (84) (42) (77) (38) 
92 (23) (75) (100) (18) (45) (34) (48) (61) (74) (62) (88) (16) (64) (87) (85) (68) (57) (96) (4) (36) (15) (29) (2) (59) (7) (89) (10) (46) (83) (77) (24) 
93 (6) (96) (52) (42) (49) (8) (56) (46) (78) (47) (38) (71) (15) (22) (75) (24) (59) (32) (34) (93) (51) (76) (19) (77) (20) (18) (50) (65) (14) (41) (92) (99) 
94 (18) (98) (2) (100) (97) (73) (6) (19) (89) (38) (75) (92) (11) (24) (50) (43) (72) (51) (47) (94) (32) (64) (96) (28) (39) (85) (57) (12) (40) (44) (29) 
95 (8) (41) (70) (67) (16) (47) (15) (59) (48) (45) (31) (3) (30) (87) (23) (62) (54) (14) (74) (68) (32) (58) (72) (97) (9) (4) (73) (64) (46) 
96 (68) (7) (19) (45) (52) (91) (97) (77) (73) (80) (46) (4) (14) (50) (25) (26) (78) (82) (81) (28) (84) (70) (5) (86) (1) (37) (2) (20) 
97 (8) (5) (94) (61) (48) (66) (54) (84) (41) (77) (14) (92) (23) (26) (22) (65) (33) (79) (78) (47) (20) (85) (2) (13) (91) (46) (4) (70) (44) (83) (51) (38) (36) (9) (89) (75) (58) (30) 
98 (58) (30) (51) (85) (64) (59) (4) (23) (92) (98) (78) (53) (48) (65) (97) (79) (43) (38) (83) (7) (73) (29) (8) (42) (71) (39) (74) (52) 
99 (100) (46) (91) (10) (52) (32) (57) (84) (53) (24) (27) (20) (88) (45) (34) (16) (62) (14) (47) (90) (82) (5) (58) (15) (43) (28) (29) (6) (71) (41) (97) (31) (70) (42) (50) (38) (65) (40) 
100 (77) (78) (15) (79) (12) (36) (99) (11) (76) (42) (70) (67) (61) (56) (74) (48) (71) (37) (22) (63) (92) (6) (62) (45) (85) (31) (57) 
