0
100
100
1 (71) (62) (41) (87) (75) (46) (4) (86) (23) (19) (67) (74) (42) (83) (51) (53) (78) (92 20) (66) (64) (8 76 94) (70) (52) (82) (56) (72) (48) (79) (95) (50) (73) (100 44) (77) (14) (32) (90) (57 31) (6) (91 96) (81) (33) (26) (28) (85) 
2 (16) (19) (93) (26) (82) (25) (71) (5 80) (28 20) (43) (6) (64 57) (67) (17) (65 18) (73) (75) (34) (98) (9) (81) (47) (22) (23) (1) (78) (63 29) (97) (89) (79) (94) (100) (95 88) (32) (92) (39) (61) (96) (38) (85) 
3 (78) (87) (62) (27) (66) (69) (6) (93) (13) (30) (70) (33) (100) (80) (49) (25 17) (58) (40 83) (64) (22) (39) (12 37) (95) (18) (75) (60) (7) (5) (41) (89) (88) (38) (42) (53) (26) (91) (19) (98 47) (65) (34) (67) (76) (43) (35) (20) (9 99) (56) 
4 (73) (99) (61) (3) (50) (1) (93) (79) (95) (37) (21) (48) (35) (28) (55) (62) (44) (66) (68) (85) (27 78) (90) (36) (88) (67) (83) (22) (52) (18) (54 65) (59) (23) (4 45 75) (77) (6) (11) (56) (14) (25) (29) (5) (82) (16) (38) (20) (71) (31) (94) (84) (39) (49) (26) (72) 
5 (62) (48) (65) (55) (44) (69 70) (83) (72) (54) (2) (32) (94) (1) (25) (60) (36) (29) (10) (95) (28) (64) (19 57) (43) (39) (30) (52) (74) (5) (40) (91) (41 76) (98) (61) (100) (92) (4) (9) (18) (71) (82) (56) (33) (20) 
6 (46) (77) (90) (83) (100) (94) (78) (8) (50) (79) (39) (69 55) (25) (82) (59) (74) (75) (37 12 64) (85) (97) (20) (16) (52) (60) (62) (5) (48) (27) (65 88) (29) (23) (41) (21 84) (61) (31) (91) (14 87) (89) (95 70 13) (86) (92) (40) (4) (36) (51) 
7 (40) (43) (20) (31) (63) (21 71) (8) (32) (19) (39) (59) (26) (28) (38) (95) (11) (82) (80) (74) (12) (47) (65) (67 33) (5) (23) (50) (30 72) (86) (85) (89) (75) (76) (6) (93) (49) (57) (10) (77) (83) (100) (70) (48) (2) (34 90) (56) (69) (7) (45) 
8 (78 59) (19) (87 50) (20) (3) (68) (12) (88) (7) (85) (34 76) (43) (86) (55) (79) (98 46) (18) (52) (62) (2) (30) (35) (10) (38 40) (66) (9) (75) (90) (64) (42) (36) (58) (4) (1 37) (81) (39) (14 99) (69) (83) (80) (94) (57) (32) 
9 (89) (6) (47) (87) (92) (76) (11) (12) (98) (5) (64) (49) (62) (60) (57) (35) (66) (26) (9) (17 58) (44) (61) (14) (50 16) (31) (73) (51) (39) (96) (27) (36) (30) (1) (86) (91) (67) (48) (20 82) (3) (78) (13) (46) (42) 
10 (30) (68) (26) (97) (43) (22) (82) (40 72) (73) (15) (42) (65) (9) (19) (81) (2) (69) (47 28) (10) (23) (66) (24) (78) (31) (77) (1) (86) (44) (3) (79) (29) (55) (91 95) (90) (64) (93) (76) (35) (12) (37) (50) (14) (39) (54) (13) (88) (18) (33) (98) (58) (45) 
11 (97) (61) (47) (81) (21 92) (82) (54) (32) (99 93 53) (22) (27) (58) (77) (74) (87) (100 7) (17) (63) (44) (41) (79) (29) (84) (19 28) (42) (59) (38) (4 70) (91) (33) (9) (34) (56) (71) (36) (2) (65) (86 51) (25) (52) (18) (15 57) (23) (94) (95) (6) (39) (43) (16) (80) 
12 (71) (15) (54) (84) (77) (25) (42) (40) (16) (35) (85) (100) (88) (83 13) (78) (56) (49) (18) (69) (68 7) (2) (6) (41) (14 81) (26) (59) (91) (9) (36) (20) (4) (82) (57) (95) (97) (39) (32) (63) (99) (38) (24 3) (65 46) 
13 (100) (2) (78) (19) (72 18) (55) (94) (87) (83) (48) (56) (23) (89) (1) (38) (39) (82 46) (64) (91) (62) (92) (73) (24) (45) (5) (28) (52) (44) (15) (57) (84) (93) (97) (20) (63) (36) (81) (61) (4) (70) (29) (76) (30) (6) (25) (80) (53) (77) 
14 (66) (70) (53) (4) (7) (10) (26) (31) (14) (59 96) (61) (73) (45 6) (16) (56) (51) (100) (1) (95) (12 48) (47) (39) (75) (74) (5) (33) (88) (82) (97) (89) (71) (55) (35) (21) (50) (19) (8) (46 92) (41) (57) (65) (63) (83) (54) (20) 
15 (36 44) (33) (72) (21) (86) (91) (94) (34) (9) (66) (5) (67) (74) (46) (42) (69) (28) (84) (22 40) (45) (76) (38) (89 87) (1) (77) (100) (60) (70) (99) (31) (83) (37) (23) (12 78) (92) (96) (41) (11) 
16 (74) (35) (83) (20) (31) (50) (68 82 76) (44) (33 53 39) (77) (72) (42) (81) (26) (27) (55) (52) (9) (61) (12) (4) (96) (1) (6) (66 91) (78) (94) (34 98 93 25) (40) (38) (95) (10) (3) (13) (51) 
17 (66 62) (93) (40) (42) (77 20) (43) (55) (73 34) (76) (89) (22) (26) (45) (69) (74) (6) (78) (47) (38) (82 16) (90) (49 17) (39) (61) (21) (80) (79 68) (94) (28) (84) (23) (13) (15) (25) (92) (100) (5 27) (70) (97) (9) (51) (58) (37) (29) (12) (63) (60) (8 96) (98) (81 64) (36 35) 
18 (98) (33) (63) (72 97 2) (65) (11) (57) (6) (62) (40) (53) (10) (73) (93 87) (66) (75) (86) (43) (22) (36) (21) (42) (70) (12) (1) (20) (15) (69) (94) (83) (99) (4 39) (79) (58) (34) (60) (81) (8) (23) (14) (59) (52) (56) (9) (61) (47) (35) (54) (67) (5) (96) (24) (64) (71) 
19 (53) (67) (19) (34) (16) (39) (33) (29) (7) (82) (57) (87 79 30 31) (32 99) (59) (97 90) (92) (2) (48) (8) (94) (35 86) (9) (47) (60) (41) (49) (12) (28) (42) (91) (24) (6) (38) (46) (77) (66) (15) (88 83) (14) (61) (43) (17) (89) (68) (75) 
20 (40 24) (91) (100) (41) (57) (54) (49) (96) (90) (3) (22) (74) (25 52) (6) (13) (5) (64) (62 83) (28) (17) (15) (32) (51) (71) (85) (58 72) (59) (81) (78) (30) (69) (79) (75) (55) (84) (87) (35) (19) (11) (88) 
21 (42) (77) (39) (83) (21) (74) (61) (33) (11) (75) (12 58 44) (91) (37) (19) (43 25 35) (92) (99) (90) (72) (2) (3) (7) (64 100) (1) (59) (48) (82) (54) (29) (85) (65) (36) (56) (18) (50) (86 67 60) (71) (5) (16) (70) 
22 (73) (57) (1) (91) (87) (97) (26 17) (41) (94) (25) (10) (32 12) (100) (66) (35 48) (31) (55) (18) (84) (78) (36) (65) (2 37 23) (16) (54) (61) (81) (90) (83) (88) (30) (28) (39) (8) (59) (71) (46) (14) (52) (47) (29) 
23 (90) (67) (34) (32) (30) (12) (93) (86) (10) (54) (92) (45 47 46) (43 42 77) (83) (65) (4) (22) (9) (72) (98) (59) (53) (88) (69) (66) (74) (39) (73 17) (37) (95) (5) (100 41) (35) (15) (87) (49) (60) (8) (96) (31) (44) 
24 (37 65) (57) (77) (44 14) (80) (72) (100) (43) (62 7) (66) (86) (81) (32) (33) (52) (23) (11) (61) (9) (35) (5) (36 28) (93) (63) (27 16) (99) (46) (51) (82) (42) (69) (19) (91) (48) (56) (97) (88) (60) (8) (18) (70) (98) (39) (87) (78) (94) (22) (21) (10) (73) 
25 (13 15) (6) (39) (53 56) (3) (85) (23) (7) (27) (64 43) (74) (25) (4) (92) (47) (52) (12) (67) (91 57 33) (90 32) (99) (11) (71) (94) (84) (9) (36) (82) (80) (60) (24) (89) (58) (59) (2) (22) (8) (16) (77) (79 51) (86) (87) 
26 (8) (34) (49) (20) (12) (14) (82) (10) (7) (22) (50) (39) (59) (63) (24) (68) (95 29) (99) (67) (98) (36) (46) (80) (65) (73) (32) (26) (47) (90) (27) (6) (53) (93) (74) (17 43) (100) (9) (52) (31) (88) 
27 (53) (24) (43) (58) (46 90) (96) (17) (73) (95) (28) (10) (79) (76 85) (75) (70) (45) (27) (25) (30) (81) (5) (100) (60) (48) (97) (21) (4) (49) (37) (66) (54) (89) (50) (68) (8) (82) (47) (88) (78) (91) (72 35) (6) (74) (59) (61) (13 62) (83 12) 
28 (9) (72) (36) (12) (91) (52) (75) (67) (3) (39) (10) (54) (68) (8) (96) (1) (27 99 40) (84) (83) (76) (28) (38) (4) (71 55) (69) (19) (62) (61 64) (48) (87) (66) (77) (59) (80) (30) (26) (94) (23) (85 100) (7) (14) (93) (46) (15) (22 47 32) (82) (90) 
29 (76) (6) (28) (63 64) (61) (55) (35) (82) (58) (39) (12) (14) (75) (95) (52 88) (13) (42) (20) (89) (1) (11) (69) (91) (45) (65 4 60) (19) (83) (44) (99) (56) (2) (70) (92 78) (25) (74) (40) (32) (5) 
30 (11) (12) (88) (81) (57) (27) (62) (42) (100) (77) (13) (4) (16) (54 51) (69) (84) (21) (39) (47) (31) (63) (60) (53) (76 30) (58) (36) (24) (74) (65) (66) (83) (50 14) (25) (3) (79) (38) (41) (6) (40) (44) (10) 
31 (79) (4) (65) (81) (80) (9 20) (52) (70) (39) (30) (40) (82 15) (54) (89) (22) (17) (51) (46) (16) (90 55) (58) (41) (23) (72) (84) (38) (18) (56) (31) (69) (3) (91) (10) (21 19) (29) (5) (73) (83) (45) (35) (57) (42) (49) (13) 
32 (80) (7) (53) (100) (64) (82) (40) (25 15) (17) (50) (63) (8) (11) (70) (59) (34) (36 39) (10) (29) (6) (62) (91) (87) (18) (94) (33) (51) (24) (56) (92) (79) (72) (76) (75) (48) (58) (12) (38) 
33 (35) (85) (61) (81) (29) (68) (74) (38) (39) (41) (51) (36) (17) (15) (82 48) (4) (94) (70) (54) (3) (12) (31) (18) (98) (69 65) (11) (72) (37) (42) (56) (71) (92) (21) (52 23 60) (78) (67) (49) (27) (59) (50) (84) (46 66 79) (40) (97) (91) 
34 (39) (58) (65) (45) (64) (95) (44) (46) (78) (22) (98) (1) (56) (29) (94) (91 71) (72) (7) (48 87) (57) (70) (12) (3) (41) (8) (17) (19) (60) (88) (33 43 28) (4) (49) (24) (77) (67) (53) (93) (30) (6) (23) (37 2) (13) (83) (79) (82) (73) (35) (47) (26) (15) 
35 (46) (91) (14) (76) (99) (30) (81) (58) (79) (83) (3) (50) (43) (90 16) (54 94) (74 95) (41 100) (28) (78) (64 88) (40) (96) (26) (57) (44) (22) (39) (17) (63) (71) (2) (67) (11) (24) (21) (35 86) (34) (82) (61 48) 
36 (52 30) (80) (96) (58) (1 26) (36) (77 19) (92) (11 81) (75) (3) (17) (64) (88) (82) (38) (13) (31 6) (78 69) (47) (93) (70) (86) (54) (87 91) (65) (83) (15) (41) (18) (37) (4) (72) (25) (33) (29) 
37 (8) (93) (56) (34) (35) (25) (15) (66 91) (23) (9) (67) (16) (43) (40 55) (64) (95) (27) (71) (44) (65) (32) (72) (11) (51) (33) (20) (45 30) (18 83) (49) (53) (92) (94) (60 41) (99 78) (4) (31) (63) (70) (75) (39) (98) (54) (77) (12) (81) (61) 
38 (12) (29) (33) (7) (40) (58) (89) (86) (70) (84) (18) (60) (50) (10) (91) (52) (32) (47) (38) (88 62) (87) (63) (94) (31) (25) (56) (79) (65) (81) (37) (16) (13) (24) (35) (82) (26 23) (15) (48) (59) (67) (72) (97) (30 96) (85) (57) 
39 (23) (92) (17) (96) (5) (69) (22) (38) (39 46) (94 80) (67) (26) (45) (50) (51) (4) (74) (34) (43 25) (61) (33) (35) (79) (6) (64) (77) (83) (11) (89) (78) (100) (29) (37) (1) (91) (56 59 52) (54) (42) (12) (14) (27 49) (82) (8) (88) 
40 (13) (73) (46) (23) (42) (30) (17) (93) (29) (33) (52) (72) (81) (9) (8) (34 16 100) (10) (83) (26) (50) (32) (28) (65) (36) (3) (86) (69) (76) (43) (21) (41) (27) (1) (90) (18) (74) (70 79) (20) (22) (96) (99) (77) (58) (14) 
41 (51) (44) (84) (90) (92 43) (70) (35) (94 75) (25) (69) (37) (13) (22) (30) (80) (59) (15) (41) (21) (17) (71) (18) (63) (96) (28) (72) (50) (65) (97) (42) (66) (1) (64) (4) (99) (73) (56) (27) (12) (19) (54) (49) (95) (32) (5) (14 67) (45) (3) (89) (10) (88) (39) 
42 (100) (30) (83) (23) (7) (19) (73) (12) (92) (15) (95 70 25) (20) (42) (21) (68) (54) (6 46 22) (82) (2) (62) (69) (94) (17) (3) (98) (35 11) (91) (14) (38) (37) (74) (71) (63) (96) (55) (80) (26) (49) (85) (61) (59) (65) (41) (89 27) (43) (29 67) (48) 
43 (88) (60) (94) (85) (76) (32) (74) (1) (8) (28 96) (99) (17) (73) (82) (40) (20 100) (71 83) (3) (97) (14) (44) (68) (51 53) (64) (93) (92) (26) (11) (34) (61) (30) (62) (12) (72) (75) (24) (13) (65) (41) (81) (29) (16) (7) (37) (52) (25) (10) (22) (84) (31) (66) (95) (19) (43) 
44 (87) (24) (78) (86) (82) (5) (30) (84) (98) (18) (50 73) (14) (90) (71) (94) (46) (92) (25) (60) (69) (44) (42) (10) (77) (40) (96) (34) (89) (27) (70) (56) (32) (28) (13) (39) (51) (79 19 62) (80) (16 48) (6) (21) (88) 
45 (64) (17) (20) (72) (78) (93) (6) (42) (1) (56) (45) (34) (21) (32) (66) (76) (23) (2) (11 58) (19) (79) (47) (88) (9) (24) (14) (96) (25) (67) (40) (80) (60) (5) (18 87) (41) (98) (49) (68) (70) (65 26) (8) (94) (57) (89) (61) (43) (54) 
46 (14) (87) (56) (33) (18) (95 60) (3) (70) (61) (92) (40) (47) (85) (9) (68) (59) (16) (1) (49) (96) (78) (90) (74) (66) (48) (44) (69) (46) (65) (2) (29) (27) (34) (80) (76) (31 51) (41) (8 91) (82) (58) (5) (7) (52) 
47 (34) (97) (39) (68) (16) (6) (72) (31) (9) (48) (66) (79) (82) (95 36) (5) (20 3 73) (67 57) (98) (15) (61) (93) (58) (92) (74) (37) (40) (53) (17) (63) (51) (35) (96) (84) (12) (1) (30) (24) (100) (94) (8) (27) (18 26 4) (78) 
48 (76) (47) (82) (68) (42) (33) (61) (23) (66) (16) (98) (49) (14) (85) (56 94) (10) (18 41) (79) (75) (11) (60) (12) (21) (83) (97) (45) (96) (22) (51) (62) (57) (43) (72) (6) (74) (91 5) (39) (31) (15) (92) (70) (93) (50) 
49 (37) (94) (24) (16) (7) (48) (2) (54) (32) (27 77) (45) (68) (89) (25) (96) (4) (75) (76) (53) (13) (80) (46) (61) (65) (70 93) (47) (81) (18) (72) (85 74) (44) (83) (84) (38) (29) (22) (14) (67) (88) (51) (64) (41 23) (3) (91) (10) (99) (26) (11 40) 
50 (5) (58) (71) (12 1) (61 38) (76) (100) (3) (23 60) (15) (32) (18) (28) (21) (82) (57 75) (34) (70 68) (62) (50) (10) (27) (36) (20) (94) (11) (54) (67) (77) (35) (24) (81) (89) (47) (25) (63) (91) (88) (48) (55 84) 
51 (11) (42) (1) (9) (78) (73) (81) (2) (33) (43 76) (46) (83) (77) (89) (80) (37) (18) (85) (41) (99) (57 62) (24) (7) (3) (27) (95) (20) (21) (82) (65) (23) (22) (36) (51) (70) (54) (53) (50) (45) (98) (10) (31) (4) (68) (64) (40) (86) (48) (94) (5) (39) (60) (79) (6) (71) (26) 
52 (25) (99) (18) (80) (100 64) (4) (97) (70) (53) (1) (86) (76) (21) (7) (89) (66) (61 77) (46) (94) (24) (38) (27) (93) (73) (78) (43) (22) (74) (14) (81 30) (84) (60) (55) (17) (10) (15) (28) (19) (54) (71) (75) (48) (79) (98) (5) (69) (35) (63) (11) (92 56) (23) 
53 (5) (71) (36) (50) (72) (48) (96) (21) (33) (14) (57) (8) (52) (20) (81 1) (74) (84) (56) (64) (95) (17) (76) (18) (19) (62) (45) (55) (68) (80) (39) (16) (7) (65) (43) (78) (24) (42) (46 90) (92) (34) (6) (75 29) (12 4) (9) 
54 (52) (71) (89 35) (10) (76) (93) (17) (13) (19) (21) (41) (1) (83) (50 48) (59) (14) (6) (66) (46) (39 42 38) (65) (62) (24) (94 64 79) (18) (96) (37) (74) (44) (2) (33) (5 69) (47) (7) (49) (26) (58) (77) (54) (68) (78) (91 100) (72) 
55 (53) (41) (22) (14) (70) (57 73) (10) (2 78) (82) (56) (74) (17) (61) (65 58) (48) (1) (42) (89) (21) (67) (95) (6) (85) (45) (43) (88) (27) (66) (90) (36) (29 4) (31) (79 59 39) (96 63) (32) (81) (99) (35) (20 76) 
56 (14) (87) (99) (89) (80) (88) (34) (36) (90 6) (86) (43) (54) (30) (8) (74) (61) (31) (93 76) (1) (40) (97 32) (7) (51) (52) (67) (82) (79) (12) (26 65) (16) (62) (98) (18) (41) (42) (59) (45) (3 5) 
57 (78) (52) (97) (90) (30) (73) (47) (19) (54) (22) (83) (17) (68) (9) (50) (14) (82) (58) (31) (63) (32) (43) (13) (18) (89) (70) (64) (96) (62) (88) (16) (38) (12) (7) (24) (69) (41) (66) (92) (75) (100) (93) (98) (36) (4) (84) (67) 
58 (25) (26) (79) (29) (34) (23) (91) (27) (30) (92) (55) (94) (8) (83) (33) (45) (11) (61) (19) (95) (57) (39) (78 76 96) (35) (84) (71) (70) (32) (72) (4 51) (81) (36) (74) (7) (41) (47 44) (13) (38 66) (12) (43) (58) (80) (60) (50) 
59 (79) (53 41) (52) (80) (10) (12) (42) (86) (70) (60) (20) (30) (16) (83) (78) (84) (58) (38) (75) (59) (36) (29) (39) (62) (21) (85) (45) (55 50) (98) (72) (82) (97 46) (19) (28) (100) (37) (68) (63) (14) (22) (43) (49) 
60 (69 71) (63) (91) (23) (43) (88) (36) (89) (66 19 95 96) (80) (28) (67) (73) (21) (100) (25) (46 58) (74) (13) (79) (86) (68) (38) (55 30) (32) (34) (59 11) (52 56 61) (84 45) (75) (24) (82) (47 5 97 53) 
61 (51) (13 6) (5) (93) (73) (95) (96) (42) (53) (68) (32) (83) (31) (77 75) (38) (85) (2) (20) (1) (29) (66) (57) (18 46) (36) (14) (23) (16) (35) (44) (9) (76 25) (45) (60) (41) (64) (97) (24) (58 54) (39 81) (3) (59) (86) (80) (99) (7) (50) (61) (52 70) (34) (22 10) 
62 (27) (66) (5 50 53) (67) (61) (47) (2) (58) (13 98) (76) (30 46) (4) (37) (15) (79) (97) (70) (7) (80) (25 95) (19) (44) (28) (51) (62) (90) (10) (77) (85) (69) (74) (43) (22) (86) (16) (54) (45) (83) (24) (35) (60) (3) (6) (75) (38) 
63 (89) (29) (87) (74) (84) (64) (79) (72) (15) (54) (86) (31) (98) (97) (28) (6) (81) (33) (62) (100) (83) (88) (66) (85) (21) (50) (32) (76) (58) (39 17 19) (20) (43) (52) (9) (5) (3) (69) (67) (7) (26) (91) (24) (38) (1) (14) (36) (42) (27) (37) (61) (96) (4) (75) (92) 
64 (4) (6) (69) (20) (10) (38) (51) (31 63) (66) (42) (16) (96) (34) (46) (65) (15) (44) (68) (37) (43) (74) (90) (22) (18) (50) (91) (100) (23) (78) (13) (67) (3) (39) (77) (57) (84 87) (52) (95) (5) (26) (88) (48) (94) (27) (45) (73) (80) (79) (83) (41 62) 
65 (81 43) (89) (63) (74) (38) (57) (18) (29) (72) (1) (28) (59) (33) (78) (69) (48) (94) (4) (32 52) (45) (99) (22 67) (36) (60) (95 47) (6) (98 90) (82) (76) (54 44) (11) (25) (13) (39) (77) (24) (96) (62) (7) (64) (16) (27 80 42) (31) (12) (23) 
66 (61) (73) (15) (22) (32) (30) (96) (39) (8) (11) (86) (40 19) (77) (49) (23) (69) (17) (4) (82) (83) (78) (21) (100) (63) (20) (18) (99) (10) (41) (29) (74) (12 95) (88 70) (60) (37 36) (27) (42) (33) (25) (16) (6) (76) (7) 
67 (54) (37) (1) (80) (27) (25) (84) (71) (57) (19) (4) (60) (67) (66) (7) (34) (56) (36 52) (68) (62) (32) (72) (12) (5) (93) (75) (64 17) (24) (83) (61) (53) (78) (15) (98) (18) (81) (11) (35) (22) (10) (30) (86) (70) (63) (77) (31 14) (74 89) (69) (90) 
68 (90) (97) (35) (5) (89) (17) (57) (11) (100) (76) (50) (34) (68 60 61) (47) (52) (26) (7) (80) (46) (31) (14) (99) (39 38) (21) (24) (78) (19) (13) (29) (43) (25) (53) (73) (94) (81) (1) (27) (59) (8) (95) (41) (67 9 30) (85 37) (69) (63) (62) (75) (28) (93) (18) (64) (91) (55) (96) (10) 
69 (40) (53) (45) (79) (84) (54 21 3) (47) (38) (81) (89) (1) (59) (49) (91) (88) (78) (46) (52) (99) (96 24) (28 9) (80) (75) (66) (8) (13) (64) (58) (32) (23) (69) (44) (25) (10) (68 86) (4 6) (97) (22 41) (98) (31 55) (85) (37) 
70 (10) (55) (98) (21 44) (1) (46) (9) (15 94) (45 67) (20) (17) (25) (52) (26 73) (12) (78) (43) (6) (81) (84 92) (23) (57) (42) (14) (62) (47 96) (100) (61) (88) (24) (59) (77 75 13) (74) (19) (39) (36) (95) (38) (71 35) (31) (89) 
71 (91) (13) (36) (42) (76) (68) (69) (71 9 95) (39) (51) (26) (77) (35) (4) (49 37) (22 17) (2) (93) (82 11) (55 44) (99) (97) (33) (53) (41) (7) (56) (85) (16) (31) (83) (32 1) (5) (6) (48) (18) (12) (90) (64) (45) (47) (46) (75) 
72 (34) (68) (18) (43) (46) (87) (4) (62) (16) (24) (48) (41) (85) (90) (79) (23 31) (97) (35) (54) (55) (2) (13 26) (20) (76) (89) (9) (56 3) (99) (1) (71) (67) (82) (66) (100) (12) (39) (59) (22 10) (96) (91) (38) (6) (77) (37) (47 7) (92) 
73 (50) (44 21) (88) (16) (33) (49) (63) (75) (68 32) (67) (1) (27 93) (65) (70) (12 28) (77) (39) (55) (85) (52) (72) (76 41) (87) (26) (3) (23 60) (58) (19) (30) (15) (53) (6) (97) (92) (57) (56 80 2) (54) (34) (45) (71) (36) (66) (37) (43) (99) (90) 
74 (52) (70) (85) (51) (95) (75 97) (43) (87) (53) (74) (59) (18) (60) (99) (28) (77) (38) (92) (46) (26) (80) (88) (16) (49) (100) (23) (83 20) (57) (37) (78) (3) (24) (67) (55) (96) (13) (79) (6) (89 7) (98) (64) (71 81 2) (9) (86) (11) (35) (54) (91) (39) (68) (82) 
75 (97) (76) (31) (60) (70) (96) (86) (68) (4) (47 19) (98) (91) (83) (51) (94) (34) (74) (25) (84) (58) (23) (50) (67 80) (99 14) (18) (30) (64 81 48) (55) (87) (10) (57) (73) (69) (36) (93) (56) (40) (13 100) (71) (85) (95 77) (21) (90) (8) 
76 (16) (93) (6 21) (71) (25) (61 53) (70) (100) (47) (74) (79) (27) (11) (15) (45) (69) (77) (76) (34) (89) (20) (10) (49) (90) (48) (65) (44) (59) (7) (1) (36) (99) (24) (38) (66) (40) (94) (57) (96) (28) (82) (37) (87) (4) (12) (39) (73) (32) (62 17) (50) (19 42) (67 41) (26 83) (81) (31) 
77 (2) (62) (26) (65) (16) (69) (50) (9) (71) (28) (77 54) (86) (92) (66) (53) (29) (83) (42) (93) (4 17) (81 97) (34) (49) (74) (22) (75) (79) (46) (67) (8) (51) (45) (63 27) (76) (98 99) (14) (23) (24) (40) (20 84) (31) (15) (87) (60) 
78 (44) (29) (94) (55) (8) (57) (77) (16 36 86) (10) (73) (62) (98 99) (53 25) (9) (46) (32) (11 12) (54) (19) (22) (84) (43) (1) (72) (90) (65) (48) (60 89) (41) (83) (28) (26) (6) (24) (50) (20) (37) (15) 
79 (61) (75) (56) (13) (68) (57) (11) (26) (49) (86) (65 46) (36) (52) (50) (45) (17) (73) (91) (21) (2) (23 60) (96) (27) (48) (39) (93) (18) (81) (99) (33) (44) (95) (80) (34) (28) (53) (66) (84 47) (19) (82 32) (69) (77) (25) (8) (35) (54) (6) (14) (29) (22) (43) 
80 (30) (4) (16) (36) (47) (61) (52 27) (68 18 96) (92) (40) (55) (14) (2) (80) (99) (44) (66 73) (26 72) (3) (91) (58) (15) (97) (33) (21) (85) (53) (20) (24) (25) (39) (49 34) (45) (54) (69) (63 11) (50 75) (100) (38) (67) (29) (13) (74) 
81 (46) (95) (44 43 12) (48) (55) (45) (82) (30) (3) (62) (47) (32) (89) (20) (27) (36) (58) (72) (51) (88) (67) (41) (23) (15) (49) (52) (5) (97) (14) (13) (65) (92) (76) (50) (33 66) (68) (75) (71) (93) (17) (54) (40 2) (74) (87) (6) (53) (91) 
82 (87) (39) (8) (69) (52) (5) (97) (22) (98) (96) (16) (59) (48) (33) (36) (61) (9) (6 64) (94) (90 68) (77 60) (67) (12) (76) (37) (86) (11) (49) (95) (47) (40) (13) (84) (51) (32) (85) (71) (54) (73) (89) (65) 
83 (27) (78) (73 7) (28) (12) (44) (91) (14) (26) (22) (5) (74) (8) (70) (95 32 86) (87) (31) (96) (75) (45 63) (13) (80) (76) (35) (39) (49) (66) (100) (68) (20) (69) (50 25) (47 43) (55) (15) (71) (99) (42) (93) (16) (37) (4) (83) (6 54) (48 34 52) (56) (46) (65) (29) (24) (79) (61) (11) (9) 
84 (83) (21) (47 63 48) (100) (56) (32) (12) (59) (88) (86) (37) (30) (14) (65) (31) (98) (92) (70) (87) (9) (85) (25) (75) (60) (6) (44) (42) (35) (10) (54) (91) (50 82) (29) (96) (78 73 95) (26) (81) (28) (68) (76) (89) (7) (45) (57) (80) (2 61) 
85 (46) (5) (65) (80 93) (76) (90 42) (37) (26) (59) (20 8 17) (10) (25) (48) (33) (51) (32) (96) (11) (43) (63) (12) (73) (50) (40) (87) (64) (97) (95) (55 3) (83) (68) (70) (54) (6) (74) (19) (29 31) (41) (35) (75) (77) (84) (1) (15) (57) (18) (47 69) (91) (94) (53) (49) 
86 (7) (95) (99) (96 98) (56) (70 24) (19) (44) (91) (61) (37) (52) (66) (9) (72) (8) (90) (22) (21 18) (10) (92) (12) (5) (40) (50) (54) (78) (42) (97) (82) (76) (39) (65) (68) (80) (89) (34) (30) (51) (55) (20) (73) (16) (36) (100) (62) (69) (45) (23) (85) (59) (41) (86) (88) 
87 (42) (92) (22) (5 64) (80) (3) (38) (68) (53) (98) (61) (39) (77 34) (93) (16) (47) (71) (51) (96) (97) (99) (90) (78) (35) (18) (82) (50) (17) (54) (24) (60) (56) (26) (74) (27) (85) (88) (14 95) (25) (58) (23) (31) (52) (36) (1) (69) (75) (72) (20) (66) (7) (28) 
88 (72) (56) (39) (92) (53) (88) (78) (71) (75) (89) (77) (36) (95) (62) (3) (10) (7) (74) (15) (57) (26) (29) (8) (23) (17) (38) (49) (37) (58) (5) (70) (98) (100) (55) (51) (41) (52) (44) (33) (87) (11) (60) (68) (20) (12) (21) 
89 (52) (81) (72) (15) (50) (24) (93) (94) (70 4) (9) (46) (53) (1) (40) (35) (92) (39) (14 83) (43) (71) (63) (23) (33) (69) (29 22) (28) (34) (75) (73) (26) (3) (54) (76) (45) (64) (66) (12) (74 17 5) (97) 
90 (30) (45) (41) (72) (69) (32 36) (17) (54) (29) (5) (6) (27) (11) (40) (86) (61) (95) (85) (4 52) (97) (82) (60) (73) (26) (99) (1) (42) (81) (51) (3) (98) (64 66) (47) (13 43) (9) (21) (78) (8) 
91 (17) (16) (43) (48) (15) (34) (28) (44) (92 94) (35) (30) (21) (77) (26) (74) (52) (87) (89) (24) (73) (12) (61) (90 33) (50) (40) (38) (5) (81 59) (58) (2) (29) (75) (83) (63) (67) (6) (98) (20) (91) (47) (51) (23) (9) (8) (39) 
92 (17) (35) (13) (65) (25) (42) (94) (100) (85 68) (96) (48) (19) (67) (5) (20) (45) (32) (37) (43) (82 26) (97) (60) (74) (39) (89) (33) (77) (31) (2) (28) (79) (80) (50) (30 44) (91) (75) (49) (21) (10) (34) (61) (59) (52) (93 81) 
93 (10) (40) (9) (79) (56) (28) (7) (84) (72) (63) (5) (94) (75) (13) (27) (95) (89) (41) (14) (31) (38) (70) (1) (32) (29) (90) (36) (16) (96) (37) (61) (52 74) (92) (34) (76) (73) (60) (67) (53 33 44) (59) (82) (91) (78) (6) (26) (11 80) (45) (55) 
94 (21) (3) (9) (47) (61) (89 27) (65) (14 87) (29) (5) (16 71) (100) (44) (85) (63) (49) (58) (26) (39) (6) (80 66) (8) (50) (4) (86) (93) (54) (32) (73) (69) (28 23) (11) (55) (96) (74) (38 24) (57) (70) (62) (46) (59) (33) 
95 (59 42) (61 68) (91) (30) (54) (66) (16) (67) (36) (56 21) (76 10) (47 12) (45) (26) (32) (15) (17) (37) (35) (93) (81) (14) (33) (49) (74) (63) (2) (51) (7) (8) (79) (77) (11) (40) (3) (29) (18) (69) (1) (60) (38 6) 
96 (58) (45) (82) (38) (18) (55) (50) (93) (81) (96) (25) (36) (94) (42) (47) (48) (69) (40) (83) (84) (54 76) (26) (30) (6) (70) (16) (64) (73) (12) (98) (17) (57) (31) (15) (10) (61) (62) (2) (24) (95) (49) (33) (60) (13 86) (34) (67 88) (44) 
97 (18) (5) (50 91) (51) (80) (83) (34) (1) (77 73) (25) (59) (87) (42) (7) (81) (79) (86 85) (84) (54) (19) (90) (98 31) (33) (82) (72) (36) (47) (38) (62) (16) (32) (58) (12) (35) (49) (44) (24) (100) (6) (13) (15) (11) (23) (95) (88) (48) 
98 (69) (27) (68) (82) (91) (2) (41) (18) (57) (78) (87) (9) (31) (62) (14) (34) (74) (90) (88) (58) (49) (66) (56) (32) (47) (51) (94) (92) (43) (11 70) (83) (54) (40) (71 59) (38) (8) (37) (15) (99) (10) (30) (46) (1) (21) (67) (72 79) (25) (16) (65) 
99 (56) (10) (48) (43) (7) (88) (13) (27) (86) (30) (82) (21) (54) (100) (79) (68) (55) (46) (53) (70) (19) (35) (90) (26) (16 8) (63) (44) (98) (92) (58) (28) (6) (95) (1) (51) (85) (67) (91) (81) (33) (17) (71) (9) (25) (59) (42) (20) (89) (34) (99) (50 45) (36) 
100 (96) (37) (95) (11) (43 60) (76) (65) (7) (10) (52) (82) (9) (41) (58) (31) (40) (8) (56) (93) (94) (1) (30) (16) (70) (48 98 66) (88) (33) (22) (99) (100) (35) (20) (61) (63) (49) (97) (21) (27) (3) (85 68 92) (59) (50) (80) (84) (45) 
1 (73) (100) (65) (71) (9) (89) (43) (98) (15) (40) (28) (8) (29) (95) (56) (53) (93) (67) (13) (87) (5) (61) (76) (99) (78) (68) (52) (36) (72) (10) (50) (97) (51) (2) (46) (34) (41) (70) (90) (18) (39) (85) (22) (14) (55) (16) (4) (54) (63) (21) (69 47) (45) 
2 (10) (72) (51) (84) (71) (92) (80) (7) (96) (35) (95) (21) (49) (91) (74) (46) (18) (12) (98) (13) (29) (34) (42) (25) (54) (81) (45) (55) (19) (62) (73) (11) (77) (61) (79) (5) (8) (22) 
3 (43) (64) (16) (25) (47) (69) (42) (85) (72) (50) (62) (81) (51) (4) (12) (36) (21) (80) (87) (9) (56) (31) (33) (89) (61) (40) (30) (90) (95) (41) (74) (35) (46) (8) (49) (94) (28) (73) (100) (10) (20) (88) (63) (34) 
4 (52) (31) (65) (71) (25) (83) (14) (47) (6) (36) (30) (58) (23) (11) (29) (90) (4) (77) (94) (49) (8) (64) (1) (33) (63) (75) (72) (66) (57) (69) (28) (39) (12) (62) (89) (53) (67) (16) (5) (41) (34) (13) (55) (27) (51) (80) (76) (18) (37) 
5 (62) (27) (24) (5) (64) (82) (93) (67) (44) (2) (23) (92) (41) (6) (87) (89) (97) (51) (21) (13) (90) (61) (31) (29) (52) (56) (47) (53) (85) (48) (83) (9) (91) (20) (50) (18) (81) (3) (39) (60) (46) (71) (7) (14) (63) (94) (45) (17) (86) (88) (54) (4) (15) (68) 
6 (44) (34) (54) (73) (18) (78) (32) (3) (30) (93) (56) (27) (95) (99) (13) (70) (94) (36) (47) (97) (79) (96) (66) (81) (65) (61) (74) (12) (19) (62) (1) (69) (9) (4) (11) (53) (76) (83) (63) (82) (85) (45) (25) (72) (14) (16) (64) (48) (84) (90) (2) (55) (7) (26) (20) (42) (71) (51) (17 29) (91) (39) 
7 (3) (21) (53) (86) (43) (46) (19) (26) (95) (34) (97) (54) (32) (8) (28) (84) (14) (38) (63) (57) (67) (52) (61) (62) (66) (56) (58) (76) (12) (100) (72) (71) (99) (42) (49) (68) (65) (88) (83) (93) (24) (7) (51) (87) (25) (11) (74) 
8 (83) (7) (32) (98) (90) (66) (53) (95) (24) (17) (86) (23) (68) (100) (47) (88) (85) (77) (46) (19) (56) (27) (99) (34) (28) (37) (91) (25) (58) (45) (94) (78) (79) (75) (1) (6) (14) (22) (43) (69) (39) (18) (26) (40) (82) 
9 (5) (10) (45) (69) (47) (70) (90) (23) (98) (19) (11) (16) (99) (57) (8) (78) (93) (77) (18) (28) (3) (46) (24) (100) (94) (68) (89) (2) (26) (91) (37) (31) (15) (12) (40) (9) (61) (83) (63) (17) (82) (72) (51) (53) (74) (84) (25) (71) (86) 
10 (16) (92) (41) (86) (38) (31) (52) (88) (18) (50) (28) (64) (5) (69) (32) (7) (61) (59) (66) (26) (84) (8) (62) (24) (27) (44) (40) (10) (68) (96) (75) (55) (14) (85) (70) (78) (22) (98) (48) (67) (49) (95) (51) (72) (54) (100) (23) (99) (30) (43) (76) (93) 
11 (68) (21) (58) (24) (60) (80) (7) (49) (4) (45) (65) (88) (90) (35) (43) (85) (74) (30) (67) (79) (83) (15) (9) (98) (52) (78) (29) (66) (94) (32) (39) (97) (42) (20) (33) (76) (50) (93) (25) (100) (18) (95) (82) (51) (71) (48) (36) (37) 
12 (23) (43) (42) (56) (89) (82) (7) (32) (48) (57) (95) (81) (18) (17) (30) (39) (59) (67) (71) (86) (19) (72) (53) (37) (22) (33) (41) (58) (9) (84) (29) (34) (27) (96) (78) (70) (50) (65) (73) (88) (91) (16) (6) (3) (47) (15) (97) (8) (10) (26) (76) (14) (83) (85) (25) (21) (38) (28) (66) 
13 (60) (38) (40) (81) (69) (31) (96) (92) (90) (6) (27) (54) (80) (65) (17) (99) (72) (64) (58) (68) (29) (49) (9) (41) (30) (10) (16) (71) (61) (12) (75) (70) (34) (97) (82) (62) (43) (79) (36) (57) (25) (83) (44) (3) (20) (74) (93) 
14 (77) (93) (14) (83) (63) (44) (54) (53) (52) (43) (12) (40) (98) (81) (48) (61) (67) (35) (89) (87) (41) (10) (56) (49) (94) (8) (80) (68) (45) (42) (57) (84) (70) (19) (46) (18) (22) (24) (4) (9) (75) (6) (95) (30) (1) (28) (79) (55) (26) (29) (39) (59) 
15 (78) (66) (91) (81) (76) (89) (98) (31) (12) (97) (85) (10) (34) (83) (13) (32) (20) (33) (70) (52) (42) (80) (36) (67) (48) (77) (62) (19) (63) (11) (41) (95) (37) (88) (38) (28) (17) (47) (73) (25) (64) (96) (50) (18) (23) 
16 (12) (61) (87) (62) (95) (22) (6) (56) (99) (38) (73) (4) (53) (72) (24) (19) (59) (44) (40) (83) (17) (82) (77) (2) (74) (35) (48) (66) (21) (31) (43) (94) (93) (49) (47) (57) (86) (11) (91) (98) (96) (80) (64) (30) (46) (97) (100) (14) (9) (78) (65) (76) (71) (25) (37) 
17 (76) (66) (91) (43) (54) (41) (9) (19) (11) (53) (39) (2) (20) (47) (26) (96) (90) (67) (89) (36) (79) (95) (71) (45) (52) (27) (3) (68) (34) (92) (22) (81) (40) (85) (87) (31) (70) (99) (55) (88) (42) (17) (35) (57) (23) (77) (33) (63) (32) 
18 (2) (66) (40) (51) (79) (10) (98) (48) (4) (87) (11) (47) (75) (50) (41) (31) (86) (45) (37) (97) (54) (61) (53) (64) (38) (46) (24) (12) (71) (5) (56) (96) (8) (44) (67) (32) (33) (74) (49) (52) (65) (22) (3) (21) (80) (95) (72) (68) (13) (85) (36) (57) 
19 (59) (42) (2) (5) (21) (19) (13) (86) (1) (92) (67) (68) (31) (43) (75) (76) (53) (45) (29) (78) (66) (7) (8) (57) (11) (62) (85) (52) (10) (97) (70) (44) (73) (36) (60) (63) (54) (3) (24) (14) (28) (99) (58) (79) (41) (20) (34) 
20 (8) (6) (63) (76) (1) (13) (14) (18) (42) (53) (80) (100) (5) (47) (17) (31) (2) (3) (45) (77) (91) (16) (55) (86) (78) (12) (37) (61) (66) (4) (88) (99) (70) (87) (51) (64) (26) (74) (9) (43) (72) (83) (7) (59) (40) (92) (29) (50) (85) (81) 
21 (15) (45) (41) (66) (84) (91) (100) (7) (53) (52) (70) (88) (98) (80) (90) (68) (73) (69) (17) (6) (86) (79) (94) (11) (42) (40) (63) (75) (99) (55) (50) (76) (14) (4) (59) (24) (30) (35) (48) (95) (60) (21) (33) (54) (31) (44) (92) (51) (27) (18) 
22 (3) (2) (51) (61) (62) (18) (49) (48) (31) (42) (79) (35) (10) (87) (69) (17) (23) (89) (15) (78) (20) (55) (40) (100) (82) (28) (65) (66) (43) (77) (34) (52) (64) (59) (11) (67) (26) (39) (57) (4) (24) (71) (41) (86) (72) (83) (25) 
23 (18) (42) (45) (97) (75) (60) (87) (49) (50) (1) (15) (65) (22) (4) (70) (86) (2) (91) (34) (66) (74) (10) (69) (51) (24) (58) (7) (48) (72) (37) (31) (11) (73) (77) (39) (64) (38) (94) (17) (89) (13) (33) (81) (25) (79) (28) (6) (40) (52) (88) (61) 
24 (69) (65) (44) (51) (61) (83) (27) (35) (32) (74) (94) (12) (18) (89) (96) (63) (49) (60) (38) (70) (10) (13) (80) (43) (87) (25) (54) (53) (86) (76) (97) (47) (34) (62) (68) (78) (77) (20) (52) (67) (19) (45) (57) (26) (91) (30) (50) (72) 
25 (98) (83) (3) (49) (13) (62) (37) (29) (66) (21) (67) (50) (58) (92) (78) (97) (41) (4) (2) (39) (42) (36) (16) (99) (96) (17) (52) (60) (79) (85) (12) (75) (87) (80) (69) (25) (70) (65) (68) (20) (76) (5) (11) (27) (43) (61) (38) (84) (30) (6) (44) (45) (32) (22) 
26 (87) (79) (42) (36) (80) (43) (71) (89) (92) (78) (72) (35) (1) (94) (22) (45) (70) (39) (64) (85) (4) (96) (10) (16) (12) (40) (7) (38) (34) (99) (2) (76) (73) (68) (54) (74) (51) (49) (63) (56) (26) (17) (88) (58) (77) (3) (28) (84) (91) (14) (83) (9) (93) (47) (95) (90) 
27 (73) (55) (65) (27) (80) (63) (26) (47) (50) (76) (4) (24) (42) (49) (58) (39) (66) (87) (83) (9) (51) (28) (94) (3) (30) (16) (62) (99) (81) (98) (90) (77) (6) (79) (44) (37) (11) (100) (46) (41) (33) (17) (25) (67) (64) (93) (52) (68) (40) 
28 (22) (28) (77) (91) (27) (29) (74) (73) (93) (17) (7) (20) (62) (60) (19) (11) (87) (83) (52) (68) (2) (50) (41) (40) (79) (89) (24) (94) (15) (34) (78) (1) (13) (43) (5) (65) (35) (44) (4) (76) (59) (99) (10) (69) (63) (92) (84) 
29 (88) (77) (84) (10) (17) (59) (26) (11) (58) (33) (91) (95) (78) (4) (80) (94) (39) (93) (85) (65) (63) (49) (90) (38) (2) (79) (89) (55) (22) (5) (66) (68) (40) (31) (32) (21) (13) (36) (53) (34) (83) (43) (19) (61) (6) (46) (42) 
30 (7) (28) (27) (56) (99) (73) (98) (58) (96) (36) (91) (38) (5) (59) (86) (22) (3) (84) (81) (13) (100) (43) (52) (9) (44) (62) (41) (37) (68) (23) (95) (31) (30) (75) (19) (34) (35) (66) (10) (67) (90) (92) (42) (8) (20) (40) (80) (57) (47) (60) 
31 (75) (64) (33) (19) (83) (70) (43) (87) (37) (48) (36) (23) (30) (61) (76) (96) (68) (65) (4) (7) (85) (57) (77) (69) (6) (22) (100) (51) (38) (26) (10) (47) (71) (16) (55) (97) (72) (1) (46) (67) (9) (92) (63) (31) (14) (98) (15) (84) (93) (56) 
32 (12) (82) (43) (57) (71) (45) (90) (40) (94) (85) (69) (37) (95) (76) (8) (58) (65) (97) (55) (25) (2) (7) (61) (81) (66) (56) (63) (19) (60) (92) (49) (5) (78) (73) (29) (83) (22) (26) (50) (41) (20) (93) (1) (44) (28) (23) (79) (84) (24) (67) (38) (98) (11) 
33 (1) (97) (53) (37) (94) (5) (38) (91) (79) (65) (40) (16) (11) (66) (92) (95) (7) (32) (25) (19) (10) (39) (71) (80) (82) (15) (21) (48) (54) (18) (89) (3) (46) (73) (14) (58) (99) (51) (88) (96) (85) (100) (81) (24) (36) (63) (34) (93) 
34 (39) (26) (17) (80) (43) (98) (50) (44) (15) (18) (79) (32) (46) (40) (68) (58) (60) (35) (75) (93) (37) (67) (56) (76) (89) (16) (83) (99) (73) (2) (77) (47) (87) (53) (86) (96) (23) (45) (8) (97) (61) (72) (7) (91) (19) (64) (11) (92) (3) 
35 (14) (79) (99) (67) (50) (37) (83) (41) (100) (42) (89) (33) (72) (38) (39) (68) (24) (92) (23) (35) (54) (9) (16) (95) (97) (62) (4) (27) (91) (10) (8) (22) (58) (87) (70) (20) (21) (74) (85) (3) (19) (52) (84) (31) (29) (71) (34) (18) (12) (55) (47) (61) (17) 
36 (81) (53) (80) (6) (82) (17) (56) (33) (25) (22) (95) (61) (13) (79) (12) (97) (87) (88) (47) (55) (21) (57) (51) (8) (71) (76) (36) (4) (26) (58) (78) (5) (96) (30) (18) (28) (93) (60) (24) (9) (70) (66) (63) (50) (99) (11) (73) (90) (67) (40) (86) (15) (59) (32) (65) (75) 
37 (3) (74) (82) (68) (38) (39) (43) (76) (66) (69) (15) (21) (33) (47) (84) (72) (78) (34) (92) (27) (85) (67) (73) (64) (23) (71) (41) (36) (59) (100) (17) (98) (24) (93) (22) (51) (8) (86) (10) (62) (83) (95) (6) (54) (63) (4) (88) (42) (49) 
38 (63) (98) (8) (62) (13) (57) (19) (70) (61) (49) (42) (80) (36) (88) (2) (11) (87) (15) (4) (59) (12) (94) (50) (30) (52) (17) (33) (3) (54) (38) (7) (95) (69) (68) (93) (28) (96) (65) (74) (32) (64) (76) (39) (97) (58) (60) (16) (72) (91) (31) 
39 (14) (31) (3) (79) (2) (59) (66) (35) (88) (10) (80) (70) (4) (26) (55) (94) (33) (23) (18) (41) (13) (91) (76) (24) (51) (48) (32) (25) (8) (9) (73) (92) (11) (44) (5) (16) (21) (72) (64) (12) (29) (17) (22) (30) (58) (83) (74) (87) (65) (7) (47) (37) (82) (68) (89) (63) (71) (39) (34) (53) (86) (61) (54) (28) (6) (19) 
40 (28) (95) (47) (10) (44) (6) (82) (7) (38) (31) (90) (49) (91) (81) (75) (8) (3) (29) (56) (17) (32) (85) (96) (35) (80) (89) (37) (76) (77) (69) (46) (45) (12) (20) (5) (100) (51) (98) (33) (43) (30) (16) (86) (93) (66) (15) (18) 
41 (5) (86) (56) (31) (58) (14) (64) (71) (55) (66) (98) (3) (69) (88) (1) (6) (30) (12) (76) (81) (93) (61) (41) (85) (40) (19) (51) (34) (57) (36) (49) (46) (90) (78) (73) (37) (72) (33) (35) (20) (42) (54) (22) (48) (11) (45) (23) (100) (59) (15) (43) (68) 
42 (30) (92) (96) (3) (71) (61) (40) (42) (86) (19) (18) (77) (11) (41) (9) (56) (76) (54) (87) (59) (99) (1) (21) (64) (51) (33) (45) (55) (12) (65) (44) (63) (85) (10) (15) (16) (39) (8) (31) (66) (95) (83) (90) (97) (84) (48) (24) (53) (70) (29) (23) (17) 
43 (24) (85) (92) (79) (25) (37) (5) (2) (11) (68) (53) (98) (51) (99) (70) (52) (35) (40) (63) (45) (62) (27) (74) (83) (78) (91) (100) (57) (19) (60) (59) (42) (89) (10) (90) (58) (39) (18) (65) (34) (56) (43) (21) (64) (73) (7) (17) (26) (72) (23) (81) (55) (8) (48) (3) (41) 
44 (65) (73) (5) (1) (83) (71) (70) (64) (54) (97) (61) (84) (15) (29) (24) (35) (62) (10) (34) (41) (86) (80) (99) (43) (93) (58) (46) (49) (23) (37) (44) (91) (21) (81) (88) (78) (13) (69) (30) (4) (76) (11) (16) (96) (79) (92) (9) (94) 
45 (14) (99) (23) (70) (69) (96) (79) (100) (45) (56) (15) (65) (17) (62) (60) (49) (90) (48) (83) (27) (29) (77) (4) (13) (64) (95) (55) (73) (71) (59) (39) (93) (58) (80) (53) (61) (37) (81) (41) (31) (10) (86) (89) (51) (84) (34) (7) (76) (92) 
46 (83) (13) (8) (64) (61) (54) (15) (39) (74) (77) (98) (70) (60) (44) (53) (79) (28) (59) (12) (71) (89) (34) (22) (35) (33) (99) (52) (62) (94) (31) (14) (72) (40) (46) (1) (26) (68) (6) (23) (69) (51) (78) (19) (85) (42) (49) (81) (9) (24) (27) 
47 (83) (58) (62) (80) (72) (82) (9) (96) (30) (50) (90) (45) (11) (26) (34) (85) (68) (71) (76) (49) (94) (65) (87) (84) (38) (2) (46) (36) (79) (97) (19) (75) (57) (7) (70) (23) (60) (91) (27) (54) (17) (95) (18) (48) (10) (81) (22) (14) (28) (98) (69) (3) (25) 
48 (78) (34) (5) (82) (6) (19) (14) (64) (24) (7) (4) (52) (54) (65) (46) (35) (38) (42) (49) (53) (47) (85) (83) (21) (92) (32) (72) (76) (75) (33) (9) (28) (51) (79) (55) (84) (22) (44) (96) (97) (27) (91) (13) (50) (100) (81) (99) (1) (71) 
49 (3) (20) (85) (48) (34) (79) (39) (41) (45) (71) (97) (83) (46) (23) (9) (74) (17) (81) (33) (96) (76) (27) (80) (59) (4) (7) (19) (26) (66) (94) (82) (73) (69) (77) (92) (95) (37) (100) (54) (98) (31) (42) (12) (88) 
50 (1) (51) (30) (92) (14) (83) (77) (57) (33) (75) (94) (73) (40) (8) (26) (16) (48) (44) (64) (80) (78) (81) (53) (79) (100) (63) (59) (89) (41) (86) (99) (76) (68) (58) (96) (87) (35) (91) (10) (54) (4) (84) (50) (21) (97) (32) (38) (61) (9) (62) (27) (85) (7) (39) (6) 
51 (85) (30) (51) (43) (97) (98) (17) (32) (49) (16) (11) (75) (41) (37) (82) (6) (90) (58) (46) (74) (99) (71) (62) (14) (33) (9) (86) (95) (77) (88) (64) (39) (25) (91) (20) (81) (87) (48) (47) (31) (56) (61) (1) (44) (24) 
52 (63) (57) (28) (79) (18) (8) (61) (24) (25) (53) (80) (64) (93) (87) (65) (82) (81) (88) (90) (26) (4) (36) (54) (13) (92) (56) (59) (89) (22) (43) (38) (31) (46) (39) (91) (100) (40) (11) (33) (1) (16) (67) (60) (6) (20) (86) (68) (69) (74) (70) (29) (5) (83) (73) 
53 (85) (55) (14) (77) (37) (13) (67) (52) (88) (51) (3) (26) (89) (25) (68) (61) (71) (81) (1) (34) (87) (18) (62) (19) (74) (73) (32) (69) (80) (78) (23) (30) (99) (59) (79) (47) (43) (49) (60) (16) (76) (11) (27) (93) 
54 (57) (77) (41) (28) (99) (90) (83) (11) (81) (85) (86) (31) (12) (89) (51) (18) (21) (4) (54) (97) (10) (30) (23) (35) (37) (36) (5) (94) (50) (61) (52) (67) (78) (14) (49) (95) (80) (39) (22) (98) (33) (87) (62) (79) (74) (42) (73) (45) (27) (69) (63) (56) (20) (72) (84) (96) (82) (65) 
55 (70) (88) (69) (53) (17) (85) (29) (74) (10) (81) (78) (73) (14) (59) (31) (50) (93) (20) (96) (80) (75) (37) (6) (4) (72) (94) (86) (28) (8) (22) (5) (60) (42) (58) (52) (16) (68) (83) (71) (99) (13) 
56 (14) (1) (60) (87) (25) (53) (99) (100) (45) (86) (55) (33) (29) (88) (12) (11) (34) (83) (67) (21) (48) (71) (38) (32) (37) (73) (39) (41) (44) (5) (84) (3) (95) (79) (18) (75) (98) (13) (52) (7) (4) (31) (72) (24) (46) (93) 
57 (11) (45) (75) (30) (25) (96) (9) (53) (34) (50) (58) (13) (88) (22) (31) (38) (74) (64) (18) (19) (7) (76) (5) (84) (20) (2) (78) (24) (65) (48) (94) (79) (12) (61) (47) (85) (73) (35) (8) (14) (67) (68) (70) (1) (55) (98) (51) 
58 (100) (57) (3) (63) (97) (18) (40) (80) (36) (94) (58) (88) (27) (60) (55) (17) (11) (99) (34) (59) (91) (75) (35) (54) (9) (32) (46) (81) (21) (38) (96) (69) (73) (87) (29) (62) (25) (47) (61) (30) (50) (98) (31) (20) (10) (45) (8) 
59 (54) (72) (84) (8) (20) (86) (4) (82) (7) (22) (33) (26) (42) (61) (28) (98) (65) (97) (85) (93) (56) (38) (46) (6) (12) (74) (11) (76) (19) (91) (70) (100) (99) (68) (59) (55) (69) (23) (32) (60) (39) (18) (92) (95) (25) (21) (41) (14) (94) (27) 
60 (17) (3) (33) (25) (87) (95) (15) (51) (58) (96) (44) (24) (88) (27) (18) (77) (29) (6) (37) (93) (82) (75) (23) (45) (46) (48) (19) (30) (90) (67) (62) (100) (21) (65) (74) (79) (50) (59) (38) (5) (66) (34) (68) (84) (92) (78) (52) (43) (9) (73) (61) 
61 (35) (93) (55) (22) (19) (42) (60) (5) (91) (83) (86) (29) (39) (49) (2) (52) (4) (100) (70) (16) (13) (68) (43) (82) (21) (33) (61) (14) (79) (90) (6) (76) (47) (24) (28) (58) (84) (96) (11) (50) (92) (87) (67) (27) (62) (48) (95) (80) (17) (56) (18) (94) (37) (46) (45) (63) (66) (9) 
62 (76) (97) (8) (59) (6) (81) (57) (24) (56) (30) (38) (17) (94) (77) (18) (3) (13) (63) (43) (68) (98) (64) (32) (4) (27) (51) (5) (65) (78) (44) (70) (1) (67) (50) (54) (53) (62) (48) (9) (88) (72) (28) (42) (20) (96) (86) 
63 (47) (12) (24) (57) (73) (60) (80) (59) (30) (2) (17) (18) (32) (29) (77) (26) (14) (37) (91) (50) (84) (64) (7) (52) (89) (95) (94) (11) (55) (100) (93) (35) (65) (66) (99) (67) (42) (13) (68) (38) (83) (85) (41) 
64 (65) (18) (74) (54) (32) (85) (9) (36) (25) (6) (3) (45) (5) (37) (17) (71) (43) (39) (29) (1) (2) (69) (10) (82) (52) (49) (28) (35) (21) (51) (67) (34) (68) (96) (57) (41) (13) (8) (61) (89) (90) (20) (63) (87) (53) (75) 
65 (98) (56) (55) (34) (84) (81) (79) (26) (53) (78) (41) (40) (94) (6) (82) (7) (14) (10) (54) (92) (30) (86) (38) (36) (77) (4) (49) (12) (11) (2) (73) (46) (31) (76) (83) (21) (42) (85) (33) (37) (43) (24) (51) (23) (100) (45) (5) (64) (3) (29) (18) (22) 
66 (77) (90) (24) (43) (64) (80) (55) (86) (4) (19) (3) (79) (52) (58) (98) (87) (23) (63) (27) (76) (28) (16) (57) (8) (72) (1) (83) (100) (45) (62) (89) (95) (30) (41) (14) (54) (47) (22) (9) (48) (33) (46) (17) (94) (69) (81) (73) (18) (67) (61) (37) (10) (15) (60) 
67 (72) (38) (77) (9) (98) (93) (73) (26) (99) (45) (21) (15) (28) (57) (34) (68) (25) (50) (70) (49) (35) (4) (37) (63) (82) (92) (96) (81) (7) (41) (60) (64) (39) (1) (65) (80) (18) (91) (33) (42) (55) (19) (23) (95) (75) (74) (2) (47) (67) (76) (62) (56) (3) 
68 (54) (81) (75) (43) (100) (19) (68) (46) (48) (95) (74) (82) (71) (50) (17) (10) (92) (64) (51) (53) (16) (99) (59) (8) (27) (26) (61) (45) (4) (28) (42) (98) (88) (49) (83) (57) (84) (12) (86) (85) (67) (87) (80) (72) (47) (33) (73) (60) (79) (69) 
69 (60) (65) (79) (62) (98) (8) (77) (85) (90) (71) (18) (40) (31) (12) (24) (57) (30) (7) (80) (33) (63) (69) (94) (87) (29) (76) (68) (82) (96) (95) (17) (20) (10) (86) (41) (66) (28) (3) (44) (5) (64) (23) (6) (15) (46) (89) (67) (36) (54) (39) (52) (83) (42) (75) 
70 (49) (45) (100) (85) (50) (51) (31) (21) (58) (17) (57) (73) (94) (29) (34) (1) (96) (15) (62) (36) (33) (46) (86) (11) (83) (3) (98) (66) (13) (76) (99) (44) (38) (32) (5) (89) (37) (67) (7) (59) (48) (41) (74) (6) (93) (18) (24) (61) (40) (84) (75) (27) (52) (14) (55) (42) (88) 
71 (22) (74) (98) (28) (50) (88) (76) (52) (81) (75) (60) (2) (58) (11) (5) (7) (18) (67) (54) (89) (82) (77) (72) (70) (53) (99) (4) (44) (1) (20) (21) (25) (14) (71) (73) (33) (83) (43) (51) (12) (35) (34) (37) (94) (87) (41) (42) 
72 (59) (33) (4) (97) (24) (47) (40) (23) (54) (21) (27) (10) (81) (48) (13) (80) (20) (41) (65) (93) (18) (67) (34) (78) (1) (32) (86) (45) (38) (7) (5) (63) (15) (49) (58) (36) (88) (28) (90) (73) (31) (16) (89) (87) (53) (98) (43) (37) 
73 (61) (85) (26) (89) (2) (41) (43) (34) (82) (17) (90) (27) (78) (94) (13) (68) (9) (24) (44) (79) (84) (64) (40) (75) (14) (83) (31) (86) (91) (1) (60) (52) (55) (57) (96) (4) (22) (76) (18) (23) (97) (66) (80) (10) (47) (42) (93) (70) (51) 
74 (58) (21) (70) (87) (20) (43) (60) (27) (88) (53) (95) (33) (76) (29) (66) (1) (77) (74) (91) (85) (64) (47) (52) (98) (6) (92) (94) (30) (5) (81) (67) (49) (80) (35) (39) (15) (93) (23) (17) (40) (89) (42) (75) (83) (7) (48) (26) (62) (46) (16) (54) (11) (55) (56) (63) (14) (65) (25) 
75 (52) (92) (59) (62) (49) (28) (84) (21) (8) (32) (91) (88) (43) (29) (87) (18) (70) (61) (80) (57) (3) (85) (77) (41) (53) (63) (74) (71) (1) (7) (2) (68) (69) (60) (50) (67) (48) (93) (4) (14) (20) (36) (73) (83) (81) (19) (89) (6) (79) (27) (37) 
76 (58) (96) (16) (15) (27) (5) (28) (53) (3) (49) (1) (61) (30) (95) (8) (83) (65) (35) (13) (77) (40) (17) (51) (73) (71) (68) (56) (76) (55) (62) (85) (54) (100) (45) (48) (81) (9) (93) (46) (29) (52) (50) (66) (82) (63) (43) (72) (32) (10) (86) (89) (75) (7) (84) 
77 (91) (40) (54) (19) (66) (37) (64) (72) (85) (11) (97) (76) (15) (79) (73) (65) (87) (16) (13) (49) (17) (51) (23) (67) (4) (25) (75) (71) (77) (74) (88) (62) (30) (12) (36) (1) (10) (44) (34) (50) (6) (28) (21) (82) (52) (92) (70) (7) (95) (78) (61) (39) (24) 
78 (52) (98) (4) (90) (67) (22) (59) (3) (54) (87) (39) (35) (37) (83) (84) (53) (13) (33) (16) (6) (44) (51) (88) (24) (66) (93) (15) (27) (45) (46) (74) (65) (8) (17) (9) (12) (68) (20) (1) (2) (34) (57) (47) (29) (64) (70) (86) (36) (55) (10) (58) (69) 
79 (56) (45) (6) (39) (93) (77) (92) (47) (52) (32) (27) (10) (72) (19) (83) (74) (44) (38) (97) (25) (20) (33) (30) (1) (62) (98) (54) (69) (55) (48) (11) (34) (40) (95) (60) (31) (63) (58) (35) (99) (4) (2) (8) (76) (18) (17) (59) (64) (51) 
80 (74) (58) (17) (64) (93) (32) (60) (45) (92) (25) (80) (44) (73) (3) (56) (59) (87) (42) (100) (7) (13) (86) (69) (79) (52) (67) (85) (53) (39) (65) (26) (36) (49) (8) (11) (62) (51) (41) (46) (84) (68) (94) (83) (97) (75) (31) (61) (24) (2) (28) 
81 (36) (22) (70) (67) (99) (50) (49) (18) (79) (20) (77) (33) (38) (58) (53) (17) (92) (16) (35) (27) (10) (31) (8) (40) (89) (63) (1) (11) (84) (68) (30) (95) (76) (90) (69) (74) (96) (13) (2) (65) (37) (75) (61) (51) (43) (12) (52) (91) (24) (97) (55) 
82 (19) (31) (28) (71) (35) (96) (51) (26) (10) (84) (17) (11) (5) (29) (42) (4) (39) (86) (55) (87) (32) (36) (98) (27) (6) (100) (14) (33) (90) (21) (34) (76) (97) (60) (7) (99) (93) (66) (50) (65) (48) (92) (16) (47) (9) (12) (1) (79) (43) (81) (38) (59) (46) (74) (25) (56) (13) (72) (2) (24) (57) (44) 
83 (22) (61) (23) (14) (85) (15) (20) (37) (78) (21) (62) (58) (91) (27) (29) (74) (77) (5) (96) (7) (40) (59) (54) (42) (18) (63) (28) (4) (35) (71) (16) (13) (36) (39) (12) (97) (76) (19) (67) (8) (1) (31) (64) (66) (84) (89) (6) (98) (48) (57) (51) (30) (49) (34) (83) (3) (75) (43) 
84 (13) (77) (43) (70) (22) (63) (57) (44) (20) (96) (93) (41) (58) (78) (59) (85) (30) (79) (6) (100) (75) (64) (49) (52) (60) (38) (97) (28) (17) (25) (11) (50) (4) (67) (12) (82) (33) (15) (53) (31) (47) (69) 
85 (61) (48) (49) (87) (80) (63) (100) (62) (2) (84) (74) (94) (72) (21) (7) (27) (4) (51) (1) (6) (73) (71) (68) (38) (43) (55) (97) (69) (8) (20) (75) (86) (90) (59) (82) (25) (42) (28) (46) (92) (33) (12) (99) 
86 (86) (36) (74) (60) (35) (11) (1) (61) (44) (25) (8) (9) (94) (78) (19) (90) (97) (7) (21) (38) (23) (83) (52) (18) (84) (24) (6) (67) (66) (77) (82) (10) (63) (75) (62) (56) (51) (15) (59) (69) (79) (96) (99) (40) 
87 (73) (15) (25) (36) (6) (94) (75) (9) (38) (24) (22) (8) (18) (84) (11) (1) (3) (20) (23) (13) (81) (34) (82) (56) (46) (83) (32) (63) (74) (88) (45) (97) (64) (85) (77) (72) (28) (98) (44) (91) (19) (76) 
88 (35) (2) (12) (86) (3) (8) (50) (23) (57) (55) (45) (63) (88) (34) (96) (74) (39) (41) (73) (22) (6) (38) (49) (56) (20) (99) (64) (26) (98) (29) (19) (4) (36) (44) (84) (24) (60) (66) (10) (97) (87) (69) (27) (70) (14) (30) (81) (100) (43) 
89 (2) (55) (39) (49) (60) (54) (82) (6) (99) (63) (31) (91) (93) (88) (86) (9) (51) (78) (27) (72) (94) (52) (15) (76) (14) (38) (29) (92) (19) (50) (57) (41) (69) (42) (25) (65) (67) (17) (13) (45) (68) (74) (44) (7) (81) (3) (70) (84) (56) 
90 (82) (25) (44) (75) (20) (8) (65) (68) (23) (27) (97) (1) (41) (67) (87) (40) (99) (86) (46) (56) (28) (4) (71) (55) (17) (21) (31) (35) (78) (62) (98) (6) (26) (7) (10) (64) (76) (93) (22) (19) (57) (72) (91) (85) (73) (53) 
91 (20) (1) (38) (6) (10) (49) (33) (15) (99) (29) (97) (81) (3) (25) (32) (46) (91) (19) (63) (42) (58) (5) (50) (80) (69) (27) (24) (83) (71) (12) (37) (95) (21) (92) (98) (74) (11) (39) (28) (13) (48) (64) (36) (79) (54) (68) (72) (16) (60) (34) (35) (86) (22) (9) (93) (85) (75) (84) (31) 
92 (32) (86) (17) (46) (11) (72) (81) (57) (80) (58) (99) (25) (84) (43) (98) (87) (47) (77) (9) (91) (100) (53) (2) (74) (15) (70) (89) (73) (41) (21) (39) (37) (36) (23) (1) (52) (88) (63) (42) (93) (48) (19) (29) (5) (44) (14) (33) (6) (13) 
93 (92) (28) (47) (3) (96) (26) (73) (40) (76) (68) (89) (83) (17) (4) (7) (61) (100) (10) (36) (45) (18) (37) (95) (87) (57) (54) (49) (52) (67) (94) (16) (13) (85) (79) (34) (2) (11) (23) (75) (77) (24) (81) (71) (43) (56) (48) 
94 (93) (13) (8) (5) (28) (100) (78) (11) (24) (48) (47) (1) (19) (49) (18) (52) (50) (38) (39) (51) (82) (85) (15) (58) (17) (42) (54) (98) (96) (6) (64) (68) (43) (22) (76) (91) (25) (2) (16) (92) (70) (65) (45) (32) (35) (33) (37) (89) (75) (44) (4) (34) (41) 
95 (53) (11) (16) (2) (68) (64) (99) (10) (65) (97) (42) (100) (29) (82) (79) (55) (75) (70) (90) (60) (35) (12) (46) (83) (88) (43) (4) (87) (84) (81) (14) (66) (96) (71) (41) (3) (1) (86) (7) (62) (51) (23) (58) (26) (6) (27) (61) (5) (85) (74) (37) (93) (47) (34) 
96 (49) (63) (58) (44) (57) (14) (9) (1) (36) (61) (15) (20) (85) (86) (83) (39) (82) (47) (54) (64) (46) (38) (42) (84) (72) (16) (23) (41) (27) (66) (45) (68) (70) (60) (69) (100) (76) (79) (2) (92) (55) (96) (40) (94) (43) (74) (87) (75) (18) (53) (35) (17) (93) (65) (80) (28) (48) 
97 (77) (47) (59) (80) (2) (24) (63) (14) (61) (86) (57) (33) (11) (72) (18) (10) (100) (89) (48) (82) (75) (62) (60) (27) (19) (74) (38) (73) (13) (85) (56) (41) (81) (71) (68) (43) (12) (69) (90) (87) (17) (22) (6) (52) (92) 
98 (87) (75) (70) (52) (91) (23) (86) (26) (63) (69) (5) (3) (99) (59) (17) (84) (88) (51) (67) (77) (16) (78) (96) (56) (18) (45) (57) (74) (37) (2) (48) (47) (24) (65) (44) (90) (8) (97) (100) (82) (9) (42) (34) (62) (33) (10) 
99 (52) (43) (19) (51) (11) (3) (77) (79) (55) (100) (25) (41) (72) (26) (12) (66) (56) (74) (24) (83) (86) (37) (35) (69) (75) (18) (73) (76) (28) (49) (78) (68) (21) (65) (99) (29) (98) (71) (90) (80) (4) (15) (87) (8) (61) (40) 
100 (23) (26) (63) (1) (21) (43) (80) (35) (14) (32) (47) (66) (11) (83) (68) (7) (39) (70) (86) (13) (84) (97) (54) (72) (12) (59) (42) (92) (75) (28) (5) (52) (64) (15) (50) (74) (22) (24) (99) (27) (20) (57) (40) (3) (2) (94) (60) (76) (30) (100) (88) (17) (6) 
