0
100
100
1 (5 18 97 1 17 75 89) (41 40 85 14 44 47 19 86) (3) (99 7 91) (56) (57) 
2 (85 94 53 47 90) (13 64 6 68 21 74 17) (7 27 44 26 32 22 49 45 18) 
3 (100 58 41 94 97 59 15 40 33) (44) (70 77 38 8 12 71) 
4 (21 83 72 91) (3 1 94 53 59) (81 47 87 60) (54 11 27 10 76 63 64 39 43 38) 
5 (71 41 64) (20) (59 77 74 38) (18 69) (7 86 27 28) (24 63 16) 
6 (55 54 93 13 100) (68 76 4 63 37 1 36 64) (39 6 91 83 58 27 81) 
7 (68 27 95 87 21 64 50 89 90 55 14 80 73 84 12 26 61 93 37 63) 
8 (33 66 17 23 84 13 70 58 25) (75 80 94 78 52 71 64 76 69 26 87 39 10 32 90) 
9 (36 22 92 34 17 57) (81 46 23 8 70 89) (14 100 12) (91 11 94) (48) 
10 (56 100) (55 22 5 62 25 99) (4 74 50 57 79 3) (92 52) (90 66 70 46 83 47) (12) 
11 (41 3 52) (9 58 32 98 14 85 19 76 84 31 25 81 33 27 11 82 100 53 29 1) 
12 (31 43 69 53) (55 44 45 25 78 74 16 1) (94 58 70 59) (64 68 35) 
13 (67 78 16 86 44 88 5 59 66 56 53 91 20) (24 51 45 65 64 19 30) 
14 (56 48 8 14 63 57 72 9 37 91 45 12 32) (96 69 100 10) 
15 (30 97 32 70 75 5 64 63 28 57 81 11) (31 48 19) 
16 (1 26 83 46) (44 24 76 81 94 77 96) (61 6 29 36) (75 74 13 5) 
17 (28 62) (43 88 77 75 44 67 32 81 25 21 50 85 94 95 3) 
18 (47 16 96 27 62 100 75 49 93 53 79) (84 52 5 72 88 68 55 32 63) 
19 (66) (1 24 64 43 13 5 92 21 11 90 34 28 75 48 2) 
20 (72 77 87 94 83 27) (59 5 13) (53 41 35 55 7 10 88 44) 
21 (31 52 53 92) (55 21) (99 46) (34) (68) (28 85 93 45 27 100) 
22 (53) (22) (88 33 76 93 18 48 27) (34 77 42 69 26) (75 16) 
23 (7 23 33 78 9 93 64 58 11 76 62) (99 10) (16 87) (72 35 71) (85 57) 
24 (25 90 11 75 91 55 97 41 28 94 79) (81 85) (58 76 8 82 64 96) (63 73) 
25 (67) (92 21 18 93 85 13 37 99 97 49 16 71 8 39 41) (1 57 19 20) 
26 (42 27 81 4 59 75 35 30 96 58 79 15 77 85) (55 99 12 11) 
27 (38 55 84 64 43 21 18 5 30 85 2 63 14 13 46 60 89 17) 
28 (55 46 79 15 3 37 73 68) (13 33 8) (20 63 71 65 88 40 80 30 10 45 42) 
29 (30 13 23 38 72 2 15 99 39 11 36 47 90 46 31 85 56 34 53 81 86 64) (52 5 66) (7 28 83) (41) 
30 (40 45 35 41 29 67) (53 68 86 61 37 57) (51 91 93 98 76 34) 
31 (19 7 23) (45 73 9 96 5 34 59 55 36 98 78) 
32 (7 59 51 15 26 35) (72 61 82 83 20 4 91 67 31 16 54 36 57 39 12 6 89) (100) 
33 (87 59 65 95 70 77 30 91) (89 24 36 55 78 2 34 67 17) 
34 (96 25 37) (20 98 82 40 99) (85 38 47 63 64 29 3) 
35 (94 46) (36 48 20 92) (27 28 90 56 88 50 14 32 41 47 65 38 9) 
36 (68) (89 75 76 72 26 36 32 6 82 27 58 90 24 22 2 20 100 31 23) (4) 
37 (16 20 1 53 94 58 31 77 67 98 24 90 30 57 79 69 25 5 22) 
38 (69 1 66 75 53 25 74 34 100) (88 54 71) (81 76) 
39 (77 86 64 100) (67) (58 53 26 49 29 10 99 42 84 36) 
40 (18 79 98 32) (41 50 69 100 35 5) (60 83 34 13 14 64 70) (96 61 20 36 71 52 65 43 87) 
41 (4 38 6 16 87 89) (7 81 56 64 61 13 11 43 28 59 30 85) (68 77 52 31 26 88) 
42 (15 65 32) (16 82 25 2 87 91 90 93) (45 37 62 92) (19 59 68 55) 
43 (26 66 91) (53 23 40 32 27 30 19 60 36 18 54 93 97 95 89 7 2 67 59 55) 
44 (85 59 22 3 79 17 25 98 2 89 34) (30 26 46 94 39) 
45 (42 74 43 61 12 92) (21 23 59 96 20 17 46 45 88 70 69 51 19 77 90) 
46 (76 49) (90 11 34 74 27 58 6 97 1 65 5 19 88 73 28 23 33 36) 
47 (4 99 95 53) (49 1) (78 30 94 12 51 2 54 5 42 15 70 16) (66 52 22) 
48 (57 20 23 74 43) (1 78 13 41 58 87 91 40 66 89 17 15 22 47 99 7 98 86 94 93) 
49 (79 41 50 38 87 8 11 48 35 99 97 40 85 46 74 6 37 9 92 88) (33 82 24 2) 
50 (56 28) (33 66 100 50 75 8 48 39 17 94 59 49 14 26) (65 38 2 61) 
51 (60) (6 86 43 48 94 16 66 41 34) (77 62 47 98 20 44 49 75 83 2 13 4 7 32 42) 
52 (74 27 81 73 72 61 71 15 43 31 51 100 66 92 91 75) 
53 (82 83 57) (80 3 84 52 24 72 69 26 78 87) (19) (30 98 35 100 4) 
54 (20 26 60 12 7 61 35 70 53 48) (77 68 45 58 1 23 51 90 98) 
55 (99 43) (45 11 14 37 78 9) (29 92 1 65 36 39 70 88 6 55) 
56 (46 44 56 5 90 81 54 61 92 6 79 89) (49 12 35 84 95 99 39 52 86) (64 27 62) 
57 (60 10 64 21 61 16 57 83 74 4 87 56 32 46 26 25 28) (73 30 93) (39 7 8) 
58 (89 34 83 38) (12) (98 93 14 24) (16 6) (10 3 58) 
59 (19 3 12 68 90 61 21 93 66 51 76 41 74 37 87 30 77 42 92 8) (89 25 26) 
60 (72 92 64 32 37 23) (17) (13) (14 7 93 56 68 79 82 19 45 100 90 41 51 44 28 87) 
61 (9 8 17 50 79 99 42 81 39 14) (74 62 43 22 36 47 78 2 73 96 37 54) 
62 (57) (26 64 77 67 25 46 88) (24 68 36 1 70 83 98 54 10 38) (13) (37 72 85 30) 
63 (35 29 10 14 31 3 26 8 95 21 85 72 7 61 66 73) 
64 (1 58 17 57 30 74 22) (52) (42 79 36 83) (12 59) (61 64 70 89) (29 41) 
65 (46) (78) (92 59 73 86 53 87 99 63 4 91 19 79 11 7 50 24) 
66 (92 28 52 7 73) (94 66 88 14 38 33 82 83 97 16 2 71 35 86) (76) 
67 (19 100 58 73) (67 4 42 18 35 9 30 16 26) 
68 (14 76 7 69 67 11 74) (49 70) (86 91 19 55 4 95 1) 
69 (62 84 21 54 26 58 43) (91 36 6) (92 41 55 53) (47 24) 
70 (30 85 79 22 89) (86 3 48 83) (40 54 50 76 65) (84 27 60) (63) 
71 (20 2 18 95 55 96 11 7 64 58 27 57 34 65 26 82) 
72 (26 18 20 11 72 9 61 93 59 49 62 15 68 98 82 90 47 73 44 57 86 45 80) 
73 (74 43 15 29 89 99 58 100 17 25 14 98 28 62 68 24) (71 53 54 27 30 34 11) 
74 (23 21 31 46 42 34 72 35 47 36 59 16 81 67 97 39 99 50 69 28 6) 
75 (6 34 55 25 48 35 50) (5 52 99 31 93 2 12 45 54 100 57) 
76 (83 86 90 88 36) (63 2 77 74 91 73 79 54) (70 26 17) (98 29) 
77 (81) (51 93 53 34 7) (48 26 32 65 31 90 2 19 83 71 20 64) (54 61 100 69 85 67 12) 
78 (82 89 59 26 45 2 74 78 32 88 86 75 85 46 4 72) (60 94 79 97 29) 
79 (73 51 89 83) (78 4 35 75 5 95 58 97) (31 29 77 90 18 15 55 21) 
80 (37 43 21 56 89 5 55 30 67 42 32 63 50 52 75 25 97 88 96 87 28) (8 84 70 18 33 26 57) 
81 (38 40 81 56 46 80) (32 30 95 31 63 37) (75 66 61 23 7 79 96 47) (14 78) (35 43) 
82 (27 65 100 32 86) (10 84 58 47 25 45 37 51) 
83 (78 86 81 54 9 37 62 97 23 10 22 45 52 76 71 21) (3 1) 
84 (16 60 67 10 21 52 13 14 57 90 32) (70 27 50) (12 51 38 78 31 19) 
85 (63 100) (86 66 9) (70 89 76 35 69 41 26 64 46 44) (13 36) (1) 
86 (50 90 100 42 65) (62 13 68) (4) (26 10 19 86 39 46 38 51) 
87 (30 17 48 87 39 71 5 6 77 34 25 35 67 13 26) 
88 (16 92) (97 38 60 24 75 6 28 40 34 56 21 87 85 9 55 74 52 78 37) 
89 (18 7 56) (94 48 30 89 87 20 42 74) (46 14 82 38 29 69) 
90 (4 35 33 11 69 79 45 60 84 2 70 1 66 62 21) (10 19 58 28 57 97) (96) 
91 (62 67 79 33 72) (77 82 15 38 84 10 47) (99 90 98 69 66) (4) (7) 
92 (96 93 49 95 23 46) (3 14 36 59 1 52 84 38 31 86 77) 
93 (73 9 12 1 36 31 43) (99 40 71 58 26 83 76 38 41 68 72 100 46 64 59 8) 
94 (92 75 70 64 74 35) (16 9 19 48) (50 98 68 31 37 100 18 59 79 54) 
95 (24) (10 48 52 66 86 93) (1 53 55 77 41 76 95) (47 4 88 87 67 65) 
96 (70) (28 92) (46 11 50) (26 24 99 7 14 48 94 47 22 60) (93 6 54) (96 9 39 34) 
97 (21 52 9 39 50) (34 94 10 7 42 76 84 19 93 40 55) 
98 (91 95 94 22 57 6 27 28) (29) (45 24 9 5 72 79 80 87 25 61 19 88) 
99 (46 19 43 61 10) (91 35 14 6 49 8 50 27 88) (4 55) 
100 (22 82 65) (8 15 51 40 21 74 10 33 64 68 55 2 89 52 19 23 38 45 75) (18) 
1 (85) (83) (4 11 37 38 55 46 16 54 25 92 95 93 48 6 1 12 19 68 90 47 64 62) 
2 (27) (71) (44 49 51 90 66 29 100 36 47 33 42 61 77 19 50 75 43) (76 78) 
3 (28) (59) (34) (92 4) (58 70 83 1 44) (10 63 11) (53 17) 
4 (26) (41) (91) (51) (99) (78) (79 65 57) (90) (47 32 53 86 95 36 68 6 10) (67) 
5 (1) (75) (19) (80) (79) (18) (37) (10) (56) (16 47 27 29 87 46 13 20 40 31) (98 15) 
6 (2) (6) (56) (49) (88) (41) (58) (16) (96) (36) (32 98 46 87) (74 75 69 51 99 55) 
7 (43) (29) (31) (71) (65) (91) (96) (51) (66) (2) (23) (48) (63 20 81 41 32 89) (57 60 68 77 54 5 97) (1) 
8 (61) (100) (57) (49) (14) (59) (28) (93) (3) (24) (50) (9) (63) (80) (25 99) 
9 (88) (96) (11) (35) (72) (67) (55) (23) (97) (94) (85) (83) (93) (61) (98 31 49 14) 
10 (90) (23) (20) (14) (4) (86) (28) (97) (63) (91) (58) (83) (84) (39) (82 100 62 99 57 8 95) 
11 (29) (4) (68) (19) (71) (11) (96) (41) (15) (55) (46) (24) (23) (65) (26 9) (90 72 49 73) 
12 (45) (9) (47) (75) (7) (3) (56) (26) (58) (77) (59) (64) (54) (93) (32) (14) (10 84) 
13 (28) (29) (84) (41) (51) (19) (8) (25) (86) (27) (40) (16) (87) (20) (85) (6) (62 2 60 48) 
14 (40) (84) (7) (81) (11) (60) (1) (96) (99) (50) (63) (89) (14) (9) (35) (66) (68) (27 73 92 55) (58 61) 
15 (73) (32) (48) (26) (47) (72) (100) (28) (91) (29) (79) (3) (42) (52) 
16 (66) (47) (42) (37) (67) (51) (13) (18) (94) (5) (32) (84) (74) (23) (88) (22) (25) (12) (58 41 57) 
17 (61) (73) (76) (87) (1) (45) (60) (27) (50) (2) (64) (44) (8) (48) (33) (9) 
18 (71) (89) (80) (43) (2) (40) (5) (22) (1) (25) (67) (100) (27) (79) (72) (94) 
19 (60) (11) (59) (99) (84) (97) (100) (67) (90) (77) (45) (94) (42) (98) (46) (43) (31) (68) (25 1 86 15) (65) (13 53) 
20 (25) (28) (89) (51) (72) (13) (35) (54) (77) (36) (32) (48) (45) (40) (34) (71) (5) (37) 
21 (27) (84) (57) (21) (100) (97) (17) (45) (88) (83) (63) (59) (90) (79) (19) (69) (2) (7) (4) (74) (80 25) 
22 (70) (61) (83) (100) (44) (22) (10) (96) (36) (64) (37) (47) (48) (98) (2) (9) 
23 (23) (45) (100) (83) (92) (8) (74) (31) (81) (36) (54) (43) (9) (29) (60) (46) (48) 
24 (96) (62) (37) (69) (73) (65) (19) (36) (53) (33) (58) (98) (16) (95) (13) (5) (49) (88) 
25 (10) (42) (37) (44) (24) (75) (12) (17) (82) (62) (73) (8) (11) (87) (34) (80) (98) (38) (57) (59) 
26 (16) (93) (87) (2) (85) (39) (69) (43) (36) (7) (63) (78) (59) (71) (57) (44) (96) (86) (8) (32) (62 41 67 54 80) (76 77 53 22 50 72) 
27 (22) (99) (36) (26) (20) (82) (21) (35) (5) (84) (2) (46) (56) (6) (7) (71) (18) (70) (43) (11) (52) (4 98 73) 
28 (5) (19) (80) (15) (98) (50) (17) (90) (74) (41) (57) (60) (88) (21) (24) (35) (96) (73) (66) (29) (46) 
29 (79) (55) (63) (34) (73) (98) (30) (11) (76) (39) (89) (78) (16) (64) 
30 (47) (59) (67) (27) (80) (43) (15) (70) (29) (41) (26) (73) (33) (87) (44) (89) (13) (37) (28) (64) (53) (62 81 57) 
31 (36) (29) (32) (37) (12) (75) (21) (74) (93) (92) (79) (15) (84) (77) (81) (11) (41) (94) (52) (63) 
32 (40) (77) (81) (14) (60) (80) (78) (84) (8) (18) (36) (43) (2) (17) (11) (57) (15) (82) (51) (42) (35) 
33 (91) (66) (28) (3) (80) (100) (49) (90) (8) (11) (50) (22) (46) (23) 
34 (19) (96) (33) (87) (31) (51) (38) (21) (71) (22) (44) (75) (9) (58) (97) (46) (74) (29) (40) (77) (88) (73 30) 
35 (75) (67) (99) (74) (49) (54) (66) (90) (23) (20) (12) (81) (87) (53) (56) (40) (26) (30) (32) (63) (85) (79 94) 
36 (40) (74) (39) (29) (93) (33) (43) (85) (31) (36) (55) (6) (9) (16) (64) (35) (76) (46) (92) (61) (32) (69 62) 
37 (34) (28) (30) (88) (49) (62) (60) (7) (61) (81) (80) (14) (6) (25) (55) (83) (82) (42) (59) (94) 
38 (100) (86) (58) (91) (62) (3) (5) (89) (66) (4) (49) (93) (84) (81) (88) (92) (34) (41) (35) (27) (50) (29) 
39 (44) (25) (97) (29) (61) (55) (56) (8) (6) (87) (4) (32) (96) (86) (74) (57) (50) 
40 (3) (34) (70) (1) (43) (100) (81) (49) (28) (30) (48) (93) (97) (88) 
41 (59) (64) (85) (5) (35) (3) (69) (48) (60) (40) (11) (49) (1) (29) (95) (93) (30) (20) (24) (51) (25) 
42 (89) (67) (28) (80) (86) (47) (45) (59) (26) (51) (64) (61) (74) (97) (39) (22) 
43 (45) (4) (51) (27) (81) (19) (41) (40) (99) (12) (52) (17) (69) (93) (80) (61) (73) (48) (55) 
44 (3) (56) (2) (16) (20) (12) (1) (85) (60) (72) (17) (13) (51) 
45 (28) (21) (13) (31) (78) (42) (55) (60) (83) (98) (14) (12) (90) (30) (100) (45) (75) (54) (82) (2) (72) 
46 (92) (21) (99) (74) (78) (93) (65) (44) (56) (96) (57) (16) (35) (29) (81) (27) (9) (85) (28) (86) (10) (89) (62 45 49) 
47 (34) (81) (1) (2) (61) (29) (48) (51) (18) (74) (35) (69) (82) (4) (95) (10) (91) (96) (72) 
48 (77) (19) (15) (49) (89) (22) (94) (51) (35) (14) (96) (75) (9) (87) (54) (70) (50) (95) 
49 (72) (46) (25) (39) (50) (56) (51) (99) (2) (68) (47) (18) (92) 
50 (17) (50) (61) (99) (65) (84) (10) (40) (97) (86) (49) (96) (70) (94) (7) (74) (35) (80) (75) 
51 (82) (86) (79) (100) (52) (47) (59) (54) (45) (77) (84) (60) (32) (30) (13) 
52 (8) (83) (75) (10) (11) (29) (40) (18) (64) (66) (80) (92) (95) (100) (21) (41) (84) (56) (97) (47) (53) (88) 
53 (13) (12) (69) (29) (2) (43) (30) (22) (77) (47) (20) (11) (39) (21) (37) (65) (18) (54) (38) (95) (73) (4) 
54 (47) (96) (61) (6) (94) (56) (70) (83) (62) (69) (4) (38) (73) (77) (75) (32) (43) (76) 
55 (6) (24) (100) (21) (33) (97) (7) (75) (69) (95) (88) (28) (27) (31) (55) (18) (12) (80) (68) (79) (10) (20) (43) (71 42) (99 26) 
56 (89) (81) (14) (80) (29) (60) (57) (1) (35) (56) (13) (10) (88) (41) (50) 
57 (9) (1) (62) (25) (14) (80) (64) (72) (10) (32) (57) (53) (90) (23) (30) (84) (75) (15) (71) (48) (98) (37) 
58 (37) (12) (54) (26) (58) (67) (24) (71) (36) (8) (69) (93) (90) (46) (6) (23) (64) (11) (79) (3) (39) (73) (82) (48) 
59 (45) (44) (5) (3) (42) (20) (72) (41) (26) (92) (64) (32) (43) (65) (94) (78) (93) (31) (33) (74) (4) (12) (50) (13) 
60 (84) (54) (40) (78) (43) (4) (88) (96) (57) (90) (70) (27) (51) 
61 (77) (98) (41) (45) (7) (40) (32) (50) (52) (54) (81) (57) (64) (72) (59) (63) (56) (30) (99) (16) 
62 (83) (10) (90) (56) (69) (61) (73) (42) (17) (86) (91) (72) (18) (23) (51) 
63 (28) (4) (80) (81) (85) (6) (18) (65) (7) (5) (15) (14) (76) (34) (24) (27) (70) 
64 (19) (15) (56) (7) (57) (29) (23) (6) (100) (8) (40) (12) (64) (71) (62) (27) (4) (85) (60) (93) (13) (41) (24) (5) (94 39 77 2 34) 
65 (86) (71) (42) (28) (55) (100) (95) (82) (70) (13) (46) (50) (33) (40) (77) (35) 
66 (10) (63) (13) (50) (51) (8) (66) (38) (47) (91) (90) (43) (81) (59) (85) (52) (29) (19) (95) (48) 
67 (25) (77) (68) (39) (32) (33) (43) (80) (91) (62) (13) (87) (74) (67) (30) (37) (17) (84) (95) 
68 (73) (86) (41) (18) (2) (94) (100) (36) (21) (42) (12) (60) (59) (54) (6) (7) (93) (30) (62) (28) (72) 
69 (68) (5) (74) (77) (91) (22) (85) (45) (90) (38) (8) (37) (14) (53) (12) (89) (40) 
70 (80) (8) (15) (54) (68) (55) (90) (84) (10) (3) (62) (9) (40) (12) (85) (64) (47) (94) (45) (96) (33) (76) 
71 (73) (40) (66) (83) (77) (93) (87) (23) (8) (38) (28) (5) (52) (3) (25) 
72 (36) (18) (4) (91) (14) (32) (23) (78) (98) (20) (60) (29) (72) (52) (93) (74) (62) (63) (53) 
73 (72) (7) (79) (66) (24) (61) (65) (57) (63) (67) (52) (28) (76) (46) (31) (93) 
74 (52) (94) (12) (78) (38) (48) (76) (16) (57) (88) (100) (61) (45) (64) (2) (5) (49) (59) (68) (46) (10) (73) (89) 
75 (51) (26) (17) (16) (8) (88) (81) (22) (78) (50) (100) (15) (80) (24) (18) (94) (1) (38) (52) (19) (79) (36) 
76 (95) (66) (93) (59) (24) (8) (30) (70) (23) (36) (22) (68) (85) (6) (4) (97) (46) (38) (16) (11) (83) 
77 (16) (91) (3) (76) (41) (20) (92) (95) (51) (5) (54) (37) (79) (26) (22) (87) (33) (62) (17) (39) (45) (59) 
78 (48) (31) (13) (78) (33) (53) (12) (83) (55) (81) (79) (8) (65) (84) (23) (61) (47) (88) 
79 (56) (37) (78) (26) (61) (76) (44) (10) (40) (24) (81) (18) (70) (64) (49) (90) (28) (94) (60) (98) (65) (91) 
80 (98) (7) (81) (72) (8) (28) (53) 
81 (38) (83) (81) (56) (17) (74) (16) (9) (61) (6) (41) (4) (26) (24) (77) (52) (15) (29) (11) 
82 (53) (71) (42) (60) (78) (36) (100) (72) (66) (32) (34) (11) (89) (24) (49) (91) 
83 (66) (10) (4) (53) (77) (40) (20) (29) (58) (70) (6) (32) (16) (64) (79) (93) (51) (62) (76) (57) 
84 (92) (18) (39) (90) (70) (97) (7) (82) (56) (91) (8) (69) (80) (11) (27) (53) 
85 (21) (2) (1) (11) (77) (49) (62) (41) (26) (24) (70) (23) (29) (17) (34) (25) (63) (27) (88) (44) (78) 
86 (70) (85) (5) (86) (29) (48) (76) (13) (30) (66) (51) (83) (95) (82) (72) (1) (65) (68) (39) (92) (78) (56) 
87 (42) (4) (53) (59) (88) (65) (33) (40) (87) (23) (95) (7) (89) (80) (20) (49) (60) (41) (8) (48) (98) (57) 
88 (20) (78) (46) (80) (62) (55) (66) (98) (17) (49) (13) (18) (95) (38) (28) (45) (41) (76) (99) (22) (35) 
89 (27) (44) (79) (80) (32) (33) (43) (59) (64) (36) (41) (9) (78) (48) (73) (70) (85) (89) (100) (1) (7) (56) (58) 
90 (54) (37) (46) (45) (56) (59) (2) (29) (91) (8) (86) (35) (19) (79) (72) (60) (36) (10) (42) (76) (24) (77) (84) (7) 
91 (24) (99) (68) (48) (42) (76) (65) (1) (6) (98) (43) (14) (9) (33) (69) (4) (13) (52) (32) (30) 
92 (59) (65) (66) (88) (52) (25) (96) (69) (10) (49) (21) (55) (45) (94) (9) (19) (42) (56) (60) (35) 
93 (60) (96) (30) (97) (7) (43) (48) (6) (59) (75) (92) (95) (18) (25) (22) (57) (23) (77) (58) (72) (42) (21) 
94 (89) (9) (97) (96) (16) (12) (3) (66) (20) (2) (78) (4) (48) (44) (47) (24) (51) (8) (17) (35) (98) (37) (50) 
95 (17) (81) (63) (98) (33) (68) (43) (47) (79) (95) (92) (71) (7) (56) 
96 (18) (80) (16) (92) (90) (24) (14) (81) (31) (71) (26) (40) (34) (45) (61) (96) 
97 (25) (83) (88) (90) (15) (43) (80) (46) (3) (66) (1) (78) (49) (24) (74) (79) 
98 (94) (31) (54) (53) (62) (40) (73) (11) (76) (34) (37) (51) (58) (91) (48) (44) (72) (30) 
99 (65) (21) (1) (75) (26) (93) (25) (55) (73) (48) (96) (47) (49) (29) (74) (34) (10) (56) (23) (91) (61) (39) 
100 (39) (6) (77) (10) (75) (52) (11) (94) (38) (18) (32) (40) (3) (73) (85) (36) (14) (86) (67) (9) (93) (60) (82) (21) (50 53) 
