0
100
100
1 (3) (8) (16) (4) (37 68) (88 91) (44) (19 23 32 42) (6) (81) (99 74) (82 28) (73) (72) (2) (66 51) (75) (15) (13 46 36 35) (45) (40) (70) (65) (10) (11 98) (54) (20) (58 38) (43 63) (92 34) (29) (86 69) (93) (100) (22) (57) (31) (78) (89 79) (39) (67 83) (1) (95) (87 17) 
2 (87) (68 43 16) (77) (50 14) (99) (25) (42 54) (51) (76) (66 85 90) (65 78) (39) (94) (38 48) (8) (83) (1) (45) (10) (58) (67) (23) (27) (98 7) (91) (80) (70) (60) (2) (20) (26 24) (74) (69) (19) (30) (31) (28) (15) (9) (5 59) (17 63 21) (34) (97) (29 32) (40) (84) (49) (62) (61) 
3 (65) (41) (10) (36) (68) (9) (99 33 83 73) (80) (66) (100) (63) (89) (62) (76 94 23 98) (44) (59 64) (72) (1) (74 69) (85) (53) (88 7) (61) (12) (49 4 60 45 95 39) (90) (29) (16 96) (48) (28 97) (82) (86 38 31) 
4 (15) (66) (19) (64 12 58 93) (69) (3) (20) (39) (13) (61) (23 53 10) (75) (88 77) (71) (32) (74) (9) (1 56) (96 27) (73) (42 40) (52 89) (30 94) (99) (44 68) (65 21) (6) (76) (34) (35 18) (8 31 41 81) (29 86) (38) (87) (85) (62) (100) (49 16 54) 
5 (16) (44) (39) (19) (55) (20) (87) (48) (12) (97) (23) (94) (1 13 74) (83) (67) (9 70) (98 61) (53 22 68) (60 90) (92 69) (43 62) (88) (51) (99) (71) (5 40) (85) (95) (26 42 32) (57 7) (66) (2) (72) (50 11) (14 41) (37) (78 31) (28) (29) (45) (93) 
6 (39) (23) (70) (38) (46) (57) (27) (29) (41) (22) (77) (47) (15) (32) (59) (11) (4) (79 35) (71) (74) (58) (73 83) (68) (48) (78 49 37) (86 62) (54 76 6) (50) (67 65) (18) (14) (93) (72) (53 96) (21) (3) (81) (51) (2) (88) (82 26 91 63) (17 99) (9) (12 40) 
7 (98) (34) (27) (13 76) (56) (74) (28 7 58) (59 95 24 17) (88) (25) (31 5) (92) (40) (77) (20) (3) (91) (35) (39) (63 93) (16) (37) (90) (51) (79) (1) (61) (42) (41) (100) (99 83) (73 82 67) (89 33) (72) (14 9) (32 84) (23) (50) (60 36 12 46 38 62 43) (30) (68) (47 19) (26) (94) (53) 
8 (59) (44) (29 3) (32) (90) (62) (56 42) (33 77) (75) (36) (85) (97) (69 26) (86) (8) (38) (89) (82) (35) (47 25) (100) (17 61 58) (81) (68) (1) (4) (6) (16) (22 7) (64 54) (12 95) (50 67 10) (87) (96 19 78) (91 99 21 14 49 83 73) (34) 
9 (16) (50) (94) (27 47) (32) (45 81) (5) (67 28) (64 26) (35) (66 86 93 40) (83 72) (74 34) (58 36 10) (22) (55) (29) (90 60) (9) (20 82 2 25) (85) (78) (8) (89) (77) (76) (87) (97) (70) (69) (48 56) (79) (11) (91) (52) (39) (7 88 99) (98) (71) 
10 (73) (97 49) (53) (14) (48) (45) (16) (18 39) (24) (72) (40) (44) (100) (74) (95) (76 21) (80) (23) (79) (47 31) (89) (96 77) (62) (55) (42 61) (30 99 37 4) (69) (12) (54) (8) (13) (84) (2) (75) (59) (67) (33) (58 94 57) (83) (87 51) (88) (25) (86) 
11 (48) (28) (92 70 96 86) (50 27) (21) (37) (55) (10) (26 80 87 3 41 47) (18) (51) (12) (15) (79) (69) (7) (42) (88) (93) (24) (98) (13 95) (81 74) (30 25) (100 11) (85) (65 94) (2) (97 68) (77 57 52) (38) (58) (73) (44) (14) (17 22) (19 33 20) (89) (43) (75) (39 31 84) (5) 
12 (4) (21) (7 46) (31 49 30) (96 88 64 90 100) (38 82 95) (37) (47) (29) (83) (52) (5) (97) (44) (78) (72) (25) (68) (56) (26) (32 76 80) (67 54) (58 17) (39) (10) (27 77) (34 28) (19) (73) (55 69) (63) (36) (40) (81) (18) (59) 
13 (12) (74) (88) (72) (19 94 10 99 90) (61) (6 73 34) (18 54) (4) (62 49) (100 68 16 15 8) (37) (30) (91 60 28) (85 2) (80) (26 76) (48) (3) (40) (89 23) (98) (70) (43) (67 17) (53) (33 55) (58) (27) (92 35 96) (59 52) (86 71) (9) (29) (36 14) (79) (32) (64) (13 65) 
14 (75) (80) (61) (50) (44 57) (94) (54) (85) (100 27 84) (39 20 92) (62) (47) (79 49) (45 81 1) (99) (3 48) (28 43) (8) (82) (11 96 19) (74) (69) (51) (83 56) (10 65 59) (30) (5) (64 25) (21) (26) (23) (38) (55 87 90 89) (91) (86) (60) (2) (73) (35) (13) (66) (9) (88 31) (15) 
15 (36) (39) (51) (17) (64 95 11) (97) (16) (29 40) (66) (24 33) (22) (67) (23) (77) (80) (3) (9) (74 96 89) (87) (61 30) (38 41 1) (90 54) (20) (78) (28) (83 98) (57) (75 6) (73) (76) (14 69) (88 19) (46) (25 65) (10 99) (2 15) (68) (62) (44) (26 34 47) 
16 (27) (33) (68) (41) (11) (92) (35) (50) (82) (45) (78) (61) (6) (54) (62) (42) (15 75 51 30) (79 40) (100) (56) (46 28 29 7) (10) (12) (96 98) (20) (59) (67) (77 14) (89 43) (44) (2) (53) (31) (66) (18 49 94) (88) (16) (13 69) (55 4) (85) (19) (25 34) (38) (39 80 8) (22 83) (84 9) 
17 (62) (46) (58 97) (51) (31) (30 93) (56 100) (53) (9) (78 64) (80) (28) (99 15) (7 57) (88) (50) (68) (71 96 60) (90) (35) (81) (74 27) (63) (5) (10) (20) (17) (38) (77) (23) (59) (43) (76) (40) (67) (83) (6 87) (22) (8) (72) (41) (3) (13) (11) (1) (85) (4) 
18 (17) (26) (73) (16) (72 83 59) (5) (14 29) (82) (31) (90 27) (95) (4 12) (15) (76 89) (80) (37) (88) (79) (67 56) (52) (62) (8) (93) (81) (32) (77) (47) (45 23 2) (55 39) (6 94 46) (1 61 38 41) (97) (9) (92 96) (78 34) (86) (87) (51) 
19 (42) (25) (92 52 77) (17) (89) (32 56) (33 11) (23) (73) (71) (13 54 2) (59) (67 88 34 14) (22) (61) (66) (72) (53 48 70 64 29) (69 46) (80) (31) (94) (75 26) (96 76) (37) (36) (9) (86) (68 6) (8) (79) (90) (7 81) (21) (19 40) (16) (3 15) (20) (18) (28) (65) (99) (24) (78) (55) (44) 
20 (19) (47) (44) (62) (13) (9) (91) (39 31) (68) (51 86 28) (49) (61) (52) (6) (97 65 98 14 73 79 48 23 27 54) (30 83 35) (4 72) (74) (32) (96 46 37 20 87 3) (82) (40) (24 1) (5) (25) (58) (55) (81 59) (42) (57 53) 
21 (82 54) (65) (84) (90) (30) (76 92) (93) (51) (36) (96) (9) (50) (12) (33) (6) (53 70) (40) (62 34) (79 88) (22) (38) (95) (37) (73) (27) (43 45 4) (44) (71) (29 63) (5) (14) (89) (26) (2) (86) (61 57) (80 87) (74) (100) (85) (68) (58 23) (75) (20) (46) (94) (15) (35) 
22 (17 61) (36) (93) (91) (98) (25 99) (27 83) (29 9) (2) (92 18) (4) (26 75) (21) (70 66 85 74) (19 97) (1) (11 20) (57 31) (95) (44) (13) (54 58) (56 69) (47) (5 59) (53) (71 82) (6) (89) (78) (10) (72 41) (87) (62) (39) (64) (67) (46) (33) (14) (94 34 28) (100 81) 
23 (2 22) (32 4) (50 27) (86) (37) (3) (49) (62 26) (10) (21) (93) (94) (73) (39) (7) (28) (74 30) (99) (90) (18 61) (78) (41) (25) (59) (9) (45) (53) (87 92) (71) (31 63) (33) (13) (66) (46 5 70 48) (6) (23) (64) (11 14 75) (24) (35) (69) (52 83) (16) (55 42) (96 100) 
24 (56 95 81) (57) (22) (96 29 51) (93 73 31) (97) (76 28) (94 44 71) (47 66) (34) (80) (45 8) (72) (24) (17) (74) (38) (78) (10 15) (69 43 13 75) (49) (42 53) (18 88 1) (27) (12) (54) (60 48 90 6) (3 84 41) (68 91) (14) (52) (100 99) (23) (65) (98) (30) 
25 (54) (79) (40 16) (94 50 90) (19 73) (80) (68) (93) (57) (1) (26 37) (60 21) (76 82) (33) (75) (86) (88) (100) (51 38) (48) (74 96) (83) (72 29) (84 89) (4) (12) (63) (14 35) (81) (17 99) (98 13) (97) (67 10) (65) (85) (41 34 91) (87 30) (6) (46) 
26 (52 68) (67 9) (97 99) (39) (81) (28) (6) (49) (10) (4) (100 96) (60 53 36) (89 94 8 51) (72) (87) (88 35 27) (73 91) (40) (55) (74) (32) (38) (98 77 15) (22 92) (13) (78) (41 64) (59 70) (46 80) (34) (65) (90 20) (84) (14 42) (33) 
27 (62) (70) (63 43) (71) (65) (54) (56) (5) (77) (19) (51 60) (69 84) (89) (33) (68) (67) (48 88 49 10) (20) (97) (31 73 1 79 80) (26) (18) (47 22 14) (42) (21) (6) (16) (35) (37 28 90) (57 9) (23) (13) (39) (100) (36) (86) (15) (11 96) (52) (24 99) (81 83) (4) (78) (25) 
28 (22 88) (6) (89) (59) (14) (61) (55) (19) (79) (35 71) (73) (2 4 92) (91) (24) (13) (12 56) (99) (3 94) (78) (97) (54) (33) (58) (69) (53) (10 75) (68) (60) (52) (39) (87 74) (100 65 23) (26) (36 66) (34 18) (32) (50 45) (27 77 81) (29) (83) (49) 
29 (23) (21) (58) (41) (66) (54) (34) (46 14) (49) (13 33 43 17) (37) (72) (60 92 85) (38) (100) (2) (26 36) (99) (8) (4) (3 84) (30 35) (88) (95) (9 29) (75) (52) (77) (28) (15) (81) (32) (62) (5) (20) (22) (57) (63) (68) (31) 
30 (86 90) (49) (96 29) (25 78 15) (70) (93 98 31) (74) (92 27) (18) (55) (48) (10 22 3) (43) (88) (14) (83) (32) (47 26) (91) (63) (69) (65 82) (81) (7) (36 71) (60) (80 87) (61) (24 6) (17) (33 45) (95) (2) (75) (79 66) (1) (16) (72 44) (41) (100) 
31 (35) (71) (87 99) (96) (13 91) (42 16) (51) (31 17) (92) (82) (69 26) (39) (56) (100) (65) (95 36) (61) (11) (97 21 60) (33) (76 40) (23) (81) (7) (49) (30 70) (29) (8) (22 73 27) (1) (74) (75) (47) (37) (63 20) (84) (24 98) (90) (68) (48) (12) (50) (43 64 14) (34 5) (62) (10) 
32 (13 44) (18) (19) (33) (46 1 63 79) (82) (8) (4 66) (53 12) (99) (94) (10 27 96) (75) (68 71) (31) (20) (76) (36) (32 2) (37) (84) (54) (17) (48 89) (62 67) (16 42) (58) (77 56) (73) (87) (30) (100) (95) (81) (6) (35) (69) (15) (22 88 64 41 25) (14) (85 72 74) 
33 (6 7) (28) (69 42 84) (64) (29) (94) (30 27 39) (25 8) (70) (38) (21) (20) (2) (71 98) (72) (93) (22) (100) (88) (47) (41) (99) (16) (36) (3) (18) (61) (40) (85 80) (33 97) (79) (96) (12 48) (5 57) (81) (37) (63) (54) (78) 
34 (50) (77) (94 63) (54) (78 95) (35) (66) (7) (23) (40) (58) (55 69 71 87 59) (91 96 21) (70) (93) (10) (44) (65) (5 24) (45 33) (13 30 39 74) (62) (67) (36 25) (51) (97) (76 72) (98 81) (46) (100) (60 22 28) (14) (47) (26) (49 56 85 83) (68) (79) (99) (2 53) (12 64) (48) (20) 
35 (73) (92) (53) (85) (32) (75) (21) (83 56 18) (14) (70) (82) (52) (22 64) (36) (91) (65) (62) (40) (86) (38) (49 77) (61) (16 31 80) (8 15) (87) (44 27 51) (93 48) (76 98) (94) (39) (89) (71) (5 4) (67) (74) (12 28) (72) (57) (78) (79 68) (24) (55) (58 6) (99) 
36 (35 31 43) (29) (86) (59) (14) (66 15 82) (3 42) (75) (62 39 4 84 98 16) (23) (96) (50) (36) (2) (53 24) (28) (83) (49) (65) (94) (92) (51 71) (22) (52) (13) (30) (58) (46) (57) (87 70) (20) (63) (73) (34 1 61) (95 32) (64) (9 19 44 33) 
37 (26 53 95 97) (67) (77) (61 5) (57 29) (98) (94 50) (70) (15) (99) (10) (24) (22 45) (87 2) (7) (34) (21) (28) (18) (85) (55 16 59 12) (38 80) (51) (92 4) (47) (44) (33) (68) (25) (46) (81 93 69) (37) (30) (11 27 62 63 32) (40) (14) (83) (79) (52) (78 39) (48) (19 65) (1) 
38 (97) (67) (62) (79) (99) (96) (49) (42) (80 28) (1) (30 7) (71) (31) (9) (22) (13) (73) (15 38 24) (90) (93) (26) (18) (57) (45) (3) (66) (23) (53 33) (78) (65) (14) (76 81 46 85) (52) (11 2 58 64) (72) (75) (82 21) (84) (87 88 8) (6) (29) 
39 (5 87) (66) (70) (27) (44 10 8 47) (12) (67 85 86) (92) (88 1) (80) (38) (6) (24 3) (93) (82) (77) (84) (94) (13) (74 62 56 72) (18) (11) (16) (34) (76) (28) (53) (39 30) (79 57) (15 36 2) (51) (75) (81 96 91 52) (41) (60) 
40 (23) (85 40) (17 58) (33 6 19 45 52) (50) (90 26 27 2) (10) (62) (15) (77) (73) (9 81 31) (18) (72) (3) (41) (69) (35) (55 83) (30 42 60) (78 4) (37 38) (48 47 89) (49) (99) (44) (16) (39) (1) (36) (24) (12) (82) (20) (51) (28 88) (54) 
41 (19 85) (99) (30) (52) (63) (2 62) (93) (45) (89) (18) (21) (95) (47) (55) (48) (58) (68) (78) (54) (40 14) (4 98 84) (8) (7) (73) (9) (12) (81) (91 10) (24 49 56) (74) (97) (71) (92) (65 77) (76 86 41) (15 83) (88 38) (27 87) (66) (72) (36) (13 80 61) (37) (79) 
42 (39 54) (16 71) (22) (6 25) (61 29 75) (20) (88 81 99) (42 41) (12 85 27 51) (4) (72) (94) (45) (50 13) (93 23 28 43) (70) (49 68 34) (95 19 8) (82) (96) (98) (60 15 84 90) (5) (78) (9) (3 21) (66 91) (30 46) (36) (26) (37) (87) (40) (97) (74 31) 
43 (59) (83 94) (12) (4) (63) (11) (34) (48 24) (6) (80) (18) (93) (67) (75 98) (5) (39) (27) (87) (41) (73) (23) (64 20) (50) (43) (81) (30) (97) (84) (51 42) (19 89) (52 71) (53) (22) (88) (10) (100) (7) (79) (1) (26 60) (78) (68 85 21 15 35) (72) (33 55) (13) (76) (46) 
44 (88) (95) (12) (22 75) (17) (87) (92 54) (8) (46) (42) (99) (47) (16) (84) (4 5 13) (24) (19) (38) (37 14) (85) (23) (44 7 29 6 70 96) (25) (74) (69 60) (73 21) (35) (18) (76 64 40) (72 43 58) (15) (26) (65 80 9 86) (10) (82) (27) (93) (39) (32) (33) (81) (45) (83) (30) (98) (50) (51) (59) 
45 (93) (76) (9) (37) (12) (78) (98) (19) (95) (57) (74 65) (66 67) (15) (21 30 70) (1) (27 91 23 54 73 97) (8) (49 5) (100 62) (40) (90) (34) (51) (11) (25 86) (42) (33) (59) (31) (29) (7) (28) (64 38 24) (69 82 3) (41) (43) (48) (92 77) (35 63 13) 
46 (73) (34) (28) (63) (29 91) (90 20 43 92) (87) (84) (5) (82) (88) (66 39) (76) (33) (79) (60) (15 38) (16) (75) (67) (71 23) (30) (40) (19) (59 55 11) (6) (57) (86 74) (26) (68) (98) (25 53) (89 52) (32) (100) (7) (35) (47) (72) (21) (13) (95) (45) (80) (22 42) (9) (49 62 31) (48 24) (10) (12) (1 99 18) (64) 
47 (1) (19) (48) (74) (2 55) (61) (42 86) (6) (13) (39 91 44) (27) (58) (59 51 87) (69) (90) (40) (68 82 17) (95 89) (56) (12 38) (20) (98) (11 75) (45 70) (65) (16) (43 3) (100) (78) (37) (73) (36 88 76) (14 7 97) (63) (67) (53) (25) (49) 
48 (44 9) (93 81) (55) (34) (20) (57 43) (26) (1 45) (39) (14) (32 38) (83) (67) (41) (2 87 22) (31) (4) (18) (89) (24) (79) (85) (49) (84) (86) (61) (58) (17) (74) (100) (90 29) (77) (92) (47 23) (21 69) (27 3) (13) (36) (28 52 54) (68) (56) 
49 (42) (86) (67 10) (66) (5 81) (22 46 73 25) (49) (52) (57) (6) (87 48 70 78) (74) (9) (32) (89) (29) (83 8 69) (58) (45) (47) (68 94) (80 88) (21) (20 33) (41) (71) (63) (75) (98) (79 37 54) (91) (31 84) (65 95 35 40) (99) (27 56) (85) (62) (97 100) (12) (61) (19) (76) 
50 (14) (36) (62 22 78) (97 32) (29) (71) (70) (48 93 73) (49) (66) (42) (40) (68 79) (54) (99) (80) (63) (19 8) (37) (100 72) (51) (41) (28) (75) (77) (53) (85) (24) (92) (18) (91) (23) (52) (67) (57) (58) (15) (46 6 74) (27 89) (59) (95 30) (33 76 83) 
51 (45) (65) (89) (1 95) (72) (100) (48) (18 77 13 51 14) (16 42) (60) (71) (53) (35 88) (82) (20) (46) (41 62) (81) (9) (21) (98 50 38) (64) (94) (56) (10) (47 43) (44 52 63) (90 28 85) (68) (80) (23) (34) (4) (99) (67 92 70) (78) (69) (40) (30) 
52 (68 55) (62) (13) (67) (20) (70) (81 25 14) (69 50) (83 16 57) (38) (90) (31) (100 86) (99) (59 5) (91 29 75) (35) (11) (37 12) (23) (97) (82 49 64 42) (85 43) (60) (94) (17) (18 71 28 98) (27) (51 32 52 61) (34) (24) (89) (56) (79 54) (15) (63) (77) (39) (33 2) (88) (65) 
53 (30 91 27 39) (49 75) (26 5 67) (32) (9) (23 31) (89) (18 11 22 6) (74 13 48) (55) (45) (79) (96 12) (15) (86 28) (4) (25) (64) (83 40) (19) (60) (24) (52) (57) (70) (14) (43 41) (73) (87 88 50) (62) (29 20 68) (56) (58) (7) (33 69) (17) (99) (44) (54) 
54 (86 46) (29) (38) (99) (45) (9) (63) (24) (2) (22) (59) (72) (15) (57) (58 60 76) (55) (27) (11) (66 50) (73) (12) (98) (42 69) (26) (39 100) (23 79) (6) (87) (81) (67 25) (30) (65 33) (78) (36) (52) (68) (10 91) (32) (41) (64) (31) (56 1) (93) (19) (90) (95) (92) (70) 
55 (63 81) (50) (25) (49) (31) (94) (51 76) (4 34) (67 56) (24) (35 23) (2) (97 16) (47) (88) (75) (5) (99) (55) (8) (91 82) (58) (15) (84 19 43) (29) (70 28) (10) (57) (6) (71 45) (98) (65) (48) (13) (32) (17) (52 59) (18 14) (54) (26) (79) 
56 (43) (73) (98) (54 22) (79) (78 8) (100) (26 29 19) (80) (52) (93 65 7 1) (48 21) (58) (18 50) (56) (82) (39) (42) (81) (16) (17) (75 14) (25) (57) (23 92) (62) (53) (68) (59) (3) (11) (72 89) (6) (36) (47) (30) (46) (27) (12) (33) (97) (4) (88 9 41) (90) (86) (76) (49) (60) (28 84) (99) (71 95) 
57 (98) (59) (73) (15 21) (36) (39) (56) (42 91) (23) (57) (70) (20 62 72) (17) (13) (81) (94) (90) (76) (45) (28) (83) (74 26) (41 49) (78) (4) (99) (25) (10) (69 84 48) (22) (89) (87) (95) (43) (61) (11) (47) (37) (7) (31) (19) (51 24) (96) (80 63) (3) 
58 (73) (66) (26 98 8) (25) (38 27 15) (50) (39 53) (83 28) (59) (46) (96 41 35 22) (47 56 88) (30) (3 68) (58) (45) (21 13 20) (70) (10) (42) (36) (63 92 82) (52) (80) (24 55 76 100) (74) (43) (94) (2) (71 17) (97) (51) (72) (64 78) (6) (23) 
59 (28 76) (91 9) (61 42) (33) (37) (32) (99) (67 88 35 89 26 56 86) (50 78) (15) (11 8) (80) (77 14 48) (87 57) (70) (60 38) (47) (31 44 94 12) (7) (46) (98) (21 75 79) (16 5) (23 52) (83) (24 34 71) (72 85) (82) (62 17) (29) (97 73) (2 10) (55) (66) (39) (19) (96 74 1) 
60 (1) (73 80) (5 90) (94) (85) (66) (13 79) (9) (28) (96) (31) (17) (89) (65) (49) (15 99 69 41) (40) (59) (16 46) (45) (64) (43 23 63 50) (34 6) (97) (21) (53) (36) (2) (54) (26) (76 44 38) (12 56) (35) (33) (3 14 86) (7) (4) (48) (72) (39) (51) (27) (74) (77) (92 93) (55) 
61 (7 56) (14) (84 76 93) (3) (48) (19 71) (94) (83 29) (47) (28) (73) (10) (44 35) (88) (5) (92) (100) (49) (87) (31) (55) (98 6) (41) (86 16 62 38) (75) (96 11 65) (18) (42) (82) (60 53) (89) (24 22) (66) (52 39) (72 95 26) (23) (70) (46 61 80) (32) (91) (63) (2) (59) 
62 (37) (11) (14) (73) (77) (10 67 66 70) (63 84) (4) (48 88) (50) (45) (59) (13) (75) (100) (82) (43) (76 83) (19) (80 94 62) (5 74) (1) (55) (23) (58) (72) (7 97 78) (9 69) (91 85 44) (57 31 16) (40) (79 15) (29) (33) (27 38) (25) (30) 
63 (87 10) (14) (82) (8) (90) (1) (71) (75) (5) (50) (7) (36 28) (49) (27 44 58) (52) (70) (81) (22 31) (48) (76 23 40 21 89) (20) (56) (64) (25) (66 78 69) (32 37) (57 85) (67) (53 3) (12) (61 100 80) (13) (26) (42) (45) (63 93 96) (95 33) (97) (60) (17 4 92) 
64 (31) (29) (63) (2) (18 39 98) (32 53) (19 86) (89) (60) (41 51 100) (15) (62) (1) (93) (99 8) (23 96) (68) (28) (78) (66) (64 22) (30 95 80) (9) (42) (33) (77) (27) (85) (11) (21) (59) (70) (10) (35 83) (4) (6) (43) (94) (36 50 25 40) 
65 (1 53) (7) (99) (87) (54 2 89 3) (21 90) (37) (19) (26) (47) (44 18) (74 29) (39 64) (70) (98) (50) (20) (6) (46) (68 24) (36 40) (9) (23) (72 83) (11) (13 59 85 33) (76) (58) (86) (28) (93) (35 42 63 88) (84) (45) (73) (80) (96 56 12) (81) (8) 
66 (47) (31) (97) (99) (46 33) (13) (15 62) (76) (71) (26) (27) (88 24) (90) (41) (61) (12) (66 95) (52) (78) (21 2) (86 82) (77) (25 9) (85 79) (70) (18) (63 87) (23) (81 8) (40) (34 92) (29 91) (1 89) (57) (3 5) 
67 (78 77) (56 46 74 28) (16 100) (10) (69) (81 59 3) (9) (6) (43 23) (75 30) (72 42) (45) (38) (21) (27) (50 62) (25) (86) (36 17 94 93) (97) (84 90) (7 5) (53 14) (67 41) (35) (48) (19) (52) (70) (11 82) (79) (66) (73) (32) (51) (13) (71 99) (88) (8) (96) (37) (98 89) (18) (39) (92) 
68 (89) (60 73) (63) (54 59) (85) (80 74 40 26) (21) (25) (37) (78) (82) (9) (76 48) (75) (23) (36 38) (20) (62) (97) (61) (98) (47) (44) (51) (3) (96) (52) (69) (30) (90) (15 58) (56) (17 6 39) (45 88 41) (100) (86) (16 71) (50) (99) (13) (68) (43) (28) 
69 (53 27) (62) (49 42) (100) (13) (64) (78) (93) (71 76) (37 91) (72) (32) (90 28 87 51) (83 9) (46) (73) (58) (26) (15) (82) (1) (7) (21 59) (41) (6) (80) (5) (79) (99) (31) (20 61) (69) (57 96) (95 16) (56) (88) (85 70) (30) (19 52) (3) (2) (65) (92 25) (39) (4) 
70 (17) (52) (83 41) (53 51) (9) (26) (24) (80 22) (11) (34 28) (4) (35) (90 96) (7) (30 99) (37 62) (60) (8) (47) (42 89) (21 27 98) (71) (93) (40) (74) (39) (78) (33) (19) (31) (5) (14) (72) (61 50) (3) (84) (67 85) (55) (25) (97) (94) (45) (32) (69) (12) (92) (13) (54) 
71 (50) (25) (16) (90) (74) (76) (48) (73 75 44) (93) (21) (71) (32 40) (18) (79) (89) (11) (56) (36 64) (31) (78) (69 99) (63 97 19) (88) (60) (91) (47) (13 83) (26) (1 15) (77) (52 30 94) (96) (46) (42 70 17) (43 95) (3) (65) (72) (62 29) (84) (23 57) (5) (2 38) (6) 
72 (38) (15) (37) (98 65 18 2) (50 79 14 68) (59) (66 90) (49 85) (19) (16 86 80 32 28) (20) (21) (64) (77) (61) (17 70) (74 34) (11 39) (99) (58) (72) (4) (69 88) (12 10) (67) (97) (56) (60) (6) (100 1) (36 24) (25) (42) (76) (82 43) (53) (33) (81) (26) (13) 
73 (81) (18) (49 73) (91) (79) (53) (42) (86 59) (57) (54 93) (10 71) (13) (45) (4) (60) (44) (97 27 98) (36) (30) (64) (19) (89) (61) (8) (95) (75) (14) (37 69) (65) (88 6) (15) (100) (25) (70 47) (26) (68) (55 58) (2) (92) (29 78) (34) (52 21) (35 66) (46 77 16 74) (85) (51) (11) 
74 (45) (80 49) (81) (35) (69 43 24) (82) (95) (27) (70) (94) (50) (26 54) (51) (74) (28 37 12) (14) (18) (63) (29) (86) (60 11 16) (34) (93) (30) (62) (48 58 55 73 88) (92) (17) (83) (33) (56) (6) (21) (8) (52 1) (5) (42) (41 97) (100) (85) (15) (4) (67 44 22) (99) (61) (89) (2) (53) (79) (47) (96) (32) (75) (91) 
75 (93) (83 47) (37) (100) (63 22) (70) (66 88) (55 68 59) (18) (57) (10) (38 31) (62) (26) (92 69) (42) (7) (60) (1) (34) (19 43) (24) (14) (30) (89) (41) (74) (6) (54) (64) (67) (21) (39 77) (75) (44) (48) (13 73) (58) (4 17) (12 53 78) (80) (3) (23 52) (36 76) (25 99) (84 95) (97) 
76 (66) (4) (53) (60) (96) (16) (59) (76) (90) (95) (47) (51 43) (41) (31) (70 17) (14) (10 39) (56 93) (78) (35) (45 40 9) (81) (64 20) (83) (63 19) (36 12) (6 1) (30) (100) (86 55) (85) (98) (97) (94) (65 44) (22 37 28) (82) (21 84) (99) (38) (25) (3) 
77 (51) (83 36) (56) (33) (44) (43) (11 1) (12) (96 46) (6) (31) (9 50 89) (39) (98) (37) (68) (99 62 32 61) (97 25 84 78) (65 15 52) (100 7) (69) (95) (75) (26) (85) (67) (55 18 48) (20) (87) (66) (17) (63) (79) (40) (54) (88) 
78 (31 38) (89) (7) (70 41) (50) (14) (48) (73) (66) (69) (16) (58) (79) (65) (80) (83) (39) (44 55) (78) (68 75) (96) (10) (23) (92) (20) (2) (36) (98 8) (28) (26) (91 13) (77) (87) (15) (85) (4) (76 93 60 6 90) (11 27) (67 43) (84) (24) (47) (54) (61 37 49 12 52) (51) (97 63) (64) (17) (40 19) 
79 (32 23 69 41 95) (31 96 19) (62 86) (92 43) (78 66 37 82) (67 59) (93 9) (50) (80) (28) (10) (24) (16 94) (2 22) (8) (36 35) (44) (61) (64) (33 7 60 42) (53) (18 47) (76) (39 68) (46 48) (29) (91 20) (99) (63) (81) (72 79) (52 11) (58) (77) (13) (84) 
80 (51 44) (82) (20 1) (89) (39 21) (59 48) (22 13 98) (65 30) (96) (26) (8) (28) (76) (100 90) (37 58) (87) (5) (38) (75) (78) (53) (42 24) (23) (73) (66 84) (34 29) (17) (77) (60) (11) (25) (41 54) (49) (61) (50) (63) (46) (95) (31) (40) (27) (16) (83 85 47 93) (36 71) 
81 (93) (32) (45 88) (97) (8 90) (33 64) (50) (47 71 70) (55) (22) (85) (62) (44) (87 16) (92 13) (82) (11) (10) (15) (76) (75 99) (34) (89 73) (74) (77) (80 60) (100) (17) (2 95 61) (25 63 26) (27) (53) (12) (65) (59 1 94 24) (52 46 38 7) (69) (83) (67) (6) 
82 (14 13) (93 31) (50) (43) (68 27) (38) (96) (30) (88 41 42 51) (24 89) (78) (10) (46) (59) (60 84) (80 18) (83) (87) (15) (58 37) (8 17) (100 36) (70 67 28) (21) (77) (3) (12) (63) (26) (97 72) (55 25) (61) (90) (82) (23 32) (57) (54) (62) (48) (11) 
83 (28) (43) (31) (14 48) (64) (19) (74 37) (87 96) (9) (53) (58) (15) (13) (88) (54) (69) (49) (68) (83) (23) (33) (92) (100) (67) (85 86) (35 66) (82 39 6) (17) (44) (93 50) (21) (18) (75) (4) (59) (7) (71) (25) (26) (57) (91 98 56) (72) (51 46) (73 5) (63) (78) (42) (24) (16) (90) (30) (2) 
84 (73) (55) (72 31) (45 46 2) (61) (65 28) (49 62 67 40) (60 36 53) (26 14) (97) (51) (89) (71 42) (93 75) (63) (21) (20 76) (90) (8) (5) (27) (39) (98) (44 29) (7) (43) (4) (16) (13) (70 85) (74) (96 1) (80) (15) (9) (86) (35) (79) (66) (22) (38) (92) (17) (99 78 41 83) 
85 (2) (61) (87) (33) (22) (95) (66) (35) (25) (76) (64) (72) (70) (43) (98 90 55) (27) (82) (23) (48) (7 71) (49 37) (67) (83 6 14) (38) (58) (29) (3 74 20) (40 24 59) (53 81) (65) (47 86 96) (99 36) (30) (68 46) (8) (45) (11) (63) (32) (93) (75) (15) (21) (79) 
86 (73) (15) (83) (82) (93) (29) (95) (54) (14 94) (63) (86) (78 40) (35) (76 75) (68) (79 45) (1) (2 33) (50) (71) (55) (25) (65 92 19) (69) (20 47) (46) (31) (17) (5) (22) (91 80 100) (39) (77) (38 90) (11 88 99) (59 37) (97) (56) (72) (66) (67) (64) (87) 
87 (83) (31 68) (8 74) (5) (15) (7 21 45 38) (82 50 30 47) (65) (22 25 19) (13) (71) (91) (66) (27 35) (34 18) (2) (90) (96) (16) (99) (75) (100 73 78 28) (26) (44 86) (76) (48) (54) (36 17) (84) (32) (53) (40 46) (24) 
88 (5) (48) (26 7) (69) (51 50) (53 6) (8) (17) (94) (1) (44) (76 34) (18) (43) (52 12) (82) (27) (41 62) (22 30) (13) (14 100) (4) (83) (46) (68) (31) (35 11) (96) (92) (2 71 73 37) (20) (38) (54) (55) (28) (97) (91) (59) (65) (78 64) (3) (45) 
89 (19 4) (95 89 5) (100) (97 87) (30) (8) (49) (26) (42 83) (35 51) (88) (45) (66) (21) (12) (64) (68) (43) (57) (96) (62) (79 33) (52 11 61) (3 41) (38) (74) (56) (31) (60 25) (32 90 70 37) (6 46) (98) (10) (91) (82) (48) (73) (13 75) (23) (40) (39) (55) (63) (27) (86) (78) 
90 (36 89 63) (65) (81) (78) (10) (7) (66) (98) (86) (76) (14) (53) (72) (62) (92) (38 57 88) (39 3) (43) (1) (41 33) (27) (13) (69) (93) (83) (37) (30) (16) (51) (34) (58) (99) (75) (71) (48) (42 47) (68 100) (35) (44 23) (70) (74) (29 11) (91 95) (49) (18 94) (56) (8) (67 21) (73) 
91 (73) (63 49) (45) (34 7 86 6) (48 85 64 1) (91) (69) (66 59) (46) (57 96 87) (71) (37) (23) (18) (21 76) (97) (47) (55) (94) (83) (35 40 65) (70) (58 39) (89) (93) (95) (92 30) (8) (26) (20) (98) (74) (25) (72) (19) (5) 
92 (54) (73) (65) (84) (33 63) (83) (94) (76) (57) (36 81) (24) (45 11 13) (70) (4) (71 78) (90) (53 15) (47) (17 59) (7) (75) (91) (52) (38) (99 12) (56 41 5) (23) (68) (2) (49) (37 74) (22) (93) (92) (100) (58 85) (30) (55 3 50 82 18) (8) (6) (46) (48) (31 88 98) (34) (39) 
93 (37 40 98) (6) (46) (32) (61) (86) (52) (14) (78 79) (68) (67) (90) (17 65) (55) (59) (8 38) (56) (4) (58) (87) (75) (50) (80) (95) (44 83) (39) (5) (85) (18 19) (9) (24 81 84) (34) (20) (1) (51) (93) (7) (15) (70 89) (16 41) (25 91) (76) (29) (49) (69) (45 36) 
94 (26) (4) (54 18) (2) (99 75) (40) (57) (97) (51) (91) (8) (93) (86) (39) (17) (67) (28) (48) (7) (41) (33 96) (35) (23) (65) (36) (34) (63 44 74) (20 22) (5) (72) (50) (58) (80) (90 49 38) (87 30) (82) (16) (25) (59) (15) (66 81) (9) (29) (60) (78 52 85) 
95 (77) (45) (34) (100) (76) (88) (62) (7) (4 51) (93 42 25) (35) (49 17) (89) (41 78) (73) (69) (52) (9 57 46 87) (65) (58) (92) (61 29) (30 21) (94) (13) (80) (91) (5 48 40) (19) (86) (3 64) (11 54) (55 74) (85) (59) (66) (97) (81) (2) (10) (67 23) (6) (79) (38) (95) 
96 (10 16 68) (3) (36) (26) (18) (24) (31) (11) (35 25) (60 100) (23) (67 17 58) (88) (78 87) (41) (73) (30) (99) (93 95) (15) (9 4) (42 2) (65) (6) (51) (5) (13 83) (70) (84) (59) (92) (89) (54 45 63 82) (71) (8 75) (34 56) (57) (29) (43) (94) (81) (47) (90 27 40) (48 80) (76) 
97 (4) (5) (67) (97) (63) (50) (76) (12 60 53) (1 40) (52) (73) (38 59) (65 16) (44) (58 31) (72 51 46) (47) (83 45) (98) (21) (79) (94 3) (100 93) (81) (26 15) (69 14 77) (80 64) (85 25) (49) (54 6) (86 39) (18) (7) (96 74) (92 55 78) (34) (68) (27) (33) (48 62 11) 
98 (40) (39) (37) (48) (62) (32) (85 66) (54) (38) (58) (14) (81) (12) (24 67) (9 11) (82 4) (78 22) (93 61) (8) (69 74) (86) (10) (55) (52) (92 68) (6) (47) (21) (43) (75) (18) (53) (26) (28) (34) (56 65) (98 30) (71 49) (57) (3) (89 33) (64) (15) 
99 (33 78 69) (38 23) (89) (9) (60) (25) (34) (46) (63 17 70) (77) (54 52) (66) (97 79) (64) (48 21 62) (74) (100) (55 75 12) (47) (45 26) (67 90 49) (6 87) (41) (71) (8) (43 84 85 16) (81) (68) (80) (96) (40) (93) (11) (95 37) (39) 
100 (62 31) (92) (27) (12) (33) (97) (41) (52) (25) (1 78) (19 24) (58 90) (44) (68) (89) (15) (11) (34) (26) (99) (42) (7) (6 63) (83) (38 22) (86) (87) (95) (23) (72 100) (40) (73) (57) (10) (69) (53 16) (39 32 30) (55) (94) (5) (71) (14) (56) (81 80) (88) (65 2) (9) 
1 (80) (97) (75) (37) (20) (64) (32) (65) (74) (66) (72) (14) (24) (22) (56) (84) (71) (31) (86) (77) (45) (62) (76) (18) (39) (54) (40) (100) (60) (36) (63) (5) (27) (90) (93) (30) (51) (69) (2) (81) (47) (4) (38) (43) (59) (3) (25) (1) (46) (48) (7 8) (17 15) (88 91) 
2 (74) (81) (11) (52) (10) (66) (15) (5) (92) (83) (1) (9) (61) (13) (86) (55) (88) (95) (100) (14) (71) (96) (6) (85) (58) (65) (47) (41) (59) (37) (54) (19) (39) (73) (22) (30) (84) (87) (28) (48) (69) (72) (23) (21) (94) (34) (18) (79) (32) (40) (64) (2) (38) (78 16 36) (60) (33) (29) 
3 (60) (48) (39) (61) (56) (14) (71) (45) (76) (96) (19) (7) (30) (69) (28) (11) (29) (92) (17) (33) (88) (95) (66) (24) (20) (13) (67) (23) (1) (65) (85) (89) (8) (68) (4) (90) (57) (97) (38) (42) (58) (75) (70) (98) (82) (15) (63) (6) (36) (47) (40) 
4 (23) (18) (42) (3) (73) (25) (17) (57) (27) (1) (64) (96) (48) (43) (84) (55) (62) (12) (89) (8) (83) (95) (56) (28) (20) (75) (92) (78) (40) (29) (70) (44) (94) (88) (36) (21) (32) (69) (98) (26) (35) (37) (10) (93) (63) (60) (74) (6) (41) (16) (76) (13) (51) (22) (53) (97) (72) 
5 (18) (89) (63) (23) (2) (39) (37) (9) (5) (60) (45) (44) (83) (66) (69) (91) (27) (11) (12) (22) (96) (20) (87) (86) (95) (53) (43) (46) (61) (70) (31) (33) (97) (52) (80) (29) (59) (14) (93) (34) (62) (71) (42) (100) (88) (55) (84) (21) (49) (67) (35) (74) (92) (17) (7) (94) 
6 (55) (8) (32) (46) (56) (53) (58) (88) (92) (64) (33) (40) (96) (1) (28) (27) (15) (71) (68) (39) (89) (95) (72) (85) (44) (69) (43) (4) (74) (50) (42) (25) (67) (98) (93) (13) (6) (100) (21) (97) (83) (73) (17) (22) (77) (76) (78) (23) (54) (49) (91) (20) (30) (75) (24) (61) (26) (16) (60 99) (35 65) (81) (47) (19) (38) (18) 
7 (33) (90) (23) (46) (11) (92) (43) (47) (83) (60) (31) (3) (63) (34) (59) (77) (100) (5) (85) (67) (44) (7) (19) (75) (79) (81) (37) (65) (69) (78) (97) (84) (2) (41) (91) (57) (8) (95) (88) (12) (93) (94) (30) (56) (62) (38) (17) (70) (16) (53) (45) (61) (9) (87) 
8 (91) (79) (89) (94) (98) (13) (65) (90) (67) (31) (99) (8) (74) (87) (4) (78) (39) (85) (9) (88) (10) (14) (1) (92) (2) (44) (58) (66) (63) (35) (55) (49) (96) (81) (64) (56) (18) (45) (33) (70) (50) (24) (80) (16) (82) (41) (42) (29) (19) (59) (26) (84) (73) (38) (17) (32) (93) 
9 (22) (48) (66) (27) (65) (100) (99) (69) (7) (4) (17) (16) (26) (76) (21) (53) (44) (68) (45) (5) (56) (54) (60) (46) (9) (41) (29) (38) (70) (62) (18) (2) (95) (40) (13) (98) (51) (14) (77) (42) (84) (36) (83) (79) (23) (15) (96) (20) (94) (49) (19) (59) (3) (64) (67) (6) (93) 
10 (1) (8) (51) (54) (75) (90) (58) (22) (39) (64) (73) (55) (82) (23) (95) (15) (17) (72) (46) (100) (61) (43) (27) (40) (24) (44) (62) (11) (14) (96) (13) (30) (31) (98) (32) (4) (37) (67) (57) (34) (3) (63) (26) (12) (79) (81) (76) (16) (41) (28) (25) (9) (49) (89) (59) (78) (2) 
11 (95) (98) (23) (71) (80) (89) (39) (22) (85) (37) (17) (100) (90) (67) (61) (81) (46) (73) (79) (27) (62) (65) (16) (99) (11) (43) (38) (52) (47) (77) (74) (88) (92) (15) (70) (31) (86) (56) (45) (96) (14) (59) (1) (5) (82) (72) (64) (53) (78) (6) (97) (9) (57) (54) (19) 
12 (100) (39) (92) (8) (3) (72) (74) (7) (33) (43) (21) (77) (25) (75) (76) (52) (56) (34) (78) (44) (16) (18) (97) (45) (32) (13) (6) (37) (65) (54) (4) (31) (70) (47) (35) (66) (46) (42) (89) (10) (28) (49) (82) (63) (11) (59) (41) (81) (99) (40) (5) (88) (24) (98) (60) (53) 
13 (75) (16) (47) (57) (28) (26) (32) (46) (63) (31) (36) (55) (10) (90) (89) (83) (68) (88) (38) (72) (43) (80) (39) (5) (19) (24) (65) (48) (42) (66) (60) (22) (62) (20) (71) (58) (79) (1) (78) (29) (41) (7) (51) (45) (70) (82) (87) (14) (4) (52) (17) (95) (84) (67) (81) (53) (23) (44) (96) (69) (11) (27) (13) (92) (73 25 34) 
14 (2) (50) (25) (15) (5) (7) (55) (13) (84) (67) (44) (93) (32) (90) (75) (24) (63) (30) (88) (59) (10) (70) (38) (62) (34) (78) (56) (19) (86) (82) (22) (98) (28) (85) (20) (61) (72) (16) (73) (6) (100) (18) (53) (76) (41) (27) (37) (23) (97) (31) (29) (47) (36) (51) (11) (83) (35) (21) (60) (52) (48) (26) (74) (8) 
15 (45) (87) (96) (84) (27) (58) (71) (86) (59) (54) (40) (93) (73) (98) (4) (21) (26) (69) (44) (77) (32) (92) (38) (14) (57) (29) (82) (52) (78) (18) (74) (13) (15) (60) (68) (42) (36) (16) (24) (50) (11) (55) (64) (94) (81) (62) (83) (6) (2) (97) (46) (100) (1) (37) (35) (17) (19) (30) (53) (85) (43) (66) (72) (41) (39) 
16 (13) (71) (93) (46) (39) (9) (62) (87) (84) (4) (80) (33) (37) (97) (25) (72) (42) (52) (67) (59) (69) (99) (36) (18) (78) (56) (7) (81) (76) (32) (55) (23) (15) (94) (73) (1) (44) (79) (3) (74) (61) (5) (100) (16) (10) (68) (19) (27) (2) (83) (51) (35) (30) (40) (31) (90) (47) (8) (96) (60) 
17 (56) (40) (17) (88) (92) (8) (32) (93) (11) (2) (30) (71) (58) (95) (76) (47) (25) (96) (99) (94) (48) (31) (82) (81) (57) (72) (67) (52) (7) (22) (70) (12) (84) (83) (18) (86) (60) (19) (59) (1) (78) (24) (55) (75) (29) (15) (74) (44) (13) (87) (6) (68) (77) (53) (80) (63) 
18 (43) (56) (51) (79) (93) (88) (92) (41) (91) (55) (83) (73) (16) (28) (35) (96) (12) (46) (98) (66) (50) (33) (74) (39) (75) (71) (23) (4) (72) (90) (11) (22) (30) (40) (65) (32) (97) (52) (64) (53) (27) (24) (67) (44) (38) (37) (48) (10) (87) (19) (94) (13) (61) (77) (82) (6) 
19 (12) (19) (36) (40) (73) (7) (62) (65) (2) (55) (57) (59) (75) (15) (22) (71) (20) (69) (42) (50) (41) (5) (100) (4) (44) (78) (72) (61) (27) (89) (93) (49) (79) (32) (76) (86) (56) (67) (47) (91) (83) (45) (53) (87) (1) (70) (13) (14) (46) (95) (11) (16) (54) (28) (37) (25) (43) (64) (8) 
20 (49) (29) (26) (11) (65) (46) (69) (22) (51) (58) (68) (27) (21) (32) (47) (2) (5) (79) (20) (72) (34) (94) (77) (1) (88) (36) (86) (48) (53) (91) (9) (93) (76) (57) (7) (63) (42) (4) (78) (33) (14) (85) (40) (16) (31) (80) (17) (19) (15) (84) (52) (43) 
21 (84) (66) (48) (75) (27) (11) (60) (42) (98) (65) (59) (91) (58) (35) (49) (43) (97) (70) (68) (80) (90) (82) (83) (33) (67) (44) (29) (38) (69) (31) (76) (45) (95) (12) (56) (73) (8) (23) (10) (41) (57) (89) (4) (14) (6) (85) (64) (34) (46) (87) (22) (37) (72) (2) (25) (74) (71) (63) (99) (19) (51) 
22 (19) (54) (84) (53) (48) (81) (43) (44) (23) (31) (42) (5) (56) (80) (79) (87) (17) (27) (21) (8) (11) (61) (36) (26) (75) (16) (38) (34) (76) (70) (46) (57) (35) (50) (86) (94) (98) (74) (30) (85) (100) (29) (28) (58) (49) (92) (1) (37) (9) (32) (6) (64) (33) (88) (63) (24) (15) 
23 (10) (57) (43) (92) (85) (19) (83) (31) (67) (34) (90) (63) (51) (1) (24) (64) (7) (46) (75) (78) (79) (45) (18) (96) (82) (68) (44) (23) (80) (4) (60) (95) (91) (21) (58) (15) (40) (89) (2) (62) (52) (38) (13) (54) (5) (29) (48) (6) (53) (17) (56) (50) (61) (36) (100) (55) (28) (14) (71) (59) (99) (65) (94) (3) (20 42) (27) (66) 
24 (92) (72) (34) (19) (57) (7) (10) (38) (79) (35) (2) (39) (43) (46) (75) (27) (53) (58) (31) (15) (11) (82) (83) (78) (59) (80) (28) (44) (30) (23) (96) (41) (61) (65) (20) (37) (52) (54) (93) (66) (45) (74) (55) (85) (100) (81) (98) (70) (40) (36) (48) (50) (87) (24) 
25 (54) (72) (15) (76) (52) (99) (16) (67) (77) (96) (58) (53) (23) (73) (85) (45) (71) (49) (47) (97) (19) (30) (46) (56) (100) (11) (95) (64) (32) (12) (22) (82) (93) (81) (89) (70) (37) (87) (34) (94) (86) (14) (10) (69) (9) (20) (7) (66) (68) (91) (44) (63) (8) (42) (75) (57) (27) (33) (62) (2) (83) (55) (80) 
26 (73) (83) (40) (7) (44) (21) (84) (77) (71) (34) (80) (89) (55) (63) (59) (65) (5) (38) (81) (12) (27) (54) (15) (18) (31) (56) (87) (30) (98) (53) (72) (100) (2) (28) (42) (78) (91) (11) (43) (88) (57) (8) (13) (97) (14) (69) (46) (29) (61) (6) (68) (82) (9) (25) (48) (58) (70) (75) (66) (94) (96) (60) (99) (37) (74) (22) (19) (23) 
27 (24) (63) (30) (62) (100) (43) (21) (64) (28) (35) (14) (32) (90) (20) (44) (96) (56) (16) (89) (47) (60) (52) (87) (74) (41) (85) (6) (7) (54) (11) (39) (66) (9) (49) (45) (58) (81) (23) (37) (40) (12) (4) (50) (33) (48) (84) (97) (69) (42) (17) (80) (13) (53) (73) (78) (2) (26) (70) (18) (67) (88) (82) (22) (31) 
28 (13) (11) (94) (74) (53) (76) (45) (68) (58) (87) (23) (24) (12) (79) (57) (70) (26) (88) (61) (42) (7) (15) (63) (69) (20) (22) (64) (40) (14) (35) (48) (82) (9) (52) (46) (5) (39) (33) (55) (59) (16) (56) (78) (27) (65) (29) (34) (19) (80) (60) (72) (67) (83) (3) (36) (84) (38) (37) (17) (2) (98) (50) (51) (1) 
29 (21) (1) (13) (9) (46) (84) (44) (86) (12) (30) (29) (16) (38) (2) (15) (53) (36) (3) (71) (52) (85) (64) (6) (90) (42) (80) (49) (56) (5) (19) (54) (25) (18) (61) (33) (45) (4) (74) (93) (31) (95) (48) (96) (94) (22) (79) (37) (62) (28) (8) (50) (59) (55) (24) (66) (65) (73) 
30 (41) (11) (100) (58) (15) (2) (94) (75) (17) (23) (12) (31) (34) (21) (92) (73) (91) (70) (29) (90) (96) (53) (25) (39) (42) (4) (83) (40) (36) (80) (45) (74) (32) (24) (64) (95) (44) (82) (85) (98) (50) (13) (46) (76) (88) (54) (43) (16) (10) (14) (33) (69) (89) (71) (37) (62) (56) (67) (20) (38) (68) (7) (51) (87) 
31 (54) (38) (79) (66) (3) (60) (5) (69) (19) (92) (88) (40) (78) (4) (31) (89) (82) (32) (42) (1) (16) (76) (7) (53) (52) (30) (23) (14) (29) (57) (55) (63) (49) (17) (59) (12) (11) (45) (10) (87) (61) (2) (84) (96) (20) (97) (64) (46) (100) (48) (70) (36) (35) (80) (62) (75) (18) (77) (71) (27) (86) (83) (24) (22) 
32 (23) (2) (5) (49) (30) (50) (9) (35) (77) (93) (32) (29) (89) (18) (69) (71) (55) (79) (64) (87) (74) (7) (52) (4) (53) (67) (1) (100) (59) (26) (37) (70) (61) (85) (13) (28) (46) (82) (8) (19) (12) (48) (81) (36) (72) (20) (44) (6) (98) (63) (54) 
33 (33) (74) (59) (56) (99) (72) (63) (3) (21) (38) (23) (34) (54) (8) (98) (77) (49) (53) (92) (45) (86) (10) (32) (40) (46) (25) (22) (37) (30) (60) (26) (31) (29) (62) (97) (66) (36) (13) (16) (81) (27) (65) (50) (43) (64) (19) (79) (85) (70) (7) (52) (100) (11) (89) (15) (90) (94) (44) (28) (83) 
34 (90) (88) (66) (21) (28) (75) (36) (29) (1) (8) (51) (25) (42) (73) (72) (99) (4) (94) (96) (22) (18) (100) (39) (7) (48) (52) (2) (13) (26) (80) (9) (91) (45) (55) (98) (12) (95) (19) (46) (24) (60) (81) (43) (16) (93) (15) (59) (31) (87) (97) (37) (74) (92) (70) 
35 (87) (59) (89) (6) (46) (9) (21) (4) (74) (34) (60) (29) (1) (84) (44) (16) (7) (95) (17) (65) (86) (45) (14) (90) (31) (52) (79) (55) (91) (13) (8) (36) (26) (43) (85) (23) (61) (51) (83) (27) (40) (64) (28) (73) (96) (88) (67) (58) (20) (94) (25) (70) (49) (32) (76) 
36 (21) (94) (12) (26) (27) (30) (57) (60) (72) (36) (32) (19) (67) (76) (33) (68) (1) (39) (9) (82) (90) (87) (54) (77) (41) (47) (56) (50) (73) (78) (64) (3) (15) (75) (71) (79) (84) (35) (8) (96) (65) (34) (80) (13) (85) (40) (29) (22) (7) (58) (28) (93) (63) (31) (92) (48) (42) 
37 (19) (83) (79) (31) (40) (5) (77) (11) (86) (78) (89) (1) (68) (76) (7) (33) (67) (29) (98) (85) (42) (20) (70) (57) (10) (41) (93) (12) (37) (50) (52) (13) (23) (80) (47) (92) (65) (72) (59) (45) (21) (18) (91) (32) (49) (25) (44) (90) (75) (6) (99) (27) (62) (69) (74) (88) (73) (82) (63) 
38 (61) (89) (38) (58) (51) (18) (47) (39) (14) (45) (48) (98) (82) (44) (15) (72) (33) (26) (71) (11) (85) (99) (87) (95) (84) (80) (75) (81) (12) (16) (59) (7) (88) (21) (25) (2) (41) (6) (8) (68) (92) (54) (1) (37) (60) (78) (67) (3) (35) (40) (90) (97) (46) (4) (76) (62) (86) (52) (17) (100) (29) (93) (24) (94) 
39 (69) (80) (42) (10) (89) (5) (2) (91) (53) (20) (58) (52) (37) (72) (59) (28) (26) (16) (46) (93) (60) (61) (99) (70) (40) (78) (94) (100) (44) (48) (9) (1) (3) (14) (56) (79) (65) (90) (84) (23) (77) (27) (75) (15) (98) (57) (43) (68) (18) (39) (6) (35) (83) (97) (36) (11) (67) (31) (54) (4) (33) (92) (64) (12) (86) (7) (22) (47) (76) (34) 
40 (37) (35) (34) (9) (21) (5) (12) (60) (71) (49) (77) (16) (70) (100) (86) (53) (89) (94) (7) (1) (50) (4) (97) (15) (6) (46) (10) (80) (47) (42) (76) (33) (96) (64) (13) (26) (63) (17) (95) (78) (93) (84) (19) (87) (45) (40) (62) (85) (44) (25) (98) (99) (65) (41) (91) (2) (51) (66) (68) (20) (31) 
41 (90) (70) (74) (61) (25) (89) (45) (22) (18) (3) (66) (42) (99) (33) (92) (53) (39) (29) (76) (41) (40) (94) (80) (17) (26) (56) (67) (84) (7) (68) (95) (60) (16) (24) (23) (82) (75) (32) (51) (78) (64) (58) (88) (57) (50) (5) (79) (96) (4) (69) (49) (43) (93) (54) (48) (15) (11) (6) (100) (30) 
42 (42) (70) (32) (51) (54) (20) (7) (23) (57) (79) (72) (73) (31) (64) (90) (38) (58) (95) (5) (27) (33) (67) (61) (45) (19) (63) (49) (74) (24) (8) (96) (11) (89) (43) (82) (44) (16) (46) (4) (100) (65) (26) (47) (59) (84) (71) (1) (10) (56) (2) (36) (83) (69) (75) (52) (50) (80) (40) 
43 (56) (27) (98) (78) (43) (90) (79) (71) (31) (48) (89) (52) (53) (46) (30) (2) (16) (60) (99) (29) (68) (1) (88) (67) (47) (11) (72) (45) (21) (58) (74) (44) (77) (17) (82) (62) (76) (57) (75) (36) (5) (55) (42) (83) (84) (13) (14) (51) (64) (96) (24) (85) (7) 
44 (87) (11) (93) (90) (62) (12) (39) (20) (74) (48) (15) (73) (88) (53) (47) (8) (79) (32) (76) (40) (83) (97) (84) (81) (51) (16) (1) (22) (10) (75) (100) (21) (68) (3) (37) (78) (30) (63) (59) (24) (14) (35) (34) (71) (94) (60) (44) (5) (61) (4) (65) (77) (19) (80) (36) 
45 (16) (91) (68) (41) (42) (74) (44) (23) (62) (14) (93) (49) (70) (96) (65) (30) (88) (37) (9) (99) (48) (55) (76) (58) (63) (73) (67) (38) (92) (3) (34) (85) (87) (18) (54) (40) (51) (97) (21) (10) (46) (81) (89) (1) (95) (28) (84) (2) (60) (53) (5) (86) (24) (47) (57) 
46 (21) (51) (60) (73) (95) (18) (65) (19) (37) (77) (84) (25) (71) (97) (67) (92) (49) (59) (80) (50) (36) (66) (26) (93) (20) (58) (23) (32) (16) (43) (54) (86) (83) (12) (61) (1) (44) (81) (87) (6) (82) (89) (69) (34) (99) (42) (15) (17) (22) (38) (79) (88) (29) (56) (91) (85) (7) 
47 (57) (74) (48) (59) (58) (49) (65) (73) (99) (75) (24) (90) (81) (91) (96) (87) (92) (56) (71) (10) (33) (7) (68) (31) (41) (98) (78) (14) (51) (80) (44) (30) (37) (66) (85) (22) (27) (40) (55) (8) (11) (6) (79) (70) (46) (34) (39) (20) (18) (9) (15) (97) (76) (61) (86) (12) 
48 (43) (5) (79) (31) (27) (30) (33) (46) (82) (19) (56) (85) (3) (98) (14) (57) (68) (32) (99) (40) (13) (34) (6) (59) (60) (11) (87) (35) (63) (41) (92) (62) (74) (10) (95) (45) (75) (71) (88) (83) (90) (2) (25) (89) (53) (37) (20) (67) (23) (61) (94) (49) (96) (55) (77) (91) (97) (24) (9) (51) (50) (80) (78) (47) 
49 (24) (20) (36) (60) (78) (95) (27) (98) (80) (16) (47) (50) (48) (56) (52) (92) (6) (74) (84) (69) (26) (91) (72) (2) (28) (38) (35) (45) (3) (63) (53) (41) (8) (13) (49) (93) (10) (55) (29) (42) (99) (12) (34) (14) (57) (23) (4) (83) (85) (31) (90) (94) (73) (40) (61) (89) (97) (30) (46) 
50 (9) (7) (74) (87) (16) (21) (25) (59) (51) (79) (36) (64) (31) (80) (17) (94) (34) (78) (72) (14) (55) (62) (71) (60) (53) (44) (86) (56) (28) (63) (81) (88) (68) (37) (42) (67) (70) (5) (11) (43) (82) (65) (40) (58) (6) (93) (97) (23) (54) (52) (8) (77) (2) (92) (83) 
51 (26) (34) (45) (7) (43) (89) (1) (21) (88) (68) (17) (20) (57) (67) (47) (95) (11) (35) (27) (97) (18) (37) (93) (52) (40) (90) (80) (39) (74) (96) (78) (50) (36) (16) (5) (76) (82) (25) (55) (84) (24) (64) (10) (15) (69) (58) (73) (44) (94) (70) (31) (77) (6) (2) (60) (14) (83) (51) (42) 
52 (4) (19) (35) (97) (54) (89) (59) (79) (100) (94) (74) (9) (24) (39) (78) (11) (99) (68) (48) (18) (56) (98) (58) (49) (37) (88) (66) (69) (61) (46) (26) (77) (50) (12) (38) (92) (73) (55) (36) (52) (23) (13) (67) (28) (70) (71) (63) (93) (40) (81) (75) (51) (43) (53) (41) (95) (29) (20) (27) 
53 (58) (26) (51) (85) (97) (84) (88) (38) (67) (64) (17) (19) (43) (34) (56) (76) (98) (13) (23) (73) (37) (47) (21) (20) (74) (6) (80) (16) (7) (22) (46) (79) (35) (50) (81) (36) (4) (32) (28) (92) (61) (87) (24) (65) (100) (3) (60) (75) (90) (70) (10) (83) (39) (72) (69) (63) (5) 
54 (29) (87) (2) (92) (16) (28) (78) (6) (4) (12) (21) (56) (32) (55) (42) (77) (52) (95) (97) (49) (80) (50) (40) (65) (15) (8) (70) (96) (68) (99) (82) (60) (88) (14) (45) (1) (20) (27) (83) (10) (48) (22) (98) (53) (73) (33) (94) (25) (24) (75) (44) (19) (34) (41) (74) (86) (13) 
55 (76) (20) (85) (100) (93) (35) (18) (75) (62) (55) (43) (30) (46) (52) (23) (84) (41) (26) (70) (97) (73) (78) (37) (58) (74) (34) (13) (11) (47) (91) (98) (81) (12) (60) (5) (89) (53) (14) (10) (48) (40) (19) (88) (86) (61) (54) (95) (28) (82) (77) (9) (99) (92) (59) (16) 
56 (65) (76) (74) (28) (48) (32) (86) (4) (61) (69) (60) (8) (71) (89) (56) (35) (12) (54) (51) (55) (77) (58) (16) (72) (22) (53) (98) (49) (68) (41) (83) (7) (96) (57) (14) (9) (34) (39) (63) (24) (92) (19) (100) (31) (59) (47) (17) (67) (90) (52) (93) (18) (27) 
57 (49) (14) (5) (25) (37) (29) (94) (57) (50) (48) (56) (20) (89) (95) (15) (62) (11) (66) (21) (96) (54) (6) (22) (52) (63) (92) (24) (100) (75) (17) (1) (73) (27) (10) (38) (33) (36) (46) (98) (35) (39) (90) (71) (45) (83) (91) (53) (55) (82) (69) (59) 
58 (21) (93) (10) (11) (41) (17) (35) (63) (97) (48) (55) (82) (1) (22) (36) (38) (7) (4) (2) (20) (79) (40) (74) (92) (94) (80) (28) (6) (69) (95) (73) (62) (90) (29) (53) (56) (32) (91) (100) (54) (50) (98) (85) (65) (83) (13) (75) (9) (44) (12) (58) (34) (47) (68) (49) (8) (96) (72) (78) 
59 (19) (64) (37) (3) (80) (47) (81) (95) (10) (65) (36) (34) (58) (62) (7) (55) (85) (23) (83) (57) (86) (93) (43) (79) (50) (73) (68) (82) (88) (20) (22) (67) (92) (97) (96) (45) (13) (26) (16) (72) (61) (6) (8) (94) (69) (76) (54) (52) (46) (28) (2) (60) (75) (91) (17) (44) (18) (14) (12) (56) 
60 (81) (27) (13) (9) (82) (71) (34) (7) (51) (68) (24) (17) (46) (43) (14) (70) (79) (75) (28) (94) (78) (44) (63) (72) (84) (59) (40) (89) (26) (25) (99) (30) (61) (39) (42) (64) (74) (76) (80) (29) (96) (54) (73) (5) (53) (2) (52) (3) (56) (97) (31) 
61 (68) (10) (36) (28) (3) (5) (48) (7) (42) (52) (98) (84) (82) (18) (19) (21) (70) (14) (95) (85) (63) (59) (72) (37) (78) (30) (66) (89) (41) (23) (4) (73) (61) (20) (79) (13) (81) (31) (49) (15) (2) (33) (74) (69) (93) (35) (16) (22) (77) (57) (80) (47) (8) 
62 (82) (64) (23) (51) (70) (99) (38) (45) (53) (37) (31) (67) (98) (95) (57) (62) (36) (71) (97) (66) (49) (50) (15) (90) (29) (18) (89) (75) (79) (5) (2) (17) (59) (100) (88) (56) (10) (20) (74) (61) (14) (8) (4) (52) (35) (84) (22) (34) (6) (46) (13) (32) (16) (77) (27) (41) (3) (68) (21) (39) (81) (7) (40) (69) 
63 (80) (96) (33) (52) (60) (64) (65) (6) (58) (68) (49) (54) (45) (91) (12) (32) (78) (100) (57) (82) (99) (3) (84) (47) (71) (17) (74) (23) (21) (97) (89) (2) (31) (85) (50) (36) (30) (1) (86) (37) (79) (61) (7) (81) (75) (25) (83) (43) (34) (92) (51) (90) (41) (76) (29) (66) (63) (94) (62) (46) (55) (77) (27) 
64 (60) (73) (22) (3) (88) (99) (36) (85) (83) (76) (32) (4) (54) (86) (35) (52) (13) (44) (12) (75) (45) (79) (17) (14) (98) (63) (71) (81) (91) (15) (19) (53) (97) (51) (89) (33) (8) (31) (38) (72) (26) (65) (9) (43) (78) (23) (46) (58) (34) (95) (64) (69) 
65 (41) (86) (2) (100) (27) (95) (69) (84) (72) (73) (47) (3) (88) (60) (87) (92) (28) (55) (97) (51) (90) (6) (49) (45) (81) (1) (77) (26) (85) (15) (98) (25) (78) (35) (14) (54) (76) (61) (24) (30) (96) (11) (13) (37) (21) (34) (52) (44) (36) (38) (80) (20) (56) (31) (71) (4) (94) (19) (93) (91) 
66 (16) (14) (80) (85) (45) (19) (63) (78) (46) (62) (95) (83) (98) (3) (54) (50) (89) (41) (28) (91) (30) (66) (9) (22) (2) (72) (1) (67) (61) (60) (99) (77) (59) (79) (94) (49) (73) (38) (87) (42) (86) (36) (34) (58) (76) (90) (32) (5) (84) (4) (64) (39) (29) (75) (23) (15) (24) 
67 (52) (5) (39) (86) (7) (79) (94) (78) (18) (54) (35) (75) (32) (53) (95) (10) (98) (45) (37) (12) (22) (50) (74) (16) (27) (25) (62) (70) (72) (99) (46) (13) (93) (85) (55) (1) (38) (47) (83) (2) (48) (34) (26) (82) (49) (96) (59) (90) (17) (8) (15) (9) (63) (6) (84) (77) (43) (67) (51) (19) (81) (97) 
68 (11) (98) (42) (68) (31) (5) (20) (54) (73) (46) (43) (56) (52) (85) (4) (29) (65) (75) (58) (92) (25) (87) (16) (17) (34) (21) (79) (90) (19) (47) (88) (93) (41) (86) (15) (97) (78) (49) (7) (72) (89) (48) (37) (53) (77) (96) (3) (28) (1) (32) (8) (24) (26) (82) (6) (64) (83) (50) (13) (35) (51) (2) (99) (27) (100) (12) 
69 (16) (88) (67) (90) (62) (83) (44) (54) (33) (74) (98) (53) (63) (32) (73) (97) (81) (30) (1) (71) (24) (100) (77) (75) (34) (3) (5) (57) (47) (14) (45) (11) (60) (4) (12) (69) (95) (68) (15) (8) (31) (70) (72) (91) (23) (78) (79) (48) (49) (40) (93) (22) (99) (27) (52) (28) (86) (10) (37) (51) (2) (19) (9) 
70 (42) (85) (19) (2) (23) (39) (61) (58) (26) (6) (71) (55) (69) (99) (51) (1) (37) (50) (54) (22) (59) (78) (67) (52) (34) (11) (5) (73) (49) (27) (44) (36) (33) (76) (81) (57) (47) (64) (62) (96) (63) (65) (89) (21) (84) (53) (75) (30) (93) (35) (66) (9) (31) (92) (72) (82) (90) (74) (91) (13) (45) 
71 (80) (13) (30) (66) (84) (73) (71) (98) (19) (38) (32) (59) (96) (6) (34) (61) (17) (86) (22) (70) (92) (67) (9) (4) (91) (58) (28) (33) (43) (5) (49) (63) (99) (31) (81) (42) (68) (50) (55) (41) (90) (85) (51) (35) (69) (87) (21) (27) (83) (100) (36) (52) (23) (88) (24) (46) (56) 
72 (90) (26) (35) (24) (38) (17) (70) (12) (67) (94) (5) (58) (20) (25) (33) (41) (62) (57) (85) (100) (72) (3) (71) (54) (18) (32) (29) (91) (69) (13) (56) (7) (59) (83) (40) (50) (97) (10) (34) (19) (39) (84) (6) (22) (1) (61) (43) (51) (46) (82) (86) (9) (42) (60) (79) (65) (30) (44) 
73 (73) (35) (1) (58) (21) (78) (18) (46) (53) (40) (83) (26) (59) (86) (3) (81) (62) (8) (56) (11) (60) (84) (38) (50) (20) (47) (69) (7) (57) (95) (80) (91) (96) (54) (49) (36) (23) (71) (90) (67) (68) (15) (92) (41) (87) (6) (24) (13) (88) (97) (12) (25) (43) (19) (74) (100) (10) (28) (44) (4) (45) (75) (32) (27) (31) (14) (61) (65) (89) 
74 (13) (85) (45) (65) (94) (11) (17) (6) (26) (62) (67) (99) (15) (92) (31) (57) (47) (60) (89) (23) (98) (53) (84) (73) (32) (59) (58) (72) (97) (41) (46) (25) (71) (91) (87) (90) (14) (9) (3) (68) (28) (2) (22) (21) (75) (30) (5) (49) (42) (35) (39) (1) (83) (70) (48) (81) (4) (95) (50) (7) (10) (20) (44) (74) (24) (34) 
75 (49) (22) (56) (81) (94) (90) (10) (52) (73) (93) (83) (42) (92) (84) (47) (8) (61) (21) (78) (99) (28) (71) (39) (50) (38) (77) (63) (15) (67) (32) (35) (55) (96) (36) (25) (62) (31) (98) (46) (80) (29) (59) (53) (68) (14) (11) (43) (85) (75) (24) (16) (89) (86) (87) (19) (4) (74) (1) (30) (44) (23) 
76 (96) (25) (7) (56) (95) (65) (47) (24) (39) (78) (91) (85) (38) (46) (13) (54) (75) (44) (32) (97) (57) (31) (10) (34) (3) (19) (69) (59) (21) (35) (81) (61) (86) (76) (62) (49) (79) (4) (58) (87) (15) (80) (6) (66) (88) (84) (41) (45) (90) (63) (72) (68) (2) (50) (60) (55) (43) (93) (9) (17) (71) (12) (18) (92) 
77 (2) (79) (40) (97) (78) (29) (28) (26) (9) (8) (50) (17) (67) (18) (12) (59) (51) (19) (80) (32) (73) (48) (11) (95) (16) (64) (86) (6) (71) (41) (72) (82) (15) (27) (34) (10) (60) (52) (62) (45) (81) (4) (37) (66) (7) (99) (39) (75) (35) 
78 (84) (92) (47) (87) (64) (35) (50) (69) (59) (100) (98) (33) (49) (12) (93) (56) (41) (90) (68) (2) (78) (37) (18) (80) (19) (51) (22) (34) (9) (99) (28) (62) (26) (58) (71) (73) (97) (89) (70) (79) (67) (66) (63) (45) (42) (23) (8) (75) (96) (94) (40) (30) (77) (6) (95) (15) (16) (57) (43) (38) (86) (27) (5) (82) (1) (88) (54) (17) (83) (24) (76) 
79 (43) (84) (49) (16) (55) (32) (54) (18) (74) (35) (14) (50) (46) (73) (6) (85) (38) (77) (71) (9) (27) (78) (67) (69) (10) (53) (20) (79) (66) (60) (34) (95) (86) (93) (97) (56) (62) (99) (28) (7) (48) (30) (72) (37) (59) (21) (41) (25) (52) (89) (39) (19) (13) (33) (11) (1) 
80 (95) (84) (24) (75) (49) (63) (51) (17) (46) (79) (60) (68) (72) (10) (99) (69) (37) (78) (27) (33) (30) (97) (86) (16) (61) (70) (100) (82) (12) (43) (50) (21) (38) (26) (13) (59) (65) (41) (57) (14) (15) (25) (64) (19) (39) (62) (96) (93) (3) (56) (81) (94) (35) (2) (74) (18) (58) (11) (44) 
81 (43) (57) (92) (9) (73) (19) (74) (25) (56) (55) (18) (20) (38) (11) (41) (24) (40) (93) (28) (79) (42) (30) (99) (14) (1) (54) (44) (85) (76) (4) (32) (49) (37) (17) (39) (51) (31) (72) (98) (67) (22) (95) (26) (33) (94) (48) (90) (34) (65) (96) (29) (66) (12) (52) (100) (27) (63) (6) (8) (97) 
82 (69) (42) (44) (14) (72) (38) (63) (86) (9) (96) (31) (25) (98) (45) (94) (80) (36) (56) (20) (1) (47) (62) (18) (83) (30) (92) (79) (46) (66) (81) (85) (39) (88) (6) (58) (59) (74) (67) (61) (40) (52) (35) (89) (68) (16) (12) (55) (87) (82) (76) (51) (7) (32) (22) (21) (8) (3) 
83 (5) (65) (50) (23) (74) (53) (40) (18) (48) (87) (85) (1) (70) (16) (14) (8) (78) (59) (88) (93) (28) (90) (22) (52) (57) (71) (80) (69) (2) (77) (9) (84) (82) (10) (30) (81) (44) (36) (34) (58) (35) (49) (17) (100) (41) (96) (61) (3) (76) (97) (6) (89) (91) (43) (20) (7) (86) (15) (83) (27) (62) (25) (64) (12) (75) (37) (92) 
84 (32) (26) (16) (2) (82) (24) (44) (57) (36) (21) (71) (67) (27) (87) (48) (56) (29) (10) (70) (75) (14) (77) (31) (80) (62) (96) (43) (49) (78) (41) (92) (46) (33) (7) (38) (99) (93) (79) (55) (11) (76) (39) (42) (65) (25) (61) 
85 (80) (66) (32) (65) (72) (39) (91) (42) (5) (50) (11) (93) (25) (4) (22) (76) (92) (37) (44) (41) (51) (59) (94) (40) (99) (29) (73) (70) (97) (63) (68) (69) (98) (77) (83) (43) (64) (38) (17) (78) (34) (16) (13) (52) (2) (74) (84) (9) (62) (21) (8) (48) (14) (60) (95) (33) (49) (35) (81) (3) 
86 (98) (14) (30) (13) (87) (66) (11) (35) (85) (46) (27) (21) (45) (4) (56) (95) (19) (23) (65) (39) (18) (74) (10) (83) (97) (76) (94) (67) (8) (64) (3) (53) (86) (25) (41) (79) (9) (47) (89) (1) (44) (59) (49) (6) (93) (20) (84) (68) (61) (60) (54) (73) (72) (91) (100) (36) (48) (52) (90) 
87 (34) (30) (63) (78) (94) (48) (11) (37) (22) (41) (25) (46) (39) (53) (10) (83) (15) (26) (57) (77) (20) (4) (86) (43) (66) (91) (44) (21) (36) (9) (96) (93) (2) (95) (17) (65) (23) (100) (80) (82) (32) (35) (89) (28) (85) (31) (59) (99) (14) (61) (18) (8) (1) (81) (69) (49) (54) (5) (42) (47) (38) 
88 (56) (1) (67) (29) (61) (68) (14) (86) (58) (26) (30) (6) (47) (69) (42) (77) (13) (4) (53) (40) (46) (27) (17) (7) (16) (92) (89) (10) (11) (49) (38) (95) (59) (96) (100) (44) (43) (73) (55) (41) (18) (25) (24) (81) (62) (65) (33) (32) (9) (3) (28) (75) (66) (72) (51) (19) (15) (39) (5) (83) (82) (52) (21) (71) (74) (90) (12) 
89 (61) (59) (99) (50) (81) (74) (63) (28) (13) (91) (65) (52) (1) (66) (89) (96) (43) (51) (93) (4) (3) (98) (26) (40) (60) (11) (47) (27) (100) (57) (77) (67) (25) (82) (8) (16) (18) (64) (53) (95) (56) (46) (10) (7) (75) (70) (32) (78) (19) (22) (80) (90) (71) (73) (9) (68) (48) (15) (41) (21) (49) (35) (14) (84) 
90 (51) (82) (57) (2) (46) (87) (38) (27) (66) (19) (9) (94) (93) (65) (8) (76) (25) (71) (18) (83) (70) (52) (72) (12) (17) (63) (81) (5) (21) (42) (26) (96) (24) (13) (92) (89) (68) (48) (30) (23) (14) (69) (86) (47) (100) (99) (54) (67) (60) (84) (3) (31) (15) (7) (78) (40) (45) (80) (85) (56) 
91 (6) (31) (24) (79) (53) (59) (13) (14) (45) (66) (61) (20) (30) (55) (93) (94) (69) (78) (95) (26) (54) (73) (50) (86) (90) (35) (42) (91) (62) (8) (22) (87) (71) (47) (1) (57) (88) (9) (92) (52) (83) (39) (34) (2) (41) (28) (49) (25) (46) (74) (7) (89) 
92 (23) (74) (29) (66) (58) (1) (70) (5) (48) (100) (97) (39) (84) (7) (36) (21) (73) (98) (92) (78) (28) (54) (60) (22) (45) (75) (91) (63) (51) (13) (83) (30) (26) (14) (96) (86) (46) (67) (56) (88) (50) (11) (37) (18) (41) (35) (95) (16) (90) (81) (31) (79) (19) (69) (61) (44) 
93 (84) (95) (30) (82) (4) (91) (18) (56) (48) (60) (93) (50) (39) (90) (85) (25) (83) (86) (45) (23) (98) (67) (44) (76) (34) (33) (78) (21) (81) (17) (79) (73) (41) (54) (37) (80) (99) (97) (1) (65) (92) (9) (94) (64) (70) (75) (22) (38) (63) (96) (6) (74) (5) (35) (61) (24) (43) (69) (7) (42) (71) (11) 
94 (42) (21) (5) (60) (86) (36) (43) (96) (95) (28) (34) (22) (61) (88) (25) (11) (14) (90) (32) (67) (92) (16) (4) (74) (19) (59) (97) (57) (13) (49) (26) (64) (10) (3) (37) (24) (39) (35) (55) (79) (71) (76) (81) (91) (51) (7) (2) (70) (100) (18) (58) (33) (52) (62) (9) (23) 
95 (44) (1) (80) (93) (91) (54) (5) (11) (32) (3) (79) (46) (31) (89) (56) (50) (29) (85) (64) (73) (12) (41) (36) (10) (34) (77) (57) (61) (49) (51) (71) (90) (15) (21) (24) (99) (8) (42) (100) (74) (7) (22) (86) (30) (45) (76) (47) (66) (63) (75) (18) (81) (96) (69) (95) (37) 
96 (70) (77) (58) (97) (67) (17) (85) (12) (68) (11) (33) (60) (25) (78) (89) (44) (39) (74) (65) (87) (6) (10) (64) (3) (82) (57) (71) (23) (59) (24) (94) (88) (76) (38) (32) (20) (8) (63) (84) (69) (30) (36) (80) (15) (16) (99) (61) (83) (21) (42) (18) (27) (53) (4) (34) (13) (31) (14) (26) (79) (91) (19) 
97 (34) (68) (73) (59) (100) (76) (82) (63) (58) (24) (91) (31) (38) (50) (94) (60) (33) (12) (70) (10) (22) (18) (62) (26) (20) (71) (95) (9) (99) (72) (3) (67) (84) (43) (49) (74) (66) (47) (75) (25) (77) (78) (28) (89) (2) (37) (97) (42) (86) (56) (41) (11) (5) (8) (55) (45) (17) (81) (88) (27) (15) (52) 
98 (61) (31) (41) (25) (92) (24) (83) (42) (73) (91) (45) (78) (97) (26) (65) (22) (93) (55) (58) (90) (16) (51) (11) (9) (34) (3) (72) (52) (35) (76) (85) (37) (20) (67) (33) (13) (70) (43) (44) (36) (77) (2) (56) (30) (5) (54) (68) (49) (1) (89) (64) (7) (57) (84) (59) (98) (46) (15) (47) (80) 
99 (90) (55) (24) (72) (52) (27) (25) (84) (37) (77) (70) (22) (59) (17) (42) (1) (9) (32) (68) (67) (38) (79) (46) (29) (7) (50) (15) (74) (87) (19) (53) (56) (23) (41) (86) (69) (28) (94) (54) (44) (65) (85) (3) (8) (60) (34) (13) (96) (92) (76) (100) (5) (57) (31) (66) (14) (35) (26) (81) (75) (64) (4) (33) (2) (10) (40) (6) (51) (49) (71) 
100 (47) (62) (34) (21) (8) (25) (95) (81) (83) (76) (80) (64) (16) (88) (100) (30) (74) (13) (77) (89) (11) (43) (32) (1) (29) (96) (86) (90) (54) (52) (63) (49) (28) (50) (3) (48) (69) (87) (72) (51) (99) (14) (82) (31) (56) (67) (75) (4) (92) (97) (22) (61) (45) (12) (24) (46) (26) (23) (58) (68) (73) (7) (27) (10) (17) (33) 
