0
100
100
1 (87 89 54 55) (80 5 77) (18 11) (90) (46) (71 44) (53) (41) (60 97 50) (16) (73 6) (32 40) (79 59 72) (25) (62) (27 4) (61) (17 7) 
2 (29 13 40) (57) (39 89 16) (68) (27 61) (96) (65 53 21) (60) (69) (22 90) (66) (100 24 86) (28) (64) (52 91 76) (71) (70) (34) (56) (35) 
3 (94) (60) (73 69 92 52 27) (76 46 72) (55) (44) (67 57) (48 31 75 11) (91 12) (19) (50 87) (15 98 5 79 39) (47 14 97 63) (93 22) (7) (74 78 54) 
4 (41 13 52 91) (24) (54 36 31 29) (83) (16) (2 49 45) (40 11 98) (26) (62) (64 81 73 5 77) (93 21 14) (47) (63 59 50) (17) (18 38 42) (85 79 35) 
5 (27) (62) (19 51 57) (10 18) (74) (48 69) (26) (71) (92) (85 31) (72 42) (56) (34 30) (28 55) (7) (60) (94 83 87 59 100 79 2) (73 89 82) (76) 
6 (66) (69) (85) (31) (1) (26) (95) (37 36) (33) (87) (23) (47 46 32 16) (4) (12 76) (57 21 63 18 6) (98 48 56) (42) (3) 
7 (43) (17 83 64 65) (27 77 76 56 31 26) (20) (99 11) (25) (2 10 75 21 88 67) (4 29) (81 33) (6) (47 48 78) (69 24) (14) (38) (40) (7) (60) (49) (34) (42) (44 79 22) (30) 
8 (70 38 59 77 98 16) (74) (57) (93 22) (14) (19) (69 33 47) (27) (17) (94) (86) (82 15) (78 60) (64 75) (49 85) (2) (11) (29 45) (3 54) (46) (83) (20) (35) (55) (44 1) (34) (76) 
9 (16) (41) (66) (88) (2 89) (39) (25 10 77) (64) (48 92 18) (20) (44 63) (56 14 96) (58 1) (75 29 30 84) (4) (33 40 79) (70) (78) (36 15 72 3 31) (50) (68 8 65) (27) 
10 (98) (17) (54) (42 3) (68 85) (22) (16) (30 71) (92) (67) (64) (96 7) (37 69) (52) (62 5) (24 25) (18 15) (11) (59) (12 1) (45) (66 60) (34) (72) (36 29 46) (32) (80 90) (91 78) 
11 (36) (97 64 51) (37) (38) (16) (55 5) (95) (81 24 34) (31) (47) (87 68 4 22) (56) (20) (57 32 46 14) (28 1 96) (82) (54) (78 85) (15) (40 86) (60 30 88 73) 
12 (24 59) (43) (37 39) (95) (71 7 49 44) (36) (54) (51) (55) (8) (46 60 6 30 23 15) (32 99) (67 10 87) (38) (48 86 73) (79) (42) (20 74) (18) 
13 (13 51) (46) (10 90) (25) (67) (81) (69) (57) (92 29 49) (56 23) (71 85) (70 33 32) (72) (84) (89) (43 42 38) (40) (63) (30) (55 88) (73 20 15) (98 80) (12 62) (37 94) (27) 
14 (91) (81 71 47) (40 38) (35) (44 100) (73 74) (26 96) (70) (21 72 83) (14) (67) (25 89 32) (52 11) (55) (56 8) (95) (10) (64 42) (75) (85 46) (65) (87 66 58) 
15 (3) (49 55 21 28) (79 44) (2 96 91) (38 11) (66 27 75 74 73 51) (39 41) (50 95) (1 62) (80) (17 72) (100 40) (65 81 69) (92 46) (24) (56 68 88) (7) (52) (25) (12) 
16 (77 72) (97 11 55 30 28 61) (40 52 45) (83) (47 68 98 84) (50 87) (59) (15 2) (33 49 89 27) (12) (14) (91 31 42) (94 1) (81) (32) (20 9 36) (43 79) 
17 (60 42) (46 24) (21 68 31) (56 95) (58) (90) (53) (76 11) (6) (12) (77) (26 7 1 45 83 71) (2) (30) (69 96) (14 51 3 34 28) (50 36 5) (32) (13 92) (41) 
18 (27) (60 50) (8) (41) (96 9 94) (23 40) (47) (46 63) (16 48) (70) (97 59) (99 56 76) (31) (62 73) (72) (5 95) (45 20 28) (3) (42 68 92) (93 80) 
19 (61 64) (85) (55 54 23 51) (45) (70 9) (63 94) (93 30) (38 17 91 18) (71 81 50) (44 39) (68 65 48 66) (2 98) (83) (96 82) (26 76) (74 35) 
20 (76 58) (72 98) (9) (100 32) (84) (86 41) (69) (36 53 56) (33 82) (48) (67 70) (19 11) (45 55) (15 14) (63 12 65 74) (91 49) (25 8) (85 54 46 37 7) (57 81) (35) (64) 
21 (16 57) (93 35 51 4 89) (46) (78 69 52) (54 33 74) (24 48) (45) (11 3) (84) (12) (41) (5 17) (94) (75) (86) (77 73) (30) (50 98) (100) (43) (83) (79 20) 
22 (94) (10 28) (50 72) (27 70) (48 18) (37) (39 6) (5) (47) (79) (91 82 84) (95) (59) (88 60) (30 25 63 75) (87) (71 56 41 40 13 80 85) (34 31) (74) (1 99) (89 64 76) 
23 (54 89) (73 42) (52 3 5 96) (80 27) (35) (86) (84 6) (4 98 100 9) (58) (93) (10) (77) (15) (71) (79) (28) (21 65 67 56) (24 7) (2 23) (14) (26) (22 40 92 74) 
24 (12 100) (86) (11 64) (31) (39) (7 2) (75 90) (52) (82 45 17 62 36 97 91) (94 35) (72) (74) (38 61) (43 46) (14 88) (56) (15) (37) (84) (41) (24) (30) (21) (9 50 68 66) (16 33) (22) (51 69) (28 4 83) 
25 (31 85 61) (5) (16) (26 45 33) (78) (60 95 22 4 56 53) (97) (80) (94) (27 7) (87 58 24 82 8 12 86 100 96) (62 30) (93) (48 11) (72) 
26 (37) (2 95) (28 36) (21 5) (43) (34 79 81 33) (77 10 3 18) (46 83) (93 13 12 26 87) (9) (47) (6 68) (49 85) (52) (15 65 99 51 96) (74 59) (58) 
27 (40) (79) (58) (14) (23) (20) (96) (92 36) (16) (45 46) (32 98) (66 25) (8) (88 85) (31 62) (13 39) (21 2 57 93 28) (42) (95 97) (84 89 26 10) (77) (82) (61 44 99) 
28 (63) (96) (62) (38 48 76) (80 53 57) (55) (31 40 89 14) (93 39 29) (12 43 85 88) (94) (11) (49 23 75) (74) (64) (91) (98 41) (68 10 51 81 45 13 8 26 83) 
29 (33) (45) (84) (42) (36 8 86 18 39) (2) (60 28) (23 70) (37 94) (61 92 31) (53 90 51) (32 88 40) (43 67 49) (69 99) (80 82) (100) (34 85 15) (96 76) (5) (81) (48 77) (12 91) 
30 (79) (20) (62 91 16) (99) (61) (38) (11) (35) (50 32 28 23) (75 40 46 48 43 19 45) (5) (90) (70) (85) (13) (36 14) (6 49 59) (68) (56) (83) (42) (41 52 30) (34 53) (26 24) (57) 
31 (57) (80 84) (87 65) (53) (20 1) (99 22 25 67) (14) (34 70 90 74 43 94 97) (68) (2) (4 71) (17) (51 44) (32 64 11) (28 9) (93 10 66 98 60) (79) (52 78 42) (15 3) 
32 (95) (30 2) (82) (10) (86) (47 22 63) (24 26 19) (62) (15) (41) (17) (57 32 51 46) (92 61 100 87) (21 11) (13) (6 3 85) (44) (5) (94 16) (70) (69 90) 
33 (85) (75 28) (1 77 37 61) (27) (39 3 96 38 91) (76 43 50 71) (83) (82) (87) (12 41 94 29) (19 52) (4) (20) (55) (21) (46) (54 31) (42 84 32 5) (81) (95) (36 24) (60 26 58) (45) 
34 (72) (74) (5) (86 43 29) (46 52 62 83 32) (9 28) (35) (97) (12 13 59 19 3) (38 100) (41) (66) (76) (36 26) (70 50) (94 64 81 15 82 79 71 60) 
35 (36) (39 15 14) (86 56) (29 55) (25 93 79) (91) (2 78) (37 8) (52) (100) (61 98) (81) (30 95 66 72) (5) (28 38 16 21) (62) (99) (85) (69) (65) (87 49) (89) 
36 (99) (6) (43) (56) (49) (85) (61 22) (78) (31 38 90 74 41) (33) (64 51 59) (9) (26 16 55 53 94 24) (45 36) (54 66) (10 91 23) (71 80) (3) (76) 
37 (99) (20 62 27 64 19) (79) (80) (59 43 32 73) (60) (53 22) (93 4) (26 3) (75 39 1) (33 49 5) (69 28) (41 68 71) (77 83) (23 51) (88 52 29 97 57) (70) (35 16 48) 
38 (49 12 40 66) (33 26) (51 92) (71 70 34 96) (81) (27 15 5 39 45) (14 41) (86 65) (77 76 95) (8 73 100) (97) (82 79) (50) (7) (84) 
39 (81 26) (31) (29) (28 84 96 7) (33) (90 48) (77 10) (87) (64 18) (44 16) (70 95) (32) (42 3) (1) (47 35 15) (41) (60 86) (55 82 99 11 23) (100) (97) 
40 (19 11) (8) (39 51 47 30 93 85) (37) (56 6 46 66) (10) (73 96 100 60) (76) (88) (50) (58) (53) (44 82) (98) (74 55) (2 52) (22) (16 35) (42 32 24 21 12) (67) (70) (69 18) (43) 
41 (34) (54 5) (71 60) (97) (66 30 7 15) (95 22 28 20 41 68 88) (76 6) (38 8 47) (4 50 81) (73 36) (57) (92) (64) (98) (26) (62) (23 82 75) (27) (59) (55) (85 91) (32 35) (83) (46) 
42 (28 51) (13) (83 9) (63) (48) (68 55) (81) (45 46) (65 88 27 89) (16) (30) (14) (96) (58) (75) (97 91 90) (33) (79) (59 10 26) (5 57 6) (66) (7 54) (94) (85 52) (95) 
43 (42) (12 21) (43 86 65) (96) (40 97) (39) (58 37) (46) (4) (19 94 64) (52) (79) (59 45) (85) (51) (41) (8 13) (55 80) (99 91 23 89 69 14) (47) (100) 
44 (59) (95) (35) (97 52) (100) (86) (74) (39 47) (31) (1 26 76) (12) (71) (88) (73 56 2 92) (6) (28 7 61) (4) (29 78) (19 32 13) (48) (15 60 55) (64) (69) 
45 (20 71) (21 55 63) (80 83) (87 73) (35) (2) (51 67) (98) (61) (18) (82 59 1 19) (74 47) (15) (84) (79 3) (40) (10) (29) (22) (91) (30) (72) (53) (92) (90) (32) (76 25) 
46 (29 74) (43) (90 33 96) (65 89) (61) (31) (53 82) (8) (10) (81 68) (52) (64) (58) (60) (99 21 80 98 9) (93) (12) (4) (86) (83 47 77) (56 19) (49) (14) (23 5) (85 76) (7 6) (91 26) (17 45 15 25) 
47 (28 24 11 84 1) (40 19) (27 45 4) (92) (12 37 80 6) (60 73) (34 17) (23 94 30) (44) (90) (33) (56) (48 65) (95 72 43) (3) (15 76) (25 82) (96 32 91 13 52) (71 85 59 67) (41 86 16) (10 68) (54 31 29) (74 49 55) 
48 (97 22 72 7) (39) (95) (88) (73 34 85 16) (4 48 61) (71 45) (69) (31) (52 80) (70) (21 64) (33 89 29) (15 28 58 62) (30) (1 46) 
49 (50) (69) (4) (32) (70) (82 41) (81 26 76 62) (49) (2) (43 13) (79) (99) (15) (87 80 75 16 91) (1 33) (92 34 14 48 23 83 45) (27) (73) (93) (96 53) (17 72 8) (12) (95 97) 
50 (80) (69) (31 83) (44 92) (94) (79 71 5 45) (35 13 16 66) (42) (60) (12 34) (84 65) (64 59) (57) (33 2 89 10 46 85 25) (18 1 8) (58 52 67) (100) 
51 (53) (60 75 62 8) (6 80) (71) (87) (7) (83) (45 67) (39 5 25) (63 64) (40 17) (73 76 19 15) (79 61 72) (74 27) (54) (92 65 58 33) (50) (35) (2 85) (12) 
52 (53) (89 43) (7) (38 5 68 37 12 41 64) (92) (13) (48) (29 96 4) (82 33) (35) (44) (31) (63) (60) (45) (59 88 27 69) (78) (9 94 52 39 70) (58 76 11) (81 72) (49) (32 34) 
53 (92 36 5 99 96) (60) (97 15) (58) (37) (85) (67 73 19) (30 61) (13) (77) (34) (56) (8) (51) (27 84 12) (1 65) (63) (55) (43 14 16 75 6 44) (78) (20) (69 53) (93) 
54 (32 12) (48) (67 64) (53) (37 62) (3) (78) (26 24) (76 98) (29) (16) (21 40 54) (36 43) (45 56 92) (86 20 85 17 59 88) (31) (97) (22) (7 5 2 14) (71) (60 1 94) 
55 (37) (46 20 48) (64) (80 78 18) (77 73) (83) (85 87) (12) (55 5) (13 11) (60) (40 22 91 24 54 25) (97) (95) (62 71) (100) (27) (1) (66) (86 75) (35) (81) (79) (52) (57) (93 23 41 21) (51 4) 
56 (95) (91) (43) (36 30 85) (77) (87 89) (20) (66 40 39 48 21 38 18) (1) (35) (54) (59 16) (14 82 46) (72) (84) (99 12) (29 34 32 86) (10 75 23) 
57 (39) (98 43) (38 65 6) (10) (40 59 81) (100 35 50) (75 13) (12) (62) (22 25 69) (82 28 18) (53) (30) (48) (14) (93) (90) (87) (89 78 20 24) (47) (57) (37) (56) (1 70 72) 
58 (25) (82 79 24 60 99 100 34 59 87) (46) (2 62) (95) (52 89 16 67) (76 41) (81) (91 92) (63) (72) (33) (73) (10 37) (27) (1) (35 21 44 7 83 11 43 84 58 65 53) (12) (30) (38) 
59 (33 75 12) (25 28) (65 37 59 1 39) (30 43 35 74) (26) (9) (16 13) (55 49) (38) (19 79) (77) (94 91 89) (78 27 71 34 42) 
60 (34) (88 74) (55 96) (41 100) (39 5 6) (78) (83) (22 89 63 46 45) (97 10) (23) (56) (17 14 47) (30) (21) (65) (72 28) (91) (36 92) (1 19) (93) (54 2 86 9) (70) (66) (49) 
61 (21 90 79) (26) (19 85) (60) (3 46) (75) (10) (67) (61 25 27 35) (86) (17) (70) (1 8 24 47) (91 34) (57 51) (59) (99 18) (9 29) (23 45) (69) (95) (68 84) 
62 (97 68) (88 35) (40 82) (26) (72) (55) (12) (21 29 16) (48 84 61 60 89) (9) (53 19 50) (42) (65) (80 18 77 23 11) (17 54) (45 41) 
63 (54 56) (13 41) (99) (18 40 88 73 6 52) (80) (4) (98) (44) (47 14 68 63) (87 21) (16) (50 94 10 2 8) (100 75) (79 17 11) (71 72 29) (76) (66 27) (58 31 82 5) (30 74) 
64 (19 69 18) (15) (32 82) (56 44) (68) (10 59) (54) (60 76 67) (52) (43 63) (11 81 100) (7) (3 35) (97 24 37) (85) (9 91 21 89) (84) (40 39 51 28) (36) (6 80 12 55) 
65 (77 81 70 67) (33 31 51 6 10) (91) (73 46) (39 62) (45) (5 22 69) (56 55 96 30) (38 20) (17 100 80) (53) (1) (97) (58) (37 76) (74 2) (83) (59 89 93 3) (64) (25) (34 79 82 63) (95) 
66 (95) (48) (69 24) (63) (40 17 99 49) (13) (55 100 85 31) (90 19 4 79) (75) (26) (80) (45 15) (74) (1) (33 56) (91 23 18) (62) (10) (47 29) (57 43 32 25) 
67 (65 82) (68) (13 34 7) (99) (18 54 100) (59) (38) (66 10) (29 79 76) (77 14) (93) (23 72) (69) (43 33) (61) (30 36) 
68 (68 99) (97 24 47 23) (50) (100 19 61 4) (69 42) (54) (26 8 83 88 32) (93 64 78) (76 84) (98 91 21) (9) (58 92) (74 35) (56 81 62 57 10 5) (96 38) 
69 (73) (52 92 98) (86) (71 75) (37 27) (72) (74 80) (39) (3) (16) (84) (18) (15) (99 94) (67 32) (19 12) (34 96) (79 87 8) (43) (45) (58) (10 62 9 21 17) (64 89) 
70 (58 98 6 80) (16 43 1 26 38 67) (8) (41) (63) (40 18) (48 12) (3) (45 79 25 91 55) (22) (50) (95 47 13) (100) (32 60 75 88) (66) (73) (92) (49) (87) (39) 
71 (97) (91) (43) (64 4 95 34) (15) (82) (67 46 77 87 12 47) (62) (37) (65 30) (31) (23 45 80 76 39 60) (42) (40) (68 81 79 61) (3) (13) (78) (24) (73 17 18) 
72 (82) (18) (92) (93 45 41 22) (98 3 94) (28) (81 86) (20 46 11) (8) (58) (100 35) (56 39 84) (33) (61 17) (85) (57) (29) (47) (48 5 55) (44) (2 54 9 80) (67 95) (71) 
73 (34) (66 5) (48 55) (95) (53) (28) (39 24) (32 93 75) (74) (90 94 11) (30) (40) (13 96) (84) (26 62) (43) (15 9) (65 19) (81) (27 77) (2 71) (23) (64 3 59) (80) (33 87) (12) 
74 (89) (50 40 20) (73) (46) (68 93) (53) (38 79 33) (27 84) (12 62 36 34 18) (95) (60) (4 87 97) (75 67 86) (45) (16 71) (52 100 15 14 7 5) (88 21 49 28) (70 22 65) 
75 (61 38) (47) (42 78) (28) (4 100) (3 71) (51 44) (72) (87 19) (69) (66) (75 1 9 56 92 10) (90 2) (97) (95 62 50 31 91) (82) (14 96) (63 98 21 23) (68 46 40) (64) (88) 
76 (54) (36) (1) (23) (26 90) (63 59 86 75) (55) (79 67) (60) (24) (22) (17 97 5) (74) (4) (34 89) (50) (41 16 70) (68) (87) (33 43 14) (20 91 69 80) (35 52) (84) (45) (49 81) (62) (11 10) 
77 (1 28) (76 56) (17 6 42 77) (50 75 70) (31 21) (61) (46 8) (54 52 30) (32 22 98) (39 88) (11) (13) (72 24) (53 74) (82) 
78 (35) (42 18) (60 11) (93 25 12) (16) (56) (78 21 62) (88 45) (68 39) (48) (61 19) (33 51 44 38 41 86 80) (75 47) (85 71 43 26 66) 
79 (35 52) (98) (14 24 96 47 28 80) (71 64 61) (38) (26 86) (63 60) (3) (50) (15) (48) (90) (42) (34) (83) (93 74) (30) (21) (7 20) (85 10 82) (32 1) (25) (13 9 22) (6) (87 89) (70) (40 68) 
80 (91 42) (26) (15) (67 12) (53) (34 22) (46 98) (72) (35 5 2 9) (57 64) (73 30) (60) (44) (1) (27 95 89 59) (38) (7 61) (3 81) (83 11) (48) (63) (13 70 79) 
81 (29) (40) (2) (5) (38) (95 80 55 92 11 4) (65) (73) (96 67 53 83) (90 61 49) (1) (35 48) (7) (21 81 78 82) (63) (18) (99 91) (43 27) (31 72) (15 52 56) (84) (34) (93) 
82 (79) (82 3) (18 61 56) (38) (2 68 69) (64 94 4 39 1 21) (59 77 67) (88) (15) (49) (95) (26 85) (87 33 36) (72 20) (81 65) (76 47 8) (66 63 25 32) (50 62) (16 84 53) 
83 (15 65) (87) (47) (25 58 93) (16) (49 33 53) (36 80) (88 62 23) (35 91 31) (98) (56 46) (54 66) (14) (59 57 44 10) (30) (81 37 73 7) (32) 
84 (54 69 41 20 43 10) (44) (26) (82) (37 16 45 93 89 40) (23) (31 9) (12) (33) (38) (96) (81) (5) (48 7 86 100 57) (34) (85 99 8 53 91 95) (19 21) (29) (97) (56 88 61) (80 98 47) (83) (60) 
85 (17) (27 86 29) (73) (7) (81 44 92) (3 65 13 38 84 74) (1 18) (98) (90) (22 79 48 91 6) (99 54) (4 39 26) (45 71) (28) (57 61 20) (76) (68 51 25) (77 67) (47 62 5) (94 95) (33 75 8 88) 
86 (53 8) (90) (33 65 56) (88 71) (50) (69) (28) (72) (24) (17) (77 10) (23 62) (13 97) (12 93 100) (80) (92 48) (15 6) (5) (30) (86 35) (11) (51 79) (19 9) 
87 (55 54 61) (25 59) (65) (4 17 95 21 67) (81) (73) (39) (90) (48) (64) (96 1) (66 91 38) (33 6) (8) (31 11 16 40 83) (3) (47) 
88 (72 39) (100 73) (49) (64) (26) (3 88 83) (74 58 54 70 62 71 4) (93) (14) (42) (77) (1 60) (98) (90) (97) (94) (82 8 22) (65 5 57 40 9) (67 37) (89) (48) (79) (56) (52) (32 66 17) (43 38) (68) 
89 (11 45 51 46) (86) (77 85) (48 28 42 12) (98) (90 1) (34 16 52 25 67) (75) (81) (78) (35) (80 24) (30) (20 74) (39) (88 83) (10) (8) (29) (70) (44 97) (96 55) 
90 (66 56 24) (92) (26) (22) (23 75 37) (14 97 35) (11 5 57 65 100 47 45 49) (82 60) (21) (79 2 83 68) (32 69 6) (52 99) (78 89) (3 38) (39 58) (53 16) (15 72) (91) (13) 
91 (46 35 84) (58) (9 8 3) (93) (42) (38 59 24 36) (87) (60) (69 18) (11 95 34) (82 28 85) (21) (26) (89 81 91) (96 48) (100) (43) (41 5 10) (40) (72) (65 99 68) (92) 
92 (18 24) (2) (55) (99 75 50 23) (58) (16) (5) (38 90 34) (77) (41) (87) (72 54 46) (4) (44 37) (98) (43) (17 13) (89 7 88) (64 20 57) (48 85) (66 80) (36 29) (83) (14 81 35) (76 26) 
93 (99 19) (2) (70) (59) (13) (16 95) (66 90) (15) (20 22) (89 97 43) (54) (82) (18) (87) (26) (52) (81 64 35) (69) (1) (28) (63) (88 78) (77) (67) (80 8) (85 10 37 65 47 49 17 93 34 21 100 36) 
94 (46 62 29) (91) (13 44) (53) (64) (2) (98) (21) (4 67) (99 34 1 18) (43) (65 75) (77) (7) (15 61 12 49 33) (69) (56 70) (42 28 19 94) (52) (50 32) (51) (25 57 59) (81 41) 
95 (49) (83) (82 9) (77 30 21 57 64 68 65 61 16 54 97) (79 60 24 95) (70) (26 19) (72 71) (7) (85 87 2 80) (20) (66) (18 92 37 1) (76 58 86 99 36) (22) (35 42) (4 94 55) 
96 (26 30) (79 41 64 74) (49 97 75) (73 16 29) (67 47 8) (81 1 28 40) (2) (100) (66 24) (45 9) (15 42) (46) (23 71 50) (60) (63 6 82) (96 44) (68 4) (87) (17) (5) (37) (86) (48) (99 11 3 12) 
97 (8 66) (30) (37 90) (26 22 93 21 7 33) (71) (11 31 53) (6 34 52) (49) (40 47) (46 4) (69) (9) (84) (43 27) (13) (94) (64) (68) 
98 (18 14) (54 84) (8) (40 79) (80 99) (89) (73 23) (41) (2 24 7) (96) (50) (85 82) (38 60 26) (49) (17) (11 57 21 16) (31 6 32 58) (29 72 43 87) 
99 (74 32 21) (56) (9) (49) (36) (71) (43 8) (93) (92 39) (95 79) (40 61) (62 2 54 50) (59) (26 16) (30 96 88 60) (66 73) (64 46 91 72 58) 
100 (15 69) (91) (29) (35 74) (76) (90 7) (84) (93) (12 54) (30 96 82 55) (41) (98) (25 32 33 10) (97) (34 8) (60) (24) (59) (99 95 66) (94) (68 73) (85) 
1 (93) (17) (81) (65) (80) (47) (95) (44) (50) (70) (85) (75) (60) (55) (96) (31) (33) (66) (77) (82) (59) (61 79 39 48) (54) (49 58 45 88) (15 10 87 8) (56 94 9 37) (11) (89) (53 16) (22) (6) (57 76) 
2 (24) (51) (60) (54) (73) (7) (32) (8) (50) (9) (90) (82) (75) (65) (31) (63) (45) (23) (99) (80) (93) (35) (26) (49) (5) (4) (40) (96) (27) (81) (92) (98 15) (44) (95) (94 29) (58 17 72) (16 19) 
3 (85) (80) (79) (61) (54) (70) (88) (65) (96) (87) (26) (91) (36) (69) (90) (73) (72) (75) (45) (23) (34) (71) (47) (31) (17) (18) (39) (15) (37) (21) (9) (32) (33) (64) (82) (10) (8) (6) 
4 (88) (66) (31) (21) (11) (63) (33) (85) (49) (55) (75) (94) (25) (7) (81) (48) (43) (96) (82) (92) (52) (6) (24) (68) (41) (87) (74) (97) (95) (1) (23) (44) (76) (37) (71) (9) (47) (46) 
5 (30) (33) (3) (46) (72) (38) (11) (21) (63) (73) (86) (55) (81) (18) (51) (91) (23) (96) (10) (37) (34) (50) (80) (35) (90) (41) (32) (1) (52) (84) (60) (54) (74) (85) (25) (26) (29) (17 4 92 65 76) (88) (22 53 42) (68) 
6 (30) (96) (53) (6) (57) (86) (46) (1) (23) (77) (36) (26) (22) (63) (98) (7) (70) (87) (60) (85) (17) (51) (32) (40) (41) (90) (12) (42) (64) (47) (65) (44) (97) (79) 
7 (15) (46) (74) (38) (92) (23) (58) (54) (85) (17) (24) (100) (67) (94) (3) (83) (1) (81) (7) (25) (97) (98) (80) (39) (44) (52) (79) (48) (41) (51) (20) (12) (10) (84) (64) (42) (95) (5) 
8 (41) (63) (28) (40) (14) (88) (86) (61) (18) (12) (51) (100) (97) (70) (77) (69) (27) (98) (46) (85) (25) (99) (96) (9) (89) (91) (68) (20) (87) (29) (82) (93) (38) (35) (50) (72) (43) (84) (53) (49) 
9 (75) (20) (16) (69) (88) (24) (59) (42) (79) (73) (61) (23) (95) (80) (18) (46) (68) (72) (52) (60) (64) (86) (19) (99) (96) (97) (34) (62) (26) (84) (31) (36) (91) 
10 (63) (13) (23) (7) (79) (36) (27) (58) (12) (61) (91) (84) (57) (40) (28) (5) (50) (14) (39) (69) (31) (66) (67) (75) (42) (47) (100) (76) (9) (89) (22) (68) (32) (83) (86) (64) (65) (56) (60) (93) (46 45) (26) 
11 (32) (96) (98) (8) (10) (17) (4) (20) (58) (91) (62) (63) (52) (97) (16) (80) (73) (77) (3) (1) (90) (89) (72) (40) (25) (21) (55) (7) (30) (87) (31) (47) (81) (15) (39) (14) (76) (86) (28) (24) (78) (64) 
12 (15) (10) (3) (59) (6) (71) (20) (51) (96) (94) (74) (44) (25) (89) (86) (17) (80) (24) (16) (21) (43) (34) (52) (55) (70) (69) (56) (53) (78) (46) (54) (73) (62) (49) (29) (64) (38) (58) (40) (47) (57) (50 33) (84 26 100 13) (28) 
13 (93) (30) (79) (85) (4) (42) (50) (22) (70) (86) (28) (57) (17) (67) (80) (2) (97) (59) (34) (77) (55) (92) (63) (53) (27) (44) (32) (66) (26) (52) (49) (13) (90) (47) (71) (43) (94) (73) 
14 (24) (35) (92) (56) (23) (30) (67) (28) (57) (8) (14) (90) (75) (79) (9) (98) (74) (54) (76) (27) (3) (43) (4) (42) (49) (88) (11) (53) (63) (83) (16) (60) (38) (31) (20) (46) (17) (7) 
15 (32) (80) (93) (94) (74) (46) (13) (3) (12) (39) (44) (69) (20) (79) (100) (48) (45) (81) (82) (66) (9) (38) (49) (90) (23) (26) (31) (24) (29) (34) (83) (11) (64) (35) (53) (8) (71) (47) (16) (86) (41) (10) (73) (96 51) 
16 (27) (1) (49) (56) (42) (11) (4) (78) (98) (84) (62) (89) (90) (95) (25) (30) (39) (93) (92) (83) (54) (87) (47) (70) (69) (76) (63) (59) (10) (74) (58) (2) (35) (8) (36) (40) (18) (6) (82) (96) (24) (37) (53) (99) (32 21) (50) (48) (9) 
17 (1) (87) (51) (15) (98) (71) (65) (93) (19) (4) (31) (61) (49) (54) (47) (96) (85) (77) (62) (88) (63) (86) (46) (76) (66) (72) (32) (92) (21) (7) (69) (10) (8) (24) (60) 
18 (10) (72) (40) (19) (85) (56) (92) (66) (57) (95) (82) (63) (50) (62) (71) (5) (64) (4) (55) (39) (91) (29) (93) (1) (9) (12) (81) (94) (69) (45) (98) (22) (26) (67) (78) (61) (70) (6) (74) 
19 (47) (94) (43) (37) (75) (44) (84) (53) (62) (34) (33) (95) (93) (66) (51) (5) (61) (8) (32) (20) (3) (86) (64) (40) (69) (68) (78) (60) (30) (59) (73) (46) (45) 
20 (13) (89) (7) (18) (54) (16) (85) (65) (11) (53) (9) (92) (30) (33) (93) (12) (37) (45) (31) (72) (8) (74) (41) (82) (55) (57) (21) (76) (27) (56) (84) (95) (79) 
21 (27) (77) (84) (79) (56) (68) (97) (26) (6) (54) (63) (55) (46) (95) (87) (45) (90) (48) (7) (99) (61) (60) (14) (78) (2) (81) (35) (32) (91) (75) (82) (93) (23) (64) (40) (58) (98) (94) (74) (43) (69) (33) (4) (62) (17) (15) (24) 
22 (10) (65) (40) (31) (36) (11) (57) (2) (72) (8) (7) (76) (45) (24) (41) (54) (70) (25) (93) (37) (3) (85) (55) (60) (23) (80) (32) (95) (90) (48) (79) (97) (88) (74) (77) 
23 (56) (68) (76) (67) (92) (75) (37) (49) (12) (55) (73) (29) (41) (39) (18) (19) (66) (62) (28) (86) (96) (13) (30) (36) (83) (90) (98) (61) (46) (84) (43) (60) (71) (27) (6) (47) (23) 
24 (68) (4) (40) (89) (61) (90) (36) (96) (98) (79) (12) (47) (15) (73) (57) (86) (55) (21) (7) (23) (71) (24) (64) (66) (33) (77) (30) (76) (92) (58) (100) (2) (95) (10) (54) (25) (11) (32) (17) (91) 
25 (14) (66) (15) (1) (85) (79) (55) (78) (59) (65) (47) (45) (9) (50) (31) (94) (20) (27) (35) (57) (46) (13) (87) (100) (51) (10) (58) (82) (89) (7) (22) (61) (83) (70) 
26 (39) (78) (76) (42) (23) (14) (59) (49) (70) (46) (62) (91) (54) (36) (4) (92) (33) (79) (66) (37) (28) (5) (88) (82) (97) (85) (95) (38) (44) (27) (61) (34) (73) (26) (41) (17) (99) (90) (84) (7) (93) (6) (80) (68) (19) (98) (96) (25) (30 32) 
27 (47) (52) (69) (18) (37) (73) (15) (8) (74) (38) (33) (13) (59) (61) (58) (22) (85) (5) (23) (55) (25) (41) (63) (16) (7) (97) (2) (49) (51) (9) (1) (42) (80) (81) (53) (3) 
28 (48) (35) (30) (73) (15) (72) (41) (27) (86) (57) (31) (42) (17) (24) (77) (39) (47) (44) (22) (34) (64) (79) (26) (96) (2) (23) (16) (11) (75) (37) (33) (93) (85) (89) (94) (18) (60) (59) (29) (91) (5) (74) 
29 (100) (85) (46) (9) (34) (52) (47) (48) (72) (37) (39) (44) (67) (2) (84) (62) (96) (28) (8) (61) (7) (81) (13) (98) (4) (94) (45) (35) (66) (56) (33) (10) (89) (54) (92) (63) 
30 (41) (56) (30) (42) (21) (77) (48) (71) (99) (35) (19) (79) (10) (59) (45) (60) (89) (13) (22) (97) (80) (9) (47) (53) (63) (95) (83) (32) (7) (58) (57) (16) (24) (5) (11) (40) (67) (12) (65) (96) (100) (86) (73) (25) (17) 
31 (33) (81) (39) (6) (29) (9) (71) (17) (28) (66) (16) (7) (44) (83) (77) (84) (47) (24) (22) (87) (48) (46) (27) (4) (75) (50) (98) (3) (97) (54) (65) (36) (18) (5) (63) (11) (25) (52) 
32 (49) (11) (94) (44) (73) (70) (27) (12) (98) (68) (40) (30) (20) (83) (29) (64) (32) (66) (17) (56) (33) (1) (82) (14) (10) (100) (16) (13) (41) (90) (77) (45) (52) (47) (69) (79) (88) (6) (37) (34) (54) (99) (31) (39) 
33 (38) (87) (76) (48) (50) (85) (51) (9) (26) (7) (37) (39) (94) (42) (29) (25) (100) (59) (66) (97) (72) (67) (36) (58) (83) (65) (86) (46) (16) (78) (84) (21) (13) (74) (8) (49) (52) (47) (73) (24) (20) (82) (6) 
34 (100) (59) (50) (8) (76) (67) (41) (5) (22) (7) (10) (26) (60) (38) (31) (92) (58) (53) (81) (47) (49) (2) (52) (56) (91) (17) (80) (97) (69) (74) (65) (79) (71) (29) (94) (30) (89) (48) (73) (61) (84) (11) (93) 
35 (89) (61) (78) (86) (83) (59) (100) (21) (64) (44) (51) (80) (20) (50) (95) (76) (93) (81) (2) (90) (68) (41) (56) (72) (8) (92) (23) (37) (30) (14) (24) (19) (39) (34) (79) (40) (58) (45) (62) (57) (55) (91) (52) (4) 
36 (91) (83) (26) (24) (95) (74) (9) (27) (35) (36) (93) (20) (54) (82) (53) (17) (56) (41) (76) (60) (6) (11) (67) (30) (64) (34) (29) (99) (33) (92) (10) (16) (4) (12) 
37 (57) (95) (29) (97) (71) (33) (35) (96) (83) (20) (54) (90) (12) (53) (26) (65) (58) (88) (59) (43) (47) (92) (52) (24) (13) (40) (22) (69) (11) (55) (6) (93) (64) (10) (84) 
38 (52) (34) (58) (30) (33) (24) (90) (28) (84) (41) (92) (59) (82) (78) (91) (88) (56) (79) (75) (11) (87) (98) (36) (14) (65) (12) (7) (85) (68) (13) (15) (35) (70) (8) (74) (81) (80) (19) (57) (67) (4) 
39 (29) (77) (72) (89) (2) (78) (28) (82) (35) (43) (52) (40) (27) (9) (87) (85) (22) (71) (59) (24) (60) (38) (12) (44) (90) (88) (99) (3) (37) (57) (69) (56) (70) (15) (19) (64) (73) (51) (48) (65) (33) 
40 (16) (2) (57) (79) (22) (38) (30) (96) (63) (74) (54) (62) (29) (97) (45) (43) (91) (1) (11) (75) (4) (73) (15) (84) (7) (47) (18) (23) (99) (70) (51) (98) (88) (87) (9) (28) (27) (71) (81) (13) (56) (64) (66) (14) (55) 
41 (43) (98) (96) (21) (52) (34) (39) (92) (33) (55) (22) (24) (36) (63) (72) (94) (78) (28) (91) (15) (47) (18) (30) (17) (20) (62) (58) (9) (37) (4) (1) (70) (76) (100) (38) (49) (84) (41) (60) (32) 
42 (6) (79) (17) (29) (18) (59) (14) (95) (4) (78) (94) (23) (10) (77) (80) (7) (88) (50) (62) (13) (31) (30) (16) (43) (5) (39) (68) (12) (71) (91) (27) (89) (96) (33) (40) (75) 
43 (46) (40) (69) (31) (98) (67) (36) (7) (56) (66) (43) (84) (16) (70) (92) (49) (94) (28) (30) (73) (21) (47) (24) (76) (12) (99) (64) (54) (71) (29) (59) (91) (33) (37) (78) (57) (26) (97) (53) (93) (52) (34) (88) (58) (81) (13) 
44 (92) (15) (94) (63) (80) (50) (89) (31) (96) (19) (78) (8) (9) (32) (27) (52) (14) (64) (1) (58) (40) (75) (3) (83) (85) (84) (72) (39) (12) (7) (53) (47) 
45 (48) (66) (51) (74) (76) (50) (54) (4) (72) (21) (71) (85) (90) (16) (69) (30) (36) (20) (28) (46) (33) (19) (27) (17) (18) (38) (49) (25) (61) (43) (60) (70) (89) (78) (10) (65) (42) (29) (84) (24) (62) (96) (52) (8) (47) 
46 (99) (48) (32) (33) (24) (75) (10) (42) (89) (77) (11) (58) (6) (12) (72) (96) (40) (97) (18) (94) (8) (74) (27) (41) (80) (56) (71) (91) (3) (21) (43) (83) (20) (61) (60) (30) (13) (17) (55) (15) (14) (1) (50) (26) (34) (92) (65) 
47 (44) (84) (40) (3) (4) (72) (61) (39) (57) (41) (43) (6) (32) (82) (45) (7) (60) (14) (87) (78) (22) (70) (90) (71) (26) (18) (97) (85) (93) (63) (83) (11) (68) (79) (46) (16) (8) (66) (96) (75) 
48 (47) (96) (6) (66) (48) (12) (49) (70) (52) (37) (91) (88) (85) (87) (18) (79) (29) (28) (9) (42) (84) (54) (56) (19) (3) (72) (30) (73) (81) (86) (25) (5) (21) (55) (7) (80) (92) (20) (78) (57) (62) (22) (44) (89) (39) 
49 (46) (52) (7) (95) (4) (88) (26) (59) (37) (20) (35) (12) (82) (30) (99) (28) (38) (96) (76) (49) (93) (66) (97) (81) (83) (60) (90) (29) (13) (16) (47) (8) (15) (74) (70) (36) (94) (98) 
50 (17) (3) (99) (86) (92) (19) (98) (30) (94) (96) (74) (18) (41) (82) (15) (79) (57) (21) (16) (24) (22) (40) (77) (1) (76) (33) (75) (63) (62) (68) (38) (49) (4) (51) (70) (9) (34) 
51 (28) (38) (15) (53) (13) (42) (37) (65) (26) (45) (55) (24) (19) (78) (85) (64) (12) (17) (43) (40) (5) (11) (61) (94) (89) (32) (86) (21) (75) (31) (36) (29) 
52 (14) (10) (47) (37) (77) (23) (76) (15) (4) (88) (93) (34) (46) (31) (3) (2) (90) (79) (55) (64) (40) (30) (94) (24) (48) (26) (74) (42) (21) (63) (33) (89) (43) (50) (58) (44) (97) (16) (69) (52) (35) (81) 
53 (82) (58) (90) (65) (80) (52) (45) (20) (1) (25) (86) (83) (49) (77) (84) (51) (81) (40) (94) (97) (29) (62) (73) (31) (46) (57) (2) (30) (54) (53) (37) (17) (74) (28) (36) 
54 (41) (36) (56) (85) (19) (67) (3) (84) (20) (33) (92) (76) (98) (1) (11) (87) (42) (100) (64) (77) (63) (68) (55) (72) (54) (23) (93) (62) (88) (12) (4) (8) (47) (51) (83) (10) (21) (99) (60) (95) 
55 (76) (39) (33) (62) (72) (42) (64) (35) (43) (5) (95) (65) (92) (87) (1) (89) (13) (73) (55) (44) (59) (16) (45) (8) (20) (70) (100) (19) (81) (60) (14) (40) (41) (15) (11) (3) (28) (12) (66) (36) (47) (53) 
56 (25) (2) (44) (47) (60) (9) (23) (36) (18) (86) (46) (40) (66) (54) (57) (13) (65) (81) (30) (7) (63) (22) (14) (64) (83) (17) (99) (35) (20) (84) (72) (88) (15) (94) (82) (24) (5) (77) (78) (53) (90) (11) (68) (75) (6) 
57 (41) (37) (90) (88) (3) (95) (50) (85) (92) (13) (11) (42) (2) (21) (5) (55) (68) (61) (6) (57) (83) (84) (32) (27) (28) (8) (31) (80) (72) (20) (94) (30) (98) (66) 
58 (9) (14) (95) (43) (90) (25) (33) (99) (63) (68) (42) (52) (48) (51) (23) (92) (50) (20) (17) (65) (88) (98) (27) (58) (72) (69) (46) (91) (40) (26) (70) (83) (53) 
59 (61) (30) (43) (50) (44) (16) (4) (76) (65) (94) (18) (26) (93) (36) (45) (57) (64) (82) (42) (8) (37) (47) (87) (80) (100) (58) (22) (12) (59) (10) (52) (56) (83) (91) (34) (5) (99) (1) (54) (67) (41) (73) 
60 (37) (53) (7) (40) (8) (80) (91) (12) (88) (11) (52) (10) (76) (90) (98) (2) (79) (54) (18) (25) (22) (31) (50) (41) (39) (55) (78) (33) (46) (1) (61) (84) (71) (34) (47) (99) (95) (44) (58) (51) (5) (74) (62) (70) (29) (96) (100) (3) (17) (64) 
61 (72) (24) (45) (71) (80) (35) (1) (78) (36) (79) (33) (62) (95) (27) (67) (84) (75) (46) (44) (48) (81) (94) (85) (25) (16) (51) (53) (87) (29) (19) (61) (2) (77) (68) (99) (82) (30) (32) 
62 (99) (49) (1) (71) (15) (18) (74) (73) (75) (34) (68) (25) (69) (28) (83) (54) (41) (51) (24) (30) (13) (78) (48) (85) (94) (82) (10) (88) (76) (66) (58) (32) (4) (57) (35) (55) (37) (65) (27) (86) (5) 
63 (9) (18) (19) (52) (93) (13) (82) (65) (81) (66) (63) (28) (75) (79) (3) (6) (96) (32) (4) (20) (76) (80) (64) (60) (42) (70) (51) (22) (58) (45) (53) 
64 (46) (14) (44) (65) (36) (87) (69) (24) (97) (11) (2) (51) (9) (92) (95) (31) (99) (54) (48) (93) (22) (71) (75) (19) (43) (52) (7) (50) (8) (82) (73) (80) (37) (4) (34) (96) (94) (88) (28) (68) (10) (41) (39) (20) (79) (55) 
65 (83) (47) (67) (95) (7) (81) (31) (58) (15) (53) (19) (20) (14) (57) (86) (35) (82) (9) (46) (2) (88) (87) (43) (50) (73) (26) (59) (94) (93) (74) (71) (60) (90) (42) (23) (51) (85) (91) (38) (62) 
66 (9) (34) (63) (88) (40) (27) (92) (38) (24) (35) (97) (19) (60) (73) (70) (83) (31) (42) (50) (78) (75) (6) (82) (14) (96) (87) (41) (56) (10) (95) (67) (2) (55) (93) (36) (100) (99) (15) (90) 
67 (85) (80) (81) (94) (65) (31) (96) (13) (87) (61) (70) (23) (50) (64) (74) (58) (14) (47) (40) (69) (7) (53) (72) (89) (76) (20) (93) (12) (3) (82) (71) (51) (29) (88) (54) (45) (10) 
68 (30) (31) (76) (64) (95) (78) (74) (11) (46) (10) (90) (47) (62) (26) (82) (24) (96) (100) (9) (88) (61) (79) (85) (18) (2) (63) (19) (15) (68) (91) (97) (71) (52) (17) (16) (42) (28) (75) (37) (41) (67) 
69 (24) (82) (5) (2) (66) (13) (50) (75) (29) (20) (84) (43) (94) (86) (97) (3) (21) (8) (61) (90) (49) (48) (91) (32) (6) (44) (40) (7) (10) (65) (67) (15) (53) (37) (52) (100) (68) (93) (57) (76) (17) (35) (64) 
70 (93) (19) (57) (95) (38) (20) (80) (34) (32) (65) (22) (9) (52) (39) (2) (61) (29) (8) (31) (18) (30) (77) (76) (60) (94) (37) (88) (49) (48) (40) (13) (14) (74) (79) (89) 
71 (47) (31) (86) (48) (22) (34) (38) (17) (99) (14) (37) (78) (72) (10) (19) (5) (13) (51) (54) (96) (97) (12) (23) (41) (74) (73) (63) (59) (95) (1) (44) (50) (36) (79) (85) (75) (69) (55) (88) (2) (45) (33) 
72 (82) (34) (56) (14) (24) (95) (98) (5) (81) (13) (22) (92) (51) (49) (67) (47) (75) (10) (62) (63) (52) (18) (16) (3) (35) (20) (91) (1) (25) (57) (90) (58) (88) (69) (80) (45) (77) (99) (15) (86) (9) (60) (48) 
73 (45) (51) (69) (58) (11) (40) (14) (74) (21) (100) (88) (13) (44) (3) (41) (65) (98) (70) (18) (38) (55) (23) (47) (81) (15) (96) (37) (4) (85) (80) (53) (99) (48) (71) (87) (1) (49) (5) (63) (12) (83) 
74 (59) (40) (5) (51) (73) (99) (88) (14) (15) (65) (8) (23) (100) (45) (36) (44) (68) (66) (24) (77) (28) (89) (20) (63) (60) (79) (47) (21) (22) (96) (26) (76) (85) (46) (19) (3) (69) (12) (34) (31) 
75 (53) (74) (22) (56) (85) (51) (37) (9) (89) (42) (69) (76) (3) (7) (73) (70) (8) (30) (49) (33) (90) (63) (21) (61) (55) (92) (57) (24) (28) (15) (66) (77) (78) (75) (94) (14) (59) (41) (96) 
76 (67) (33) (8) (77) (29) (92) (41) (22) (45) (2) (49) (64) (71) (5) (36) (28) (18) (58) (46) (44) (3) (85) (68) (17) (51) (63) (20) (47) (38) (6) (95) (40) (7) (54) (65) (19) (34) (82) (52) (100) 
77 (16) (46) (17) (29) (26) (21) (77) (95) (85) (33) (88) (86) (65) (62) (71) (56) (39) (73) (4) (93) (89) (1) (9) (82) (7) (23) (92) (94) (8) (55) (67) (59) (27) (53) (38) (37) 
78 (8) (81) (60) (55) (25) (52) (90) (21) (10) (3) (68) (7) (78) (89) (44) (71) (57) (54) (36) (35) (31) (53) (9) (59) (11) (75) (93) 
79 (7) (58) (42) (45) (1) (70) (23) (31) (9) (86) (35) (65) (3) (71) (30) (49) (55) (98) (4) (21) (90) (37) (50) (76) (22) (95) (38) (67) (88) (85) (96) (16) (99) (63) (59) (74) (15) (69) (43) (82) (61) (26) (5) (27) (80) (66) (34) (12) (51) 
80 (46) (29) (73) (70) (45) (23) (18) (69) (28) (65) (81) (62) (37) (51) (83) (86) (50) (98) (76) (95) (25) (63) (55) (93) (72) (15) (49) (43) (47) (64) (89) (1) (36) (92) (13) (10) (78) (79) (48) (66) (71) (22) (31) (84) 
81 (91) (73) (7) (15) (41) (89) (71) (87) (93) (16) (64) (84) (80) (58) (14) (57) (55) (96) (28) (39) (72) (35) (83) (92) (4) (34) (38) (76) (13) (52) (26) (20) (68) (49) (42) (46) (65) (94) (81) (11) (29) (19) (85) (82) (33) 
82 (67) (79) (32) (11) (5) (64) (90) (100) (56) (20) (65) (8) (33) (62) (47) (81) (98) (52) (39) (88) (41) (25) (57) (63) (38) (71) (45) (27) (93) (46) (58) (29) (96) (75) (91) (49) (40) (34) (95) (72) (19) (82) (24) (77) (22) (84) 
83 (26) (95) (46) (84) (17) (50) (19) (41) (24) (30) (80) (81) (79) (37) (49) (55) (33) (7) (16) (65) (92) (21) (89) (68) (5) (90) (45) (14) (51) (28) (60) (58) (87) (4) (8) (42) (88) (34) 
84 (24) (16) (27) (68) (47) (97) (72) (73) (100) (33) (58) (39) (21) (23) (45) (69) (98) (76) (29) (20) (85) (56) (53) (9) (13) (81) (22) (64) (82) (38) (61) (91) (74) (50) (62) (31) 
85 (55) (46) (6) (19) (91) (89) (48) (25) (22) (11) (98) (47) (50) (40) (79) (29) (51) (33) (100) (54) (4) (20) (26) (61) (35) (84) (36) (56) (43) (82) (32) (93) (92) (95) (28) (72) (53) (8) (41) (13) (14) (66) (42) (30) (78) (27) (64) (10) (5) 
86 (20) (78) (46) (74) (56) (89) (76) (38) (79) (2) (43) (39) (35) (86) (44) (21) (23) (54) (95) (72) (25) (34) (47) (11) (24) (12) (61) (32) (69) (29) (60) (55) (84) (8) (85) (96) 
87 (63) (96) (16) (95) (69) (22) (82) (71) (70) (76) (33) (3) (83) (39) (45) (55) (25) (11) (92) (14) (91) (51) (31) (35) (5) (93) (32) (57) (49) (58) (98) (75) (6) (12) (74) (79) (1) (56) (26) (73) 
88 (78) (37) (88) (40) (92) (86) (68) (82) (13) (99) (27) (74) (75) (70) (54) (85) (7) (24) (9) (29) (77) (63) (42) (93) (84) (62) (15) (48) (28) (22) (11) (44) (83) (41) (52) (89) (60) 
89 (93) (13) (14) (52) (28) (48) (79) (65) (59) (84) (23) (5) (27) (90) (21) (62) (88) (80) (60) (56) (22) (50) (57) (74) (43) (35) (69) (64) (46) (42) (58) (1) (76) (98) (92) (2) (16) (91) (9) 
90 (42) (46) (66) (89) (13) (2) (86) (47) (30) (75) (97) (1) (17) (87) (36) (45) (29) (39) (10) (93) (73) (92) (88) (100) (31) (32) (61) (76) (57) (24) (85) (81) (79) 
91 (68) (83) (16) (85) (90) (28) (20) (3) (58) (4) (14) (10) (81) (2) (22) (65) (56) (43) (49) (100) (30) (47) (55) (80) (75) (42) (46) (76) (61) (94) (60) (99) (87) (15) (84) (64) (29) (33) (35) (19) (36) (66) (45) (24) (91) (71) (70) (41) (59) 
92 (69) (29) (38) (53) (32) (47) (85) (99) (5) (23) (41) (75) (13) (95) (72) (91) (68) (51) (60) (58) (54) (49) (15) (70) (9) (81) (18) (17) (10) (50) (90) (27) (44) (86) (3) (52) (45) 
93 (57) (18) (31) (35) (99) (40) (8) (93) (81) (83) (78) (86) (88) (4) (27) (23) (3) (55) (65) (84) (37) (28) (49) (97) (100) (21) (46) (19) (26) (67) (60) (79) (74) (25) (73) (72) (91) (68) (53) 
94 (18) (5) (97) (31) (28) (21) (95) (94) (25) (24) (3) (47) (54) (22) (52) (32) (13) (34) (36) (33) (8) (16) (63) (100) (69) (29) (88) (82) (42) (59) (43) (72) (50) (85) (73) (19) 
95 (87) (27) (11) (71) (15) (95) (35) (81) (70) (99) (32) (12) (55) (26) (85) (58) (33) (17) (41) (48) (25) (6) (75) (38) (84) (42) (74) (80) (93) (14) (61) (22) (72) (18) (56) (73) (66) (65) (49) (47) (91) (39) (82) (44) (100) 
96 (98) (2) (60) (52) (25) (89) (18) (87) (100) (10) (40) (81) (99) (65) (69) (38) (84) (9) (47) (42) (46) (91) (39) (19) (14) (75) (11) (17) (29) (73) (28) (53) (15) (68) (96) (27) (33) (49) (23) (43) (79) (26) 
97 (48) (11) (95) (41) (53) (64) (68) (75) (65) (31) (24) (88) (27) (84) (54) (42) (74) (39) (1) (93) (62) (43) (3) (37) (86) (55) (89) (44) (76) (49) (90) (38) (16) (60) (100) (71) (25) (34) (18) (96) 
98 (40) (63) (75) (69) (10) (6) (68) (92) (28) (70) (94) (31) (4) (80) (16) (54) (79) (23) (89) (88) (72) (13) (21) (27) (84) (100) (8) (3) (46) (57) (85) (20) (77) (41) (19) (45) (83) (35) 
99 (66) (93) (22) (30) (7) (12) (94) (92) (68) (36) (96) (53) (90) (81) (95) (31) (69) (37) (27) (98) (56) (85) (18) (29) (49) (46) (67) (26) (100) (61) (63) (58) (91) (84) (35) (39) (43) 
100 (15) (32) (57) (67) (68) (5) (66) (40) (64) (50) (58) (96) (75) (63) (60) (65) (35) (88) (72) (93) (24) (44) (38) (43) (86) (84) (34) (70) (29) (23) (20) (2) (91) (39) (25) (21) (14) (74) (90) (55) 
