0
100
100
1 (24 56 58 74 51 94 35) (38 78 10 53 36 9) (62) (14 31 1 49 16 47 42 87 20 17 91) (11 8 34 76 79 84 39 69 46 63) (88 33 55) (54 37 77) (70) 
2 (57 59) (76 40 9 34 63 37) (4 79 68 26 81 90 17 30 27 38 92 15 25 82 43 6) (36) (19) (75 23 52 46 87 94 65 33) (24 77) 
3 (61 15 32 19 87 74 14 85) (1 91 4) (69 6 48) (81 43 65 29) (71) (55 97 80 12 83 57 17) (96 2 10 77 49 20 18 25 62) (47 52 59 72 37 60 44 3 42 34) 
4 (88 53 14) (41 69 60) (32 78 92 94 43 85 48 28 61) (91 71 11 49 95 21 64 33 26) (29 42 7 62 68) (87 8 10 1 67 96) (12 97) (31) 
5 (60 79 93 33 56) (84) (23 9 43 4 72 38 61) (41 58 31) (15 5 92 2 36 57 34 97 47) (69 83 89 8) (85 82 24 42 67) (44 91 100 94) (14 88) (13 3) 
6 (62 72 6 21) (25) (98 5 52 63) (14 58 69 56) (27 67 15 82 38 88) (19 8 68 64 87 26 100) (81 16 7 49 59 34 91) (41) (76 40 37 30 9 95) 
7 (93 10 5) (70 37 67 3 36 51) (100 23 42) (27 29 53) (66 80) (31 21 65 22) (73 77) (83) (15 11 47 46 88) (54 18 74) (49) 
8 (47 36 78 18) (12 48 100 96) (58 88 57) (33) (49 2 65 97 13 6 66) (30 67 45) (1) (86 93) (62 8 27 24) (37 90 84 61 34 72 85 60) (87) (3) (52 26 80 20) 
9 (12 75 73) (45 72 24) (6 17 93 7 31) (74 21 76 57 30 47 53 34 20 96 90) (60 82 83 70 68 16) (92 3 41 1 59) 
10 (87 36) (74) (55 71) (82 10 89 42 86 53) (94) (67 54) (33 25 72 66 31) (90 4) (24 73 21 40 45) (63) (57 15) (7) (58 60 32 34 99 85) 
11 (64 56 74 19 76 44 37 79 89 96 48 99 53 80) (1 42 33) (71 24 66 69 59 100 50 46) (93) (38 84 58 40 21 14 94 26 88 77 47 49) (67 25) (23) 
12 (80 94 78 100 16 64 42 40 37 53 57) (41 1 33 66) (45 11 62 93 77) (92 97 82) (39 70 3 91 7) (81 96 65 18 2) 
13 (29 61 16 32 75 23 57 71 88 1 50 70 8 3 68 81 22 76 97 49 33 53) (92 35 54 17 30 62 65 83) (43 41 55 66 74) (34) (44) 
14 (59 16 75 71 92) (94 65 76 4 25 1 73 44 62 98 36) (64 95 48 67 39 20 2 58 78 19 9 97 28 74 14 53 89 66 70) 
15 (38 3 69 56 89) (11 26 13 98 39 57 12 5) (100) (67 4) (33 15 46) (61) (64) (63 51) (91 30 47 18 43) (70 27 71 24 25 96 22 59 87) 
16 (40 42) (14 4 62 83 69 57 31 18 97) (71 85 22 88 1 37 33 56 87 28 15 49) (65) (10) (38 48 66 24 96 21 6 13) (79 64 39 86) (47 84 41 74 55 58 19) 
17 (28 68 64 17 58 84 100 90 40 35 74) (24 2 16 85 25 12 82 50 43 94 61) (41 18 39 6) (32 8 91) (76) (66) (79 69 34) (37 67 77 62) (55 70) (57 87) (38 73 99 11 31) 
18 (100 42) (72) (60 56 35 99 75 1 45 46 69) (44 38 59) (2 15 8) (79 3 22) (98) (23) (61 21 17 28 26 49) (78 27 64 6 13) (12 9 58) 
19 (97 17 68 16 31) (94 38 63) (62 19) (5 30 51 96 90 25 28 69 41 22 50 45 46 12 39 71 4 27 14 15) (47) (35 48 56 95 42) (74 59 60 11 21 86) 
20 (13 69 66 35 17 6 15 71 4 52 82 80 51) (8 94 33) (21 50) (42) (56) (30 11 86 83 60 68 18 45 74 24) (38 59 16) (92 47 78 58) (31 72 57) (26) 
21 (38 27) (9 12) (81 30 72 53 29 91 43 73 59 58 56 15) (61 40 76) (77 64 90 54 97 10 50) (100) (8 63 44 47 6 78 65 79 1 93 11 42 39 70 31 14) 
22 (6 26 85 47 83 37 3 64 69) (95 66 49 29 4) (34 51 15 58 44 94 75 90 41 27 60) (35 1 10 62 21 61 40 98 28 24 71 63) (86 7 79 92 88) 
23 (99 47 46 75 14 55 97 54 16 27 8 70 26 34 22 73 29 41 58 71 17) (92) (87 81 6) (49 100) (38 51 60 82 62) (84 94 89 98 40) (53 93 36 91 32 31) (7 86 56 3) (18 83) 
24 (8 42 60 21) (90 53) (7 39 91) (75 86 96 20) (30 76) (34) (55 15 83) (4 81 85 70) (68 6 58 37 54) (35 19 44 33) 
25 (49 91 75) (16 98 24 53 85) (32) (64 69 28 76 68) (20) (79) (78 14 30 31 90) (71 47 7 19 43 11 10 89 6 44 42 40 17 50 94 21 61 5 59) (72 52 58) (22) 
26 (33 14 3 69 72 88 75 62 98 59 10 30 20 64 32 78) (49 94 28) (46 97 76 29 6 87 12 11 100) (22 37) (39 47 51) (63 83) (34 55 54) 
27 (23) (21 50 61 3 19) (78 14 88 40 53 17 65) (91 8) (25 4) (89 70 82 44 18) (87 28 57 74 83 51 16 92 12 52 60 24 42 31 10 32 67 35) (46 37) (84 99) 
28 (77 45 15 85 58 2 67 97) (78 63) (16 46 35 53 11 66 1 79 52 36 28 73) (89 92 43) (6 37 18 55 5) (23 25) (44 13 3 26 14) (57) 
29 (32 7 79 52) (20) (54 93 37 51) (77 75 58 85 88 86) (6 48 27) (70 59 94 49 84 17 33 25 1 26 2) (15 81 24 18 68 62 82) (8 31 38 89 40 64 95 5 46 9 39 11 35 4 73) 
30 (70 3 55 14 12 45 39) (35 97 79 40 27) (11 86 77 30 29) (84 4 67 99 53) (52 71 24) (6) (76 46 93 33 72 5 66 95) 
31 (29 62) (38 99 74 13) (22 72 57) (88 93 83 61 90) (46) (23 14 63 58 44 5 68 39 42 73 64 95) (45 94 36 18) (34 81 67 26 53 89 69) (55 75 100 49 76 47 80 1) (60) 
32 (5 16 28 7 92) (58 14 71 1 36 35 15 91 55 85) (99 45) (33) (69 37 98 2 89 9 94 70 19) (42 21 93 8 31) 
33 (76) (24 35 72 55 98 10 88 54 93 86 2 99) (59 78 96) (23 40) (32 49 46) (68 28 64 66) (92) (50 75 61 63 85) (79 52 17 83 20 15 80) 
34 (96 67 85 20 13 91 94 7 83 16 40 44 68 73 19 32 78 29 17 35 66 47 95 23 82 58 39 63 65 22 27 64 42 84 86 57 2 76) (41) 
35 (13 8 48) (61) (29 84 46 55 26 96 49) (25) (28 7 63 14) (23 4 53) (78 62 74) (5 85 89 20 44) (33 59 56 95 12) (57 36 90 65) (40 21) (38) (35 88 69 52 15 22 32) 
36 (39) (5 31 49 93 64 26) (63 88 4 62 55 77 52 99) (56 89 57 100 34) (76 53 19 67) (17 87 29) (46) (7 8) (61 50 85 14 32) (28 22 13 69) (81) 
37 (99) (46 92 4) (90 14 45 30 49) (58 17) (11) (27 62 73 40 24 96 66 26 37) (13) (38 7 42 82 51 89 6 64) (98 95) (55 19 70) (85) (91 77 43 57 28) 
38 (18 51 19 96 54 22 97 75 89 13 100 15) (25 71 16 10 49 65 91) (92 78 30) (48 47) (83 14 23) (5 29 61 72 4 87 57) 
39 (35 33 23 38) (92 36 47 32 19 95 61 11 60 48 3 49 77 34 63 4 72) (59 14 67 10 7 26 46) (86 13 98 37) 
40 (21 65 68 49 71 41 32 54 94 34 100 76 26 18 93) (80 17 50) (86 99 62 53 66 29) (90 73 59) (58 23 19 79 45 28 24 35 30 15 95 69) (82) (63 92 43) 
41 (73) (6 37 5 26 21 28 86 43 2) (39 61) (85 92) (27 41 62) (94 52 23 1 31 17 70 45) (90 34 40 59 54) (83 47 24 67 99 65 78) 
42 (41 60) (27 88) (56) (59 71 40 29) (77 31) (12 93) (58) (3 20 65) (84 70 67 73 89 19 21) (30 37 5) (99 17 72 96 91 4 6) (86 43 10) (92 83 52 36) 
43 (74 44 92) (65 50 90) (78 10 4) (17 25 30 69 2 33) (75 83 9 34 72 95 41) (38 100 54 53 21 61 15 11 77 99 62 43) 
44 (43 17 99) (28 73 30 57 71) (93 50 15 49 90 8) (10 51 12) (70 97 68 58 25 75 98 14 48 76) (20 18) (41 95 62) (52) (55 96 66 86) (35) 
45 (6) (2 61 50 88) (5 46 7 76 45 11 26) (12 66 39 42 60 19) (98) (82 47 51 62) (86 3 4) (30 41 25 54 44) (77 15 79) (9 8) 
46 (2 4 82 30) (8) (63 85 9 16 90 75 24 57 51 64 77 23) (43 74 60 96 3) (6 69 66 14 1) (91 58 25 65 59 81) (86 100 62 31 76 80) 
47 (87 11 68 35 75 98 67) (92 76 64 38) (81) (48) (80) (51 74) (41 25 23 29 65 93 71 17) (95) (86 13 10 21 8 96 79 91 19) (56) 
48 (2 40 35 64) (22 3) (21 96) (18 26 47 71 66) (67 63 5 70 11 95 77 74 79 76 34 80 60 46 31 65 56 57 33 48) (85 14) (98 39) (17) (84 42 93 54) (91 25) 
49 (54 34 58) (69 91 41 44 92 3) (95) (94) (19 60 35 87 31 61) (27 88 100 24 57 82 49 97) (93 77 5) (73 23 80 16) (48 83 22) (65 67) (12 14) (81) (74) (99 71) 
50 (27) (52 20 15 60 41 9 38 39 1 86 72 97) (79 7 71 93 64) (90 84 68) (81 34 78 3 17 51 53 91) (75 8) (70 48 80 44) (57 6 32 96 100) 
51 (85 95 9 100 61 23 86 60 71 36 27 55 43 56 34) (44 92 91 13 21 73 2 94) (82 57) (93 87 53 10 79 98) (52 42 22 72) (29 19 28) (41 78 33 40 16) 
52 (70) (97) (21 66) (46 99 29 11 37 10 12 7 82 15 16 3) (89 49 51) (88 59 34) (65) (43) (9) (41 23 33 60 50 14 44 67) (90 18 40 93) (68 96 26) (36) 
53 (72 64 58 69) (22 90 57 33 7) (18 96 67 39 52 9 53 59 44 46) (49) (78) (85) (25 81 60 92 75 80 79 68) (6) (88 48 4 42) (29 20 14 15 91) (94 12) (26 40) (99) 
54 (11 53 42) (2 69 97 52 31 1 37 41 86 89) (32 16 63 64 93) (39) (14) (78 26) (18 44 28 55 29 67 81 76) (7) (75 99 6) (54) 
55 (56 58 62) (21) (17 68 25 28 20 67 48 61 16 24) (40 26) (92) (7 19) (45 55) (43 95 84 13 53) (69 23) (42 88 77 60 46 87) (97 29 52) (76 4 93) 
56 (39 54 35 12 72 14 56) (95 10 24) (75 59 49 51) (40 86 30 6 74 22 47 27 28) (13 33 91 19) (1 88) (85 17 69 73) 
57 (93 92 36 84 13) (14 95 60 15 47 25 34 51 12 91 43 55 32 100 68 57 11) (8 42 72 17 71 29 67) (16 33 94 37 86) (77 44 76 31) 
58 (67 39 84 24) (76) (58 78 55 27 36 44 64) (19 62 52 79 56) (57 23 42 87 31 92) (3 53) (60) (12 77 34 74 91 22) (85 13) (10 1) (41 2 81 100) 
59 (64 18) (40 62 31 42 65 79 16 98 47 7) (26 54 84 46) (88 58 13 29) (20) (36) (4 82 55 21) (92) (22 27 97 53) 
60 (86 14 42 69) (97 53 95) (17 3 28 63 77 29) (96 72 11 25 40 48) (9 12 49) (37 99 94) (68 65) (44 32 13 61 70) (38) (71 22 54 58 26) (43 66 80 35) 
61 (53 72 95 7 23) (37 90 94 85 79) (61) (28) (71) (81 59) (97 91 66 84 88 4 58 69 44 22 78 56 20 46 35 27) (16 75) (12 77) (5) (43 64 92 10 24 96) 
62 (58 7 21 40 99 61) (33 37 49 23 44 42 86 92) (94 88 62) (96) (10 76 80 56 77) (95 98 12 16 64 93) (67 39 60) (18 27 28) 
63 (79 42 87 94 9) (39 23) (2 60) (62 4 72 59) (78 74) (93 27 90) (3 10 45) (53 5 49 26 89 22 66) (48) (83) (32 38 1 30 14 70 86 91) (15 69 33 77) 
64 (23 81) (17 65 60 8 90) (35 16 54) (97 38 82) (53 84) (78 39 48 25 49 52 83 64 46 72 9 21 42) (95 2 63 31) 
65 (66 44 58) (18 69) (73 96 89 2) (50 21 14 77 74) (23 39) (42 98 70 76 33 27 8) (90 45 65 59 19 38 4 92 97 51) 
66 (91 3) (90 7) (47 27 85 83 26 4 16 99) (1) (30 68 48 44) (8 82 89 59) (79 18 73 86) (31 42 57 6 46 76 94 52) (23 5 84 53 64) 
67 (12 66) (28 3 51) (44 40 74 87) (36 25 61 88 14) (90 84 59 31) (54 38 81 98 16) (50 4) (47 30 41 89 43 57 70 10 48 11) (27 2 29) (17 8) (24) (75 100) (73) (58 19) 
68 (2 64 95 15 98 77 13 50 30 59 67 37 8 65) (23 32 17) (58 39 4) (71 61) (69 89 31 22 79 94 19 20 3) (86 42) (53 47 14) 
69 (52 21 61) (93 14 76 29 95) (27 44 59 19 49 36 75 55 50 68 41 70 4 97 24) (31 54 81 30 73 23 43 99 92) (66 5 38) (63 56 58 64) (79 26 18 53) (42 6) (96) (71 74 22) 
70 (46 98 21 6 27) (84 22 92 90 8 24 95 18 78 86 11 19) (93 74 60 97 82 59 34) (52 26 44 39 57 61 76) (32 14) (35 71 37 94 29 49 16 41 5 81 79 51 20 87 62 9 17 67 88 28) 
71 (95) (72 25 55) (28 66 32 54 23 40 82 3 80 20 90 9) (89 67 27 17 33 24 6 1 93 2 56 13 96) (60) (10 19) (52 45 64 84 58 36 22 11 34) (94 100) (98 79) 
72 (14 47 95) (53 82 61) (89 50 39) (32) (5 44 22 31 59 90) (80 58 85) (34 11 66 24) (13 60 99 76 16 25 84 6 64) (10 18 75 55 38 20 96 81 74 79) 
73 (14 23) (62 61 92) (44) (71 93) (65 41 90 33 42 82 24) (13 50 68 31 74 85 11 94) (16 84 91 30 46 73 64) 
74 (3) (7 18) (57 36 19 12) (73 59 78) (75 2 43) (42 77 64 80 8 48 5 70) (76 69 85 95 23) (55) (27 79 97 47) 
75 (2 87 35 96 69 76 68 43 26 56 22 70 49 29 36 82 97) (50 55 94 8 47 59 5) (74 44) (92 25 60 52 71 42 17 85) (14 33) 
76 (85 91 90) (24 32 87 100) (39) (31 14) (38 57) (44 7 72 34 48 79) (3 33) (27 88 98) (22) (13) (78 77 97 1 70 74) (40 21 67) (9 25 63 86 8 99) 
77 (89 47 46 24 1 87 93 61 72 8 16) (34 96 77 12 74 94 97) (62) (23 32) (95) (29) (83) (7 41 56 42 36 90 2 88 43 13 67 51 79 33 11) 
78 (11 77 76) (56 91 92 74 99 61 79 78 34 65) (26 23) (55 54 85 31 90 95 18 62) (58 100 71 33 44 60 72 22) (66 86 29) (1) 
79 (11 85 67 18 59) (82 20 87 49 70) (9 50) (76 83) (74) (98 30) (94 16 23 33 38 21 89 81 90 12 1 5 84 31 80 68 56) 
80 (84 77 21 65 35 28 100) (18 52 96) (89 80 11 55 34 4 74) (12 8) (90) (47) (66 72) (37 49 17 26) (30 6) (50 1 25 98 71) 
81 (60) (26 14 2 65 13) (20 42 69 75 1 73 59) (77 4 22 50 19 54 82 89 44 86 76 57 79 70 71) (78 63 100 7 52) (45 6 15 32 56 8 74 27) (49 23 28 21) (37 64) 
82 (15 99) (85 75 8 92) (36 43 14 40 60 21) (49 37 80 41 87 39 69 68) (79 66 3 51 35) (97) (84) (98 24) (46 1 82 7 53) (93 27) (95) 
83 (38 43 79 3 42 62) (66) (65) (69) (70 54 47 76 13) (51 2 26) (28 41 8) (9) (92) (31 97 24 25 94 61 14) (22) (15) (23 53 72 58 74 44) (46) (95 83) (86 7 99 55) (1 50 60) (6 4) (34) 
84 (56 85 93 19 86) (30 14 87 78 69 60 66 41) (31 100 77 88 64) (83) (39 45) (46 26 23 65 74 71 10 4 80) (97 3 68) (81 9 1 43) 
85 (20 35 94 98) (29) (76) (7 90 81) (88 79 83 59) (93 41) (78 67 42 50 22 64 32) (63 86 57 8 75) (69 48 46 1 85 16 92) (56 38) 
86 (25 97 74 90 62 99 80 47) (50) (18 53) (29 41) (65 51 54 73) (45) (72 82) (44) (32 52 5 36 13 37 16) (2 85) (46 26 10 100) (67 70 49 38 43 23 15 55 21 30 17) (48) 
87 (78 13 85) (97 29) (53 68 56) (90 87 15 10 35 83) (14) (72 8 36) (32 51 99 77 16 20) (26 1 67 33 66 7) (73 63 9 59 61 17 57 62 70) (84) (40 6) (58 86) (44 39 37 46 80) 
88 (70) (22) (17) (58) (75) (60 2 81 98) (1 69 32) (12 21 15 59 53) (90 62 89 56 45 43 72 13 64 93 87 26) (83 24) (19) (99) (50) (94 82 63 8 65 7) 
89 (22 81 94 26 37 1) (17 7) (76 19 67 48) (58) (24 14 77 100 3 91 92 56) (79 43 64 61 11 82) (25 93 96) (90) (28 88 15) (21) (32 73 42 8 30 83 18 57) (31) 
90 (27) (86 63 46 98 72) (65 78 9 26 70 31 1 51 47 45 97 93 52 68 44 53 12 96 87 49 67 80 82 22 4 29) 
91 (50 54) (100 24 83 88 15 19 75 45 78 65 16) (63 76 36 49 98 10 60 51 2 46) (42 5 56 47) (82) (12 18 3 72 57 94 33) (8 93) (43) 
92 (31 59) (68 61 49 26 86 73 44 12) (5) (38) (36) (54 57 55) (35 6 4 83 63 66 25 27) (19 75 52 98 34) (37) (48 76 60 9 24) (95 62) 
93 (48 61 34 55 71 47 65 30) (52 50 37 97) (4 13 21 83 7 80) (67 79 69 92 51 91 1 95 57 19 17 26 89 59 81 73 85 66 76 5 94) (70 41 56 82 72 96 9 49 3 60) 
94 (30) (6 39 32 38 84 7 100 71 67 41 68 27 88 60) (72 73 66 18 31) (35 61 13) (21) (64 87 55) (22 76) (25 43 45 75 93 65 16 23 83) 
95 (2 28 9 27) (68 26) (51) (61 81 94) (72 45 4) (38) (95 69 54 48 73 39 66 67) (99) (3) (47 36 19 5 18) (97 87 49 31) (44 76) (41 78) 
96 (18 8) (42 21) (84 91 74 72 67 54 90) (3 48 69 36) (25 32 82 30 49 43 60) (85) (64) (33 73) (65 66 34 39 71) (95 2 6) (35 5 26) (4 38) (1 24) 
97 (70 62 35) (93 4 37 30 21 85 39 20 47 58 27) (90) (87) (16) (61 9 8 18 76) (53 29 19 7 98) (24 51) (12 95 81 43) (28 17) (52 63 73 69) 
98 (26 17 41) (32 22 1 96 37 39 3 53 11 10 4 7 66 93 56) (63 29) (76 88) (50 47 69 72 9 42 33 34 71 5) (8 24 92) 
99 (2 16 23 13 77 47) (91 28 78 3 42 82 33 37) (89 93 19 86 15 55) (96 72 79 66 74 31 41 40 8 60 29 100) (48) (63 57 26 75) 
100 (92 49 52 62 42 94 63 55) (75 60 47 6) (10) (77 82 5 15) (26 98 91 95 4 69 17 48 97 24 37 40 89 16 85 72) (58 53) (36 35 3 21) 
1 (16) (3) (54) (18) (46) (11) (12 78 50 14 93 21 85 9) (89 90 1 31) (4 8 98 81 77 56) (32 79 96 22 29 88 84 83 63 13 80) (58 71 28 76 66 41) (82 87) 
2 (95) (12) (68) (48) (43) (75) (81) (51) (91) (14) (32) (8) (29 74 17 71) (83 33) (45) (18 99 63 5 88 86 54 34) (3 77 67 41 96 28 58 46) (64 65) 
3 (13) (23) (84) (52) (89) (76) (58) (12) (63) (39) (83) (28) (9) (91) (7) (67) (74) (46) (96) (45 93 95) (68 100 48 98 5 82 22 60 30 50 99 49 71 26 15 27 18 42 8 3 66) 
4 (10) (38) (19) (22) (98) (30) (63) (80) (100) (92) (90) (55) (27) (66) (95) (96) (37) (53) (93) (84) (16 97 81 61) (35 24 36 29) (59) (20 5) (39) (69) (2 83 65 68 15 67 14 43) (45 46 3 42) 
5 (15) (45) (49) (5) (100) (92) (7) (95) (30) (63) (6) (75) (69) (19) (72) (74) (93) (61) (42) (98) (86) (91) (41) (25) (31) (66) (96) (79 70) (35 32 29 48 36 28 38) 
6 (23) (37) (16) (83) (94) (70) (9) (87) (80) (96) (71) (24) (28) (25) (20) (3) (53) (72) (21) (8) (92) (42) (69) (30) (26) (18) (29) (46) (66 17 2) (45) (54 22 81 6 100 41) (56 50) 
7 (39) (22) (34) (76) (50) (77) (66) (94) (82) (24) (10) (81) (32) (37) (9) (93) (53) (4) (54) (88) (52) (25) (62) (97) (45) (36) (89) (6) (55) (59) (83) (29 98 35 85 23 12 87 61 74) 
8 (87) (74) (46) (23) (27) (98) (70) (45) (5) (85) (89) (8) (67) (96) (29) (82) (4) (13) (57) (77) (50) (21) (24) (32) (1) (20) (18) (6) (35) (99) (83) (80 88 64 47) (36 81 17 97) (66 91 44) (65) (75 68 76) 
9 (21) (70) (95) (6) (50) (2) (53) (43) (90) (98) (46) (84) (60) (64) (5) (51) (45) (71) (83) (63) (18) (14) (93) (52) (32) (1) (87) (92) (97) (76) (79) (29) 
10 (62) (100) (58) (27) (39) (10) (26) (22) (42) (91) (38) (7) (98) (51) (47) (67) (44) (72) (71) (52) (84) (3) (21) (33) (86) (25) (56) (43) (63) (16) (61) (1) (87) (4) 
11 (15) (21) (98) (60) (1) (39) (7) (48) (12) (80) (67) (73) (29) (70) (25) (37) (54) (45) (77) (17) (47) (71) (57) (89) (79) (52) (20) (26) (30) (19) (78) (43) (72) (28) (4) 
12 (26) (88) (62) (91) (52) (90) (4) (57) (3) (19) (77) (35) (61) (53) (27) (49) (74) (44) (67) (97) (9) (21) (80) (15) (8) (58) (18) (56) (60) (42) (30) (79) (92) (45) (17) 
13 (15) (5) (72) (99) (87) (31) (35) (83) (55) (38) (94) (59) (76) (34) (8) (47) (93) (51) (57) (36) (39) (58) (77) (20) (60) (16) (37) (28) (88) (73) (81) (56) (71) (86) (68) (18) 
14 (89) (82) (83) (11) (60) (52) (57) (36) (70) (6) (21) (23) (81) (1) (68) (48) (67) (32) (31) (84) (54) (56) (87) (38) (19) (53) (75) (44) (69) (30) (3) (39) (73) (27) (5) (25 63 4 72 28 65 37) (14 35) (26 49 46 16 76) 
15 (38) (52) (82) (87) (5) (33) (19) (32) (29) (35) (16) (53) (44) (43) (68) (99) (50) (83) (91) (18) (57) (40) (24) (63) (89) (81) (28) (3) (2) (7) (86) (88) (10) (6) (15) (45) (20) (100) (22 21) 
16 (23) (32) (25) (73) (94) (64) (99) (27) (34) (86) (49) (61) (87) (1) (19) (77) (54) (52) (20) (62) (17) (13) (14) (12) (66) (55) (97) (51) (85) (100) (57) (28) (6) (46) (9) (38) (79) (70) (72 59 91) (67) 
17 (47) (44) (20) (25) (75) (48) (57) (40) (71) (50) (93) (80) (41) (100) (23) (56) (27) (29) (89) (86) (97) (1) (60) (55) (36) (42) (9) (34) (87) (18) (70) (3) (98) (13) (88) (67) (43) (33) (19) (17 37 64 2 68) 
18 (54) (97) (72) (23) (53) (89) (74) (78) (66) (7) (28) (96) (17) (52) (94) (12) (31) (3) (86) (80) (91) (44) (69) (20) (27) (70) (40) (8) (95) (65) (59) (38) (48) (62) (29) (15) (79) (16) 
19 (34) (27) (40) (92) (95) (67) (38) (32) (3) (19) (93) (11) (74) (88) (58) (81) (84) (39) (42) (14) (49) (55) (24) (47) (71) (89) (16) (51) (68) (36) (69) (97) (25) (37) (70) (45) (56) (2) (6) (65 99) (91) 
20 (59) (70) (42) (81) (53) (71) (14) (33) (68) (34) (97) (1) (55) (72) (87) (35) (79) (8) (44) (26) (29) (85) (61) (24) (50) (3) (9) (25) 
21 (65) (27) (48) (100) (82) (80) (89) (22) (88) (96) (7) (24) (94) (10) (20) (52) (97) (86) (55) (11) (6) (47) (18) (59) (35) (19) (70) (93) (40) (51) (32) (69) (41) (43) (62) (42) (9) (25) (16) (81) (76 4 79 64) 
22 (75) (38) (36) (76) (23) (85) (58) (7) (18) (16) (34) (26) (60) (53) (56) (15) (81) (89) (94) (88) (35) (25) (13) (19) (69) (68) (59) (98) (61) (90) (51) (63) (71) (70) (83) (49) (72) (78) (31) (48) 
23 (7) (62) (41) (18) (38) (83) (13) (74) (51) (94) (81) (64) (47) (71) (28) (58) (40) (63) (69) (55) (84) (31) (73) (34) (52) (27) (11) (39) (86) (61) (2) (66) (65) (68) (33) (78) (99) (77) (5) (79) (46 49 35) 
24 (11) (58) (83) (1) (5) (91) (40) (96) (72) (2) (92) (30) (29) (9) (70) (8) (71) (46) (73) (97) (41) (56) (89) (37) (17) (61) (22) (82) (100) (98) (27) (49) (76) (77) (15) (16) (67) (33) (55) (20) (10) (69 25 88) 
25 (80) (72) (15) (76) (48) (57) (28) (94) (83) (89) (47) (86) (60) (71) (14) (11) (17) (53) (10) (96) (64) (3) (19) (55) (67) (43) (45) (29) (38) (92) (75) (6) (44) (27) (35) (46) (2) 
26 (96) (36) (2) (81) (11) (28) (31) (78) (45) (83) (89) (90) (22) (29) (69) (92) (8) (66) (86) (41) (59) (95) (48) (18) (23) (60) (100) (84) (15) (93) (40) (35) (63) (98) (54) (70) (87) (88) (99) (6) (53) (4 52) (80 37) (55 39 75 20) 
27 (71) (41) (61) (42) (6) (82) (22) (58) (65) (30) (23) (56) (62) (37) (70) (95) (2) (97) (15) (59) (92) (90) (21) (51) (69) (29) (7) (67) (66) (18) (34) (81) (8) (94) (50) (63) (19) (49) (74) (76) 
28 (19) (16) (22) (80) (97) (37) (61) (60) (55) (33) (99) (44) (54) (14) (71) (25) (35) (4) (26) (89) (56) (40) (62) (17) (18) (32) (27) (28) (36) (95) (83) (67) (41) (51) (81) (70) 
29 (31) (52) (38) (51) (97) (77) (3) (99) (42) (53) (35) (21) (59) (55) (57) (30) (47) (40) (70) (7) (60) (87) (67) (85) (26) (4) (90) (36) (54) (13) (69) (78) (23) (75) (98) (86) (22) (34) 
30 (30) (68) (6) (94) (38) (93) (69) (24) (26) (45) (73) (66) (42) (97) (79) (40) (86) (44) (25) (89) (84) (19) (2) (96) (20) (8) (46) (67) (15) (21) (37) (13) (56) (80) (43) (9) (63) 
31 (66) (57) (94) (4) (27) (29) (58) (95) (19) (20) (21) (25) (90) (9) (89) (92) (46) (68) (32) (23) (99) (7) (1) (54) (42) (59) (5) (83) (78) (69) (64) (73) (76) (67) (72) (10) (36) (17) (16) (48) (79) (49) (84) (41) 
32 (57) (86) (87) (98) (54) (3) (29) (77) (94) (76) (81) (89) (23) (72) (70) (17) (25) (33) (34) (26) (27) (96) (60) (68) (4) (35) (39) (13) (10) (36) (71) (88) (40) (85) (50) (63) 
33 (10) (63) (5) (12) (71) (8) (62) (51) (87) (24) (43) (73) (1) (39) (96) (79) (16) (32) (77) (57) (4) (11) (53) (30) (48) (35) (52) (91) (2) (98) (56) (75) (26) (29) (13) (76) (65) (99) (20) (15) (78) 
34 (57) (22) (41) (50) (2) (39) (26) (3) (1) (17) (51) (5) (76) (6) (8) (24) (78) (36) (13) (58) (83) (93) (40) (31) (52) (98) (10) (43) (70) (96) (9) (23) (49) (80) (72) (71) (48) (77) (92) 
35 (70) (24) (64) (97) (30) (32) (27) (80) (33) (49) (29) (39) (85) (82) (40) (75) (100) (34) (96) (17) (35) (48) (47) (19) (56) (44) (87) (60) (22) (1) (13) (61) (92) (94) (18) (20) (28) 
36 (82) (96) (35) (32) (87) (92) (74) (67) (7) (52) (42) (23) (91) (2) (31) (100) (5) (57) (71) (69) (86) (77) (95) (8) (75) (28) (59) (10) (39) (1) (14) (58) (51) 
37 (16) (100) (6) (1) (2) (82) (12) (41) (89) (70) (29) (17) (3) (54) (97) (27) (68) (52) (28) (99) (92) (8) (22) (62) (93) (60) (37) (80) (87) (98) (86) (32) (11) (24) (61) (7) (39) (26) (81) (57) (42) 
38 (86) (2) (23) (5) (21) (60) (64) (83) (85) (50) (72) (19) (31) (35) (11) (20) (63) (67) (1) (37) (18) (17) (15) (96) (92) (65) (47) (76) (43) (95) (6) (79) (39) (16) (69) (94) (29) 
39 (24) (14) (76) (97) (82) (98) (12) (41) (45) (62) (70) (31) (94) (48) (96) (64) (87) (26) (34) (58) (30) (84) (72) (68) (50) (19) (29) (21) (54) (36) (15) (16) (56) (63) (53) (65) (1) (17) (95) 
40 (100) (67) (76) (35) (37) (59) (99) (55) (42) (56) (12) (82) (60) (87) (52) (62) (29) (33) (2) (22) (30) (51) (23) (71) (21) (11) (34) (16) (10) (17) (53) (41) (25) (27) (48) (6) 
41 (41) (94) (99) (22) (42) (77) (34) (83) (5) (40) (58) (82) (16) (93) (23) (44) (95) (19) (69) (67) (52) (98) (47) (17) (45) (70) (50) (51) (4) (84) (73) (12) (9) (86) (13) (49) (54) (6) (43) (85) 
42 (31) (51) (5) (7) (69) (34) (91) (37) (64) (10) (81) (21) (65) (55) (60) (89) (98) (59) (74) (4) (53) (99) (24) (57) (73) (96) (48) (77) (11) (75) (20) (18) (27) (19) (25) (100) (12) (68) (1) (45) (83) (85) (58) (66 16) (3) (32 54 63 62) 
43 (57) (28) (84) (46) (55) (83) (41) (94) (69) (86) (2) (13) (37) (17) (67) (75) (21) (82) (74) (51) (77) (91) (52) (96) (42) (15) (89) (3) (5) (43) (44) (40) (60) (4) (61) (88) (25) (97) 
44 (52) (45) (95) (90) (43) (13) (92) (34) (69) (22) (3) (18) (67) (65) (86) (61) (54) (72) (11) (5) (24) (66) (25) (81) (31) (62) (50) (75) (87) (14) (78) (70) (28) (73) (57) (60) (51) (35) (49) (83) (21) (27) (58) (53) (76) 
45 (31) (28) (18) (95) (41) (94) (40) (90) (63) (12) (30) (45) (65) (81) (88) (55) (37) (91) (32) (10) (71) (8) (86) (19) (84) (9) (20) 
46 (59) (55) (30) (85) (23) (26) (64) (53) (77) (48) (39) (66) (91) (15) (33) (2) (37) (61) (27) (84) (90) (31) (70) (18) (35) (86) (1) (73) (29) (36) (7) (83) (28) (87) (11) (82) (52) (45) (19) 
47 (74) (86) (9) (5) (91) (77) (3) (8) (34) (22) (38) (68) (57) (56) (48) (95) (67) (83) (93) (45) (26) (39) (66) (25) (16) (72) (90) (1) (98) (80) (23) (99) (100) (41) (19) (59) (20) (31) (7) (11) (97) (15) (75) (21) 
48 (92) (16) (89) (11) (8) (39) (38) (55) (3) (66) (67) (14) (48) (44) (100) (64) (49) (50) (74) (96) (29) (4) (63) (95) (53) (19) (86) (85) (93) (35) (60) (99) (76) (47) 
49 (38) (39) (7) (29) (3) (56) (6) (37) (35) (13) (63) (36) (91) (4) (16) (22) (93) (95) (75) (82) (79) (70) (62) (26) (23) (69) (11) (44) (92) (25) (33) (49) (81) (18) (52) (100) (1) (53) (86) (80) (8) (96) (60) (64) (90) (31) (40) 
50 (45) (83) (80) (11) (93) (52) (65) (72) (21) (85) (73) (13) (68) (17) (67) (27) (43) (75) (81) (86) (98) (25) (91) (36) (79) (33) (44) (19) (69) (20) (40) (88) 
51 (65) (45) (91) (26) (56) (77) (38) (67) (23) (97) (22) (87) (15) (82) (27) (86) (19) (50) (47) (70) (7) (44) (57) (93) (29) (20) (46) (37) (90) (95) (1) (83) (52) 
52 (54) (6) (42) (92) (30) (66) (20) (58) (71) (86) (97) (100) (44) (33) (28) (81) (41) (27) (93) (25) (53) (29) (50) (55) (35) (90) (3) (70) (75) (36) (8) (64) (51) (2) (69) (80) 
53 (1) (61) (86) (36) (90) (68) (12) (51) (21) (40) (82) (25) (13) (43) (63) (11) (24) (98) (53) (50) (7) (55) (87) (58) (10) (35) (60) (59) (14) (54) (64) (69) (72) (27) (30) (66) (97) (100) (88) (83) (28) (31) (9) (4) (23) 
54 (95) (13) (33) (45) (43) (10) (59) (26) (91) (41) (60) (40) (21) (86) (24) (83) (78) (7) (92) (54) (71) (49) (38) (64) (69) (67) (1) (81) (56) (23) (96) (29) (48) 
55 (31) (71) (37) (74) (35) (55) (36) (92) (59) (10) (1) (26) (72) (94) (99) (54) (80) (51) (23) (32) (16) (100) (13) (17) (30) (28) (57) (93) (86) (3) (83) (33) (24) (78) (44) (75) (58) (69) 
56 (84) (6) (21) (79) (55) (75) (36) (91) (58) (89) (78) (88) (87) (15) (61) (62) (20) (69) (98) (93) (1) (77) (35) (42) (81) (5) (16) (85) (51) (56) (11) (47) (71) (19) (18) (48) (23) 
57 (34) (27) (92) (49) (93) (81) (10) (3) (58) (87) (44) (67) (20) (15) (48) (89) (51) (91) (8) (38) (13) (2) (76) (85) (50) (16) (74) (57) (17) (31) (53) (9) (5) (99) (66) (70) (37) (36) (28) (35) (46) (12) 
58 (65) (67) (1) (29) (46) (71) (89) (20) (10) (6) (34) (18) (28) (72) (68) (61) (87) (37) (22) (60) (53) (69) (59) (40) (62) (24) (55) (78) (8) (42) (23) (58) (32) (49) (11) (88) (21) (14) (16) (100) (17) (31) (83) (5) (25) (97) (44) 
59 (3) (68) (87) (81) (18) (42) (21) (11) (35) (63) (85) (79) (65) (26) (25) (61) (19) (41) (93) (53) (15) (88) (14) (69) (29) (40) (66) (33) (2) (46) (92) (67) (39) (52) (72) (20) (70) (75) (56) (6) (74) (9) 
60 (22) (78) (94) (19) (3) (63) (72) (20) (82) (57) (83) (55) (62) (81) (39) (64) (84) (91) (9) (24) (70) (53) (71) (27) (10) (99) (18) (92) (96) (100) (23) (4) (52) (88) (46) (75) (8) (31) (51) (58) (45) (50) (93) (5) (48) (42) (49) 
61 (70) (17) (4) (27) (55) (95) (97) (61) (67) (49) (39) (22) (31) (83) (73) (77) (62) (78) (3) (15) (5) (35) (18) (92) (33) (68) (51) (60) (43) (45) (36) (25) (21) (69) (87) (38) (93) (8) (89) (72) (13) (41) (94) 
62 (1) (97) (29) (31) (63) (22) (16) (44) (70) (86) (87) (73) (40) (17) (4) (58) (41) (92) (14) (8) (13) (37) (6) (45) (83) (43) (26) (78) (12) (59) (3) (62) (19) (36) (55) (77) (35) (23) (88) (46) (100) 
63 (99) (85) (92) (91) (39) (34) (1) (60) (87) (48) (54) (15) (90) (26) (69) (33) (6) (97) (98) (2) (21) (88) (19) (100) (35) (22) (81) (64) (46) (76) (40) (31) (36) (28) (10) 
64 (88) (54) (31) (66) (74) (18) (34) (36) (14) (69) (62) (37) (16) (94) (96) (61) (22) (12) (71) (26) (33) (17) (4) (85) (25) (84) (15) (58) (50) (53) (73) (72) (21) (48) (81) (6) (59) (47) (11) (89) (29) (64) (68) (46) 
65 (41) (59) (86) (93) (49) (94) (73) (48) (27) (91) (12) (8) (60) (90) (38) (2) (83) (16) (34) (78) (88) (7) (84) (81) (42) (46) (47) (40) (68) (3) (35) (65) (14) (21) (80) (13) (64) (52) (43) (96) 
66 (16) (94) (45) (34) (46) (37) (61) (60) (95) (12) (83) (48) (44) (87) (7) (22) (84) (13) (28) (71) (78) (72) (40) (30) (10) (69) (96) (52) (17) (63) (80) (92) (65) (20) (8) (33) (93) (99) (14) (67) (82) (11) (98) 
67 (6) (95) (53) (42) (34) (47) (89) (15) (79) (36) (85) (8) (54) (93) (96) (4) (5) (58) (87) (90) (11) (39) (14) (55) (94) (48) (31) (57) (49) (62) (30) (70) (28) (10) (71) (76) (77) (41) (7) (86) (68) (52) (27) (17) 
68 (87) (73) (55) (2) (17) (4) (84) (6) (19) (34) (66) (31) (75) (53) (24) (94) (92) (29) (69) (60) (20) (33) (95) (47) (50) (52) (9) (57) (44) (90) (40) (13) (79) (82) (25) 
69 (49) (81) (4) (40) (75) (100) (3) (56) (6) (83) (97) (35) (1) (31) (93) (53) (5) (96) (11) (68) (25) (15) (61) (85) (60) (20) (22) (43) (98) (32) (95) (55) (18) (26) (88) (84) (16) (36) (65) (74) (46) (82) (63) (17) (54) (19) 
70 (37) (83) (79) (63) (23) (75) (81) (50) (12) (7) (32) (67) (87) (90) (74) (21) (27) (9) (29) (97) (88) (41) (76) (60) (48) (44) (69) (13) (30) (24) (65) (1) (15) (14) (52) (93) (17) (42) (86) 
71 (51) (73) (93) (84) (68) (32) (47) (3) (25) (10) (49) (75) (14) (23) (60) (70) (11) (20) (50) (19) (40) (78) (44) (42) (48) (22) (94) (4) (98) (57) (15) (13) (61) (30) (96) (16) (81) (69) (38) (80) 
72 (3) (93) (18) (60) (94) (95) (98) (25) (86) (51) (88) (80) (99) (21) (91) (38) (26) (9) (63) (90) (100) (50) (8) (57) (31) (56) (42) (39) (53) (43) (96) (77) (30) (61) (10) (64) (78) (87) (6) (71) (83) (33) (5) (76) (20) 
73 (93) (28) (10) (9) (89) (87) (81) (65) (49) (92) (74) (44) (37) (7) (14) (97) (42) (95) (86) (73) (31) (40) (56) (94) (17) (67) (69) (21) (66) (96) (41) (29) (51) (34) (23) 
74 (27) (84) (80) (3) (48) (47) (65) (1) (9) (49) (75) (19) (17) (14) (86) (7) (46) (35) (43) (58) (79) (70) (72) (83) (81) (96) (99) (56) (69) (31) (78) (67) (11) (76) (20) (73) (10) (13) (16) (63) (77) 
75 (24) (14) (72) (26) (31) (33) (25) (81) (74) (18) (44) (47) (56) (22) (85) (23) (82) (13) (92) (29) (38) (61) (69) (67) (99) (100) (9) (88) (50) (94) (43) (2) (46) (91) (54) (53) 
76 (79) (65) (1) (92) (74) (95) (58) (36) (81) (25) (24) (98) (78) (31) (44) (66) (9) (21) (48) (72) (85) (13) (94) (2) (33) (26) (69) (14) (70) (11) (93) (75) (6) (47) (45) (34) (17) (54) (62) (89) (46) (83) (30) (91) (40) (57) (55 97) 
77 (11) (55) (80) (63) (57) (45) (46) (81) (1) (68) (37) (29) (21) (12) (48) (30) (74) (100) (17) (7) (62) (36) (99) (84) (61) (28) (60) (77) (3) (78) (58) (76) (89) (49) (65) (43) (87) (39) (2) (42) 
78 (51) (63) (41) (76) (25) (38) (78) (43) (81) (1) (54) (20) (64) (53) (35) (87) (99) (74) (85) (58) (27) (34) (28) (61) (12) (70) (84) (95) (90) (18) (8) (91) (14) (21) (50) (33) (4) (26) 
79 (22) (51) (40) (93) (48) (2) (11) (58) (72) (47) (68) (1) (89) (59) (66) (85) (76) (33) (17) (21) (82) (99) (83) (16) (50) (74) (63) (18) (28) (29) (78) (25) (71) (70) (30) (77) (81) (53) (61) (69) (45) (5) 
80 (80) (79) (7) (82) (3) (87) (11) (71) (47) (93) (50) (46) (8) (53) (84) (90) (72) (60) (48) (74) (31) (86) (40) (62) (49) (20) (33) (12) 
81 (54) (21) (50) (64) (2) (49) (97) (36) (6) (47) (29) (23) (88) (31) (46) (13) (69) (89) (72) (3) (85) (58) (53) (95) (24) (84) (61) (79) (93) (67) (70) (12) 
82 (70) (86) (64) (23) (100) (82) (59) (99) (75) (81) (20) (27) (34) (37) (88) (5) (17) (46) (12) (73) (52) (2) (6) (29) (10) (89) (79) (66) (91) (96) (71) (93) (49) (51) (72) (40) (90) (9) (45) 
83 (85) (5) (26) (84) (23) (91) (89) (9) (83) (20) (38) (34) (93) (66) (88) (79) (22) (92) (13) (43) (31) (41) (77) (94) (33) (63) (24) (3) (27) (49) (7) (16) (42) (64) (87) 
84 (5) (17) (82) (50) (66) (29) (73) (87) (80) (64) (96) (30) (55) (70) (1) (8) (27) (67) (35) (57) (23) (72) (42) (34) (71) (79) (94) (16) (59) (11) (48) (61) (58) 
85 (41) (32) (4) (87) (25) (33) (74) (3) (93) (36) (75) (34) (53) (82) (78) (85) (76) (8) (37) (96) (48) (22) (10) (29) (17) (84) (97) (72) (100) (56) (79) (5) (46) (16) (61) (86) (35) (28) (73) (58) (66) (51) (24) 
86 (87) (46) (90) (24) (68) (83) (78) (10) (42) (34) (51) (23) (16) (57) (60) (84) (41) (56) (45) (63) (50) (66) (33) (30) (92) (39) (70) (47) (22) (20) (29) (54) (85) (44) (62) (81) (76) (8) (40) (19) (99) 
87 (47) (87) (88) (38) (51) (26) (84) (95) (36) (1) (2) (6) (58) (16) (75) (79) (15) (76) (17) (27) (82) (63) (4) (10) (23) (70) (77) (3) (8) (49) (67) (97) (55) (94) (90) 
88 (36) (27) (53) (7) (5) (33) (62) (76) (22) (61) (8) (29) (77) (55) (85) (6) (26) (70) (31) (42) (89) (4) (59) (98) (13) (45) (49) (56) (52) (84) (91) (16) (94) (35) (67) (11) (1) 
89 (100) (67) (63) (79) (23) (80) (71) (38) (32) (37) (68) (42) (28) (54) (25) (72) (29) (77) (27) (36) (65) (31) (35) (93) (99) (10) (11) (15) (88) (52) (5) (14) (66) (81) 
90 (71) (40) (21) (67) (44) (52) (8) (41) (76) (70) (24) (43) (46) (31) (89) (96) (19) (35) (73) (78) (50) (65) (9) (53) (86) (87) (66) (10) (80) (88) (63) (25) (37) (61) (79) (22) (72) (97) (2) (64) (85) (77) (17) 
91 (100) (50) (63) (99) (76) (1) (32) (17) (96) (25) (24) (37) (34) (38) (78) (66) (47) (93) (56) (27) (15) (46) (21) (42) (3) (6) (12) (4) (57) (49) (58) (48) (73) (23) (51) (53) (61) (89) (5) 
92 (58) (20) (33) (93) (65) (38) (23) (13) (100) (89) (37) (61) (70) (83) (62) (41) (32) (82) (42) (28) (27) (12) (9) (5) (51) (73) (85) (78) (49) (59) (4) (75) (39) (57) (2) (98) (40) (47) (69) (43) (55) (14) (22) (53) 
93 (97) (99) (51) (98) (36) (55) (91) (50) (89) (77) (52) (82) (21) (88) (49) (84) (5) (69) (44) (54) (63) (33) (85) (47) (42) (62) (90) (29) (11) (32) (9) (12) (23) (70) (94) (7) (40) (31) (8) (71) (48) (57) (73) (30) 
94 (20) (4) (22) (83) (17) (12) (100) (66) (14) (5) (53) (95) (10) (34) (32) (62) (25) (1) (31) (26) (60) (71) (41) (73) (49) (93) (77) (75) (91) (68) (11) (2) (51) (29) (89) (85) (70) (79) (57) (23) (61) (19) (88) (63) (40) 
95 (72) (6) (70) (34) (77) (78) (14) (49) (39) (95) (48) (92) (56) (47) (51) (74) (35) (4) (29) (64) (82) (57) (68) (55) (100) (97) (43) (44) (37) (40) (30) (31) (60) (71) (83) (93) (61) (19) (96) (69) (22) (62) 
96 (93) (47) (3) (35) (98) (11) (90) (75) (46) (71) (60) (4) (62) (53) (61) (34) (50) (38) (16) (72) (24) (99) (80) (44) (65) (69) (48) (9) (37) (19) (89) (33) (42) (15) (12) (77) (52) (8) 
97 (87) (95) (82) (8) (44) (75) (38) (12) (93) (77) (55) (61) (86) (64) (30) (26) (69) (70) (100) (16) (50) (3) (21) (52) (4) (65) (5) (60) (90) (49) (76) (54) (14) (59) (19) (74) (83) (84) (23) (28) (13) 
98 (33) (76) (23) (44) (59) (25) (67) (91) (97) (48) (14) (6) (39) (65) (88) (90) (15) (82) (62) (22) (70) (92) (68) (45) (85) (51) (71) (80) (47) (18) (79) (32) (100) (26) (37) 
99 (83) (33) (27) (43) (11) (87) (72) (88) (62) (86) (54) (10) (44) (31) (60) (30) (78) (52) (17) (36) (41) (95) (40) (82) (18) (69) (76) (53) (66) (37) (23) (42) (49) (32) 
100 (6) (57) (36) (7) (21) (15) (58) (84) (18) (99) (43) (40) (89) (23) (11) (8) (71) (46) (67) (26) (12) (76) (78) (80) (86) (50) (81) (91) (31) (5) (17) (49) (51) (94) (38) 
