0
100
100
1 (80 18 25) (72 7 87 68 46) (39) (77) (98) (89) (57 1 95) (41) (31 91) (34 56) (15) 
2 (90) (8) (19) (27 84) (78) (62) (43) (22 53) (28 3 10) (97) (25) (26) (20 49) (72 13 60 64) (68) (32) (1 75 79) 
3 (73) (35 88 95 78) (54 45) (29) (62) (1 18) (80) (21) (32) (10 34 9 38) (56) (20) 
4 (1 59) (67) (40) (86) (75) (82 27) (65) (3) (53) (31 55 63) (90) 
5 (51) (47) (95) (85) (86) (20) (23) (66) (40 54) (42) (83) (14 38 29) (24) 
6 (49) (60 44) (61 69) (38) (32 2) (33) (10) (66 8 100) (53 64) (19) 
7 (55 28) (87 57) (83) (44 47 19 80 18) (96) (40) (100) (69 51) 
8 (91 78) (74 29) (9 36) (8) (75 22) (39 26 57 5) (81) (44) (54) (68) (98) (69 12) (27) (24) 
9 (50) (6) (43) (61 81) (92 63 30 74) (66 28 71 85 98) (27) 
10 (22) (38) (50) (27) (40 5 11 13) (32) (85) (23) (64 12) (96 99 69) (31) (51) (95) (48) (74) 
11 (81) (77) (92) (88 40) (61) (23 10) (58) (24 66) (83) (75) (2) (5 65) (55) (94) (74) 
12 (57 2 32) (13 33 20) (47) (79 84) (54 65 96 50 7 5 81 88) (68) (89) (86 41) (100 51) (75) (52) 
13 (57 23 79 71) (30) (75) (25) (15) (39) (42 34 3) (78) (11) (40 84) (45 64 51) (54 83) 
14 (62) (68 58 10) (97) (6 47) (8) (36) (49 90 9) (3) (70 26) (13) 
15 (93 42 21) (34 82) (85) (4 23) (32 49) (57) (71 31) (26 66) (44 76 47 38 77 35) (72) (81 2) 
16 (43 29) (13) (65 89) (62) (77) (66) (54) (94) (61) (17 22 48) (3 1) (82) (67 91) (55) 
17 (92) (56) (48 91) (76) (45 13) (73) (98) (67) (97) (53 20) (70) (79) (40) (24) 
18 (73) (90 13) (95 20) (43) (100) (69 28 24) (3) (40 59 1 60 57 85) (30) (77) (81) 
19 (18) (11) (78) (88 65) (39 45) (61) (70) (89) (3) (71) (54) (83) (42) (23) (29) (20 67 66 84) 
20 (88) (21 31 79 73) (82) (40) (94) (34 25) (24) (5) (71 50) (51 49) (53 43) (80) (3 37 55) 
21 (64) (85 86 55 13 69 39 11 100 50 75 10) (40) (74) (92 94 60) (23) 
22 (10) (62) (75) (64) (70 48) (73) (87) (82 53) (40) (74) (32) (77 22) (57) (85 4) 
23 (45) (27) (56 40) (81) (30) (72) (55 33) (49 26) (99 22) (3 44) (58) (75 43) (47 83) (96) (73 24) (62) 
24 (96) (70) (99 12) (32) (10) (29) (9) (61) (80 95) (22 100) (88) (19 97 41) (6 72) (28) 
25 (45) (93) (57) (66) (89 26 67 71) (19) (31) (9) (13 1 14 29) (6 80) (92 87) (70) (10) (88 97) (79 7) 
26 (63) (95 54 12) (7) (20 97) (77 38) (34) (61) (15 53 6) (93) (71 33 85) (11) (23) (75 56) (91) 
27 (59) (85 35) (56 82 20) (18 90 14) (87) (99) (58 34 33 89 45 71) (86) (72) (3) (26) (91) (67 11) (78) 
28 (62 94 71) (9 54 45 59 65) (22) (29) (56 90) (8 99) (19) (21 42 95) (72 75) (88) (37) 
29 (11) (65 19) (89) (75) (56 73) (6) (49) (71) (63) (27 53 81) (94 28 67) (3 96 33 41) (98 97) (54) 
30 (50 91) (96) (9 48 89) (30) (5) (98) (46 99) (57 80 60) (69 13 1 78) (93 90 71 72) (97) (62 39) 
31 (35) (33) (57) (93 4) (76) (98) (58 31) (26) (79) (3) (16 59 2) (89) 
32 (88 50 11) (13 74 79) (98 66 89 32) (56) (73 46 78) (86) (7) (99) (21) 
33 (66) (78) (62) (30) (67) (79) (18) (77) (17) (73 38) (40) (52) (95) (44) (80 87) (10) 
34 (60) (25) (5) (61) (59) (11) (57 40) (94) (66 76 95) (49 29) (1 72) 
35 (4 55 26) (99) (68 33 2) (38 47) (59 67) (16 79 83 72) (49) (92 74) (90 69) 
36 (45 68) (54) (6 11) (33) (42) (86) (17 37) (15 23 36) (10) (30) (72) (59) (87 85) (50 90 56) (83) (32 53) (29 48) (51) 
37 (82 45 89 61 34 7 70 93 39 64) (49 26) (75 44 42) (11) (30) (22) (25) (95) (51) 
38 (40 93) (81 54) (18) (37) (52) (26) (36) (68) (33 32 91 70 21 85) (23 29 73 13) (7) (16 78) (34) 
39 (99) (57) (64) (35) (48) (100) (39) (12 90 7) (94) (10) (93) (34) 
40 (77) (61) (65) (62 18) (58 54 63) (35) (49) (69) (80) (51) (76 91) (9) (19) (99 88 83) (13 10 68) (73) (89 82) 
41 (81 18) (97 61) (48 70 53) (28) (62 36 58) (27) (10 87) (82) (60) (15) (95) (89) (25 63) (59 83) (29) 
42 (25 7) (31) (93 94) (100) (85) (9) (96 39 53) (36) (62 38 65 82 35 12) (23) 
43 (7 90 9 37 91) (5) (3 35 92) (66 8 67 97) (46) (65) 
44 (92 65) (10 86) (53) (74 11) (59) (1) (64) (2) (3 88) (82 61) (94) (55) (7) (67) 
45 (64) (37) (68 87) (39 47 65 63) (7) (29) (61) (96) (35) (32) (19) (36) (55) (95 78 2) 
46 (82 24 80) (71 64 21 83) (66 14 89) (2 37 45) (1) (50) (54) (27 36) (51 12) (46) 
47 (88) (66 79) (64) (92) (81) (55 7 56 42) (93 60 49) (9) (14 25) (15 20) 
48 (34 69) (56 39 97 99 47 27) (72 7) (68) (40) (31) 
49 (22 89 73 13) (99) (40) (56) (77) (80) (53) (85) (91) (60 45) (11) (20 33) (38) (66) 
50 (85) (53) (4 37) (17) (29) (11) (2) (24 19) (54) (97) (36 20 14) 
51 (7) (62 71) (43 24) (59) (52 90) (1) (30) (95) (56) (72) (4) (83) 
52 (39 53 83) (11) (63) (66) (41) (9) (31) (69) (70) (88) (96) (87) 
53 (5) (24) (70) (22 3) (43 65) (98) (55 96 28 62) 
54 (90 35 1) (53) (51) (5) (78 41) (87) (80) (20) (92) (63 50 25) (79) (55) (91) (23) (39) 
55 (27) (65) (13 50) (51) (28) (33) (49 2 36 18) (84) (52 10 97 81) (73) (5) (23) (71) 
56 (76) (100 87) (36) (46) (86) (96) (38 69) (42 81 25) (74) (19) (15 85) (71 11) (47) 
57 (50) (3 88 37 35) (67 34) (85) (64) (73) (76) (49 84) (41) (53) (26) (45) (4) (75) (82) 
58 (6) (37 41 26 34) (99 33) (96 28 7 76 44 24) (16) (84 73) (70) (5) (22) (36 81) 
59 (11) (57) (33 72) (21) (84 51 25 97 70 98 87) (90) (81 42) (46) (82 2) (35 63 5) (71) 
60 (45 59) (84) (74 93) (86 66) (26) (54 16 55) (49) (47 43 96 36) 
61 (24) (84 43) (39 58) (86 80) (19 87) (17) (3) (92) (41 45) (93) (55) (69) (46) (89 5) (68) (23) (96 48) 
62 (5) (88) (26 98 87) (93 6) (99 75 64) (13 61) (12) (62) (100) (20) (9) (72 8) (80) (58) (77 45) (47) 
63 (73 63) (29) (91 58) (85) (11) (79) (87) (8) (94) (51) (13) (90) (52 55) (56) (30) (53 26) (84) (34) (1) 
64 (98) (100 38 93) (89 79 1) (31) (86 75 28 96 88) (17) (20 76) (18) (13) (91 30) (52 99 5) (32) (6) 
65 (30) (91 53 18) (22) (56) (64) (98 62) (3) (23) (78) (52) (83 90) (43 10 59) (6) (67 88) 
66 (38 41) (86) (54 63) (87) (44 26) (74) (30 80 59) (81 91) (90 3 21) (28) (95 43 68) (34) (17) 
67 (86 80) (33 45) (7) (32) (64) (20) (17 92 38) (8 36) (65 4) (84 27) (28 90) (61) (97) (41) 
68 (23) (54 25) (65) (31) (84) (43) (85 50) (9 24) (29) (57 46 39 100 20) (13 63 48) 
69 (75 78 54 80 3) (64) (12) (58) (11 86) (37) (70) (14) (72) (84) (90 68) (38) (28) (57) 
70 (67 48) (74) (45) (96 16) (36 3 66) (14 91 58) (92) (39 77 80) (56) 
71 (99) (59) (1) (14) (38 94) (50 32) (71) (93) (29) (35) (44 41 65) (42 69) (34) (3) 
72 (99 69 11) (87 16) (98) (17) (72) (10 14 60 73) (88 74 78 52 55) (38) (63 34) (51) 
73 (87 7 50) (89) (82 1) (69) (5) (94 92 79 18) (28) (17) (22) (37) (61) (62 4 64 81) (26) (45) (100) 
74 (64) (20 80) (36 74 13 47 54 1 46) (92) (45 100) (82 77) (42) 
75 (24) (75 45 94) (70) (38) (51 57) (3) (18) (96) (82) (76) (34 4) (14) (36) (22) (50) (80) (15) (17 83) (41) 
76 (56) (11 20) (80 92) (60) (95) (86) (64) (13) (70) (58 31) (46 67) (91) (27) (62) (25) (89 44) (47 48) 
77 (39) (70) (46) (11 25) (64 92 97) (100) (45 34) (35 17) (93 30) 
78 (95) (30) (40) (55) (7) (52) (20) (49) (31) (25) (2) (26 86 80 21) (53) (76) (1) (63) 
79 (76 44) (20) (13) (77 65 94) (68 93 25 73 57 17) (78 29 66) (46) (22 95) 
80 (4) (9 94) (55) (13) (76 44 34) (80 12 41) (90 29) (65) (99) (38 66) (84 14) (56) (98) (28) (89 52) 
81 (92) (84 25) (12 21) (74) (20) (95) (44 66) (82) (51) (99) (9) (60) (57) (77) (59) 
82 (80 82) (74 24) (16) (84 93 69) (41 42) (48) (53 31 4 86 32) (23) (71 57) (28) (10 97) (63 6) (46 59) 
83 (69) (18) (24) (21) (15) (55) (56) (33 98 37) (80) (35) (67 83) (19) (70 65 85) (41 36) (26) (10) (90) (44 16) (48 77 64) 
84 (85 71) (48) (56 20) (10) (91) (15 55 26 74 83 62) (3) (22) (79 84) (67 77 45) (73 9) 
85 (70) (27) (15) (46 92 88 74) (9) (99 39) (38) (87 35 43 20) (7 80) (83) 
86 (98 72) (11) (26 83 55) (82) (15) (23) (34 60 80 65 35) (90) (36) (6 77) (13 14) 
87 (77) (94 11) (86 52) (89 81) (40) (10) (32 56) (96 57) (50) (68 93) (82) 
88 (54) (2) (59) (15) (94) (53) (93) (1) (88 99) (23) (49) (27) (78) (31 52) (79 100) (92) (8) (83) 
89 (13) (94) (61) (46) (92) (60 6) (7) (9) (26 22 84) (33 30) (43 47) (83 85 57 4 98 74) 
90 (3) (39) (83 65) (37) (75) (86) (28 17) (45 32) (13) (81) (71) (80 95) (15 64 21) (96) 
91 (8) (13 96 6) (57) (63) (50) (64) (14) (52) (33) (87 36) (80) (61 82) (73) (23 93) (11) 
92 (72 81) (61) (84) (24) (19) (94) (64) (15) (98 33) (32) (78) (9 66 2 43 31) (88 47) (90 60 12) 
93 (53 63) (56) (81) (54 16) (23 40) (60) (4) (8 33 49) (100 13) (61) (46) (19 95) (82) (45) 
94 (72) (54 62 96) (86) (35 64) (45 70 27 42) (52) (4 65) (14 23) 
95 (64 24 5) (93 4) (83) (74 9) (43) (98 41) (87) (99) (30 17) (53) (66 42) 
96 (53) (100 62) (41) (99) (90) (28) (15) (80 21 88) (19 24) (13) (68) (69) (86) (12) (22) (85) 
97 (70) (77) (22 97 56) (90) (34 59) (55 14) (94 49 73) (38) (8) (9) (52) (21) (82) 
98 (60) (39 65 90 48 77) (72) (46) (3 27) (59 30 21 23 34) (24) (28) (93) (100) (71) 
99 (6) (24 47) (7 52) (93 4) (97) (32 26 78) (28) (98) (30) (60 64) 
100 (95) (81 80) (5 37 78) (83 54) (29) (48) (42 53) (49 18) (45) (19) 
1 (16) (25) (74) (30) (64) (54) (4) (71) (88) (18) (3) (46) (1) (51) (63) (44 2) (78 34) (73) 
2 (35) (6) (15) (88) (44) (12) (78) (46) (50) (92) (55) (31) (59) (11) (45) 
3 (61) (2) (84) (43) (14) (98) (29) (65) (19) (69) (53) (44) (4) (90) (18) (27) (66) (20) (23) (31) (71) (13 75 16) (57) (70) 
4 (22) (89) (57) (15) (99) (75) (67) (95) (93) (50) (80) (82) (73) (94) (35) (31) (51) 
5 (95) (12) (43) (8) (61) (59) (73) (62) (54) (11) (10) (55) (53) (100) (20) (58) (64) (30) (34) 
6 (24) (64) (26) (89) (58) (36) (65) (25) (14) (9) (91) (62) (29) (86) (82) (99) 
7 (38) (47) (43) (48) (37) (26) (51) (25) (42) (89) (44) (99) (39) (85) (45) (1) (67) (32) (12) (58) (73) (78) 
8 (62) (6) (2) (14) (67) (97) (28) (43) (63) (91) (93) (8) (88) 
9 (89) (85) (81) (52) (80) (43) (14) (28) (40) (47) (3) (95) (62) (68) (25) (8) (24) (97) (84) (42) (92) (30) 
10 (3) (21) (11) (39) (25) (44) (6) (40) (33) (41) (72) (87) (2) (22) (82) (65) (14) (36) (84) (55) (83) (24) 
11 (91) (36) (34) (76) (21) (27) (19) (87) (10) (26) (86) (63) (37) (56) (77) (44) (52) (13) (72) (50) (59) (29) (49) (32) (69) 
12 (46) (80) (62) (39) (92) (96) (24) (8) (10) (81) (69) (42) (26) 
13 (32) (30) (86) (89) (93) (74) (10) (2) (68) (55) (62) (14) (79) (12) (40) (91) (90) (16) (63) (96) (49) (80) (76) (38) (25 18 64) (21 17) 
14 (69) (97) (5) (94) (91) (46) (50) (80) (71) (75) (25) (47) (27) (86) (70) (72) 
15 (13) (96) (92) (36) (85) (75) (47) (83) (84) (86) (90) (56) (88) (26) (41) (1) 
16 (70) (38) (35) (82) (31) (60) (93) (72) (83) (58) 
17 (64) (33) (61) (95) (79) (77) (73) (16) (36) (50) (66) (90) (72) (67) (75) 
18 (7) (41) (27) (38) (55) (75) (3) (33) (73) (19) (100) (64) (1) (40) (65) (83) 
19 (2) (25) (6) (96) (40) (29) (100) (92) (50) (7) (83) (45) (56) (61) (24) (28) (93) 
20 (12) (64) (78) (50) (49) (81) (79) (3) (27) (76) (19) (18) (2) (67) (26) (62) (47) (74) (17) (68) (84) (85) (5) (54) 
21 (81) (59) (32) (98) (3) (20) (66) (46) (28) (96) (78) (15) (83) (90) (97) (38) 
22 (2) (84) (73) (79) (22) (49) (65) (58) (53) (96) (75) (37) (97) (24) (16) (23) (28) (10) (8) (89) 
23 (26) (65) (94) (13) (10) (15) (82) (98) (61) (68) (38) (5) (93) (55) (88) (36) (86) (91) (54) (42) (21) (11) (19) 
24 (8) (92) (99) (58) (50) (20) (82) (46) (68) (96) (51) (18) (17) (95) (83) (11) (23) (61) (98) (53) (5) (75) 
25 (59) (34) (37) (20) (47) (68) (41) (56) (42) (77) (1) (81) (78) (54) (13) (76) (79) (2) 
26 (31) (8) (89) (84) (78) (2) (15) (57) (99) (38) (35) (63) (25) (23) (27) (83) (14) (60) (37) (86) (73) (62) (66) (58) 
27 (29) (8) (48) (76) (9) (94) (88) (4) (85) (2) (46) (67) (41) (98) (10) (23) (55) 
28 (73) (53) (9) (82) (80) (24) (55) (96) (2) (69) (41) (7) (66) (99) (18) (58) (64) (67) (29) (98) (90) 
29 (5) (80) (19) (41) (34) (36) (16) (68) (24) (38) (3) (25) (45) (100) (50) (28) (79) (71) (63) (8) 
30 (9) (63) (30) (37) (13) (95) (66) (64) (36) (77) (51) (33) (65) (99) (18) (89) (78) (23) (98) 
31 (64) (20) (88) (92) (78) (82) (76) (25) (10) (4) (15) (68) (1) (52) (42) (48) (31) 
32 (64) (3) (15) (99) (22) (71) (45) (36) (82) (6) (32) (2) (38) (92) (12) (87) (67) (10) (24) (90) 
33 (55) (67) (38) (93) (12) (91) (35) (36) (26) (49) (58) (83) (6) (92) (89) (31) (59) (27) (23) (29) 
34 (72) (1) (66) (63) (20) (97) (80) (71) (77) (98) (39) (27) (58) (37) (3) (86) (26) (57) (75) (38) (15) (48) (13) 
35 (71) (86) (57) (3) (43) (59) (27) (94) (15) (83) (31) (85) (42) (39) (40) (54) (45) (77) 
36 (45) (8) (14) (75) (58) (46) (67) (83) (56) (36) (91) (74) (55) (50) (60) (42) (38) (41) (70) (86) 
37 (38) (45) (83) (57) (100) (58) (73) (28) (46) (43) (50) (36) (69) (20) (90) 
38 (42) (33) (3) (15) (97) (71) (26) (72) (69) (75) (80) (6) (85) (49) (66) (10) (67) (64) (5) (35) (56) 
39 (61) (39) (1) (70) (19) (90) (85) (54) (48) (37) (98) (68) (45) (8) (42) (30) (21) (52) (77) (13) 
40 (49) (11) (38) (20) (22) (78) (33) (10) (23) (18) (4) (34) (21) (13) (5) (48) (17) (93) (87) (7) 
41 (61) (82) (71) (29) (95) (96) (67) (58) (80) (24) (83) (1) (75) (66) (54) (57) (52) (12) 
42 (28) (47) (82) (94) (56) (15) (59) (19) (13) (95) (5) (74) (36) (71) (100) (37) 
43 (60) (66) (51) (95) (53) (65) (68) (89) (16) (23) (18) (2) (85) (20) (9) (61) (92) 
44 (15) (33) (6) (80) (71) (23) (83) (66) (7) (79) (37) (58) (76) (8) (81) 
45 (93) (67) (62) (23) (3) (27) (90) (94) (13) (74) (25) (37) (77) (75) (49) (46) (36) (60) (28) (84) (70) (73) (17) (100) (61) (57 19) 
46 (32) (46) (89) (43) (59) (1) (30) (79) (76) (85) (82) (98) (74) (56) (61) (93) (77) (68) 
47 (15) (45) (74) (7) (60) (14) (12) (56) (92) (62) (76) (35) (5) (48) (23) (89) (99) 
48 (39) (70) (16) (82) (22) (76) (41) (61) (83) (84) (100) (36) (30) (68) (10) (98) (17) 
49 (34) (20) (15) (14) (23) (6) (78) (93) (40) (2) (55) (57) (100) (88) (29) (47) (37) (35) (97) (60) 
50 (54) (73) (46) (57) (87) (55) (71) (12) (91) (21) (32) (75) (68) (9) (30) (10) (20) (36) 
51 (55) (75) (72) (59) (13) (12) (7) (10) (36) (81) (5) (20) (54) (46) (37) (40) (63) 
52 (38) (88) (97) (78) (94) (51) (99) (33) (64) (12) (65) (55) (63) (91) (72) (80) (87) 
53 (49) (2) (20) (22) (44) (82) (88) (52) (65) (4) (100) (54) (29) (6) (96) (78) (50) (57) (17) (63) (93) (41) (26) (95) (36) (42) 
54 (40) (50) (3) (36) (13) (16) (5) (28) (38) (100) (74) (69) (12) (93) (8) (94) (66) (46) (26) (60) (29) (88) (19) (68) 
55 (72) (11) (4) (86) (54) (53) (63) (83) (35) (7) (60) (97) (23) (16) (21) (20) (78) (61) (80) (44) (45) (47) (84) 
56 (17) (23) (27) (3) (51) (70) (80) (28) (63) (76) (29) (93) (47) (26) (87) (65) (49) (1) (48) (84) (32) (36) (83) (97) 
57 (12) (87) (31) (15) (69) (1) (75) (91) (8) (22) (18) (89) (34) (68) (25) (39) (7) (59) (81) (79) (30) (82) (13) 
58 (62) (61) (70) (76) (41) (69) (14) (11) (63) (27) (31) (40) (23) 
59 (81) (34) (51) (18) (4) (41) (35) (60) (88) (65) (66) (36) (28) (82) (71) (98) (27) (97) (31) (44) 
60 (2) (92) (6) (89) (99) (72) (41) (18) (30) (76) (93) (49) (81) (34) (21) (47) (86) (98) 
61 (62) (24) (44) (89) (6) (41) (40) (37) (73) (11) (16) (26) (9) (92) (91) (45) (19) (34) (67) (93) 
62 (42) (53) (41) (96) (33) (94) (30) (65) (14) (3) (28) (73) (76) (84) (16) (2) (51) (62) (22) (40) (23) 
63 (9) (72) (68) (66) (82) (45) (78) (54) (91) (29) (52) (40) (26) (59) (41) (93) (4) (63) 
64 (45) (13) (2) (83) (95) (65) (91) (39) (73) (74) (92) (22) (10) (69) (67) (37) (57) (47) (46) (6) (94) (90) (99) (62) (77) (76) (21 44) 
65 (29) (28) (44) (43) (79) (90) (19) (71) (11) (42) (4) (45) (80) (16) (94) (83) (55) (68) (98) (53) (12) (86) (40) (67) 
66 (43) (9) (70) (25) (95) (52) (46) (33) (81) (32) (79) (19) (49) (60) (92) (16) (5) (34) (47) (11) (80) (6) (15) 
67 (27) (35) (57) (16) (44) (65) (43) (70) (17) (4) (19) (76) (83) (29) (33) (25) (84) 
68 (96) (12) (14) (38) (1) (2) (66) (48) (69) (79) (40) (35) (61) (8) (87) (36) (45) 
69 (40) (73) (82) (21) (72) (18) (96) (6) (10) (8) (30) (71) (48) (35) (61) (83) (52) (56) (7) 
70 (85) (94) (22) (69) (14) (25) (17) (53) (41) (38) (58) (37) (76) (19) (83) (52) (59) (97) (77) (75) (24) 
71 (59) (20) (27) (13) (29) (51) (82) (25) (26) (55) (28) (90) (46) (15) (84) (56) (98) (30) (9) (19) (71) 
72 (72) (36) (30) (59) (24) (34) (51) (35) (62) (1) (94) (98) (15) (92) (2) (23) (69) (86) (28) (48) (27) 
73 (33) (49) (79) (84) (40) (17) (38) (97) (91) (23) (22) (32) (57) (29) (20) (55) (72) (18) (58) (3) (63) 
74 (81) (74) (35) (11) (72) (82) (32) (21) (44) (9) (70) (56) (84) (22) (60) (8) (10) (95) (66) (89) (85) 
75 (8) (75) (2) (12) (69) (62) (4) (26) (22) (90) (23) (21) (57) (28) (13) (29) (64) (37) (11) 
76 (31) (56) (15) (58) (64) (17) (78) (80) (79) (34) (57) (75) (40) 
77 (15) (16) (87) (74) (62) (97) (86) (84) (1) (33) (79) (26) (83) (40) (22) (49) (98) (70) (11) (81) (18) 
78 (92) (100) (8) (69) (79) (32) (2) (88) (13) (54) (19) (45) (72) (65) (38) (33) (99) (3) (30) (27) 
79 (12) (88) (54) (35) (84) (20) (73) (47) (17) (13) (2) (33) (31) (64) (32) (25) (63) 
80 (3) (61) (100) (25) (40) (67) (90) (7) (1) (82) (83) (20) (76) (46) (78) (33) (30) (75) (24) (69) (86) (91) (54) (49) (74) (85) (62) (80) (96 66) (70) 
81 (55) (15) (92) (8) (100) (87) (90) (38) (29) (41) (23) (9) (47) (66) (73) (59) (56) (12) (58) (18) (93) (11) 
82 (87) (74) (46) (73) (27) (41) (4) (37) (42) (97) (59) (81) (57) (15) (75) (91) (86) (16) (82) (22) (44) (20) (40) (93) 
83 (40) (46) (75) (84) (23) (51) (5) (88) (13) (7) (90) (89) (35) (85) (65) (19) (52) (83) (41) (100) (36) (95) (86) (11) 
84 (84) (59) (19) (12) (67) (69) (55) (57) (92) (60) (68) (89) (82) (61) (63) (2) (13) (81) (58) (80) 
85 (49) (26) (22) (57) (15) (89) (50) (42) (21) (96) (9) (27) (36) (18) (63) (68) (84) (10) (38) (56) (5) (83) 
86 (90) (64) (76) (32) (96) (61) (67) (94) (69) (36) (12) (87) (4) (56) (66) (60) (5) (27) (82) (21) (44) (78) 
87 (45) (61) (56) (91) (41) (73) (27) (22) (66) (52) (95) (25) (59) (62) (7) (36) (63) (85) (54) (33) (1) (72) 
88 (85) (28) (19) (11) (92) (25) (62) (44) (57) (47) (65) (96) (40) (88) (64) (52) (32) (72) (20) (3) (24) (12) 
89 (32) (49) (64) (73) (30) (27) (1) (80) (19) (76) (12) (41) (61) (25) (31) (46) (16) (87) (40) (37) (29) 
90 (54) (65) (27) (18) (69) (28) (2) (98) (83) (30) (97) (36) (4) (43) (63) (59) (51) (67) (14) (66) (35) (92) (86) (96) (39) (80) 
91 (27) (70) (66) (64) (8) (40) (30) (84) (65) (63) (16) (17) (38) (26) (49) (76) (1) (43) (54) 
92 (81) (25) (89) (35) (17) (77) (67) (61) (73) (88) (11) (44) (9) (21) (74) (70) (85) (76) (47) (54) (43) 
93 (99) (79) (95) (15) (64) (38) (31) (77) (62) (61) (30) (71) (87) (98) (60) (26) (37) (25) (88) (42) (47) (39) (82) (91) 
94 (73) (20) (63) (29) (39) (79) (92) (34) (21) (44) (89) (16) (42) (97) (88) (80) (71) (11) (87) (28) (75) 
95 (34) (90) (18) (10) (37) (33) (3) (93) (76) (41) (26) (78) (66) (81) (100) (5) (79) (45) (1) (28) (51) (24) 
96 (91) (61) (56) (58) (64) (94) (12) (52) (42) (87) (7) (60) (30) (70) (24) (29) (10) (23) (90) (53) (75) (45) 
97 (29) (17) (55) (97) (43) (24) (50) (26) (99) (48) (30) (41) (25) (14) (67) (2) (59) (77) (82) 
98 (89) (17) (29) (31) (92) (65) (64) (59) (80) (32) (1) (8) (95) (72) (99) (30) (86) (83) (53) (9) (62) 
99 (85) (71) (10) (27) (72) (58) (81) (49) (48) (64) (30) (39) (23) (62) (88) (35) (32) (40) (96) (28) (95) (24) (80) 
100 (6) (73) (7) (12) (96) (74) (77) (64) (56) (42) (93) (21) (18) (39) (98) (24) (62) (88) (68) 
