0
100
100
1 (17 14 21 25) (59 2 40 29 84) (48 57 100 69 12 85 23 95 96 79 64 26 47 83 71 61 44 43 18) (60 3 80 72 89 66) (5) (55 32 78 52 82) (34 35 63) 
2 (64 44 56 25) (70 67 7 98 4) (21 38 99 47 30 59 85) (18) (52 23) (1 12 93 82) (72 33 80 77) (90 40) (42) (68 54) (28 61 94 79 63 19 37 39) 
3 (94 79 72 18) (1 64 20 53 5 91) (35 10 7 21 61 100) (11 75 93 60 56) (36 84 17) (33) (23) (38 49 85 15 37 3 13) (89 24 58 66 4 70 67 52 45) (27 30) (78 81 92) (42) 
4 (22 8 90 6 57 78 13 14 54 38) (10 49 46 69 55 61 79 83 3 97 60 91 82 70 84 28) (98) (20 25 35 7) (89 56 95 17 58) (73 12 65) 
5 (72 49) (46) (20 13 75 60 40 7 74 95 6 94 56) (69 79 64 68 23 25) (27 30 81 18 32 5) (2 19 36 63 14 70 8 12) (84 93 26) (85 83) (86 87) (57) 
6 (78 76 43 55 15 29 51 41 23) (50 87) (96 9 99 20 85 59 45 57 64 81 88 14) (46 65 25 80 47 52 28) (27 100 44 60 54) (90 68) (11) 
7 (92 22) (58 88 86 67 90 27 33 21 77 2) (7 16 93 5 72 97 42) (70 60 23 1 56 99 54 29 20 61 9) (45 30 98) (62 78 18 63 40 52) (82 49) (84) 
8 (67 21 78) (58 77 46 38 26 57 71) (93) (80 27 55 25 9 22 20 66 85 3) (18 100 62 44 89 82) (61 94 64) (45 33) (2) (51 86 43) (48) (14) (28 56 16) 
9 (81 1 6) (9 32) (46) (29 24) (60 74 40 22 63 39) (48 90 36 38 10) (93 96) (37 73) (70 50 82 65 80 7 18 87 92 23 62) (26 66 83 99 64 3 12) 
10 (88 90 21 55 37 71 38 43 86 87 8 22) (2 93 34 39 73 72 12 17 14 24) (18 62 74 31) (64 40 46 92) (63 35 96 91) (83 45 99) (84) 
11 (49 42 76 38 74 54 9 40 20 48 23 27 36 39 92 62 43 32 70 28 96 7) (83 41 47 13 30) (31 82) (12 94 99 67 60 46 37 10 18 35) (45 33 81 91 11 64 5 90 63 86 6 53 66) 
12 (35) (65 61 78 26 100) (99 20 24) (90 43) (7 36 97 76 53 5 84 57 52 41 93 62 17 48 98 54 40 31 9 55 1 12 77 85 59) (81 89 67 66) (72) 
13 (96) (38 61 80) (52 64 21 9 12) (16) (27 32 48 85 24) (99) (13 6) (42 94 71 18 35) (63 34 100 78 57 72 82 86 62 53 8 90 67) (45 60 37) (1 39 20) 
14 (56 98 96 49 37) (40 44 66 84 94 55 15 95 4 59 69 2 85) (89 22 33 10) (93) (18 9 28 86 1 30 43) (92 3) (88 47 24 5 74 38 75 14 65 12 39) 
15 (9 46 13 95) (34 31 81 29 63 74 76 75) (84 25 64 53) (43 45 3 12 33) (49 90 61 99 88 97 69 82 26) (11 87 47 6 55 54 8 57 22 52 80) (27 71) (21) (7) 
16 (31 44 32) (58 73) (26 97 28 20) (52 98 9 37 11 23 4) (74 1 16 6 22 49) (42 10 78 69 14 92 99 15) (8 96 45 17 90 83 41 30 48 7 80 86 84) (85) (3 93 63) 
17 (89 6) (51 53 32 68 61 64 62 72 23 56 58 4 33 65) (35 28 97) (34 71) (15 24 94 50 92) (93) (86 5 87 29 20) (48 17 3 84 44) 
18 (42 69 75) (94 1 3 52 72 81 54 32) (71 34 47) (46) (79) (9 59 89 61 91 63 13 80 40 18 27 25 12 14 20 31) (43 90) (93) (58 77 36 60 87 98 29) 
19 (16 31 23) (87 94) (4 41) (65 88 28 90) (80 48 44 83 11 71 24 63 17) (39) (50 84 86 92 82 26) (79 37 15 77 60 9 7 14 74) (96 64 100) (10 6 59 69 18 21 89) 
20 (12 55 13 57 62) (29 58) (56 36 67 40 69 9) (43 79 4) (5 33 45 99 3) (71 39) (61 42 14) (66 16 34 26 60 44) (32 94 46 85 1 15 2 20 37 48 52) 
21 (96 87 70 42 99 12 39 58 43 5 44) (54) (27 15 83 31 23 73 79 60 11 65 37 21 14 45 50 85 86 33 63) (4 53 82 84 90) (47 40 48 76) (20 91) (24 100) (59) 
22 (62) (39 5 24 35 51 76 49 59 36 47 96 91) (97 84 82) (14 38) (75) (58 68 85 64 55 67 41 79) (52 83 30 99 65 43 33 92 95) 
23 (20 6) (1 73 41 80 85 69 13 64) (2 53 10 65 77 59 26 70 54 94 38 72 97 67 61 3) (31 43 45 82 17) (81) 
24 (87 3 91) (29) (76 61 84 100 78) (66 48 52 54 16 88 96 30) (99 86) (27 59 36 81 57 42 14 24) (45 46) (8 79 12 43 38) (65 21 7) (28) (44) 
25 (13 7 76 67) (75) (92 45 12 65 84) (33 99 91) (100 59) (52 15) (72) (30 34 43 3 18 31) (36 54 70 11 56 96) (41 97 87 93 86 26 8 17 44 98 68 94) (2 49) (10) (50 48 35 58 74 14 16 29 89 4 82) (63) 
26 (100 37) (78) (16 88) (5) (91 76 35 11) (31 17 26 86 4 69 67 44 87 25 3 2 45 15 22 28 51 6 29 18 75) (98) (82) (24 99) (84 41) (1 73 12 36 8 72 20 48 43) 
27 (28 3 32 97 45 1) (66) (58 89 78 16 19 49) (54 61 79 18 94 83 81) (67 98) (14 35 72 60) (6 31 36 74 73) (100 43) (42) (70 86) (30 38) (50 64) (69 20 62 13 80 68 8) 
28 (75 32 29 85 91) (23) (88) (74 44 61 82 35 28 20 3 42) (51 43 21 92) (8) (98 41 60 45 70 57) (52 56 100 54 73 13 24 49 99 16 39 95 9 33 53 81 18) 
29 (13 65 91 7 45) (36 95 77 79 52 87) (78 4 83) (1 12 96) (82) (32 2) (27 89 68 41 26 37) (14 47) (46) (42 18 29) (3 60 31) (93 75 66 10 88) 
30 (10 93 61) (77) (43 52 8 89 48 39) (79 58 60 100 14 21 25 83 73 9 41 68 85 92 44 90 72 18 13) (50 49 81 22 35 96 62) (19 65 57) (95 23) 
31 (3 74 10 55 36 53 76 34) (4 17) (73 12 22 88 27 68 48) (60 18) (37 24 54 13) (1 97 95 7 47 58 100 78 16 51 28 35 56) (21 92) (70 11 94) 
32 (68) (2 90 24 55 80) (97) (63 71 28 84 10 73 57 35 11 31 25 22 33 76 45 62 60 14 29 40 61 46 98 77 100 23 6) (27 72 81 21) 
33 (72 42) (7 73 88 33 18 59) (57 98 39 21 70) (54 78) (85 40 29) (92) (38 2 35 55 93 51 64 50 10 27 71 48 56 43 69 96) (53 41 9 24 16 45) 
34 (19 3 45 20 54 74 81) (24 73 60 51 37 96 99 17) (22 71 85 98 88) (100 64 29 75 1 91 66 42 2) (25 36) (78 6) (35 58 5 7 77 93) 
35 (99 5 64 11 80 93 34 89 76) (70 88 41 52 31) (16 26 51 44) (29 42 37 6 28) (92 100 96 43 24 55 53 33 20 32 86 13) (85 72) (15 84 27 14) 
36 (20) (74 34) (63 58) (55 67 100 33 72 99) (77) (13 68) (37 95 22 73 23 30 61 7 9) (43 87) (71 3 84) (21) (65 1 69 60 90 96 79 31 50 62 6 52 88 92 91 48) 
37 (98) (29) (1 65) (37) (99 50 49 13 57 45 62 90) (83 3 6) (31 12) (10 20 76 89 19) (97) (74 43) (16 95) (15 23) (39) (28 24) (35 63 73) (93 7) 
38 (44 90 45) (30) (65 80 59 74 51 57 15 75 2 97 68 10 17) (28 54 76 14 33 26 21 38 66 98) (89 8 53 4) (46 52 60 58 64 34 25 91 61 72 78) (6 22 67 47 32) 
39 (31 56 66) (48 95 8 22) (68 6 85 86 82) (4 25) (13 72 90 35 2 89 76 67 63 64 62 98 33 42) (28 11 45 3) (88 9 69 14 80) (27 81) 
40 (48 57 16 18 26 6) (67 58 3) (12) (92 2 73) (80 78 35 7 40 47 61 17 66) (100 19 91 83 46) (56) (90 68) 
41 (16 34 69 72 36 86 14) (46 48 81 73) (15 88 67) (33 9 97 87 90 53 43 13 49 47) (32 41 77 78 45 93 11) (56 40 12 66) (64 91) 
42 (7 19 84) (52) (72 63 91 75 93 26) (24 81 43 1 11 80 64 23 4 54 47 29) (37 73 10 13 6 8 99 66 88 17 21 49) (82 96) (69) (85) (28 71 89) (38 9 22 57) (62 58) (90 12) 
43 (52 12 53 97) (71 48) (10 63 15 46 50) (76 73 13 23) (11 20 39 40 80 91 42 100 57 3) (45 81 8 32 7 58 74 67 69) (95) (49 85 54 87) (31 33 55 89) 
44 (9 1 37 67) (30 71 99 29 54) (4 87) (11) (75 36 62 92 13 70 17 84 53) (72) (82 23 8 19 40 76 25 96 100 56 55 22) (98 16) (3 59 51 50 38 81 33) 
45 (8 78 31 64 94 55 28 32 43) (89 15 70 74 23 35 87 26 96 45 81 39 49 21 30 40 97 85 58 51 47 99 33 71 50 22 75 38) 
46 (64) (50 83) (5 14 35 62 30 74 42 73 20 31) (57) (68 99 52) (59 1 77 67 22 94 19 86 12) (51 37 81 48) (41 95 70 44 72 69) 
47 (60 66) (26 18 4 21 83) (52 78 30 41 100 89 16) (10 14 95 97 33 17 32 1 88 91 71 42 47 9 56 20 76 37 96 19) 
48 (96 61 39 21 55) (38 2 77 27) (43 50 4 22 74 37 41 63 16) (23 72 98 9) (36 25) (86) (64) (83 52 69 67) (29 18) 
49 (73 85 32 74 98 3 44 57 62 23 48) (84) (14 77 78 25 36 49 7 45) (35 56 90 60) (37 19 91 34) (22 54 64 100 8) (26 47) (33) 
50 (53 66 31) (36 87 28) (76) (26 100 2 79 6 72 85 11 92 45 29 9 51) (63 62) (97 96) (32 50 78 70 17 37 21 40) (49) 
51 (8 29 96 56) (77 20 62 37 59 24 82 71 63 61 74 40 52) (17) (15 12 54 4) (36 73 64) (1 16 19 22 30 41) (49 94) (83 65 93 91 95) (11 92) 
52 (18 76 10 1 12) (36 97 43 39 3 98 77 37 73 51) (75 46 87 47 29) (32 55 27 66 71 34) (30) (53) (50 81 74 42) (70 8 91 86 11) (48) 
53 (33 84) (20) (74 16 63 46 18 24 60) (37 23) (28) (1 50) (97 62 57) (93) (73) (53 27) (58) (85 51 12 9 81) (42 86) (30 38) (5 6 22 65 29 44 95) 
54 (6 15) (88 42) (41 3 84 10 19 38 58 25 17 92 80 74) (81 64 44 37 4 39 87) (60 48) (86 73) (70 59 62 68 63) (85) (46 16 29 65) 
55 (83 52 66 77 73 50 33 20) (68 11 88 100 80) (25 15 13 79 37 6 49 34 39 8 59 87 74) (99 9) (24 46 5 31 86 76) (23 30 10 17 81 75) (19) (35 22 84) (43) (67) 
56 (83) (64 13 31 87 65 62) (39 63) (76 15) (57 40 45 24 88 46 55 61 54) (3) (67 32 27 91 59 73 25 43 75) (16 81 36 77 1 14) (56 92 60 18 80 48 86 2) (33 47 90 30 28 44) (52) 
57 (40 61) (91 12 72 76 28 96) (100 73 60 53 26 7 99 84 16 5) (82 69 39) (8 1 37 55) (94 58 13 98 93 70 29) (83 33 4 51) (80 30 42 65 27 32 97 67 41) 
58 (38) (92 68 89 98 76 54) (55 13 67 64 83 84 36 94 30 80 70 69 4 41) (16 22 86 10 7 40) (52 33 59 93 47) (1) (17) (8 32 27 57 90 99 46 11) 
59 (10 43 15 65 86) (60) (61 25 74 11 93 51 44 41) (30 99 1 81 16) (48 21 20) (62) (63 98 13 34 85 91 14 4 37 67 78 8 68 83 59 17) (79 35 7) 
60 (69 3 36 68 99 60 13 76 41) (37) (8 20) (67 5 6 61 92 77 85 79 33 21 31) (63 73) (43 64 26 53 84 50 49 82 42 56 83) (51) 
61 (39 10 68) (94 90) (74 25 73 43) (18 55) (97 59 49) (44 54 84 72 32 61) (34) (21) (100) (15 51 28 5) (50) (41) (31 46 99) (66 42 23 38) 
62 (68 46 52 30 72 37 85 44 81 49 91) (53 65 19 8 31 10) (45 96) (26) (64 56 76 41 34 95 100 86 24) (23 87 25 50 11 22 71 94 36) 
63 (77 93 10 70 28 75 32) (16 85 23 79 63) (34 39 40 100 68) (13) (99) (20 83 52) (64 50 7) (84 72 17) (53) (49) (73 86 67) (5) (61) (38 24) 
64 (87 60 76) (11 19 74) (47 4 10) (66 5) (55 51 45 52) (30 14 75 16 43 36 2) (84 92 78 50) (83 46 58) (26 71 54) (86 24 27 61) (72) (17) 
65 (55 60) (84 69 21 8 13 3) (71 48) (98 81) (82 73 64 50 19 58 87 100 15 51) (80 88 4) (27) (53) (49 12 44 93 90) (38 14) (95 47 75 10 74) 
66 (10 27 53 51 83 33 49 94) (88 76 30 63 6 40) (41) (61 39 77) (55) (78 47 82 38) (87 8) (62 96 72 45) (22 58 65 100 89 12 3 25 99 31 24 59 17 26) 
67 (2 74 11 100 95 75) (78 25 24 70 22) (86 82 30) (14 80) (32) (90 92 63 43 31) (6) (1 42 83 3 58 84 16 54 23) (26) (29 81) (67 66) (94) (45 97 4 15 50) 
68 (6) (4 17 47 7 15 38 23 66 19 50) (29 65 18 53 51 64 78 71 95 91 43 9 59 27 57) (33 34 69) (82 24 8) (44 74) (63 10 56 1) (35) 
69 (61 99) (32 16 1 54) (91 100 38 15 25 56 35 22) (59 21 74 18 51 17 50 67 89 58 5 81 94 76) (92 3 77 49 47 9 72) (63 84 62 71 37 28 27 83) 
70 (6 27 9 14 15 81 83 25) (47 28 30) (40 11 44 95 62 17 50) (76 63 100) (74 51 91) (45 16 61) (70 98 73 43 33 96 52 60) 
71 (54) (50 69 38 93 6 100) (42 14 16 92) (89 75 83 20) (8) (72 86 82) (77) (22 17 79 10) (61 67) (58 40 44 24) (97 94 32 68 74) (80 7) 
72 (25 80 95 54 56 15) (33 88 96 37 86) (72 20 1 5 58 22 69 42 40 39 85 12 24 100 92 23 73 83 62 74 6 8 55 52 66) (11 10 65 30) (67 64 76 17 34) 
73 (88 83 2) (68 59 34 66 85 48 76 96 69 4) (38 56) (10 36 47 17 9 78 73) (31) (79 91) (90 94 70 28) (32 57 7 95 3 13 40 45 53) (44) (25 49) 
74 (60) (85 15 84 64) (20 41 50 62) (17 34 58 96) (40 1 89 76 47 63 72 9 3 75 28 55 31 48 88 70) (86 43 11 21 42 45 39 4 30 69) 
75 (30) (79) (9) (66 3 25 58 96) (76 18 16 41 85 65 89 12 91 20 98) (23 60 35 84 97 52 51 64 50) (92 31) (47 56 44 29) 
76 (59 58 47) (60) (56 26) (41 51 61) (16 83) (29 77 97 68 91 9 95 24 92 36) (3 99) (64 46 79) (90 37 6 33) (14) (18 20 34 28 53 49 17 12 42) (82 84) 
77 (60 7 49 8 10 21 58 56 26) (75 83) (74 95 59 80 51) (68 55 72 33 52 82) (24) (46 14 1 79 20 88 18 91 62 77 76) (53 40) (28 92 36 48 97) (29 31 12) 
78 (72 48 31 60) (76 59 81 15 75 24) (39 91) (79 11 47 44 40 38 32 67 18) (84 46 68 93 77) (80 61 29 52 7 6) (23) (27) (9 53 30 50 85 70 83 97 49 36 13) 
79 (11) (86) (13 15 40 41 53 52 47 1 18 14) (26 77 17 32 61 84) (87 64 99 62 24 76 91 46 34 43 4 38 79 10) (25) 
80 (58 19) (25 5 69 2 29 74) (8 60 99 100) (54 93 43 36 49 41 65 64 71) (17) (6 40) (97 3 91) (81) (14 16 72) (76 53 85) (22 46 21 89) (33) 
81 (100 94 89 7 76 25) (81 12 93 51 2) (75 67 82) (48 71 62 86 9 95 50) (27 38 46 37 97) (5) (78 6 11 22 70 61) (68 52 8) (40 85 69 23 59 15 21) (74 28) 
82 (49 23) (87 89 36 39) (32) (6 29 12) (41 66) (14 77 64) (91 7 78 15) (70 40 19 27) (8 62 97 44 80) (69) (22) (72 54) (47 82 100 43 26 30) (76 84 60) 
83 (1 74 47 31 56 53 87 10 54 37 12) (6 99) (81) (91 79 7 24 90 43 80 62 44 94) (48) (45 96 100 64 98) (65 71 38 19 41) (72 15 60) 
84 (34 47 27) (13) (14 3 50 30 46) (31 25 18 99) (39 71 15 88 32 73) (54 17 75 28 12 8) (20 45 82) (89 49 40 42 4 23 64 93) (57 91 62 36 37) (94 2 51 77 85 90 83) (35 86) 
85 (82 29 83 17 85 33 42 84 75 37 67 81 71) (9) (76 65) (99 69) (30 41 90 73 1 39 59) (43 22 52 35 93 63 50 77) 
86 (6 78 41 25 21 54 40 33 20 28 60 8 66 48 62 94 85 65 71 55) (35 23 73) (30 17 16 92 52 95 19 44) (61 82 88 93 2) (47 64 74 68 15 14 89 75) (59 3) (91 67) 
87 (17 95 51 14 99) (1 96 18 83 79 22) (97 62 98 90 30 11 41 21 68) (2 60 4 73 9 86 12) (46 82 55 29 48 63 58) (81 72 31 76 100) (69 78 71 36) (49 20 24 23) 
88 (52 49 10) (6 88 45 54) (14) (72) (55 73 44 96 60) (62 76 1 18 79 71 35) (37 59) (90) (68) (31) (70 4) (82 46 93 21 87 34 12 7 74 75) 
89 (46 25 77 43 65) (79 10 4 38 6 81 31 85) (29) (13 39 67 55 90 32) (60 18 8 50 52 59 99 30 63 70) (48 22 78 40 82 19 94) (89) 
90 (42) (19 96 44 93 22 87 37 60 89 18) (97 28 65 81 73 24 43 55 11 92 63 95 53 34 77 52 79) 
91 (91) (95) (3) (35 4 77) (96 33 73 72 48) (50 90 83 78) (79 57 65 80 14 55 98 84 45) (85 44 62) (61 1 17 13) (69 58 42 87 89 66 74 6) (23 21 22) 
92 (65 63 77 36 95 69 34 71) (21 46 32 45 5) (74 66 67 57) (68) (13) (19 49 62 76) (8 53 22) (51 75 92 98) (85 44 37 82 1 50 39) 
93 (97 91 74 26 20 52 41 61) (89 25 48) (86 84 100 32 58) (28 49 22 11 34 54 64 37 24 59 35 6 75 76 16 66 8 47) (78 31 73) 
94 (24 65) (2 41) (88) (5 62 32 100 98) (52 4 40 22 59 74 70 87 61) (75 94 27 48 81 45) (97 33 39) (55 11 44 78 84 53) (50 83 91 67 86) (30 37 14 35 26) 
95 (61 10 56 46 68 93 83 81 67 90 75) (11 47) (28) (72 95 36) (39 74) (26 19 21 71 97 23 30 51 40 66 48) (84 13 91 80 88 76) (1 4) (85 41 6 24 16 25) (87) 
96 (82) (21) (49 33) (65 5 51 19) (69 27 63) (67 99 71 85) (56 97 14 64) (73 34 76 86 7) (15) (83 90 30 40) (24 95) (13) (16 79 11 29 81 6 84 10 59 52 68) 
97 (4 1) (66 38 71 29 61 76 19 77 99) (28 96 5 84 42 25 24 46 43 80) (10) (40) (85 6 83) (56) (34) (51 31 21) (45 68 88) 
98 (3) (78 24 83 100 48) (99 30 45 62 77 27) (9 55 11) (80 34 66) (37 60 18 97 98 67 13 73) (70 49 8 93 21 15 87 47 35 23 51 72 59 95) 
99 (60) (12) (72 52 37 54 69 42 82 46 44 39 59) (2 86 95 65 7 85 81) (30 10 3 83 61 50 90) (14 36 51) (4 34) 
100 (55 97 45 22 39) (71 8 73 10 23) (51 5 33 53 30 58 78 83 84) (60 89 29) (67 79 54 66) (24 3) (48 41 57 100 46 56 40 37 18 98 95 96 70 36) 
1 (53) (36) (23) (18) (56) (52) (58 3 79 87 44) (95 27 13 46 14 31 91) (83 34) (88 72 85) (57 29) (47 20 77 26) (59 2) (69 37 12) (51 16 97 9 92 67 42 7 68) (74) 
2 (99) (67) (1) (29) (34) (56) (23) (48) (94) (26) (40) (80) (10) (38) (50) (87 8) (32 25 73 64 86 14) (7) (84) (39 81 5) (33 20) 
3 (25) (76) (36) (31) (37) (4) (60) (15) (24) (43) (44) (100) (80) (3) (20) (17) (99) (39) (40) (75) (91 9 73 65 66 23 18 8 49) (52 14 29 84 69 56) (54 74) (26 67 86 34 1 28) (27 16) (98) 
4 (57) (88) (97) (99) (54) (2) (42) (44) (38) (48) (21) (20) (68) (39) (58) (16) (65) (51) (17) (91) (79) (87) (29) (95) (89) (25 26 31 64 59 3 19 94 74) (67 47) (14 84 73) 
5 (72) (12) (80) (26) (57) (14) (11) (60) (22) (5) (92) (64) (3) (100) (55) (17) (97) (63) (21) (96) (46) (34) (35) (1) (69) (94) (53) (61 7 81 20) 
6 (37) (95) (86) (16) (54) (40) (76) (35) (80) (81) (17) (42) (36) (91) (5) (15) (27) (71) (82) (11) (50) (60) (72) (70) (32) (23) (66) (67 89 19) (38) (4) (78 53 13) (97 68 26 34) (39) (88) (55) (83 93 9) (96) 
7 (81) (88) (34) (40) (58) (42) (99) (57) (36) (71) (11) (83) (5) (78) (31) (73) (16) (43) (9) (37) (7) (15) (49) (19) (3) (82) (2) (25) (68) (4) (29) (59) (12) (33) (63) (77) (24 96) 
8 (55) (28) (84) (58) (43) (15) (77) (71) (26) (57) (13) (98) (24) (10) (16) (68) (27) (93) (80) (89) (81) (49) (66) (45) (4) (72) (39) (25) (30) (52) (42) (82) (38) (44) (59) (5) (60) (51 86 65 100 92) (62) 
9 (68) (33) (19) (55) (9) (11) (73) (76) (42) (47) (28) (81) (6) (74) (30) (41) (44) (85) (39) (18) (20) (78) (13) (14) (53) (69) (7) (50) (15) (36) (16) (75) (8) (12) (48) (70) (98) (87) 
10 (66) (88) (59) (68) (3) (42) (25) (23) (65) (32) (96) (4) (33) (14) (16) (99) (29) (55) (30) (19) (37) (72) (38) (71) (47) (62) (95) (83) (11) (43) (79) (100) (54) (73) (97) (77) (63) (89) (61 64 58) (52 9 31) 
11 (93) (58) (15) (19) (35) (16) (52) (64) (78) (32) (95) (96) (50) (42) (25) (72) (31) (39) (79) (90) (67) (11) (94) (59) (98) (6) (44) (21) (62) (3) (81) (41) (70) (87) (26) (74) (51) (55) (43) 
12 (31) (88) (77) (51) (14) (12) (20) (66) (75) (65) (10) (99) (5) (25) (2) (42) (57) (26) (11) (9) (53) (1) (43) (72) (46) (21) (83) (15) (4) (84) (24) (37) (82) (18) (81) (13) (40) (87) (76) (52 41) (29) 
13 (27) (43) (13) (59) (36) (25) (98) (78) (92) (63) (96) (55) (91) (20) (58) (42) (5) (11) (79) (3) (29) (15) (65) (37) (35) (95) (89) (23) (4) (44) (18) (84) (39) (56) (31) (57) (73) (30) (41) (60) (28) 
14 (56) (19) (80) (76) (29) (65) (18) (88) (10) (38) (14) (94) (77) (4) (46) (8) (99) (67) (30) (87) (6) (64) (1) (5) (16) (22) (49) (84) (39) (59) (82) (86) (21) (27) (25) (41) (79) (91) (96) (32) (35 47 71) (24 70 20) 
15 (37) (98) (68) (26) (55) (81) (3) (35) (70) (59) (45) (86) (56) (78) (72) (82) (6) (65) (38) (54) (16) (69) (96) (17) (74) (84) (67) (14) (20) (83) (51) (19) (21) (61) (25) (79) (41) (43) 
16 (86) (93) (20) (59) (63) (37) (16) (41) (71) (33) (57) (53) (48) (51) (7) (56) (24) (69) (47) (67) (70) (31) (64) (75) (96) (54) (95) (13) (8) (25) (28) (27) (44) (19) (40) (35) (76) (26) (80) (58) 
17 (70) (40) (4) (50) (31) (91) (58) (47) (44) (23) (17) (63) (73) (76) (79) (86) (87) (66) (34) (74) (19) (64) (25) (80) (54) (72) (42) (16) (38) (55) (68) (71) (51) (10) (84) (69) (85) (59) (26) (12) (3) (1) 
18 (25) (10) (1) (33) (89) (27) (88) (87) (28) (11) (75) (30) (53) (9) (84) (100) (13) (14) (98) (78) (8) (7) (19) (61) (48) (52) (69) (3) (31) (90) (47) (2) (5) (40) (18) (79) (77) (29) (26) (68) (56) (76) 
19 (65) (62) (5) (47) (80) (64) (27) (37) (83) (82) (46) (44) (96) (49) (90) (55) (68) (86) (40) (2) (30) (54) (92) (97) (42) (51) (95) (89) (34) 
20 (36) (11) (59) (87) (43) (60) (27) (23) (3) (26) (84) (75) (8) (4) (17) (77) (16) (86) (12) (47) (63) (76) (6) (18) (71) (55) (28) (46) (13) (74) (53) (34) (7) (93) (35) (20) (5) (72) (51) (21) (37) 
21 (69) (96) (88) (45) (95) (31) (13) (97) (10) (21) (91) (80) (50) (2) (59) (60) (1) (36) (74) (48) (8) (87) (19) (65) (86) (32) (47) (28) (24) (38) (81) (98) (7) (77) (33) (30) (42) (3) (15) (92) (61) 
22 (85) (9) (36) (34) (82) (4) (16) (10) (42) (89) (91) (69) (30) (51) (72) (92) (8) (53) (39) (94) (15) (58) (55) (66) (7) (71) (93) (90) (14) (100) (44) (38) (26) (49) (32) (46) (45) (80) (48) (62) (31) (67 87 81) 
23 (98) (43) (28) (5) (48) (36) (2) (61) (82) (67) (44) (68) (7) (17) (100) (42) (49) (55) (53) (78) (81) (63) (11) (19) (62) (9) (37) (1) (75) (3) (72) (86) (91) (45) (95) (87) (16) (84) (30) (6) (32) (21) 
24 (64) (9) (32) (12) (14) (78) (72) (37) (76) (21) (68) (77) (62) (42) (56) (96) (71) (66) (31) (51) (94) (67) (63) (10) (95) (22) (13) (55) (87) (53) (100) (26) (98) (90) (97) (3) (83) (24) (93) (35) (28) (19) (79 34 33 17) 
25 (72) (26) (44) (84) (73) (89) (75) (54) (95) (34) (8) (66) (79) (62) (59) (38) (70) (56) (81) (39) (18) (30) (49) (93) (86) (4) (2) (1) (69) (15) (55) (48) (5) (32) (61) (6) (80) (67) (97) 
26 (42) (38) (77) (15) (9) (20) (95) (66) (47) (8) (19) (12) (94) (5) (57) (79) (23) (40) (50) (25) (49) (62) (67) (1) (93) (82) (76) (35) (60) (29) (16) (45) (64) (26) 
27 (78) (24) (69) (8) (98) (21) (68) (96) (52) (57) (64) (65) (5) (35) (11) (70) (82) (7) (33) (48) (31) (3) (53) (58) (13) (18) (84) (94) (81) (29) (6) (56) (15) (39) (66) (32) 
28 (76) (90) (27) (14) (28) (37) (53) (61) (42) (86) (17) (11) (95) (63) (38) (93) (69) (26) (8) (74) (16) (97) (70) (24) (4) (45) (73) (50) (56) (19) (35) (6) (2) (57) (84) (39) (77) (31) (81) (32) 
29 (96) (9) (51) (75) (26) (33) (35) (34) (17) (52) (89) (57) (7) (44) (48) (24) (18) (100) (54) (28) (42) (68) (20) (85) (78) (80) (77) (1) (29) (97) (87) (53) (25) (82) (76) (67) (15) (6) (32) (50) (37) 
30 (64) (36) (22) (67) (66) (70) (3) (58) (7) (16) (55) (74) (51) (2) (44) (27) (56) (72) (98) (14) (47) (99) (38) (52) (62) (59) (95) (11) (25) (45) (24) (86) (100) (46) (87) (57) (85) (5) (89) (94) (84) (78) (96) (82 53 75) 
31 (37) (29) (11) (60) (93) (16) (66) (46) (12) (32) (97) (26) (62) (50) (15) (55) (19) (43) (36) (87) (25) (21) (73) (10) (77) (74) (45) (78) (67) (56) (84) (89) (18) (35) (83) (27) (23) (61) (88) (75) (39) 
32 (69) (56) (5) (35) (78) (47) (73) (13) (49) (93) (1) (29) (27) (67) (52) (18) (58) (41) (20) (17) (71) (63) (94) (82) (79) (28) (9) (11) (92) (43) (61) (50) (16) (57) (38) (45) (89) (84) 
33 (20) (76) (68) (14) (86) (35) (91) (43) (72) (7) (36) (38) (57) (3) (8) (11) (53) (47) (94) (96) (32) (33) (21) (100) (17) (15) (55) (70) (22) (45) (77) (66) (2) (60) (49) (41) (56) (44) (80) (58) (28) (25) (39) (85) 
34 (59) (73) (38) (96) (25) (99) (61) (18) (49) (55) (13) (10) (72) (79) (90) (97) (88) (62) (41) (98) (52) (20) (36) (76) (84) (31) (15) (17) (35) (63) (1) (68) (74) (92) (93) 
35 (1) (85) (10) (88) (12) (22) (93) (75) (33) (27) (69) (68) (30) (94) (17) (34) (59) (25) (13) (86) (32) (3) (40) (45) (11) (37) (55) (84) (28) (39) (46) (49) (31) (98) (91) (4) (26) 
36 (62) (99) (11) (9) (22) (84) (50) (92) (26) (31) (24) (82) (56) (34) (95) (41) (100) (3) (52) (49) (51) (64) (48) (29) (60) (73) (77) (80) (27) (58) (25) (20) (18) (44) (87) (12) (76) (5) (78) 
37 (99) (34) (100) (94) (9) (11) (85) (10) (53) (57) (14) (98) (84) (54) (42) (92) (90) (35) (26) (88) (3) (48) (93) (13) (72) (21) (83) (50) (55) (44) (81) (36) (16) (62) (46) (31) (51) (37) (76) (20) (52) (59) (69) (60) (47 19 49 2 29) 
38 (48) (13) (2) (8) (44) (78) (68) (66) (33) (9) (22) (10) (45) (23) (97) (11) (73) (4) (27) (42) (65) (58) (14) (38) (53) (89) (61) (79) (24) (3) (71) (69) (54) (81) (63) (83) 
39 (11) (63) (37) (48) (52) (22) (30) (72) (100) (78) (2) (89) (9) (82) (99) (43) (94) (95) (85) (74) (20) (55) (21) (19) (13) (92) (28) (61) (66) (33) (14) (54) (56) (84) (45) (57) (10) 
40 (97) (21) (11) (14) (9) (2) (94) (63) (10) (58) (44) (12) (56) (96) (32) (70) (20) (45) (1) (66) (72) (71) (51) (73) (84) (43) (81) (74) (41) (18) (89) (50) (79) (5) (33) (77) (100) (40) (80) (86) (7) (95) (78) (57) (82) 
41 (59) (11) (41) (12) (35) (6) (94) (85) (74) (100) (57) (26) (61) (28) (58) (22) (46) (82) (51) (30) (83) (79) (25) (19) (47) (62) (16) (93) (60) (48) (95) (29) (87) (75) (54) (86) (66) (76) (80) (23) (33) 
42 (18) (46) (39) (85) (67) (84) (27) (43) (28) (3) (99) (47) (20) (7) (74) (54) (13) (97) (72) (33) (90) (35) (76) (16) (71) (11) (2) (57) (21) (91) (53) (24) (60) (34) (29) (61) (52) 
43 (21) (14) (97) (45) (64) (23) (22) (67) (10) (18) (89) (68) (42) (33) (28) (6) (41) (55) (26) (35) (30) (37) (61) (79) (80) (1) (15) (11) (70) (60) (90) (83) (25) (85) (27) (74) (56) (59) (24) (48) (20) (52) (36) (8) (82 12) 
44 (35) (61) (91) (2) (26) (71) (46) (14) (20) (68) (82) (49) (92) (99) (78) (24) (19) (30) (53) (6) (88) (56) (8) (70) (16) (75) (17) (65) (73) (38) (62) (25) (59) (86) (28) (1) (83) (94) (54) (90) (21) 
45 (94) (23) (70) (97) (38) (25) (34) (20) (33) (62) (100) (43) (15) (45) (74) (26) (13) (37) (88) (66) (92) (24) (16) (28) (98) (21) (73) (91) (56) (49) (27) (7) (84) (39) (11) (6) (67) (41) (29) (83) (32) (3) (8) (64) (50 10) 
46 (55) (9) (89) (20) (61) (92) (79) (97) (81) (56) (52) (38) (54) (32) (15) (64) (41) (80) (5) (40) (95) (78) (87) (84) (24) (100) (6) (76) (58) (18) (43) (88) (99) (29) (11) (62) (10) (8) (77) (53) (4) 
47 (56) (6) (65) (1) (58) (52) (41) (84) (64) (93) (14) (78) (38) (2) (86) (76) (79) (29) (45) (69) (42) (66) (15) (11) (73) (31) (70) (21) (40) (68) (75) (83) (47) (74) (22) (95) (18) (98) (82) (49) 
48 (46) (20) (12) (43) (25) (21) (100) (39) (65) (9) (36) (93) (13) (40) (87) (17) (86) (49) (81) (73) (16) (54) (11) (59) (56) (94) (91) (8) (24) (33) (31) (74) (98) (78) (19) (26) (1) (83) (77) (30) (95) (41) (52) (89) 
49 (65) (7) (76) (93) (28) (87) (27) (37) (92) (16) (82) (73) (55) (49) (51) (63) (42) (66) (45) (30) (98) (60) (62) (78) (14) (22) (88) (61) (43) (15) (41) (11) (84) (3) (25) (96) (50) (77) (69) (5) (80) (4) 
50 (21) (9) (33) (61) (27) (64) (69) (70) (67) (78) (62) (6) (75) (50) (52) (84) (55) (68) (92) (71) (25) (43) (65) (94) (53) (85) (37) (74) (91) (36) (45) (60) (17) (81) (30) (89) (99) (46) (44) (63) (19) (48) 
51 (6) (17) (77) (50) (97) (44) (84) (33) (8) (66) (34) (59) (35) (52) (60) (61) (92) (22) (45) (76) (96) (75) (68) (64) (65) (53) (46) (81) (57) (98) (99) (100) (70) (38) (87) (31) (69) (28) (26) (95) 
52 (75) (89) (63) (28) (48) (13) (58) (25) (42) (99) (72) (7) (46) (16) (96) (62) (6) (18) (47) (35) (36) (30) (24) (64) (88) (3) (77) (22) (78) (93) (43) (55) (20) (29) (12) (70) (85) (51) (38) (90) (1) (56) (94) (81) (86 2 15 79) 
53 (78) (76) (28) (80) (62) (13) (31) (73) (65) (35) (41) (60) (11) (50) (83) (53) (38) (17) (92) (12) (3) (77) (94) (100) (52) (79) (33) (21) (44) (68) (63) (43) (15) (90) (66) (57) (23) 
54 (88) (34) (31) (6) (11) (72) (18) (15) (58) (24) (93) (25) (83) (49) (100) (4) (2) (82) (51) (7) (86) (43) (67) (38) (64) (42) (12) (33) (71) (69) (44) (61) (80) (21) (23) (84) (56) (27) (28) (99) 
55 (36) (4) (8) (52) (44) (32) (15) (94) (22) (45) (91) (43) (6) (31) (12) (58) (88) (65) (14) (61) (64) (74) (1) (56) (57) (90) (77) (10) (86) (66) (48) (100) (89) (98) (87) (35) (33) (72) (20) 
56 (96) (56) (14) (4) (17) (51) (73) (72) (49) (60) (95) (33) (83) (77) (76) (41) (25) (8) (3) (40) (47) (31) (5) (39) (20) (69) (44) (75) (28) (97) (68) (100) (7) (62) (2) 
57 (15) (38) (68) (56) (20) (33) (1) (24) (4) (49) (37) (32) (28) (100) (30) (42) (58) (91) (13) (84) (46) (40) (8) (5) (73) (92) (6) (43) (12) (53) 
58 (36) (25) (21) (71) (76) (74) (7) (91) (75) (80) (3) (77) (4) (53) (66) (42) (8) (64) (57) (43) (45) (38) (27) (72) (93) (18) (22) (34) (40) (65) (17) (20) (31) (67) (54) (16) (30) (100) (69) (87) 
59 (33) (23) (58) (78) (38) (25) (89) (76) (1) (6) (88) (51) (54) (22) (68) (61) (24) (81) (56) (21) (93) (98) (85) (2) (12) (18) (59) (96) (77) (55) (44) (19) (73) (86) (46) (94) (14) (69) (66) (99) 
60 (100) (4) (86) (54) (99) (57) (78) (18) (1) (83) (30) (77) (82) (19) (9) (53) (60) (65) (90) (49) (31) (47) (74) (6) (87) (13) (11) (3) (34) (80) (59) (20) (32) (29) (7) (75) (21) (28) (88) (89) (36) (64) (27) (70) (56 98 38) (76 5) 
61 (28) (78) (71) (1) (94) (99) (38) (60) (95) (59) (36) (13) (86) (66) (57) (30) (79) (40) (64) (23) (17) (70) (7) (8) (12) (69) (93) (51) (20) (76) (97) (32) (56) (48) (3) (91) (24) (15) (2) (81) (61) (18) (4) (27) (63) 
62 (44) (12) (30) (46) (20) (17) (92) (72) (59) (22) (51) (79) (9) (10) (42) (94) (7) (53) (98) (56) (32) (50) (91) (88) (49) (27) (86) (13) (36) (69) (81) (11) (84) (77) (82) (83) (87) (66) (8) (54) (39) (74) (70) (37) 
63 (74) (42) (9) (7) (10) (21) (51) (5) (68) (19) (2) (85) (60) (67) (53) (48) (37) (54) (89) (92) (56) (66) (13) (1) (63) (25) (18) (87) (69) (43) (59) (90) (39) (15) (11) (16) (70) (50) (36) (96) (32) 
64 (86) (6) (93) (35) (41) (11) (33) (65) (48) (5) (96) (84) (63) (15) (34) (19) (1) (62) (9) (83) (49) (2) (80) (3) (23) (10) (75) (58) (60) (38) (8) (27) (17) (51) (22) (79) (68) (82) (45) (42) (74) (56) (13) (72) (76) (46) (54 39) 
65 (96) (66) (80) (92) (24) (86) (83) (91) (94) (36) (9) (37) (99) (85) (38) (56) (29) (12) (68) (51) (57) (53) (25) (90) (89) (75) (72) (62) (4) (17) (21) (19) (54) (23) (14) (22) (30) (6) (59) 
66 (47) (82) (61) (27) (9) (14) (42) (11) (24) (95) (34) (98) (12) (20) (86) (68) (41) (52) (1) (67) (50) (91) (100) (92) (64) (73) (3) (97) (75) (38) (29) (55) (40) (39) (72) (93) (8) 
67 (25) (94) (26) (2) (85) (86) (59) (100) (98) (20) (81) (41) (46) (89) (92) (3) (96) (67) (39) (72) (13) (69) (63) (48) (36) (95) (55) (43) (78) (71) (60) (44) (11) (22) (23) (58) (27) (38) (12) (57) (8) (7) (56) (40) 
68 (61) (46) (32) (25) (88) (58) (81) (55) (62) (73) (40) (30) (54) (39) (5) (6) (36) (96) (92) (97) (87) (2) (77) (95) (22) (60) (17) (38) (71) (63) (59) (31) (27) (86) (29) (78) (76) 
69 (87) (16) (60) (48) (26) (80) (85) (57) (39) (92) (46) (5) (68) (96) (20) (73) (71) (19) (41) (58) (99) (4) (42) (81) (33) (43) (1) (72) (14) (23) (65) (36) (15) (27) (91) (18) (82) (74) 
70 (88) (11) (94) (100) (31) (54) (89) (67) (23) (70) (25) (3) (5) (9) (4) (33) (35) (28) (27) (73) (58) (74) (46) (21) (78) (52) (45) (7) (44) (81) (57) (63) (2) (98) (82) (50) 
71 (10) (83) (20) (32) (45) (92) (19) (44) (64) (13) (42) (18) (62) (33) (15) (100) (1) (80) (88) (51) (65) (95) (34) (36) (43) (97) (68) (52) (87) (47) (84) (69) (85) (81) (86) (96) (8) (17) 
72 (71) (23) (78) (87) (36) (42) (7) (2) (98) (12) (17) (63) (88) (13) (61) (72) (69) (66) (33) (48) (32) (74) (77) (35) (80) (64) (50) (10) (57) (30) (1) (44) (83) (41) (82) (95) (38) (62) (27) (46) (26) (99) (3) (5) (91) (25) (39 18) 
73 (49) (40) (70) (57) (60) (28) (30) (55) (98) (54) (43) (42) (100) (86) (87) (23) (10) (72) (9) (73) (41) (37) (16) (46) (27) (84) (65) (53) (32) (93) (31) (51) (90) (91) (63) (26) (88) (96) (34) (85) (4) (21) (61) (52) (56) (33) (36) 
74 (38) (28) (81) (46) (92) (11) (91) (53) (95) (94) (61) (43) (55) (71) (9) (37) (54) (34) (86) (25) (10) (31) (68) (14) (70) (69) (88) (5) (59) (49) (77) (72) (64) (48) (80) (67) (15) (52) (27) (51) (45) (16) (65) (36) (83) (19) (93) 
75 (25) (78) (65) (42) (45) (86) (92) (22) (15) (77) (26) (85) (44) (34) (14) (52) (29) (71) (74) (64) (63) (67) (28) (56) (95) (88) (93) (3) (38) (94) (84) (18) (5) (81) (55) 
76 (97) (73) (39) (60) (81) (70) (56) (78) (47) (12) (85) (38) (95) (25) (44) (26) (55) (22) (24) (77) (93) (15) (58) (88) (11) (43) (96) (6) (92) (31) (74) (87) (69) (82) (62) (79) (57) (64) (35) (66) (50) (75) (72) (52) (37) (32) (21 80) 
77 (49) (56) (29) (8) (66) (97) (46) (77) (60) (82) (19) (30) (55) (36) (71) (90) (41) (69) (92) (79) (23) (78) (51) (32) (91) (85) (76) (89) (2) (18) (84) (63) (98) (48) (12) (7) (34) (52) 
78 (38) (59) (34) (81) (40) (67) (31) (73) (86) (26) (98) (89) (47) (66) (16) (49) (45) (29) (4) (68) (33) (50) (8) (41) (13) (93) (94) (3) (6) (64) (1) (27) (7) (91) (100) (87) (12) (24) (82) 
79 (18) (77) (63) (76) (1) (87) (24) (36) (5) (55) (22) (73) (78) (100) (71) (59) (27) (2) (79) (88) (4) (50) (21) (91) (89) (96) (3) (30) (75) (60) (29) (19) (83) (20) (90) 
80 (9) (72) (15) (18) (23) (97) (71) (8) (27) (32) (43) (82) (40) (1) (6) (98) (19) (58) (65) (55) (2) (38) (39) (77) (57) (42) (54) (16) (67) (83) (35) (78) (13) (95) (56) (91) 
81 (96) (6) (53) (34) (54) (46) (56) (11) (45) (89) (42) (78) (65) (59) (41) (9) (39) (99) (70) (32) (69) (62) (90) (52) (27) (55) (67) (3) (83) (15) (43) (5) (85) (18) (28) (24) (23) (80) (95) (30) (12) (94) (81) (44) (87) 
82 (77) (99) (4) (88) (7) (25) (86) (57) (60) (87) (65) (51) (89) (67) (15) (76) (19) (26) (22) (85) (92) (44) (11) (84) (1) (96) (66) (8) (71) (68) (13) (81) (23) (29) (28) (82) (42) (2) (9) (39) (21) 
83 (60) (55) (85) (67) (37) (91) (4) (30) (48) (22) (77) (66) (69) (63) (58) (76) (11) (84) (94) (1) (5) (64) (16) (98) (87) (72) (47) (96) (97) (78) (70) (100) (73) (19) (56) (57) (21) (99) (51) (27) (40) (46) (29) (59) (71) (95) (10 9) 
84 (96) (12) (3) (49) (44) (4) (69) (24) (65) (100) (25) (61) (76) (26) (67) (95) (53) (14) (10) (85) (82) (63) (17) (75) (64) (74) (32) (5) (94) (55) (15) (79) (54) (78) (16) (60) (22) (97) (35) (36) (21) (58) (7) (1) (42) (91) (93 19 57) 
85 (14) (99) (45) (74) (43) (1) (72) (2) (13) (80) (21) (35) (12) (91) (95) (6) (73) (60) (30) (89) (86) (5) (33) (84) (23) (54) (75) (16) (78) (97) (81) (50) (62) (28) (49) (59) (42) (22) (20) (85) (34) (96) (92) (39) (53) (3) (8) (63) 
86 (96) (52) (14) (8) (27) (10) (67) (93) (19) (53) (56) (99) (21) (39) (24) (11) (16) (55) (74) (17) (5) (46) (94) (25) (87) (64) (54) (62) (79) (58) (41) (13) (72) (35) (71) (26) (59) (84) (48) (81) (63) (7) 
87 (45) (24) (15) (26) (94) (98) (62) (56) (19) (10) (64) (44) (17) (21) (52) (25) (91) (79) (54) (5) (41) (50) (29) (90) (88) (18) (43) (65) (6) (82) (55) (9) (66) (36) (95) (83) 
88 (28) (72) (24) (97) (54) (6) (65) (84) (19) (66) (10) (29) (42) (31) (86) (34) (39) (36) (55) (35) (88) (7) (41) (47) (95) (33) (56) (77) (73) (26) (74) (14) (94) (15) 
89 (66) (14) (39) (42) (17) (93) (91) (80) (82) (1) (84) (90) (30) (3) (29) (45) (58) (12) (86) (18) (8) (74) (43) (27) (75) (38) (81) (4) (69) (89) (25) (47) (19) (100) (35) (37) (71) 
90 (30) (89) (19) (73) (61) (85) (18) (76) (84) (65) (16) (9) (67) (42) (38) (83) (11) (4) (13) (88) (40) (95) (91) (7) (21) (87) (99) (37) (15) (32) (49) (96) (2) (12) (6) (10) (58) (39) (41) (56) (36) 
91 (47) (95) (28) (78) (73) (83) (75) (22) (43) (79) (94) (41) (59) (84) (69) (38) (93) (34) (24) (10) (86) (52) (40) (21) (57) (29) (26) (42) (82) (18) (4) (36) (11) (80) (49) (68) (76) (56) (51) (25) (70) (3) (77) (91) (62) 
92 (10) (30) (22) (14) (44) (16) (69) (92) (25) (11) (3) (19) (36) (35) (67) (40) (71) (7) (75) (51) (64) (58) (76) (54) (90) (28) (50) (31) (17) (33) (56) (9) (86) (77) (60) (72) 
93 (37) (98) (81) (3) (86) (9) (95) (12) (80) (71) (59) (65) (57) (10) (85) (33) (84) (29) (8) (25) (78) (14) (63) (18) (2) (34) (35) (58) (88) (42) (41) (17) (16) (30) (5) (90) (51) (7) (53) 
94 (67) (81) (62) (66) (20) (13) (84) (58) (61) (19) (23) (46) (71) (51) (2) (8) (25) (27) (69) (3) (18) (83) (45) (89) (86) (14) (94) (5) (17) (57) (73) (11) (31) 
95 (1) (86) (28) (70) (100) (68) (47) (90) (22) (77) (15) (53) (81) (39) (92) (98) (5) (72) (14) (36) (73) (65) (4) (95) (31) (67) (29) (91) (46) (62) (87) (30) (99) (76) (51) (96) (43) (37) 
96 (22) (72) (88) (36) (42) (30) (35) (1) (16) (13) (6) (29) (97) (51) (57) (44) (33) (83) (10) (25) (91) (45) (75) (73) (47) (11) (48) (34) (24) (100) (74) (21) (14) (19) (90) (87) (50) (70) (62) (66) (9) 
97 (23) (95) (98) (94) (38) (93) (15) (96) (22) (71) (87) (76) (47) (7) (17) (4) (81) (53) (80) (78) (27) (16) (12) (32) (100) (41) (61) (67) (45) (50) (25) (31) (77) (90) (37) (75) (52) (43) (82) (57) 
98 (14) (70) (7) (39) (75) (18) (12) (94) (83) (37) (52) (16) (33) (4) (32) (58) (44) (48) (65) (34) (91) (87) (49) (28) (57) (92) (38) (100) (98) (27) (2) (25) (26) (59) 
99 (59) (58) (97) (24) (25) (76) (16) (26) (22) (42) (83) (60) (6) (84) (66) (85) (21) (61) (2) (96) (10) (11) (37) (9) (34) (79) (89) (69) (7) (87) (45) (46) (20) (80) (63) (98) (15) (55) (35) (36) (44) (57) (13) (28) (12) 
100 (34) (82) (13) (61) (43) (35) (27) (1) (81) (49) (3) (19) (8) (72) (57) (36) (69) (62) (30) (100) (98) (26) (47) (67) (12) (55) (25) (50) (71) (63) (21) (6) (70) (94) (40) (44) (80) (66) (83) (31) (24) (65) (28) (32) (87) (93) 
