0
100
100
1 (53 27 76 44) (19 69) (50) (47 54 68 62 13 81) (95 90 67 94 93 87) (98 38) (39 7) (28) (9 32 60 71 72 84 99) (89 96 23 18) (29 82) (5 8 83 56 3 17 16 57 61) (80 77 35 1 30) (86 22) (63) (46) (79) (65 91 4) (59 73 70 40 20 33 31 100 64 6) (78 15 42 48 52 10) 
2 (24 42 74 40) (10) (70 16) (9) (7 29) (85 95 43 69) (94 67 56 99 14 21 53) (58 79 84 19 28 80 2 30 22 35 47 48) (68) (88 59) (78 93) (44) (57 52) (87) (62) (46 72) (91) (61 75 50 76 66 60 18) (31 55) (34 33 36 83 100 15) (63) (26) (98 54 11 41) (77 6 96) (51) (37 20 65) 
3 (51 86 97 43 83) (20 35) (19 24 81 25 80 14 65 37) (5 28 56 74) (78) (22 61 21) (47) (54) (52 99) (76) (12) (98) (36 55 91 100 27 4 26 50 13) (88) (72) (96) (42 40 33 89 30 60) (39 58 79 62 53 73 7 94) (2 9 17 41) (63) (48 85) (93 10) (29) (18) 
4 (25 19 63 60 26 27) (23) (69) (94 21) (90 42 20 13 8) (28 59 44 51 3 73 2 4 67) (72 17) (6 93 48 96) (98) (83) (50) (64 24 5 11 22 79 18 10 88) (84 40 53) (65 62 91 29 76 75 46 95 16 82 33 97) (49 32) (87) (47 92 7 86) (89 52 85 41 31) 
5 (90 34) (28 98 96 56 93) (42 12) (57 31) (15 63 84 7 19 80 41 61 2 86) (99) (73 40 59) (29) (83 16) (8 14 9) (44) (24 65 22 5 97 51 18 75) (68 25 1) (79 47) (27 76 58) (62) (39 13 54 3) (53 60 10 48 89 55 30 6 23 67) 
6 (80) (74 50) (11 49 45) (55) (41 6) (83 22 40 48 4 72 12) (29 88 20) (30) (34) (23) (66 81 78 86 62 64) (2) (95) (73 85 93) (77 21) (47) (54 36 67 13) (65) (46 39 3) (31 79 26 42 53) (18 60 33) (38 10 15 44 43) (90) (37) (87 59 76 63 91) (16) (27) (7) 
7 (45) (23 46 51 83 61 16 99 27 36 80 26 96 58 54) (17 40 18 76) (28 50 90 44 24 5 53 15) (2 41 91) (11) (1 79 84) (77 48) (32 60) (42 64 62) (73 39) (87 56 100 88 21 6 30 98) (49) (82 8 66 59 43) (75 57) (94 71 52 92 63 22 74 14 9) (55 3 93 37 69) 
8 (80) (78 11 96) (64 30 84 51 35 95 61 70 87 75 6 28 9) (53) (94) (3 48 5) (52 63) (42) (19 1 45 4 66) (10) (7 36) (41 56) (85) (25 33 27) (57 98 82) (20 71 29 86 22 37) (65 74) (26 77) (90 38 89 60 2 49 46 67) (44 54) (24 88 16) (32 40) (73 100) (59 23) 
9 (47) (99) (95) (100 25 37) (73 96 62 7 46 29) (93 92 85 56 1) (24 3 30 18 50) (12 58 48 27 67 81) (59 10 21) (4) (77 36 9 89 55 40 8 34 41) (68) (13) (94 38 65) (63 74 64 22 33 84) (80) (69 51 28 70 75) (91 35) (42) (57 78 31) 
10 (83) (39 4) (60) (44 75) (1 3 12) (45 73 99 96 7) (36 64) (16) (41) (89) (53) (90 18 65 27 81 86 77 56) (48 17) (26 72 22 68 87 40 82) (8 84 2 14 38 20) (67 32) (49) (51) (61 43 59) (76) (52 46) (28) (23 69 79 78) (63 34 13 92) (74) (30) (66 31 5 94) 
11 (64 53) (17) (95 24 52 51 78 16 69 88 61 39 20 5 84 60 58 99) (49 6) (36 73 90) (94 75 23 38 62) (4) (12 74) (63) (45 37 50 28) (10 11 32) (76) (79) (27) (93 82 87) (34) (91) (92 42 81 15 98) (46 68) (65) (14 40) (7 22) (80) (30) (1 77) (9 19) (31) (29) 
12 (76 28) (1) (83) (99 33) (82 42) (88) (2 3 11 13 51 16 34 37) (78 35) (17 10 47 64) (96 71 80 23) (41 8 77 95 58 98 26 81 65) (44 70 75 49 55 57) (66) (40) (38) (27 62 84 63 50) (60 12 32 25 92 36) (18) (22 19 21 67 91 48 14) (94) 
13 (88 54 60 26) (61 7) (1 36 74) (2 90) (91) (84) (8 89 44 93 69 62) (68 47 9 27 86) (71) (17 49 30 82 87 4 52) (58 25 6) (34) (78 83) (20) (67 39) (75 24 22 5) (33 79 28 63 70 98 95) (100 29) (57) (31 85 43) (32) (73) (45 13 48 21 59 14 53 94) 
14 (27 85 43 15 14 77 60 64) (84) (23 66 16 11 30 91 96 76 75 5) (36 18) (21) (67) (42 12) (53) (46) (40) (57 19 1) (34 100 44) (88 63) (13 20 24 55 29) (17 48 97) (54 74 22) (2 33 92 39 79 69) (82 94 28 26 47) (41 87 32) (89 31 50 59) (58) (98) 
15 (72) (49) (40 43) (8 37) (94 51) (84 11) (44 3) (78) (42 34) (87) (46 85) (12 41 18 1 9 17 63) (38 21) (81 90) (54 68 29) (45) (5) (70 62) (98 39 31) (53 32 28 10 77 16 91 55 75) (50 86) (95 64) (6) (56 65) (67) (83 66) (35 22 52 61 48 14) (13 92 82 15 20) (7) (4) (88 100 76 33) 
16 (28 60 3) (92 55) (99 71) (5) (6 98 96 67) (4 13 42 69) (19 94 65 58 56) (80 86 75 41 100) (25 35 87 24 11 15 57 89 91 34 62 93 39 78 46) (22 20) (72 51 84 10 27 73 85 61 74 68 23 48 26 97 82 43) (45 59 18) (81 31 1 50 63 37) 
17 (53 50 4 49 15) (78 32 3 34) (44) (100 18 20 62) (80 13 98 43) (26 97 46 89 42 88 27 68 47 28 96 99 55 79 45) (63 61 73 83 36) (84) (69) (66 11 19) (31 77) (76) (87 48 65 21 6 54 2 7) (1) (70 95) (60 74) (90 64 57) (82 85 14 91 71 58 35) (37 30 5 8) (51) 
18 (96 23) (11) (51) (18) (46 29 89) (75 42 21 14 10 7 77 80 50 26) (44 49) (48 45 3 100 64) (54 58) (90 73) (61 28 27 67 86 91 84 71 59 72 76 82 38 78) (40 53 41 22 94) (70 20) (79) (66 81 25 24 4) (65 98) (34 19 92) (43 35) (95) (33 9) (74 52) (16) 
19 (92 61 42 53 99 49) (51) (81) (37 91 6 48) (26) (15 39 66) (43) (29 58 80 21 1 12) (30 83 25) (27) (36) (73) (74 87 38 76 19 54 98) (70 40 3 85 17) (31 100) (77) (59 45 5) (93 18 94 62) (13 67) (65 57) (56) (20 34 90 72) (60 32 52 2 8 11 16 78) (69) (7) 
20 (3 33 44) (82 24) (8 6 18 10 36 11 50 46 68) (75) (95 38 2 35 31) (85 41) (64 96 72) (67) (71 28) (4) (86 39 60 30 63 20) (1 34 76) (49) (26 77 25 13 21 91 12) (17) (56 92 89 78) (97) (65 61 94) (79 74 48) (29) (87 45 90) (80) (84 58) 
21 (100 49) (30 46 71 91 89 59) (65 93 44 68 73) (83) (26) (58) (25) (34) (24) (35 51 52 77 33 92 40 72 39 56 7 57 6 31 98) (69) (96) (2 10 37 19 70 95 9) (29 75 99 45 41 36) (67 14) (18) (32) (66 22) (87 94) (79 38 12 54 84 1 78 28) 
22 (41 86 43 82 97) (37 23 54 83 64 32) (12) (5) (22 95 77 44 31 87 17) (10 76 63 13) (75) (30) (28 59 56) (7 89 11 61 6 18 62 65 15 33) (80 4 91 60 67 51) (92 27 66 68 47 58 79) (14 73 49 2 78 96 21) (55) (57 85 53) (36 24) (52 35 25 19 71 72 88 94) (9 98) (93 34 42) 
23 (78) (8) (6) (15 87 43 40 9 64 61) (65 93) (45 18 99 48) (80 41 36) (53 23) (85 3 74 51 84 56 54 26 49 90 19 60 62 46 50 12) (55 66 14 86 97 82) (92 94 34) (2 98) (100 83 30 20 59 96 71) (1) (21 16 67 25 28 42) (79) (22) (75 77) (24) (29) (27 57) (95) 
24 (24) (1 41 18) (84 40 8 76 82 62 94) (99 86 73) (78 80) (85 10 60 12 16) (79) (66 98 29 57) (5) (53 89) (88 58 31) (30 36) (77 9) (64 35 15) (13 28 45 7 72) (91 27 63) (87 26 92 21 20) (83 100 11 59) (95) (74 43) (42 75 71 96 44 81 23) (34 4 68 19 93) 
25 (65) (23 14) (97 64 18) (67 13 48) (22) (31) (6 39) (20) (84 57) (56) (34 7 83 79) (89 62) (60 15) (63 71 94 5 27 73 25 44 35 19 12 76 30) (99 4 91) (72 98) (88 52 33) (26 85) (29 46 37 43 70) (24 40) (90 32 2 49) (51 36) (75 93 58 42) (21 59) (3) 
26 (92 12 52) (90 45 23) (95 43) (1 86 47) (33) (98) (83 84 100 25 21 70 59 51 22 32) (55 8) (57 82 46 27) (38) (80 44) (41 13) (16 71 94) (62) (48) (97 29 35 50 64 5) (42) (73 53) (79) (76 91 20) (24 31 34 19 99) (37 11 67 96 66 40 26 36) (89 7 78 3 56 30) (87) (14) 
27 (68) (87 93) (44 38 24 99 59 18) (92 23) (32) (35) (48 41 96 27) (80 55 67) (47) (9) (91 46 40 61 64 53) (57 17 42) (5) (72 14 12 62) (81 31 1 26 88 50 65) (63 45 58 98 33 97 73 8 7 78) (15 66 79 30 28 52 11 4 19 22 43 60) (74 71 85 77) (95) (75 13) (82 69 37 94) (56 29) 
28 (7 87 12) (39) (84 10 53 22 71 94) (18 14) (38) (55 62 67) (77 21 72 74 16 75 76 51 96) (48 19 29) (44) (32) (6 1 24) (60 56 54) (8 81) (3) (66 64) (28 43 50 70 88 2) (83 37 79 99 26 20 30 45) (27) (63 42 40) (58) (97 85) (41 98 9) (17 31) (4 33 93) (92 47 34 46 82) (49 23 15) 
29 (98) (86) (49 2 100 77 95 90 62 99) (78) (13 85) (89 61 66 42) (96 83 26 69) (81) (70 31 79 58 4) (87 28 74) (6 93 9 40 14 88 3) (21) (75 25 22 39 36) (50 54 64 44 18) (38 67) (60 29 47) (46 51) (12 80 1 48) (37 97 11 72) 
30 (96) (85) (83 65 43 31 97) (92 89 15) (23) (100 88) (49 36 41 93 8 38 13 22 56 76 33 19) (58 4 5 86 94 44) (71 74 98 51 91) (52 35 14 66 54 81) (62 2 37 95) (30) (45 6) (59 20) (9) (67) (60 42) (87 90 10 99 16 21) 
31 (96) (94) (21 70 92 4 63 45 77) (100 53 43 74 47) (81) (18) (36 17 34) (50 8 32 28 40) (75 86 48) (38 49) (58 79 76 16) (3 9) (93 27) (26 22) (82 72 19) (29) (78 98 15) (88 11) (83 12 60 7) (52) (61 55 44 95 42 24) (59 71 20 31 54) (62) (30) (66 99 73 57 51 64) 
32 (84 22 71) (73 66 77 27 89 35 91 6 8) (13) (33 20) (44 12 34) (46 70) (56) (76 40) (1) (50 97 39 87 81 93) (95 75 79) (74) (41 65 30) (98 5 78) (100) (14 92 31 80 3 68 19) (28) (17 11 55) (99 52 90) (21) (37) (57 18) (47) (32) (38) (86 83 88 48 72) (25) (61 51 63) 
33 (64 76 96 27 33) (45 62) (68 69 81 56 38) (43 47 20) (89 75 4) (85 54 93 25 31 86 55 50 5 71) (44 19 67 6 83 57) (22 79 98 84 49) (23) (7 70 53 46) (60) (61 3 18) (74) (17 29 34 66 52 59 41 32 37 95 82) (42 88 92 24) (65 28 9 51) (94 15 2 26 13 48) 
34 (92 10 65 91) (54 12 25 68 50 34) (32 72 4 86 43 11 89) (31 40 75) (19 96 20) (39 27 45 47 53 24 94) (2 35) (85) (98 37 61) (6 82) (100 62 87 48 3 66 1 8) (29 81) (7 56 28 78 93 74 41 99 67 57 36) (38 15) (17 22) (44 55 23 64 63) (95) 
35 (92 4 79 88 3 34 99 75) (94 73 71 53 20 70 41 93 45 56) (49 32 97 14 39 18 80 61 28 6 59 7 40 46 69 68 43) (72) (51 90) (60 22 84 95 81 76 29) (64) (98 85) (89 54 82 15 52 10 77 26 1) (42 12) (30 62 100) (38 19 48 78) (35 11 21) 
36 (77 5 41 26) (71) (46 54 8 44 18 13) (80) (85 57) (96) (89) (10 61 87 38 93 95 7 97 88 55 92 37 21 50 39 75) (32 76 67 51 27 40 94 33 73) (90) (64 30 74) (35) (62 3 81) (78) (52 28) (79) (4 47 25) (23 20) (70 98) (83 17 60 58 1 68) (48) (49 63 15) 
37 (51) (50) (24 5 25) (20 40 31 87 69 66 92 23) (61 62) (46 47) (43) (41 3 84 91) (75 73) (15 59) (67) (17) (42 89 85 37 44 45 18 33 81 21 63 22 26) (83) (39 54 98 80) (49) (52 8) (58) (19 77 36 7) (86 2 96 28 78) (82 10 64 100 12) (29 4 65) (97 53 95 32) 
38 (77 48 81 100) (98 39 43 2) (79 30) (28 99 40) (47 50 12) (92 10 37 18) (61 67 17 27) (75 3) (70 80 32 82) (51) (57) (25 7) (96 73 23 60 46) (21 87 38 14) (62 55) (34) (11) (59 89 78 65 74 26) (15 13 4) (54 68 1) (16 6 53) (22) (8 29) (95 58) (85 64 42 97 49 19 36 84) 
39 (46) (63 85 91) (19) (10) (90 22 20 35 26 69) (93 47) (56 76 94 67 64 53) (31 74) (32) (87 70 18) (11) (13 27) (37 78 99 82 84 88) (41) (29 8 44 43) (83 49 2 40 52 59 14) (66 21) (100 98 16) (7) (95 68 71 72 5 86 4 30 45 75 50 92) (54 58) 
40 (22 7) (13 32) (21 30) (12 69) (14 77 4) (63 81 10) (29) (82) (34 80 49) (79 98 89 71 2) (91 78) (27 85 42 43 50) (47 18 64 28 37 67) (52) (36 8 35 38 66 93 11 72) (48) (83 5 97) (9 65) (24 53) (74 59) (96 41 90) (6) (73 15 20 92 46 88 56 70) (33 94) (51 68 76 3 62) 
41 (17) (7 8 64 3 16 86 23) (33 99 20) (68 24 22 47 39) (67 18) (75 81 61 93 62 13 87 27 50 84 34) (85) (38) (44 58 14 78) (11 54) (72 42 9 35) (2 89) (88) (60) (19 95 63) (29 65) (90 53 59) (40) (15 46 21 83 30 6 26 71 79 73 70 98 55) (25) (100 31 41 96) 
42 (34 1) (95 8 81 23 39) (100 12 21 33 53 38) (35) (63) (58 16 25 17) (30 75 28) (45) (96) (78 94 65 4 24 50 88) (97 2 60) (84) (52 5) (69) (77 11 18 36 73 93) (85) (43) (74 31 76 27 89 3 87) (68) (7 22) (10 86 57) (6 79) (90 19 54) (56 41) 
43 (19 86) (1 41 42) (22 44) (17 90 64 31 18 96) (46 80 100 26 38 82 68 9 55 95) (4 16) (35) (12 84 69) (8 51 73 67 30) (58 28) (27 6) (63 20 36 81 98 21) (2 49) (77 74 11 99 14) (25 40) (72) (71 70) (92 78) (62 5 94 52 83 37 39 97) (79 57 7) 
44 (81 80 79) (35 27 9) (29) (75 60 72 8 14 16 96 44 86 76) (57 42 36 6) (100 2 31 97 63 19) (66 62 51 68) (95 78 22) (99 20 65 64 70 10 69) (54 87 67 3 73) (41 13) (88 90 38 91) (12 93 48 89) (28 71 18) (40) (17) (46) (24) (23 43 39) 
45 (8 64 29 34 59) (41 92) (98 25 40 38) (21 86 4) (17) (3) (73) (85) (58 37 15 87 90 14 19) (96 20 79) (31) (39) (47 5) (36) (55) (75) (67 72 42 99) (76) (77 57 61) (44) (69 70 53 94 28 80) (66 60 56) (1 78 54) (88 27 48 89 26 33 51 30) (95 9 46) (24 22) (62) (32 13 93 63 18 84) 
46 (43) (22 63 93) (41) (55 25 44 16 53 2) (51) (42 89 23) (36 35) (4 33) (19 61 71 21 49 81 13 85 90) (15 73) (76 20 64) (8 75) (79 59 99) (60) (9 47) (5 87) (12 92) (11 30) (57 62 24 1 96 74 18 95) (82 77) (28) (32 6) (66 69 54 84) (10 68) 
47 (71 99 45 8 67) (30 73 37 85 88 68 100 26) (47 4 13 69 16 14 42 40 6 86 22 36) (51 87 54 59) (84 53) (2) (56) (62 12 28 91 81 60) (32 44 78 95 58 49) (82 72 65) (41 57 48 5) (25 76) (97) (21 9) (64) (1 33 3 10) (31 70 63) (17 18 23 15) (55 46 7) 
48 (19) (95 93) (35 34 29) (88) (40 68 36) (26 49 39 94 50 21 69 18 24) (52 14) (71) (27 51 44 48 2) (98 60 83 37 92) (3 64 96) (9 97) (81 32) (13 78) (31 61 23) (63 30 20) (57) (62 43 5 17 82) (22 15 38 6 87) (53) (8 77 80) (75) (67 73 55 33 16) (89 45) (66 59) 
49 (12 92 74 66 40 30 84) (37 61 13 19 9 29 14) (16 4) (23 81 26 38) (52 91) (48 78) (50) (15 98 93) (75 82 71 69 36 51 5 2) (22 39 44 97 45 46 59) (32) (27) (56) (10 80 42 72) (77 41 87 100 43) (20 67) 
50 (96 31 49 28) (87 23 26 4 59 25 18 68) (90) (95 27 33 100) (40 84 5 94 15 97 16 81) (3) (48 10 69 72 30 21 46 99) (24 37 58 74 89) (78) (20 65 53 79 50 19 36 63) (73) (56 11 47 55 83 98) (75) (60 2 6) (34 44 39) (93 82) (57 77 92 8 43 61) (42 13) (51 80) 
51 (47 91 57 77) (86 81) (13 8 5 42) (50) (29 71 48 55 34) (25) (18 89) (9 84 27) (96 49 1) (56 92 97 12 28) (39) (17 35) (98) (51 53) (30) (59 14 87) (65 37 6 20) (82) (69 78 64) (66 61 3) (10 60 19 67 15 70 52 62) (80) (4 83 22) (36 100 23 32) (7) (31) (40) (54) (94) 
52 (24 80 76) (42 49) (1 23 63) (69) (77 64) (9) (87 94) (41 71 93) (52) (11 70 32 68) (12 7 84 75 34 92) (36) (72 28 90 5) (4) (66) (58) (20 88) (48 14 27) (86) (21 2 67 54 10 95 16) (8 61 6 83 53 59) (37) (35 73 57) (98 55) (46 39) (13) (43 79 44 96 31 56 22 50) 
53 (56 33 2 96) (97 12 83 26 53) (30 69) (55) (98) (8) (89 76) (10 49 51) (18 93) (4 1 34 44 68) (60 9 88 50) (43) (95) (41 81 37) (13) (65) (57) (58 94 87 61 6 47 86) (25 82 38 36) (27 92 28 67 7 15 74) (14) (72 11 62 66) (39 5 46) (52) (79 59) (42) (71) 
54 (90 74) (24 5) (80 30) (55 6) (39 47 92) (63 83) (68 76 53 67) (48 9 10) (91 97) (52 58 17 50 99 26 81 98 36 14 70) (37 19) (56 35 75 93 31 8 57 82 89 13 2 66 54 40 20 96 77 34) (15 60) (78 69 62) (42 95 49 12) 
55 (45 59 23 31) (51 41) (39 75 30) (18 35) (73) (68) (65) (34 57 87) (16 77) (24 61 5 56) (62) (58 47 71) (81 21) (98 92 76) (49) (44 29 82 12 27 8 6 83 20 79 50 64 72 19) (13 60) (94 42 78 86 66 2 74 17) (9 91) (46) 
56 (93 3 30 27 70 35 92 13 97 50) (23 99 38 33 6 4) (29 67 86 10 22 45 15 25 98 1 8) (65 46) (52 73) (64 61 41 63) (100) (36 76) (89 20 82 34 43 74) (12 32) (79 37 96) (95 55 85) (47) (72 26 42 94 54 75 84 77 56 17 28) (48) (80) (51 9 18 83 44) 
57 (75 97 87) (81) (62 22 50 93 32) (82) (9) (90 84 6) (70 45) (35 85 86 21 69 63 66 28) (58 64) (52) (31 4) (65 39) (20 25) (72 7 43 18) (55 60 47 95) (73 56 23 57 83 30) (89 27 77 37 94) (74 36 54 67) (79 24 53 29) (10 26 14) 
58 (1 100 16 76) (85 68 24) (6 91) (50) (52) (17) (84) (95 67 11 20 13 65 35 71 73 61) (5 29 48 62 78 21) (88 82 4 89 37 75 79 7 25 39 34) (72 96 86 2 46 81) (69) (15 32 70) (49 26) (12) (43 27) (59 87) (38) (60 19) (54) (56 77 40) (42) (98) (23 8 74) (31) (66 97 80 58) 
59 (58) (50 2) (15 67 33 26) (12 66 90) (78 91 19 40 75) (80) (98) (63) (81 10) (1 88) (97) (85 51 34 61) (6) (99 95 25) (74) (84 27) (41) (28 68 62 39 47) (55 30 57 92) (45) (76) (60 59 14) (69) (29 54) (18 8) (44 32 93 72 87 11) (37) (43 94 82) (5 83) (42 56 20 4 36) (21 77) (7 53) 
60 (44) (40) (91 17 11 64) (62 45 85 82 10 27 61 7 12 95 84 99 4 48 21) (2) (14) (13 55) (63 65 47 33) (86 26 66) (30 74 94 87 5) (51) (53 41) (78) (97 71 39 92 22) (32) (57 59 80 79) (67 43 83 60) (25 18 16 34 77 1) (6 31) (88) (19 73 9) 
61 (81 98 36 68) (7 31 25 53) (77 39 20 21 64 72) (73) (89) (67 78 52 71 38) (5 49 6 10 76 96) (55) (12) (51 86 94) (27 97) (14) (33 91 29 58 16 37 19) (63 26 45) (66 80 65 61) (22 24 11 56 99 84 70) (88) (42) (44) (83) (9) (41 75 92 40 82 93 43) (85 17) 
62 (48 79 27 31 74) (22 61 62) (56) (89 33 93 42 55 67 97) (43 52 60) (72 4) (25) (11 92 80 20 88) (18 81) (91 70) (38 58) (26) (21 19) (90 23 100 59) (50 9 94 64) (99 36 2 96 15) (28) (29 85 34 1) (95 10 47) (87 75 57 76 35) (45) (82 32 54 51) (49) (84 14 71 16 12) (69 37 44 98 40 53) (3) (83 13 73) 
63 (33 53 92) (69) (31 3 10) (46) (55 77 32 80 5) (90) (82 88 9 41 1 43 24 12) (11 50) (22 13 26 76 51 29 73 37 20 87) (71) (48 98 18 79) (7 67 2 68 30) (61 38 83) (99 35 59) (95) (100 8) (94) (72) (25) (97) (57 64 54 78 63 84 15 96 36 85 42 60) (65 93 47 40 66 28) 
64 (86 75 88) (73 67 83 94 46 65) (12 80) (66 27) (14 40 21 33 89 60) (52 92) (20 18) (3 85 50 11) (41) (48 63 57) (35 93) (55) (24 71) (5 100 90 47 28) (84 68) (31 43) (39 13 61) (36 49 95 26 25 87) (56) (64) (34) (54 74) (7 17 53) (51) (2 19 16) 
65 (75 90 82 86) (28 76 62 29 39) (56) (41 9) (48 1) (6) (42 34 70 26 47 57) (94 21) (87 17 98 68 27 3 61) (36) (24 33 79 73) (96) (18 4 13 11 31 54) (14) (22) (53 72) (15 99 93) (45 78 67 83 51 12 35) (16 65 55 40 100) (44 95 88) (64) (89 20) 
66 (10 77) (41 35 11 90) (89 28 78 93 23) (18) (97 31 32) (52) (17) (1) (94 49) (26 86) (57) (9 88 91 4 100 13) (85 3 96 74) (5 66 54 46 50 95 27) (81 43 69) (12 51) (37 84 61) (70 14 87) (39 29 65 67 73 44 76 72 45 68 58 99 71 98 22) (7) (82) 
67 (65) (8 85) (34 48 55) (29 91 15) (38) (44) (40) (70 45) (27) (47) (60 93 28 54 58) (30) (57 11 61) (79 78) (52 14) (25 19 42) (90 66) (39) (18 72 96 76) (100 6 31 21) (2 33) (9) (22 1 4 49) (32) (82) (23 35) (20) (12 17 53 68) (89 26) (83 98 3) (43 51 13 46 97) (99 56 62 75) 
68 (77 52) (22 69) (16 25) (82 61 93 8) (99) (84) (34 90 64 29 98 73 59 14) (23) (56 30) (43) (66 58 11 74) (12 10 28) (51 50) (46 63 27 76 57) (95 87) (40 15 35 26 37 7 3 79 81 36) (38) (53) (13 72) (97 70 19 49 100 6 9) (20 18 89 33 85 1) (42 54 55 83 94 32 2 88 68) 
69 (90) (41 95 79 78 89 99 57 27) (70 3) (4 9 14 80) (30 43) (2 83 85 97 37 98) (19) (35 23 65 40 7 75) (1 68 22 62 20 17) (100 50 58 82 36) (74 92 42) (46 51) (66 5 49) (8 93) (48 73 34) (29) (11) (91) (13 87 12 63 64 60 32) (72) 
70 (75 18) (22 69 48 77 45) (51) (4) (46 13) (89 3 63 59 36) (58 7) (39 25 98 95 86) (37 16 42 93) (57) (47 5 72 2 90 26 80) (65 41) (28 61 60 29 73) (84) (17 21) (35 34 99) (43) (85) (20) (38 14 50) (76 55 62) (53) (96) (91 6) (97 44 32 92) (24) (54 19 94) 
71 (27) (77 91 7) (50) (65 24) (3 1 14 5) (99 92 58 67) (85 8 11 86 70 45) (2 75 53 100 33 89 35 63) (12 36 94 41 47) (46) (21) (83 95 44 97 72 37 62) (84 59 68 98 80 39 20 54 79 76) (43) (51) (55 10 81 6 73 49 82) (61) (4 38 28) (32) 
72 (58 48 5 97 7) (78) (31) (44 100 1) (72 24 18 61) (16) (6 50 69) (13) (64) (10) (63 37 79 38 82 83 86 53 73 76 96 8 11 94) (14 41 65 51 70) (98 66 95 9 27 36 62 46 93 3) (21 90) (34) (71) (12) (47) (85 29) (89 26) (81) (87) (15) (57) (25 42 55) (80 43) (84) (19 54) 
73 (67 51) (97 1 20 85 91) (59 84) (6) (26 50 53 5 34 16 86 7 57) (63 100 96 35) (32 82) (89 54) (75 95 79 24 70) (52 18 66 28 38 56 17 43) (14 92 99 98) (69 61 71) (44 68) (76 37 31 81) (83) (13 3) (4 55 90 65 78 94 72 29) (45 2) (21) (25 33) (19 49 22) (93) 
74 (16 1 30 60 18) (84 57) (97 53 8) (76 40 63) (29 77 59 93 21 91 52 55 34) (25 89 98 5 24) (61 73 48 41) (39) (78) (99 19 68) (10) (65 12 74 50 27 51) (44 42) (95 38) (56 17 83) (13 45 43) (46) (11 14) (62) (33) (70 85 64) (71 15 36 87 35 3 2) (92 100 67) 
75 (48 95 39 69 88) (31 9) (67) (99) (97 33) (92) (94 29) (57) (37 16 24) (11 93 44) (76 8 42 50) (55 84) (91 5 35 62) (34 72 73) (43) (7 60 71 59) (4 40 32 25 56 21) (20 68 17 87 75 30 45) (100 51 63) (22 36) (14) (61 26 1 98) (49 23 38 3) (53 82) 
76 (50) (49 77 3 18) (12 97) (80 69 54 76 35 48 25 94 68) (2) (33 8) (90 73 13) (39 71 66 10 45 62 4 22 61) (44 87 79 86 88 21 98) (63 85 29 43 58 46 30 65 93 74 11 17) (34) (20) (6) (64 92) (42) (82 28 67 60 57) (47 53 37 72) (59 81 51) (24 83) 
77 (26 63 52 41 73 97) (11 94) (91 51 6 22 50 36 13 16) (44 17) (90 21 46 70 100 99 67 56) (87 48 66 65 39 85 43 76 42) (88 89 27 75 12 40) (33 81) (3 31 96 83 8 23 84) (18) (95 37) (64 53 19 59 86) (74) (1 24 7) (54) (5) (28) (71 93) (38) (30) 
78 (81 99 70 11 85 28 9 43) (93 74 1) (54 21 20) (19 55 48 4 68 17 87 47 69) (12 76 8 66 49) (42 73 16 97 86) (33 75 83) (36) (34 53) (63) (52 31) (80 71 35 60) (10 6 51 64 78 18) (94 26 46 44 96 27 95 14 72 84 3 23) (50 100 40 30 39 45) (32 89 5 13 15 79 57) 
79 (58 91 54) (86 46 69) (36 64 30 52 17 15 44 33) (70 16 18) (67 47 83) (51 56 79) (87 20 21 31 77 39 53) (61 37) (82) (29 76 7) (57 49) (45 75) (5 99 38 11) (41 10 32 74) (12 100 9 59 78 92 35 71 89 93 90) (66 28 24 13) 
80 (41 50 91 95) (100 26 13 32 49 61 88 39) (60 80 79 52) (67 97 85 11) (59 14 75 44) (3 33 72 19 99 22) (31 70 76) (28) (29 9 54 77 71 86 66 34) (93 6 20 21 96 63) (87 42 27 2 8 62) (15 84 12 4) (43) (36 24) (56 98) (94 82 48) (5 64 18 73) 
81 (72 78 82 69 73 93 2 94 60) (80) (91 90) (85) (31) (83 71) (1 34 64 24 74 38) (98 35 58) (49 100 3 10) (89 76 88 32 77 70) (51 16) (84 23 62) (22 52 39 21) (7 66) (59 48 50 12) (14 6 4 99 75) (15 17 56) (45 5) (96 47 92 43) (68) (81 95 27 46) (86) 
82 (76 80 83 74) (100) (97) (20 25) (98 61 37 30 18 6 44) (2 99 57 69) (34 79 10) (32 19 94 27) (60) (16) (21 3 5 72 71 4 31 24 42 15) (41) (48 39 59) (17 87) (85) (50 92) (86 96 36 66) (78 65) (1 40 58 29) (88 52) (82 56) (12 91 89 28) (35) (9 54) (8) (62 23 70) (67 75) 
83 (62 29 55 90) (68 72 86 19 58 16) (61) (57 59) (37 63 13 14) (35) (40 41 54 1 76) (89) (60 44 2) (11 98 5 49 95 31) (83 33 21 15) (99 27 65) (87 81 69) (82) (92) (74 56 12) (23) (97 67 66) (53 30) (64 3 79) (73 4) (22 38 96) (8) (43 47 45 6 25 34) 
84 (1) (33 91 43) (17 24) (38) (46 74 40 77 28 13 83) (76) (4 97) (42) (86 61 60 2 54 70 34) (59) (14 50) (18) (75) (69 23 63) (9 62) (27 85 64) (68 87 88 20 82) (26 49 84) (78) (48) (53 30 31) (100 98 56 71) (32) (37 41) (92 5 19 11 99 3 72 90 95) (10) (7) (39) (29 80) (36 65 22) (25 94) 
85 (91 13 50 97 1) (15 76 90 25 14 4) (92 95 45 47 77 19 49 8) (31 24 59 32 39) (23) (68 85 54) (93 20 94) (52 28 81) (43) (11 2 75 63) (22 42) (3 12 18) (79) (99) (98 51) (61 33 64 96 56) (71 83 46 7) (65 100) (57 73) (10) (21 29) (5 62 35 89 27 53 40 26) (74 16) 
86 (46) (24) (95 69 23 76 47 27) (73 20) (98 32 99 54 30 14) (97) (74 13 38) (82) (50) (61) (57 96 84 49 36 79 81 62 86) (12 70 51) (78 92 93) (28 42 94 2 100) (6 35) (43 7 53) (9 16) (88 67) (4) (34 80 33 89) (91 19 85 11 40 83) (63 15 21) (64 37 71) (68) (22 25 26) 
87 (72) (73 80) (17) (77) (6 44) (32 50 84) (35 37) (95 88 49) (25) (1 94 76 36 33 64 16 65 54 52) (3 15) (67) (11 63 27) (19 9) (68 100) (13 23 83 59) (26 97 70) (89 4) (55) (2 74) (98 82 57 61) (45 46) (29 71 90) (38 53 75 69 7 40 56) (12) (21) (66 20) (5 14) (93 24 60 39) 
88 (30 94 47 40 77) (98 67 39 93 35 44) (60 14) (49 20) (97 81 55 11 53) (54 26) (100 51 63 82 34) (16 73) (65) (68) (88 89 87) (45) (27 42) (18) (41 78) (3 74 9 33 6 31) (28 4) (72 70 5 46 8 38 69 83) (7) (80 1) (2 62 59 21 61 13 95) (36 12) (96) (10) (57) (91 24) 
89 (58 34 95 12) (47) (32 82 100 37) (13) (8 41) (73 31 40) (67) (78 28 27 16 92) (70 11) (93 18 79 35 77 22 98 24 3 88 81 90 36) (66 30) (46 83 76) (72) (2 94 17 75 52) (25) (48) (80 21 99 53 6 87 89) (5 61) (45) (62) (14 10 23) (59 43 63 69 38) (74 71) (91) (84) 
90 (21) (28) (38 77) (35 82 57 30) (83 44) (11 78 51) (49 63 67) (85 3) (59 29 93) (12) (54) (10) (31 33 45) (26 24 76 27 22) (8 72 17) (61 43) (60 84 4 40) (6 86) (23 66 41) (50) (34 20 88) (75) (79) (89 5 80) (91 37) (100 47 94 36) (81 92) (68 74) 
91 (82 18 23) (71 96 21) (93) (44 88 16 90) (87 10 60 79 39 84) (52 100 5) (51 68 55 13 97) (31 95 80 37 65 41 49 98 72) (1 89 17 73 99 81 76 6 43 25 24) (30 12 36 7 48 46) (9 57) (22 85 70 54 78) (11 74 4) (69 34 20 28) (66 47) (19 15) (94) (64 77) 
92 (96 88 13 52) (77 85) (34 83 68 48 29 25 28) (46 66 91) (23 43) (75 94) (2 31) (38) (47 61 57 81 54 72 65 22 6 84) (9) (92 20 50 49) (98) (30 26 35 74 18) (4 97 8 100 45) (41 90) (53 27 55 16 11 78 42 79 63 69 1 64 95 93) (51 12 60) (24 19 17) (86) 
93 (35 34) (96 81) (37) (66) (75 15) (50) (33) (45 26 68 89 1 71 25 70) (83 12 23 53 28) (31) (55) (56 88) (76) (65) (84) (52 95) (8 61 13) (5 64 4 27 7 85) (97 16 30 14) (29 92 73) (42 63) (3) (78 19 77 79 40 90 21) (48 60) (22 100 82 39) (58 94 47 38) (67 74) (17) (98 86) 
94 (23) (62) (88 45) (85) (81 70 4 68) (48) (92 30 8 42) (72) (79 73 66 95) (35 89 25 61 60) (6) (91) (18) (46 10) (76 93) (3 75 40 16) (27 58) (96) (71) (14) (80) (9) (38 55 36) (20 43 37) (19 39) (34 11) (74 32 100 52) (5) (47 17 64 99 53 22 98 44 24 82 21 78) 
95 (29 71 80 4 54 15 23 21 70 51 35 1 34) (27 96 83) (74 91) (17) (58 72 81 32 75) (24) (82) (90 7 31 6 38 76 65) (47) (99) (56 19 11) (49 94 98 48 26 28 42 89) (3 62 52 45 10) (92 25 20 5 66 68 63 69 77) (97 100) 
96 (99 90 77) (84 14 74) (29 63 38) (41) (79) (71 11 75) (33 39 73 17 40 4 32 67 7 6) (80 12) (89 76) (35 9 85) (87) (37 97 26) (54) (48 64 22) (43) (20) (93) (59) (86 61 42) (18 98) (30) (81 83) (72 92 82 3) (1 19 88 65) (78) (5) (60 10 94 36 15 52) (51 44) (27 13) (95 53) (23) 
97 (40 38 68 16 46 90 73 96 55) (33 52 98 17 14) (32 44) (87 89 54 83 35 72 27 26) (20 10 12 85 77 50 100) (97 11 13 58 65 76) (69 47 63 36 42 84 4 62) (94 23 95 53 28 59 91 99 9) (7) (56) (88 39 86 64 5) (81 31 49 61 15) (3 19) 
98 (18) (35 6) (20 46 96 4 61 71 78 25 22 69 50 63 14) (55 72) (16 27 45 99 54) (87 52 19) (74 57 38) (94) (3 73) (36 8 92) (34) (64 11 5 62) (84) (39) (2 86 13 41 100 90 58 70 9) (47 28 98 82) (48 43 56) (26) (17 7 53) (44) (40) (89 76) (60 37) 
99 (66 65 72 37 96 18 87 49 79 20 48) (15 64) (27) (76 57 86 100) (29 23 40 56 69 24 33) (93 22 54) (28 51) (36 78 89 1 94 95 6) (45 25 85 67) (77 8) (52 9 2) (98) (83) (68 46 53 7) (34) (3 12 31) (19) (55) (11) (99 39 35 92 91) (13 14 60) 
100 (53) (36 66 89 18) (6) (15) (72 56 42) (9 61) (96 30 29 62) (58) (23 83 20 39) (99) (2 35 25 80 85 17 84) (82 8 67) (52 63 38 47 19) (78 100 77 70 86 10 45 14) (64) (79 97) (32 90 57 44 26 59 74 12 69 7) (93 16 73) (51 11 68 60 46 55 87 3 40 22) (88 37 43) (1 33 4) 
1 (11) (52) (24) (16) (32) (77) (17) (78) (91) (59) (92) (81) (51) (66) (27) (63) (69) (100) (68) (13) (34 21) (8 83 38 20 58) (74 56) (82 75 14) (1) (5 71 42 29) (85 15 26 45 35) (95) (65) (60) (67) (96) (23) (36 87 88 12 53) (72) (73 84 10) (62 19 28) (9) (7 46 99) (93 47 43) 
2 (8) (63) (98) (100) (23) (47) (20) (43) (34) (49) (4) (84) (55) (58) (37) (53) (81) (38) (76) (44) (19) (87) (80) (86) (42) (17) (6) (46) (40) (21) (48) (74) (99) (22) (88) (71) (30) (25) (52) (2 41) (82) (39 50) (13 83 85 92) (29 3 60 12 70 10 64) (67 7 68 73 54 59 33 14 69) (5 62 28 89) 
3 (44) (68) (42) (63) (93) (66) (25) (5) (1) (12) (40) (28) (83) (6) (41) (8) (36) (32) (82) (20) (37) (35) (99) (80) (73) (7) (85) (38) (67) (84) (74) (26) (65) (95) (17) (62) (97) (45) (89) (19) (64) (88) (48) (23) (98) (31 51 15 10 47 56 34 29 87) (16) (18 33 96) (4) (77 94 70) (50) (71 100 78 72 75) (90 9 69 76 81) 
4 (8) (16) (34) (37) (46) (42) (40) (70) (88) (56) (84) (47) (83) (85) (57) (78) (52) (59) (97) (15) (58) (24) (65) (28) (3) (39) (66) (75) (80) (4) (1) (69) (60) (62) (17) (49) (87) (20) (9) (93) (51) (67) (71) (22) (92) (27) (29) (50) (35) (36) (90) (11) (86 82) (30 45 94 73 53) (6 91 76) (31 43 96 13) (33 98) (100) (18) (10 38 95) (25 81) 
5 (74) (37) (25) (85) (78) (53) (93) (22) (80) (59) (32) (46) (63) (72) (14) (60) (51) (15) (50) (52) (90) (66) (17) (69) (3) (55) (64) (16) (48) (89) (84) (40) (33) (1) (19) (49) (10) (8) (13) (91) (82) (95) (24) (96) (36) (79) (98) (97) (26) (39) (94) (27) (58) (87) (43) (5) (54) (47) (7) (71) (45 73 61 42 75 11 83) (70 30 88) (4 77 81) 
6 (87) (80) (61) (53) (5) (54) (41) (21) (52) (50) (11) (82) (43) (92) (42) (58) (23) (81) (48) (34) (6) (15) (32) (38) (7) (71) (35) (44) (88) (100) (98) (47) (55) (19) (89) (30) (13) (1) (86) (40) (96) (70) (8) (17) (77) (78) (73) (90) (59) (94) (60) (16) (91) (67) (99) (65) (22) (2) (72) (51) (33) (57) (28 20) (29) (95 56 46 4 83 25 68) (76) 
7 (95) (72) (15) (4) (91) (42) (35) (93) (60) (17) (40) (61) (64) (31) (47) (77) (27) (53) (96) (26) (63) (5) (66) (33) (9) (59) (3) (85) (18) (70) (24) (25) (52) (69) (58) (1) (13) (2) (51) (57) (34) (38) (19) (99) (10) (79) (86) (8) (98) (41) (71) (68) (43) (87) (21) (36) (81) (39) (22) (6) (100) (88) (75) (28) (84) (11 73 97 37) 
8 (47) (68) (76) (58) (31) (94) (10) (24) (93) (36) (44) (92) (19) (38) (89) (55) (27) (9) (82) (56) (26) (40) (37) (30) (4) (23) (51) (43) (85) (78) (46) (59) (80) (48) (52) (77) (42) (5) (63) (17) (90) (7) (100) (88) (34) (1) (69) (99) (45) (71) (67) (75) (39) (12) (74) (15) (83) (53) (13) (54) (20) (72) (98) (41) (50) (32 28) 
9 (13) (27) (62) (88) (49) (72) (8) (41) (46) (15) (65) (75) (9) (23) (86) (61) (66) (33) (84) (79) (2) (5) (63) (40) (43) (31) (55) (67) (91) (22) (18) (97) (54) (1) (29) (30) (45) (57) (94) (24) (80) (87) (3) (21) (69) (47) (44) (48) (100) (98) (68) (51) (56) (52) (60) (92) (82) (96) (28) (78) (7) (99) (53) (11) 
10 (89) (82) (68) (60) (47) (81) (90) (59) (56) (72) (74) (52) (53) (49) (88) (100) (8) (3) (11) (22) (15) (39) (50) (85) (30) (71) (96) (36) (97) (44) (28) (9) (51) (54) (21) (6) (12) (2) (4) (84) (16) (66) (61) (18) (40) (78) (79) (20) (42) (34) (62) (35) (57) (38) (76) (46) (1) (63) (37) (5) (24) (94) (91) (95) 
11 (85) (11) (32) (7) (39) (91) (16) (4) (87) (43) (35) (40) (14) (24) (75) (67) (58) (98) (89) (74) (31) (68) (83) (66) (71) (19) (63) (20) (100) (42) (52) (69) (88) (84) (77) (34) (22) (41) (38) (79) (99) (50) (6) (61) (78) (80) (76) (92) (17) (59) (94) (60) (26) (15) (46) (29) (64) (53) (18) (90) (8) (62) (2) (12) (95) (96) (27) (97) (86) (65) (72) 
12 (53) (31) (62) (92) (78) (49) (97) (85) (44) (93) (34) (71) (58) (99) (9) (42) (14) (51) (21) (43) (68) (86) (91) (69) (10) (82) (89) (83) (47) (15) (35) (65) (55) (100) (5) (37) (72) (88) (19) (63) (79) (27) (40) (59) (32) (29) (3) (38) (24) (6) (20) (96) (74) (80) (23) (22) (64) (90) (11) (12) (28) (87) (67) (56) (46) (26) (61) (60) (66) (77) (81 52) (25 76 54) 
13 (92) (30) (99) (38) (73) (89) (49) (78) (20) (13) (25) (96) (22) (88) (4) (51) (62) (33) (44) (15) (16) (69) (97) (40) (63) (50) (68) (54) (93) (45) (67) (53) (41) (29) (58) (83) (24) (79) (1) (14) (55) (86) (87) (39) (74) (98) (9) (72) (65) (77) (17) (26) (32) (85) (6) (52) (19) (64) (56) (12) (84) (27) (47) (10) (70) (3) (91) (36) (76) (48) (5) (60 80 66 46) 
14 (74) (64) (87) (13) (7) (71) (59) (98) (30) (70) (57) (72) (41) (44) (62) (28) (38) (68) (83) (2) (35) (73) (47) (100) (85) (26) (10) (66) (17) (65) (32) (69) (93) (12) (89) (49) (94) (81) (14) (86) (67) (5) (3) (22) (78) (18) (25) (96) (43) (80) (75) (21) (39) (53) (99) (60) (29) (61) (51) (54) (52) (15) (40) (45) (27) (84) (48) (23) (11) (88) (97) 
15 (74) (85) (41) (23) (35) (65) (53) (46) (45) (2) (59) (96) (82) (72) (16) (56) (34) (80) (33) (27) (28) (68) (14) (83) (50) (91) (37) (67) (7) (30) (24) (49) (93) (95) (25) (31) (36) (100) (99) (58) (51) (5) (40) (62) (86) (48) (22) (54) (19) (47) (15) (97) (17) (38) (11) (78) (63) (1) (6) (87) (81) (79) 
16 (15) (44) (77) (43) (24) (93) (19) (97) (87) (58) (85) (60) (79) (12) (73) (31) (83) (41) (2) (6) (88) (39) (30) (70) (62) (72) (47) (49) (4) (50) (89) (78) (92) (94) (61) (48) (38) (1) (14) (64) (100) (46) (74) (8) (82) (81) (18) (68) (23) (75) (7) (86) (55) (5) (52) (26) (65) (98) (10) (28) (91) (42) (11) 
17 (58) (54) (81) (12) (67) (11) (65) (95) (55) (66) (96) (100) (56) (69) (94) (43) (91) (33) (22) (60) (93) (61) (44) (70) (79) (27) (42) (19) (20) (87) (92) (37) (51) (31) (15) (36) (78) (1) (48) (4) (14) (64) (41) (84) (10) (73) (45) (76) (34) (3) (74) (77) (32) (28) (97) (47) (98) (75) (82) (7) (90) (38) (89) (13) 
18 (88) (66) (91) (48) (73) (33) (41) (98) (23) (16) (46) (99) (4) (53) (50) (56) (1) (15) (17) (72) (37) (29) (85) (18) (20) (45) (96) (62) (84) (100) (24) (31) (57) (63) (77) (68) (6) (47) (94) (10) (5) (38) (59) (51) (64) (21) (14) (32) (74) (82) (42) (65) (89) (92) (19) (25) (78) (40) (28) (55) (7) (3) (76) (43) (27) (67) (60) (35) (9) (22) (44) (12 39 80 2) (36 79 70) 
19 (80) (4) (60) (51) (24) (14) (70) (48) (5) (1) (82) (67) (21) (62) (58) (39) (83) (73) (18) (68) (16) (61) (28) (84) (33) (85) (27) (43) (91) (96) (8) (17) (92) (41) (99) (97) (59) (12) (35) (50) (22) (30) (34) (19) (37) (69) (64) (38) (2) (94) (44) (31) (78) (86) (87) (54) (46) (95) (42) (26) (25) (23) (11) (55) (45) (49) (72) (32) (98) (3) (100) (77) (74 93) 
20 (69) (91) (32) (54) (58) (61) (65) (71) (95) (90) (17) (96) (25) (64) (75) (14) (40) (45) (3) (10) (85) (88) (73) (13) (50) (78) (48) (80) (35) (62) (28) (23) (70) (100) (46) (24) (82) (63) (44) (49) (55) (84) (94) (57) (36) (26) (87) (56) (59) (39) (4) (16) (19) (1) (34) (33) (52) (6) (76) (92) (30) (97) (20) (68) (79) (8) (37) (15) (51) (2) (99) (11) (86) (31 43 41 67 98 18) 
21 (59) (67) (35) (3) (47) (12) (42) (25) (81) (87) (50) (17) (71) (85) (70) (46) (30) (4) (88) (90) (22) (58) (57) (14) (73) (74) (23) (41) (94) (64) (80) (48) (9) (86) (39) (31) (93) (89) (61) (78) (24) (60) (15) (36) (20) (79) (77) (43) (45) (83) (82) (62) (65) (75) (32) (28) (91) (29) (72) (55) (2) (40) (95) (76) (26) (52) (6) (38) (19) (37) (18) (7) (13) 
22 (47) (52) (66) (46) (93) (83) (33) (48) (39) (85) (10) (89) (61) (25) (41) (15) (57) (35) (80) (75) (11) (32) (14) (23) (49) (38) (67) (5) (2) (91) (37) (31) (13) (62) (34) (92) (29) (42) (65) (94) (40) (12) (86) (69) (21) (18) (6) (100) (30) (90) (7) (1) (9) (68) (8) (98) (60) (76) (99) (63) (70) (27) (4) (44) (22) (56) (3) (77) (73) (51) (26) (84) (16) (43 96) (28 45 81) 
23 (37) (4) (82) (7) (24) (84) (57) (99) (8) (46) (48) (16) (52) (90) (36) (12) (42) (94) (62) (18) (23) (47) (75) (86) (49) (85) (5) (100) (69) (67) (95) (58) (81) (14) (92) (44) (83) (56) (55) (38) (51) (33) (89) (28) (97) (10) (41) (66) (93) (30) (78) (6) (26) (22) (50) (96) (34) (27) (1) (77) (87) (68) (11) (91) (25) 
24 (3) (81) (41) (79) (22) (82) (71) (24) (45) (52) (55) (73) (23) (5) (48) (37) (76) (94) (54) (58) (34) (16) (65) (75) (44) (2) (4) (25) (77) (42) (92) (61) (91) (8) (20) (99) (87) (57) (74) (28) (40) (64) (13) (72) (33) (50) (63) (9) (14) (7) (21) (11) (31) (89) (26) (80) (46) (90) (95) (88) (18) (70) (27) (85) (86) (84) 
25 (63) (41) (100) (68) (36) (22) (84) (57) (87) (29) (50) (56) (86) (19) (58) (60) (94) (93) (67) (91) (25) (20) (9) (74) (99) (18) (73) (61) (83) (21) (85) (26) (95) (51) (23) (37) (4) (59) (8) (3) (33) (72) (76) (64) (13) (98) (82) (12) (45) (42) (5) (75) (62) (92) (47) (34) (53) (89) (46) (32) (38) (43) (16) (70) 
26 (63) (73) (28) (25) (10) (16) (96) (95) (65) (17) (31) (78) (97) (3) (67) (36) (53) (13) (64) (85) (37) (56) (88) (47) (70) (50) (68) (72) (77) (93) (49) (59) (12) (48) (84) (54) (23) (98) (86) (43) (18) (80) (66) (4) (62) (19) (35) (29) (27) (61) (58) (60) (6) (7) (8) (90) (75) (20) (38) (100) (87) (39) (33) (26) (14) (21) (41) (24) (45) (2) (57) (92) 
27 (77) (98) (36) (88) (18) (56) (55) (69) (1) (87) (92) (43) (51) (62) (59) (72) (12) (17) (11) (19) (89) (93) (78) (41) (57) (49) (31) (33) (8) (14) (13) (53) (10) (39) (32) (97) (74) (26) (25) (82) (5) (38) (44) (95) (83) (80) (7) (81) (64) (71) (50) (66) (65) (4) (16) (45) (42) (23) (85) (52) (94) (67) (90) (96) (61) (27) (68) (58) (48) (6) (86) (40) (28) (34) (60) (84 3 24 9 22 99) 
28 (78) (33) (32) (45) (22) (90) (43) (84) (31) (93) (28) (76) (44) (67) (38) (18) (5) (89) (4) (15) (40) (2) (27) (16) (66) (14) (34) (11) (9) (51) (91) (71) (80) (12) (23) (95) (53) (21) (36) (85) (88) (64) (46) (79) (63) (68) (1) (47) (92) (3) (82) (24) (29) (7) (35) (98) (20) (17) (37) (86) (59) (62) (77) (10) (97) (52) (99) (56) (65) (50) (8) (13) (42) (73) (57) (70) 
29 (69) (73) (61) (44) (20) (34) (90) (40) (62) (68) (19) (41) (2) (31) (49) (27) (11) (83) (18) (96) (58) (37) (51) (95) (24) (6) (92) (99) (38) (56) (9) (45) (59) (8) (70) (74) (26) (63) (5) (21) (67) (66) (39) (84) (28) (80) (4) (85) (25) (65) (3) (75) (76) (13) (29) (82) (48) (15) (79) (87) (33) (72) (100) (57) (1) (35) (23) (14) (93) (55) 
30 (21) (3) (49) (26) (39) (84) (96) (48) (51) (19) (100) (22) (78) (79) (41) (30) (2) (20) (53) (27) (42) (59) (75) (91) (10) (86) (63) (76) (89) (92) (32) (6) (36) (11) (56) (74) (31) (54) (47) (67) (90) (93) (1) (8) (94) (69) (57) (45) (38) (68) (14) (28) (35) (55) (7) (5) (43) (17) (40) (88) (83) (77) (50) (23) (82) (13) (9) (46) (24) (25) (60) 
31 (63) (97) (57) (64) (14) (16) (51) (91) (11) (82) (81) (5) (90) (95) (84) (13) (77) (52) (93) (20) (61) (4) (47) (89) (45) (19) (83) (99) (72) (79) (92) (50) (32) (88) (37) (15) (6) (27) (30) (34) (28) (78) (10) (39) (67) (60) (9) (17) (75) (44) (2) (85) (24) (62) (73) (65) (26) (42) (66) (80) (55) (33) (29) (31) (48) (58) (54) (41) (1) (22) (25) (21) (43) 
32 (45) (26) (31) (37) (56) (19) (84) (38) (97) (32) (35) (81) (27) (34) (1) (85) (78) (48) (68) (58) (11) (94) (13) (70) (8) (25) (10) (89) (39) (87) (63) (7) (95) (75) (62) (52) (82) (100) (15) (33) (4) (66) (71) (59) (47) (14) (49) (21) (36) (73) (28) (46) (96) (60) (40) (51) (67) (79) (69) (57) (86) (80) (17) (12) (22) 
33 (78) (1) (87) (80) (47) (90) (12) (76) (65) (18) (60) (73) (62) (77) (9) (13) (96) (26) (46) (86) (41) (93) (68) (99) (4) (15) (20) (48) (74) (6) (67) (97) (61) (75) (14) (30) (100) (33) (27) (64) (42) (21) (32) (40) (50) (2) (37) (25) (56) (36) (22) (45) (59) (28) (84) (79) (8) (63) (53) (71) (83) (3) (88) (85) 
34 (95) (88) (94) (73) (59) (11) (56) (14) (69) (41) (18) (20) (10) (68) (58) (23) (48) (32) (81) (60) (91) (17) (33) (21) (67) (52) (93) (35) (90) (86) (34) (53) (9) (16) (38) (76) (28) (12) (70) (65) (82) (78) (72) (15) (99) (31) (62) (83) (6) (22) (98) (40) (2) (75) (25) (45) (50) (64) (54) (84) (80) (74) (42) (55) (26) (89) (5) (51) (24) (92) (19) (13) 
35 (82) (40) (51) (54) (55) (24) (76) (36) (2) (69) (9) (92) (100) (56) (65) (18) (17) (8) (67) (88) (27) (64) (87) (78) (70) (99) (97) (21) (30) (32) (93) (98) (46) (96) (26) (66) (1) (62) (20) (71) (86) (16) (48) (22) (74) (43) (39) (81) (94) (90) (63) (95) (44) (35) (12) (73) (3) (41) (79) (68) (58) (89) (57) (42) (85) (15) (25) (52) (34) (75) (83) 
36 (64) (96) (61) (99) (59) (98) (24) (6) (44) (2) (69) (80) (29) (71) (20) (97) (31) (11) (68) (57) (45) (9) (54) (72) (78) (34) (53) (74) (94) (84) (22) (10) (87) (88) (3) (40) (21) (19) (23) (8) (65) (56) (37) (79) (46) (47) (13) (42) (49) (17) (38) (7) (51) (25) (43) (86) (63) (50) (82) (14) (100) (48) (70) (91) (90) (75) (52) (12) (77) (26) (62) (30) (89) 
37 (19) (11) (73) (54) (58) (29) (38) (48) (93) (33) (82) (62) (2) (53) (69) (59) (16) (43) (30) (22) (63) (36) (99) (25) (52) (72) (96) (71) (84) (51) (94) (26) (21) (77) (50) (49) (98) (6) (34) (17) (28) (70) (47) (27) (79) (8) (68) (39) (40) (15) (3) (61) (87) (86) (7) (89) (56) (100) (37) (75) (12) (91) (83) (45) (32) (57) (66) (9) (76) (90) 
38 (86) (36) (58) (33) (88) (75) (73) (77) (42) (43) (53) (89) (68) (45) (94) (29) (6) (87) (74) (71) (20) (15) (8) (40) (30) (21) (90) (81) (28) (100) (10) (92) (79) (34) (70) (35) (67) (19) (49) (9) (63) (95) (44) (98) (1) (56) (84) (61) (62) (11) (26) (72) (48) (38) (83) (41) (96) (18) (97) (27) (12) (93) (31) (32) 
39 (38) (82) (80) (15) (91) (93) (70) (55) (6) (59) (21) (35) (37) (71) (44) (41) (50) (48) (10) (32) (99) (1) (94) (84) (76) (78) (79) (19) (54) (11) (3) (25) (20) (53) (29) (28) (64) (74) (98) (66) (60) (42) (100) (43) (51) (58) (16) (5) (75) (61) (52) (97) (77) (85) (13) (7) (88) (57) (65) (87) (96) (36) (67) (14) (81) (34) (49) (45) 
40 (44) (48) (60) (11) (49) (61) (85) (15) (68) (39) (87) (32) (18) (100) (21) (51) (4) (82) (77) (34) (9) (25) (75) (62) (65) (89) (93) (97) (74) (14) (63) (10) (37) (24) (19) (29) (38) (45) (83) (88) (67) (28) (94) (86) (26) (98) (7) (5) (96) (8) (47) (99) (69) (78) (3) (84) (23) (43) (35) (54) (90) (50) (1) (2) (12) (6) (27) (59) (36) (58) (64) (31) (41) 
41 (92) (52) (60) (49) (65) (44) (16) (64) (71) (59) (90) (70) (40) (43) (72) (39) (5) (45) (69) (36) (23) (32) (21) (30) (7) (53) (4) (88) (14) (83) (61) (8) (10) (2) (9) (98) (96) (18) (20) (42) (33) (82) (22) (79) (63) (84) (55) (3) (27) (15) (77) (24) (47) (41) (66) (6) (37) (80) (26) (28) (91) (74) (12) (89) (56) (35) (46) (34) 
42 (78) (55) (37) (2) (95) (70) (62) (52) (76) (38) (69) (29) (80) (47) (88) (24) (49) (82) (56) (92) (85) (94) (53) (44) (33) (23) (77) (30) (6) (19) (16) (74) (58) (3) (31) (46) (67) (25) (18) (97) (12) (4) (100) (72) (41) (63) (43) (84) (61) (54) (26) (11) (8) (27) (96) (28) (86) (35) (68) (22) (45) (40) (17) (59) (7) (51) (75) (5) (9) (15) (14) (1) (50) (65) (93) 
43 (61) (15) (28) (68) (78) (59) (60) (66) (16) (53) (3) (22) (6) (57) (63) (64) (91) (56) (17) (90) (49) (100) (92) (89) (30) (38) (35) (86) (7) (13) (10) (33) (94) (31) (98) (72) (73) (18) (24) (50) (42) (70) (27) (81) (75) (14) (25) (83) (85) (84) (2) (19) (26) (76) (37) (39) (52) (34) (48) (67) (71) (23) (69) (74) (44) (46) (62) (77) (96) (58) (40) (80) 
44 (56) (44) (34) (90) (5) (62) (14) (28) (29) (77) (24) (61) (4) (74) (31) (59) (80) (48) (91) (36) (1) (45) (76) (67) (98) (2) (39) (65) (71) (6) (32) (10) (46) (55) (20) (22) (79) (21) (73) (25) (15) (33) (7) (30) (43) (87) (96) (27) (53) (26) (47) (18) (82) (52) (37) (49) (66) (41) (17) (75) (78) (13) (88) (60) (100) (72) (12) (8) (97) (83) (94) (50) (70) 
45 (87) (70) (66) (21) (57) (98) (55) (92) (61) (56) (28) (79) (83) (76) (100) (8) (94) (20) (85) (27) (23) (95) (11) (18) (16) (15) (24) (60) (35) (17) (7) (71) (39) (10) (6) (59) (78) (65) (73) (26) (62) (33) (30) (74) (48) (13) (49) (34) (37) (67) (42) (88) (31) (19) (90) (89) (47) (99) (93) (75) (81) 
46 (84) (67) (49) (94) (7) (43) (2) (32) (10) (1) (11) (45) (86) (14) (27) (8) (70) (39) (92) (71) (81) (77) (56) (26) (41) (69) (37) (17) (35) (9) (88) (29) (66) (89) (50) (64) (6) (98) (68) (33) (63) (18) (53) (28) (15) (47) (20) (40) (25) (4) (97) (72) (91) (36) (100) (16) (78) (38) (44) (87) (21) (85) (23) (58) (76) (55) (79) (74) (52) (99) 
47 (57) (59) (1) (91) (72) (2) (39) (67) (37) (90) (34) (12) (5) (31) (40) (45) (9) (29) (28) (13) (71) (100) (50) (41) (81) (76) (60) (33) (65) (86) (27) (46) (32) (94) (78) (17) (14) (92) (47) (79) (93) (38) (83) (55) (70) (64) (22) (97) (89) (26) (85) (51) (98) (3) (36) (63) (4) (95) (56) (54) (6) (62) (53) (88) 
48 (23) (52) (18) (45) (31) (26) (96) (63) (27) (32) (77) (36) (84) (17) (60) (28) (94) (76) (25) (72) (15) (14) (64) (13) (19) (91) (82) (1) (50) (98) (93) (65) (70) (16) (62) (7) (47) (56) (51) (95) (67) (40) (81) (99) (74) (12) (10) (4) (29) (20) (48) (58) (3) (92) (33) (35) (5) (2) (89) (6) (34) (78) (38) (54) (69) (9) (8) (80) (75) (44) (49) 
49 (10) (7) (30) (53) (8) (73) (46) (80) (81) (84) (75) (4) (58) (51) (35) (40) (87) (55) (20) (92) (36) (61) (22) (12) (15) (71) (48) (17) (50) (38) (83) (88) (64) (21) (79) (95) (29) (86) (68) (11) (66) (18) (13) (97) (78) (85) (76) (43) (23) (33) (91) (28) (67) (25) (31) (39) (47) (6) (54) (37) (52) (69) (62) (19) (90) (99) 
50 (75) (36) (71) (6) (39) (11) (80) (41) (56) (77) (17) (85) (59) (53) (81) (82) (32) (57) (50) (84) (37) (64) (62) (86) (52) (40) (98) (90) (26) (23) (68) (9) (18) (28) (49) (29) (74) (15) (51) (54) (31) (48) (42) (69) (73) (38) (58) (78) (4) (70) (92) (27) (1) (3) (87) (16) (7) (66) (55) (76) (97) (2) (34) (12) (72) (63) (33) (20) (93) (14) 
51 (43) (30) (53) (22) (3) (26) (11) (37) (95) (63) (69) (62) (29) (74) (91) (28) (8) (23) (44) (96) (48) (64) (49) (32) (38) (66) (33) (25) (21) (31) (17) (51) (40) (86) (18) (81) (36) (90) (88) (16) (65) (9) (76) (5) (47) (99) (72) (35) (78) (56) (100) (4) (2) (61) (10) (92) (77) (12) (67) (73) (55) (46) (45) (75) (50) (85) (68) (15) (71) (7) (59) (19) (70) (60) (79) 
52 (48) (1) (30) (97) (33) (54) (15) (56) (95) (62) (64) (93) (81) (49) (73) (19) (92) (89) (42) (39) (74) (100) (32) (68) (22) (96) (58) (25) (26) (11) (7) (43) (40) (98) (3) (2) (27) (80) (67) (91) (10) (66) (61) (85) (87) (79) (82) (51) (18) (52) (8) (13) (37) (36) (94) (31) (77) (4) (35) (21) (99) (53) (78) (57) 
53 (67) (5) (85) (77) (26) (96) (35) (70) (34) (78) (87) (13) (76) (28) (64) (94) (4) (24) (50) (73) (71) (93) (86) (100) (3) (53) (72) (37) (19) (2) (46) (65) (40) (39) (11) (51) (18) (62) (54) (92) (83) (10) (60) (59) (52) (61) (15) (48) (99) (88) (79) (23) (17) (47) (42) (89) (84) (7) (74) (38) (41) (8) (97) (14) (63) (6) (57) (45) (1) (68) (22) (31) (27) (98) (75) (33) 
54 (17) (42) (76) (46) (1) (71) (34) (73) (22) (6) (85) (64) (91) (86) (29) (92) (99) (57) (8) (52) (33) (79) (84) (58) (87) (31) (54) (88) (5) (36) (82) (37) (98) (41) (72) (65) (83) (23) (19) (35) (66) (15) (30) (97) (62) (80) (59) (95) (51) (14) (39) (45) (90) (70) (28) (47) (21) (77) (38) (78) (13) (2) (63) (7) (56) (44) (68) (18) (3) (67) (96) 
55 (45) (73) (56) (62) (14) (47) (54) (94) (48) (15) (38) (98) (92) (17) (71) (33) (27) (51) (65) (88) (50) (97) (2) (72) (43) (59) (7) (52) (9) (5) (3) (57) (41) (91) (63) (68) (61) (83) (70) (16) (26) (28) (93) (78) (31) (99) (53) (74) (100) (46) (32) (67) (75) (22) (87) (60) (64) (34) (12) (6) (23) (36) 
56 (84) (16) (65) (82) (10) (53) (64) (2) (42) (99) (68) (49) (93) (9) (32) (5) (22) (35) (83) (87) (61) (52) (100) (27) (21) (75) (85) (55) (62) (54) (20) (1) (51) (30) (98) (25) (50) (3) (74) (34) (40) (77) (59) (33) (19) (8) (56) (26) (80) (73) (79) (57) (7) (67) (15) (95) (45) (58) (81) (28) (23) (97) (39) (47) 
57 (2) (14) (32) (66) (67) (31) (73) (91) (33) (68) (45) (25) (17) (55) (98) (46) (65) (47) (62) (69) (75) (63) (23) (36) (7) (90) (9) (70) (50) (12) (72) (19) (87) (86) (57) (43) (54) (27) (44) (79) (5) (24) (100) (76) (8) (85) (42) (16) (34) (21) (26) (1) (22) (74) (88) (82) (38) (51) (99) (48) (53) (64) (92) (60) (59) (52) (78) (13) (83) 
58 (31) (47) (68) (12) (20) (69) (22) (89) (58) (28) (39) (55) (30) (94) (25) (11) (2) (82) (18) (72) (13) (5) (21) (57) (42) (93) (59) (43) (61) (27) (38) (98) (97) (50) (100) (54) (17) (14) (66) (53) (41) (29) (45) (95) (79) (76) (9) (62) (52) (37) (83) (16) (24) (81) (70) (19) (7) (36) (71) (67) (3) 
59 (80) (84) (41) (49) (88) (73) (76) (74) (97) (5) (4) (75) (68) (14) (45) (39) (7) (70) (50) (21) (27) (1) (35) (60) (53) (40) (55) (6) (2) (46) (25) (81) (77) (31) (90) (26) (37) (16) (63) (33) (30) (22) (52) (82) (85) (87) (8) (38) (83) (48) (71) (13) (23) (51) (59) (18) (96) (9) (89) (10) (58) (79) (62) (100) (24) (47) (19) 
60 (75) (63) (92) (84) (6) (60) (44) (2) (10) (88) (50) (19) (4) (28) (70) (31) (47) (80) (64) (29) (76) (96) (12) (41) (62) (33) (58) (17) (36) (100) (3) (22) (57) (20) (13) (94) (30) (35) (55) (78) (14) (99) (54) (25) (83) (87) (91) (5) (24) (59) (74) (23) (82) (1) (90) (46) (98) (69) (45) (48) (38) (11) (53) (8) (51) (67) (42) (27) (7) (93) (81) (16) 
61 (72) (35) (11) (50) (58) (55) (82) (71) (41) (56) (61) (8) (48) (84) (67) (37) (87) (65) (83) (16) (92) (96) (29) (27) (53) (79) (33) (97) (31) (15) (89) (64) (13) (60) (19) (18) (7) (66) (70) (52) (62) (34) (80) (2) (3) (74) (1) (86) (73) (63) (100) (75) (20) (51) (46) (38) (90) (32) (94) (68) (49) (22) (98) (36) (76) (59) (23) (88) (5) (10) (45) (85) (93) (17) 
62 (23) (88) (89) (33) (69) (36) (28) (80) (3) (94) (67) (97) (17) (70) (35) (83) (46) (85) (2) (100) (37) (53) (11) (95) (26) (13) (82) (6) (5) (47) (75) (45) (65) (15) (27) (40) (43) (57) (31) (74) (41) (12) (22) (16) (4) (51) (76) (7) (84) (62) (24) (29) (25) (55) (71) (48) (54) (34) (98) (59) (81) (9) (44) (58) (38) (1) (72) (30) (19) (60) (86) 
63 (7) (25) (61) (24) (56) (97) (48) (92) (8) (37) (88) (41) (34) (15) (78) (13) (3) (43) (10) (40) (42) (6) (9) (11) (39) (20) (96) (87) (2) (12) (90) (17) (75) (22) (85) (28) (5) (76) (73) (98) (1) (32) (47) (46) (59) (16) (93) (100) (80) (4) (54) (70) (69) (50) (84) (71) (63) (45) (95) (27) (14) (86) (60) (77) (89) (52) (57) (83) (36) (44) (31) (74) (64) (72) (68) 
64 (7) (45) (72) (25) (39) (64) (46) (56) (8) (35) (33) (18) (84) (100) (38) (40) (68) (80) (78) (15) (55) (51) (47) (28) (31) (10) (65) (27) (98) (20) (9) (93) (4) (36) (12) (61) (63) (77) (57) (87) (52) (14) (74) (41) (48) (96) (99) (97) (91) (29) (22) (69) (37) (34) (83) (92) (94) (26) (6) (62) (79) (76) (60) (44) (1) (11) (85) (17) (81) (24) (43) (23) (86) 
65 (74) (11) (40) (44) (15) (42) (60) (18) (99) (9) (56) (47) (8) (21) (50) (95) (85) (53) (77) (17) (34) (4) (64) (2) (58) (69) (55) (5) (23) (96) (71) (1) (20) (66) (51) (76) (38) (57) (82) (22) (10) (72) (93) (16) (70) (19) (30) (83) (87) (97) (32) (25) (12) (63) (65) (91) (61) (33) (73) (84) (88) (6) (27) (92) (41) (67) (3) (37) 
66 (23) (89) (68) (33) (83) (19) (91) (72) (55) (99) (30) (26) (90) (57) (58) (44) (29) (27) (94) (28) (77) (10) (17) (46) (76) (18) (59) (80) (6) (64) (53) (2) (39) (21) (73) (14) (63) (69) (45) (78) (7) (81) (95) (52) (67) (31) (34) (37) (15) (60) (48) (49) (54) (22) (12) (87) (66) (79) (40) (24) (100) (92) (32) (8) (51) (61) (93) (82) 
67 (56) (21) (1) (66) (19) (64) (14) (99) (4) (25) (74) (49) (61) (82) (65) (73) (26) (54) (83) (44) (27) (10) (79) (23) (48) (88) (38) (75) (28) (16) (47) (34) (33) (89) (60) (9) (22) (8) (40) (39) (62) (58) (86) (29) (30) (96) (100) (52) (77) (36) (51) (6) (76) (13) (43) (57) (53) (18) (41) (63) (80) (12) (15) (37) (45) (5) (59) (20) (93) (90) (2) (87) (71) 
68 (17) (11) (20) (71) (94) (87) (81) (46) (99) (5) (22) (65) (68) (84) (13) (61) (43) (54) (59) (88) (48) (32) (91) (83) (52) (69) (93) (10) (63) (38) (41) (35) (78) (50) (44) (16) (64) (33) (40) (9) (15) (95) (66) (21) (1) (67) (75) (90) (100) (97) (53) (58) (39) (85) (42) (76) (2) (92) (74) (86) (24) (36) (34) (47) (73) (55) (27) 
69 (78) (40) (49) (95) (57) (10) (79) (53) (54) (92) (66) (83) (27) (17) (62) (88) (19) (98) (84) (91) (7) (1) (13) (35) (42) (51) (81) (11) (63) (76) (43) (68) (100) (45) (72) (16) (4) (46) (87) (86) (52) (37) (47) (97) (21) (33) (82) (2) (29) (14) (75) (44) (39) (73) (9) (48) (59) (50) (70) (89) (58) (99) 
70 (79) (73) (86) (18) (88) (54) (80) (78) (71) (44) (68) (43) (62) (13) (8) (33) (2) (36) (9) (1) (28) (21) (66) (51) (41) (15) (72) (38) (82) (84) (65) (94) (89) (57) (12) (67) (56) (35) (29) (26) (100) (91) (17) (45) (69) (81) (52) (39) (95) (61) (77) (74) (58) (31) (40) (32) (19) (87) (98) (25) (47) (93) 
71 (82) (16) (79) (33) (21) (85) (22) (20) (62) (75) (24) (77) (51) (64) (73) (35) (39) (13) (96) (95) (26) (44) (18) (25) (32) (23) (43) (31) (72) (58) (78) (49) (93) (8) (48) (87) (60) (76) (94) (36) (63) (91) (17) (86) (28) (40) (55) (61) (27) (52) (30) (12) (46) (47) (74) (53) (81) (89) (84) (7) (1) (80) (98) (41) (66) 
72 (73) (52) (40) (88) (76) (24) (31) (34) (22) (72) (90) (2) (63) (70) (47) (91) (71) (59) (45) (80) (43) (10) (27) (28) (95) (58) (66) (87) (92) (15) (62) (89) (97) (20) (96) (67) (35) (75) (49) (53) (83) (32) (57) (29) (3) (94) (44) (19) (81) (99) (16) (41) (68) (25) (1) (65) (4) (55) (56) (69) (78) (98) (84) (6) (39) (82) (18) (61) (21) (50) (100) 
73 (96) (76) (7) (18) (71) (9) (40) (3) (85) (61) (60) (65) (1) (22) (13) (81) (77) (62) (21) (72) (57) (78) (63) (10) (41) (94) (42) (80) (70) (56) (83) (36) (89) (6) (8) (97) (55) (32) (100) (11) (38) (88) (50) (25) (93) (37) (66) (27) (35) (64) (48) (52) (4) (68) (45) (17) (46) (19) (16) (86) (58) (43) (24) (69) (31) (74) (5) (91) (26) (87) (98) (47) (44) (75) 
74 (29) (43) (98) (56) (87) (58) (28) (54) (32) (68) (59) (100) (11) (55) (39) (57) (20) (83) (69) (89) (85) (19) (60) (79) (33) (36) (23) (53) (3) (76) (81) (82) (88) (66) (62) (96) (42) (17) (93) (30) (24) (10) (91) (40) (38) (34) (64) (49) (9) (95) (90) (74) (78) (77) (27) (18) (92) (8) (13) (31) (14) (86) (2) (46) (50) (7) (16) (84) (6) (94) 
75 (52) (57) (27) (96) (15) (4) (77) (38) (49) (29) (89) (70) (16) (73) (21) (7) (54) (14) (28) (81) (10) (55) (37) (75) (11) (20) (78) (64) (65) (8) (71) (9) (32) (5) (61) (35) (31) (46) (87) (59) (34) (12) (56) (95) (84) (50) (42) (69) (25) (24) (79) (18) (44) (39) (92) (62) (94) (36) (33) (90) (82) (41) (67) (48) (58) (23) (85) (13) (45) (2) (93) (22) (80) 
76 (42) (94) (67) (39) (28) (93) (59) (81) (46) (33) (87) (7) (58) (85) (18) (78) (1) (52) (45) (68) (80) (62) (96) (47) (89) (65) (71) (10) (82) (90) (72) (56) (4) (3) (5) (35) (20) (61) (84) (15) (17) (66) (77) (86) (12) (31) (79) (98) (25) (74) (11) (36) (75) (22) (26) (70) (91) (63) (97) (99) (54) (53) (30) (14) (55) (44) (73) (19) (2) (40) (76) (83) (24) (95) (32) (6) 
77 (61) (32) (100) (28) (35) (46) (48) (68) (52) (57) (20) (93) (36) (14) (88) (2) (11) (12) (60) (59) (96) (91) (24) (45) (22) (7) (15) (87) (10) (70) (84) (18) (49) (54) (58) (27) (90) (31) (1) (21) (80) (50) (6) (97) (71) (92) (63) (17) (37) (19) (56) (29) (9) (95) (85) (66) (55) (43) (81) (76) (99) (51) (79) (89) (42) (38) (23) (40) (8) (74) 
78 (13) (48) (90) (54) (2) (43) (37) (45) (1) (23) (40) (24) (3) (47) (96) (8) (88) (39) (12) (73) (9) (50) (92) (32) (26) (67) (49) (91) (61) (94) (65) (20) (93) (66) (19) (17) (42) (78) (63) (27) (10) (82) (89) (16) (69) (38) (100) (6) (86) (22) (81) (79) (55) (72) (98) (44) (58) (36) (84) (11) (41) (35) (74) (60) (51) (15) (21) (59) (29) (34) (31) (99) (18) 
79 (10) (46) (24) (22) (52) (25) (80) (65) (69) (55) (28) (5) (90) (17) (79) (73) (6) (3) (18) (89) (56) (71) (78) (63) (2) (99) (67) (94) (41) (60) (100) (53) (14) (32) (85) (91) (45) (23) (38) (13) (57) (72) (21) (68) (93) (29) (92) (36) (58) (11) (76) (35) (43) (4) (86) (50) (27) (40) (96) (1) (7) (26) (33) (31) (42) (20) (62) (44) (83) (82) 
80 (88) (48) (2) (72) (76) (59) (5) (16) (49) (24) (51) (22) (11) (54) (81) (61) (17) (95) (40) (38) (62) (84) (12) (69) (23) (37) (1) (56) (89) (64) (91) (96) (58) (86) (44) (9) (8) (43) (45) (63) (35) (18) (6) (80) (20) (32) (26) (100) (27) (87) (19) (3) (7) (60) (78) (70) (50) (36) (29) (82) (52) (94) (71) (90) 
81 (38) (76) (59) (35) (93) (40) (72) (57) (1) (58) (46) (53) (34) (78) (77) (43) (54) (47) (96) (50) (6) (28) (71) (88) (62) (10) (36) (44) (73) (68) (41) (89) (24) (92) (97) (37) (12) (19) (31) (9) (51) (95) (91) (83) (11) (15) (32) (61) (18) (85) (27) (94) (16) (3) (86) (48) (90) (29) (49) (55) (66) (30) (42) (81) (33) 
82 (68) (89) (11) (4) (66) (23) (91) (12) (62) (57) (76) (84) (40) (28) (50) (1) (59) (49) (87) (37) (38) (46) (8) (43) (72) (58) (20) (86) (56) (54) (67) (83) (93) (71) (26) (13) (73) (80) (39) (14) (90) (94) (88) (17) (63) (65) (7) (34) (81) (98) (35) (79) (16) (18) (82) (55) (10) (51) (22) (47) (95) (33) (27) (53) (48) (100) (69) (31) (24) (96) (60) (75) (61) (15) 
83 (39) (71) (69) (63) (83) (85) (90) (21) (29) (64) (96) (33) (1) (89) (74) (52) (79) (88) (84) (19) (56) (55) (41) (68) (22) (51) (24) (25) (76) (5) (62) (17) (59) (12) (60) (95) (78) (50) (67) (99) (31) (61) (54) (3) (10) (36) (7) (26) (48) (37) (43) (30) (82) (4) (87) (2) (57) (72) (86) (92) (93) (6) (32) (28) (100) (23) (73) (53) (97) (65) (81) (15) (77) (40) (13) 
84 (60) (8) (11) (32) (75) (80) (21) (49) (18) (13) (58) (24) (35) (59) (57) (10) (66) (2) (61) (51) (77) (28) (89) (72) (47) (41) (87) (64) (20) (14) (23) (43) (78) (5) (100) (42) (96) (9) (37) (38) (74) (52) (62) (7) (50) (17) (25) (98) (86) (71) (33) (92) (12) (68) (16) (45) (56) (73) (81) (63) (70) (15) (26) (93) (1) (90) (46) (97) (84) (91) (39) (4) 
85 (73) (64) (40) (91) (39) (22) (8) (93) (25) (41) (13) (42) (84) (74) (33) (29) (80) (6) (63) (62) (38) (34) (92) (45) (57) (85) (70) (59) (37) (23) (66) (35) (60) (27) (68) (69) (67) (3) (78) (46) (24) (100) (17) (56) (90) (72) (77) (36) (4) (2) (61) (30) (81) (97) (47) (15) (94) (58) (99) (76) (96) (14) (86) (19) (28) (9) (20) (71) (16) (82) 
86 (96) (24) (55) (26) (10) (81) (98) (93) (58) (78) (34) (16) (100) (66) (33) (37) (57) (52) (97) (8) (6) (72) (73) (84) (92) (53) (44) (51) (1) (29) (56) (3) (22) (31) (15) (45) (76) (79) (61) (86) (18) (60) (70) (20) (42) (32) (39) (82) (77) (64) (41) (30) (65) (5) (13) (99) (23) (43) (80) (90) (47) (71) (4) (83) 
87 (23) (49) (41) (80) (30) (52) (38) (7) (100) (11) (76) (78) (44) (19) (47) (62) (22) (66) (74) (17) (96) (65) (77) (55) (89) (15) (48) (68) (2) (99) (60) (84) (88) (53) (58) (14) (42) (98) (75) (29) (10) (27) (34) (50) (69) (8) (45) (20) (46) (97) (59) (37) (79) (39) (91) (51) (64) (21) (83) (36) (82) (16) (63) (6) (4) (72) (57) (26) (13) (32) (1) (24) (28) 
88 (29) (92) (36) (62) (93) (77) (53) (15) (30) (94) (27) (13) (4) (88) (39) (7) (22) (91) (89) (82) (8) (65) (41) (59) (100) (63) (97) (17) (31) (45) (24) (6) (12) (58) (96) (3) (61) (2) (64) (87) (42) (84) (66) (80) (11) (81) (60) (32) (35) (48) (40) (68) (33) (47) (75) (76) (28) (86) (25) (90) (44) (52) (14) 
89 (21) (13) (64) (82) (48) (5) (83) (70) (99) (58) (14) (86) (72) (37) (50) (33) (56) (25) (1) (77) (22) (46) (35) (98) (69) (81) (53) (40) (32) (85) (29) (30) (10) (36) (61) (44) (68) (97) (89) (38) (90) (65) (95) (20) (91) (66) (51) (62) (24) (9) (4) (93) (88) (100) (45) (96) (54) (79) (94) (74) (16) (17) (87) (34) (41) (71) (42) (26) (78) (18) (73) (3) (57) (67) (8) 
90 (93) (67) (50) (92) (7) (64) (87) (29) (65) (79) (25) (57) (1) (39) (41) (95) (76) (20) (100) (5) (73) (69) (30) (59) (45) (72) (96) (10) (66) (70) (46) (17) (42) (98) (83) (43) (35) (52) (84) (18) (8) (23) (85) (40) (44) (89) (13) (32) (91) (26) (6) (81) (62) (19) (15) (68) (4) (63) (77) (11) (36) (54) (97) 
91 (40) (44) (14) (3) (17) (22) (7) (21) (84) (39) (47) (66) (34) (19) (79) (55) (81) (18) (85) (30) (90) (13) (88) (12) (86) (94) (15) (49) (75) (58) (89) (67) (61) (99) (24) (54) (9) (4) (37) (77) (92) (73) (62) (59) (27) (16) (26) (51) (80) (71) (25) (82) (32) (20) (60) (11) (6) (69) (2) (74) (70) (97) (95) (1) 
92 (35) (74) (34) (50) (60) (61) (54) (85) (51) (16) (40) (23) (83) (52) (22) (19) (26) (7) (39) (27) (76) (46) (14) (28) (70) (55) (93) (24) (79) (96) (86) (90) (98) (71) (63) (59) (32) (81) (62) (31) (20) (33) (49) (84) (11) (99) (38) (43) (73) (48) (92) (53) (45) (56) (36) (21) (94) (15) (69) (75) (89) (82) (64) (4) (12) (30) (95) (37) (18) (9) (10) 
93 (91) (73) (69) (75) (90) (96) (54) (49) (99) (67) (32) (88) (6) (80) (30) (31) (41) (59) (48) (23) (7) (3) (27) (79) (46) (11) (4) (29) (39) (42) (70) (9) (53) (76) (52) (86) (74) (72) (77) (87) (62) (92) (85) (16) (5) (1) (2) (34) (78) (19) (35) (89) (44) (33) (94) (63) (100) (66) (13) (28) (50) (36) (57) (61) (21) (65) (22) (64) (40) (68) (56) (45) (81) (24) (25) 
94 (51) (11) (34) (95) (82) (7) (31) (10) (97) (96) (84) (66) (18) (68) (93) (92) (8) (56) (72) (57) (19) (22) (36) (13) (71) (35) (2) (76) (3) (59) (4) (78) (43) (77) (20) (26) (60) (90) (65) (39) (27) (48) (55) (86) (45) (42) (50) (25) (73) (64) (23) (88) (12) (75) (1) (53) (9) (80) (33) (81) (28) (24) (52) (99) (61) (62) (40) (89) (15) (98) (30) (21) (63) (16) (91) (70 87 14 85) 
95 (74) (96) (78) (94) (81) (69) (13) (42) (83) (85) (35) (62) (88) (39) (68) (77) (59) (41) (15) (38) (26) (27) (6) (44) (92) (58) (1) (66) (17) (87) (2) (57) (30) (73) (93) (84) (8) (97) (91) (53) (34) (21) (60) (36) (37) (52) (32) (80) (70) (56) (20) (24) (72) (29) (31) (63) (18) (71) (86) (9) (45) (23) (12) (54) (99) (75) (89) (33) (11) (47) (46) (65) (48) (64) (4) (50) (43) (22) 
96 (26) (34) (82) (24) (72) (83) (85) (14) (86) (56) (21) (91) (38) (52) (70) (53) (88) (48) (50) (99) (77) (12) (54) (65) (98) (28) (3) (10) (67) (18) (42) (31) (58) (4) (23) (66) (36) (2) (51) (33) (63) (100) (8) (46) (5) (37) (7) (95) (1) (94) (93) (27) (62) (41) (78) (44) (92) (61) (16) (30) (29) (43) (40) (80) (81) (22) (9) (73) (17) (20) (45) (97) 
97 (87) (67) (86) (71) (77) (70) (5) (82) (26) (96) (84) (68) (91) (59) (72) (49) (69) (27) (16) (73) (56) (66) (28) (37) (75) (54) (25) (100) (35) (4) (47) (61) (17) (78) (60) (32) (57) (63) (44) (74) (95) (43) (48) (92) (80) (30) (36) (53) (85) (29) (51) (76) (40) (3) (50) (38) (88) (14) (93) (58) (23) (22) (62) (83) (42) (20) (97) 
98 (40) (13) (41) (92) (7) (82) (19) (38) (16) (29) (51) (45) (4) (11) (25) (26) (96) (48) (15) (24) (99) (86) (17) (2) (80) (98) (58) (33) (39) (59) (1) (91) (27) (56) (8) (3) (88) (30) (89) (68) (53) (94) (49) (22) (12) (23) (81) (66) (93) (83) (71) (18) (21) (32) (95) (5) (43) (97) (69) (85) (62) (72) (28) (67) (55) (50) (14) (70) (65) (76) (87) (52) (36) (54) (61) (34) (63) (37 75) (35) (84 74 73) (31) 
99 (39) (75) (67) (27) (71) (91) (61) (60) (9) (77) (74) (97) (84) (89) (29) (95) (47) (5) (78) (100) (12) (99) (94) (3) (83) (43) (79) (44) (62) (68) (34) (35) (28) (86) (80) (66) (21) (10) (69) (46) (25) (59) (11) (24) (82) (26) (38) (41) (31) (23) (65) (32) (54) (81) (17) (1) (98) (16) (19) (56) (30) (45) (85) (7) (70) (73) (96) (50) (2) (63) 
100 (37) (92) (16) (26) (56) (65) (79) (15) (99) (47) (24) (19) (69) (82) (21) (68) (3) (8) (49) (29) (90) (18) (43) (94) (51) (74) (9) (14) (35) (64) (30) (50) (86) (58) (62) (32) (23) (31) (41) (97) (84) (66) (93) (73) (72) (87) (17) (38) (71) (85) (78) (89) (1) (95) (91) (77) (13) (100) (80) (2) (67) (75) (39) (98) (44) (88) (7) (63) (81) (34) (42) 
