0
100
100
1 (28) (18) (64 9) (3) (50) (20 100 88) (53) (29) (37) (90) (81) (7) (66) (45) (80) (69) (57) (39) (73) (2) (26) (44) (68) (36) (89 38) (54) (33) (58) (5) (19) (23) (14) (84) (86) (16) (59) (4) 
2 (33) (35) (40) (29) (17) (63) (23) (51) (41) (28) (54) (18) (9) (50) (80) (11) (56) (88) (89) (78) (7 95) (26) (44 55) (14) (65) (91) (43) (32) (58) (84 83) (2) (38) (15) (57 71) (77) 
3 (43) (88) (50) (62) (4 61) (16) (99) (10) (66) (69) (60 6) (57) (25) (96) (42) (51) (78) (97) (95) (52) (56) (49) (65) (39) (86) (7) (59) (91) (90) (34) (15) (55) (87 11) (71) (94 22) (28) (35) 
4 (87) (95) (33) (9) (25 14) (67) (56) (41) (55 76) (20 72) (38) (10) (90) (16) (46) (39) (26) (27) (7) (62) (19) (52) (61) (100) (80) (68) (50) (11 78) (63) (84) (53) (97) (51) (71) (89) 
5 (59) (69) (80) (84) (45) (42) (22) (20) (7 53) (11) (88) (41) (30) (96) (3) (74 44) (56) (99) (15) (36) (76) (4) (49) (8) (67) (91 89) (50) (14) (18) (19) (24 40) (51) (32) (17) (90) (33) (10) 
6 (16) (40) (17) (43) (99) (87) (50) (79) (66 14) (70) (46) (25) (90) (39 84) (92) (19) (42) (75) (32) (35) (47) (68) (5) (67) (27) (85) (41) (20) (44) (97) (55) (28) (82) (64) 
7 (4) (62) (50) (100) (35) (48) (31 49) (14) (17) (9) (98) (34) (7) (44) (52) (88) (5) (11) (61 63 36 73) (57) (25) (27) (55) (65) (10) (76) (96) (97) (2) (38 3) 
8 (2 76) (59) (70) (30) (71) (19 73) (14) (41) (31) (6) (25) (67) (12) (85) (96) (89) (90) (43) (79) (21) (82 22) (28) (78) (93) (4) (3) (64) (72) (8) (87 55) (52) (53) (35) (80) (16) (47) 
9 (66) (41) (17) (39) (96 54) (85) (91) (3) (52 80) (55) (24) (57) (47) (42) (38) (67) (78) (14) (87) (58) (28) (62) (22) (2) (16) (72) (84) (76) (86 71) (90 32 13) (93) (11) (46) (81) (34) (92) (30) (59 98) 
10 (60) (11) (4) (94) (86 43) (53 39) (58) (44) (88) (49) (97) (50) (51) (46) (16) (29) (59) (95) (99) (21) (76 67) (20) (69) (2) (98) (81) (8) (71) (7) (70) (90) (79 41) (26) (63) (68) (14) (38) (61) (19) (84) (23) 
11 (96) (99) (10) (85) (77) (91) (50) (56 4) (13 58 7) (63) (68 11 16 23) (9) (79) (24) (31) (90) (51) (14) (30) (18) (75) (100) (69) (28 86) (76) (49) (82) (20 25) (74) (60) (64) (84) (32) (45) (65) 
12 (51) (59) (82) (90) (97) (69) (77) (62) (96) (80) (64) (70 42) (30) (8) (4) (25) (79) (45) (38) (17) (78) (58) (73) (19) (71) (20) (1) (95) (47) (31) (6) (60) (32) (34) (28) (61) (74) (99) (63) (92) (91) (14) 
13 (89) (69 52) (72) (2 3) (82) (8) (93) (42) (59) (7) (4) (31 96) (62) (25) (87) (56) (24) (13) (53) (30) (58) (21) (75) (32) (95) (70) 
14 (48) (41) (17) (85) (75) (98) (61) (76) (78) (4) (22) (50) (28) (46) (69) (89) (1) (19) (3) (31) (29) (47) (40) (44) (96) (93) (73) (32 2) (36) (92) (33) (7) (15) (8) (16 34) (11) (39) (53 51) (74) 
15 (84) (13) (60) (95) (49) (20) (32) (72 59 26) (15) (80) (35) (34) (61) (42) (46) (10) (43) (9) (62) (52 17) (100) (81) (4) (24) (67) (93) (30) (75) 
16 (40) (85) (82) (21) (42) (71) (46) (67) (84) (23) (15) (6) (75) (9) (37) (96) (60) (3) (38) (73) (95) (63) (81) (53) (34 90) (22) (68 27 72) (16) (47) (80) (69) (86 45) (76) (88) (32) (26 55) (10) (49) (1) (12) 
17 (25 20) (91) (96) (63) (16) (8) (12) (17) (30 58) (76) (35) (14) (3) (18) (27) (59) (5) (94) (19) (47 55) (64) (80) (4) (90) (75) (24) (2) (52) (56) (1) (38) (32) (23) (40 97) 
18 (71) (25) (78) (69) (4) (80) (29) (49) (62) (28) (18) (58) (19) (92) (20) (5) (55 100) (16) (54) (59) (27) (79) (14) (98) (60) (52) (77) (96) (74) (2 91) (48) (57) (3) (46) (26 35) (87) (40) (30) (41 31) (9) 
19 (50) (72 6) (83) (47) (35) (64) (1 70) (92) (95) (33) (48) (43) (44) (34) (22 65) (25) (91) (46 77) (21) (9) (8) (27) (87) (26 29) (94) (60) (68) (41) (69) (85) (74) (30) (53) (55) (36) (15) (23) (38) (100) (37) (3) (58) 
20 (86) (27) (11) (2) (7) (72) (9) (43) (82) (46) (4) (44 78) (67) (53) (84) (48 12) (73) (63 59) (23) (36) (38) (55) (60) (51) (34) (26) (54) (35) (77) (92) (5) (45) (19) (56) (87) (40) (91) (93) (37 33) (99) 
21 (58) (56) (64) (39) (50) (97) (84) (75) (16) (85) (99 1) (74) (20) (72) (55) (91) (25) (76) (40) (33) (78) (51) (52) (100) (43) (41 23) (77) (71) (98) (34 42) (96) (48) (26) 
22 (100) (73) (3) (71) (76) (52) (39 88 54) (87) (23) (25) (26) (90) (32) (16) (21) (38) (99) (1) (44) (62) (51) (33) (29) (74) (40) (10) (85) (8) (55) (53) (79) (86) (7) (17) (27) (61) (78) (2) (66) 
23 (18) (84) (43) (48) (41) (22 90) (32) (97) (31 65) (86) (5) (85 58) (1) (17) (12 35) (9) (3) (70) (24) (94) (96) (47) (29) (61) (42) (52 38) (2) (89) (59 46) (27) (100) (13) (71) 
24 (13) (86) (63) (18) (76 71) (46) (3) (79) (93) (28) (22) (1) (77) (54) (66) (88) (14) (55 17) (90 42) (81 84 9) (10) (74) (100) (43) (2) (50) (70) (12) (32) (57 36) (31) (15) (23) (35) (91) 
25 (27) (63) (15) (77) (58) (72) (26) (64) (3) (80) (57) (24) (17) (34) (87) (90) (32) (29 75) (5) (70) (78 99) (84) (19) (53) (66) (51 11) (65) (83) (1 71) (48) (62) (28) (69) (74) (4) (6) 
26 (22) (84) (36 69 12 14) (92) (62) (19) (46) (43) (7) (23) (27 32) (63) (59) (44) (100) (3) (95) (85) (91) (1) (4 67) (11) (80) (65) (39) (24) (31) (35) (93) (37 74) (66) (30) 
27 (14) (25) (23) (45) (13) (97) (100) (7) (31) (63) (82) (78) (34) (89) (30) (67) (24 6) (19) (74) (55 1 49) (38) (2) (12) (81) (42) (92) (72) (70) (94) 
28 (13) (45) (51) (31) (23 52) (47) (69) (3 63) (20) (86) (83) (33 72) (38) (14) (36) (24) (68) (18) (54) (97) (37) (4) (22) (99) (50) (19 96) (81) (60) (64) (62) (42) (28) (27 85) (75) (7) 
29 (57) (46) (61) (87) (48) (85) (3) (2) (54) (96) (73) (1) (31) (23) (28) (18 41) (64) (78) (10) (45 90) (29) (92) (69) (26) (62) (34) (63) (84) (19) (58) (33) (43) (30 38) (44 56) (12) (79) (74) (52) (76) (99) (14) (21) 
30 (28 10) (16 23) (46) (5) (98) (78) (61) (40) (57 32) (54) (44) (96 51) (84) (45 38) (79) (93) (83) (59) (71) (37) (86) (92) (2) (13) (95) (63) (43) (100) (15) (25) (14) (48) (73) (20) (81) (75 21) 
31 (77) (24) (51) (56) (71) (97) (78) (32) (6) (45) (62) (99) (72) (74 73) (67) (20) (76) (47) (98) (94) (90) (68) (95) (43) (44 55) (66) (86) (28) (50) (65 12) (3) (75 21) 
32 (5) (56) (34) (45) (20) (30) (41) (64) (61) (86) (21) (43) (84) (68) (36) (40) (90) (26) (15 4) (47) (49) (6) (16) (100) (9) (8) (69) (71) (11) (55) (75) (99 1) (18) (65) (29) (83) (35) (72) 
33 (31) (93) (20) (10) (52) (88 19) (57) (50) (11) (48) (71) (95) (41) (34) (78) (24) (16) (96 49) (76) (60) (73) (8) (59 97) (44) (100) (33) (4) (12) (38) (89) (7) (74) (61 69) (98) 
34 (70) (42) (6) (26) (81) (82) (8) (23 95) (31) (4) (38) (72) (21) (62) (83) (29) (80) (98 41) (54) (5) (75) (37) (71) (27 18) (46) (22) (15) (48) (57) (43) (96) (92) (89) (91) (90 49) (32) (74) (85) (56) (3) (84 65) 
35 (3) (18) (48) (27) (39) (24) (50) (80) (67) (87) (46) (63) (94) (53) (51) (29) (90) (15) (71 21) (7 49) (92) (52) (81) (8) (22) (59) (76) (42) (68) (83) (37 4) (73) (97) 
36 (96) (79) (37) (85) (90) (11) (8) (76) (60) (43 24) (81) (23) (34) (22) (86) (91) (16) (82) (13) (49) (72) (68) (63) (61) (45) (36) (39 70) (20) (42) (29) (21) (52) (66) (62) (15) (88) (50 41) (32) (59) (31) 
37 (2) (93) (31) (35) (46) (7 69) (99 62) (14) (98) (94) (34) (42) (4) (22) (97) (78) (74) (48 83) (77) (81) (79) (29) (100) (55) (32) (84) (61) (80) (6) (13) (59) (87) (16) (36) (30) (57) (58) (19) (68) (72) (52) (54) (11) (44) 
38 (49) (5) (35) (52) (16) (14) (32) (43 15) (18) (17) (98) (20) (88) (21) (13) (53 44) (54) (63) (97) (80) (55) (10) (19) (11) (79) (23) (30) (74) (69) (3) (67) (42) (28) (89) (61) (56) (47) (81) (38) (82) (85) 
39 (19) (99) (31) (84) (9) (66) (56 30) (77) (100) (17) (72) (59) (76) (4) (57 16) (33) (23 71) (32) (86) (96) (63) (6 11) (3) (29) (8) (46) (61) (83) (43) (40) 
40 (95 30) (43) (16) (85) (65) (56) (34) (89) (67) (70) (62) (90) (3) (77 29) (87) (74) (33) (20) (93) (25) (97) (94) (48) (9) (99) (59 35 61) (82 18) (11) (49) (75) (57) (64) (54) 
41 (65 38 29) (2) (81) (72) (98) (89) (13) (32) (41) (58) (21) (10) (22 4) (60) (15) (26) (17) (20 16) (51) (55) (93) (18) (1 87) (66) (77) (99) (35) 
42 (87) (83) (20) (53) (32) (15) (77) (26 70) (55) (85) (41 33) (46) (18 11) (82) (34) (67) (90) (93) (13) (29) (49) (88) (36) (35) (24) (6) (17) (52) (54) (19) (58) (79) (40) (63) (74) (78) (56 64) (94) (8) (51) (59) 
43 (46) (4) (97) (53) (11) (55) (30) (82) (10) (60) (23) (83) (94) (8) (93) (47) (13) (63) (58) (52) (33) (19) (35) (88) (87) (96) (59) (74) (98) (48) (62) (39 14) (6 21) (29) (41) (80) (25) (72) 
44 (18 65) (39) (81) (67) (23) (11) (28) (54) (99) (47 79) (38) (59) (36) (30) (46) (24) (100) (92) (33) (55) (58) (20) (87) (16) (52) (2) (7) (22) (89) 
45 (100) (5) (69) (50) (87) (58) (9) (66) (51) (23) (29) (70) (13) (28) (95) (36) (25) (22) (2) (47) (27) (16) (19) (35) (71 39) (73) (82) (8) (43) (33) (98 24) (59) (55) (92) (30) (74) 
46 (59) (23) (92) (90) (93) (6) (12) (97) (66) (47) (11) (30) (75) (80) (49) (41) (15) (88 28) (74) (8) (27) (100) (76) (26) (91) (84) (4) (77) (72) (82) (7) (16) (54) (87) 
47 (86) (7) (88) (55) (76) (83) (14) (36) (40) (84) (54) (21) (29) (41) (78) (56) (33) (48) (3) (16) (8) (92 32) (9) (87) (96) (28) (65) (82) (80) (63 23) (81) (99) 
48 (27) (48) (86) (34) (94) (62) (64) (66) (96) (92) (3) (12) (7) (83) (9) (77) (99) (30) (44 61 65) (20) (51) (18) (23) (45) (82) (38) (49) (57) (63) (17) (88) (24) (72) (14) (97) (26) (78 39) 
49 (45) (87 57) (59) (6) (47) (96) (91 2) (55) (78) (48) (31) (38) (100) (65) (26) (10) (99) (63) (41) (13) (94 30) (72) (23) (18) (3) (73) (80) (8) (46) (71) (43 64) (49 74 24 84) (25 5) (12) 
50 (43) (48) (61) (38) (7) (68) (53) (34) (28) (40) (94) (37) (90) (15) (93) (18) (25) (70) (35) (41 60) (39) (55) (56) (86) (72) (99) (29) (4) (100) (92) (11) (26) (6) (97 62) (31) (17 71) (57) (59) (85) (47) 
51 (35) (86) (70) (83) (58) (76) (32) (39) (85) (31) (94) (25) (52) (60) (13) (45) (96) (87) (49) (1) (21) (56) (51) (91) (65) (44) (99) (57 38) (20) (8) (97) (47) (78) (34) (46) (43) (24) (42) (77) (50) (37 33) (88) (11) (80) (79) (27) 
52 (58) (72) (79) (77 90) (71) (62) (93) (11) (82 69) (27) (59) (24) (53) (83) (40) (43) (23 95 46) (60) (35) (25) (7) (56) (47) (48) (67) (6) (81) (1) (70) (63) (20) (49) (37) (75) (65) (31) (8) (4) (80) 
53 (70 66) (61) (10 76) (63) (47) (86) (52) (57 67) (94) (59) (88) (42 19 36) (97) (80 7) (34) (24) (41) (49) (65) (72 5) (26) (50) (39) (73) (82) (32) (28) (85 25) (48 90) (69) 
54 (51) (76) (85) (35) (89) (27) (56) (37) (62) (61) (87 2) (93) (20) (65) (82) (47 59) (4) (32) (98) (74) (84) (16 54) (50) (25 31 13) (66) (34) (67) (21) (71) (68) (79) 
55 (59 33) (37) (6) (1) (47) (97) (12 49) (11) (52 13) (63) (88) (90) (38) (55) (17 28) (42 50) (20) (31) (85) (87 9) (65) (14) (69) (21) (72) (60) (4) (75 93 79) (83 34) (16) (5) (62) (80) (56) (99) (57) 
56 (19) (5) (80) (70) (22) (24) (35) (30) (6) (25) (67) (20) (96) (23) (85) (57) (62) (37) (9) (8) (95) (93) (59) (42) (71 11) (91) (83) (52) (38) (94) (50) (61) (84) (48) (31) (17) (99) (2) 
57 (40) (56) (28) (61) (14) (74) (99) (6) (98) (30 15 12 19) (17) (36) (29 70) (25) (3) (88) (86) (78) (7) (57) (84) (94) (13) (48) (10) (47 24) (87 77) (76) (34) (9) (2) (90) (37) (21) (96) (82) (66) (49) 
58 (14) (12) (44) (74) (41) (96) (15) (80) (83) (5) (8) (69) (79) (77) (73) (55) (86) (75) (21) (22) (26) (72) (84) (16) (70) (89) (4) (59) (76) (45) (49) (1 11) (81) (99) (60) 
59 (31) (100) (20 11) (60) (71) (27) (36 58) (78 14) (50) (22) (6) (54) (96) (47) (64) (63) (68) (84) (59) (4) (89 42) (79) (88) (43) (77) (45 87) (40) (73) (92) (49) (61) (17) (26) (7) (51) (25) 
60 (52 75) (11) (70) (79) (56) (19) (78) (4) (47) (95 2) (65) (46) (97) (93) (57) (61) (88) (7) (87) (62) (17) (96 60) (31) (84) (16) (54) (13) (51) (53) (80) (48) (74) (8) (18) (39) (20) 
61 (8) (99) (67) (54) (95 7) (42) (100 6) (98) (84) (85) (44) (72) (50) (18) (86) (66 83 2) (63) (39) (90) (71) (19) (29) (80 55) (16) (94) (58) (46) (13) (14) (20) (33) (30) (10) (35) (97) (93) (69) (76) (41) (87) 
62 (63) (93) (39) (10) (31 5) (82 41) (81) (3) (46) (72) (79) (65) (21) (76) (49 80) (11) (23) (91) (57) (1) (32) (9) (33 38) (12) (90) (19) (7) (67) 
63 (54) (50) (12) (36) (14 56) (9) (8) (55) (5) (89) (44) (57) (64) (28 84) (76) (10) (53) (67) (81) (69) (63) (98 7) (85) (46) (58) (91 18) (19) (26) (25) (40) (71) (38) (83) (61) (52) 
64 (94 12) (91) (9) (59) (38) (82) (61) (74) (93) (25) (4) (47) (92 51) (39) (19) (67) (8) (35 45) (86) (89) (28) (60) (7) (11) (57) (42) (27) (77 49) (36) (34 31) (99) (46) (3) (70) (1) (62) (58) (22) (6) 
65 (69) (64) (90) (37) (31 84) (11) (8) (45) (61) (87) (66 50) (55) (40) (1) (26) (78) (56) (85) (23 41) (71) (80) (98 89) (100) (29) (16) (13) (52) (9) (17) (96) (92) (60) (58) (39) (94) (79) (70) 
66 (16) (59) (37) (95) (80) (2) (48) (17) (73) (53) (11) (26) (92) (50) (45) (36) (82) (96) (70) (34) (40) (60) (20) (89) (83 13) (4) (58) (7) (35) (99) (42) (74 27) (100) (68) (28) (8) (6 39) (63) (19) (67) (54 85) (66) 
67 (35) (69) (13) (55) (49) (2) (45 87) (96 59) (21) (26) (40) (10) (81) (30) (61) (50) (83) (82) (100 57 58) (75) (29) (48) (18) (89) (9 97) (47) (90) (4) (46) (37) (19 5) (22) (72) (98) (11) 
68 (6) (76) (81) (19) (71) (49) (100) (64 14) (17) (46) (8 99) (11) (44 32) (69) (88) (65) (9) (90) (57) (26) (16) (63) (97) (27) (48 82) (1 54) (40) (37) (35) (53 47) (24) (43) (58) (33) (25) (87) (70) 
69 (53) (19) (4 43 83) (12 99) (33) (52) (100 64) (79) (21) (1) (62) (74) (7) (60) (24 23) (11) (20) (89) (10) (26) (56) (31) (68) (6) (9) (2) (75) (46) (8 73) (55) 
70 (54) (88) (89) (84) (61) (11) (28) (62 83) (24) (51) (71) (31) (40) (12) (99) (41) (23) (20) (2 72) (65) (91) (56) (27) (63) (43) (94 98) (60) (58 49 29 92) (47) (69) 
71 (95) (100) (65) (68) (27) (34) (23) (18) (37) (17) (82 7) (62) (76) (36) (63) (88) (83) (73) (98 60) (43) (86) (2) (94 92) (51) (75) (91) (1) (5) (38) (85) (80) (56 90) (40) (79) (13) (8) (52) (78) (50 26) (84) (20) (81 22) 
72 (47) (25) (99) (66) (67) (58) (86) (36 54) (13) (82) (9) (71) (56) (32) (68 19) (60) (74) (15) (27) (76) (83) (95) (4) (88) (90) (46 31) (14) (42) (49) (77) (10) (3) 
73 (73) (62) (34) (68) (8 44) (10) (14) (89) (57 28) (33) (16) (72) (87) (43) (75) (32) (95) (55) (70) (91) (12) (36) (5 1) (98) (59) (58) (53) (11) (63) (93 74) (41) (48) (45) (47) 
74 (6) (43) (42) (17 100) (29) (36) (83) (75) (84) (34) (98) (93) (8 55) (72) (56) (69) (86) (15) (65) (87) (92) (37) (22) (68) (64) (78 31) (40) (21) (45) (82) (16) (52) (25) (77) (5) (3) (28) (2) (54) (62) 
75 (83) (96) (60) (9) (90) (72) (14) (84) (71) (39) (70) (23) (69 64) (94) (95) (10) (74) (54) (62) (59) (11) (42) (68) (51) (34) (31) (44) (92 99) (49) (19) (97) (50) (8) (7) (88) (18) (15) (52) (27) (98) (61) 
76 (87) (15) (37) (59) (7) (47) (94) (62) (72) (76) (56) (83) (57) (65) (66) (98) (100) (67) (99 27) (28) (31) (32) (74) (3) (97) (45) (2) (80) (81) (10) (53) (26) (51) (23) (91) (19) (12) (64) 
77 (70) (4 20) (87) (22) (25) (33) (81) (21) (46) (15 37) (84) (12) (51) (72) (86 76) (66) (61) (27) (92) (34) (19) (80) (35) (1) (96) (13) (43) (63) (83) (75) (18) (98) (82) (3) (54 60) (7) (40) (69) (52) (73) (56) 
78 (22) (25) (44) (52) (81) (88) (15) (36) (49) (9) (42) (95) (98) (39 7) (23 3) (80) (85) (91) (37 53) (82) (4) (60) (97 68 29) (50) (16) (6) (24) (77) (73) (65) (94) (20) (2) (62) (56) (87) (71) (55) (70) 
79 (66) (57) (5) (82) (92) (56 23) (76) (63) (47) (1) (17) (8) (75) (69) (37 31) (12 6) (27) (50) (97) (18) (58) (44) (30) (68) (36) (61) (20) (14) (24) (94) (28) (100) (33) (22) (95) (99) (83) (32 26) 
80 (41) (12) (85) (33) (35) (82) (4) (61) (20) (70) (14) (5) (71) (6) (10) (56) (89) (19) (42) (25) (11) (96) (44) (92) (68) (79) (15) (55) (86) (22) (38) (60) (58) (45) 
81 (11 48) (94) (12) (90) (27) (49) (55) (4) (100) (40) (78) (16) (96) (86) (62) (29) (24) (82) (42) (65) (76) (21) (38) (57) (31) (91) (28 39) (6) (52) (43) (59 22) (19) 
82 (45) (80) (98 100) (74) (6) (77) (42) (26) (19) (70) (91) (49) (75) (27) (11) (3) (57) (83) (87 25) (30) (71) (51) (5 12) (20) (58) (78) (54) (67) (76) (15) (81) (43) (10) (69) (7) (9) (88) 
83 (31) (69) (50) (28) (18) (56) (17) (13) (26) (6) (93) (9) (54) (25) (51) (87) (55) (73) (29) (23) (36) (4) (81) (60) (94) (99) (12) (88) (21) (71 1) (2) (10) (67) (82) (19) (41) (95) 
84 (59) (2) (14 35) (84) (91) (71) (23) (7) (12) (16) (83) (89) (98 38) (25) (74) (85) (55) (95) (44) (28 51) (36) (86) (32) (37 26 57) (88) (9) (72) (22) (3) (47) (11) 
85 (8) (70) (27) (7) (15) (52) (33) (42) (60) (77) (84) (31) (94) (71) (50 98) (43) (5) (74) (59) (26) (18) (57) (85) (20) (3 12) (1 11) (45) (79) (65) (99) (38) (35 34) (68) (95) (30) (54) (19) 
86 (95) (64) (84) (25) (53) (12) (93) (36) (52) (88) (33) (40) (37) (34) (32) (22) (26) (80) (96) (44) (59 42) (91) (78) (90) (76) (94) (7) (58 13) (62) (55 39) (2) (56) (83) (70) (74) (21) (35) (60) (66) (46) 
87 (92) (13 78) (64) (84) (20) (12) (74) (33) (83) (58) (53) (75) (18) (40) (60) (89) (73) (69) (31) (48) (44) (86) (77) (36) (28) (61) (34) (26) (100) (95 46) (19) (25) (99 94) (88) (51) 
88 (72 6) (46) (14) (49) (8) (31) (43) (36) (32) (68) (58) (65) (18) (70) (63) (3 9) (54) (41) (34) (47) (90) (99) (53) (44) (17) (79) (92) (67) (60) 
89 (25) (43) (68) (61) (80 23 62) (14) (30) (9) (47) (86) (2) (18) (20) (32) (51) (98 57) (53) (87) (11) (59) (38) (45) (91) (41 33) (69) (8) (42) (93) (81) (55) (74 22) (5) 
90 (89) (4) (92) (12) (79 68 55) (70) (1) (40) (73) (60) (17) (94) (58) (95) (13) (72) (46) (87 56) (32) (83) (8) (74) (9) (2) (51) (35) (6) (86) (47) 
91 (53) (40) (87) (55) (44 71) (54 64) (99) (89) (3) (12) (90) (59) (49) (52) (28) (65) (60) (56 30) (9) (37) (79) (48 84 32) (74) (93) (88) (76) (27) (82) (24) (73) (95) (19) (68) (13) (72) (42) (41) (94) 
92 (30) (26) (86) (8 75 46) (63) (50 1) (61) (60) (90) (21) (19) (80 25) (88) (96) (37) (14) (23) (48) (43) (66) (59) 
93 (74 13) (1) (98) (61) (37) (57) (84) (94) (8) (24 17) (65) (76) (62) (42) (12) (66) (39) (7) (22) (25) (14) (54) (83) (72) (91) (45) (10) (97) (100) (49) (86) (16) (63) (21 79) (47) (6) (59 15) 
94 (65) (52) (44) (41) (83) (18) (61) (85 79) (42) (11) (12) (86 72) (37 78) (100) (67) (31) (2) (14) (77 90) (3) (22) (55 10) (13) (50) (27 97) (28) (16) (43) (9) (84) (24) (54) (71 15) (58) (91) (81) (64) (82) (56) (70) (25 32) 
95 (48) (40) (36) (91) (39) (18) (84) (81) (57) (10 65) (97) (67) (37) (47) (50) (9) (85) (63 35) (82) (4) (66) (86) (20) (75) (30) (73) (76) (23) (89) (98) (72) (3) (93) (94) (100) (79) (60) (77) (12) 
96 (14) (9) (41) (87) (8) (86 100) (26) (30) (21 4) (85) (34) (54) (38) (67) (45 72) (69) (48) (24 81) (5) (99) (90) (37) (43) (49) (61) (18) (47) (62) (29) (95) (56) 
97 (54) (60 77 30) (68) (93) (50) (25) (80) (85) (5) (87) (42) (16 1) (71) (72) (70) (59) (90) (92) (83) (62) (14 15) (73) (88) (26) (81) (56 19) (17) (76) (29) (67) (48) (78) (66 22) (84) (58) (64) (57 7) (98) 
98 (75) (24) (41) (42) (79) (57) (85) (100) (96) (73) (45) (87) (48) (32) (38) (53) (54) (2) (76) (82) (14) (60) (99) (35) (33) (70) (86) (27) (30 92) (80) (46) (6) (61) (89) (49) (22) (37) (23) (36) 
99 (81) (83) (14) (55) (90) (36) (53) (30) (20) (12) (95) (5) (11) (44) (27) (65) (99) (24) (75) (67) (58) (47) (60) (97) (42 59) (56 43) (19) (64) (62) (92) (52) (2) 
100 (77) (28) (49) (24) (90) (89) (66) (55 3) (94) (88) (36) (59) (93) (37 81) (79) (73) (16) (68 50) (74) (15) (60) (75) (43) (22) (82) (2) (78) (57) (35) (71) (53) (13) (62 6) (4) (52) (39) 
1 (22) (21) (25) (41) (79) (58) (23) (73) (24) (14) (16) (51) (32) (52) (69) (90) (71) (93) (64) (12) (92) (26) (27) (62) (77) (19) (68) (17) (55) (83) (97) (65) (29) (85) 
2 (44) (17) (60) (67) (37) (30) (1) (10) (70) (90) (57) (45) (41) (74) (61) (18) (54) (13) (89) (24) (14) (78) (66) (23) (99) (9) (2) (8) (86) (100) (56) (98) (71) (69) (22) (20) (83 27) (76) (84) (29) (94) (7) (49) 
3 (28) (17) (1) (29) (8) (100) (47) (14) (9) (72) (82) (18) (25) (40) (5) (19) (39) (84) (88) (22) (91) (31) (64) (76) (23) (74) (62) (24) (35) (34) (57) (13) (7) (85) (78) (16) (26) (95) (77) (94) (49) (38) (48) 
4 (59) (34) (46) (43) (1) (90) (96) (8) (20) (11) (26) (83) (64) (32) (14) (80) (78) (10) (95) (54) (13) (66) (77) (69) (25) (52) (3) (35) (33) (39) (17) (15) (12) (60) (41) (55) (58) (7) (72) (81) (50) (18) (67) (5) (37) (100 28) 
5 (97) (32) (38) (82) (20) (17) (96) (67) (56) (63) (1) (45) (53) (74) (34) (62) (23) (80) (49) (73) (58) (85) (30) (55) (6) (25) (99) (79) (89) (7) (71) (18) 
6 (90) (79) (55) (88) (32) (3) (66) (34) (59) (78) (64) (74) (100) (82) (8) (42) (19) (46) (83) (93) (80) (61) (39) (52) (49) (81) (37) (56) (68) (12) (16) (25) (43) (98) (27) (50) (31) (57) (69) 
7 (64) (75) (48) (86) (27) (33) (78) (71) (60) (84) (63) (61) (28) (66) (13) (26) (37) (44) (5) (4) (82) (20) (7) (59) (76) (85) (57) (97) (77) (35) (62) (14) (93) (10) (50) (11) (46) (1) (52) (3) (53) (47) (2) (22) (69) 
8 (58) (93) (90) (17) (71) (14) (79) (56) (33) (13) (35) (32) (63) (43) (61) (19) (96) (52) (22) (39) (64) (74) (66) (60) (10) (51) (45) (73) (68) (85) (34) (5) (89) (36) (8) (47) (46) (42) (69) (65) (88) (92) (75) (12) (49) 
9 (39) (62) (88) (24) (7) (1) (57) (83) (11) (20) (96) (95) (63) (2) (82) (47) (84) (15) (67) (23) (75) (91) (48) (32) (94) (40) (72) (65) (16) (89) (64) (56) (19) (18) (90) (68) (78) (55) (4) (69) (45) 
10 (43) (7) (53) (5) (69) (67) (61) (38) (76) (93) (22) (49) (72) (3) (29) (82) (24) (15) (63) (4) (62) (95) (33) (41) (75) (11) (57) (94) (73) (80) (30) (16) (83) 
11 (84) (69) (56) (32) (50) (33) (62) (52) (2) (37) (99) (43) (94) (20) (80) (4) (25) (58) (7) (44) (40) (55) (66) (36) (42) (59) (68) (60) (5) (9) (85) (70) (38) (39) (3) (75) (67) (89) (82) (81) (64) (14) (46) (65) (73) (51) (10) (26) (11) 
12 (58) (49) (48) (62) (55) (26) (93) (83) (8) (90) (24) (17) (80) (82) (85) (95) (86) (20) (70) (23) (84) (69) (77) (73) (64) (99) (91) (27) (76) (16) (29) (46) (31) (57) (94) (79) (33) (87) (63) (81) 
13 (87) (23) (42) (57) (55) (43) (11) (71) (72) (86) (27) (30) (93) (13) (91) (41) (9) (100) (49) (67) (94) (54) (61) (45) (83) (15) (37) (66) (65) (28) (51) (38) (24) (77) (36) (60) (90) 
14 (55) (29) (59) (99) (1) (30) (9) (75) (94) (37) (58) (17) (88) (72) (2) (4) (8) (93) (38) (63) (92) (97) (27) (26) (43) (96) (48) (98) (84) (73) (61) (28) (89) (57) (24) (11) (12) (80) (6) (18) (79) (7) (5) (68) (10) (47) 
15 (74) (5) (94) (19) (76) (2) (41) (50) (42) (25) (14) (35) (75) (93) (16) (97) (30) (57) (32) (58) (77) (82) (100) (72) (46) (34) (15) (78) (80) (3) (36) (85) (38) (24) 
16 (46) (68) (47) (97) (14) (36) (41) (6) (74) (100) (84) (4) (40) (65) (93) (55) (32) (39) (44) (37) (30) (78) (17) (66) (73) (18) (22) (10) (38) (11) (3) (58) (61) (1) (8) (81) (60) (21) (54) (94) (16) (33) (45) (9) 
17 (39) (14) (25) (55) (5) (48) (17) (90) (38) (66) (60) (9) (59) (15) (12) (50) (2) (56) (57) (7) (42) (93) (22) (6) (88) (68) (74) (24) (83) (97) (41) (71) (65) (79) (23) 
18 (87) (75) (18) (85) (94) (42) (29) (11) (63) (96) (50) (60) (5) (1) (61) (83) (77) (24) (67) (40) (32) (95) (28) (88) (35) (89) (2) (44) (38) (49) (34) (79) (23) (48) (71) (41) (17) 
19 (5) (64) (18) (53) (80) (97) (1) (6) (77) (63) (25) (4) (61) (57) (56) (67) (45) (43) (66) (85) (14) (28) (92) (69) (20) (33) (60) (10) (62) (82) (72) (76) (87) (26) (68) (83) (38) (91) (81) (99) (29) (17) (75) (42) (27) (12) (37) (39) (8) 
20 (31) (6) (55) (32) (28) (4) (89) (42) (38) (77) (36) (69) (11) (99) (51) (10) (33) (52) (12) (82) (59) (60) (44) (18) (87) (79) (40) (95) (56) (30) (17) (15) (85) (5) (41) (48) (1) (71) (61) (21) (70) (80) (54) (66) (78) 
21 (77) (35) (54) (34) (38) (16) (51) (86) (8) (31) (55) (58) (81) (62) (41) (74) (19) (10) (69) (92) (83) (47) (96) (36) (29) (93) (57) (32) (22) (67) (30) (43) (13) 
22 (78) (59) (79) (89) (35) (37) (67) (71) (58) (81) (94) (34) (41) (8) (97) (64) (24) (80) (77) (98) (26) (45) (44) (100) (3) (5) (74) (9) (14) (23) (56) (36) (28) (86) (19) (16) (93) (84) 
23 (45) (22) (27) (19) (10) (49) (76) (1) (30) (38) (34) (52) (24) (70) (92) (2) (39) (84) (65) (48) (36) (28) (11) (95) (98) (79) (26) (47) (56) (78) (21) (71) (62) (44) (16) (29) (75) (83) (17) (89) (43) (46) (20) (69) 
24 (35) (56) (53) (11) (36) (45) (94) (98) (78) (15) (81) (26) (52) (57) (44) (49) (25) (28) (93) (99) (17) (48) (13) (5) (70) (27) (51) (96) (33) (31) (69) (91) (68) (79) (23) (100) (42) (9) 
25 (17) (18) (74) (80) (30) (3) (22) (45) (68) (86) (97) (93) (4) (11) (84) (27) (78) (51) (50) (77) (92) (52) (87) (40) (49) (21) (83) (53) (7) (72) (19) (56) (6) (8) (13) (89) (12) (54) (64) (94) (63) (43) (82) (57) (59) 
26 (83) (67) (68) (84) (76) (41) (63) (50) (66) (49) (2) (59) (69) (96) (46) (92) (85) (65) (15) (29) (10) (42) (22) (48) (21) (1) (87) (82) (58) (34) (97) (32) (53) (16) (18) (20) (4) (79) (71) (25) (86) (19) 
27 (28) (71) (94) (26) (25) (48) (46) (16) (51) (34) (54) (77) (17) (7) (6) (75) (99) (23) (35) (81) (52) (59) (22) (68) (79) (66) (98) (72) (91) (19) (45) (18) (64) (85) (4) (20) (76) (70) (82) 
28 (53) (84) (76) (6) (46) (24) (91) (74) (1) (18) (47) (11) (73) (45) (28) (44) (64) (100) (31) (50) (9) (30) (55) (57) (12) (2) (83) (94) (63) (8) (3) (29) (81) (25) (14) (87) (79) (38) (70) (66) 
29 (25) (1) (2) (81) (70) (41) (36) (61) (19) (35) (18) (40) (50) (10) (57) (96) (14) (22) (37) (45) (97) (34) (29) (78) (43) (83) (67) (65) (32) (42) (39) (23) (74) (47) 
30 (95) (48) (99) (92) (79) (98) (37) (18) (85) (46) (97) (89) (8) (39) (96) (9) (82) (67) (57) (40) (29) (61) (91) (44) (27) (15) (13) (43) (26) (32) (38) (45) (19) (17) (12) (5) (49) (11) (56) 
31 (8) (64) (87) (65) (83) (69) (72) (79) (18) (14) (13) (28) (76) (56) (51) (7) (60) (26) (62) (39) (74) (27) (81) (55) (52) (49) (12) (29) (37) (23) (59) (34) (33) (54) (36) (24) (85) (75) (94) (88) (11) (70) (50) 
32 (98) (34) (51) (84) (68) (26) (37) (41) (22) (73) (91) (16) (23) (47) (42) (90) (79) (36) (24) (39) (62) (72) (6) (53) (38) (14) (89) (76) (88) (86) (2) (25) (17) (9) (12) (31) (15) (94) (54) (5) (13) (30) (11) 
33 (86) (89) (5) (33) (73) (39) (61) (4) (43) (21) (68) (2) (28) (22) (40) (80) (19) (1) (77) (42) (87) (85) (44) (55) (14) (62) (29) (69) (45) (51) (47) (98) (79) (20) 
34 (33) (14) (96) (9) (37) (50) (12) (16) (53) (32) (87) (85) (3) (74) (73) (55) (7) (19) (21) (54) (88) (20) (71) (51) (86) (75) (27) (57) (15) (66) (64) (77) (42) (40) (25) (48) (36) (29) 
35 (95) (42) (37) (90) (61) (23) (56) (50) (17) (40) (80) (38) (66) (19) (7) (54) (26) (41) (52) (20) (77) (18) (86) (85) (6) (84) (64) (43) (2) (8) (100) (68) (24) (45) (3) (98) (67) (32) (51) (15) 
36 (71) (83) (45) (99) (20) (86) (59) (26) (14) (100) (1) (74) (5) (36) (42) (19) (32) (98) (37) (47) (7) (72) (64) (73) (78) (24) (53) (87) (66) (88) (28) (79) (57) (95) (44) (84) (63) 
37 (86) (51) (28) (36) (79) (93) (56) (20) (67) (66) (54) (98) (55) (84) (68) (71) (35) (92) (1) (26) (78) (34) (65) (100) (30) (95) (50) (52) (19) (94) (57) (77) (96) (16) (74) (91) (76) 
38 (19) (63) (44) (62) (12) (33) (85) (96) (56) (20) (81) (38) (7) (9) (49) (34) (16) (22) (23) (64) (89) (84) (80) (4) (51) (10) (30) (98) (28) (41) (17) (27) (1) (48) (29) (50) (71) (2) (55) 
39 (3) (64) (51) (10) (9) (43) (44) (48) (53) (62) (100) (95) (75) (6) (93) (65) (86) (1) (66) (36) (26) (81) (61) (14) (50) (60) (78) (35) (45) (21) (4) (22) 
40 (32) (22) (71) (66) (52) (16) (30) (14) (65) (87) (81) (18) (6) (86) (74) (50) (90) (21) (95) (20) (57) (39) (63) (5) (77) (68) (59) (91) (67) (47) (42) (2) (70) (17) 
41 (50) (42) (49) (62) (98) (58) (33) (18) (43) (96) (5) (73) (91) (34) (8) (88) (53) (4) (6) (70) (47) (36) (10) (83) (9) (32) (2) (46) (14) (41) (65) (61) (29) (89) (19) (23) (94) (80) (21) 
42 (51) (9) (21) (34) (23) (16) (36) (91) (27) (66) (82) (97) (28) (61) (59) (72) (15) (89) (98) (78) (75) (35) (64) (80) (85) (81) (24) (37) (3) (74) (56) (13) (94) (12) (55) (53) (99) (38) (5) (86) (93) (6) 
43 (71) (70) (31) (49) (2) (23) (100) (68) (29) (52) (88) (26) (77) (94) (59) (69) (30) (45) (3) (89) (6) (15) (39) (81) (38) (10) (82) (19) (40) (21) (74) (8) (20) (73) (24) (96) (92) (85) (51) (36) (99) (34) (32) (50) 
44 (31) (51) (58) (19) (86) (1) (91) (26) (33) (14) (61) (29) (20) (94) (75) (78) (63) (10) (68) (73) (30) (99) (22) (2) (48) (79) (87) (84) (37) (88) (80) (5) (38) (7) (6) 
45 (31) (73) (16) (67) (1) (89) (82) (48) (74) (93) (20) (29) (65) (66) (5) (76) (32) (80) (59) (12) (58) (64) (49) (11) (98) (28) (27) (36) (51) (96) (85) (30) 
46 (18) (72) (44) (19) (10) (69) (39) (62) (87) (37) (90) (61) (49) (34) (9) (64) (20) (51) (15) (42) (29) (86) (6) (92) (77) (16) (63) (68) (35) (98) (14) (52) (26) (30) (43) (23) (67) (88) (60) (24) (4) 
47 (9) (54) (93) (31) (17) (89) (73) (68) (16) (96) (76) (12) (95) (44) (43) (50) (23) (8) (51) (90) (45) (14) (64) (38) (70) (99) (52) (88) (46) (32) (28) (49) (79) (59) (19) (60) (67) (53) (57) (84) (6) (55) (72) 
48 (73) (21) (96) (49) (40) (92) (66) (87) (56) (35) (60) (91) (67) (68) (48) (52) (29) (50) (23) (98) (33) (37) (97) (14) (30) (95) (34) (19) (25) (7) (53) (57) (81) (43) (20) (18) (47) 
49 (40) (91) (27) (36) (88) (5) (18) (82) (57) (98) (55) (72) (100) (52) (78) (42) (67) (48) (35) (93) (7) (16) (68) (59) (11) (10) (15) (46) (53) (70) (64) (38) (51) (58) (34) (49) (33) (81) (32) (96) (62) (3) (75) 
50 (71) (59) (10) (65) (2) (19) (5) (97) (45) (55) (56) (75) (7) (95) (94) (78) (85) (4) (1) (92) (14) (36) (6) (24) (66) (83) (3) (21) (100) (67) (61) (79) (51) (11) (33) (63) (28) (31) (35) (53) (54) 
51 (5) (59) (11) (21) (41) (87) (30) (70) (54) (77) (71) (28) (22) (60) (42) (89) (10) (64) (4) (31) (20) (25) (76) (75) (12) (45) (83) (3) (2) (14) (90) (82) (51) (48) (35) (84) 
52 (8) (44) (85) (78) (43) (7) (15) (17) (53) (35) (29) (81) (18) (4) (28) (65) (77) (74) (51) (38) (99) (71) (55) (36) (22) (94) (100) (86) (63) (91) (37) (56) (13) (75) (42) (21) (60) (69) (33) (23) (9) (3) 
53 (20) (22) (4) (100) (87) (43) (66) (76) (99) (14) (63) (5) (88) (78) (69) (98) (35) (13) (1) (68) (19) (91) (42) (60) (50) (38) (10) (8) (86) (52) (16) (73) (25) (89) 
54 (34) (70) (18) (96) (66) (72) (9) (61) (75) (68) (63) (22) (98) (60) (46) (74) (28) (29) (1) (47) (83) (44) (24) (40) (20) (42) (93) (2) (30) (37) (91) (54) (94) (82) (97) (77) (88) (38) (59) (85) 
55 (8) (31) (3) (89) (67) (43) (65) (81) (19) (42) (7) (90) (55) (44) (38) (61) (73) (94) (99) (18) (78) (83) (9) (41) (84) (69) (4) (16) (6) (91) (50) (32) (37) (100) (24) (86) (2) (22) (27) (45) (21) (17) (49) (63) (20) (80) (74) (47) (58) 
56 (78) (17) (11) (2) (72) (3) (13) (63) (74) (39) (34) (55) (52) (42) (54) (31) (99) (21) (40) (29) (91) (65) (80) (83) (50) (77) (90) (71) (5) (69) (94) (60) (97) (96) (47) (20) (76) (70) (57) (32) (79) (38) (51) (4) (86) 
57 (39) (60) (29) (37) (97) (56) (63) (73) (93) (9) (55) (18) (81) (34) (57) (67) (33) (100) (89) (50) (25) (62) (95) (1) (84) (30) (85) (3) (7) (76) (98) (53) (64) (48) (68) (24) (79) (51) (2) (40) (49) (82) 
58 (64) (2) (29) (97) (10) (66) (43) (18) (12) (25) (94) (45) (79) (51) (87) (1) (13) (59) (99) (73) (65) (44) (70) (88) (72) (17) (42) (86) (67) (68) (90) (80) (19) (11) (23) (37) (21) (9) (52) (82) (41) (63) (61) 
59 (3) (91) (56) (85) (15) (1) (23) (66) (81) (64) (75) (35) (39) (46) (50) (92) (67) (10) (5) (49) (12) (55) (42) (58) (18) (73) (9) (59) (20) (52) (40) (84) (17) (54) (93) (37) (36) (89) (97) (53) (43) (33) (13) (26) (44) (8) (30) (99) (100) (86) (45) (76) 
60 (72) (87) (19) (71) (99) (55) (83) (92) (97) (66) (98) (51) (41) (3) (20) (78) (60) (70) (59) (36) (33) (50) (69) (75) (100) (90) (12) (91) (43) (65) (95) (10) (85) (80) (11) (86) (64) (52) (88) (15) (28) (18) (77) (16) (58) 
61 (37) (87) (65) (79) (89) (12) (4) (92) (33) (15) (77) (59) (60) (3) (38) (54) (57) (56) (32) (94) (22) (36) (7) (23) (14) (64) (29) (53) (50) (63) (40) (39) (30) (93) (75) (10) (70) (48) (96) (80) (67) (98) 
62 (89) (18) (37) (28) (22) (60) (40) (36) (100) (29) (86) (52) (4) (71) (97) (31) (7) (74) (96) (13) (43) (25) (81) (54) (15) (26) (73) (93) (64) (55) (12) (99) (9) (76) (75) (70) (56) (50) (3) (78) (34) (69) (48) 
63 (93) (29) (35) (68) (43) (2) (70) (4) (47) (53) (61) (30) (7) (73) (55) (12) (48) (11) (20) (24) (77) (27) (42) (25) (38) (79) (39) (36) (52) (59) (95) (17) (71) (28) (66) (26) (49) (62) (88) (10) (92) (63) (16) 
64 (8) (49) (6) (19) (42) (29) (28) (91) (40) (21) (12) (97) (74) (63) (75) (11) (76) (25) (99) (65) (17) (32) (59) (94) (68) (69) (87) (1) (86) (48) 
65 (81) (48) (2) (71) (40) (88) (25) (32) (49) (19) (53) (26) (3) (93) (91) (47) (70) (11) (54) (52) (95) (62) (51) (41) (76) (68) (74) (23) (7) (31) (44) (60) (94) (99) (85) (78) (34) (55) 
66 (6) (1) (65) (79) (48) (41) (66) (77) (25) (31) (97) (24) (22) (57) (92) (45) (26) (36) (54) (39) (53) (76) (61) (3) (9) (46) (100) (93) (72) (86) (95) 
67 (54) (6) (52) (56) (66) (72) (99) (16) (38) (4) (64) (8) (63) (10) (5) (42) (97) (88) (62) (35) (83) (26) (40) (96) (15) (44) (20) (82) (61) (94) (53) (27) (76) (9) (95) (31) 
68 (1) (36) (6) (16) (11) (69) (80) (59) (97) (32) (88) (79) (75) (50) (100) (91) (85) (73) (4) (72) (90) (19) (74) (54) (35) (89) (10) (71) (28) (31) (37) (66) (78) 
69 (19) (77) (18) (3) (89) (29) (58) (96) (83) (63) (38) (79) (53) (65) (33) (37) (67) (52) (12) (87) (55) (61) (1) (26) (82) (70) (45) (68) (16) (75) (13) (5) (10) (11) (25) (32) (14) (74) (28) 
70 (12) (88) (6) (82) (97) (85) (98) (36) (34) (53) (10) (27) (50) (24) (80) (45) (8) (64) (25) (13) (66) (57) (40) (56) (51) (42) (23) (68) (19) (52) (86) (73) (90) (78) (75) (94) (77) (65) (58) (60) 
71 (85) (23) (12) (8) (83) (100) (61) (52) (31) (84) (72) (4) (63) (68) (2) (49) (32) (25) (94) (45) (30) (21) (18) (54) (16) (35) (70) (78) (34) (59) (50) (24) (91) (56) (82) (22) (9) (39) (33) (97) (75) (10) (65) (3) (80) 
72 (96) (15) (32) (41) (95) (53) (37) (61) (4) (39) (48) (20) (31) (58) (73) (74) (43) (90) (76) (97) (93) (28) (27) (91) (25) (9) (52) (36) (77) (70) (8) (84) (19) (62) (46) (88) (94) (55) (16) (13) (21) (49) (75) (50) (34) (67) 
73 (58) (22) (83) (78) (29) (59) (7) (95) (20) (97) (69) (49) (35) (71) (12) (8) (31) (53) (1) (73) (30) (16) (14) (66) (87) (98) (91) (33) (77) (100) (45) (90) 
74 (72) (76) (5) (91) (75) (73) (43) (87) (29) (90) (27) (11) (57) (40) (31) (64) (49) (14) (45) (34) (24) (22) (38) (54) (12) (69) (42) (84) (46) (37) (18) (19) (21) (89) (93) (85) (100) (66) (26) (58) (86) (60) (25) (33) (82) 
75 (16) (6) (79) (40) (58) (30) (13) (99) (71) (55) (69) (73) (34) (77) (82) (74) (95) (87) (15) (14) (25) (60) (21) (28) (31) (17) (11) (52) (32) (67) (100) (92) (46) (98) 
76 (7) (47) (68) (98) (33) (57) (76) (51) (22) (79) (46) (61) (95) (16) (21) (4) (93) (10) (5) (81) (24) (14) (77) (97) (91) (63) (29) (62) (54) (53) (82) (17) (11) (86) (71) (36) (31) (58) (35) (39) (9) (8) (72) 
77 (97) (20) (2) (85) (78) (11) (82) (48) (12) (52) (72) (37) (74) (51) (42) (87) (25) (24) (95) (94) (31) (21) (19) (18) (64) (41) (39) (40) (57) (59) (100) (46) (58) 
78 (30) (82) (86) (49) (33) (42) (81) (47) (3) (29) (22) (94) (51) (57) (21) (59) (97) (25) (12) (48) (37) (65) (4) (8) (100) (87) (31) (18) (27) (60) (71) (74) (14) (2) (9) (20) 
79 (54) (95) (22) (37) (100) (52) (10) (18) (55) (24) (30) (12) (60) (85) (36) (88) (58) (80) (38) (62) (71) (90) (11) (94) (8) (44) (69) (98) (6) (65) (51) (42) (93) (29) (91) (59) 
80 (65) (47) (78) (4) (71) (58) (26) (43) (2) (61) (60) (17) (56) (16) (9) (34) (46) (82) (51) (97) (12) (98) (92) (25) (86) (37) (76) (53) (49) (62) (35) (8) (89) (66) (77) (18) (52) (5) (1) (55) (15) (38) 
81 (41) (78) (96) (83) (82) (28) (100) (67) (38) (95) (16) (58) (9) (1) (27) (97) (63) (52) (10) (24) (35) (77) (37) (99) (71) (15) (44) (36) (30) (47) (34) (94) (76) (62) (68) (89) 
82 (54) (40) (83) (77) (27) (57) (46) (13) (67) (66) (6) (52) (16) (48) (81) (38) (11) (64) (62) (36) (98) (80) (45) (8) (42) (78) (74) (20) (72) (100) (95) (94) (47) (34) (91) (43) (71) (12) (79) (53) (68) 
83 (77) (82) (70) (32) (79) (47) (67) (61) (94) (76) (74) (69) (63) (75) (37) (52) (90) (66) (58) (34) (43) (35) (72) (30) (56) (51) (55) (25) (87) (39) (42) (99) (28) (71) (48) (97) (86) (93) (2) (19) (84) 
84 (15) (39) (56) (9) (16) (65) (23) (54) (84) (87) (77) (57) (74) (59) (97) (21) (5) (61) (63) (49) (10) (94) (30) (91) (37) (86) (1) (75) (71) (25) (29) (58) (24) (6) (2) (11) (34) (70) (95) (32) (20) (46) (85) (93) (26) (60) (4) (47) 
85 (34) (54) (94) (97) (78) (42) (22) (14) (98) (16) (51) (96) (61) (71) (29) (95) (53) (80) (84) (50) (40) (21) (38) (56) (36) (65) (26) (63) (85) (23) (66) (28) (6) (9) (8) (11) (55) (19) 
86 (50) (72) (87) (30) (74) (11) (16) (51) (77) (23) (90) (53) (89) (80) (10) (39) (1) (64) (9) (96) (28) (36) (93) (57) (22) (84) (94) (24) (47) (58) (92) (20) (61) (95) (98) (48) (3) (81) (31) (71) (32) 
87 (57) (25) (18) (89) (60) (90) (42) (83) (20) (22) (78) (19) (35) (67) (3) (9) (51) (65) (40) (61) (8) (41) (91) (46) (55) (13) (6) (43) (59) (44) (49) (29) (74) (97) (73) (45) (47) (98) (37) (54) (4) (76) (77) (68) (82) (96) 
88 (51) (46) (1) (38) (72) (57) (2) (48) (75) (7) (91) (59) (84) (43) (22) (3) (87) (60) (47) (36) (100) (53) (42) (78) (97) (33) (24) (70) (86) (83) (92) (82) (16) (10) (5) (71) (68) (55) 
89 (95) (69) (54) (8) (98) (1) (2) (14) (34) (41) (80) (67) (70) (4) (27) (44) (58) (73) (65) (23) (13) (91) (87) (59) (38) (84) (100) (66) (5) (63) (33) (90) (40) (64) 
90 (4) (34) (62) (86) (24) (53) (8) (57) (46) (6) (16) (50) (100) (9) (61) (11) (5) (81) (75) (10) (65) (3) (40) (96) (36) (97) (71) (52) (35) (68) (67) (23) (42) (72) (94) (1) (91) (92) (55) (32) (29) (12) (22) (99) (31) (17) (25) (88) 
91 (81) (2) (86) (64) (5) (9) (82) (93) (49) (51) (76) (56) (95) (34) (78) (24) (11) (19) (36) (17) (21) (3) (12) (89) (70) (46) (84) (94) (18) (62) (71) (63) (73) (26) (20) 
92 (80) (30) (27) (6) (19) (48) (14) (18) (98) (47) (20) (97) (46) (88) (44) (65) (70) (77) (64) (26) (29) (87) (79) (45) (59) (66) (99) (74) (9) (71) (90) (75) (35) (12) (34) (50) 
93 (62) (95) (52) (73) (54) (8) (46) (43) (91) (56) (20) (74) (37) (89) (24) (15) (13) (64) (55) (40) (33) (9) (30) (42) (100) (86) (60) (97) (83) (61) (14) (41) (50) (26) 
94 (85) (86) (17) (64) (81) (43) (50) (91) (83) (53) (37) (49) (57) (19) (93) (23) (48) (27) (65) (51) (35) (78) (31) (90) (3) (10) (61) (76) (79) (95) (71) (87) (100) (56) (75) (40) (42) (70) 
95 (2) (19) (31) (13) (99) (15) (86) (33) (84) (4) (78) (87) (90) (83) (96) (45) (56) (34) (79) (40) (75) (85) (52) (71) (60) (3) (30) (16) (10) (66) (91) (12) (73) (72) (26) (61) 
96 (28) (21) (30) (3) (17) (81) (34) (49) (57) (16) (67) (13) (12) (9) (36) (47) (11) (18) (51) (8) (48) (7) (39) (43) (75) (14) (98) (29) (66) (77) (59) (33) (86) (56) (80) (60) (65) (5) (58) (23) (92) 
97 (33) (79) (43) (31) (4) (51) (67) (93) (6) (12) (48) (3) (50) (61) (94) (21) (27) (17) (95) (99) (23) (60) (68) (53) (37) (76) (55) (40) (38) (28) (10) (78) (35) (46) (7) (75) 
98 (45) (61) (85) (18) (37) (41) (33) (84) (54) (31) (73) (70) (67) (63) (9) (77) (93) (65) (76) (89) (71) (75) (21) (10) (14) (34) (95) (7) (78) (38) (30) (82) (74) (43) (97) (57) 
99 (21) (96) (85) (61) (56) (3) (58) (47) (99) (57) (55) (40) (75) (83) (98) (44) (32) (79) (11) (48) (49) (70) (68) (5) (6) (72) (25) (28) (64) (22) (12) (29) (10) (69) (37) (51) (66) (50) (87) (31) (39) (76) (88) (91) (20) (41) 
100 (11) (4) (21) (79) (69) (93) (32) (33) (66) (39) (15) (49) (65) (45) (23) (94) (76) (67) (44) (95) (87) (37) (68) (82) (59) (24) (71) (7) (50) (98) (18) (74) (61) (19) (46) (96) (27) (26) (30) (22) (1) (81) 
