0
100
100
1 (44) (19) (23) (84) (18) (48) (52) (35) (94) (100) (72) (56) (10) (42) (8) (91) (54) (55) (74 58) (3) (78) (7) (63) (11) (93) (22) (99) (47) (92) (5) (41) (39) (29) (82 2) (96) (1 21) (51) (40) (61) (6) (16) (59) (53) (86) (50) (34) (24) (17) (26) (66) (64) (46) (37) (60) (38 13) (49) (83) (27) (80) (67) (76) (87) (79) (85) (28) (71 30) 
2 (35) (14) (24) (93) (88) (23) (62 78) (45) (84) (3) (9) (43) (32) (92) (65) (55) (95 10) (69) (54 16 5) (15 21) (13) (71) (63) (27) (19) (12) (66) (82) (44) (6) (52) (40 67) (99) (50) (61) (26) (85) (51) (87) (20) (4) (100) (34) (91) (94) (38) (80) (39 96) (41) (8) (60) (58) (33) (90) (47) (76) (36 83) (68) 
3 (100) (85) (35) (81 77) (55) (97) (68) (88) (98) (59) (54) (5) (34) (84) (8) (93) (29) (4) (56) (99) (39) (3 73) (52) (10) (57) (9) (44) (92) (2) (60) (23) (21 51) (49) (38) (53) (96) (45) (94) (78) (11) (12) (31) (70) (48) (1) (37) (79) (20) (18) (16) (76 75) (6) (91) (71) (15) (43) (30) (63) (80) (24) (90) (17) (41) (65) (62) 
4 (56) (6) (37) (10) (24) (68 81) (55) (87) (26) (14) (96) (46) (20) (11) (64) (62) (25 29) (30) (63) (80) (35) (13) (43 33) (22) (18) (34) (49) (95) (15) (38) (2) (71) (53) (94) (7) (91) (8 85) (60) (100) (44) (5) (65) (50) (88) (69) (89) (42) (84) (31 32) (78) (59) (23 1) (72) (92) (51) (12) (4) (99) (54) (48) (47) (67) (19) 
5 (78) (77 10) (12) (28) (33) (32) (17) (44) (97 2) (59) (51) (14) (76) (92) (73) (8) (34) (67 37 88) (57) (16) (54) (87) (3) (72) (74) (75) (49) (52) (60) (81 22) (99) (95) (30) (84) (24) (47 96 21) (70) (66) (83) (55) (48) (63) (69) (91) (39) (41 13) (11) (42) (98) (31) (85) (15) (58) (25) (68) (90) (20) 
6 (66) (44) (47) (38 9) (51) (23) (92) (56) (33) (53) (91) (27 64) (15) (14) (2) (36) (95) (58) (71) (94) (32) (70) (30 76) (55) (50 11) (84) (5) (80) (19) (4) (68) (54) (1) (17) (90) (100 28 67 31) (8) (18) (75) (20) (22) (7) (21) (99) (40) (59) (88) (46) (63) (45 87) (13) (93) (48) (74) (60) (6) (73) (3) 
7 (55) (40) (20) (81) (88) (35) (54) (71) (32) (97) (82) (65) (91) (45) (94) (8) (37) (51) (6) (72) (69) (14) (52) (39) (10) (47) (63) (77) (18) (98) (100) (21) (48) (31) (25) (99) (64) (73) (5) (49) (68) (3) (27) (84) (23) (30) (70 38) (66) (36) (44) (22) (78) (42) (41) (4) (2) (7) (24) (16) (92) (76) (12) (13) (75) (90) (67) (95) (79) (89) (80) 
8 (100) (47) (26) (84) (39) (46) (8 27) (79) (50) (91) (42) (20) (90) (44) (71 6) (64) (54 65) (30) (87) (49) (24) (78) (51) (52 22) (5) (17) (61) (89) (66) (37) (35) (16) (55) (36) (83) (1) (81 72) (86) (82) (12) (48) (33) (93) (56) (96) (21) (10) (63 59) (67) (94) (73) (58) (38) (76) (97) (28) (85) (95) (98) (62) (68) (18) (43) (23 75) 
9 (24) (13) (9) (40) (63) (67) (11) (65) (59) (75 91) (38) (35) (5) (82) (44) (58) (70) (48) (62 71) (28) (41) (6 30 79) (3) (17) (37) (86) (16) (53) (61 89) (26) (50) (87) (72) (21 80) (25) (27) (19) (100) (49) (15 45) (32) (4) (76) (47) (22) (60) (98) (1) (43) (39) (90) (57) (85) (78) (99) (34 2 56) (97) (81) (42) (31) (88 23) (33) (12) (73 46) (18) (68) (7) (14) (8) (51) (77) (36) 
10 (23) (72) (8) (64) (34) (86) (26) (98) (33) (52) (21) (19) (83) (9) (56) (68) (97) (20) (69 62) (50) (29) (82) (1) (93) (44) (65) (58) (81) (48) (40) (38) (74 71) (54) (49) (90) (2) (85) (30) (95) (41) (78) (6 75 57) (25) (99) (53) (18) (84) (89) (47) (59) (14) (73) (37) (87) (13) (22) (61) (16) (91) (5) (67) 
11 (32) (25) (64 85) (70) (88) (28) (76) (43) (5) (52) (90) (20) (82 71) (67) (1) (89) (80) (10) (22) (41 46) (19) (51) (91) (86) (21) (38) (11) (68) (17) (78) (60) (54) (57) (40) (44 56) (6) (24) (34) (9) (47) (42) (29) (14) (65) (33) (15) (26) (75) (18 27) (79) (66) (50) (3) (39 55) (69) (87) (35) (62) (84) (92) (53) (45) (31) 
12 (62) (67) (11) (45) (38) (75) (72) (76) (13) (8) (6) (78) (65) (94) (18) (49) (26) (58) (54) (31) (93) (91) (32) (59) (33) (16) (44) (34) (96) (50) (97) (87) (41) (25) (98) (36) (4 77) (3) (80) (92) (86) (5) (39) (60) (48) (14) (7) (81) (64) (52) (2) (51) (10) (37) (56) (79) (73) (69) (15) (35) (40) (89) (70) (1) (55) (12) (66) (63) (43) (100) (74) (29) (27) (53) (47) (84) (57) 
13 (4) (8 81) (62) (76) (84) (85) (27) (89) (52) (18) (51) (49) (12) (58) (32) (3) (28) (94) (70) (50) (37) (72) (92) (15) (23) (5) (100) (77) (31) (16) (36) (42) (48) (11) (9) (91) (74) (45) (38) (71) (22) (29) (80) (96 68) (57) (87) (83) (43 64) (25) (69) (99) (63) (7) (30) (97) (65) (34) (20) (10) (88) (95) (21) (14 90) (41) (17) 
14 (92) (12 4) (55) (49) (10) (20) (54) (27) (62) (35) (99) (23) (91) (76) (8) (18) (82) (56) (43) (45) (37) (81) (51) (87) (57) (11) (68) (58) (47) (38) (2) (34) (15 44 32) (67) (100) (9) (66) (70) (85) (63) (74) (79) (98) (77) (13) (3) (65) (7) (6) (69) (80) (30) (90) (89) (78) (95) (41) (75) (39) (29) (5) (19) (93 53) (1 33) (52) 
15 (97) (32) (37) (91) (84 63 70) (33) (21) (40) (17) (89) (45) (92) (62 41) (68) (58) (23) (83) (86) (85) (49) (44) (72) (34) (87) (4) (1 81) (24) (54) (90) (76) (38) (53) (18) (22) (88) (77) (8) (78) (28) (56) (19) (16) (29) (95) (42) (5) (46) (61) (71 20 27) (52) (73) (60) (98) (7) (79) (67) (51) (55) (43) (94) (15) (66) (50) (25) 
16 (62) (15) (47 82) (68) (66) (39) (36) (45) (32) (83) (8) (67) (74 19) (3) (78) (24) (23) (5) (99) (84 46) (48) (38) (88) (61) (50) (57) (94 20) (80) (96) (75 63) (17) (49) (4) (100 18) (34) (97) (53) (28 21) (72 90) (30) (76) (69) (77) (65) (51) (89) (87) (37) (85) (60) (86) (2 7) (26) (44) (95) (40 81) (9) (92) (73) (10 70) (35) (54) 
17 (53) (57) (44 74) (28) (90) (63) (51) (20) (6) (95 16) (5) (18) (66) (30) (68) (46) (89) (72) (2) (69) (17) (55) (33) (98 88) (41) (84) (70) (78) (47) (45 8) (37) (42) (93) (26 73) (71) (92) (81) (87 29) (32) (64 24) (35) (25) (94) (75 59) (7) (58 27) (23) (56) (22) (49) (50) (31) (67) (85) (40) (3) (39) (38) 
18 (41) (16) (59) (82) (8) (5) (54) (6) (25) (55) (4) (85 81) (49) (35) (73) (61) (75) (28) (12) (77) (95) (40) (29) (94 51) (62) (45) (88) (31) (67) (17 92) (14) (48) (50) (43) (39) (70 91) (76) (60) (90) (30) (58) (20) (79) (53) (24 15) (71) (46) (87) (52 89) (72) (98) (65) (96) (3) (44) (26) (97) (22) (42) (7) (13) (47 78) (2) (57) (10) 
19 (76) (14) (17) (52) (73) (77) (26) (55) (11) (29) (51) (90) (34) (4) (19) (35) (24) (70) (65) (39 43) (81) (36) (1) (61 83) (89) (38 100) (49) (12 97) (58) (75) (78) (31 87) (82 33 2) (93) (99) (8) (66) (69) (16) (68) (80) (6) (71) (41) (53) (13) (22) (98) (9) (72) (54) (84) (56) (79) (3) (30) (10) (20 62) (94) (63) 
20 (24) (58 57) (7) (48) (87 69) (12) (8) (96) (66) (45) (4) (25) (70) (20) (47) (29) (100) (61) (39) (3) (44) (41) (56) (72) (63) (27) (98 6) (23 94) (97) (80) (64 73) (76) (75) (13) (52) (81) (84) (21 15) (89) (55) (93) (85 68) (51) (16) (49) (36) (67) (62) (2) (19) (83) (9 71) (38) (30 54) (50) (40) (99) (14) (18 53) (59) 
21 (16) (83) (82) (78) (2) (27) (72) (17) (100) (32) (23) (91) (59) (49 89) (24) (41) (76) (96) (66) (29) (3) (85 11 12) (69) (6) (62) (14) (50) (30) (93) (98) (33) (56) (77) (64) (20) (52) (45) (28) (8) (53) (47) (73) (79) (15 26) (9) (60) (25) (57) (18) (88) (37) (97) (19) (40) (42) (5) (99) (54 90) (36) (10 74) (13) (70) (34) (21) (86) (7) (1) (61) (68) (67) (46) (58) 
22 (19) (90) (52) (37 92) (3) (54) (13) (40) (83) (86) (31) (76) (61) (89) (98) (39) (29) (10) (55) (27) (62) (100) (6) (97) (23) (68) (91) (26) (24) (30 34) (74) (46) (69) (70) (78) (75) (72) (79) (49) (9 64 47) (15) (95) (50) (21) (17) (96) (56 71) (25) (59) (80 45) (16 5 2 8) (38) (18) (87 42) (73 58) (93) (66) (77) (65) (7) (41) (43) (82) (22) (33) (51) 
23 (43) (32) (61) (91 60) (25) (28) (56) (97 29) (84) (44) (62) (92) (18) (96) (76) (68 71) (2 7) (73) (89) (5) (48) (82) (50) (58) (40) (35) (12) (16) (47) (15) (4) (79) (9) (51) (90) (72) (21) (67) (30) (86) (23) (54) (81) (100 36) (85) (53) (41) (37 74) (55) (10) (78) (49) (46) (1) (13) (24) (14) (87) (26) (45) (38) (6) (33) (20) (11) 
24 (53) (15) (75) (73) (41) (51) (26) (46) (55) (49) (7 54) (48 72) (10 47) (64) (36) (59) (56) (18) (97) (25) (22) (70) (23) (81) (45) (44) (38) (58) (90) (32) (84) (86) (13) (63 74 14) (19) (89) (8) (40) (6) (91) (92) (99) (37) (43) (88) (78) (67) (96) (100) (60) (82) (52) (39) (94) (50) (12) (33 80) (42) (98) (76) (85 4) (21 28) (68) (83) (71) (66) (20) (57) (69) (11) (93) (95) 
25 (69) (42 37 84) (50) (23) (8) (51) (16) (68) (96) (91) (56) (83) (25) (9) (97) (63) (26 12) (98) (31) (89) (27) (52) (70) (38) (100) (28) (73 88) (78) (93) (77) (45) (62) (66) (80) (15) (11) (55) (57) (59) (44) (95) (3) (39) (19) (34) (72) (75) (92) (54 1) (94) (43) (20) (76 6 14) (22) (61) (36) (58) (87) (13) (71) 
26 (20) (1) (52 57) (92) (91) (41) (50 48) (36) (82) (96) (86) (84) (6) (93) (59) (11) (94) (49) (19) (27) (78) (79) (47) (90) (73) (32) (87) (33) (60 4) (72) (88) (16 66) (2) (5 8) (63) (43) (29) (24) (98) (69 75) (45) (56) (12) (38) (74) (42) (39) (30 99) (80) (23 85) (31) (44) (37) (35) (70 83) (67) (25) (21) (40) (7 46) 
27 (48) (15) (1) (51) (25) (54) (59) (20) (88) (67) (80) (7) (100) (96) (75) (58) (81) (61 74) (10) (63) (29) (79) (56) (99) (23) (32) (55) (30) (28) (6) (38) (42) (83) (45) (40) (27) (43) (95) (60) (33) (47) (92 49) (98) (4) (34) (13) (21 17) (62) (8) (91) (5) (50) (39) (53 87) (3) (85) (70) (31) (52) (97) (35) (37) (9) (93) (12) (36 24) (64) 
28 (78) (18) (94) (80) (40) (4) (20) (16) (59) (10 83) (72) (55) (79) (82) (60) (33) (27) (66) (68) (71) (93 65) (38) (30) (95) (35 12 43) (57) (52) (67 61) (36 5) (58) (89 21 15) (86) (76 51) (77) (92 70) (24) (88 31) (6) (74) (96 49) (99) (3) (100 23) (28) (1) (53 85) (75) (29) (98) (42) (32) (73 69) (97) 
29 (18) (96) (11) (78) (5) (23) (10) (51) (33) (97) (28) (26) (62) (19) (58 90) (39) (47) (68) (6) (7) (17) (99 9) (32) (92) (91) (79) (8) (100) (45 72) (76 71) (35) (63) (98) (75) (21) (31) (12) (14) (38) (60) (83) (49) (4) (15) (2) (57) (3) (1 24 66) (41) (67) (22) (37) (56) (73) (89) (16) (43) (94 64) (46) 
30 (38) (86) (41) (76) (28 27) (56) (4) (36) (6 80) (78) (9) (91) (68) (77) (90) (58) (31) (7 13) (42) (74) (37) (89) (87) (34 83) (100) (69) (81) (60) (94 98) (25) (85) (55 53) (39 61) (22) (2) (57 64) (70) (33 62) (84) (17) (10) (52) (43) (79) (96) (32) (93) (26) (8) (18) (51 23) (47) (35) (75) (67) (59) (29) (46) (12 63) (21) (97) (50) 
31 (97) (46) (42) (67) (54) (98 4) (41) (17) (60) (74) (62) (10) (56 76) (8) (85) (31) (86) (6) (33 40 87) (23) (43) (25) (55) (84) (16) (80) (2) (65) (78) (28) (11 63) (1) (82) (37) (20) (99) (93) (83 100) (21) (64) (51) (22) (27) (3) (44) (29 38) (91) (88) (53) (15) (90) (81) (94) (36) (71) (95) (57) (59) (73) (47 66) (52) (61) (5) (49) 
32 (68) (50) (71) (61 98) (44) (66 69 40) (35) (19) (64) (16) (86) (33) (46) (21) (31) (6) (43) (15) (96) (1) (32) (41) (59) (67) (10 83) (5) (12) (60) (58) (45) (54) (29) (7) (14) (34) (87) (9) (84) (73) (65) (72) (37) (79) (11) (74) (25) (39) (24) (97) (56) (92) (94) (18) (3) (27) (70 62) (30) (82) (4) (88) 
33 (48) (98) (28) (37) (46 88) (75) (83) (54) (96) (100) (45) (59 72) (94) (53) (60) (47) (25) (80) (23) (12) (24) (9) (95) (15) (2) (91) (70 69) (90 74) (63) (85) (51) (30) (33) (58) (26) (21) (62) (67) (11) (35) (39 56) (32) (1) (3) (89) (82) (92) (66 57) (8) (99) (6) (97) (81) (77) (42) (52) (40) (34) (41) (31) (14) (49) (4) (5) (17) (16) (18) (79) (87) 
34 (48) (30) (88) (47) (1 75) (76) (25) (6) (89) (69) (53) (80) (43) (77 34) (74) (21 38) (50) (46) (15) (5) (51) (27) (85) (19) (78 31) (96) (95) (32) (44) (22) (26) (24) (33) (68) (82 2) (12) (79) (100 42) (65) (71) (98) (3) (18) (94) (20) (45) (58) (49) (61) (60) (16) (57) (36) (64) (90) (7) (10) (86) (39) (11) (9) (29) (66 72) (81) (56 84) (23) (92) 
35 (3) (46) (99 82) (92 74) (95) (85) (23) (42 28) (39 70) (76) (58) (14) (40) (43) (19) (11) (57) (12) (9) (50) (71) (80 13) (61) (93) (81) (55) (77 21 36) (79) (1) (10) (97) (8) (24) (35 65) (45) (52) (91 33) (68) (66 69) (59) (75) (56) (86) (72) (7) (60) (88 48) (16) (53) (54) (63) (83) (20) (29) (47 34) 
36 (2) (40) (42 83) (9 56) (44) (49) (100) (95 52) (70) (15) (87) (54) (50) (43) (68 66) (86) (33) (60) (1 64) (53) (28) (29) (55 90) (74) (24) (97) (14 19) (71) (63 20) (65) (38) (67) (91) (84) (92) (35) (82) (79) (96 25) (11) (18) (8) (51) (39) (77) (58) (17) (80) (85) (69) (26) (5) (12) (48) (46 16) (75) (57) (34) (59) (32) (27) (78) (4) (88) 
37 (7) (59) (81) (61) (79) (37) (56) (30) (14) (72 38) (89 87) (12 19) (41) (99) (31 96) (86) (10 3) (82) (92) (44) (73) (50) (63) (62) (70) (95) (43) (13) (69) (40) (9) (48) (67) (18) (83) (23) (76) (55) (58) (75) (45) (1) (84) (21) (27) (35) (42) (29) (51) (20 34) (85 78) (4) (26) (17) (52) (57 65) (68) (24 71) (6) (54) 
38 (54) (85) (43 92) (93) (57) (100) (63) (28) (98) (58) (79) (52) (50) (38) (45 31) (46) (9) (26) (29) (64) (10) (16) (37 55) (47) (18) (5) (95) (2) (66) (49) (34) (65 11) (76) (32) (77) (41 97) (60) (14) (88) (30) (44) (48) (59) (73) (17) (23) (74) (7) (78) (56) (19) (86 72 91) (22 75) (89) (53 82 25) (71) (83) (12) (51) (84) 
39 (6 74) (37) (23) (5) (11) (18 19) (68) (4) (24) (91) (36) (51) (43) (40) (94) (20) (49) (64) (42) (33) (77) (14) (41) (97) (61) (34) (26) (99) (81) (76) (8) (31) (7) (88) (98) (85) (95) (16) (86) (92) (50) (38) (32) (21) (96) (72) (53) (54) (62) (65) (79) (67 52) (71) (17) (25) (22) (12) (2) (66) (69) (35) (27) (84) (59) (29) (3) (73) (57) (89 47) (44) (63 80) 
40 (82) (20) (43) (44) (39) (79) (7) (37) (64) (76) (94) (80) (35) (25) (63 34) (91) (11 87) (67) (61 74) (73 56) (49) (40) (86) (85) (23) (84) (99) (27 83) (68) (13) (88 12) (93) (62) (6 55) (42) (16) (19) (92 22) (41) (57) (78) (97) (21) (58) (53) (38) (52) (72) (81) (14) (95) (32) (10) (47) (4) (90) (18) (45) (33) (100) (31) (51) (28) (59) (1) 
41 (49) (82) (92) (98) (79) (39) (34) (89 54) (75) (93) (46) (8) (37 44) (31) (61) (42) (73) (56) (64) (63) (21) (13) (71) (53) (48) (9 28) (40) (12) (81) (77) (72 50) (36) (5) (84) (16) (32) (1 60) (100) (15) (94) (45) (86) (30) (67) (52) (22) (62 70) (23) (58) (59) (87) (55) (66 24 20) (33) (76) (85) 
42 (88) (82) (8) (50) (7) (83 80) (73) (5) (46) (24) (3) (98 28) (86 33) (15) (49) (57) (62) (45) (32 91) (51) (1) (29) (43) (16 76) (78) (26) (92 60) (63) (22) (20) (53) (58) (30) (72 13) (14) (44) (35) (84) (10) (34) (27) (70) (59) (67) (48) (69) (47) (66) (87) (96) (36) (25) (85) (4) (56) (21 55) (40) (12) (9) (75) (19) (93 6) (90) 
43 (14) (56) (50) (73) (9) (37) (100) (34 13) (2) (10) (16) (21) (75) (70) (71) (86) (87) (80) (5) (47 88 79) (39) (46) (49) (18) (41) (11) (12) (6 65) (24) (67) (43) (22) (30) (55 68) (52) (89) (42) (85) (28) (61) (15) (82) (94) (35) (95) (33) (62) (51) (91) (20 57) (63) (98) (77) (64) (23) (40) (59) (4) (83) (90) (26) (60) (54) 
44 (47) (37) (32) (15 10) (43) (80) (13) (4) (40) (39 11) (46) (17) (83) (56) (70) (72) (31) (79) (82) (86) (91) (66 16) (23 50) (60) (67) (76) (78) (63) (45) (36) (88) (27) (64) (92) (68) (81 84) (95) (77) (35) (53) (33) (54) (38) (44) (8) (61) (52) (22) (75) (19) (9) (98) (65) (99) (74) (30) (73) (3) (20) (71) (97) (87) (57) (62) (49) (96) (24 12) 
45 (51) (30) (77) (13) (88) (14) (31) (66 40) (35) (33) (62) (5) (82) (56 76) (39) (81) (65) (8) (17) (24) (36) (85) (71 19) (79 95) (11) (23 89) (20 87) (46) (75) (1) (53) (10) (16) (64) (80) (49) (68) (43) (9) (50) (32) (96) (44) (93) (57) (94 73) (7) (15 29 74) (90) (61) (52) (54) 
46 (39) (98) (14) (23) (19) (78) (31) (70) (79) (53 12) (33) (38) (86) (30) (44) (47 20) (40) (15) (18) (77) (52) (99) (21) (89) (4) (37) (7) (50) (28) (46) (43) (73) (90 56) (94) (80) (72) (88) (67) (81) (51) (27) (58) (93) (76 66) (8) (75) (85) (59) (22) (57 83) (35) (96 64 1) (2) (25) (84 71) (92) (65) (29 91) 
47 (78) (55) (73 38) (40) (14) (31) (44) (29) (57 34) (37) (4) (77) (53) (33) (93) (87) (64) (25) (81) (76) (83) (82) (22) (10) (23) (67) (59) (9) (17) (69) (42) (95) (27) (21 13 89) (92) (98) (56 46) (18) (24) (3 49) (88) (41) (71) (97) (85) (6) (86) (2) (51) (75) (12) (62 8) (45 79) (72) (52) (36) (94) (30) (5) (16) 
48 (81) (53 40 74) (68) (90) (28) (63) (34) (98) (46) (29) (92) (49) (17) (48 89) (78) (7) (64) (54) (31) (8) (4) (67) (87) (42 50) (20 96) (58) (3) (86) (80) (23) (14 15) (85) (22) (35) (13) (69) (39) (52) (21) (1) (88) (57) (18) (6) (37) (38) (79 65) (16) (43 77) (9) (62) (100) (95 94) (91) (19) (55) (71) (41) (51) 
49 (85) (58 79) (98) (34) (54) (83) (81) (77) (4 16) (74) (33) (24) (12) (42) (20) (78) (84) (65) (70) (89) (80) (30) (97) (90) (73) (49) (96) (25) (63) (36 37) (8) (91) (68) (88) (38) (44) (92) (1) (66) (14 43 45) (82) (46) (21) (69) (48) (57) (47) (6) (59) (31) (67) (76) (13) (29) (62 94) (52) (99) (64) (2) (26) (56) (100) (3) (71) (61) (35) (39) (28) (17) (22) 
50 (11) (56) (21) (84) (37) (27) (26) (43) (20) (6) (14) (55) (89) (57 82) (2 32) (83) (52) (46) (92 25) (9) (18 17) (100) (44) (66) (77) (81) (68) (79) (12) (54) (33) (1) (97) (70) (5) (98) (96) (72) (90) (63) (88) (7) (61) (34) (62) (40) (80) (28) (47) (8) (48) (36) (31) (73) (42) (71) (64) (58) (65) (60) (45) (13) (51) (75) (10) 
51 (18) (3) (55) (64) (74) (94) (48) (16) (2) (33) (90) (59) (98) (79) (75) (68) (7) (51) (65) (4) (95) (99) (54) (76 49) (5) (82) (89) (1) (81) (15) (10 84) (25) (39) (63) (24) (36) (78) (43) (61) (11) (14) (9) (19) (47) (8) (97) (72) (38) (86) (45 96) (20) (60) (70 37) (40) (46) (66 80) (69) (62) (91) (56) 
52 (96 56) (1 31) (24) (59) (92) (29) (84) (33) (10) (82) (53) (61) (86) (32) (18 35) (45) (99) (37) (76) (89) (27 5) (25) (90) (44) (69 19) (85) (58) (57) (42) (77) (38) (70) (21) (95) (39 83) (72) (52 51) (54 28) (2) (75) (66) (15 22) (20) (43) (64) (68 79) (48 46) (16) (13) (3) (87) (93) (6) (9) (73) (78) (81) (30) 
53 (83) (33) (16) (100) (54) (49) (93) (84 3) (85) (95) (61) (78) (74) (75) (94 22) (79) (99) (7) (57) (26) (37) (59) (40) (35) (56) (81) (21) (38) (20) (64) (63) (50 24) (42) (60) (62) (11) (73) (15) (97) (39) (17) (30) (34) (51) (98) (12 8) (58) (10) (13) (47) (55) (65) (66) (36) (71) (29) (67 41) (23) (80) (6) (9) (28) (72) (14) (92) (68) (25) 
54 (12) (58) (35) (61) (95) (37) (79) (32) (59) (5) (43) (41) (81 40) (85 2 15) (31) (36) (96) (30) (42 49) (53) (7) (65) (56) (63) (69) (64) (70) (66) (8) (48) (22) (80) (67) (20) (38) (33) (92) (28) (14) (55) (78) (62) (100) (11) (84) (4) (73) (1) (10) (45) (17) (87) (29) (25) (97) (18) (26) (23 21) (19) 
55 (14) (77) (79) (63) (32) (55) (86) (24) (36) (62) (40) (30) (88) (20) (19) (56) (15) (52) (41) (78) (23) (17) (73) (90) (45) (96) (60 5 75) (31) (33) (68) (43) (48) (35) (1) (3) (25) (89) (100 84) (57) (58) (76) (53 51) (97) (67) (44) (47) (7) (70 26) (22) (37 6) (69 92) (11 81) (64) (16 59) (8) (13) (18) (98) (38) (87) (29) 
56 (38) (10) (60) (53) (4) (43) (97) (30) (45) (99) (29) (100) (1) (73) (32) (82) (34) (83) (81) (92) (28) (20) (58) (62) (89) (66) (16 79) (57) (86) (55) (15) (54) (65) (47) (44) (8) (7) (6) (70) (27) (64 51) (48) (25) (80) (42) (93) (85) (50) (98) (90) (77) (31) (40) (39) (11) (59) (67) (49) (56 76) (26) (52) (13) (36) (21) 
57 (40 15) (95 73) (74) (9) (45) (29) (32) (91 54 36) (83) (60) (67) (44) (84) (14) (23) (48) (22) (13) (16) (69) (5) (35) (33) (19) (31 93) (96) (38) (25) (99) (1) (77) (66) (79) (82) (30) (28) (20) (89) (3) (34) (46) (8) (65) (72) (70) (47) (27) (94) (92) (41) (59) (64) (51) (85) (43) (18) (86) 
58 (26 20) (27) (35) (67) (60) (84) (54) (96 21) (80) (73) (30) (41 24) (1) (36) (88) (70) (34) (78) (2) (8) (7) (49) (31) (22) (89) (44) (75) (77 42 38) (9) (4) (56) (46) (6 43) (14) (63 69) (15) (83) (95) (16) (98) (57) (53) (93 47) (64) (48) (62 65) (40) (97) (12) (50) (5) (51) (33) (71) (92) (79) (18) (86) (68) 
59 (5) (96) (69) (61) (59) (6) (34) (29) (81) (79) (14) (9) (8) (58) (48 4) (99) (45) (32 93) (84) (43) (13) (30 64) (11) (12) (49) (72) (76) (73) (47) (65) (77) (92) (70) (98) (22) (19) (25) (20 40) (91) (74) (35) (88) (21) (56) (78) (38) (52) (50) (33) (44 94) (7) (24 80) (60) (62) (3) (28) (82 85) (95) (10) (46) 
60 (41) (90) (7) (23) (3) (20) (34) (11) (29) (68) (48) (91) (66) (45) (51) (75) (18) (78) (14) (43 30) (67) (70) (74) (46) (37) (56 8 42) (96) (24) (54) (60) (26) (84) (31) (33) (77) (81) (85) (55) (1) (99) (76) (52) (87) (13) (4) (22) (19) (80 83) (71) (63) (89) (15) (21) (36) (69 38) (28) (44) (86) (98) (73) (95) (65) (49) (61) 
61 (7) (68) (95) (35) (40) (24 50) (44 73) (37) (92) (86 56) (3) (61) (99) (11) (69) (90) (33) (65 66) (25) (15 75) (54) (49) (52 36) (20) (83) (2) (46) (74) (38) (22) (80) (28) (17) (79 39 29) (19) (47) (32) (5) (10) (53) (31) (77 96) (72) (8) (100) (81) (62) (60) (30) (21 43) (45) (9) (88) (82) (63) (85) (13) (67) (55) (6) (27) 
62 (39) (79) (28) (38) (78) (50) (59 2) (51) (72) (99) (12) (97) (70) (94) (82) (98) (60) (29) (56) (69) (1) (31) (62) (3) (87) (93) (61) (86) (81) (33 42) (68) (22) (63) (71) (100 27 23) (20) (21) (26) (48) (65) (43) (58) (6) (36) (16) (89) (8) (96) (75) (95) (66) (40) (5) (30) (45) (88) (9) (24 49 44) (17) (47) 
63 (100) (53) (37) (64) (76) (90) (65 41) (3) (34) (78) (27) (95) (77) (71) (58) (12) (55) (9) (93) (24) (82) (23) (99) (46) (88) (68) (81) (17) (13) (2 18 28) (43) (86) (38) (49) (51) (20 21) (54) (36) (98) (25 85) (74) (1) (19) (62) (4 79) (14) (48) (39) (30) (72) (40) (22) (91 66 29) (80) (73) (75) (52) (69) (57) 
64 (65) (59) (88) (63) (6) (81 79) (35) (36) (17) (1) (56) (21 13) (8) (78) (52) (43) (20) (72) (58 95 45) (86) (70) (49) (10) (31) (30) (84) (28) (61) (15) (80) (40) (77) (14) (97) (87) (41) (93) (83) (12) (7) (51) (99) (96) (19) (4 68) (48) (82) (74) (73) (32) (39 67) (60) (46) (89) (100) (9) (50 92) (69) (85) (75) (98) (62) (76) (11) (44) (37) (27) (53) (2) (25) 
65 (56) (65) (89) (5) (96) (52) (14) (73) (10) (66) (67) (23) (97) (91) (42) (3) (88) (99) (34) (24) (43) (31) (36) (46 2) (48) (18 87 77) (92) (60 90) (78) (100) (83) (4) (82) (69) (17) (71) (61) (76) (74) (93) (37) (1) (51) (20) (47) (94 35 98) (49 41) (15) (9) (86 16 32 6) (7) (19) (45) (62) (33) (79) (39) (22) (13) (75) (50) (68) (57) (38) (30) 
66 (83) (72) (27) (31) (87) (30) (51) (84 71) (96) (13) (64) (92) (50) (18 19) (73) (32) (80) (3) (2) (95) (61) (81) (37) (24) (20) (42) (7) (82) (36) (62) (4) (63) (57) (41) (70) (100) (6) (78 33) (88) (8) (15) (67) (23) (79) (58) (29) (90) (43) (85) (9) (26 40) (69 10) (49) (86 94) (5) 
67 (42) (44) (9) (15) (79) (76) (23) (75) (98) (32) (28) (49) (87) (63) (33) (86) (45) (69) (50) (41) (60) (88) (1) (61 58 39) (27) (10) (59) (89) (80) (71) (83) (97) (20) (73) (24) (54) (31) (38) (57 66) (95) (48 14) (78) (19) (6) (53) (8) (100) (26 5) (77) (7) (92) (70) (90) (35) (4) (36) (72) (67) 
68 (77) (89) (19) (87 80) (28) (93) (36 13) (48) (22) (9) (97) (18) (24) (47) (64) (7 32 37) (66) (71) (61 23 17) (72) (76) (54) (90) (69) (4) (53) (3 27) (10 91) (57) (33) (52) (8) (1) (82) (96) (84) (38) (39) (45) (67) (63 95 50) (41) (59) (31) (26) (2) (21) (78) (98) (44) (49 42) (86) (60) (14) (29) (46 88) 
69 (63) (86) (91 69) (14 33) (10) (26) (53) (40) (12) (4 17 50) (8) (78) (97) (22 28) (70) (95) (23) (87) (9) (31) (49 38) (35) (67) (90) (5) (39) (84) (60) (89) (25) (3) (37) (34) (77) (73) (19 29) (32) (13) (47) (76) (27) (80) (64) (81) (96) (16) (62) (18) (21) (6) (74) (94 83) (58) (2) (59) (24) (88) (54) (44) (66) (15) (98) 
70 (21) (64) (59) (93) (53) (35) (43) (96) (81) (99) (94) (47) (77) (73) (74 39) (61) (63) (24) (90 42) (34) (12) (1) (14) (10) (36) (79) (52) (20) (22) (91) (66) (88) (17) (51) (25) (28) (83 76) (98) (75) (80) (97) (62) (37) (7) (72) (85) (32) (19) (49) (11) (6) (89) (84) (31) (40) (16) (58) (5) (86) (44) (48) (26 4) (92) (56) (69) (23) (100) 
71 (77) (4) (57) (73) (97) (43) (22) (83 16) (52) (85) (23) (27) (71) (44) (81) (14) (75) (70) (90) (15) (55) (80) (6) (59) (37) (95) (99) (8) (74) (36) (34) (24) (32) (87) (60) (53) (88) (1) (5) (64) (10) (49) (94) (67 39) (40) (29) (58) (51) (54) (65) (7) (86) (89) (46) (9) (3) (31 69) 
72 (66) (33) (21) (49) (45) (65) (55) (90) (97) (26) (96) (95) (27) (10) (53) (59) (40) (92) (76 43) (6) (99) (68) (8) (74) (85) (11) (75) (12) (64) (50) (41 57) (25) (31 28) (1) (15) (13) (81) (51) (38) (36) (94) (46) (60) (48) (54) (23) (93) (5) (62) (42) (24) (77) (72) (86) (14) 
73 (91) (3) (16) (48) (93) (58) (82) (62) (94 2) (66) (19) (15) (18 6) (1) (63) (97 85) (38) (53 57) (20 22) (9) (72) (95) (14) (99) (61) (35) (39) (76) (67) (100) (41) (81) (90 5) (70) (56) (83) (75) (26) (89) (84) (73) (49) (69) (47) (98) (55) (10) (44) (88) (4) (17) (28) (59) (11) (30) (60) (33) (34) (74) (27) (23) (86) (64) (71) (79) (42) (40 29) (87) (65) (43) (12) (54) 
74 (70) (4) (98) (97 5) (40) (87) (85) (67) (39) (14) (25) (51) (22) (73) (89) (93 41) (65) (84) (95 81) (83) (58) (63) (50) (32) (21) (44) (7) (20) (64) (12) (62) (10) (86) (71) (100) (90) (47) (68) (15) (34) (29) (91) (72) (61) (2) (52 28) (3) (33) (96) (36) (26) (18) (75) (16) (69 19) (48) (30) (74) (43) (27) (38 8) (9) (6) 
75 (52) (66) (36) (55) (50) (60) (12) (71) (96) (6) (37) (8 65 53) (5) (18) (13) (89) (29) (27) (24) (79) (84) (83) (80) (77) (25) (56) (7) (23) (31) (41) (19) (16) (9) (99) (4) (22) (62) (93) (95) (90) (1) (30) (48) (3 75) (94 15) (64 26) (10) (98) (70) (2) (47) (34) (69) (35) (73) (82) (43) (57) (74) (33) (81) 
76 (46) (73) (29) (27) (17) (40) (88) (61) (75) (56) (92) (35) (19) (98) (50) (3) (94) (81) (86) (54 31) (91) (53) (60) (83) (58) (21) (5) (1) (97) (63) (67) (87) (78) (30) (62) (66) (15 70) (52 36) (10) (82) (26) (55) (89) (90) (2) (13) (32) (93) (64) (11) (85) (74) (49) (42) (38) (96) (33) (23) (39) (47) (43) (18) (71) (20) (12) (80) (25) (16) (68) (69) (34) (51) (8) 
77 (50 34) (21) (39) (28) (49) (60) (11) (94) (30) (9) (25) (16) (91) (52) (14) (98) (73) (62) (59) (47) (53) (80) (5) (56) (17) (55) (32) (70) (27) (26) (64 42) (10) (24 84) (54) (76) (8) (61) (12 99) (58) (3) (35) (75) (93) (36) (71) (23) (22) (20) (74) (72) (89) (41) (4) (2) (29) (7) (44 95) (87) 
78 (9) (75) (82) (63) (87) (41) (57) (36) (94) (6) (38) (37) (76) (98) (15) (4) (81) (79) (64) (92) (73) (5) (32) (50) (29) (53 21) (86) (78) (61) (85) (40) (66) (8) (80) (59) (60) (20) (22 27) (84 52) (42) (83) (97) (3) (74) (18) (1) (48) (25) (89) (49) (33) (7) (2 28) (44) (67) (45) (96) (24) (13) (19) (39) (54) (55) (95) (35) (77) (34) (12) 
79 (19) (98) (95) (49) (85) (21) (53) (28) (75) (73) (79) (89 74) (59) (68) (36) (45) (6) (61) (100 35) (31) (82) (14) (29) (84 48) (11) (34) (44) (22) (15) (27) (58) (66) (42) (50) (9) (92) (65) (54) (32 72) (56) (77) (78 81) (96) (20) (52) (55) (33 3) (69) (57) (10) (13) (40 30) (93) (63) (17) (7 90) (18) (99) (12 80) 
80 (53) (76) (80) (39) (71) (74) (63 31 5) (11) (96) (92) (69 62) (50) (23) (52) (32 48) (20) (2) (35) (43) (13) (57) (46) (27) (44) (17) (68) (77) (60) (41) (81) (66) (70) (1) (16) (22) (75 6) (54 59) (8) (87) (82) (12) (25) (45) (9) (83) (47) (15) (24) (61) (7) (86) (36) (42 51) (29) (33) (10) (94) (3 34) (78) (21 93) (14) (97) (67) 
81 (37) (69) (63) (53) (87) (74) (4) (50) (82) (83 3) (64) (84) (60) (75) (28) (92) (68) (89 40) (77) (25) (12) (19) (51) (23) (44) (14) (79) (11 96) (35) (20) (10 59 31) (65) (94) (86) (32) (22) (72) (99) (95) (27) (21) (8) (100) (2) (38) (55) (41) (9) (49) (97) (1) (47) (7 81) (71) (36) (30) (15) (34 80) (24) (29) (57) (58) (90) (33) (46) (18) 
82 (26) (80) (74) (37) (58) (35) (9) (97) (75) (15) (32) (94) (60) (59) (61) (49) (92) (18) (29) (2) (53) (84) (38) (17) (72) (51) (28) (81) (90) (71) (8 6) (10) (82) (50 3) (4) (5) (56) (14) (93) (95) (86) (76) (66) (96 87) (16) (78) (20) (77) (100) (63) (21) (1) (91) (99 57) (89) (88) (54) (33) (13) (44) (52) (55) (34) (69) (70) (73) (25) (85) (31) (39) (64) (98) 
83 (35) (43) (97 55) (68) (24) (29) (70) (20) (28) (65) (60) (71) (17) (81) (53) (46) (6) (40) (80 90) (84) (32) (86) (62) (100) (41) (27) (61) (73) (30) (52) (98) (58) (14) (4) (47) (8) (11) (15) (37) (49 66) (77) (25) (83) (78) (95) (2) (57) (39) (23) (9) (64) (42) (3) (88) (92) (18) (96 72) (48) (67) (93) (75) (56) (54) (12) (33) (99 21) (79) (89) (74) (31) (34) (85) 
84 (65) (87) (59) (88) (14 98) (29 80) (13) (32) (71) (62) (2) (10) (73) (75) (35) (17) (9) (34) (36) (43) (4) (58) (49) (93) (7) (37) (45) (23) (85) (15) (99) (57) (83) (72) (86) (82) (69) (52) (54) (74) (5) (20) (19) (55) (25) (56) (46) (11) (94) (76 16) (60) (81) (40) (53) (97) (47) (33) (91) (51) (68) (31) (24) (70) (95) (38 78) (89) (6) (21) (64) (28) (12) (3) (27 22) (26) 
85 (42) (52) (10) (61 74) (27 77) (39) (19 99) (49) (33) (59) (23) (13) (58) (16) (51) (32) (96) (45) (87) (36) (46) (30) (47) (26) (3) (100 25) (18) (65) (83) (4) (97) (48) (80) (71) (55) (82) (88) (53) (50) (15) (5) (43) (35 57) (68) (54) (9) (70) (95) (86) (66) (37) (84) (92) (12) (20) (79) (60) (62) (6) (24) (90) (44) 
86 (67) (7) (23) (32) (34) (44) (18) (13) (47) (88) (57) (82) (50) (30) (6) (71) (68) (40) (45) (81) (35) (89) (27) (95) (53) (31) (79) (78) (98) (22) (63 38) (1) (80 28) (73) (37) (60 25) (15) (4) (94 96) (93) (54) (69) (36 75) (92) (2) (74) (3 70) (12) (58) (59 55 16) (9) (48) (39) (56 43) (29) (46) (84 64) (10) (49) (8) (85) (62) (26) (20) 
87 (44) (53) (78) (9) (81 60) (82) (5) (91) (59) (68) (58) (22) (16) (48) (89) (92 57) (39 55) (38) (80) (24) (88) (12) (64) (66) (17 97) (71 6 26) (2) (49) (95 52) (42) (27 77) (14) (72 75) (18) (7 67) (100) (29 69) (31) (47) (96) (28) (41) (4) (11) (19) (87) (37) (79) (8) (73) (15) (32) (35) (85 90) (25) (33) 
88 (24) (31) (39) (61 43) (76) (26) (83) (54) (36) (72) (38) (73) (71) (7) (13) (100) (78) (47) (59) (65) (99) (40) (92) (79) (27) (28) (45) (88) (66) (89) (55 80 98) (84) (19) (15) (21) (49) (62) (20) (77 25) (57) (96 67) (1) (58) (53) (68) (32) (74) (4 30 51) (35) (63) (87) (41) (34) (82 37) (18) (81) (17) (52) (93) (8) (70) (3) (50) (56 22) (2) 
89 (55) (7) (84) (91) (99) (41) (32) (29) (37) (38 28) (48 3) (30) (4) (5) (59) (24 10) (62) (17) (67 71) (78) (81) (92) (86) (14) (87) (98) (61) (26) (36) (83) (54) (2) (21) (31) (68) (15) (45) (72) (77) (100) (27) (89) (75) (82) (12) (96) (40) (33) (22) (66) (88 50) (53) (20) (79) (65) (90) (44) (46) 
90 (93) (66) (11) (30) (10) (1) (99) (57) (27) (49) (65 90) (75) (9) (13) (74) (97) (59) (68) (45) (92) (15) (84) (51) (24) (34 46) (41) (47) (5) (100) (83) (95) (82) (63) (2) (87) (54 52) (61) (48) (80) (33) (86) (94) (39) (28) (16) (44) (22) (29) (4) (42) (36) (14) (72) (17) (20) (78) (40) (25 70) (43) (91 58) (50) (18) (38) (81) (6) (62) (21) 
91 (65) (8) (27) (80) (100) (22) (62 59) (68 39) (69) (46) (71 51) (81) (50) (3) (78) (60) (31) (2) (66) (89 84) (36) (44) (12) (53) (82) (16) (54 96) (23) (63) (17) (30) (41) (34) (47) (88) (75) (76) (74) (20) (14) (24) (15) (13) (87) (26) (42) (45) (91) (29) (18) (98) (94) (72 33) (93) (48 38) (25) (77) (35) (9) (58) (85) (37) (32) 
92 (19) (43) (14) (80) (91) (97) (64) (10) (29) (6) (87) (12) (68) (32 45) (96) (41) (53) (17) (50) (44) (37) (13) (85) (70) (11) (23) (98) (39) (3) (65) (55) (24) (22) (73) (78) (21) (92) (100) (66) (18) (5) (9) (67) (36 84) (79) (38) (1) (93) (40 35) (54) (72) (86) (52) (26) (7) (27) (15) (4) (48) (88) (75) (34) (60) (31) (56) (94) (62 99) (69) (8) (49) (47) (90) 
93 (58) (63) (82) (31) (41) (79) (19) (60) (92) (96) (46 3) (55) (2) (87) (20) (56) (89 61) (27) (1 66) (91) (72 67) (39) (21) (42) (77) (98) (40) (34) (94) (10) (5 36) (11) (32) (23) (80) (15) (4 68) (70) (90) (9) (49) (48) (85 93) (13) (8) (53 24) (29) (69) (97 47) (14) (62) (44) (16) (74) (86) (57) (22) (12) (88) (75) (95) (30) (76) 
94 (85) (37) (12 73 49) (87) (33) (65) (20) (100) (22) (75 52) (94) (51) (40) (23) (16 31) (17) (82) (36) (62) (58) (21 27) (41) (67) (71 35) (2) (24) (80) (88) (81) (96) (6) (74) (19) (32) (97) (47) (4) (66) (5) (86) (43) (29) (91) (3) (25) (34) (28) (70) (30) (77) (7) (57) (63) (55) (11) (44) (95) (42) (46 61) (45) (84) (15 68) (13) 
95 (91) (63) (85) (80) (89) (35) (7) (93) (3) (6) (9 64) (20) (56) (76) (92) (88) (43) (42) (58) (52) (69) (100) (11) (94) (17) (96) (66) (44) (59) (68) (46) (33) (86) (74) (90) (34 14) (41) (26) (47) (29) (55) (32) (60) (31) (13) (21) (77) (2 12) (75) (4) (8) (5) (10) (62) (19) (40) (24) (36) (18) (45) (38) (22) (1) (28) (37) (72) 
96 (45) (25) (14) (8) (80) (67) (24) (63) (9) (69 33) (97) (84) (73) (19 62 6 18) (37) (72) (12) (70) (56) (87) (51) (60) (23) (21) (65 95) (66) (52) (100) (17) (89) (94) (3) (88) (53) (50) (34) (77) (47) (54) (49 39) (22) (90) (48) (85) (75 91) (13 76 98) (32) (4) (57) (82 2) (58) (64) (10) (68) (44) (35) (42) 
97 (5) (35) (9) (91) (68) (50) (32) (12) (89) (73) (78) (53) (100) (17) (55) (86) (94) (51) (15) (41) (4) (6) (52) (1) (2) (85) (25) (96) (13 98 10) (59) (84) (48) (14 81) (90) (71) (76) (43) (38) (99) (66) (7) (26) (36) (21) (56) (60) (75) (11) (49) (88 69) (80) (27) (37) (18) (61) (34) (65) (97) (8) (45) (64 54) 
98 (51) (79) (87) (71) (26) (5) (3) (76) (43 66) (30) (86) (40) (36) (56) (93) (83) (16) (11) (98) (38) (29) (97) (49) (99) (34) (45) (13) (61) (78) (1 33) (64) (85 18) (57) (15) (52) (9) (100 14) (81) (91) (48) (84) (54) (89) (63) (67) (75) (12) (35 22) (55) (39) (41) (77) (96) (27) (68) (21) (20) (2) (23) (31) (82) (95) (37) (47 8) (4) 
99 (47) (22) (61) (48) (58) (93) (81) (25) (71) (19 3) (66) (68) (33) (77) (6) (37) (70) (45) (89) (50) (13) (94) (85 90 67) (36) (76) (44) (54) (24 21) (92) (75) (40) (4) (9) (7) (69) (86) (63) (98) (10) (84) (31 38) (91) (32 60) (11) (28) (52 62) (39) (8) (43) (18) (57) (16) (12) (1) (5) (26) (100 27) (87) 
100 (87) (89) (54) (37) (52) (25) (98) (6) (92) (58) (31) (84) (7) (64) (32) (80) (21) (15) (60) (86) (68) (82) (53 8 47) (59) (41) (66) (76) (88) (95) (50) (12) (28) (42) (100) (34) (35 40) (19) (83) (45) (11) (73 26) (20) (24) (44) (90) (72) (61) (57) (17) (63) (18) (93) (78 49) (10 13) (70 91) (30) (67) (16) (69) (14 4) (22) (96) (71) (43) (3) (39) 
1 (99) (36) (31) (62) (70) (28) (95) (19) (37) (12) (63) (42) (60) (51) (23) (80) (21) (71) (10) (78) (86) (68) (35) (92) (11) (75) (15) (8) (26) (46) (65) (32) (72) (82) (45) (27) (25) (90) (56) (3) (64) (48) (97) (29) (81) (88) (6) (54) (4) (34) (58) (50) (76) (41) (57) (1) (40) (52) (73) (98) (93) (55) (33) (49) (14) (67) (9) 
2 (77) (3) (49) (78) (36) (1) (83) (29) (38) (93) (68) (12) (50) (43) (19) (69) (95) (10) (22) (63) (62) (34) (81) (21) (46) (65) (66) (64) (61) (54) (20) (94) (9) (30) (14) (23) (80) (89) (26) (33) (90) (5) (51) (82) (87) (31) (17) (47) (73) (86) (58) (39) (97) (76) (75) (91) (98) (84) (52) (16) (88) (96) (6) (74) (18) (4) (7) 
3 (66) (68) (55) (39) (16) (29) (51) (48) (6) (17) (57) (47) (5) (52) (49) (62) (33) (20) (77) (83) (74) (35) (95) (81) (59) (12) (63) (25) (98) (82) (65) (91) (78) (94) (100) (69) (27) (88) (86) (18) (73) (13) (79) (60) (76) (96) (3) (14) (28) (93) (75) (2) (61) (22) (31) (32) (53) (7) (19) (11) (84) (37) (92) (80) (44) (9) (1) (71) (85) (21) (89) (34) (42) (99) 
4 (60) (9) (84) (69) (65) (30) (78) (16) (97) (95) (71) (70) (36) (83) (54) (88) (56) (47) (13) (6) (48) (67) (98) (90) (85) (66) (31) (94) (51) (49) (18) (75) (2) (12) (68) (87) (73) (74) (46) (86) (28) (82) (99) (81) (58) (4) (27) (24) (63) (14) (59) (43) (77) (37) (23) (19) (20) (15) (26) (42) (29) (44) (40) (92) (64) (39) (7) (33) (96) (100) (93) (3) (89) (32) 
5 (75) (87) (93) (11) (51) (71) (73) (99) (8) (69) (45) (9) (72) (43) (65) (47) (6) (18) (74) (36) (33) (26) (12) (58) (28) (84) (98) (52) (66) (3) (62) (4) (90) (14) (13) (67) (85) (2) (21) (76) (61) (59) (54) (16) (22) (55) (32) (89) (77) (17) (41) (80) (94) (95) (10) (97) (70) (29) (82) (15) (23) (78) (27) (39) (1) (92) (34) (42) (38) (57) (7) (50) (31) 
6 (61) (8) (11) (85) (58) (20) (95) (80) (86) (70) (42) (7) (48) (29) (78) (83) (97) (52) (69) (25) (34) (23) (53) (32) (19) (6) (37) (50) (10) (28) (99) (87) (73) (72) (1) (2) (3) (12) (71) (62) (55) (96) (40) (74) (75) (22) (94) (24) (14) (67) (64) (17) (84) (79) (9) (59) (100) (92) (49) (33) (56) (21) (39) (47) (90) (65) (4) (31) (18) (66) (30) (27) (43) (82) (26) 
7 (86) (30) (34) (46) (13) (54) (94) (12) (16) (60) (58) (26) (64) (29) (17) (22) (40) (32) (24) (84) (75) (48) (59) (35) (56) (14) (9) (55) (45) (99) (68) (95) (100) (37) (39) (7) (92) (15) (89) (66) (53) (67) (70) (81) (78) (74) (18) (71) (87) (50) (27) (77) (51) (80) (65) (23) (21) (20) (38) (88) (4) (42) (97) (79) (1) (61) (6) 
8 (5) (87) (17) (67) (76) (58) (51) (88) (14) (62) (33) (19) (60) (82) (16) (8) (45) (30) (12) (59) (41) (64) (48) (78) (2) (4) (50) (18) (71) (42) (29) (56) (97) (9) (83) (47) (93) (36) (80) (49) (35) (46) (22) (1) (99) (57) (3) (81) (20) (39) (54) (24) (92) (86) (75) (13) (44) (69) (91) (27) (98) (26) (68) (53) (6) (95) (66) (100) (25) (74) (55) (61) (31) (7) (72) (10) (21) (96) (15) (77) 
9 (34) (41) (77) (80) (36) (86) (20) (92) (38) (75) (73) (14) (51) (64) (11) (10) (84) (91) (35) (52) (22) (45) (96) (63) (69) (37) (58) (97) (30) (29) (57) (19) (68) (85) (78) (95) (25) (9) (83) (3) (61) (50) (98) (87) (99) (48) (42) (65) (71) (13) (59) (44) (79) (74) (82) (93) (62) (23) (6) (81) (43) (90) (27) (33) (21) (53) (47) (2) (67) (32) (66) (16) 
10 (73) (90) (92) (69) (66) (22) (35) (4) (86) (42) (54) (27) (59) (77) (70) (80) (89) (72) (71) (37) (3) (85) (40) (24) (56) (68) (79) (64) (43) (74) (93) (51) (2) (99) (38) (96) (18) (44) (45) (13) (67) (100) (75) (76) (47) (29) (84) (11) (1) (81) (82) (95) (16) (30) (31) (65) (14) (34) (21) (23) (28) (52) (32) (7) (97) (19) (61) (5) (8) (53) (12) (50) 
11 (87) (4) (76) (97) (32) (45) (24) (94) (77) (84) (33) (92) (26) (38) (1) (95) (44) (14) (100) (6) (23) (40) (90) (70) (34) (99) (19) (12) (29) (80) (72) (79) (5) (98) (81) (64) (60) (55) (61) (31) (11) (54) (83) (93) (53) (56) (21) (25) (59) (51) (13) (36) (73) (3) (50) (35) (43) (9) (39) 
12 (93) (43) (92) (62) (44) (59) (72) (4) (64) (80) (7) (34) (89) (36) (35) (81) (84) (9) (27) (49) (50) (94) (53) (47) (77) (23) (12) (87) (37) (74) (100) (38) (86) (19) (13) (63) (40) (41) (8) (97) (29) (18) (30) (85) (95) (96) (42) (26) (78) (39) (83) (58) (91) (33) (21) (14) (99) (28) (54) (46) (32) (75) (24) (2) (76) (98) (70) (69) (20) (79) (5) (73) (3) (25) 
13 (96) (78) (88) (75) (47) (65) (94) (93) (63) (95) (57) (50) (35) (5) (76) (12) (10) (20) (45) (68) (27) (92) (86) (23) (21) (4) (42) (85) (18) (22) (40) (72) (19) (61) (84) (97) (1) (66) (43) (82) (48) (100) (25) (44) (79) (49) (99) (2) (52) (64) (90) (41) (24) (6) (7) (30) (56) (9) (80) (14) (69) (98) (60) (55) (59) (91) (37) (53) 
14 (65) (37) (54) (12) (49) (38) (11) (7) (32) (59) (25) (81) (64) (39) (67) (98) (55) (50) (35) (29) (91) (45) (20) (43) (24) (9) (53) (95) (60) (18) (40) (83) (6) (4) (80) (84) (69) (68) (5) (19) (71) (21) (13) (87) (73) (97) (100) (96) (2) (46) (23) (93) (51) (89) (57) (63) (42) (77) (74) (33) (70) (48) (72) (82) (79) (92) (47) (10) (90) (36) (58) 
15 (54) (14) (86) (5) (67) (64) (74) (89) (16) (2) (82) (45) (61) (85) (13) (29) (65) (88) (36) (100) (60) (28) (73) (84) (79) (43) (32) (48) (56) (34) (27) (4) (20) (23) (41) (94) (69) (80) (81) (55) (15) (72) (22) (9) (93) (71) (97) (12) (33) (53) (52) (51) (21) (83) (31) (25) (24) (46) (76) (57) (3) (44) (75) (87) (90) (42) (66) (18) (78) (11) (98) (91) (92) (6) (58) 
16 (33) (87) (80) (49) (85) (93) (52) (65) (15) (28) (12) (42) (91) (56) (58) (18) (73) (9) (2) (43) (35) (82) (84) (41) (19) (17) (77) (70) (13) (47) (94) (1) (34) (53) (36) (39) (75) (26) (98) (10) (22) (100) (90) (69) (48) (3) (44) (55) (62) (74) (29) (25) (71) (5) (38) (8) (40) (99) (57) (23) (21) (32) (31) (51) (7) (86) (45) (20) (76) 
17 (3) (29) (30) (63) (96) (33) (8) (79) (89) (80) (44) (5) (27) (54) (36) (19) (9) (37) (1) (49) (18) (31) (95) (69) (45) (21) (48) (64) (77) (82) (91) (47) (15) (68) (38) (87) (16) (76) (84) (100) (83) (13) (70) (53) (94) (73) (97) (65) (22) (92) (55) (62) (11) (6) (50) (17) (90) (61) (39) (88) 
18 (98) (58) (14) (100) (60) (22) (74) (63) (34) (6) (88) (46) (38) (16) (78) (54) (87) (29) (86) (40) (37) (50) (39) (20) (75) (28) (11) (95) (30) (9) (4) (92) (33) (43) (3) (52) (15) (32) (1) (47) (65) (97) (55) (10) (99) (17) (81) (83) (21) (76) (82) (7) (69) (90) (68) (91) (79) (24) (66) (96) (85) (48) (51) (23) (8) (13) (57) (36) (12) (73) 
19 (60) (94) (88) (4) (6) (36) (35) (73) (52) (25) (61) (84) (54) (44) (40) (20) (14) (19) (38) (68) (11) (29) (64) (37) (57) (9) (78) (10) (66) (55) (16) (81) (34) (42) (99) (32) (48) (75) (69) (22) (45) (79) (76) (46) (59) (96) (67) (65) (51) (74) (63) (70) (93) (85) (2) (39) (15) (92) (87) (21) (24) (100) (1) (95) (26) 
20 (62) (5) (83) (46) (52) (37) (11) (20) (43) (40) (65) (79) (59) (76) (49) (6) (82) (58) (4) (17) (81) (8) (44) (98) (14) (57) (61) (27) (93) (56) (16) (26) (13) (28) (55) (74) (24) (70) (25) (10) (66) (39) (64) (84) (90) (53) (42) (18) (21) (91) (45) (36) (35) (63) (89) (51) (80) (31) (7) (86) (67) (77) (2) (60) (88) (19) (73) (23) (15) (54) (95) (78) (85) (34) (41) (50) (94) (48) (3) (100) 
21 (28) (41) (54) (6) (30) (31) (62) (33) (81) (72) (100) (95) (99) (39) (77) (27) (70) (15) (49) (8) (32) (56) (43) (64) (48) (16) (90) (53) (13) (63) (52) (26) (69) (37) (3) (89) (60) (9) (94) (96) (10) (5) (93) (79) (59) (1) (11) (80) (21) (34) (7) (97) (23) (61) (50) (20) (24) (74) (2) (83) (46) (88) (92) (22) (29) (78) (35) (68) (40) (84) (58) (98) (82) (76) (47) (42) 
22 (90) (30) (53) (44) (8) (58) (93) (100) (57) (47) (61) (77) (19) (13) (59) (92) (95) (73) (43) (15) (71) (60) (48) (34) (18) (99) (46) (96) (62) (69) (42) (5) (91) (9) (38) (17) (78) (75) (40) (31) (84) (25) (80) (22) (52) (49) (79) (4) (54) (68) (70) (98) (74) (10) (55) (6) (29) (88) (87) (1) (89) (7) (11) (94) (86) (81) (24) (39) (63) (41) (65) 
23 (68) (65) (8) (10) (22) (15) (71) (28) (13) (48) (37) (41) (53) (66) (14) (17) (94) (46) (47) (84) (26) (7) (75) (72) (24) (57) (31) (73) (34) (44) (1) (76) (55) (4) (20) (38) (23) (39) (29) (2) (45) (3) (85) (54) (91) (6) (21) (80) (77) (81) (16) (33) (30) (70) (60) (27) (43) (67) (40) (25) (92) (35) (83) (98) (9) (69) (86) (62) (93) (96) (63) 
24 (81) (47) (36) (20) (16) (59) (34) (92) (93) (2) (23) (18) (67) (85) (39) (28) (32) (95) (44) (1) (11) (55) (88) (19) (75) (52) (9) (3) (37) (65) (41) (89) (60) (69) (58) (96) (29) (63) (71) (27) (80) (15) (83) (100) (45) (72) (43) (53) (68) (70) (33) (66) (49) (61) (22) (77) (62) (84) (94) (26) (91) (87) (17) (8) (90) (4) (99) (42) (21) (7) (5) (35) (78) (51) 
25 (36) (99) (75) (86) (69) (82) (96) (81) (83) (87) (88) (15) (56) (91) (13) (52) (40) (90) (42) (25) (59) (32) (38) (64) (12) (30) (17) (49) (33) (100) (24) (39) (4) (55) (78) (53) (76) (94) (70) (10) (11) (46) (80) (50) (77) (31) (20) (9) (54) (61) (23) (26) (27) (51) (18) (7) (22) (85) (63) (47) (34) (72) (84) (5) (97) (21) (57) (74) 
26 (62) (92) (11) (19) (84) (87) (98) (4) (9) (56) (82) (21) (17) (69) (23) (49) (67) (85) (33) (70) (75) (10) (73) (16) (22) (77) (42) (72) (50) (1) (60) (89) (8) (76) (43) (66) (74) (99) (34) (29) (88) (25) (2) (68) (39) (55) (37) (12) (86) (95) (38) (58) (100) (97) (36) (18) (30) (24) (91) (54) (53) 
27 (73) (68) (66) (64) (57) (13) (88) (79) (92) (47) (90) (27) (42) (78) (67) (26) (20) (37) (93) (34) (85) (83) (46) (15) (84) (91) (89) (63) (8) (6) (2) (71) (94) (86) (98) (80) (28) (21) (69) (1) (31) (58) (97) (30) (76) (36) (52) (61) (9) (74) (72) (32) (25) (75) (14) (77) (44) (22) (11) (62) (40) (99) (87) (7) (17) (81) (12) (39) (56) (50) 
28 (23) (54) (99) (1) (6) (15) (84) (21) (27) (72) (35) (64) (28) (13) (5) (38) (30) (11) (31) (9) (53) (94) (40) (70) (62) (52) (33) (68) (48) (77) (41) (83) (46) (100) (49) (79) (43) (56) (25) (88) (17) (87) (8) (67) (61) (89) (73) (36) (16) (95) (42) (18) (57) (78) (90) (86) (59) (24) (60) (50) (63) (82) (29) (69) (81) (74) 
29 (93) (52) (17) (63) (1) (53) (59) (91) (48) (18) (13) (37) (68) (47) (32) (76) (95) (71) (26) (90) (54) (86) (36) (89) (80) (22) (12) (23) (79) (31) (46) (39) (20) (81) (10) (87) (61) (30) (45) (15) (84) (62) (92) (49) (78) (34) (56) (98) (3) (35) (66) (73) (11) (77) (19) (4) (75) (27) (14) (94) (55) (21) (83) (69) (74) (60) (38) (57) (42) (28) (82) 
30 (66) (18) (26) (45) (10) (46) (89) (77) (21) (60) (75) (61) (54) (14) (100) (90) (65) (22) (76) (28) (37) (1) (16) (98) (33) (74) (93) (13) (19) (64) (94) (20) (8) (17) (44) (42) (52) (83) (34) (32) (81) (55) (73) (91) (6) (86) (38) (59) (23) (88) (27) (58) (4) (56) (41) (85) (49) (43) (57) (5) (79) (62) (9) (63) (53) (7) (47) (3) 
31 (56) (100) (44) (18) (50) (12) (70) (66) (6) (40) (41) (98) (64) (86) (9) (46) (95) (29) (4) (68) (37) (67) (54) (13) (94) (11) (48) (79) (55) (31) (3) (80) (17) (19) (62) (33) (91) (49) (69) (84) (92) (47) (93) (83) (30) (60) (22) (57) (81) (88) (26) (65) (32) (89) (87) (72) (25) (7) (99) (34) (39) (38) (5) (71) (45) (28) (27) (52) (75) (82) (61) (76) (58) 
32 (38) (50) (85) (29) (83) (33) (13) (87) (34) (92) (14) (56) (71) (12) (77) (57) (74) (70) (42) (93) (97) (66) (78) (40) (17) (23) (76) (81) (26) (16) (5) (28) (6) (88) (27) (68) (52) (55) (21) (2) (79) (61) (54) (64) (11) (89) (24) (30) (94) (41) (9) (32) (44) (91) (82) (95) (99) (39) (65) (4) (36) (100) (45) (96) (80) (59) (69) (15) (7) (84) (67) (86) 
33 (46) (29) (89) (28) (58) (14) (19) (11) (32) (42) (44) (65) (82) (12) (99) (60) (49) (68) (90) (67) (35) (26) (74) (76) (50) (43) (52) (61) (15) (33) (31) (23) (91) (34) (57) (69) (83) (6) (41) (22) (45) (39) (87) (2) (36) (51) (95) (27) (96) (81) (55) (17) (84) (53) (40) (80) (21) (79) (54) (98) (78) (85) (94) (5) (24) (47) (62) (9) (4) (73) (75) (30) (66) (8) (72) (10) (59) 
34 (80) (21) (82) (42) (65) (14) (56) (1) (70) (91) (98) (40) (35) (97) (86) (16) (19) (37) (92) (88) (15) (47) (79) (12) (48) (84) (76) (53) (69) (32) (25) (95) (33) (73) (43) (10) (59) (38) (57) (74) (100) (58) (93) (36) (2) (4) (78) (60) (30) (71) (90) (96) (81) (39) (11) (3) (75) (9) (83) (13) (63) (41) (5) (77) (50) (94) (49) (27) (34) (22) 
35 (98) (61) (96) (37) (73) (12) (83) (70) (42) (9) (97) (18) (7) (44) (64) (2) (53) (55) (16) (86) (36) (88) (19) (77) (35) (87) (29) (3) (59) (100) (1) (45) (54) (75) (85) (39) (79) (11) (52) (65) (32) (95) (82) (67) (94) (57) (49) (69) (23) (43) (76) (17) (26) (33) (4) (84) (40) (80) (8) (92) (27) (48) (91) (46) (81) (30) (58) (28) (78) (14) 
36 (16) (60) (54) (35) (89) (28) (30) (50) (44) (99) (53) (70) (8) (27) (25) (66) (95) (63) (7) (42) (76) (47) (49) (85) (77) (24) (86) (20) (64) (19) (45) (81) (90) (51) (13) (79) (74) (61) (91) (56) (78) (72) (62) (34) (67) (58) (39) (57) (9) (21) (68) (88) (55) (31) (6) (23) (84) (71) (12) (92) (97) (98) (41) (65) (2) (94) (75) (80) (93) (26) 
37 (4) (61) (53) (15) (66) (41) (3) (46) (24) (32) (71) (96) (12) (69) (33) (27) (25) (63) (17) (54) (68) (26) (86) (70) (5) (75) (99) (85) (40) (88) (49) (9) (92) (39) (94) (95) (78) (30) (55) (23) (8) (60) (50) (21) (48) (64) (1) (14) (44) (81) (52) (10) (100) (29) (98) (43) (82) (65) (89) (7) (47) (51) (22) (38) (87) (97) (13) (83) (84) (16) (91) (37) (31) 
38 (84) (49) (27) (15) (23) (82) (90) (6) (26) (91) (34) (16) (95) (14) (99) (60) (30) (9) (59) (98) (55) (17) (97) (22) (8) (81) (39) (38) (62) (11) (31) (58) (20) (44) (29) (73) (76) (86) (37) (24) (3) (51) (19) (13) (48) (67) (57) (2) (4) (68) (1) (36) (54) (56) (61) (74) (63) (78) (53) (92) (40) (25) (72) (47) (46) (52) (88) (28) (10) (7) (89) (69) (12) (65) (87) 
39 (88) (9) (71) (63) (25) (24) (91) (36) (12) (61) (77) (26) (98) (83) (76) (74) (51) (85) (53) (41) (44) (78) (17) (16) (56) (73) (32) (93) (64) (62) (19) (92) (49) (22) (45) (82) (46) (34) (18) (30) (27) (69) (11) (87) (33) (100) (35) (3) (67) (80) (70) (48) (40) (5) (68) (2) (7) (96) (90) (86) (1) (8) (20) (65) (52) (43) (14) (99) (29) 
40 (81) (44) (55) (11) (15) (76) (74) (45) (46) (89) (26) (20) (69) (51) (50) (32) (63) (86) (47) (48) (21) (56) (23) (43) (66) (35) (93) (58) (31) (53) (59) (79) (10) (12) (22) (71) (94) (40) (9) (42) (73) (90) (18) (62) (57) (6) (99) (78) (37) (54) (98) (83) (24) (100) (16) (95) (17) (1) (92) (36) (70) (7) (64) (72) (28) (88) (41) (2) (84) (61) (27) (39) (33) 
41 (10) (54) (22) (43) (73) (92) (31) (7) (48) (95) (81) (13) (83) (68) (26) (21) (1) (20) (12) (38) (3) (77) (11) (65) (80) (57) (90) (47) (39) (98) (72) (88) (32) (29) (100) (14) (40) (64) (23) (55) (94) (33) (37) (5) (2) (60) (63) (87) (97) (93) (74) (75) (67) (18) (9) (17) (24) (30) (53) (58) (19) (78) (91) (15) (89) (66) 
42 (22) (13) (7) (54) (94) (100) (25) (4) (17) (26) (66) (50) (43) (28) (1) (24) (72) (67) (21) (93) (48) (62) (15) (80) (90) (36) (65) (9) (18) (40) (56) (35) (34) (96) (95) (83) (37) (60) (58) (78) (79) (33) (31) (77) (5) (30) (47) (68) (87) (76) (52) (73) (53) (8) (39) (41) (49) (70) (27) (11) (85) (91) 
43 (51) (8) (22) (72) (24) (32) (80) (63) (85) (73) (38) (70) (40) (31) (14) (86) (50) (43) (75) (29) (35) (18) (56) (4) (49) (48) (84) (66) (74) (71) (60) (30) (25) (28) (23) (37) (39) (26) (62) (94) (9) (11) (95) (45) (59) (88) (27) (15) (90) (19) (65) (100) (42) (13) (12) (83) (98) (58) (76) (61) (55) (54) (57) (36) (44) (46) (64) (3) (2) (34) (97) (92) (99) (52) 
44 (49) (61) (7) (24) (78) (59) (18) (31) (56) (34) (82) (71) (95) (16) (8) (10) (14) (47) (77) (74) (44) (64) (6) (89) (79) (37) (69) (86) (38) (60) (40) (57) (41) (90) (68) (94) (20) (15) (4) (70) (100) (62) (11) (9) (81) (25) (12) (17) (99) (92) (36) (32) (1) (67) (80) (52) (50) (46) (93) (5) (85) (55) (73) (87) (3) (39) (26) (23) (91) (45) (2) (58) (96) (42) 
45 (40) (13) (95) (92) (64) (6) (90) (88) (29) (94) (57) (11) (33) (24) (20) (51) (56) (9) (35) (34) (68) (27) (62) (65) (98) (84) (78) (60) (32) (12) (23) (18) (86) (72) (79) (14) (49) (38) (99) (15) (37) (100) (80) (52) (97) (91) (22) (54) (41) (25) (59) (21) (3) (17) (42) (61) (50) (85) (16) (89) (2) (96) (44) (55) (7) (67) (47) (26) 
46 (35) (4) (1) (16) (41) (34) (68) (9) (22) (61) (95) (51) (43) (63) (80) (26) (45) (30) (71) (91) (49) (31) (65) (48) (47) (59) (89) (42) (29) (15) (38) (60) (11) (21) (52) (46) (6) (44) (83) (23) (24) (36) (50) (81) (76) (33) (64) (32) (18) (17) (90) (8) (93) (57) (86) (85) (58) (84) (94) (72) 
47 (46) (85) (65) (8) (20) (61) (86) (17) (4) (24) (29) (39) (88) (95) (26) (73) (68) (84) (43) (42) (2) (59) (14) (22) (87) (23) (53) (21) (83) (6) (40) (57) (10) (27) (100) (44) (93) (70) (69) (1) (16) (90) (98) (11) (5) (51) (9) (92) (18) (56) (80) (33) (49) (81) (76) (91) (96) (7) (58) (30) (50) (74) (34) (75) (94) (99) (77) (12) (31) (55) (62) (35) (38) 
48 (62) (97) (9) (99) (33) (16) (60) (92) (87) (8) (72) (85) (78) (38) (37) (52) (55) (34) (4) (98) (57) (35) (56) (73) (20) (3) (5) (18) (7) (70) (27) (93) (64) (54) (13) (24) (36) (89) (86) (67) (96) (49) (83) (10) (6) (68) (91) (75) (48) (42) (80) (41) (26) (65) (51) (58) (1) (74) (23) (79) (63) (50) (59) (90) (12) 
49 (39) (38) (88) (69) (7) (20) (40) (3) (92) (36) (63) (12) (17) (67) (13) (78) (34) (70) (16) (47) (23) (100) (42) (72) (58) (44) (96) (65) (27) (1) (81) (4) (73) (15) (26) (9) (49) (22) (60) (79) (62) (76) (86) (90) (83) (98) (68) (19) (93) (77) (82) (5) (71) (43) (97) (24) (18) (45) (28) (31) (51) (85) (41) (33) (54) (10) (29) (87) (14) (21) (56) (66) (64) (8) (48) (61) (84) (59) (53) (94) 
50 (43) (58) (11) (92) (81) (85) (53) (36) (90) (59) (26) (18) (46) (69) (77) (45) (100) (2) (9) (32) (25) (41) (64) (30) (72) (65) (97) (80) (8) (79) (38) (35) (34) (13) (1) (67) (10) (75) (44) (24) (27) (17) (37) (61) (56) (96) (74) (48) (39) (91) (88) (20) (15) (86) (82) (62) (78) (4) (42) (12) (6) (76) (21) (89) (99) (22) (16) (68) (23) (66) 
51 (48) (24) (30) (88) (8) (94) (14) (50) (76) (15) (38) (81) (2) (22) (39) (84) (52) (36) (53) (91) (97) (1) (40) (17) (9) (11) (18) (45) (25) (57) (37) (65) (55) (64) (63) (33) (70) (85) (72) (62) (60) (6) (27) (80) (51) (23) (13) (29) (4) (71) (16) (66) (47) (46) (90) (58) (20) (82) (7) (43) (98) (56) (19) (12) (96) (5) (31) (3) (34) (28) (42) (74) 
52 (50) (14) (96) (15) (76) (12) (8) (82) (83) (47) (45) (37) (1) (68) (18) (13) (95) (61) (94) (56) (19) (43) (21) (38) (7) (48) (80) (88) (24) (2) (33) (30) (46) (27) (20) (10) (63) (98) (85) (49) (28) (25) (77) (90) (22) (11) (87) (65) (36) (97) (64) (99) (74) (84) (59) (100) (60) (31) (39) (52) (35) (70) (92) (75) (44) (71) (40) (3) (41) (79) (55) (5) (26) (78) 
53 (42) (31) (10) (92) (63) (75) (33) (3) (46) (67) (30) (41) (83) (78) (34) (6) (23) (77) (68) (35) (61) (17) (38) (64) (52) (71) (40) (11) (45) (48) (15) (82) (28) (14) (76) (18) (93) (56) (69) (58) (88) (70) (85) (39) (96) (80) (19) (72) (24) (9) (87) (73) (12) (36) (84) (81) (54) (21) (27) (55) (47) (97) (20) (4) (16) (44) (79) (89) (86) (1) (91) (100) 
54 (85) (69) (76) (14) (27) (43) (86) (2) (41) (31) (84) (1) (73) (50) (49) (24) (100) (77) (82) (91) (71) (23) (25) (52) (12) (38) (72) (33) (53) (21) (37) (19) (96) (83) (45) (57) (88) (89) (58) (97) (18) (98) (56) (5) (22) (36) (20) (10) (39) (48) (6) (90) (60) (63) (99) (61) (68) (35) (44) (78) (15) (3) (79) (11) (80) (8) (92) (7) (32) (4) (16) (67) (51) 
55 (92) (75) (37) (88) (30) (94) (3) (42) (40) (22) (95) (11) (4) (51) (23) (14) (93) (73) (31) (48) (98) (7) (83) (72) (24) (82) (85) (71) (28) (43) (20) (1) (12) (76) (79) (87) (36) (53) (55) (54) (5) (19) (50) (60) (15) (35) (86) (41) (47) (2) (17) (89) (56) (63) (78) (81) (77) (61) (8) (25) (6) (97) (84) (18) (27) (38) 
56 (26) (96) (6) (36) (12) (60) (8) (70) (83) (50) (24) (79) (84) (9) (56) (76) (37) (52) (31) (17) (4) (27) (82) (33) (40) (53) (41) (35) (98) (1) (42) (34) (45) (10) (46) (43) (55) (3) (61) (77) (59) (21) (29) (15) (73) (30) (93) (38) (58) (22) (32) (75) (11) (44) (51) (62) (95) (65) (25) (23) (86) (64) (88) (54) (47) (49) (20) (97) (92) (19) (14) 
57 (42) (13) (9) (28) (46) (40) (96) (52) (47) (10) (11) (39) (55) (33) (82) (79) (38) (85) (45) (3) (14) (35) (48) (43) (93) (20) (68) (65) (44) (83) (78) (31) (80) (21) (81) (53) (99) (37) (63) (12) (36) (50) (24) (98) (5) (87) (16) (29) (30) (73) (56) (17) (34) (75) (18) (72) (71) (49) (25) (84) (100) (88) (26) (67) (66) (58) (86) (90) (94) 
58 (49) (20) (8) (46) (48) (88) (96) (50) (77) (19) (23) (64) (87) (24) (5) (12) (59) (40) (15) (81) (90) (32) (85) (29) (74) (35) (71) (38) (55) (41) (67) (36) (37) (21) (63) (76) (54) (70) (30) (99) (2) (34) (1) (84) (9) (86) (10) (83) (22) (93) (56) (52) (73) (94) (62) (66) (42) (28) (69) (13) (27) (100) (25) (82) (17) (79) (14) (91) (53) (18) (33) (6) (95) 
59 (9) (49) (30) (82) (27) (38) (64) (22) (59) (8) (73) (84) (80) (53) (43) (5) (24) (77) (51) (10) (37) (100) (32) (36) (3) (47) (39) (1) (81) (26) (41) (25) (56) (89) (40) (79) (69) (71) (12) (52) (21) (6) (87) (20) (95) (97) (17) (46) (42) (35) (54) (91) (78) (88) (18) (4) (90) (33) (70) (67) (85) (68) (72) (62) (86) (31) (55) (28) (57) 
60 (43) (16) (36) (91) (12) (42) (59) (53) (72) (60) (38) (69) (28) (84) (82) (33) (61) (99) (77) (87) (75) (55) (29) (58) (51) (34) (68) (15) (100) (23) (1) (4) (6) (86) (80) (81) (24) (30) (83) (76) (35) (18) (85) (92) (3) (31) (97) (93) (27) (41) (62) (73) (71) (64) (44) (32) (11) (57) (5) (95) (96) (26) (2) (78) (9) (67) (56) (21) (65) (50) 
61 (34) (85) (35) (2) (83) (88) (67) (50) (78) (70) (28) (20) (82) (9) (94) (8) (93) (76) (27) (99) (77) (25) (1) (43) (49) (22) (89) (79) (53) (100) (59) (19) (74) (68) (39) (60) (65) (23) (18) (40) (45) (21) (90) (51) (64) (73) (98) (41) (62) (97) (32) (44) (80) (10) (16) (31) (54) (61) (15) (52) (30) (37) (66) 
62 (20) (88) (56) (3) (86) (23) (32) (11) (31) (65) (30) (64) (70) (83) (85) (25) (10) (4) (63) (61) (12) (96) (74) (15) (80) (54) (55) (43) (9) (66) (47) (39) (72) (16) (69) (53) (41) (33) (44) (62) (14) (93) (19) (42) (2) (13) (90) (27) (59) (95) (75) (45) (37) (58) (22) (8) (99) (73) (29) (48) (50) (40) (76) (94) (49) (89) (51) (91) (77) (18) (21) (84) (92) 
63 (15) (38) (54) (64) (25) (49) (51) (44) (43) (1) (26) (2) (90) (14) (3) (76) (20) (17) (58) (19) (16) (5) (98) (62) (79) (53) (50) (55) (42) (31) (30) (99) (78) (81) (24) (39) (70) (35) (67) (82) (4) (96) (60) (7) (9) (94) (29) (36) (61) (69) (27) (73) (12) (8) (13) (66) (68) (37) (91) (80) (33) (93) (95) (100) (41) (40) (88) (86) (6) (48) (74) 
64 (49) (31) (75) (72) (63) (96) (41) (98) (1) (69) (51) (44) (32) (20) (36) (55) (73) (47) (57) (97) (4) (6) (58) (70) (76) (38) (86) (56) (24) (71) (100) (83) (92) (34) (43) (78) (59) (12) (74) (17) (7) (30) (53) (39) (87) (54) (66) (13) (77) (40) (81) (21) (46) (48) (84) (82) (8) (11) (10) (95) (45) (29) (27) (52) (22) (50) (68) 
65 (3) (53) (64) (28) (35) (71) (74) (11) (19) (91) (54) (22) (14) (59) (75) (38) (65) (12) (36) (62) (49) (88) (32) (72) (90) (56) (8) (43) (61) (83) (45) (10) (89) (84) (18) (94) (44) (81) (96) (60) (7) (13) (31) (92) (37) (48) (4) (9) (63) (57) (34) (85) (73) (97) (79) (51) (58) (50) (2) (46) (16) (39) 
66 (92) (96) (11) (6) (79) (53) (75) (24) (29) (16) (68) (20) (51) (33) (28) (32) (5) (56) (76) (39) (87) (80) (21) (1) (89) (22) (42) (91) (70) (17) (35) (82) (61) (41) (54) (63) (2) (12) (15) (98) (65) (94) (36) (25) (72) (34) (85) (99) (8) (45) (52) (49) (38) (7) (100) (97) (67) (93) (57) (14) (78) (62) (60) (50) (95) (31) (90) (69) (46) (19) (88) (83) (44) (73) (26) 
67 (58) (92) (73) (2) (98) (80) (88) (47) (48) (11) (94) (39) (86) (17) (31) (100) (68) (15) (10) (69) (46) (21) (33) (4) (6) (20) (16) (96) (66) (23) (56) (53) (57) (36) (29) (7) (37) (89) (78) (18) (76) (14) (30) (5) (32) (8) (65) (26) (74) (93) (43) (24) (83) (67) (64) (27) (1) (42) (71) (55) (41) (49) (61) (44) (87) (60) (40) (28) (54) (9) (99) (12) 
68 (99) (22) (92) (30) (43) (80) (15) (48) (64) (86) (72) (53) (29) (49) (100) (3) (23) (37) (91) (14) (5) (93) (28) (20) (90) (6) (19) (88) (52) (9) (24) (35) (44) (36) (63) (60) (39) (25) (83) (51) (94) (50) (98) (96) (74) (40) (11) (16) (87) (76) (4) (81) (13) (62) (21) (79) (84) (55) (95) (8) (58) (45) (65) (32) (10) (2) (61) (97) (34) (89) (17) (85) (7) 
69 (42) (5) (37) (68) (34) (63) (84) (32) (92) (13) (47) (12) (95) (74) (62) (70) (79) (21) (22) (4) (69) (67) (28) (55) (64) (35) (58) (16) (71) (17) (11) (25) (66) (19) (10) (75) (97) (7) (81) (49) (48) (100) (24) (65) (96) (39) (26) (93) (61) (36) (91) (76) (86) (80) (57) (52) (99) (51) (59) (73) (82) (33) (20) (30) (60) (14) (2) (87) (54) 
70 (83) (32) (76) (73) (94) (69) (19) (49) (82) (3) (11) (56) (84) (37) (85) (50) (99) (12) (57) (77) (30) (18) (33) (43) (93) (42) (54) (35) (59) (46) (6) (22) (15) (60) (9) (75) (36) (88) (100) (5) (41) (14) (27) (58) (71) (20) (26) (64) (90) (25) (86) (24) (51) (44) (52) (92) (13) (62) (80) (21) (96) (7) (16) (66) (74) (17) (28) (67) (55) 
71 (60) (48) (85) (75) (46) (84) (28) (41) (74) (83) (88) (29) (66) (53) (13) (2) (77) (43) (98) (62) (3) (63) (82) (9) (24) (89) (11) (4) (73) (49) (50) (23) (34) (87) (22) (94) (35) (32) (86) (39) (67) (68) (58) (71) (10) (15) (19) (31) (65) (17) (91) (7) (81) (80) (1) (37) (25) (44) (45) (99) (36) (38) (6) (8) (47) (100) (76) (18) (97) (20) 
72 (37) (87) (67) (62) (89) (59) (21) (92) (64) (19) (13) (25) (41) (12) (46) (17) (95) (4) (24) (9) (83) (57) (53) (81) (50) (28) (73) (84) (90) (77) (44) (8) (5) (23) (16) (79) (1) (10) (33) (70) (63) (29) (39) (93) (66) (18) (74) (68) (40) (35) (20) (72) (82) (91) (32) (47) (34) (26) (51) (42) (61) (7) (88) (38) (96) (22) (15) (100) (52) 
73 (37) (94) (74) (42) (78) (29) (9) (52) (61) (67) (6) (39) (18) (63) (97) (20) (26) (23) (55) (76) (46) (19) (45) (65) (38) (92) (40) (56) (49) (73) (22) (83) (79) (87) (58) (12) (8) (28) (44) (88) (15) (53) (43) (75) (21) (5) (17) (84) (41) (7) (16) (3) (57) (47) (25) (96) (77) (86) (60) (32) (69) (70) (10) (64) (100) (54) (66) (24) (50) (59) (82) (71) (31) 
74 (70) (36) (16) (61) (27) (76) (24) (23) (38) (75) (26) (13) (22) (1) (69) (39) (81) (83) (72) (51) (57) (85) (21) (45) (34) (65) (49) (33) (5) (82) (91) (80) (86) (48) (30) (84) (14) (93) (28) (40) (78) (94) (6) (35) (74) (12) (64) (59) (32) (77) (17) (10) (71) (88) (95) (90) (60) (79) (53) (31) (63) (73) (44) 
75 (61) (41) (58) (17) (98) (8) (83) (33) (81) (72) (37) (25) (76) (63) (51) (28) (9) (79) (45) (3) (77) (87) (5) (12) (60) (67) (42) (43) (93) (16) (70) (75) (95) (73) (53) (82) (22) (30) (74) (62) (29) (36) (34) (64) (46) (47) (52) (19) (86) (84) (89) (27) (96) (44) (38) (7) (55) (20) (80) (65) (11) (71) (35) (10) (50) (91) (78) (99) (26) (90) (92) (97) (24) (18) (6) (14) (94) 
76 (23) (45) (60) (21) (5) (82) (95) (40) (7) (63) (30) (99) (96) (31) (11) (1) (97) (46) (52) (38) (51) (47) (70) (67) (98) (2) (84) (20) (18) (14) (77) (39) (37) (78) (15) (34) (73) (19) (65) (100) (88) (80) (25) (68) (56) (16) (9) (42) (8) (49) (6) (59) (41) (44) (29) (72) (3) (64) (69) (13) (24) (91) (12) (55) (35) (28) (22) (93) 
77 (52) (21) (41) (59) (43) (56) (34) (30) (13) (44) (68) (79) (3) (75) (18) (65) (94) (88) (46) (12) (72) (49) (89) (58) (22) (85) (47) (82) (36) (28) (57) (33) (67) (39) (71) (38) (19) (63) (93) (61) (96) (9) (50) (99) (78) (7) (80) (48) (5) (16) (69) (35) (25) (81) (91) (87) (55) (15) (95) (64) (98) (70) (45) (14) (60) (83) 
78 (48) (19) (88) (67) (82) (40) (9) (79) (53) (59) (68) (7) (12) (21) (83) (58) (34) (10) (25) (2) (80) (84) (24) (78) (36) (22) (100) (63) (87) (16) (4) (28) (92) (51) (15) (89) (42) (65) (37) (8) (98) (31) (18) (52) (44) (91) (62) (64) (14) (76) (11) (54) (47) (29) (90) (69) (60) (30) (3) (66) (97) (49) (23) (17) (86) (5) (55) (26) (38) (46) (1) 
79 (26) (27) (38) (37) (50) (1) (55) (46) (64) (75) (43) (63) (45) (66) (8) (51) (12) (98) (44) (48) (19) (3) (70) (79) (41) (59) (58) (35) (33) (22) (93) (86) (36) (56) (83) (11) (65) (39) (73) (9) (88) (53) (34) (89) (21) (61) (14) (40) (62) (52) (87) (49) (23) (29) (78) (92) (32) (18) (85) (28) (57) (15) (47) (7) (81) (67) (30) (54) 
80 (39) (85) (59) (58) (1) (87) (33) (100) (16) (7) (35) (42) (43) (83) (22) (76) (13) (60) (78) (68) (49) (3) (11) (26) (88) (45) (53) (4) (84) (40) (70) (36) (93) (31) (20) (25) (77) (19) (50) (2) (96) (66) (54) (56) (63) (51) (64) (30) (82) (79) (80) (97) (9) (24) (61) (86) (75) (69) (90) (95) (81) (46) (71) (6) (12) (28) (94) (44) (14) (48) (67) (92) (27) (91) (34) 
81 (47) (99) (62) (15) (98) (76) (86) (40) (46) (87) (3) (81) (91) (70) (31) (56) (97) (79) (71) (84) (60) (14) (9) (51) (18) (80) (63) (24) (10) (52) (16) (48) (7) (74) (72) (66) (17) (33) (55) (88) (89) (53) (41) (59) (50) (37) (4) (19) (13) (61) (45) (64) (23) (94) (8) (90) (75) (5) (73) (54) (27) (82) (12) (83) (78) (20) (35) (44) (34) (49) (69) (39) (30) 
82 (96) (45) (75) (89) (23) (9) (84) (14) (1) (66) (79) (59) (19) (36) (49) (16) (43) (50) (90) (100) (76) (44) (31) (11) (8) (85) (98) (18) (42) (7) (56) (88) (64) (81) (32) (22) (10) (62) (2) (40) (80) (57) (63) (21) (47) (35) (94) (68) (65) (26) (41) (82) (78) (34) (28) (37) (33) (38) (91) (61) (51) (73) (87) (52) (93) (24) (86) 
83 (75) (46) (66) (70) (24) (36) (13) (43) (52) (28) (69) (74) (16) (65) (73) (33) (71) (81) (64) (100) (78) (84) (25) (32) (50) (56) (67) (40) (90) (61) (10) (35) (44) (15) (60) (5) (26) (53) (8) (20) (27) (88) (1) (85) (76) (89) (30) (2) (31) (42) (98) (47) (29) (80) (38) (21) (22) (19) (58) (57) (37) (49) (83) 
84 (53) (26) (32) (86) (82) (96) (2) (91) (78) (90) (77) (7) (60) (89) (23) (75) (36) (98) (66) (55) (42) (100) (40) (94) (51) (64) (44) (59) (1) (4) (39) (31) (81) (3) (25) (46) (74) (97) (20) (54) (58) (8) (79) (5) (70) (68) (19) (15) (88) (83) (6) (10) (17) (49) (57) (13) (99) (24) (16) (92) (11) (52) (73) (34) (30) (50) (41) (12) (38) (69) (37) (85) 
85 (87) (59) (26) (72) (34) (53) (37) (36) (5) (40) (84) (2) (46) (20) (38) (91) (94) (24) (92) (95) (21) (99) (15) (47) (49) (4) (74) (13) (52) (3) (27) (41) (61) (79) (56) (9) (43) (14) (97) (45) (28) (78) (93) (86) (31) (70) (1) (8) (42) (64) (16) (48) (76) (63) (30) (57) (98) (73) (71) (54) (17) (82) (96) (35) (60) (23) (83) (66) (39) (33) (11) (18) (10) 
86 (34) (72) (55) (44) (68) (38) (8) (93) (66) (89) (62) (46) (57) (16) (82) (41) (30) (60) (12) (65) (98) (32) (80) (92) (85) (63) (58) (40) (10) (47) (84) (9) (67) (28) (73) (1) (70) (74) (78) (36) (95) (48) (24) (99) (15) (52) (22) (42) (69) (51) (11) (61) (76) (71) (56) (31) (94) (100) (83) (26) (64) (35) (39) (90) (37) (81) (97) (43) (23) (21) 
87 (94) (88) (62) (20) (45) (98) (71) (25) (48) (84) (8) (66) (22) (68) (10) (89) (99) (1) (30) (37) (11) (15) (31) (96) (77) (60) (100) (19) (90) (2) (80) (73) (12) (76) (91) (93) (17) (69) (81) (78) (5) (85) (41) (9) (74) (18) (4) (6) (55) (43) (52) (42) (82) (65) (47) (36) (23) (44) (27) (64) (92) (26) (32) (14) (33) (87) (16) (40) (54) (67) (13) 
88 (82) (35) (97) (69) (13) (61) (24) (34) (15) (100) (2) (47) (50) (59) (6) (85) (45) (62) (58) (21) (64) (68) (94) (3) (33) (92) (43) (76) (31) (49) (83) (73) (65) (5) (28) (48) (17) (7) (55) (40) (18) (87) (27) (89) (95) (70) (84) (16) (86) (4) (46) (96) (25) (44) (93) (11) (32) (67) (88) (36) (38) (71) (39) (66) (9) (63) (42) (26) (91) 
89 (45) (95) (33) (13) (12) (48) (58) (11) (30) (17) (29) (79) (50) (21) (7) (10) (65) (52) (47) (98) (4) (22) (51) (96) (77) (49) (100) (67) (24) (23) (39) (9) (83) (56) (78) (43) (64) (62) (37) (14) (38) (81) (68) (46) (41) (88) (86) (25) (87) (55) (15) (99) (8) (74) (76) (93) (19) (71) (60) (73) (69) (82) (57) (91) (75) (97) (18) (28) (20) (34) (89) (16) (84) (70) 
90 (8) (23) (45) (9) (11) (83) (49) (5) (26) (82) (18) (85) (67) (7) (92) (63) (61) (74) (48) (31) (16) (15) (68) (93) (13) (40) (22) (34) (17) (55) (81) (19) (71) (70) (75) (100) (96) (87) (14) (42) (79) (97) (52) (89) (76) (69) (33) (10) (30) (51) (2) (56) (73) (46) (6) (24) (29) (95) (90) (72) (60) (50) (43) (99) (21) (36) (3) (65) (66) 
91 (21) (59) (36) (46) (6) (87) (43) (76) (5) (89) (8) (96) (7) (82) (27) (92) (100) (69) (35) (31) (1) (15) (9) (2) (33) (40) (63) (49) (91) (3) (4) (24) (93) (18) (77) (44) (11) (74) (30) (25) (70) (12) (65) (68) (38) (48) (94) (22) (14) (26) (98) (42) (99) (51) (29) (95) (10) (13) (90) (39) (57) (97) (84) (73) (23) (60) 
92 (99) (88) (42) (89) (59) (3) (87) (78) (24) (80) (72) (82) (64) (47) (61) (95) (39) (32) (58) (56) (49) (11) (13) (29) (16) (90) (12) (70) (34) (15) (28) (57) (6) (85) (83) (50) (67) (92) (81) (53) (18) (52) (44) (79) (100) (55) (38) (41) (54) (40) (25) (37) (2) (22) (17) (23) (48) (26) (27) (46) (66) (93) (7) (1) (5) (4) (86) (35) (65) (33) (14) (76) (36) 
93 (17) (70) (88) (62) (98) (1) (28) (58) (46) (79) (10) (40) (14) (35) (45) (64) (19) (72) (63) (74) (93) (8) (24) (57) (2) (38) (52) (92) (86) (56) (95) (75) (77) (25) (22) (21) (83) (41) (90) (6) (80) (30) (82) (31) (100) (20) (99) (12) (59) (27) (73) (65) (47) (84) (68) (42) (26) (3) (91) (53) (76) 
94 (24) (28) (16) (33) (19) (20) (82) (4) (78) (30) (57) (90) (73) (12) (6) (95) (45) (29) (59) (7) (48) (3) (84) (76) (71) (66) (15) (8) (18) (25) (86) (31) (32) (51) (93) (65) (2) (46) (34) (80) (53) (49) (94) (47) (92) (13) (1) (97) (72) (26) (69) (70) (41) (77) (91) (17) (96) (75) (43) (99) (40) (39) (62) (81) 
95 (96) (73) (14) (82) (6) (62) (52) (86) (77) (79) (34) (24) (57) (85) (54) (35) (66) (40) (68) (87) (64) (15) (44) (53) (47) (33) (72) (5) (36) (74) (38) (37) (22) (39) (31) (59) (71) (16) (18) (93) (10) (94) (69) (17) (75) (83) (61) (45) (27) (90) (100) (4) (84) (60) (43) (58) (7) (67) (48) (81) (78) (51) (13) (8) (2) (63) (25) (98) (28) 
96 (27) (94) (98) (33) (57) (89) (58) (46) (93) (97) (12) (100) (5) (16) (30) (39) (54) (4) (45) (49) (74) (78) (1) (13) (26) (32) (36) (65) (37) (23) (80) (62) (21) (3) (2) (34) (70) (66) (95) (18) (22) (64) (25) (76) (28) (86) (50) (24) (69) (75) (79) (88) (61) (51) (20) (85) (81) (48) (72) (52) (91) (8) (83) (60) (42) (29) (82) (68) (87) (44) (59) (92) (55) 
97 (8) (58) (87) (78) (76) (98) (18) (21) (38) (83) (31) (19) (29) (55) (12) (9) (49) (94) (33) (93) (69) (64) (51) (56) (32) (72) (82) (44) (73) (81) (47) (22) (70) (5) (96) (3) (74) (85) (54) (13) (36) (92) (39) (71) (20) (84) (53) (25) (65) (62) (16) (68) (80) (10) (50) (90) (67) (7) (27) (15) (28) (35) (30) (24) (40) (97) (23) 
98 (9) (91) (76) (84) (3) (59) (64) (44) (10) (100) (49) (97) (48) (65) (15) (25) (19) (12) (24) (47) (96) (8) (43) (77) (55) (20) (83) (14) (50) (46) (7) (69) (51) (79) (32) (88) (53) (38) (92) (60) (17) (22) (62) (70) (29) (74) (68) (33) (99) (93) (21) (98) (89) (78) (31) (30) (63) (75) (42) (86) (5) (18) (34) (82) (41) (58) (26) (28) (73) (56) (27) (39) (67) 
99 (33) (6) (39) (4) (7) (53) (83) (85) (37) (89) (62) (40) (56) (51) (84) (52) (21) (79) (13) (9) (20) (70) (10) (82) (44) (35) (29) (49) (24) (27) (46) (77) (1) (81) (57) (72) (63) (75) (98) (28) (71) (2) (3) (31) (14) (92) (97) (16) (5) (60) (65) (61) (64) (90) (26) (73) (19) (59) (88) 
100 (2) (94) (74) (4) (83) (7) (1) (20) (81) (89) (88) (90) (24) (70) (22) (98) (34) (50) (33) (79) (100) (43) (6) (99) (97) (9) (61) (19) (63) (54) (65) (73) (96) (85) (31) (8) (27) (53) (12) (49) (64) (38) (55) (41) (62) (36) (21) (29) (67) (56) (87) (66) (92) (14) (16) (95) (30) (23) (91) (28) (25) (13) (40) (3) (82) (48) 
