0
100
100
1 (43) (49 45) (29 17 33) (86) (95) (35) (44 61 66) (22) (56) (27 16) (24) (47 79 81 5) (98 4) (91) (34) (65) (60) (84 63) (58 32 23 18) (83) (89) (64 9 7 97) (78 80 87) (2) (6) (20) (19 55) (94) (73) (31) (54) (46 12) (36 37) (50 1 92) (93 21) (70) (15) (59 10) (62) (26) (52) (99) (25 13) (14 57) (8) (11) (67 41) (96) (76) (82 53) (39) (69) (48) (100) (85 30 28 42 90) (68 71 75) (72) 
2 (16 92 51 31 63 6 58 64) (38) (23) (29 44 30) (45) (99 7 50) (19) (94) (1) (17) (53) (15) (76 55 28) (59) (74) (9 83) (49 80 68) (70) (13) (77 100 10 48 65) (3) (46) (5) (37) (90) (98 61) (36) (32 33) (2) (88 78) (56) (8 52 66 87 18) (85) (39 57) (20 11 96) (62 42) (25) (69) (24 54) (26 35 4) (41) (27) (75) (82) (84 95 71 60) (34) (86) (47 93 73 89) (12 67) (72 91) (40 43) 
3 (59) (29) (56) (25 33 95) (74 76) (3) (72 80) (1 69 35) (5 53 12 44) (16 18 89 61 63 43 40) (11) (81 20) (17) (96 90) (24) (87) (47) (30) (27 45 39 86) (94) (51) (71) (57 7) (79) (28) (23) (15) (65 58 83 32) (22 50) (9 77) (13) (75 85 52 82) (91) (2) (6 60 97) (73) (36 42 99 49) (41 10) (38 34) (54 78 64 92 98 66 100 4) (14) (70) (84 68 93) 
4 (94) (77) (28) (57 80) (47 66) (75 46 20 2 3 12 55 65 68 33) (99) (60) (72 32 24) (7) (34 29) (95 38 64) (78 92 81 8) (4) (85 9) (88 48 37) (15) (84 73 83) (67) (6) (18) (58 10 52) (13 59 27 97 1) (31) (100 82) (74) (91 70 90 79 63 21 19 98) (87) (86 96) (69) (50) (71) (53 40) (93) (23 17 14) (41) (5 45 35 56) (25) (36) (11) (76 39 44 54) (42) (16 30) (89) 
5 (95) (82 21 90 80 14) (43) (98 11) (93) (71) (49) (78 19) (27 63 46 69 62 50 87) (40 76 64 55 30 4) (58) (70) (83) (22) (89) (45 3 7 29) (48) (75 31 2 42) (51) (91 73 74) (77) (84 44) (37 6 99 24 97) (25 34 16) (28) (38 85 32 81) (100) (39) (33) (65) (23) (88 26) (59) (36) (72 57 1 92) (53) (56 10) (12 60 79 17) (67) (9) (18) (52) (35) (47 96 86) (20 54 68) 
6 (96) (40 2 20 46) (74 3 54 15 35) (30 98 66) (77) (1) (23 81 79) (58) (50 67) (53) (28 31 95) (80 85) (49 63 6 65) (24 57 88 76) (38) (71 33) (21 61 94 91) (78 29 10 99 26 34 11) (86) (73 72) (17) (44 82 92 87 89) (48) (42 43) (27) (7 70 39 68 9 97 83) (22) (37 100) (56 14) (84) (41 36) (13) (60 62) (19 32 93 8 51) (25) (90) (18) 
7 (74 93) (76) (51) (89) (6) (26) (80) (5) (43) (56 10) (12) (22 68 66 4 91) (30) (54) (53) (75 62 24 94) (67) (13) (23) (64) (90) (70) (60 57) (25 3) (81 55) (14) (21) (19) (71) (97) (33 98) (45) (39 52 27 7 2 1) (34) (40 38) (77) (72) (8 100 31) (86) (50 18) (87 65) (96 36) (82 9) (28 47) (79 20) (92) (32 61) (42) (63) (84 41) (49) (17) (78) (83 99 88 16) 
8 (27 61 58 96 8) (13) (15) (84 41 95 24 91) (85 45 43 87) (99 3) (10) (97) (82 59) (51 79) (67) (70) (42) (34) (74 77) (40) (26 54 49) (65) (31 11 18 33) (22 94 6 19) (69) (86 53) (12) (38 73) (47) (81 90) (68 72 29) (1) (57 76) (66) (25) (88 71 50) (30 46 83) (23 37 4) (52 60 48 35 9 80) (32 16 89 36 98) (56) (5) (39 28 7) (63 64 21 92) (14 17) 
9 (47 65 84 93) (38 28 56) (83) (24) (69 22 78) (64 90 75 35 33) (4 42) (100 10 95) (2) (89) (55) (60) (59) (29) (7) (77) (37 81 14) (82 92) (39) (98) (50 88 19) (73 58) (43 49) (16) (54) (23 27 62) (12) (8) (13 85) (17 97 52) (91) (99) (30) (87 11) (80 25) (3) (94) (67 53 45) (41 31) (9) (6 32) (72) (68) (15) (5 76) (18 86) (96) (70 21) (48) (66 40 26) (36) (61 34) (63 46) 
10 (22 93) (77 90) (18) (16 75) (62 24) (81 76 1 36 96 43 44) (55 48 21) (82) (8 5) (13) (97) (32) (6 84) (33) (37) (15) (99 100) (91 53 40 17 46) (23 41) (67) (51 14 50) (69) (92 54) (57) (11) (49 3) (45 30) (39 59) (63) (2) (71 47 7) (42 64) (98 38) (31 60 10) (52 74) (68 95 73) (28 88 72 19) (86 94 61) (20 70 83) (80) (65) (56 29 4 34) (78) 
11 (100) (3) (22 12) (19 88) (8) (72) (23) (96 71 11) (28 21) (75) (65) (87) (26) (44) (43 79) (54 80 69) (55) (1 73 59) (62) (17) (86 25) (31) (14 30 90 39) (83 45) (20) (95 85 94) (58 64 35) (78 81) (51) (60) (63 9) (97) (99) (61 98) (41 16) (74) (56) (15 13 46 29 37) (48 92) (67 18) (6 5) (91) (34) (52 42 33) (70) (24) (82) (7) (40 32) (10) (36) (66) (77 93) 
12 (26 71) (93) (14 28 41 45) (24 9 65) (80 99 50 32 67 2) (57) (43 91) (15 75) (70) (60) (13 59 96) (86) (5 88 87 35 100) (81 37) (10 72 12) (47 40) (58 3 92 62) (64 74 18) (49 73) (44) (94 53) (42 98) (82) (38) (69) (11) (85 17 6 83 30) (48 33) (46) (97 54 23) (22 63) (56) (4 61) (79 7 77 89) (51 31) (21) (34) (29 16) (55) (8 27) (95) 
13 (19) (56) (52 26) (9 87 25) (66) (98) (45 8) (17) (10 29) (81 67) (24 59 5 41 13) (82 12) (22) (69 18 75 60 30 15) (95) (62) (21) (84) (44) (78 97 77 72 73 7 63 11 96 99 42) (14) (47 31) (94 70) (34 46) (74 88) (28 23 100) (65) (85) (80 83) (64 93) (27 43 1 39 49) (35) (16) (79) (37 86 91 32) (50 54) (53 48) (57) (40) (92) (76) (61 51) (20) (58) (6 36) (4 90) (89) (38) (2) 
14 (37 79) (30 44 92) (6 60 85 93) (64 23 14) (77 27 28 52 21 70 24) (22) (17) (83 47 18) (13) (96) (50 81 57 55 63) (78) (73) (26 39 74 75) (87) (56 46 88 33 25 31 3) (100 65 19 71) (80 45) (38) (10) (90 82 54 67 76) (84 32) (94 5 72 61 8 89 62) (16) (15 41) (98 66) (40) (68 2) (69 53 59) (43 9 99 42 49 20 11 35 51 29) (97) (7 86 36) 
15 (26 50 49 81) (20) (75 66 68) (94) (25) (13 1 65 62 43) (12) (64) (80) (85 9) (17) (22 95 98) (52) (3) (88) (19) (4) (86) (34) (48) (92) (93 58 42 32 72 31) (11) (27 45 84) (5) (2) (35 87) (69 83 57) (96) (16 18) (41) (6) (28 46 100 21 67 10) (37) (63 56 90) (14) (55 70) (36) (77) (30 24 44 74 78) (91 76) (60) (53) (82) (51) (54) (29) (99) (7) (79) (61) (38) (33) (73 71) (89 39) 
16 (86) (49 10) (88 64) (80) (28 77) (6 95) (73) (51 54) (45 47) (83 1) (25 3 60 4 20) (84 63 14 91 61) (57) (69) (62 82) (53 92) (93 55 29 71 35) (19 59) (67) (43) (21 2) (22) (34) (40 94) (52 97 90 36) (98 42) (44 15 78 5) (65 38 41 8) (50 70 76 46) (89 39) (26 79) (81) (30) (87 16) (27) (24 58) (9) (12 72) (68) (96) (18) (66) (37 13 7 32 100) (75) 
17 (37 50 74 59 68 48) (61) (86) (64) (45) (98 70 31 54 92) (11) (1 95) (30) (14 3 36) (79) (72) (7) (87) (28 26) (25 73) (8) (80) (42 27 56) (83) (69 16 47 91) (2) (99) (51) (75) (35 97) (29 6 40) (21) (10) (66) (57 60) (13 18 77 5) (24) (52 49) (58 65 46) (34) (17) (33) (38) (62) (76 88) (100) (20 12 90 63 22 44) (94 89) (84 19 43 15 78) (41 4 9) (53) (81) (82) 
18 (47) (38 84) (54 20) (86 90) (36 57) (28) (99) (58) (37 16) (78) (42) (17) (33) (68 66) (59 32) (26 63) (24) (74 50) (19 14 34 93) (40) (35) (5 41) (71) (69) (29 13) (89) (48) (76) (51 67) (72) (18 27) (46 81) (53) (79 80 7) (91 61 10 6) (31 85 87) (44) (52 70) (4) (1 94 95) (82 12 65) (30) (45 77 2) (75) (100) (64) (92) (11 98) (43) (15) (39) (62) 
19 (39 57) (96) (49) (4) (82 72) (5 25 20 77 6) (10) (71 45) (41 23) (84 36) (93 90 74 47) (8 30) (44 9 32) (64 76) (48) (91) (27 54) (19) (28) (58 31 87) (88) (15) (67) (85 62) (70 55 69) (60) (17) (34 66) (43 98 46 78 59 56) (35 61) (100 38) (11 2 81 12) (51 73) (1) (99 33) (95) (80) (21) (7) (50 92 24 83) (42) (40 89 75) (18 26 94 97 3) (63) (14) 
20 (89 18 78) (23 11 3 36) (53) (34 22 71 25 38 28) (85) (92) (65) (19) (82) (31 17 20 40) (51) (46) (94 24) (79 2 67 10 6 58) (80) (70 63) (7) (100) (42 15 83 66 84 76 33) (55 90 39 57) (54) (62 44 35 41 95 61) (99) (43) (9 14 69 52) (77 32 30 56) (1) (93) (37 72 86) (98 8) (13 4) (64) (26 96 21) (68 60 73) (75 16 5) (87 97) (47) 
21 (68 33 8) (23) (37) (30) (4) (96) (41 100 6) (47) (66) (84 11 90 10) (51) (53 16) (20) (91 65 77) (75 28 72 3) (22) (74 19 55) (43) (46 95) (71 45 67) (83) (14 57 32 12 89 93) (34 29 79) (82 44 60 25) (49) (80) (92 61) (63) (39 21) (86) (52) (54) (26 98 2) (94) (73 70 17) (7 50) (35) (58) (76 62 18 48) (85) (64 27) (31 88) (81 36) (78 13) (69) (87) (97 1) (56 38) 
22 (89 17 85) (60 49 69) (98) (9 29 75 6) (15 87) (50) (92) (73 80 37 66) (59) (16 25) (40) (23 71) (99) (35) (31 81 30) (13 84 65 19) (88) (79 64 5) (4) (56 51) (95) (22 14 67) (74 63) (26) (47) (48 27) (61 68 76 10 54) (24) (7) (41 53) (94 77) (45) (55 97 93) (28) (86 36 44 42) (12 3) (100 18) (11) (91) (62 2 83 90 21 58) (43) (38) (46) (33 32) (39 57) (8 70) 
23 (5 56 28) (70 27) (36 10) (59) (99) (53) (1) (83) (77) (43) (85 9) (13) (67 100 34) (50) (42 71) (39 41) (8 22 30 18) (48 72) (81 86) (49 54) (40 29 51) (98 24) (4) (66) (44) (97 58 16) (93 65) (82 17) (87) (19 23) (75 73 62) (33) (74 76) (45) (14 46 88) (79 80 6 47) (31 69) (64) (84 52) (35) (37 63) (60 55 3 26) (92) (94 21) (68 96 57) (90) (2 12) 
24 (90) (61 8) (97 37 9) (1 35 46 33 25 78 58 41 32) (42) (43) (29 31) (85 49 67) (55) (30 98 84) (86 19) (24) (56) (28) (81 79 11 20) (53 14) (18) (74 10) (99 66 69) (23 76 80 36 65) (48) (2) (51 47 6) (15 7 26 64 87 21) (34 92 17) (59 62 75) (68) (3) (44 40 95) (82) (45) (91) (16 12) (63 100 70) (88) (73) (50 57) (94 38) (83) (54) (27) (60) 
25 (17) (5 19) (45 74) (43) (8) (57 55 37 76 66) (72 35) (36 14) (97) (91 64 27 20 34 12 38 47 39 68) (100) (84 99) (18 28) (58 48) (63) (29 60 69 83) (11 77) (89) (30 81) (41 3 53) (49) (44) (7) (92) (4) (90) (13) (86 75) (2) (93 87 70 85 42) (32) (56 71) (54) (78 22 98) (16 10) (96 51 65) (79 88 24) (33) (46) (21 67) (26 9) (62 1) (52) (95 94 82 50) (73 40) (23 15) 
26 (2 59 19 66 31 10) (42 50 34 48) (39 36 20) (26) (78 61 75 69 22 96 49 40 77 65) (3 76) (4 29 81 17) (18) (82 90 41 51) (53) (98 28 14 11) (88 5) (13) (6) (100 47) (93 91 33) (99) (63 97) (12) (16 54) (94 62) (68 23) (25 37 85 58) (74) (44 56 87 83) (84 64) (79) (45 1 57) (72 21) (60 52) (30) (55) (95 27) (67) (32 8) (43 9 38) (46) (73) (71) (35) 
27 (34) (97) (3) (77 96 39) (8) (73 35) (60) (10) (68) (29 24) (98 48 7) (90) (76 32 88) (12) (2) (45) (18) (75) (69 58 33) (49 28 74) (16 52) (38 26 53 65) (70 91) (79) (21) (72) (67) (47 71 99 57 87 41 9) (46 95) (83 78) (31) (59) (89 1 6) (20) (66) (100) (50) (36) (80) (84 62) (86) (37 44) (63) (13) (27 15 4) (61) (40 43) (19) (42) (11 64 51 22) (17) (93) (25) (92) (81) (5) (55 82 54 30 14) (23 94) 
28 (20 23 70 22 58) (92) (60 16 79) (82) (6 71 38 18) (97 90 76 19) (29) (36) (88 45 96 14) (87) (75 67) (86 100 1) (25) (43 15) (3 8 47 49 68) (54) (98 56) (9) (61) (85 31 57) (93 5) (30 7) (89 4) (99) (74 64 26) (11) (72) (51) (2) (42) (80) (21) (46 73) (66 53) (17) (13 62 69) (50) (84 27) (12 37) (78 33) (48) (65) (81 95 59) (40) (52) (63 41) 
29 (23) (37) (21) (2 51 81) (3 82 44) (5) (75) (17 28 69) (15 25 20 47) (68 59 66) (18) (72) (90 76 100) (52 30 29) (32) (80) (42) (35) (43 85 33) (55 58 16 31 9) (39) (34 13 53 97 24 38) (54) (88 87) (60) (7 95 26) (50) (86 11 84) (6) (94 83) (67) (27) (71 22 49 19 93 79 98) (1) (99 61) (41) (92) (48) (77 63) (65) (12) (14) (74) (40) (64 73 62) (8 10) (36) 
30 (11) (72) (8) (55) (51) (62 69) (71 50) (65 13) (61 14 66) (6) (98) (20 15) (95) (28) (86) (53) (48) (63 37) (87 9) (18) (31) (25) (91) (89 64) (92) (74) (33) (17) (77) (100) (79 30 82) (47) (88) (59) (57 56 67 27 41 10 7) (36) (73 23 43) (46) (38) (42 68) (40) (44 24) (60 96) (5 75 85 22 80) (93) (35 70) (90) (16 29 49 78 97) (84) (3) (83) (4) (99) (12 19 39) (34 32 21) (94) (81 45 54) 
31 (5 40) (30 93) (96 20 49) (57 22) (13 19 14 35 91) (83) (25) (28) (50) (51) (78 53) (97) (38) (54) (85) (52) (75) (2) (16 64 33) (27) (86) (43 92) (68 23) (82 81 7) (41 3) (95) (90) (73 60 76 8 47) (66) (45) (39) (94 98 77 87) (56 12 15 26) (84) (42) (34 11 55 69 6 62 37 61) (59) (65 31 80 63 9 74 67 79 100) (4 72 10 36) (89) (32 17) (71 46) (48) (58 44 1) (21) 
32 (66 69 18) (5 71 60 9 32) (15 70) (62 50) (86 93 63) (4) (49) (95 25 56 22 12 82) (33 79) (81) (16) (47 23) (96 6) (31) (48) (94 13) (17 21 1 67) (80) (65) (55 84) (45) (46) (61) (36) (38 75) (58 28 40) (68 39) (7 78 99 8) (10) (59) (30) (35) (64 14 24 27) (11 52) (53 42 43 73) (88 98 85 29) (3 72) (83 20 77) (91) (2 97) (57 37) (44) (90) (41 51) (87) 
33 (50 29) (2) (38) (47) (66 67) (83 19) (39) (64 62) (78) (69 41) (28 48) (88 55) (42) (43 18 85) (98 63 60) (6) (31 32) (91 51) (87) (10) (70 53 13 56) (97 57 82 74 35) (21) (44) (84 79 33) (1 23 92 27 73) (95 22) (86) (59) (75 3) (24) (46) (52) (5) (17 54 90 40 20) (7) (72 65) (61 49) (11 76) (14) (89) (58 96 100 4) (99) (77) (81 68) (30) (36) (25 34) 
34 (14 88 87) (24) (76 99) (45) (3 75 93) (22 82 34) (38) (84 90 97) (62 65) (27 26) (71 28) (18 16 86) (37 72) (77 60 44 41 89) (70) (7 66) (48) (9 68) (58 81) (78 94) (53 1 47) (13 32) (17 15 91) (6) (35) (8 63 23) (10) (11) (46 61 73 51) (100) (55 4) (19 36 31) (20) (33) (83) (96) (85 39 42 21) (5 69 25 80) (59 12 43 74 95) (92) (52 64) (50) (79) (49) (2) (29 54) (30) 
35 (50 69) (83 25) (90 61 100) (88 14) (73) (4 19) (31) (75) (51) (15) (76) (91) (86 56) (66) (13) (30) (63 62) (93) (18 45 53) (38 52 12 41 22) (71) (92) (77) (8 47) (11) (84 44) (21 1 85 37) (54) (42) (68 24 49) (82) (80 6 64 99 40 27) (35 10) (78 16) (57 98 70 23) (32) (95) (29 28 5 36 94) (97) (60) (34) (26) (3 89) (87 65) (9) (79) (2 33 81) (72) 
36 (25) (53 57 32 50 95 64) (19 41 71) (3 11) (16 85 88 69 76) (82) (17 10 35) (98) (97) (90 12) (31 86 4 55 13 46 99) (93 63) (44 94) (47) (54) (60 74) (89 77) (2 92 61 6 80 22) (51 58 72) (78) (38) (14 45 42 28) (52 37 40) (27) (36) (75 7) (15 65 1 73 70 81 84) (59) (29 8) (18) (96 34) (21) (83 91) (43) (87) (66) (79) (23 9) (48) (5 24 49) 
37 (9 61) (37 85 93) (66) (4 68 72) (82) (69 6) (71 76 15) (17 47) (8 5) (55) (88) (81 20 3 83 40) (27) (1) (64 42 80 91 54) (28 87 57) (41 84 34 36) (14) (60 13 38) (79) (44 50) (43) (92 32 77) (26) (51) (97) (52 25) (30) (18 78) (48) (59 24) (99 21) (2) (10 49) (70) (31 45 96) (11) (35 94 89 98) (86 53 75 63) (7) (12) (29 95 56 74 67) 
38 (58 21 71 1) (31) (6) (94 77) (83 67) (3) (70) (86 62 45) (90) (42 24) (95 20 7 44 68 43) (33 26) (25) (38 81) (39) (12) (9) (11 8) (78 32 87) (10) (30 56) (69 19 92 61) (46) (49 22 55) (27 47 52) (16 80 13 4 93 66) (14) (54 98 72) (76 17) (63) (79 28) (35) (88) (65) (37 59 85) (84 75) (51) (2 53 5 18) (74) (48 57) (64) (36) (97) (99) (89 23) 
39 (45) (66) (5) (43 78) (2 88 41 71 52) (7) (77 47) (12) (72 54 55) (28) (14) (42) (36) (60 80 32 1) (22) (56) (95) (92 27 37 6 49 38) (29 84) (90) (64) (73) (63) (85) (48) (23) (99 33 50) (97) (68 51 20) (57 8 34) (70 67) (100 39 17) (16) (18 40) (35) (3 91 58 59 9) (61 4 96) (74 25) (69 94 11 30) (79) (86) (62) (24 21 76) (82) (75) (31) (15 81 53 10) (98) (83) (46) 
40 (62) (56 89 29 63) (69 14 24 83) (7) (11 8) (65) (81 21 66 84) (94) (4 44) (35 50) (46 39 15 32 67) (55) (61) (71 33) (88 80) (59) (1) (3) (96) (20 2) (49 73 31 41 76 60) (91) (45 47) (79) (16) (9 25) (19) (54 37) (30 74) (85 100) (52 17 48) (53) (82) (51) (97) (34 23 92 5) (58 86) (99) (12 13 6) (38 78) (72) (90) (18) (22 68 93 40) (27) (95) (28) (64) 
41 (27) (15 14) (20 96 64 49) (51 45) (75 28 11 71 61) (54 17 65 72 24) (89 22 7) (81) (86) (12 84 43 9 46 92) (16) (52 76) (21 66 32 39 74 88 36 18 69 4) (79) (1 33 2) (42) (80 60) (58 34) (91 48) (25 35) (94) (63 73) (57) (26 62) (5) (67) (90) (31) (70 53) (41) (85) (13) (55) (19) (77 100) (40) (59) (3) (97 68 8) (30) (78) (95) (38 10 6 98) 
42 (91) (11) (46 47) (65 33 4) (12) (42 2) (31 8) (81 19 78 61 58 77) (16 71 48 22 14 7) (52) (20 100 29 40 76) (89 54) (44 69 5 84) (90 74 36) (39 88) (57 21 62) (43 17 24 59) (97) (73 23) (72 13 51 37) (35) (38) (50 55) (1 34) (3 82) (15) (41 64 53 30) (94 95) (27 92 10) (28) (26 6) (98) (79 70 25 96) (68) (67 9) (99) (93) (45) (32) (60) 
43 (97 92) (48 11 28 42 31) (50 58) (43) (53 2 96 17 41) (88) (24) (33) (52) (93 16) (25) (70 39 36 14) (64 87 13) (65 10 8 51 4 56 99 15 74 73) (60) (40) (69 59 34 27 94 7 85) (75) (47 80) (81) (1) (100) (44 89) (72) (12 79 21 37) (66) (86) (54 95) (20) (23) (83 19 61 68) (71) (18) (30) (9 5) (6) (78 57) (38 63) (3 82) (26) (45 49 91) (84) (22 76) (32) (62) 
44 (61 84) (1 72 42) (43 41) (56) (31) (76) (51 33) (87 100 68 7 13) (38) (92 23) (4) (75) (53) (24 10) (11 77 17 6) (18 15 94 32) (95) (2 20) (83) (85) (27 25 93 63) (8 49 98) (78 86) (39 48) (36 82) (3) (14 73) (90) (16) (58 34) (54 5) (52 21 99) (59 65) (9 28 22 12) (57) (45) (37) (70) (69 55) (91) (96 80 30 62 97 29 44 26) (47) (40 46) (60) 
45 (79) (82) (7) (90 21 81) (12 38 9) (93 29 89 22) (92) (25) (13) (72) (56 73 10) (15 34 26 85) (84 62) (88) (37 31 63 43 97) (41 44) (28 51 16 32 77) (40) (61 6 49 58 23 55 76 64 2) (3 54) (35) (19) (78 100 45 20 8 18) (46 98) (68) (69 57) (66 30 17 1 52) (50 67) (83 65) (59 71 95) (39 70) (99) (33) (80) (42 96) (94) (48 27 47) (74 60) (75 5) (4) (24) (11 53) 
46 (95 46 33) (13) (5) (6) (16 70) (45) (92 59 69 8) (63 52) (98) (85 77) (41) (19) (53) (25 38 14) (50 86) (43) (26) (97 22) (65 81 84) (87) (47) (64 4 37) (20) (74 88 9 72) (55) (36) (100) (1) (3 10) (57) (48) (35) (68 49) (11) (75 44) (80) (60) (27 31) (61 73 2 76 91 23 30) (40) (18) (17 90) (58 51) (78) (66 42 21 24) (39 67) (89) (82) (32 96 79 15) (12) (56) (99) (54) 
47 (72) (39) (10 61 52) (1) (63 11) (46) (16) (100) (92) (42 80) (91 90) (35 70 17 87 26 40) (89) (75) (9) (68) (77) (8) (69) (22) (2 19) (49 59 41 21) (48 36) (30 88 66) (64) (14 13) (99 24) (47) (12) (3) (45 85) (55 98 37 33 44) (23 83 62 50 86 7 29 18) (76) (65) (60 31 20 97) (93) (51 67) (56 25 54 6 74) (43) (32 71) (81 82) (84 28 58 27 53 15) (78) (5) (79 57) (4) 
48 (97) (7 64 37 88 19) (53) (95) (92) (12) (1 3 71) (8 72) (25 9 18 26 14 40 85 79) (42) (74) (91 32) (66) (55) (60) (99) (100) (93 98 16 76 62 17 28) (48 15 87) (24) (58) (47) (35) (13 69) (80) (23) (30 4) (54 51) (68) (83 31 20) (33) (56 84 22 65 41 61 21) (70) (86) (11 46) (75 36 82 57 49) (67 45) (43) (89 52 50 29 27) (10 44 78) (81 77) (34) (90) (6) (38) 
49 (61) (10 53 52) (39 34 32 37) (22 17) (48 43) (12 74) (76) (18) (89 69) (60) (77) (19) (67) (68 81 38) (66) (55 27) (1) (6) (65) (41) (85) (59 45 44) (71) (54 83) (96) (62) (2 70) (20) (50) (9 91) (51 88 8 31) (97) (4) (35) (5) (98) (30 72) (64 78) (87 80) (99 21 15 56 3) (33) (84) (58 79) (47 75 24) (57) (23 90) (40 93) (11 49 7) (13) (95 100 36) (16) (42) (14) (82 73) (94 92) 
50 (49 60) (39) (62) (56 6 70 36 1 74 55 50 30) (87) (68 51 20) (78 77 88) (85 63) (58 25) (21 2 17) (18 5 3 13) (46) (82 29 24 95) (7 16 69 9) (67) (40 93 83 75 32) (100 72 61 76) (8) (31 41 66 92 97 65 11 47) (98) (19) (96) (59 22 34) (48 52 54) (80) (10) (23 57) (35 37 81 38) (91) (86 43) (12) (44 33 73 79) (71) (27) (99) (42 84) (14 15) (26) 
51 (2 96 9) (73 12 29) (18 36 44) (47 7) (70 53 38 49 13) (85) (58 39) (61 68) (51 4) (91 25 32) (15) (45) (21 8) (19) (67) (40 3) (17) (37) (80) (76) (69) (24 84) (14) (100) (83) (1 78) (46 74 89 20) (10 81) (63 50) (57 93 98) (72 42 60) (6) (66 90) (41) (86) (95 64 26) (11 33 43 23) (22) (97) (31 52 87 79) (71) (77) (65 35 59) (16 28) (30 56 48 62) (88) 
52 (58 64) (93 74) (92) (96 10 28 89 7 14 1 54) (3 61 47) (18 56 33) (24) (25) (36 40) (57) (30) (75 23 71 29) (81) (100) (26) (13 95) (35) (9 98 78 87) (5 70 65 19 88) (6 91 11 63 79) (22) (99 38 42) (20 51 97 67 49 85 84) (59 37) (68) (80 41 45) (72) (62) (39 43) (32 66 60) (27 8) (94 48 90 34) (83 21) (50) (44 2) (53) (31 16) (55) (86 15 82) 
53 (4) (70) (89) (95) (16) (24 31 94 87 23) (83) (50) (74) (8) (59) (6) (61 44 84 93 17) (48 79 46 38) (65) (33 21) (85) (86) (49 67) (18 77) (99 53 14) (81 5 39) (97 7 96) (25) (92 37) (2 72 34) (68 51) (9 43) (40 71 20 54 88) (98 1) (75 42) (76) (36) (13) (57) (12 100) (45) (80) (10 3) (91) (56) (29) (78) (27) (28) (19) (26 32 41 58 73 82 60) 
54 (61) (51) (63) (85) (98) (68 28) (64) (46) (22) (13) (79) (14 35 42 17 95) (91 20 90 38) (57) (7) (74) (96 25) (19) (78) (8) (70) (18) (3) (37) (31 73) (2) (86) (12) (30 59) (82) (54 45 9 65 87) (62) (16 84 27 4) (67) (75 93) (26 15) (29 32 88 72 76 56) (49) (77 69) (24 33) (58 99 81 1 89 43 60) (48 39 50 92) (55) (5 44 83 36) (21) (34) (52 23) (94 66 71 10) (100) 
55 (84 49) (68) (81 34) (55 76 96 43 25) (17) (20 47) (2 16 61) (86 42) (73 62) (18) (8) (14) (27) (41) (12 78 22 67) (77 53) (75 80) (19) (72 21) (66 85 54 6 92) (7 89 40) (30) (59 71 46) (5) (90 11 10) (65 60) (31 87 44) (52) (64) (82) (23 97) (99) (33 48 56 28 50) (79 95) (36) (9) (13) (38 29 4 57 83 45 1) (32) (100) (70) (93) (3) (98) (69) (15) (24 74) (26 63 35 91) (88 39) 
56 (9) (58) (74) (42 2) (3 61 10 5 96 13) (63) (89 38 49) (94 65 85) (36 78) (41) (54) (40 8) (43 86) (44 33 73) (29) (47) (17) (56 53 90) (66) (1 32 45) (16) (48 76) (99) (70) (79 72) (67 7 52 77 28 55) (83 64) (22) (91) (12) (84 6 30) (92 60) (100) (57) (75) (51 35 69 4) (59) (68 11 97 27) (88 82 19) (93 80) (62) (87) (31 20 95 14 18) (25 15 46) (81) (71) (23) 
57 (17 66 63) (7) (11 83 67) (48) (32) (93 41) (4 56) (23 70 20 29) (35 25 96 44) (45 49) (90 60 46) (82) (21 73) (62 79 54 72) (53) (57 42) (71 78 95 37) (58) (8) (88 5) (69 3) (22 51) (2 15 40 34 10 47) (84) (75) (68) (14) (87) (61) (99 91 33 12) (19 43) (81 31) (9 76 1 39 92) (13 85) (26 74) (94) (86 38 50 89) (6 28 16 65) (97) (18 36 24 100 98) (27) 
58 (2 58) (32) (28) (41) (93) (88) (11 17) (56) (47) (3) (64) (12 51) (77) (73) (87 21) (1 61 5) (91) (39 15 59) (29) (44 83 19) (18) (68) (90 70) (75 31) (38) (22 50) (48 49) (72) (8) (78) (6) (14) (66) (20 99 43) (46 10) (9 24) (45 52) (65) (89 79) (81) (63 33) (55 62 97 100) (67) (74) (23) (34) (92 71) (86 80) (84) (57) (42 94) (30) (60 27) (7) (26 13) (82 25) (76 98 36) (69 35 85) 
59 (68) (10 21) (52 39) (58 37 77) (18) (34 88) (1) (73) (93 46) (79) (99) (95) (74) (89) (69) (60) (16) (86 56) (32 97) (62) (67) (7 92) (5) (85) (31) (11) (22 91) (55) (42) (43) (3) (25 33) (87 57 35 17) (41 72 36) (27 53) (2 59 19) (80) (49 28) (50) (82 63 6 51) (26) (4) (8 71) (81) (38 78 23 40) (66 84) (61 29) (24 75 48) (70 83 100) (90) (15 20) (14) (54 47 98 13) (76) (44) 
60 (72) (75 6 76) (91) (53) (28 90 8) (25) (82) (26 100 94) (79) (65) (52) (62) (50) (88 93 85 20) (7) (95 37 13 97) (63) (12 48) (87 56 71 57 44) (61 34 2) (32 43 9 39 84 23) (11) (5 30) (70 98) (3) (78) (55 22 60 81 33 69) (80 67) (86 4) (68) (35 29 42 40) (38) (15) (24 18) (99) (45) (31) (49) (66 64 14) (27) (96) (21) (73) (16) (17 92 10) (54 59) (51 41) 
61 (88) (91 75) (19 73 6 77) (57) (80) (40) (2 25 5) (53) (92 76 18) (74) (62) (10 14) (93) (83 69) (95 1 86 17) (60 63 20 8 84 66) (42 22 35) (68) (59) (81 90 70 32 28) (71) (4 50) (52) (89) (67 34) (24 61) (82) (45) (85 27 46) (44) (64 30 96) (94 58) (29) (31 79 3) (23 78) (65) (56) (48) (21 11) (15 47 54 39 7 9) (13 36 12) (33) (98 26) 
62 (52 35) (87 91 70 77) (7) (44 56 57) (78 60 84) (37) (27 55) (42 25 17 89) (72 69 18) (9) (19) (38) (6) (85) (88) (49) (2 79 64 61 11) (29) (15 66 76 32) (54) (24) (65 5 73 94 62) (30 28 58) (47 31 75) (22) (96) (13) (33) (90) (48) (71) (81 36) (41) (92 68) (50) (3 100 20 53) (26 95) (12 8) (97) (4 10 46 80 40) (74) (59) (1) (34) (14) (43) (16) 
63 (100) (79 34 31) (98) (26) (85 66 64 68 71) (19) (75) (99) (10 42 50 59) (22 23 13) (18) (41) (27 24) (70 1 36) (65) (84) (49 62 17 28) (90 60 16) (55 77) (72 96 48) (54 8 73) (14) (29) (6) (5) (3 83 80) (43 47 15 40 2) (45 46) (89) (12 57 53) (91 33 9 20 76) (37 97) (67 61 11) (63) (69) (30) (95 86) (94 38) (21) (82) (56) (25 7 92) (93) (87 44) 
64 (62 51 9 11) (87 2) (89) (64 80) (27 70) (71 74 75) (91) (25) (46 28) (95 55 88 19) (33) (66) (100) (10 1) (6 54) (52 82) (79 22) (96 3) (84) (17 78 41) (68) (50 23) (47 24) (57) (12) (48) (90 81 18) (39) (85 44 30 53 97) (37 93) (73 99 38) (72 49) (60) (59 94 34) (16 14 21 77 56) (65) (83 42 35) (29) (26 7 58 32) (86 63) (92 98) (61) (4) (8 76) (36) 
65 (31) (29) (28 11 23 84) (92) (26) (49 86) (34) (16 9) (45 56 57) (66 96 74) (52) (75) (5) (95) (85) (87) (22) (72) (25 98 78 94) (81 71) (18 8 76) (19 79) (64 35 68) (61) (62) (41 99 73 67) (13 50) (70) (30) (82) (12) (6) (53) (7 88 44) (60) (63) (55) (39 93) (38 4) (2 33) (58) (46 1) (69) (77) (3 47 51) (27) (83 21) (24) (100) (54 48) (80) (14) (91 17 42 20) (59) (37) (10) (40) 
66 (84 37) (64) (52) (21) (86 67) (7 63 88 44) (73) (76 18 69) (50) (47 33) (10 26) (55) (46 31) (9) (79) (16 35) (54 71) (15) (3 92) (83 20) (58 38) (5 53) (91 59 4 81 34 72 22 39 68 51 60) (32 56 94) (25 45 28) (2 8) (62) (78 36 100) (6 41) (89 27) (11) (13 17) (30) (82 12 80) (40 1 42) (98) (29 61 87 14) (85 77 19) (93 23 43) 
67 (99 79 55) (51 39) (48 73 78 65 89) (71 49 97) (100) (58 94) (21) (4) (43) (41) (9 7) (14 5) (42 47) (17 59) (13) (70 46 6 64 86) (68) (34 8) (95 93 3 54 18 53) (84) (76 38) (45) (74) (52) (37 27) (87) (56 24 31 60 92 2 30 66) (32) (28) (26 11) (25 91) (44 16 90 81) (1 23 12) (98) (83) (85) (36 77 63) (35) (22 72) (40) (33 75 10) (88) (15) (19 69) 
68 (91 33 65 77) (3) (92 70 94 88) (54 14) (49) (90) (5 36 28 1) (61) (80 69) (75 26) (63 67 96) (10) (20) (29) (51 81) (89 19 16) (87 56) (13) (50 55) (68 15 2 85) (73 18) (47) (72) (43 99 8) (32) (11) (46 6) (37) (9 39 40 58) (62 95) (4) (35) (52 25) (45) (38 71 44 23) (57 64) (100 60 34 86) (59) (31) (93 78 82 48) (76 12) (74 98 30) (24 17 83) 
69 (75 34) (69) (63 95) (21 57) (23 67) (5) (74) (31) (48) (77 78 86 61) (99) (100 52) (17) (58) (16) (93) (44 7) (3 6 84 70) (22) (66 25) (54) (42 68) (71) (92 19 11 94 46 51) (83 45 39 64) (18 13) (4 12) (59 80 33) (50 27 9 37 24) (32) (1) (62) (2) (35) (55) (76 38 98 49 40) (79) (29 41 73 88) (96) (82) (89) (43) (85) (26) (14) (36 97) (15 56 60) (72 87 30 20) 
70 (44) (27 13) (29) (60) (37) (68 21) (32) (90) (36 81 97) (73) (16 93 49) (55) (30 33) (61 9) (48 74 35) (10) (19 34 8) (46 96) (15) (65) (82 12 86) (38) (43) (22) (67) (26 64 24) (84) (3 72 76) (11) (59 69 2 89) (1) (100 23) (47 63) (99 56) (7 17 70 45 25) (80) (4 85) (58) (87 39) (95) (98) (53) (41) (40 28) (78) (91 54 94) (83 79 75 14 66 18 92) (31) (6 77) (5) (88) (42) 
71 (76 68) (71 64 67 46 16) (78) (12) (34) (61 63 87 8 19 48) (33) (91 30) (7 58 42) (55) (6) (96) (44) (65) (13) (56) (28) (41 92) (94) (10 99) (50 47 38 82) (25 51 9) (39 86 83 22) (3 35 32) (17 21) (80) (75 89) (74 62 4) (14 88) (73) (26 23) (100) (2 93 84 70) (90) (20) (11 77 98 53) (1) (37 95) (59) (54) (5) (36 24 60 40 66 79) 
72 (100) (31 28 87) (15) (22) (62) (42 27 90) (93) (1) (72 59 19 88 97) (41 74) (76 37 61 60 32 17 35) (65 34) (70 79 84) (63) (44) (4 8) (71) (25) (38 67) (12 23) (3 56) (82) (89 77) (96 49) (43 98 46) (21) (11) (78) (52) (29) (94) (40 10) (48) (20 14 53 18 66) (92 13) (24 9) (26 55 54) (16) (99) (57 85) (50) (83 81) (69 68) (33) (5 75 58) (36 51) (86 45) 
73 (11 3) (34 45) (68 59 86 33) (28) (30) (90) (53 9) (42) (74 85 19) (58) (81 32 78 26 54 55) (97) (57 87 44) (10 67 18 70 24 62) (4) (77 40 17 92 38) (73 48) (84) (8) (69) (6) (80) (20) (15 22 2 52) (37 51 61 63) (47) (25 66 5) (21 27) (43 71) (56) (14 64) (23) (46 98 36 31) (12) (95) (13 79) (72 7 94 50 49) (89 60 100) (96) (99 88) (93) (29) 
74 (1) (55) (27) (72) (71 46) (10 31) (2) (17) (11) (47) (12) (24) (38 7 57 32 79 53 75 51) (8 61 5 60) (86 68 100) (92 54 35 91 29 14 34) (73) (43 50) (20) (25) (90 74) (30 41) (59 48) (88 49) (97) (28) (69) (80) (18) (63 82 3 76 4 16 87 99 6 83) (52) (65) (39) (94) (98) (15) (70 78 9 13 22 62 33 36 21) (58) (19) (95) (23 89 37) (77) (42 44 56) 
75 (12) (68 39 24 73) (31 14 69) (27) (13) (88) (26) (98) (78) (35) (96 43 85) (91) (23) (5) (19) (1) (2 17 45 58 49 29 77 83 42 25 61) (7) (32 64 79) (74 67) (48 100) (41 47 63) (15) (3) (50) (36) (18) (52 6 11 65 62) (33) (82 80) (54 90) (22) (99 75) (21 55 70) (84 71 89) (4 81 51 72 44 38) (66) (16) (92) (59 10 97 86) (94) (30 20) (8 9 40) (34) (28) 
76 (4 1) (71) (94) (10) (3) (16) (83) (77 49 85 90) (34 20) (70) (95 36) (92 100 38 43 48) (79 65) (44) (25 29) (19 12) (57) (26 87 98 84 8) (69) (9) (91 64) (22) (96) (52) (54) (99 14) (32 18 76) (67) (61 89 46 56 82 66) (73 45) (40 50) (41 5 13) (35 27) (24 68) (53 37) (23) (31 58) (15) (97 21 47 6 7) (80 28) (17) (75 78) (88 60 33 11 62) (39 81) 
77 (11 6 29) (93) (87 81) (43) (26) (32 69) (24 60 5) (27) (38 82 44 100) (34) (63 46) (73 92 89 16 37 25 3 42 98) (10 75) (68) (30 41) (91 54 48) (53) (19) (31 96 62 9 71 20) (15) (1 58) (94) (36 59 74 70 97 21) (79 61 56) (35 85 57 12) (64 39) (51) (45 47) (50) (86 84) (67 83 23) (66) (14 78 52 55) (7 2 65 99 28 22) (76 17 95) 
78 (7 90 19 34) (1) (69 9 5) (99 72) (59 8) (43 27 38 68) (67 61 25 58 79) (73 20 84 66) (94) (41) (47) (88) (56 78 39 48) (82 36 49 29 64 83) (98 3 93) (97) (6 70) (10 30 21) (16) (14) (37 77 92 26) (55) (80) (54) (11 28 32) (52 42) (100 71 89 51 81 35 75) (87 23) (18) (31) (50 62) (57 76) (15 33) (44 17) (63 53) (65 46) (96 95) (40 91 74 86 60) 
79 (57 15) (55 2) (33) (58) (63) (76) (96 44) (56) (50) (42 5) (65) (21) (72 90) (75) (45) (61 88 68) (71) (28) (67) (93 54 37 94) (97 12 9) (46 18) (26) (74 29 66) (39) (95) (84 82 60) (24 31 59) (89) (87) (4) (19) (43 78 70 27) (11) (7 34 100 48 13) (32) (79 23 62 40 86 30 8 38) (47 92 6 69) (14) (51 80 64) (49) (98 73 85 35 16) (77 81) (25 52) (83) 
80 (78 59) (14 39 84) (70 94 34) (53 97) (5) (100 40) (72) (61) (48 21) (64 58) (31 38) (86) (10) (99) (80 77) (45) (17) (69) (63 29 56 16) (28 46) (75) (92) (35 95) (82 76) (81) (89 91) (23 37) (8) (2 11) (43) (74 52) (33) (83) (68 98) (13) (49) (4 15 26) (47 79) (36) (54 30) (65) (22) (51 18 73) (96 85 87) (42 41 57) (3 9) (88 20) (67 19 90) (93 71) (25 24) (27) 
81 (50 93) (59 95) (22) (71 78) (73 77 52 47 91) (86) (28) (72) (87 90) (38) (25) (16 63) (7 15 54 34 31) (36) (67) (33) (60) (98) (58) (21) (66 44 70) (75 30 69 41) (56) (79) (20) (53) (65 62) (96) (82 76) (11 81 4 29 18 23) (83) (61 9) (2) (89 57 39 35 80) (37 92) (51 5) (74 64 68) (8) (97 45 40) (32 24) (48) (49 55) (27) (99 42) (3) 
82 (60 94 70) (77 82 64 51 1 71 27) (44 25) (80 48 66 87) (63 67) (35 32) (43) (34) (53) (95) (2 26 92) (81 86) (6 4 28) (90 93) (99) (54) (76 11) (22 96 55 21 19 30) (98) (29 73) (31) (61 15 12) (47) (100 14 10 36 5) (97) (91 85 83 49) (59) (9 69 89 18) (3) (42 58) (24) (37) (57) (45 46) (74 23) (79) (56) 
83 (80) (96 33) (34) (41) (46) (94) (11 65) (92 77 22) (76) (79) (26 62) (100 99 82 73) (24 86) (23 67) (3 97) (71 91 90) (55) (66 36 6 68) (15) (18 47 93) (16 89) (52 69 12) (5) (1 56 38 19 28 59 58) (54 95 61 50 9 29 17) (63 30 83) (43) (53) (72) (20) (32) (70) (13 14) (27 40 25) (88 48) (81 8) (87) (84) (75 10 4) (98 2) (44) (85) (7) (39) (64 60 74 51) 
84 (25) (85 36 80) (27 87 92 52) (83) (66 22 77) (2) (35) (76 91 13) (48) (89 62 99 64) (16 38) (100) (60 54) (46) (78) (79 57 70) (24) (45 93 18 88) (30) (29) (53) (67) (19 9 21) (31) (82 63 4) (5) (11 26) (8) (10 61 17 50) (42) (32 95) (96 72 59 28 41 75 73 14) (40) (3 71 6) (55) (39 86 1 44) (68) (58) (15 47 98 34 56 49 37 51 94 65) (7 97) 
85 (59) (10) (83 47) (13 33) (67) (42 54) (73 90) (3) (78) (44 97) (100) (62) (81) (98 2 55 21) (26) (22 79) (48 56 41 89 34 65) (60 20) (72) (96 94) (31) (19) (75) (9 45) (68 70) (25 85) (74 61 50) (82 5) (80 92 57 64) (16) (53 52) (27 49) (38 58 23 29) (17 6) (35 37 91 69 76 1 15 43 36) (7 39) (4) (40) (66 46) (8 51 95) (24) (77 11 12) 
86 (9) (71) (17 20 72 38 47) (19 100) (83 16 69 18 80) (51) (43) (41) (65 78 60 23) (86) (39) (79) (56) (77 55 64) (1 97) (66 70 34 37 3) (58 67 73 12 25 2) (11) (10 90) (50) (24) (75) (32) (42 96) (44) (45 36 99) (48) (68) (5) (85) (49 14 84) (74 28) (29 88 6) (94) (40 7 8 63 76) (22 13) (26 91 93 54 27 21 59 82 46 33) (15) (87) (92) (30) 
87 (52) (20) (95 67 17) (74 43) (34 23 54) (29) (50) (93 8 87 42 38 14 37 12 1) (53 89) (9 80) (11 46) (85 35) (18) (99 73) (66 26) (13 58) (83) (59) (24 61) (10 96 19 31 76) (44 32 88 77 62 65) (48 39 49 2) (36) (56) (41) (21) (72 60 57) (6 84 63 30 16 45) (51 97) (55) (94) (81 25) (3 98 92) (100) (71 79 75 22 82) (27 78) (47) (40) (28) (33) 
88 (41 90) (35 6) (43 78) (46) (95) (66) (55) (69 17) (11 60 30) (76 10) (9 79 33) (36 45) (49) (86 100) (21 59 39 3 37) (64) (2) (88) (70 31) (12) (52) (92) (29) (4) (51 25) (19) (57) (44) (75) (62) (93) (58 99 71 47 89 24) (16 1) (27) (67) (73 94) (74 85) (91 77) (34 98) (8 65) (83 97 15) (5 20 68) (56) (96 14 81) (23 61 87) (18) (22 50) (54) 
89 (62 18) (13) (85) (25) (20) (23 88) (60) (75 69) (71 95) (5) (79) (44) (84 89) (38) (98) (82 10) (31 91 11) (1) (86 90) (72 41 83) (30) (96 56 9) (73 45 32) (35 54 77 64) (15 14) (53) (49) (16) (46 70 40 61) (2 66) (36 50) (19) (24 37) (28) (52) (59 99 43) (67 76) (58 4) (65 17) (51) (92 47) (12 22 81) (33 42) (3) (97) (100 29) (7 8) (93) (57 78 87) (48 80) (94) 
90 (54 30) (64) (38 47) (37 85 20 5 35) (62) (58) (98) (27) (56) (50) (3) (77) (15) (36) (53) (57) (11) (83) (18) (61 44) (28 93 10) (100) (84 6) (95 90 19 78 48) (96) (16 46) (51 24) (31) (22 79 91) (68 81) (29) (12) (86 7 39 69 14) (66 82) (17 63) (2) (60 21 94 65) (52 72) (75) (33) (43) (59) (26) (70) (9) (8 13 74 73 34) (97 55 88 89 99) (1 67 92) (40) 
91 (74 22 97 93 28 35 13) (14) (96 62 46) (95) (91 82 72 12 70) (17) (51) (29 39 6 98) (78) (63) (40) (76 9 89 38 64 18) (68) (36) (75 73 5 50) (94) (92 55) (69 86) (79 3) (4) (43 19 60) (90) (84) (25) (65) (56 58) (77) (8 59) (88) (53 34) (31 24 42) (49 41 16) (87) (11) (67 1 71 83) (2) (45) (37 32) (10) (27 57) (21 61 7 80) (100) (26) (81) (54 47 15) 
92 (18 21 79 71) (38) (2) (43) (8 70) (15 5) (84) (94 25 80) (17) (37 50) (95 48 60) (9) (58) (24) (1 53) (40 41) (97 35) (47) (36 57) (45 31 19 16 20 72 49 55 39 73 64) (6) (26) (78) (42) (87 99 83 75 33) (62) (11 98 34 89 63) (93) (86) (27) (51) (29) (66 52 54 91) (28 68 12) (4) (22) (82 13 7 69 76 46) (61 30) (32 85 44 56) (100) (92 14) (65) 
93 (29 10) (65 72 93) (92) (54) (16) (14) (61 6 7) (49) (23) (91) (50) (70 55) (60) (17 86) (20) (8) (30) (75 4) (66 67 18 36 79) (38 15) (41 82) (44) (43 28) (3 34) (26 27) (100 88 13 46 59 51 97) (71 31 37) (35) (85) (95) (11 19) (32 39) (47) (9) (94) (83 45 96 52 74) (57 78) (76 69) (22) (42) (2) (73 58) (1) (24) (48) (33 84 77 68) (89) (53) (12 21 25 99 64) (63 5 87 90) 
94 (74 36 76) (19 89 54) (88) (34) (35) (77 47 43) (14) (44 92) (31) (6) (23 79 53 85 52) (67 71 49) (50 45) (26) (99 16) (42 72) (39) (10) (25) (7) (46) (57) (22) (78 9 81) (32 13 69) (84) (28) (4 3 83 96 11) (21 58) (63 27 33) (12) (86 37) (75) (59) (95 98) (8 38 94 30) (62 24) (65) (90 87) (56 93 18) (17 41 97) (5 1 73) (40 51) (80) (64) (70 29) (60) (68 66) 
95 (56) (65) (76) (45 83) (75) (55 13 94 49) (59 50 60 53) (42 66) (58 97 96) (84) (4) (19 28) (18) (5 29) (82) (20) (78) (57 63 34) (40 86) (47 48 25 81 64 62 92) (67 73) (95) (88 9) (6) (99 7) (17 22) (11) (23 36) (44 51) (26) (98) (37 38 52) (12 24) (87 21 69 89 16) (27) (32) (35) (30 10 39 71 100 77) (72) (1) (79 43) (61 3) (91 41) (93) (85 33 15) (54) (46) (70) (2) 
96 (57) (46 56) (49 86 90 5 11 29) (53) (48) (6 2 99) (68 76) (34 1) (98 72) (52 100 17) (12 74 14 13 58 16 55) (40) (94) (83 9 19) (85) (50) (41) (88) (26) (10) (87) (18) (78 15 35 45 51) (23 39) (7 81) (65 97 77) (8 42 66 91) (64) (36) (47) (61) (89 33 80 69 25) (38 95 93) (92) (24 82) (59) (20 84 71 67 27 4 30 21) (3 62 60 54) (73) (32) (63) 
97 (9 81 91) (20 28 19) (84 7 40 42) (79 95 86 25 83) (37) (2) (63) (52 54) (17 6 24 64) (35 76) (49 92 74) (21 4 51) (65 58) (31 82 34) (33 57 47) (90) (41) (75) (88) (29 59 48) (13 66 99 62) (30 89) (97 78) (45 44) (5) (15 98 69) (85 11) (94) (96) (46) (10 14) (23 32) (55) (87 77) (80 60) (71 53 1 18 39) (22 12 70) (43 72 100) 
98 (69) (32) (30 87) (42) (48) (54) (23 15 88 7 75 93 45 81 74 2 14 24 71) (84) (95 61) (34) (68) (50) (98) (38) (46 36) (96 97) (51) (72) (8) (47 52) (90) (64) (39 76 77 65) (35 100) (6 82 73 44) (18) (25 57) (27 63) (1 31) (12) (28) (78 29) (22) (5 58 83) (66 17) (3) (41 49) (85 86 43 59) (10) (70 16) (99) (37) (92 91 55 4) (19 56) (26) (40 80) 
99 (86 51) (33) (68) (8) (36 39) (70 72) (50 84 79) (14 48 35) (22) (9 27) (5) (1) (95) (49 60 40 63) (100 78 15 85 47 80 89 94) (43) (24 38 21) (19) (44) (73 81 20) (6 55) (17 52 4) (16) (42 74 26) (46 82 7) (54 97) (62 99) (64) (3 59) (66 23) (28 88) (57 29 25) (18) (41 98 13) (76) (69) (53) (58 30) (11 2 93) (77) (45) (71 37) (91) (65) (10) (12) (34 92 56) 
100 (31 2 61 66 17) (14) (99) (30 7) (51) (76 24) (6) (57) (83) (33 74 53) (47) (65) (82 38 89 97) (73 78) (39) (96 58 92 71 46 22) (60) (4) (8) (26 63) (52 44) (40) (79 67) (37) (5) (59) (68 87) (84 54 91 13 43 35 19) (34) (72 55 93 62) (48 85) (95) (56) (50) (75 16 80) (81) (27 20 86 100 36 77 12) (9) (21) (29) (42) (23) (98 11) (32) (49 1 88 10 90) 
1 (27) (55) (62) (10) (43) (46) (82) (94) (69) (15) (93) (65) (23) (7) (76) (63) (66) (35) (44) (54) (47) (25) (11) (95) (75) (53) (40) (19) (86) (8) (67) (59) (58) (71) (38) (100) (5) (28) (49) (45) (16) (90) (84) (3) (57) (13 92 77 29) (68) (31) (2) (56) (6 36) (64) (61 48) (89 17 4 87) (39) (50 88) (51) (32) (98) (33) (96 34) (41) (52 24) (20) (91) (99) (26) (97) (83 74 78 18 42 1) (21) (37 70 85) (72) 
2 (49) (74) (92) (95) (71) (67) (97) (73) (27) (57) (3) (20) (25) (16) (15) (68) (47) (19) (75) (51) (37) (70) (13) (39) (59) (55) (23) (10) (89) (9) (31) (12) (14) (6) (36) (29) (50) (41) (4) (33) (21) (7) (99) (52) (90) (96) (100) (77) (26) (54) (40) (83) (60) (17) (80) (66) (2) (86) (62) (24) (45) (46) (61) (85) (82) (43) (88) (53) (91) (63) (38) (64 87) (1) (44 98 79) (58) (93 18 5 84) (34) (69) (56 42) (35 32) (22) (81 28 65) 
3 (94) (50) (55) (76) (80) (3) (96) (8) (95) (43) (28) (14) (78) (66) (10) (7) (32) (9) (72) (46) (61) (85) (33) (57) (16) (35) (45) (20) (67) (56) (27) (52) (37) (63) (51) (84) (22) (53) (47) (71) (4) (58) (81) (19) (42) (60) (21) (73) (74) (54) (75) (24) (89) (5) (82) (6) (87) (49) (69) (77) (70) (98) (88) (30) (91) (31) (36) (23) (40) (59) (2) (93) (15) (68) (64) (62) (39) (38) (44) (48) (11) (90) (26 12 86) (17 65 41) (25 83) (99 29 34) 
4 (74) (40) (95) (1) (53) (89) (4) (83) (51) (57) (44) (33) (26) (97) (79) (49) (19) (15) (31) (81) (66) (72) (73) (27) (76) (30) (39) (13) (91) (70) (42) (75) (46) (38) (36) (45) (61) (5) (55) (100) (17) (23) (43) (80) (21) (25) (9) (82) (28) (3) (68) (34) (64) (48) (2) (85) (65) (60) (37) (62) (99) (10) (94) (56) (35) (16) (96) (47) (12) (8) (67) (93) (59) (7) (92) (18) (41) (32) (88) (54) (71) (22) (20) (98) (84) (69) 
5 (84) (78) (55) (3) (92) (66) (77) (86) (43) (27) (96) (89) (31) (22) (42) (97) (95) (13) (14) (71) (82) (44) (57) (47) (9) (59) (26) (52) (50) (25) (35) (37) (11) (56) (88) (23) (90) (85) (39) (60) (75) (69) (91) (54) (12) (18) (4) (32) (83) (7) (29) (34) (45) (98) (65) (74) (94) (20) (67) (79) (40) (100) (70) (1) (16) (76) (8) (33) (2) (19) (46) (38) (93) (68) (17) (61) (30) (15) (72) (58) (99) (62) (80) (10) (36) (81 49 73 28 53) (63 41) 
6 (76) (60) (23) (10) (33) (96) (24) (100) (91) (22) (43) (93) (8) (45) (59) (99) (18) (84) (90) (58) (49) (98) (44) (11) (32) (17) (62) (95) (47) (36) (78) (73) (14) (94) (70) (46) (29) (16) (4) (71) (50) (5) (28) (48) (85) (27) (21) (9) (97) (61) (13) (30) (37) (69) (57) (15) (51) (79) (2) (87) (19) (53) (56) (40) (82) (31) (34) (65) (88) (52) (86) (1) (63) (42) (68) (26) (39) (3) (7) (92) (74) (83) (66) (41) (77) (67) (55) (35 12) (64) (20 75) (38) (6) 
7 (69) (30) (58) (64) (96) (7) (44) (13) (61) (25) (47) (8) (32) (16) (41) (1) (100) (91) (89) (2) (51) (78) (36) (85) (17) (9) (97) (77) (54) (86) (10) (15) (53) (19) (60) (67) (3) (12) (71) (20) (39) (90) (65) (49) (43) (73) (83) (42) (55) (81) (63) (56) (98) (38) (59) (74) (48) (29) (5) (28) (40) (31) (94) (79) (37) (4) (57) (66) (70) (45) (76) (93) (34) (24) (6) (11) (99) (14) (27) (22) (62) (84) (21) (92) (50) (33) (95) (18) (52) (75) 
8 (64) (20) (53) (88) (36) (99) (8) (6) (57) (62) (71) (80) (16) (51) (70) (34) (1) (61) (41) (2) (72) (14) (42) (67) (29) (27) (19) (9) (79) (40) (65) (11) (4) (45) (35) (68) (58) (60) (38) (73) (75) (100) (78) (28) (50) (85) (13) (98) (92) (25) (76) (49) (10) (39) (48) (63) (54) (74) (89) (55) (24) (30) (43) (96) (12) (87) (94) (93) (86) (56) (26) (81) (32) (37) (46) (83) (21) (22) (90) (84) (47) (31) (91) (52) (7) (66) (17) (59) (23) (44) 
9 (76) (64) (17) (74) (61) (24) (55) (77) (92) (44) (57) (29) (81) (51) (94) (72) (86) (16) (3) (84) (25) (83) (82) (99) (13) (12) (95) (93) (40) (48) (88) (22) (54) (49) (11) (87) (19) (58) (41) (2) (23) (15) (6) (56) (69) (31) (78) (30) (27) (65) (5) (42) (36) (1) (43) (63) (45) (4) (52) (7) (67) (53) (34) (89) (28) (20) (97) (66) (50) (39) (38) (9) (68) (73) (47) (80) (71) (85) (79) (35) (8) (14) (70) (26) (62) (60) (37) (90) (91) (32) (96) (46) (100) (75) 
10 (53) (29) (89) (15) (58) (64) (32) (82) (73) (71) (72) (8) (23) (31) (19) (80) (86) (55) (13) (39) (51) (87) (18) (62) (100) (68) (76) (47) (41) (63) (42) (35) (37) (44) (17) (67) (4) (7) (34) (26) (20) (1) (65) (3) (11) (45) (10) (60) (77) (95) (98) (22) (83) (97) (99) (16) (14) (12) (9) (56) (88) (59) (85) (27) (5) (91) (94) (48) (90) (75) (21) (49) (93) (57) (38) (84) (50) (25) (54) (24) (36) (30) (52) (66) (46) (43) (70) (96) (33) (6) (78) (74) (2) (61) 
11 (83) (36) (68) (81) (4) (12) (99) (38) (29) (95) (91) (27) (14) (24) (69) (87) (47) (82) (52) (61) (42) (30) (9) (94) (26) (2) (49) (93) (5) (15) (43) (8) (59) (80) (90) (6) (18) (77) (10) (44) (62) (35) (28) (63) (11) (22) (92) (39) (40) (64) (37) (33) (100) (79) (3) (70) (55) (67) (66) (65) (97) (85) (46) (84) (41) (88) (60) (45) (58) (74) (31) (75) (51) (21) (57) (19) (17) (20) (86) (73) (25) (72) (71) (56) (13) (1) (34) (50) (96) (32) (48) (78) (76) (89) 
12 (22) (17) (38) (9) (12) (48) (30) (97) (24) (98) (25) (99) (56) (61) (70) (41) (71) (36) (54) (74) (50) (62) (55) (40) (49) (7) (45) (77) (87) (21) (16) (42) (8) (29) (34) (15) (75) (100) (1) (53) (58) (68) (18) (31) (66) (47) (27) (19) (91) (3) (95) (90) (93) (43) (35) (26) (85) (44) (2) (32) (5) (46) (4) (51) (57) (28) (82) (92) (65) (73) (67) (89) (69) (23) (76) (13) (72) (64) (88) (83) (11) (39) (60) (37) (96) (94) (86) (79) (63) 
13 (57) (22) (29) (28) (38) (71) (32) (15) (21) (9) (1) (34) (94) (43) (89) (10) (26) (87) (27) (35) (2) (45) (66) (83) (68) (97) (53) (41) (95) (30) (47) (65) (46) (20) (91) (52) (50) (85) (76) (42) (12) (61) (69) (90) (11) (58) (60) (18) (63) (36) (84) (49) (23) (13) (93) (4) (99) (17) (44) (31) (80) (96) (75) (67) (8) (48) (72) (14) (16) (79) (56) (25) (33) (3) (51) (59) (7) (86) (74) (73) (54) (92) (40) (70) (100) (55) (6) (37) (62) 
14 (47) (7) (48) (90) (77) (76) (39) (13) (25) (16) (30) (96) (69) (38) (31) (46) (10) (17) (40) (88) (89) (27) (49) (4) (62) (18) (44) (74) (8) (55) (63) (87) (80) (61) (71) (82) (83) (1) (36) (59) (23) (21) (37) (93) (91) (54) (86) (53) (51) (67) (73) (98) (5) (79) (15) (19) (28) (66) (43) (20) (70) (32) (3) (56) (24) (22) (57) (60) (6) (99) (65) (75) (72) (14) (50) (12) (84) (64) (92) (26) (58) (100) (52) (9) (68) (11) (94) (42) (33) (34) (97) (41) (29) (35) (78) 
15 (83) (72) (69) (6) (57) (48) (50) (45) (81) (60) (95) (96) (89) (32) (55) (52) (56) (78) (13) (34) (75) (36) (43) (19) (91) (41) (1) (92) (24) (31) (74) (25) (99) (35) (18) (30) (98) (3) (59) (42) (80) (70) (63) (39) (85) (61) (27) (28) (46) (97) (93) (88) (67) (40) (12) (17) (77) (37) (76) (51) (47) (90) (14) (2) (84) (9) (11) (20) (22) (10) (73) (49) (79) (86) (62) (29) (82) (68) (54) (4) (44) (8) (16) (58) (66) 
16 (78) (88) (31) (9) (1) (91) (54) (75) (27) (22) (67) (83) (96) (36) (51) (62) (60) (10) (21) (23) (12) (68) (42) (84) (65) (11) (7) (66) (17) (4) (74) (69) (70) (38) (85) (52) (100) (24) (20) (59) (90) (89) (64) (55) (45) (25) (13) (14) (99) (26) (50) (98) (44) (76) (53) (34) (40) (3) (80) (30) (43) (48) (41) (47) (71) (72) (18) (2) (63) (87) (81) (32) (46) (93) (77) (5) (94) (57) (79) (49) (86) (35) (92) (15) (95) (8) (56) (29) (16) (28) (39) 
17 (72) (19) (28) (77) (95) (27) (58) (92) (1) (56) (69) (38) (17) (26) (47) (11) (33) (80) (59) (7) (73) (8) (2) (97) (84) (96) (13) (51) (66) (5) (63) (20) (36) (41) (99) (89) (93) (34) (18) (74) (83) (70) (42) (57) (91) (53) (40) (61) (86) (6) (22) (45) (78) (49) (3) (67) (98) (54) (71) (76) (29) (43) (9) (62) (46) (10) (48) (44) (12) (31) (15) (60) (14) (90) (65) (39) (32) (88) (24) (4) (50) (25) (94) (100) (55) (23) (85) (64) (75) (68) (87) (21) (30) (37) 
18 (87) (12) (69) (59) (93) (95) (36) (18) (28) (82) (49) (61) (13) (19) (90) (21) (33) (62) (26) (63) (96) (22) (27) (51) (54) (2) (99) (65) (30) (23) (50) (6) (80) (20) (7) (8) (68) (60) (44) (89) (11) (73) (3) (97) (35) (76) (74) (34) (67) (86) (37) (56) (1) (25) (5) (43) (38) (29) (57) (84) (39) (81) (94) (70) (72) (75) (47) (53) (98) (64) (32) (40) (4) (58) (92) (66) (10) (16) (55) (79) (52) (24) (48) (17) (15) (45) (46) (41) (78) (88) (14) (83) (91) (9) 
19 (99) (86) (41) (47) (96) (14) (42) (57) (46) (72) (100) (43) (58) (91) (52) (94) (79) (90) (1) (18) (38) (7) (48) (51) (26) (34) (36) (64) (15) (95) (11) (6) (53) (28) (49) (74) (77) (71) (54) (40) (30) (87) (61) (55) (17) (33) (50) (13) (29) (83) (27) (45) (78) (65) (76) (66) (20) (67) (59) (35) (69) (89) (97) (5) (93) (23) (62) (8) (98) (25) (9) (68) (85) (2) (56) (19) (24) (21) (16) (75) (73) (84) (4) (22) (82) (92) (80) (63) (31) (88) (10) (70) 
20 (74) (2) (28) (89) (76) (52) (32) (14) (63) (83) (3) (100) (39) (21) (97) (61) (95) (29) (96) (88) (20) (42) (1) (73) (50) (93) (5) (85) (68) (78) (45) (17) (24) (10) (99) (77) (90) (58) (26) (15) (46) (13) (40) (11) (92) (69) (49) (25) (55) (4) (34) (80) (65) (57) (86) (38) (6) (18) (62) (75) (27) (59) (51) (7) (43) (44) (16) (54) (81) (56) (30) (33) (41) (60) (53) (31) (72) (19) (47) (71) (66) (87) (48) (37) 
21 (94) (25) (35) (29) (72) (77) (61) (85) (91) (10) (48) (6) (60) (27) (75) (58) (67) (12) (53) (4) (1) (99) (30) (17) (79) (8) (43) (31) (59) (74) (37) (32) (45) (19) (90) (54) (80) (49) (84) (47) (44) (76) (28) (78) (50) (38) (7) (88) (69) (64) (55) (66) (23) (65) (92) (86) (5) (24) (21) (22) (39) (97) (15) (73) (34) (16) (82) (42) (13) (14) (70) (87) (71) (52) (95) (57) (81) (96) (41) (11) (93) (20) (51) (40) (46) (33) (9) (36) (26) (63) (100) 
22 (52) (64) (65) (51) (71) (22) (23) (77) (81) (40) (80) (20) (90) (34) (82) (67) (46) (9) (13) (76) (31) (63) (41) (29) (84) (44) (56) (54) (58) (45) (94) (25) (43) (35) (12) (92) (86) (55) (36) (11) (91) (95) (49) (39) (1) (73) (83) (21) (70) (8) (98) (33) (50) (87) (7) (28) (14) (72) (15) (26) (60) (61) (97) (59) (93) (48) (69) (85) (42) (3) (75) (57) (5) (30) (47) (66) (27) (6) (88) (89) (62) (100) (10) (16) (32) (38) (99) (17) (74) 
23 (72) (51) (11) (71) (34) (32) (39) (80) (3) (43) (81) (31) (30) (87) (53) (98) (85) (38) (75) (23) (49) (66) (48) (79) (93) (58) (46) (33) (59) (57) (70) (89) (73) (64) (42) (83) (69) (28) (94) (99) (44) (36) (14) (5) (76) (78) (24) (12) (19) (10) (13) (50) (65) (8) (2) (35) (54) (77) (40) (7) (61) (20) (97) (27) (47) (25) (45) (88) (74) (67) (60) (29) (55) (4) (52) (95) (1) (56) (26) (96) (9) (21) (68) (22) (6) (100) (86) (63) (82) 
24 (2) (46) (47) (91) (30) (48) (15) (34) (98) (35) (80) (97) (41) (57) (99) (90) (96) (29) (85) (36) (77) (53) (88) (18) (17) (87) (14) (13) (72) (55) (38) (40) (84) (61) (44) (59) (92) (100) (8) (60) (95) (64) (68) (5) (27) (11) (33) (69) (42) (6) (51) (75) (45) (76) (32) (70) (4) (43) (62) (12) (73) (50) (24) (86) (54) (65) (82) (23) (49) (9) (89) (93) (37) (74) (81) (79) (3) (20) (39) (1) (7) (67) (19) (71) (16) (83) (94) (63) (25) (10) (52) (22) (58) 
25 (7) (55) (95) (73) (14) (27) (52) (70) (93) (98) (29) (60) (78) (8) (68) (75) (88) (94) (1) (42) (92) (9) (64) (84) (45) (74) (56) (77) (6) (22) (16) (86) (33) (79) (96) (34) (48) (72) (82) (4) (54) (66) (32) (99) (37) (61) (36) (19) (38) (89) (24) (46) (83) (17) (63) (57) (43) (80) (81) (97) (13) (39) (30) (87) (91) (47) (15) (59) (21) (50) (71) (5) (3) (2) (58) (62) (26) (28) (51) (65) (41) (20) (31) (44) (35) (67) (11) (53) (69) (40) (85) (76) 
26 (16) (48) (71) (54) (63) (5) (65) (93) (19) (90) (61) (34) (20) (13) (31) (64) (14) (42) (66) (95) (91) (92) (68) (47) (67) (28) (76) (100) (86) (24) (38) (25) (46) (72) (50) (87) (37) (22) (73) (27) (55) (78) (41) (82) (45) (2) (23) (80) (52) (53) (17) (77) (83) (9) (6) (29) (15) (98) (96) (35) (75) (12) (44) (84) (26) (21) (99) (11) (85) (7) (62) (69) (79) (43) (70) (18) (59) (58) (57) (1) (51) (94) (60) (8) 
27 (76) (6) (23) (17) (54) (69) (64) (53) (82) (57) (36) (73) (67) (35) (83) (58) (56) (1) (13) (99) (32) (70) (52) (2) (88) (47) (98) (8) (4) (34) (72) (79) (30) (46) (80) (7) (61) (48) (3) (27) (96) (100) (81) (77) (41) (65) (29) (14) (38) (86) (31) (40) (84) (60) (95) (74) (62) (28) (43) (45) (49) (12) (26) (39) (91) (87) (15) (22) (63) (94) (90) (66) (24) (55) (85) (59) (21) (50) (19) (25) (33) (42) (18) (93) (5) (37) (75) (16) (9) (92) (44) (78) 
28 (38) (82) (90) (33) (55) (13) (39) (54) (47) (25) (44) (63) (30) (77) (65) (14) (4) (24) (58) (37) (98) (66) (61) (78) (36) (64) (51) (81) (74) (20) (86) (40) (26) (52) (11) (41) (60) (7) (72) (2) (62) (17) (95) (83) (12) (76) (56) (8) (23) (21) (32) (94) (79) (22) (48) (53) (70) (87) (27) (91) (71) (73) (1) (35) (45) (10) (29) (6) (42) (57) (84) (97) (18) (43) (93) (99) (31) (67) (68) (59) (89) (9) (75) (19) (15) (3) (5) (80) (16) (92) (34) 
29 (98) (9) (44) (96) (17) (16) (51) (12) (53) (18) (33) (74) (30) (50) (13) (27) (85) (72) (100) (52) (25) (8) (88) (58) (64) (95) (57) (21) (35) (91) (39) (48) (81) (56) (47) (63) (82) (99) (76) (29) (84) (73) (15) (6) (87) (26) (10) (34) (69) (75) (94) (77) (66) (14) (97) (79) (70) (1) (80) (90) (22) (32) (2) (60) (37) (61) (83) (59) (5) (55) (23) (45) (54) (28) (3) (11) (92) (78) (36) (62) (68) (42) (86) (24) (93) (65) (40) (4) (89) 
30 (92) (66) (74) (86) (14) (34) (90) (75) (55) (48) (3) (11) (73) (69) (4) (16) (82) (10) (13) (17) (27) (93) (61) (62) (40) (49) (95) (52) (78) (50) (89) (6) (99) (2) (23) (32) (64) (88) (35) (38) (7) (18) (96) (47) (60) (46) (97) (8) (68) (81) (9) (100) (42) (44) (56) (67) (51) (30) (31) (5) (80) (33) (26) (87) (54) (37) (1) (58) (70) (21) (83) (65) (94) (22) (25) (19) (71) (41) (43) (20) (24) (63) (15) (39) (28) (84) (98) (45) (77) (29) (79) (12) 
31 (94) (73) (39) (76) (47) (4) (31) (43) (78) (26) (68) (56) (28) (44) (82) (69) (98) (22) (13) (50) (37) (62) (60) (74) (9) (90) (79) (1) (36) (57) (45) (14) (8) (87) (30) (35) (54) (67) (17) (21) (93) (46) (77) (53) (66) (40) (81) (70) (38) (19) (10) (75) (84) (65) (51) (41) (97) (15) (55) (32) (18) (58) (59) (42) (20) (7) (23) (11) (89) (88) (27) (48) (6) (34) (91) (29) (85) (80) (2) (92) (52) (33) (12) (5) (61) (72) (100) (49) (63) (24) 
32 (10) (71) (33) (89) (29) (98) (44) (58) (66) (73) (31) (47) (84) (36) (8) (11) (18) (56) (12) (82) (83) (60) (52) (4) (75) (26) (76) (34) (86) (49) (94) (50) (100) (78) (62) (61) (3) (79) (2) (59) (72) (24) (25) (5) (51) (19) (39) (87) (81) (55) (15) (9) (70) (1) (54) (48) (35) (74) (77) (68) (93) (30) (57) (64) (53) (14) (27) (67) (6) (16) (95) (20) (45) (13) (7) (40) (41) (32) (43) (46) (69) (38) (21) (91) (42) (96) (97) (92) (37) (22) 
33 (38) (64) (51) (60) (61) (94) (46) (58) (72) (83) (25) (32) (33) (75) (96) (97) (17) (8) (56) (55) (89) (92) (20) (47) (14) (50) (23) (21) (93) (43) (30) (88) (52) (90) (80) (7) (34) (100) (70) (68) (3) (18) (11) (42) (54) (49) (39) (66) (19) (27) (22) (79) (41) (67) (45) (12) (71) (73) (81) (48) (59) (24) (76) (6) (26) (9) (99) (85) (74) (44) (35) (53) (29) (65) (31) (40) (87) (69) (95) (5) (15) (2) (86) (4) (78) (62) (10) (57) (1) (28) (63) 
34 (77) (12) (88) (75) (41) (72) (44) (17) (3) (69) (30) (95) (55) (34) (26) (64) (21) (83) (57) (1) (52) (18) (84) (96) (20) (25) (79) (76) (35) (15) (49) (93) (60) (4) (63) (98) (19) (11) (43) (78) (90) (58) (10) (100) (37) (62) (68) (65) (94) (82) (87) (45) (80) (70) (48) (8) (31) (50) (40) (66) (99) (7) (6) (85) (9) (5) (61) (2) (29) (71) (74) (81) (39) (91) (73) (16) (33) (24) (67) (86) (36) (27) (42) (53) (23) (97) (59) (92) (54) (13) 
35 (5) (33) (87) (66) (8) (14) (71) (31) (21) (41) (35) (89) (88) (65) (27) (97) (29) (26) (58) (95) (30) (45) (72) (68) (98) (64) (50) (75) (20) (74) (32) (4) (48) (54) (24) (61) (55) (18) (62) (52) (37) (34) (51) (82) (96) (42) (3) (90) (80) (59) (56) (81) (91) (46) (15) (2) (12) (17) (22) (13) (6) (25) (78) (39) (94) (38) (11) (1) (57) (85) (93) (23) (84) (100) (99) (92) (69) (40) (16) (76) (77) (67) (36) (9) (49) (70) (47) (60) (19) (79) 
36 (57) (88) (29) (84) (54) (77) (72) (38) (78) (81) (56) (14) (44) (48) (25) (82) (58) (20) (1) (50) (24) (32) (53) (55) (41) (43) (18) (13) (96) (62) (23) (94) (36) (19) (35) (47) (37) (16) (6) (3) (93) (46) (92) (100) (9) (61) (26) (49) (89) (27) (99) (5) (4) (66) (21) (28) (8) (39) (85) (69) (67) (51) (87) (76) (11) (73) (7) (95) (2) (15) (10) (90) (74) (64) (34) (33) (83) (70) (31) (75) (52) (68) (42) (22) (86) (98) (71) (30) (17) (91) (63) (59) (80) 
37 (89) (79) (44) (68) (20) (26) (69) (23) (15) (84) (65) (76) (100) (46) (77) (37) (72) (85) (93) (40) (63) (94) (86) (49) (14) (25) (17) (95) (10) (66) (45) (1) (59) (4) (16) (38) (92) (97) (24) (18) (12) (74) (8) (54) (64) (67) (30) (71) (70) (32) (91) (90) (11) (42) (48) (5) (52) (53) (43) (62) (81) (50) (47) (57) (88) (73) (13) (51) (35) (9) (31) (29) (80) (82) (39) (60) (78) (22) (99) (34) (98) (28) (36) (21) (6) (87) (27) (2) 
38 (42) (85) (84) (22) (45) (4) (62) (73) (38) (63) (13) (99) (52) (20) (75) (8) (9) (30) (57) (64) (36) (71) (10) (2) (32) (21) (5) (59) (33) (55) (48) (7) (91) (31) (69) (49) (67) (16) (87) (3) (60) (90) (74) (68) (83) (58) (98) (41) (6) (37) (44) (24) (39) (100) (76) (78) (94) (51) (26) (43) (96) (89) (18) (93) (95) (12) (81) (14) (34) (79) (70) (28) (66) (92) (77) (53) (27) (80) (56) (19) (17) (86) (72) (65) (15) (35) (54) (29) (50) (46) (40) (25) 
39 (32) (88) (6) (50) (10) (69) (49) (99) (34) (74) (25) (93) (38) (95) (59) (3) (1) (42) (61) (46) (60) (53) (80) (20) (11) (96) (15) (81) (90) (100) (64) (94) (13) (97) (14) (58) (19) (23) (83) (78) (57) (33) (44) (85) (91) (9) (65) (68) (30) (22) (86) (55) (39) (54) (70) (8) (92) (5) (67) (47) (18) (29) (52) (77) (79) (4) (43) (75) (7) (31) (41) (40) (45) (26) (71) (98) (16) (76) (21) (87) (2) (51) (66) (27) (84) 
40 (2) (7) (62) (30) (76) (70) (94) (65) (29) (75) (55) (28) (32) (80) (36) (20) (97) (50) (52) (95) (51) (63) (98) (27) (37) (99) (61) (18) (41) (40) (67) (90) (4) (19) (79) (100) (26) (85) (56) (59) (53) (13) (96) (86) (3) (42) (48) (39) (14) (60) (57) (12) (6) (33) (11) (44) (10) (22) (25) (87) (89) (69) (73) (78) (16) (68) (92) (35) (66) (83) (72) (47) (23) (5) (9) (46) (45) (31) (91) (43) (71) (8) (24) (49) (81) (17) (84) 
41 (15) (18) (80) (43) (87) (27) (75) (8) (92) (66) (51) (70) (7) (45) (99) (32) (1) (67) (89) (17) (64) (65) (35) (22) (58) (30) (20) (48) (69) (13) (28) (19) (29) (31) (49) (97) (25) (83) (84) (42) (72) (93) (14) (41) (34) (81) (39) (76) (86) (47) (91) (21) (9) (96) (24) (4) (6) (53) (52) (55) (50) (36) (94) (12) (98) (44) (71) (3) (11) (23) (63) (74) (85) (37) (60) (10) (88) (16) (2) (56) (26) (62) (40) (78) (77) (95) (57) (59) (46) (33) 
42 (64) (91) (22) (65) (10) (19) (98) (92) (79) (67) (39) (24) (61) (29) (73) (94) (34) (47) (93) (25) (58) (96) (5) (50) (1) (62) (54) (9) (97) (12) (75) (3) (89) (26) (49) (60) (15) (95) (38) (71) (33) (45) (36) (32) (27) (44) (57) (7) (2) (81) (42) (11) (20) (86) (18) (56) (100) (82) (48) (30) (55) (4) (70) (85) (51) (72) (23) (53) (52) (8) (13) (77) (43) (66) (14) (69) (16) (63) (87) (46) (80) (74) (28) (31) (37) (41) (78) (17) (35) (6) (59) (99) (84) 
43 (34) (73) (91) (16) (47) (62) (23) (69) (20) (45) (41) (8) (98) (87) (78) (86) (39) (93) (2) (99) (42) (79) (15) (48) (33) (54) (17) (12) (32) (50) (1) (5) (22) (59) (56) (18) (19) (30) (26) (13) (31) (6) (75) (66) (43) (82) (95) (89) (70) (46) (74) (63) (67) (77) (85) (60) (55) (38) (21) (83) (10) (49) (44) (7) (72) (51) (27) (9) (80) (57) (76) (36) (53) (14) (94) (92) (29) (24) (3) (11) (97) (90) (100) (28) (25) (37) (58) (52) (68) (88) 
44 (62) (69) (29) (81) (78) (97) (16) (52) (13) (32) (77) (46) (27) (92) (47) (2) (60) (55) (33) (83) (12) (23) (73) (57) (31) (20) (79) (66) (64) (56) (99) (94) (98) (65) (1) (6) (18) (11) (21) (48) (10) (67) (44) (53) (26) (5) (15) (19) (88) (89) (43) (3) (72) (61) (17) (30) (76) (90) (40) (24) (75) (38) (58) (84) (45) (14) (93) (4) (42) (34) (49) (54) (25) (100) (95) (51) (22) (74) (86) (68) (63) (70) (37) (35) (82) (71) (85) (87) (36) (50) (59) 
45 (56) (45) (66) (11) (10) (23) (18) (95) (35) (98) (60) (94) (2) (63) (40) (44) (5) (14) (16) (12) (97) (85) (48) (80) (37) (53) (9) (26) (54) (86) (8) (57) (24) (96) (28) (92) (55) (22) (72) (52) (88) (36) (68) (42) (3) (49) (87) (84) (34) (82) (46) (25) (75) (17) (7) (21) (69) (39) (76) (19) (32) (67) (13) (47) (4) (31) (81) (30) (79) (91) (38) (15) (89) (41) (73) (61) (99) (1) (51) (65) (58) (93) (43) (70) (77) (27) 
46 (79) (78) (100) (92) (64) (2) (32) (63) (89) (83) (17) (4) (90) (45) (31) (18) (84) (46) (66) (22) (27) (10) (80) (25) (68) (56) (86) (96) (11) (6) (38) (53) (16) (54) (59) (93) (77) (39) (5) (72) (91) (12) (47) (88) (74) (87) (21) (30) (58) (23) (44) (50) (67) (51) (42) (48) (26) (65) (14) (40) (57) (15) (19) (33) (61) (62) (97) (36) (70) (94) (28) (20) (13) (24) (76) (73) (8) (98) (99) (34) (95) (9) (71) (69) (41) (55) (1) (85) (82) 
47 (42) (43) (17) (87) (94) (99) (73) (59) (97) (100) (36) (7) (12) (80) (67) (82) (40) (30) (74) (68) (22) (14) (77) (44) (29) (10) (2) (63) (78) (18) (96) (55) (70) (3) (48) (47) (61) (34) (27) (85) (49) (81) (20) (50) (75) (95) (16) (31) (1) (33) (35) (76) (90) (88) (51) (86) (57) (8) (52) (23) (45) (91) (98) (65) (4) (64) (39) (66) (84) (58) (28) (79) (9) (83) (24) (92) (26) (25) (13) (93) (89) (21) (5) (56) (62) (71) (37) (32) (38) (19) (46) 
48 (17) (32) (2) (98) (75) (80) (25) (51) (18) (41) (24) (21) (99) (87) (74) (13) (1) (26) (49) (28) (68) (58) (22) (100) (59) (19) (34) (79) (30) (89) (84) (83) (61) (4) (62) (97) (52) (85) (56) (43) (42) (46) (60) (90) (63) (11) (67) (48) (44) (31) (82) (36) (45) (70) (72) (73) (27) (39) (40) (76) (64) (50) (15) (93) (9) (69) (23) (71) (95) (38) (33) (47) (10) (53) (55) (81) (92) (37) (65) (12) (77) (86) (6) (54) (29) (8) (57) (5) (96) (78) 
49 (8) (89) (54) (99) (50) (5) (81) (38) (33) (57) (10) (74) (7) (95) (55) (15) (72) (12) (64) (70) (48) (21) (52) (27) (47) (2) (68) (53) (22) (9) (97) (6) (94) (25) (96) (93) (39) (59) (51) (13) (80) (65) (3) (45) (31) (56) (75) (86) (46) (35) (73) (49) (79) (16) (29) (98) (32) (58) (43) (26) (24) (44) (63) (100) (88) (82) (17) (78) (28) (76) (67) (60) (84) (92) (87) (19) (91) (40) (37) (23) (62) (34) (36) (69) (41) (1) (30) (14) (85) 
50 (19) (21) (90) (13) (60) (12) (95) (62) (6) (85) (77) (68) (40) (93) (31) (76) (79) (3) (52) (58) (28) (51) (33) (26) (5) (87) (9) (24) (10) (18) (64) (88) (15) (37) (65) (69) (63) (25) (48) (83) (84) (54) (91) (7) (27) (71) (59) (46) (61) (4) (53) (16) (96) (74) (8) (78) (23) (43) (17) (47) (42) (45) (55) (29) (34) (86) (100) (2) (50) (30) (39) (22) (32) (75) (89) (92) (81) (1) (66) (94) (72) (99) (36) (73) (35) (14) (57) (98) (49) 
51 (11) (72) (54) (46) (32) (39) (53) (29) (38) (66) (51) (20) (43) (56) (48) (33) (27) (23) (81) (30) (35) (16) (91) (78) (21) (90) (44) (99) (49) (26) (67) (57) (41) (25) (36) (74) (15) (92) (82) (18) (19) (85) (87) (13) (83) (37) (88) (2) (84) (96) (28) (12) (17) (31) (94) (60) (73) (5) (6) (50) (69) (52) (42) (3) (47) (65) (58) (86) (22) (95) (100) (79) (40) (77) (45) (64) (89) (10) (75) (24) (8) (34) (93) (71) (98) (7) (14) (68) (59) (80) (97) 
52 (20) (7) (21) (28) (72) (10) (81) (54) (68) (8) (14) (46) (77) (74) (99) (90) (83) (94) (66) (76) (79) (67) (45) (16) (60) (92) (29) (97) (65) (87) (23) (25) (1) (32) (37) (55) (58) (75) (49) (27) (61) (69) (62) (31) (15) (88) (13) (47) (93) (9) (48) (41) (64) (50) (36) (96) (40) (2) (95) (98) (34) (42) (80) (18) (85) (4) (43) (5) (56) (89) (11) (17) (51) (3) (44) (39) (33) (26) (78) (59) (73) (100) (38) (35) (84) 
53 (76) (5) (6) (77) (95) (43) (51) (74) (41) (87) (8) (89) (14) (66) (36) (32) (56) (90) (25) (78) (20) (27) (100) (53) (9) (59) (23) (31) (30) (63) (35) (92) (83) (85) (52) (7) (82) (3) (2) (44) (80) (12) (65) (84) (72) (62) (60) (97) (93) (99) (29) (64) (91) (34) (42) (47) (22) (18) (94) (73) (37) (70) (55) (57) (16) (71) (10) (26) (1) (49) (13) (28) (4) (40) (15) (17) (45) (48) (81) (67) (24) (46) (96) (61) (33) (38) (21) (39) 
54 (84) (39) (28) (31) (61) (42) (93) (98) (83) (16) (67) (9) (63) (86) (56) (100) (36) (1) (15) (8) (41) (47) (24) (75) (52) (13) (92) (19) (14) (87) (57) (44) (74) (94) (5) (40) (53) (2) (77) (78) (81) (43) (4) (76) (59) (11) (97) (30) (35) (82) (69) (38) (7) (25) (71) (91) (68) (70) (18) (50) (60) (85) (49) (17) (21) (99) (45) (66) (46) (26) (88) (34) (62) (54) (79) (12) (65) (80) (33) (20) (96) (55) (64) (72) (95) (6) (37) (22) (73) (23) (90) (3) (27) (10) (48 89 29) 
55 (10) (82) (12) (68) (20) (40) (14) (79) (42) (7) (46) (44) (52) (74) (95) (83) (100) (50) (27) (65) (34) (78) (4) (24) (5) (81) (49) (9) (93) (85) (71) (38) (99) (86) (33) (59) (64) (77) (66) (41) (36) (97) (88) (69) (45) (19) (26) (32) (25) (30) (84) (70) (98) (87) (15) (72) (2) (29) (96) (39) (55) (54) (31) (62) (37) (22) (92) (56) (16) (11) (90) (1) (73) (21) (67) (91) (48) (47) (23) (60) (75) (63) (58) 
56 (78) (1) (37) (70) (76) (17) (67) (4) (11) (38) (88) (77) (46) (92) (60) (24) (81) (87) (5) (13) (73) (82) (3) (83) (68) (39) (32) (22) (98) (95) (40) (49) (56) (66) (69) (51) (53) (33) (44) (50) (52) (6) (45) (48) (23) (64) (55) (71) (96) (86) (14) (80) (91) (65) (100) (84) (30) (9) (21) (85) (26) (74) (47) (28) (58) (31) (63) (25) (61) (59) (2) (43) (54) (7) (12) (15) (20) (79) (62) (57) (19) (94) (10) (35) (99) (72) (89) (90) (8) 
57 (85) (10) (73) (15) (50) (2) (78) (12) (77) (32) (46) (13) (3) (28) (98) (48) (69) (30) (36) (6) (88) (39) (27) (100) (55) (54) (35) (19) (90) (61) (51) (93) (72) (57) (14) (43) (91) (63) (65) (89) (79) (94) (26) (22) (84) (56) (62) (21) (87) (44) (76) (1) (7) (8) (99) (33) (81) (80) (59) (60) (64) (52) (17) (4) (41) (53) (47) (95) (74) (25) (49) (24) (96) (82) (31) (16) (38) (92) (20) (42) (58) (45) (68) (37) (23) (97) (18) (5) 
58 (33) (11) (1) (82) (74) (95) (26) (69) (78) (79) (97) (90) (43) (45) (68) (85) (91) (76) (52) (99) (81) (56) (3) (4) (41) (51) (17) (77) (18) (47) (93) (73) (25) (57) (46) (88) (67) (39) (32) (28) (54) (15) (59) (87) (66) (34) (21) (24) (44) (61) (53) (31) (29) (49) (89) (40) (9) (36) (62) (12) (23) (70) (22) (42) (8) (58) (48) (92) (84) (5) (83) (6) (13) (27) (38) (100) (80) (96) (20) (64) (16) (50) (19) (98) (86) (72) (75) (65) (71) (2) (94) 
59 (62) (90) (53) (1) (78) (89) (97) (71) (41) (67) (91) (4) (73) (87) (36) (96) (86) (37) (3) (18) (40) (10) (44) (17) (52) (38) (79) (93) (60) (24) (54) (14) (50) (23) (42) (63) (31) (68) (5) (99) (2) (34) (45) (39) (19) (55) (22) (100) (70) (88) (58) (16) (81) (47) (8) (13) (30) (29) (12) (59) (33) (85) (84) (77) (28) (83) (27) (98) (74) (49) (9) (94) (95) (80) (51) (75) (69) (32) (66) (64) (61) (11) (26) (72) (46) (65) (43) (82) (56) 
60 (58) (66) (5) (36) (94) (54) (6) (49) (83) (59) (74) (61) (30) (99) (91) (92) (90) (13) (23) (72) (55) (43) (69) (93) (76) (96) (17) (22) (28) (11) (8) (97) (70) (89) (2) (1) (44) (60) (56) (40) (48) (45) (12) (52) (16) (14) (67) (95) (34) (25) (33) (42) (63) (86) (81) (51) (78) (20) (82) (3) (65) (71) (26) (64) (39) (68) (62) (21) (53) (57) (85) (46) (7) (79) (19) (32) (50) (27) (4) (10) (100) (87) (47) (31) (29) (9) (88) (41) (73) (37) (15) (84) (77) (24) (35) 
61 (69) (50) (52) (88) (11) (90) (85) (51) (41) (47) (32) (60) (53) (36) (70) (92) (33) (7) (79) (35) (3) (19) (38) (24) (100) (75) (40) (62) (77) (80) (16) (58) (8) (96) (95) (91) (72) (26) (18) (37) (73) (49) (43) (14) (46) (20) (17) (68) (76) (1) (81) (59) (89) (29) (71) (45) (42) (10) (83) (98) (78) (2) (64) (15) (66) (31) (34) (9) (87) (48) (28) (6) (22) (63) (12) (56) (84) (44) (39) (82) (65) (74) (21) (13) (27) (61) (30) (57) (93) (54) (55) 
62 (92) (97) (83) (14) (62) (23) (50) (18) (29) (61) (65) (58) (49) (33) (81) (43) (71) (15) (7) (27) (32) (2) (59) (72) (96) (26) (34) (88) (57) (54) (35) (60) (6) (12) (87) (99) (13) (31) (56) (94) (75) (55) (19) (40) (22) (79) (63) (41) (100) (89) (5) (69) (47) (74) (11) (9) (16) (17) (90) (44) (51) (21) (78) (10) (84) (39) (77) (24) (73) (68) (52) (30) (38) (20) (66) (48) (45) (28) (91) (25) (95) (85) (64) (42) (76) (1) 
63 (1) (80) (60) (86) (4) (79) (40) (82) (84) (65) (44) (95) (31) (15) (27) (55) (71) (36) (25) (96) (47) (78) (90) (92) (59) (52) (67) (38) (3) (5) (61) (98) (69) (41) (6) (83) (66) (23) (75) (7) (70) (50) (30) (16) (81) (63) (9) (34) (43) (58) (14) (72) (77) (56) (57) (54) (94) (64) (12) (8) (93) (35) (2) (37) (19) (20) (39) (51) (99) (10) (22) (33) (97) (87) (100) (74) (13) (45) (32) (26) (28) (24) (91) (29) (18) (68) (73) (46) (11) (17) (21) 
64 (49) (10) (27) (96) (20) (23) (17) (13) (98) (39) (70) (5) (65) (3) (81) (30) (18) (4) (97) (95) (45) (94) (32) (63) (71) (35) (8) (76) (68) (22) (38) (46) (91) (29) (62) (88) (93) (12) (2) (90) (56) (54) (67) (79) (15) (55) (7) (9) (36) (34) (83) (82) (89) (84) (58) (77) (47) (40) (21) (1) (33) (14) (37) (42) (48) (19) (25) (78) (41) (80) (26) (52) (16) (61) (73) (28) (69) (75) (24) (43) (85) (51) (11) (60) (86) (99) (66) (31) (64) (92) 
65 (21) (12) (91) (14) (85) (31) (13) (42) (30) (38) (2) (44) (89) (45) (17) (97) (71) (29) (75) (20) (32) (27) (24) (90) (43) (23) (40) (1) (95) (99) (79) (87) (6) (93) (81) (18) (94) (88) (62) (34) (15) (33) (52) (8) (60) (48) (46) (67) (28) (53) (98) (55) (58) (9) (41) (26) (50) (16) (25) (64) (61) (3) (51) (49) (36) (11) (47) (100) (56) (63) (35) (7) (10) (76) (80) (92) (22) (96) (4) (5) (83) (70) (54) (57) (78) (84) (86) (74) (68) (77) (72) 
66 (27) (23) (31) (55) (81) (11) (25) (100) (79) (63) (47) (37) (43) (26) (84) (69) (45) (30) (92) (35) (71) (90) (21) (28) (46) (20) (9) (65) (19) (51) (88) (18) (49) (59) (60) (64) (36) (93) (82) (38) (16) (6) (99) (96) (73) (76) (4) (39) (34) (85) (70) (7) (83) (17) (24) (33) (77) (78) (67) (89) (98) (94) (13) (97) (57) (2) (75) (14) (95) (61) (48) (41) (32) (56) (22) (58) (29) (15) (87) (3) (40) (72) (8) (54) (50) (86) (62) (52) (1) 
67 (42) (10) (41) (51) (58) (87) (55) (26) (89) (2) (28) (66) (40) (68) (48) (39) (27) (86) (76) (83) (63) (30) (6) (73) (21) (61) (19) (84) (32) (5) (91) (71) (12) (100) (72) (85) (1) (49) (60) (81) (22) (94) (7) (13) (82) (57) (54) (50) (78) (14) (95) (90) (29) (15) (53) (18) (45) (75) (11) (88) (77) (25) (16) (38) (59) (31) (80) (4) (96) (69) (20) (23) (8) (9) (52) (33) (47) (56) (24) (79) (70) (46) (65) (93) (37) 
68 (23) (5) (15) (30) (77) (78) (8) (61) (24) (96) (44) (79) (10) (67) (25) (53) (51) (69) (83) (68) (50) (2) (76) (94) (42) (41) (9) (20) (70) (14) (55) (57) (85) (88) (62) (27) (64) (74) (90) (17) (71) (80) (37) (73) (48) (91) (26) (60) (84) (28) (18) (56) (52) (66) (33) (16) (49) (29) (92) (75) (93) (65) (98) (72) (21) (1) (40) (34) (100) (59) (4) (6) (38) (35) (31) (58) (63) (47) (3) (7) (86) (81) (43) (45) (54) (99) (39) (32) (46) (22) 
69 (26) (56) (38) (62) (3) (41) (31) (4) (13) (35) (54) (10) (96) (92) (93) (33) (15) (88) (24) (36) (19) (76) (51) (25) (99) (5) (17) (94) (95) (72) (39) (28) (44) (60) (47) (65) (98) (81) (57) (30) (20) (14) (11) (23) (97) (89) (55) (58) (91) (1) (34) (73) (2) (12) (42) (8) (48) (75) (22) (16) (43) (74) (29) (32) (69) (40) (61) (86) (78) (59) (46) (79) (21) (63) (18) (49) (66) (37) (83) (90) (67) (50) (77) (68) (82) (45) (9) (27) (80) (85) (70) 
70 (11) (27) (90) (53) (43) (41) (28) (45) (99) (24) (48) (32) (9) (71) (79) (70) (46) (91) (3) (78) (30) (58) (37) (86) (49) (64) (7) (89) (54) (39) (68) (17) (57) (13) (18) (85) (93) (65) (75) (55) (42) (98) (2) (34) (14) (77) (80) (23) (92) (20) (97) (35) (82) (25) (94) (6) (69) (56) (10) (51) (50) (19) (61) (83) (63) (44) (81) (22) (5) (1) (88) (21) (47) (72) (59) (76) (84) (4) (52) (16) (74) (95) (33) (36) (73) (15) (8) (60) (38) (62) (67) (12) 
71 (18) (84) (16) (95) (66) (79) (19) (3) (83) (80) (51) (38) (21) (54) (34) (97) (87) (75) (7) (41) (30) (23) (37) (57) (73) (55) (82) (68) (25) (72) (2) (58) (20) (52) (63) (36) (69) (92) (65) (53) (99) (56) (91) (12) (93) (22) (47) (14) (60) (67) (35) (42) (86) (64) (59) (5) (15) (43) (78) (89) (40) (71) (10) (32) (81) (98) (29) (8) (88) (74) (26) (28) (100) (45) (11) (49) (27) (31) (77) (6) (39) (96) (76) (4) (50) (94) (62) (61) (48) (1) 
72 (40) (68) (74) (48) (95) (78) (100) (30) (26) (1) (10) (12) (15) (28) (84) (90) (98) (27) (38) (36) (81) (44) (96) (29) (63) (8) (79) (57) (97) (42) (60) (45) (58) (59) (14) (50) (56) (43) (72) (9) (47) (18) (13) (73) (41) (91) (49) (93) (66) (39) (5) (86) (20) (32) (89) (52) (67) (16) (31) (99) (37) (46) (11) (21) (6) (54) (69) (35) (85) (34) (25) (53) (7) (62) (94) (92) (3) (65) (80) (64) (19) (17) (55) (87) (33) (70) (4) (83) (75) (2) (23) (51) 
73 (99) (85) (61) (59) (58) (84) (25) (92) (71) (30) (63) (57) (79) (83) (33) (31) (69) (62) (40) (77) (39) (16) (73) (94) (76) (78) (82) (20) (35) (98) (4) (27) (50) (17) (56) (43) (91) (21) (68) (8) (29) (6) (32) (10) (90) (80) (55) (67) (34) (3) (96) (89) (70) (12) (28) (9) (65) (86) (1) (44) (46) (36) (93) (23) (88) (74) (15) (64) (87) (14) (54) (5) (2) (13) (100) (81) (45) (42) (41) (95) (75) (26) (51) (24) (49) (19) (60) (53) (11) (66) (22) 
74 (97) (82) (83) (36) (10) (87) (2) (88) (99) (100) (39) (80) (29) (28) (54) (50) (93) (72) (70) (7) (11) (79) (40) (91) (86) (64) (69) (57) (8) (37) (65) (47) (12) (13) (51) (73) (5) (27) (85) (19) (56) (53) (81) (94) (52) (3) (90) (14) (78) (6) (61) (58) (68) (48) (67) (96) (17) (26) (98) (31) (71) (45) (49) (59) (46) (18) (43) (75) (25) (42) (34) (21) (62) (33) (23) (77) (74) (30) (24) (55) (4) (38) (15) (22) (41) 
75 (34) (22) (7) (58) (1) (85) (84) (14) (76) (87) (44) (62) (20) (24) (78) (68) (92) (61) (39) (59) (2) (97) (41) (43) (19) (56) (65) (46) (31) (71) (64) (70) (3) (60) (50) (94) (83) (98) (53) (67) (32) (55) (95) (16) (74) (45) (100) (35) (33) (90) (49) (36) (91) (15) (27) (75) (29) (9) (4) (10) (81) (47) (13) (30) (69) (21) (12) (23) (63) (25) (28) (5) (89) (80) (54) (72) (57) (17) (86) (48) (37) (26) (18) (93) (38) (88) (79) (77) (11) (52) 
76 (91) (25) (68) (96) (26) (93) (15) (62) (8) (4) (50) (70) (6) (37) (86) (59) (81) (83) (31) (80) (43) (67) (20) (88) (51) (85) (97) (38) (42) (27) (10) (78) (61) (39) (34) (92) (77) (45) (46) (95) (18) (55) (29) (60) (23) (89) (7) (24) (13) (56) (36) (48) (40) (22) (84) (94) (82) (28) (17) (69) (65) (100) (14) (35) (87) (19) (2) (49) (53) (3) (99) (1) (9) (16) (33) (72) (58) (54) (41) (57) (76) (79) (64) (47) (63) (98) (66) (5) (74) (44) (21) (71) 
77 (94) (50) (11) (75) (93) (17) (23) (20) (55) (42) (2) (10) (12) (6) (47) (66) (68) (89) (53) (78) (31) (26) (72) (87) (73) (48) (35) (86) (15) (3) (13) (81) (88) (27) (74) (59) (64) (54) (76) (4) (9) (45) (80) (71) (65) (99) (49) (56) (30) (7) (62) (79) (8) (82) (5) (41) (97) (22) (33) (46) (16) (18) (70) (34) (63) (32) (14) (96) (61) (29) (84) (100) (90) (19) (85) (91) (58) (44) (95) (51) (67) (37) (83) (69) (39) (25) (38) (36) (98) (21) 
78 (34) (33) (79) (49) (46) (91) (68) (15) (97) (67) (24) (57) (11) (25) (61) (96) (78) (26) (53) (36) (14) (17) (70) (81) (73) (90) (62) (35) (28) (94) (59) (86) (76) (3) (50) (6) (58) (40) (7) (42) (77) (99) (75) (39) (13) (93) (38) (18) (54) (66) (64) (27) (43) (9) (48) (92) (16) (19) (56) (100) (55) (4) (69) (32) (85) (20) (41) (72) (60) (37) (45) (47) (98) (89) (52) (5) (71) (80) (74) (1) (31) (2) (10) (21) (87) (30) (51) (84) (44) (65) (88) (95) 
79 (77) (100) (63) (99) (81) (3) (56) (14) (62) (48) (91) (26) (89) (72) (70) (11) (65) (61) (55) (79) (43) (54) (29) (25) (1) (64) (78) (18) (27) (92) (12) (53) (34) (8) (76) (59) (47) (82) (36) (86) (57) (46) (74) (24) (28) (50) (21) (51) (73) (69) (94) (37) (49) (6) (4) (5) (39) (75) (85) (16) (22) (17) (40) (71) (20) (38) (15) (87) (13) (30) (31) (42) (45) (84) (83) (41) (80) (35) (33) (88) (7) (95) (67) (23) (93) (58) (97) (52) (90) (60) (32) (66) 
80 (74) (51) (68) (94) (5) (62) (3) (86) (32) (69) (21) (9) (73) (55) (48) (40) (24) (79) (89) (17) (11) (98) (31) (43) (50) (47) (61) (38) (65) (28) (64) (59) (7) (29) (60) (23) (13) (53) (34) (83) (1) (41) (100) (91) (45) (18) (76) (39) (58) (2) (99) (52) (4) (14) (49) (30) (80) (44) (8) (19) (92) (96) (87) (12) (78) (36) (16) (66) (22) (37) (63) (81) (46) (71) (85) (27) (6) (20) (10) (56) (35) (84) (70) (97) (75) (82) (15) 
81 (81) (96) (34) (67) (66) (88) (3) (61) (6) (12) (28) (36) (17) (18) (48) (42) (26) (13) (72) (4) (68) (100) (57) (22) (14) (56) (49) (24) (16) (82) (76) (9) (23) (8) (78) (90) (39) (1) (45) (87) (94) (11) (32) (80) (64) (52) (60) (95) (38) (5) (35) (19) (31) (37) (25) (59) (7) (33) (55) (53) (89) (70) (97) (46) (15) (65) (10) (30) (21) (43) (54) (91) (77) (51) (79) (58) (47) (85) (50) (40) (29) (41) (98) (99) (75) (27) (73) (83) (62) 
82 (99) (64) (78) (87) (9) (89) (15) (81) (26) (8) (37) (79) (6) (60) (29) (43) (54) (58) (74) (33) (82) (44) (80) (85) (24) (35) (34) (47) (93) (70) (84) (49) (91) (3) (56) (52) (42) (11) (97) (61) (39) (5) (66) (57) (32) (13) (17) (25) (90) (92) (20) (19) (63) (2) (23) (1) (100) (98) (10) (27) (46) (95) (18) (7) (40) (36) (21) (75) (69) (77) (30) (14) (28) (72) (48) (12) (4) (71) (45) (76) (65) (55) (31) (53) (96) (68) (50) (16) (59) (83) (86) 
83 (1) (77) (89) (2) (88) (7) (31) (92) (15) (66) (40) (45) (98) (12) (65) (4) (91) (87) (25) (48) (67) (6) (64) (47) (8) (22) (82) (96) (76) (9) (36) (90) (29) (3) (17) (54) (33) (16) (83) (94) (5) (69) (61) (81) (35) (57) (86) (71) (68) (32) (20) (97) (10) (78) (52) (80) (63) (70) (100) (85) (72) (51) (95) (93) (14) (27) (59) (13) (50) (74) (56) (38) (19) (43) (75) (79) (30) (34) (84) (24) (39) (58) (44) (49) (26) (11) (23) (55) (53) (21) (37) 
84 (3) (4) (28) (59) (100) (51) (69) (53) (75) (49) (52) (57) (2) (66) (92) (14) (56) (6) (17) (35) (47) (43) (16) (29) (23) (80) (31) (34) (86) (22) (50) (33) (10) (63) (87) (18) (77) (19) (99) (45) (48) (25) (54) (62) (32) (42) (83) (41) (72) (24) (64) (58) (67) (70) (65) (76) (21) (78) (39) (73) (13) (96) (30) (9) (55) (97) (89) (93) (98) (26) (95) (7) (60) (71) (36) (91) (38) (20) (5) (37) (1) (8) (40) (44) (27) (15) (79) (46) (94) (61) (90) 
85 (21) (55) (31) (47) (99) (36) (37) (40) (80) (82) (51) (57) (1) (76) (75) (98) (22) (79) (86) (15) (45) (2) (44) (85) (4) (84) (46) (14) (5) (56) (25) (67) (93) (50) (73) (38) (11) (18) (65) (32) (34) (6) (60) (12) (95) (26) (77) (96) (89) (39) (29) (88) (54) (90) (69) (62) (9) (58) (35) (68) (94) (92) (23) (3) (59) (100) (61) (97) (70) (20) (48) (43) (19) (72) (63) (41) (30) (66) (28) (8) (53) (49) (87) (64) (52) (33) (13) (24) (83) 
86 (83) (34) (6) (84) (74) (80) (81) (57) (30) (79) (100) (11) (31) (47) (25) (58) (48) (41) (24) (93) (12) (13) (5) (37) (7) (53) (29) (59) (3) (18) (17) (15) (77) (27) (10) (65) (92) (1) (98) (2) (36) (82) (60) (86) (33) (91) (56) (51) (70) (95) (35) (32) (38) (28) (96) (67) (63) (94) (97) (73) (54) (22) (78) (4) (68) (69) (50) (55) (23) (71) (20) (9) (44) (64) (40) (39) (90) (99) (21) (46) (75) (16) (89) (61) (72) (52) (14) (66) (43) (8) (88) 
87 (69) (4) (55) (47) (64) (12) (87) (20) (74) (8) (5) (19) (86) (25) (92) (96) (67) (2) (58) (52) (57) (17) (48) (80) (59) (81) (29) (76) (28) (78) (23) (30) (51) (31) (98) (34) (15) (71) (49) (84) (24) (44) (95) (77) (100) (65) (50) (54) (88) (35) (32) (91) (93) (3) (97) (1) (36) (94) (22) (79) (70) (83) (72) (68) (38) (21) (13) (16) (7) (60) (43) (89) (6) (56) (82) (11) (46) (18) (33) (37) (73) (27) (53) (9) (63) (26) (14) (66) (62) 
88 (72) (55) (57) (97) (71) (42) (68) (90) (93) (83) (12) (25) (89) (36) (100) (98) (5) (61) (58) (60) (7) (91) (30) (79) (69) (19) (52) (17) (84) (75) (95) (50) (43) (46) (73) (32) (38) (80) (49) (94) (59) (4) (16) (2) (13) (15) (22) (48) (53) (28) (40) (88) (51) (47) (10) (86) (56) (39) (70) (26) (54) (11) (6) (9) (87) (99) (21) (62) (74) (64) (76) (66) (24) (29) (67) (23) (65) (41) (8) (14) (33) (78) (34) (35) (96) (27) (37) (45) 
89 (37) (40) (81) (76) (83) (4) (12) (22) (79) (92) (57) (85) (52) (6) (69) (58) (17) (61) (2) (71) (55) (35) (19) (45) (42) (68) (3) (18) (13) (87) (93) (33) (59) (62) (21) (80) (8) (67) (28) (100) (72) (53) (51) (89) (82) (78) (43) (75) (34) (15) (31) (14) (88) (94) (27) (96) (97) (25) (91) (41) (90) (7) (5) (77) (38) (9) (99) (66) (95) (84) (73) (36) (46) (1) (47) (70) (74) (20) (48) (54) (30) (64) (63) (49) (56) (16) 
90 (80) (3) (78) (1) (72) (24) (93) (98) (58) (41) (14) (25) (68) (32) (22) (27) (51) (86) (100) (57) (60) (17) (48) (31) (61) (91) (28) (63) (55) (38) (7) (67) (11) (23) (79) (47) (40) (13) (15) (62) (18) (42) (49) (90) (89) (8) (76) (75) (6) (74) (5) (56) (94) (26) (21) (36) (16) (88) (83) (9) (10) (73) (30) (59) (20) (85) (4) (44) (34) (39) (64) (2) (29) (52) (19) (33) (97) (71) (35) (70) (81) (96) (82) (45) (46) (54) 
91 (50) (33) (83) (76) (78) (47) (13) (85) (81) (31) (12) (60) (53) (3) (57) (84) (17) (10) (62) (15) (59) (64) (24) (70) (30) (35) (61) (86) (92) (48) (82) (56) (27) (25) (68) (97) (39) (51) (9) (43) (77) (34) (32) (63) (90) (18) (89) (98) (71) (26) (8) (95) (5) (22) (58) (41) (2) (19) (99) (67) (88) (66) (21) (75) (54) (52) (44) (65) (93) (4) (46) (96) (74) (36) (55) (16) (42) (37) (6) (49) (1) (7) (40) (91) (100) (80) (11) 
92 (37) (90) (65) (57) (71) (47) (87) (12) (49) (67) (5) (15) (53) (44) (82) (34) (91) (21) (40) (31) (60) (79) (42) (86) (97) (17) (8) (20) (39) (10) (58) (100) (16) (73) (27) (84) (6) (28) (22) (14) (46) (2) (95) (59) (99) (62) (29) (81) (35) (3) (74) (78) (25) (89) (63) (45) (1) (41) (96) (4) (33) (19) (38) (18) (92) (83) (23) (77) (93) (69) (75) (88) (13) (66) (85) (98) (11) (80) (68) (43) (24) (7) (70) (36) (94) (76) (64) (48) (54) (61) (50) (52) (56) (72) (9) (55 30) 
93 (16) (66) (57) (12) (3) (32) (53) (70) (20) (19) (56) (89) (5) (44) (2) (1) (18) (73) (84) (55) (11) (25) (47) (93) (6) (48) (64) (72) (78) (27) (29) (14) (86) (37) (88) (7) (94) (87) (50) (82) (79) (42) (98) (71) (92) (4) (10) (83) (28) (26) (30) (96) (35) (80) (81) (54) (65) (31) (40) (61) (63) (67) (52) (23) (100) (22) (13) (51) (91) (68) (95) (43) (34) (36) (58) (90) (15) (49) (38) (21) (69) (45) (9) (59) (99) (77) (60) 
94 (62) (43) (70) (40) (37) (9) (29) (14) (45) (36) (7) (18) (71) (11) (41) (8) (68) (23) (19) (25) (91) (6) (76) (27) (26) (34) (57) (63) (75) (69) (17) (30) (2) (54) (20) (83) (44) (4) (22) (39) (67) (82) (95) (99) (94) (49) (60) (64) (15) (66) (24) (35) (73) (42) (3) (13) (56) (53) (87) (31) (16) (10) (96) (86) (88) (74) (52) (72) (89) (84) (38) (58) (80) (78) (77) (61) (97) (65) (90) (93) (92) (32) (1) (21) (85) (12) (79) 
95 (38) (37) (4) (11) (76) (22) (96) (42) (20) (55) (52) (26) (45) (46) (73) (21) (77) (25) (10) (59) (62) (69) (17) (100) (82) (35) (6) (65) (67) (18) (94) (12) (29) (64) (78) (39) (80) (91) (43) (51) (57) (97) (88) (81) (87) (99) (32) (92) (74) (27) (89) (83) (28) (44) (9) (50) (24) (84) (41) (19) (3) (16) (60) (85) (8) (79) (5) (54) (48) (1) (2) (30) (36) (68) (33) (49) (98) (34) (61) (95) (63) (53) (90) (56) (15) (70) (93) (40) (71) (13) (31) 
96 (16) (34) (31) (73) (2) (27) (50) (8) (98) (85) (32) (42) (83) (100) (62) (86) (75) (37) (51) (81) (78) (15) (54) (87) (21) (61) (97) (9) (63) (10) (13) (46) (19) (68) (82) (1) (95) (69) (60) (49) (36) (26) (56) (53) (76) (4) (33) (88) (44) (91) (5) (93) (72) (12) (25) (52) (89) (94) (43) (71) (20) (3) (57) (14) (39) (6) (11) (7) (70) (79) (84) (55) (28) (40) (65) (45) (64) (90) (30) (41) (23) (77) (80) 
97 (49) (69) (24) (76) (94) (77) (99) (41) (85) (64) (46) (93) (8) (22) (51) (97) (62) (63) (88) (21) (82) (84) (36) (57) (3) (80) (32) (44) (47) (83) (34) (20) (35) (6) (55) (38) (79) (19) (86) (43) (10) (67) (16) (9) (81) (5) (95) (7) (17) (73) (56) (37) (42) (96) (29) (89) (90) (39) (75) (98) (11) (74) (26) (87) (48) (25) (50) (91) (1) (59) (4) (45) (28) (30) (27) (52) (60) (78) (70) (100) (13) (23) (31) (14) (92) (33) (58) (12) (72) (53) (40) 
98 (66) (37) (35) (5) (74) (48) (29) (46) (36) (85) (95) (14) (83) (84) (10) (77) (4) (68) (53) (19) (89) (26) (71) (78) (69) (50) (64) (70) (2) (52) (13) (22) (18) (21) (30) (28) (55) (23) (16) (47) (76) (54) (75) (58) (67) (44) (49) (99) (33) (15) (91) (42) (87) (6) (65) (96) (63) (59) (90) (8) (51) (17) (41) (97) (80) (98) (32) (57) (94) (39) (82) (79) (73) (24) (27) (60) (12) (72) (100) (3) (88) (45) (11) (20) (92) (7) (1) (81) (9) (25) (38) (61) (31) 
99 (68) (50) (28) (63) (36) (57) (10) (13) (90) (33) (37) (70) (83) (3) (65) (42) (48) (22) (52) (38) (76) (59) (24) (96) (29) (32) (4) (71) (23) (73) (20) (26) (6) (19) (75) (99) (1) (80) (27) (43) (44) (82) (25) (81) (5) (88) (92) (9) (34) (45) (47) (58) (60) (12) (46) (77) (69) (67) (15) (64) (14) (7) (94) (8) (56) (17) (54) (40) (18) (84) (11) (35) (87) (53) (30) (49) (72) (98) (86) (95) (100) (89) (97) (39) (55) (74) (2) (93) (78) 
100 (28) (77) (53) (89) (70) (22) (20) (17) (87) (82) (43) (18) (80) (79) (39) (92) (6) (98) (63) (85) (40) (51) (50) (19) (1) (30) (91) (27) (73) (16) (86) (2) (14) (59) (42) (57) (74) (68) (58) (62) (47) (45) (97) (7) (15) (46) (54) (56) (78) (48) (88) (29) (12) (49) (9) (4) (64) (75) (3) (76) (5) (67) (34) (69) (96) (21) (100) (52) (10) (84) (71) (60) (65) (66) (13) (25) (83) (31) (41) (93) (33) (26) (11) (55) (72) (95) (24) (44) (35) (23) (99) (90) 
