0
100
100
1 (1 13) (58) (57) (99) (8) (25) (87) (34 19) (12 33) (52 37) (46) (40) (91) (44 100) (73) (84 16 45 86) (72 82 71) (78) (22) (41) 
2 (76) (57 41 64) (70 55) (17 14) (18) (42) (62 1 40) (100) (19) (68) (32 12 4) (45 35 3) (77 72 25) (34 16) (53 50) (21) (47 75) (51) (6) (73) (56) (38) 
3 (67) (38 45 46) (55 84) (100 82) (89) (4) (54) (10 35 51) (17) (58) (39) (40) (80 74 12 34) (22) (26 16 11 77 48) (28) (57) 
4 (75 14 81 2) (20) (25) (22 17) (57) (49 61) (86) (16) (66 77) (72) (99 18) (27) (58) (71) (100) (59) (69) (29) (34) (93) 
5 (9) (78) (70) (92) (28 54 83 32) (7 65) (4) (35) (94) (14 48) (95 52 23 20) (73) (16) (81) (98 34) (58) (57) (79) (86) (68) (59 30) 
6 (75) (56 79) (23) (39) (93) (96) (71 47 54) (51 2 97) (62 4 45) (13 42 49) (99 10) (44) (82) (72) (29 8) (53) (90 17) (22) (16 91) (69 34) 
7 (10 18) (27) (4) (63) (23 12) (86 85 20) (68) (51) (73) (81) (7 75) (74 29) (84 44 97) (21) (31) (98) (19) (24 6) (26) (46 22) (41) 
8 (18) (55) (51) (33) (98 19) (88 79) (58) (84) (32) (67) (56 83 65 25 66) (53 46) (50) (62) (99 57) (1 64 38) 
9 (29) (9) (28) (61 69) (83 40 17 97 1) (13) (48 71 47 41 95) (91) (93) (12 26 58 53 80 66) 
10 (22) (69) (53) (37) (26 70) (59 67) (39 60) (85 49 10 7) (40 29 30) (32 86 75 8 79) (36 93) (92 18) (47) (33 50) (17 62) (5 58 91) 
11 (55 96) (26) (82 5) (39) (77 48) (51) (80) (84 34) (16) (56 3) (38 40 24) (97) (25) (61 9 75) (13) (49 20 2) (57) (22) (1 68 36 7 58) (35 4) (41) (6 99) 
12 (10 8) (88) (13) (7 100) (55) (1) (48) (43) (66 68 86) (56) (47 24) (5 76 54) (30 57) (53 77 44) 
13 (41) (55 13 2) (23) (68) (54) (48 53) (77 5) (38) (86) (45 65 80 8 28) (40 58 56 71 12) (59) (72) (81 34 70) (85) 
14 (43 30) (48) (93 96) (14) (21) (66) (91) (68) (97 82) (98) (79) (19) (85) (60 2) (3) (24 33) (11) (5) (32) 
15 (95 28 93) (91 25 71) (11) (57 33) (20 39) (41) (70 46) (23 19) (9 45) (99) (77 14) (88 27) 
16 (7) (48) (62) (10 13) (79) (65 63) (81 33 68) (94 91 3 97) (90 49) (22 69 88) (93 61) (89 66 35 100 58) (98) (60) (64) (25 84) (26) (99) (82 41) (16) 
17 (75) (64) (80 87 67) (50 74) (8) (51) (88) (92) (15) (59) (98) (30) (42 94 69 25) (100 28) (60 23) (93) (71) (96) (12) 
18 (6) (10) (46) (57) (48 76) (88) (49 53) (30 32) (100) (90) (23 50 87) (41) (91) (75 69) (25) (94 34) (82 7 73 29 19) (51 4) 
19 (59 29 62) (53 85 80 41) (60) (4 82) (12) (79 34 11) (22) (52 72) (16) (65) (99) (77 15) (69) (14) (74) (58) (26) (21) (68 5 28) (91 49) (40) (81 75) (46) (93) 
20 (56) (75) (5) (74) (63 60) (25) (13 85 50) (94) (61) (38 47 59) (22 4) (21) (10) (18) (91 49 42 52 57 11) (26) 
21 (47 28) (64) (67) (25) (26 21 94) (10) (11 53) (98) (71) (36) (84 34) (60) 
22 (55 60 26) (19 44) (94) (77 88 12 5 16) (28) (17) (65) (53 64) (18) (75 29) (74 25 78 92) (32 82) (61 83) (40) (38 91) (56) 
23 (27) (68 51) (25 65) (17) (94) (19 6 31 66) (44 78) (3) (57) (82) (1) (99) (56 60) (77) (71 100) (28) (10 81) 
24 (34) (41 4) (8) (84) (27 3) (76) (88) (99) (35) (89 11) (64) (7 45) (32) (75 54) (60 14 38) (98) (74) (37) (55 79) 
25 (68 15) (31 83 38) (93) (41 6) (17 88) (64) (2) (28 69) (37) (57 94 80) (13 92) (25 100) (18 89 99 63) (49) (81) (8) (12) 
26 (54 17 79) (48) (69) (53 76) (99 24 9) (50) (84) (85) (82 11) (65 100) (33 38 37) (39 63) (27) (18 43 75) (46) (41) (88 49) (83 87 71 94) (7) (58) 
27 (35) (50 12 29) (43) (52 4) (62) (27 28 94 82) (97) (32 37) (76) (8 85 78) (2 66) (80) (36 83) (25) (67 14) 
28 (91) (28 12 27 64 96 53 81 60) (77) (6) (13) (71 18) (93 23) (66 59) (15) (5 1 62) (76 100 57 85) (48) (99) (61) (33) 
29 (47) (89) (97) (84 5) (86 44) (15) (66) (41 38) (91) (7 37 48 10) (96 90) (75) (60 81) (85 51) (12) (70) (42) (63) (19) 
30 (90 94) (9 75) (45 89) (67 14) (28) (50) (27) (98 25) (85 65) (63 73) (82) (76) (100) (26 66 74) (80) (6 49) (18) (2) (1) 
31 (65) (54) (89 74) (42) (31) (66 4) (93 29 12) (38 41 50 1) (91 94 70) (9 83 17) (55) (2) (7) (8 60) (26) (16 96 53) 
32 (45) (39) (44) (89) (48) (63) (79 69) (95) (82) (68 99 19) (52) (91) (7 5) (35 33 96) (73) (25 1) (26) (32 87) (38 84) (21) (8) (55 3 94) 
33 (17) (59 74) (98) (45) (99 3) (40 12) (70) (100) (43) (49 15) (20) (48) (96 95 61 69 55) (24 62) 
34 (36 61) (51 6 80) (39 64 97) (8) (69) (94 72 14 53 92) (57 68) (32) 
35 (34) (5) (77) (72) (61 95) (56 29 91) (50 25 27) (45) (24 41 31 93 80 73) (10 48) (81) (74) (44) (9) (42) (38) (3) 
36 (71) (87) (56) (36 30) (65) (40) (80) (4) (77 99) (3 90 12) (50) (94) (10 58 84 26) (38) 
37 (16) (42 8) (27) (69 63 2 20) (34) (53) (68 93 13) (22) (11 51) (96) (78 67 5) 
38 (8) (19) (23 82 14 29) (37) (100) (30) (83) (28) (98) (75) (25) (67) (6) (32) (69 46) (62) (91) (39) (31) (93) (79 59) (66) 
39 (94 43 41 50 24 33) (48) (75) (14) (5) (68) (53 7 57 74) (61) (78 100 65) (86) (69 95 1 15 66) (90) (22) (47) (93 9) 
40 (72) (45) (15 4) (30) (67 22) (51) (73) (57 100) (61 75) (56 81 90) (26) (49) (88 98 58 77) (94) (82) (87) (34) (69 62) (91) (18) 
41 (7 23 12 80 97 46) (4) (63 89) (50 88) (66 77) (83 53 33) (30 95) (5 57) (85 45) (81 19) (43 44) (78 25 27) 
42 (62) (23) (22 35 64 52) (78 66) (61) (9) (98) (39 11) (42 45) (95) (96) (14) (49 67) (89) (5) (53) (7) (59) (90) (31 19 84 74 71) 
43 (84) (95) (24) (87) (51) (100 63 26) (37) (58) (34 86) (96 16) (22) (28) (32 82 36) (92 79 4 25) (13 85) (12) (53 80 40) (69 10) 
44 (41 82) (92) (29) (68 61 11) (86) (65 18 21 79) (12) (23 16) (48 9) (10 26 98) (87) (72 71 83) (47 67) (53) (63) (77) (8 60) (31) (34) (94) (6) 
45 (99 19) (91) (83) (47) (40) (75) (42 7) (43 5) (38) (6 11 26) (89) (21 33) (53) (32 2 39) (23 77) (56) 
46 (95) (100) (61) (34) (26) (57 27 58) (47 41) (29 10 53 48) (33) (31) (51) (77) (1) (55 5) (67 15) (86 14) (2) (19) (96) (28 49 37 21 9 3 18 25) 
47 (36 99 62) (34) (86) (59) (10) (33 72) (71 27 64 8) (16) (83 60 24) (17) (65 9) (88) (32) (58) (52) (2 48) (44) (6 1 25 57) (37) 
48 (7 38 98) (56) (15 55) (47) (69 52 58 85) (12) (24) (25 30) (46 60 40 28 6) (9) (48 29 84) (74) (70 10 88 62) (57) (68) (18 79 65) 
49 (98) (99) (57 53 100) (47) (19) (59 17) (12) (95) (27) (62) (24) (40) (90 14) (66 37 54) (96) (72) (5) (32 84) (22) 
50 (22) (43) (58) (57 20 29) (27 51 36) (71) (85) (34) (9) (25) (23 93) (77 84) (64 48 92 90) (3) (53) (54) (13) (83) 
51 (85 59) (47) (38 34) (78) (11) (20) (17 36 2 76 66) (67) (98) (8) (69 18 87 29) (97 24) (70 80 65) (45) (22 57) (39) (31) (73) 
52 (21) (42 76) (23) (48 41 1 15 30 9 60 12) (6) (20) (45) (2) (52 58) (62 54) (51 74) 
53 (88) (18) (92) (95) (25) (44) (61) (34 72) (66) (14) (21) (83 17) (87 26) (27) (89) (38) (3) (65) (50 16) (68) (100) (93 40) (80) (75) (76) (96 43) 
54 (45) (8) (87) (32) (35 34) (44) (46) (96) (42 41 59 39) (26) (13) (1) (92) (31) (11 66 9) (55 18) (27) (16) 
55 (10 82) (76) (7) (75) (52) (49 56) (74 70) (57) (94 11) (32 85) (15) (1 14 34 28 93 58) (37) (6 5) (42 67 91 78 3 20 13) 
56 (79) (80) (90) (26) (53) (92) (95) (14 38) (12) (35) (55) (5) (68 82) (65) (64 44) (77 61) (34) (59) (36 28) (7) 
57 (77) (41 5 3 10) (66 36 32) (38) (54) (2 1) (64) (61) (9) (34 84 6) (13 80 18) (78) (12) (59) (4) (49) (75 91) 
58 (54) (79) (4) (34) (21) (23) (74) (9 68 19) (83) (40 94 56) (8 88) (47) (32 33 6) (53 25 17 36) (22) (76) (3) (89) (43 46) (78) (26 71) (64) 
59 (62) (94) (47 45 66 73) (79 92 95) (70) (28) (86) (93) (8 5 34) (22) (52) (27 16) (69) (30) (80 81) (44) (53 39) (37 29 55 82) (33 99 72 26) 
60 (37) (93) (81) (79 76) (5) (18 48 98) (54) (27) (64) (65) (40) (97 49 52 12) (6) (2) (45 88 39) (4) (70) (41 20 19) (34) (15 82) (22 91) 
61 (32) (71) (45) (51) (42) (33) (41) (77 23) (12) (87) (84) (61) (4) (64) (27) (21) (92 88 89 70 8) (81 20) (48 66 94) 
62 (58 19) (25) (100) (94) (5) (55 86) (36 44) (85) (43) (76) (52 70 62 3) (17) (34) (35) (46) (99) (92) (22 14) (73) 
63 (55 53) (38) (65) (47 92) (59) (13) (43) (81) (3 75) (71 78 28) (89) (93 12) (74 40) (45) (76) (19) (9 66 58 21) (32) (64 52) 
64 (85 19) (100) (46) (14) (92) (3) (95) (76) (5) (10) (43) (88 71) (91 93) (1 65 83) (38) (77 94) (45 81 63) (87 42) (82) (12) (98) (48) (75) 
65 (99) (21) (70) (5) (60) (90) (18 59) (69) (39) (8 66) (27 22 26) (56 45) (25 62) (96) (20) 
66 (58) (49 73 53 40) (75 14) (98 39 12) (34) (66) (5) (15 92) (6) (67 74) (100 43) 
67 (20 40 55) (80) (75) (34 71 26) (13 42 69 57) (15) (52) (62) (28) (72) (21) (12 4) (19) (14) (85 66) (43) (37 1) (49 39 84) (88) 
68 (52) (77) (88) (75) (32) (8) (47) (48) (13) (26) (81 16) (86 3) (96 10) (68) (93) (55) (80 56) (1 39 79) (57) (78 29 25 31) (6) (9) (12 65) (7) (99 21 91) (45) 
69 (25) (24 6) (20 92 9) (86) (27 1) (62) (63 49) (15 64) (46) (81) (19 43) (45) (14) (12) (32) (95) (44) (96) (91 72) (31) (11 100 59) (88 85) (67 50) (79) 
70 (79) (34) (58 66 30) (97) (57) (9) (71) (60) (99) (40) (15 74 8) (92) (61) (48 47 6) (72 68) (65 95) (17) 
71 (29 45) (3 95) (62 86 70 97 20) (84) (94 10) (96 36) (30 21 2 46 90 15 32 65) (12 17 49) (83 44 43) (25 79) 
72 (72 26 29) (1 46) (47) (81) (64 78) (91) (97) (71 48) (98) (99) (22) (12) (58) (39 24) 
73 (74) (55 66) (40) (18) (29) (78) (12 13 33) (47) (95 53) (31) (80 75 27 73) (62) (2) (50 83) (76 49) (81) (43) (41) (19) (48 22) 
74 (31 34 62) (73) (32) (45 89) (53 14) (19 85) (70) (49) (15 38) (4 7 61 39) (80) (37 81 35 58 78) (84) (3) (66) (69 26) (43 27) (21) 
75 (81 50) (37) (56) (13 24) (46 28 39 14) (32) (45) (82) (10 29) (36 52) (62) (8) (47) (48) (51) (71) (76) (15 22 72) (100 21) (11 20 87 95) (73) (33) 
76 (20 72 39) (12 2) (14 96) (64) (11) (26) (63 59) (50 54) (51) (88 84 68) (67) (93) (23) (83 86 29) (100) (9) (89 4 74) (66) (81 36) (6 43 28 55) 
77 (80 16) (64) (90 78) (62 5) (81 96) (73) (18) (7) (93 54 76) (27) (44) (46) (85 43 56) (52) (8 87 26) (34) (86 95) (83) (59) (77 67) (68 89) 
78 (84) (55 51) (82) (3) (9) (17 39 93) (49 11 95) (40) (89 42 19) (81 63 65 28 74) (90) (62 77) (59 70) (25 91) (12) 
79 (37 90) (52 92 20 66 11) (67) (77 76 17) (91 98) (64 16 2) (25 97 53) (26 5 29) (68) (71) (14 78) (86) 
80 (67 74 14) (86 64) (70) (32) (44 76) (3 82) (75) (81) (72 89) (96 55) (12) (34) (27 47 38 18 52) (33) (68) (93 94 41 61) (31) (1) (46 80 79) (87 53) 
81 (68 33) (72 41 30) (42 28) (46) (64) (39 43) (85 71) (47 49 100 14 93) (12) (25) (31 21) (97) (36) 
82 (69 81 6) (43 12) (96) (93) (38) (75) (64 28 76 42) (30 45) (74) (3) (36) (97) (46) (33) (7) (98) (10 41) (29 4) (100) (18) (51) (39) (88 48) (86 26) (40 82) 
83 (72) (82) (31 5 62) (59) (4) (65 87) (42) (32 50) (1 20) (94 49) (61 21) (56) (86 24 9) (3) (74 39) (68) (73) (7 14) 
84 (5 37) (23) (97 34) (64) (72) (50) (44) (10) (17 35 59 88 48 85 89 33 92 77) (16) (56 54 51) (73 63) (13 67 76) 
85 (13 1) (87) (31) (99) (44 74 70) (59) (27 98 15) (51 76) (39 17 83) (58) (6) (63) (54 18) (64) (60 14 26) (16) (49 7) (32) 
86 (21 52 75) (86 31 60) (45) (37) (12 64 53 20) (51 87) (91) (5 70) (81) (10) (69) (24 13 1) (29 28) (84) (6) (56) (95) 
87 (12) (1 70) (72) (13 80 91) (46 58 61) (67) (8) (25) (77) (89 66) (17) (10 44) (57 26 14 56) (85) (6) (93) (69) (100 81) (86 54 19 79 34) (21) 
88 (11) (37) (100 39) (48) (52 57) (51 83) (76) (85 34 19) (59 55 49 68 98) (33 24) (70 73 20 82) (74) (9) (95) (61) (14) (62) 
89 (50) (90 89 43) (77) (71) (20 82 2 26) (66 83) (19) (88) (16 72 100) (94) (98 96) (48) (46) (91) (29 85) (63) (42) 
90 (32 72 11) (24) (7 90) (68 47 79) (26) (34) (33) (28 18) (4 93 43) (91) (50 75) (3) (52) (49) (60) 
91 (17) (50 8) (7) (81 98 80) (40 36) (46 44 65) (52 93 67) (4) (21) (61) (10 37) (31 42 72 69 74) (58) (88) (71 75) (43 20 100) 
92 (6) (34) (90 64) (63) (72 75) (73) (49 86) (29) (19) (21) (17) (1) (45) (13) (25 76) (32) (18 61 46 85 74 55 70) (51) (24 4) (100 41) (30) (8) (62) 
93 (64) (29) (63) (11) (78) (30) (60) (49) (89) (54) (14 13 79) (44) (27) (4 50) (52) (28 9 10 25 87) (7) (66) (77) (71 19) (81) (24 51 48) (62) (85) (100) (57) (80 5 67) 
94 (34) (75) (80) (82) (84 33) (30 54) (93 85 50 45) (8 72 41) (71) (17) (70) (22) (58) (19 5) (76) (77 14 43 1 26) (39) (38) (18) (9 63) 
95 (48) (31) (20) (74 56) (84) (12) (52) (85) (4) (35) (68) (44) (23) (94) (8) (41) (24 14 39) (1 88) (100 76 10) (82) (86 11 13 9) 
96 (11 22) (80 31) (77) (76) (94) (17) (43 98 30) (35) (52) (100) (90 1) (58) (74 18 67 15) (5 42 29 46) (50) (14) (28 16) (59) 
97 (98) (44) (14) (40 96) (7) (58 70) (27) (21 24 62 74) (12) (91) (66 36 6) (11) (23) (83) (32) (25) (69 52 17) (26) 
98 (59) (67 99) (11) (70 55 45) (56 38 3 23) (51) (7 90) (43 18 61 74) (69 28) (96 66) (2) (95) 
99 (41) (28) (3) (50) (4 53 91 37) (81 21 60) (38 77) (68) (9) (1 18 6 40 31) (90 56) (65 96) (97) (71 34) (32) 
100 (5 59 14 100 75 88) (34 23) (9 77 18 20 65) (87) (70) (11 84 52 74) (30) 
1 (57) (47) (83) (1) (54) (28) (8) (46) (94) (69) (39) (2) (80) (31) (72) (52) (95 64 92 85) (23) (87) (12) (55) (11 96 86) (67) (68 99 30) (9) (32) 
2 (37) (52) (31) (71) (47) (57) (4) (25) (6) (73) (89) (51) (98) (11) (60) (46) (14) (79) (76) (30) (45) (13) (27) 
3 (71) (90) (58) (50) (98) (62) (99) (11) (80) (33) (36) (53) (83) (46) (63) (74) (78) (68) (2) (14) (82) (55) (23) (16) (57) (64 32 35 24) 
4 (61) (6) (24) (2) (60) (57) (90) (93) (20) (91) (99) (36) (67) (74) (92) (27) (95) (19) (40) (83) (43) (11) (31) (18) (5) (58) (7) (41 82) (76) (3) 
5 (66) (96) (11) (55) (79) (56) (22) (32) (41) (77) (83) (94) (93) (37) (28) (100) (20) (59) (35) (14) (65) (45) (29) (86) (13) (57) (19) (49) (60) (42 10 62 39 12) (64 46 84) 
6 (2) (34) (25) (38) (85) (44) (55) (66) (52) (76) (60) (23) (45) (28) (58) (70) (11) (30) (99) (86) (97) (69) (82) (48) (47) (92) (57) (18) (68) (87) (7) 
7 (55) (41) (56) (31) (93) (91) (85) (32) (48) (10) (18) (74) (11) (83) (77) (97) (98) (90) (12) (26) (24) (42) (7) (82) (29) (5) (45) (16) (68) (39) 
8 (75) (34) (87) (1) (68) (44) (54) (61) (70) (58) (24) (6) (77) (91) (38) (13) (17) (65) (37) (95) (27) (12) (94) (51) (25) (10) (59) (32) (47) (92) (31) 
9 (5) (48) (44) (11) (100) (35) (47) (78) (76) (39) (26) (15) (93) (58) (83) (42) (88) (30) (68) (99) (57) (31) (69) (52) (46) (70) (94) (50) (54) (63) (9) (95) 
10 (12) (57) (36) (16) (47) (64) (95) (23) (35) (68) (44) (71) (93) (3) (82) (18) (84) (86) (75) (46) (10) (21) (48) (91) (7) (6) (29) (20) (43) (87) (55) 
11 (100) (24) (54) (76) (90) (20) (96) (69) (95) (79) (42) (37) (14) (98) (97) (19) (51) (15) (75) (78) (45) (3) (93) (88) (21) (55) (26) (44) 
12 (68) (56) (81) (57) (31) (2) (61) (48) (69) (29) (9) (43) (52) (76) (66) (13) (25) (33) (60) (27) (97) (78) (28) (72) (80) (19) (44) (86) (36) (7) (17) (64 49) (22) (1) (63) (41 95) (71) (73 87) (3 82) (67) 
13 (93) (12) (37) (50) (1) (73) (87) (63) (28) (92) (86) (9) (84) (57) (67) (75) (25) (13) (16) (95) (68) (43) (6) (54) (85) (11) (20) (55) 
14 (80) (46) (64) (4) (97) (55) (69) (85) (76) (24) (42) (81) (53) (2) (19) (34) (49) (96) (79) (74) (95) (39) (15) (56) (87) (93) (94) (5) (88) (83) (100) (75) (38) (67) (66) (27) (14) (62) (30) 
15 (39) (48) (75) (55) (46) (17) (67) (85) (71) (25) (66) (19) (70) (28) (74) (40) (33) (69) (52) (60) (96) (29) 
16 (53) (43) (77) (37) (6) (68) (89) (79) (2) (47) (31) (59) (19) (4) (5) (22) (85) (16) (1) (54) (44) (84) (3) (96) (11) 
17 (96) (22) (3) (78) (87) (26) (70) (33) (4) (91) (2) (97) (9) (84) (85) (62) (79) (10) (47) (31) (23) (92) (25) (51) (49) (58) (6) (71) (53) (94) 
18 (44) (53) (99) (28) (98) (4) (90) (22) (51) (10) (40) (7) (20) (30) (73) (46) (96) (77) (57) (26) (25) (48) (85) (8) (2) (54) (82) (65) (60) (100) (94) (92) (80) 
19 (78) (58) (23) (94) (1) (92) (2) (8) (87) (88) (45) (67) (42) (89) (74) (15) (93) (32) (62) (22) (63) (18) (7) (14) (73) (60) (29) (64) (38) (41) (69) (46) (49) 
20 (7) (67) (37) (76) (88) (52) (15) (71) (79) (89) (4) (55) (33) (60) (51) (100) (86) (95) (50) (11) (91) (65) (5) (75) (69) (83) (61) 
21 (97) (19) (99) (32) (68) (91) (7) (21) (81) (87) (92) (71) (86) (52) (65) (45) (46) (74) (44) (63) (20) (75) (58) (14) (2) (67) (53) (83) (61) 
22 (49) (96) (37) (7) (40) (20) (10) (58) (4) (42) (51) (43) (39) (6) (1) (75) (73) (50) (65) (62) (72) (11) (94) (3) (16) (60) (19) (59) 
23 (95) (13) (76) (98) (84) (44) (38) (52) (100) (42) (50) (61) (18) (17) (7) (28) (97) (15) (41) (45) (6) (5) (58) 
24 (93) (14) (12) (72) (86) (83) (49) (33) (26) (39) (11) (69) (92) (43) (95) (75) (51) (97) (7) (90) (47) (48) (88) (35) 
25 (41) (58) (21) (92) (62) (97) (43) (47) (16) (23) (1) (2) (93) (15) (79) (27) (11) (35) (69) (38) (32) (48) (50) (30) (25) (87) (81) (53) (22) (46) (4) (8) (65) (18) (20) (78) (17) (71) (68) 
26 (79) (3) (20) (46) (53) (9) (44) (58) (56) (54) (67) (36) (16) (90) (32) (10) (7) (43) (85) (11) (68) (65) (22) (74) (94) (30) (19) (77) (45) (76) (89) (21) (97) (87) (82) (59) (72) (31) (40) 
27 (46) (35) (23) (27) (26) (47) (65) (97) (4) (49) (77) (54) (41) (28) (61) (85) (60) (7) (73) (59) (69) (50) (24) (37) (74) (93) (80) (30) (15) (53) 
28 (93) (56) (76) (48) (28) (96) (98) (3) (43) (46) (38) (90) (63) (23) (9) (27) (17) (82) (86) (30) (59) (21) (78) (81) (19) (13) (25) (55) (15) (22) (67) (75) (5) (99) 
29 (19) (93) (86) (59) (18) (50) (9) (92) (44) (82) (10) (89) (75) (7) (38) (76) (48) (51) (27) (71) (4) (22) (35) (6) (31) (79) (72) (96) (46) (68) (73) 
30 (93) (96) (94) (48) (5) (100) (12) (52) (59) (38) (70) (81) (40) (14) (10) (36) (41) (71) (18) (82) (17) (92) 
31 (81) (73) (99) (80) (69) (46) (68) (31) (44) (86) (85) (42) (38) (51) (91) (7) (95) (74) (54) (96) (23) (35) (83) (25) 
32 (68) (90) (54) (85) (2) (18) (10) (5) (80) (55) (32) (24) (14) (63) (75) (27) (38) (45) (22) (92) (8) (97) (99) (47) (57) (61) (49) (71) (43) (74) (83) (58) (69) (34) 
33 (45) (80) (14) (10) (46) (75) (26) (41) (90) (84) (28) (61) (47) (81) (82) (8) (88) (94) (58) (73) (59) (15) (32) (1) (16) (39) 
34 (90) (44) (11) (40) (47) (4) (60) (77) (56) (59) (35) (21) (92) (18) (2) (100) (99) (80) (24) (19) (46) (6) (51) (1) (88) (43) (54) (62) (37) (66) (3) (87) (70) (67) (13) (5) (55) (84) (94) (74) (57) (50) (58 53) 
35 (56) (3) (54) (11) (84) (42) (74) (32) (24) (96) (95) (27) (62) (5) (16) (2) 
36 (36) (10) (27) (76) (21) (97) (47) (11) (34) (50) (91) (43) (62) (51) (82) (81) (58) (71) (57) (56) (75) 
37 (99) (59) (24) (88) (55) (29) (49) (27) (38) (43) (84) (47) (75) (46) (1) (74) (86) (25) (10) (67) (60) (26) (79) (91) 
38 (29) (56) (80) (26) (25) (48) (31) (57) (13) (99) (32) (82) (94) (64) (22) (8) (98) (20) (11) (36) (2) (3) (74) (45) (63) (53) (24) (35) (51) 
39 (74) (75) (11) (68) (45) (6) (66) (60) (95) (76) (67) (51) (38) (15) (34) (3) (94) (88) (82) (65) (78) (83) (42) (54) (85) (59) (81) (32) (26) (10) (72) 
40 (19) (13) (91) (67) (1) (99) (48) (73) (45) (60) (66) (78) (53) (82) (2) (36) (9) (58) (3) (97) (22) (70) (10) (11) (43) (33) (49) (63) 
41 (81) (1) (54) (46) (99) (2) (24) (95) (39) (61) (18) (16) (7) (73) (9) (52) (60) (29) (15) (82) (19) (94) (11) (31) (13) (44) (80) (25) (26) (92) (35) (57) 
42 (91) (89) (37) (61) (6) (35) (2) (55) (96) (29) (31) (83) (81) (20) (42) (67) (54) (17) (82) (52) (45) (64) (78) 
43 (73) (27) (89) (96) (12) (50) (98) (53) (90) (41) (26) (64) (71) (94) (62) (82) (69) (39) (76) (58) (81) (91) (33) (74) (77) (67) (63) (45) (14) (66) 
44 (85) (62) (91) (87) (54) (95) (56) (29) (69) (35) (53) (7) (47) (77) (80) (23) (32) (59) (93) (12) (22) (41) (84) (71) (1) (6) (97) 
45 (86) (15) (33) (71) (69) (65) (41) (59) (40) (30) (63) (82) (3) (51) (32) (54) (98) (13) (24) (2) (64) (94) (52) (60) (92) (61) (74) (35) (68) (1) (75) (6) (42) 
46 (64) (41) (87) (96) (8) (75) (15) (19) (92) (3) (82) (54) (38) (1) (71) (89) (80) (18) (62) (91) (48) (7) (69) (77) (58) (72) (81) (26) 
47 (21) (81) (45) (46) (51) (68) (20) (80) (75) (39) (29) (6) (48) (49) (12) (70) (90) (72) (59) (9) (58) (10) (2) (63) (73) (44) 
48 (82) (46) (28) (89) (64) (18) (29) (47) (48) (9) (60) (13) (61) (11) (3) (16) (75) (72) (52) (14) (33) (73) (44) (68) (12) (26) (32) (88) (39) (5) (70) (35) (95) (84) (50) (93) 
49 (93) (10) (57) (74) (4) (30) (60) (33) (19) (85) (81) (18) (20) (69) (88) (16) (40) (73) (11) (92) (67) (46) (25) (83) (90) (42) (71) (55) (6) (78) (66) (26) 
50 (18) (83) (39) (99) (35) (93) (94) (17) (84) (90) (53) (73) (31) (89) (36) (69) (27) (10) (75) (8) (20) (26) (91) (96) (76) (41) (30) (2) 
51 (88) (50) (11) (52) (84) (17) (2) (46) (98) (7) (82) (43) (3) (93) (40) (29) (61) (86) (75) (37) (78) (6) (18) (8) (23) (34) (92) (85) (76) 
52 (90) (80) (97) (96) (95) (59) (48) (100) (88) (75) (79) (77) (60) (20) (63) (68) (52) (86) (62) (19) (1) (5) (47) (32) (27) (93) (91) (55) (42) (67) 
53 (8) (50) (21) (45) (37) (34) (39) (19) (6) (43) (28) (42) (74) (79) (9) (12) (46) (86) (44) (80) (99) (10) (66) (2) (31) (22) (13) (58) (59) (18) (41) (73) (49) (26) (63) (56) 
54 (13) (84) (77) (3) (24) (87) (60) (85) (12) (93) (57) (6) (49) (26) (76) (52) (31) (94) (5) (50) (58) 
55 (63) (59) (80) (24) (32) (3) (46) (11) (73) (12) (56) (92) (13) (54) (31) (67) (8) (48) (22) (88) (76) (33) (68) (98) (62) (2) (78) 
56 (48) (40) (86) (68) (11) (58) (6) (20) (35) (98) (45) (36) (65) (87) (83) (75) (84) (77) (8) (55) (12) (99) (13) (22) (95) (23) (2) 
57 (49) (41) (93) (40) (8) (67) (23) (11) (88) (20) (46) (70) (68) (1) (50) (2) (34) (5) (4) (87) (39) (25) (3) (28) (51) (47) (18) (15) (55) (12) (48) 
58 (94) (50) (10) (19) (70) (40) (62) (87) (5) (47) (11) (97) (46) (74) (4) (26) (63) (48) (8) (91) (13) (55) (3) (96) (36) (43) (1) (9) (72) (52) (85) (66) (16) 
59 (19) (63) (13) (98) (20) (83) (88) (56) (28) (38) (5) (84) (78) (4) (76) (17) (77) (69) (51) (65) (100) (33) (49) (47) (10) (42) (54) (85) (96) (57) 
60 (19) (20) (48) (21) (65) (29) (44) (16) (23) (14) (86) (24) (31) (85) (17) (28) (90) (93) (10) (22) (99) (52) (70) (47) 
61 (9) (61) (44) (4) (74) (46) (33) (35) (42) (70) (88) (16) (57) (87) (11) (40) (28) (20) (83) (92) (34) (80) (98) (39) (56) (22) (53) (91) 
62 (2) (47) (62) (42) (92) (48) (69) (59) (19) (77) (10) (16) (75) (73) (88) (97) (8) (67) (78) (40) (49) (27) (28) (52) (33) (83) (74) (6) (38) (93) (71) (65) 
63 (41) (69) (78) (93) (84) (25) (20) (92) (64) (37) (16) (7) (76) (29) (89) (26) (44) (94) (85) (32) (43) (30) 
64 (93) (25) (77) (56) (69) (84) (81) (42) (60) (76) (34) (28) (61) (80) (85) (72) (57) (17) (16) (63) (8) (21) (58) (92) (2) (50) (22) (24) (47) (86) (79) (82) 
65 (36) (19) (51) (56) (64) (70) (60) (8) (13) (5) (78) (48) (44) (68) (99) (26) (53) (39) (63) (91) (100) (83) (16) (30) (31) (23) (22) (47) (71) 
66 (89) (93) (28) (66) (29) (70) (59) (74) (53) (31) (57) (76) (97) (30) (61) (4) (49) (27) (65) (98) (39) (42) (54) (87) (73) (41) (8) (9) (12) (16) (14) (63) (38) (79) (67) (51) (23) 
67 (96) (80) (17) (55) (44) (3) (91) (42) (40) (76) (27) (10) (84) (66) (98) (77) (37) (21) (93) (30) (87) (51) (38) (46) (8) (79) (69) 
68 (12) (58) (88) (39) (68) (70) (32) (19) (37) (16) (13) (79) (34) (77) (81) (23) (99) (76) (48) (25) (44) (14) (5) (53) (83) (7) (95) (56) (2) (90) (11) (80) 
69 (86) (17) (19) (87) (82) (91) (37) (59) (10) (43) (9) (48) (25) (4) (65) (32) (74) (97) (39) (26) (67) (34) (40) (16) (98) (51) (33) (18) (6) (38) 
70 (100) (86) (62) (94) (88) (13) (97) (78) (60) (48) (15) (98) (61) (29) (71) (59) (51) (10) (5) (74) (92) (33) (85) (87) (65) (80) (55) (31) (2) 
71 (79) (70) (81) (36) (67) (72) (64) (23) (6) (99) (4) (15) (28) (61) (63) (9) (91) (13) (47) (44) (75) (1) (21) (58) (26) (93) (17) (42) (50) (89) (94) 
72 (87) (19) (81) (83) (94) (90) (70) (44) (76) (92) (4) (59) (69) (47) (80) (72) (13) (35) (53) (49) (6) (84) (89) (34) (1) (91) (75) (67) (40) (2) 
73 (62) (84) (5) (18) (40) (2) (7) (88) (1) (35) (32) (77) (66) (73) (51) (59) (83) (74) (30) (92) (75) 
74 (78) (17) (48) (63) (83) (22) (24) (55) (39) (73) (31) (33) (96) (88) (82) (20) (58) (100) (97) (92) (35) (70) (80) (30) (52) (85) (91) (66) (3) (42) (76) (98) (19) (95) (7) 
75 (63) (6) (2) (91) (53) (86) (26) (45) (94) (29) (39) (18) (4) (80) (67) (82) (73) (55) (11) (19) (90) (40) (68) (30) (22) (24) (100) (10) (38) (66) (17) (92) (20) (57) (64) (7) 
76 (60) (82) (63) (96) (12) (58) (64) (92) (2) (75) (79) (80) (95) (18) (52) (88) (77) (85) (73) (28) (84) (53) (27) (30) (26) (24) (62) (94) (55) (51) 
77 (56) (94) (68) (100) (36) (77) (2) (61) (4) (12) (40) (87) (84) (44) (13) (50) (35) (11) (45) (23) (96) (89) (41) (64) (28) (22) (99) (19) (57) (93) (79) (3) (46) (78) (15) 
78 (27) (72) (41) (79) (1) (23) (51) (74) (37) (55) (63) (93) (57) (68) (77) (22) (39) (5) (73) (58) (42) 
79 (93) (38) (19) (48) (70) (90) (60) (58) (5) (14) (16) (71) (80) (56) (43) (10) (44) (69) (87) (32) (24) (59) (6) (68) (26) (8) 
80 (43) (87) (91) (34) (11) (3) (80) (94) (25) (67) (73) (77) (53) (68) (93) (74) (56) (96) (36) (9) (41) (17) (51) (27) (59) (30) (57) (19) (35) (13) 
81 (76) (7) (16) (61) (29) (75) (28) (25) (5) (82) (68) (73) (72) (13) (60) (63) (23) (40) (74) (91) (80) (64) (99) (77) (19) (41) (4) (78) (93) (86) (35) (59) (69) (87) 
82 (19) (64) (75) (27) (95) (32) (89) (18) (44) (1) (56) (55) (22) (26) (23) (14) (38) (43) (60) (78) (59) (3) (11) (88) (82) (40) (16) (80) (30) (6) (83) (94) 
83 (25) (76) (5) (45) (31) (8) (26) (88) (50) (41) (58) (38) (22) (71) (47) (27) (85) (97) (89) (64) (9) (44) (77) (73) (53) 
84 (78) (61) (11) (100) (48) (67) (3) (21) (49) (71) (57) (8) (16) (26) (24) (94) (86) (36) (32) (76) (50) (74) (42) (43) (7) (1) (29) (95) 
85 (94) (43) (84) (77) (95) (48) (89) (28) (88) (30) (87) (67) (64) (29) (62) (74) (51) (13) (19) (7) (81) (41) (20) (26) (93) (55) (10) (14) (69) (27) (92) (50) 
86 (10) (1) (12) (82) (62) (69) (80) (46) (43) (68) (87) (95) (39) (13) (59) (4) (77) (5) (71) (83) (86) (47) (79) (29) (7) (92) (44) (76) 
87 (44) (61) (1) (26) (77) (85) (18) (64) (54) (75) (32) (40) (83) (86) (43) (100) (17) (93) (53) (80) (36) (51) 
88 (64) (68) (69) (16) (12) (53) (67) (41) (84) (24) (15) (17) (18) (91) (26) (40) (100) (22) (47) (58) (8) (61) (76) (89) (95) (60) (25) (82) (48) 
89 (61) (63) (32) (74) (30) (3) (78) (93) (53) (24) (16) (77) (42) (29) (25) (45) (80) (84) (76) (31) (41) (89) (58) (87) 
90 (50) (78) (49) (56) (18) (92) (65) (71) (79) (36) (6) (30) (29) (98) (77) (96) (99) (89) (40) (39) (90) (16) (42) 
91 (15) (72) (35) (38) (32) (40) (6) (99) (20) (69) (68) (14) (57) (89) (78) (55) (22) (16) (1) (87) (9) (19) (31) (18) (79) (10) (28) (86) (97) (29) (90) (64) (45) (60) 
92 (64) (79) (17) (44) (56) (43) (69) (84) (59) (63) (5) (61) (70) (66) (62) (22) (54) (50) (53) (10) (34) (25) 
93 (31) (37) (64) (14) (94) (28) (55) (35) (76) (15) (81) (19) (10) (25) (17) (63) (4) (87) (6) (59) (82) (77) (39) (50) (9) (80) (91) (68) (38) (53) (16) (90) (60) (78) 
94 (44) (58) (5) (89) (59) (23) (21) (62) (18) (71) (34) (26) (36) (40) (31) (95) (32) (61) (17) (22) (83) (20) (25) (39) (80) (96) (16) (64) (27) (30) (55) 
95 (56) (49) (69) (75) (71) (41) (86) (32) (73) (88) (15) (35) (78) (9) (33) (46) (42) (59) (39) (64) (5) (77) (70) (53) (43) (98) 
96 (49) (77) (11) (42) (43) (33) (14) (89) (65) (32) (54) (37) (76) (68) (53) (98) (31) (46) (99) (71) (29) (80) (17) (97) (6) (69) (28) (82) 
97 (11) (14) (79) (41) (81) (27) (82) (29) (34) (71) (9) (70) (7) (16) (72) (6) (99) (84) (60) (51) 
98 (5) (42) (91) (82) (88) (14) (8) (21) (44) (17) (51) (79) (40) (60) (97) (64) (30) (7) (38) (66) (96) (48) (24) (72) (16) (85) (89) (49) (33) 
99 (28) (23) (24) (36) (59) (8) (1) (49) (33) (45) (32) (26) (68) (25) (72) (16) (65) (62) (4) (47) (85) (70) (98) (15) (11) (6) (19) 
100 (62) (87) (28) (1) (43) (49) (95) (40) (96) (18) (89) (66) (26) (38) (2) (46) (75) (82) (91) (23) (12) (33) (39) (76) (17) (69) (100) (88) (30) (64) (93) (3) (92) (25) (53) (81) (4) (16) 
