0
100
100
1 (25) (11) (87) (14) (90) (31) (1) (77) (18 54 69 89) (80) (61) (57) (50) (20) (74) (35) (91) (23) (47) (83) (16) (66) (85) (28 48) (78) (41 59) (98) (27) (45 81 6) (46 12 33) (65) (60 8) (39) (68) (100) (2) (32) (44 34) (10) (40) (72) (13) (55) (95) (73 84) (30) (88 76 51 9) (19) (53 26) (86) (22) (99) (17) (7) (56) (3) (93) (97) (94 36 21) (64) (42) (67) (15 63) (79) 
2 (90 63) (47 77) (13 46) (2) (54 32 64 92) (87 80 20) (94 10) (56 73) (40) (69) (37 85) (24) (59) (26) (42) (74) (27) (3) (89 96) (8) (76) (16) (55) (4) (41) (15) (86) (14) (34) (52) (60) (30) (70) (68) (88 19) (9) (53) (11) (72) (100) (95 67 97) (45) (1) (44) (39) (49 58) (48) (98) (18 66) (99) (31) (23) (82) (51) (12) (79) (81) (36 6) (35) (61) (25) 
3 (91 44 32) (37) (12) (82) (18 90) (14) (16) (13) (92) (21) (80 26) (60 73) (71) (78) (88) (63) (93) (52 27) (2) (74) (98) (62 51 29 10) (33) (41) (89) (1) (81) (56) (55) (96) (94) (79) (65) (54) (35 28 67) (72) (100) (6) (58 49) (66 53) (97 48) (77) (50 69) (25) (4) (83) (34 61 36) (19 22) (24) (85 38 3) (8) (40 46) (84) (23 95) (76 64) (68) (30) (45) 
4 (41 12) (3 53) (74) (91) (35 32 52) (27 80) (59) (34 28 81 24) (94) (11) (99) (85) (47) (17) (51) (37) (6) (45) (98) (38) (55 95) (7 50) (62) (20 36 72 66) (58 84) (39) (33 73) (4) (87) (71) (14 64 10) (90 49 42) (44) (82) (65 54 19) (22 61 13) (93 75 92) (16) (5 25 43) (21 15) (9 23) (70) (83 78) (100 26) (96) 
5 (28) (15) (77) (62) (42) (76) (60 64 58 67) (2) (39) (40) (41) (29 51) (57) (93) (87 79) (85) (19 44) (96) (48 9) (31) (47 8) (89) (94 75) (100) (36 32 4) (5) (14 50 3 91 84 37) (56 52) (81) (69 98) (59 88) (80) (11) (17 18 45 16 73) (66) (83) (35) (25) (86 82 22 27) (74 34 33 1 30) (78) (95) (53 20) (63) (12) (6) (71 7) (46) (61 49) (54) (70) 
6 (74) (40) (50) (94) (30) (86) (4) (52) (24 85) (96 91) (41) (5 28) (10 46) (17) (23) (29 36) (58) (81) (55) (82 9) (20) (15) (68) (77 75) (83) (38) (14 42) (12 26) (56) (98) (39) (84) (32) (34) (57) (3) (45) (16) (1) (70 25) (11) (72) (54 31 7) (35 66 22 8 33) (79) (73) (80) (60) (43) (65 51) (47 48) (90) (59) (53) (97) (18) (44) 
7 (23 3) (82) (53) (94 45 12) (33) (80) (17) (28) (91) (40) (29 19) (59) (96) (27 35) (1) (88) (75) (36) (46 70) (93 2) (76) (100 87) (86 15) (77) (57 95) (11 62 58) (85) (4) (52 22) (7) (55 10 99) (67) (90) (18) (37 71) (60) (64 13) (89) (81) (6 72) (25) (54) (74 9) (43) (68) (44 48 32 79 49 42) (61) (14) (78) (24) (83) (47) (69) (30) (98) (31) (50 5) (84) (51) (97) 
8 (98) (16) (11) (40) (57) (26 43) (100) (42 8) (74 58) (68) (39) (50 18 1) (5) (79) (48) (72) (63 78) (81 4 35) (7) (96) (71) (69) (44 99 21 76) (28) (70) (54) (65) (80 82) (89) (94) (2) (38) (56) (30) (29) (6 41) (24 13) (59) (33) (52) (86 92) (49) (88) (91) (45) (12 53) (9) (37) (95) (77 23 10) (14 27) (47) (73 66) (22 60) (62) (34 31) (85) (93) (3) 
9 (60 6) (50) (90) (92 7) (22) (75) (94 79 21) (56) (26) (85) (11 66) (37) (30 13) (39) (14) (32 42) (80) (17 31) (63 95) (43 64) (70) (76) (49) (24) (81) (34) (84) (67 69) (68) (41) (88) (23) (16 45) (15) (51) (10) (29) (3) (100) (9) (12) (58) (38) (78) (53) (99) (62) (48) (47 1) (73) (87) (4) (96 36) (8) (72) (91) (97 59) (83 27) (2) (33) (46 98) (93 19) (71 82) (61) (40) 
10 (79) (50) (1 69) (19) (90 20) (13 9) (95) (72 47) (100 31 35) (54) (63) (40) (45) (68) (87) (82 34) (96) (2 89) (12 66) (7) (92) (36 37) (24 16) (84) (55 56 81) (23 4) (42) (74) (99) (85 94 78 75) (57 21) (29) (93 52) (73 48) (83 49) (64 59 91) (62) (43) (60) (33) (51 32) (61 65) (71 80) (14 67 8 44 46) (25) (58) (88 77) (39) (41) (22 76) (17 53) (11) 
11 (43 92) (31) (61 29) (26) (81) (23) (76) (41) (84) (52 9 27) (39) (55) (62 83 68 35 38) (32 34) (97) (94) (78) (12) (87 74) (79) (3) (49) (54) (47) (4 25) (57) (75 13 1) (21) (95) (20) (42 64 77) (10) (5) (90) (11) (33) (98 73) (17) (96) (88) (71 58 6) (59 65) (36 16) (67) (56 40) (44) (86) (15) (99) (46) (48) (45) (8) (100) (63) (72) (85) 
12 (35) (86 90) (51) (18) (32) (34) (92) (87 88 27) (16) (75 57) (33 74) (54) (46) (64) (59 21) (99) (10) (79) (81 50) (30 100) (95) (23) (12) (94 31) (61) (78) (9) (98 93 5) (72 1) (38) (66) (84) (13 63) (40 37 44) (24) (53 8) (73) (2) (52) (36 96) (91 7 25) (85) (28) (15) (48) (70 43 6) (14 67 19 58) (65) (39) 
13 (11) (59) (76) (71 74) (69) (1) (87) (47) (13) (64 45) (41 28) (10 60) (90) (26) (25 54 52 92) (12) (81) (98 57) (80 14 21) (27) (4) (3 79) (89) (78) (8) (15) (88) (77 61) (20 44) (30) (36) (23) (70) (50) (83) (73) (35) (6) (7) (56) (39) (72) (34) (65 53) (100) (55) (99) (46 24) (67) (63) (91 48) (33) (29) (40 43) (58 51) (62) (17) (96 18) 
14 (95 63) (79) (1 59 16) (43) (31 93) (2) (34) (78) (32) (84) (22) (90) (87 99 13 38) (98) (36) (60 47 39) (80) (51) (56) (27) (44) (15) (14 91 62) (67) (64) (45) (71) (92 9) (55) (28 46) (29 4 7 72) (58 52 37 86) (61 76 53) (42) (40) (41) (73) (19) (94) (49) (33 10) (81 68) (11) (30) (26 12) (88 75) (21) (20) (77) (5 8 25 23 54 83 66) (100) 
15 (99) (13) (69) (62) (1) (40) (2) (77) (33) (32) (63) (10) (42 11) (90 56 83) (39 43) (94) (66) (58) (8) (89 19) (87) (53) (27 45) (4 98 82) (60 88 31) (3) (85) (97) (80 14 59 92) (68 5) (17) (74) (81 7) (18 54) (72) (30) (78) (23 50 65) (26) (15 25) (76 29) (49) (64) (47 22) (61) (75) (37) (36) (70) (84) (24) (73) (6) (86) (95) (96) 
16 (88) (14) (7 42 30 26) (90) (2 50) (11) (94) (67 53) (72) (35) (34) (4) (16 22) (73) (99 10) (82) (29 23) (37) (81 27 98 36 52) (84 77) (44 100 75) (55) (69 92) (31) (38) (41) (43 66) (95) (76) (32) (96) (80) (56) (19) (63) (20 24) (17) (61) (48) (62 70) (93) (68) (97) (5 13 54 64) (65) (47) (40) (87) (49 85) (45 71) (79) (8) (83) (3) 
17 (10) (33) (73) (14 81) (98) (22 79 39) (54 30) (37 45) (50) (29 77) (61) (82 87) (74) (76) (12 58) (9) (63) (23) (90) (97) (18) (88) (27) (95) (43) (21) (72) (67 78 25) (66 85 92) (15) (52) (96) (8) (94 75) (3) (55) (62) (80) (70) (34) (4) (53) (35) (2) (84 16 20) (48) (24) (47) (31) (51) (86 26) (13) (99) (49) (100 69) (32) (71) (59) (60) (5) (36) (41) 
18 (82) (93 25) (35) (78) (3) (46 49 7) (80 18) (37) (83 10) (32) (36) (23) (61) (16) (22 64 95) (59 47) (90 17) (98 20) (86) (97) (94) (43) (92) (19 29 2) (89) (77 85 66) (91) (9) (41) (81 63) (45 75) (33 39) (13) (12) (8) (55) (62) (84 24) (76) (31) (96 38) (73) (21) (67) (68 100) (74) (70 50) (42) (48) (69) (54) (52) (5 99 4) (6) (11 34 26) (28) 
19 (27) (83) (51) (6) (48) (31) (57) (43) (84) (36) (52) (78) (24) (79) (55) (33 90 91) (96) (77) (5) (65 99 92) (49) (28) (29 17) (100) (61 72 62) (30) (86) (23 40) (1) (88) (95) (15) (26) (50) (9) (4) (98 69) (22) (97 73) (68 39 58) (74) (81 80) (11 25) (38) (75 53 37 85) (12 66) (59) (47) (10) (82 7 67) (21 45) (44) (18) (64) (60) (93) (76) (63 54 34) (20 46) (70 89) 
20 (63 21) (65) (6 60 61) (32) (46) (41) (73) (79) (50 47) (31 3) (39) (68 84) (77) (82 59 12) (83) (24) (26) (8) (86 23) (81) (80) (30) (100) (62 35 19) (76) (18) (43 88) (40) (36 51) (91) (42 78 17) (96 67) (27) (99) (1 56) (87 71 5) (49) (48 93 15) (25) (53) (75) (2 57) (38) (13 94) (97) (98) (64) (14) (44 7) (28) (74 45 52) 
21 (80) (98) (62) (82) (61 26 78) (50) (37 77) (57) (3 64 12) (81) (28 19 86) (24 29) (14) (33) (11 73) (76 95) (9 43) (34) (96 56) (35 53) (25) (100) (99) (22 97) (55) (88) (49) (58) (92) (16) (54) (85) (39) (10 74) (60) (48) (65 63) (69 20) (89) (66) (42) (40) (72 71) (70 91 59) (6) (45 38) (5) (87) (36) (52) (41) (4) (31) (23 7 8) 
22 (18 19) (44) (11 71) (32 3) (65) (39) (40) (96 1 45) (83 20 76 36) (95) (7 73) (54) (13) (59) (38) (29 79) (53) (22) (8 5 23) (49) (10) (61 81) (60) (16) (97) (31 34) (42 12) (25) (33) (30) (64 78 67) (84) (98 94) (37) (93 47 48) (80) (24 63) (90) (82) (4) (99) (15 26 17) (91) (86) (88) (66) (87) (51) (89) (74) (85) (58 56 57 92 68) (43) (50) 
23 (42) (73 24) (12 6) (85) (1) (17) (71) (83 76) (78) (100) (92) (45 39 86) (80 90) (47 37 15) (60 50) (9) (46 8) (70) (63 19) (36) (74 48) (43) (22) (94 91) (57 4) (10) (5) (96) (82) (93 26) (29 75) (11 27) (31) (77 65) (59 55) (14) (99) (66) (7) (79) (30) (32 87) (53 81 72) (41) (33 69) (49 44) (51) (67 61) (58) (13 95) (20) (38) (62) (3 34) (2) 
24 (98) (48) (94 75 6) (1 66 10) (11 95 32) (47) (59) (61 25) (73) (86) (99) (7 97) (13 63) (91 54 55 29 84 4) (31 14 41) (19) (18) (21) (56) (85) (70 22) (51) (62 24) (64) (78) (44) (27) (9) (100 77 3) (17 87) (42) (40) (74 72) (93) (71) (67) (38 20) (57) (12) (39) (80 43) (28) (37) (2) (50) (15) (46 16 76 45) (79) (53) (96 90) (81) (88) (83) (58) 
25 (77) (18) (23) (12) (82 10 54) (81) (38) (20 24) (73 36) (83) (37) (51) (11 71 70) (21) (62) (88 33) (8) (95) (41 35) (67 58) (59) (6 86 94) (43) (9) (16) (32) (96 74) (2) (64) (75) (17 45) (30 100) (26) (39 31) (27) (28 66) (57) (98) (22) (69) (53) (42 5) (72) (15) (40 4) (13 89) (93) (90) (49) (34) (50 44) (76 85) (92 80) (19) (97) (84 60) (46) 
26 (76) (87 71 94 26) (82 32 97) (22 86) (23 6) (4) (39 49) (79) (42) (21 70) (69) (37) (56) (41) (24) (51) (67) (47 77 55) (15) (89) (63) (83) (18) (34) (80) (8) (27) (96) (17) (68 20 91 62) (30) (43 99 65) (7) (92) (52) (93 12) (10) (31) (78 85) (35) (72) (48 33) (9 14) (54) (5) (16 81 38) (3 36 88 44) (73 74 28) (53) (40 64) (60) (84) (57) (1) (100) 
27 (48) (59 74) (9 90) (45) (94) (46) (76) (35 37 99 23) (16) (19) (6) (79 20 32) (55) (30) (2 14 63) (31) (21) (95) (83) (29) (98) (84) (11) (60 61) (43 10 54 1) (34 82) (40) (27) (5 50 87) (24) (28) (15) (17 67 78 42) (92) (71) (57) (18 51) (66) (68 22 13 44) (80) (91) (39 72 4 97) (3 69) (49 47 93) (58) (41) (75 64) (81) (77) 
28 (9 54) (99) (69) (36) (70) (27 31) (94) (84) (45) (21) (57) (19) (34) (79 49) (28) (86) (96 22) (10) (71 11) (13) (75) (55) (73) (66 25) (17) (52) (60) (83 95) (78 56) (24 44) (53) (50 43 38) (39) (46) (12) (32) (97 51) (37) (35 33) (30) (85) (67) (23) (18) (65) (7) (93) (4 6 63) (41 68 76 40) (48) (88) (42 62 80 98 72 26) 
29 (96 8) (77) (95) (59 69) (80) (14 90 44) (2 76) (62) (73) (57) (1) (18) (29) (25) (48 31 20) (13 10) (43 82 35) (26 70) (75) (16) (24 46) (32) (54) (92) (50) (17 6) (51) (38) (5) (53 34) (60 93) (27) (71) (78) (39) (58) (64) (68 19 22) (83 11 41 7 86) (23 47 37) (87) (85 56) (42) (30) (67 99) (84 97) (12) (63) (49) (72 79) (4 89) (91) (74 81) (61) 
30 (66) (81) (80) (88) (64) (45) (62) (39) (71 79) (43) (14 24) (92) (72) (42) (97 5) (59) (75) (96 86) (15) (12 94 21) (67) (2 32) (13) (95) (19) (82) (37) (33 74) (38) (27) (52) (40 77 56) (70) (29 60) (3) (35) (7 20) (51 58 26) (90) (53 44) (73 36) (28) (49) (65) (46) (10 47) (30) (55) (4) (18) (41 100) (68) (22 50) (69 54 11) (84) (99) (98) (16) 
31 (94 91 99) (41) (60 70 65) (2) (63) (73) (22 48 92) (20) (18) (16) (68) (98) (83) (85 39) (35) (21 53 10) (38) (27 84) (61 88) (52) (40 24) (87) (56 76 30) (32) (62) (45 14 96 33) (23) (82) (4) (64) (86 51 19 3) (42 1) (77 95 50) (7 89) (97 46) (66) (78 34) (44 37) (9) (6 43) (13) (75) (8 55 71) (72 28) (29) (90) 
32 (2 63 49) (13 38 40) (33) (44 23) (92) (24 58) (93) (1) (21) (43) (64 73) (20) (76) (68 37) (27) (66) (86) (85) (91 42) (4) (79 81 72) (54) (75 71) (34) (15) (16) (48) (25) (78 89) (41 46) (69) (98) (30) (50) (74) (12 6 7) (28) (26) (47) (99) (59 67) (84 29) (31 35) (55) (57) (96) (52 61 90) (14 39 19) (94 36) (95) (87) (51) 
33 (52) (29) (17 33) (59 87) (75 5) (48) (57) (22 56) (18) (6) (46) (43 72) (41) (39) (51 67) (23 26) (69 86 65 16) (84) (99) (90) (8 24) (20) (66) (44) (53 21 83) (97) (1 78 31) (14) (49 68) (98) (79) (80) (100) (45 9) (47 73) (4 62) (36) (54) (91) (81 42) (10) (74) (77) (92) (19) (89) (35 71) (76) (28 37) (38) (34) (2 27) 
34 (94) (66 71) (21) (96) (26) (53) (58) (37) (44) (62) (64) (17) (16) (46 15 61) (83 79) (9) (93) (60) (81) (22) (51) (45) (72) (32) (50) (67) (43) (8) (49 12) (80) (87 30) (78) (6) (38) (5) (92) (2 3 1) (90) (57) (56 39) (7) (84) (63) (54) (47) (29 68) (86 55) (98) (23) (97 13 76) (27) (65) (18 25 31) (100) (28) (24) (14) (52 11) (48) (99) (70) (74) (69 82 77) (10) 
35 (73 27) (30) (80 50 64) (95) (29) (79) (65) (10) (90) (69) (75) (18) (45 28) (85 54) (62) (63) (94 17) (16) (12 25) (53) (22) (1 57 78 15) (100) (11 42) (72) (76) (2) (49) (96 52 77) (26) (3 81) (14) (47) (23) (97) (86) (6) (31 71) (93 46) (13 32 60) (59 44) (9) (82) (68) (70) (67) (84 66 33) (48) (83) (40) (38) (55) (56 35) (7 91 98 20 89) 
36 (98) (7) (26 38 72) (91 100) (51) (47) (11) (30) (46 8) (25 32) (21 69) (57 28 22) (18) (97) (87) (48) (84 4) (41) (78 20 14) (90) (77 63) (71) (5) (61 89) (15 6) (3) (43) (96) (45 66 86 85) (94) (12 24) (70) (44) (1) (31) (36) (62 16) (74) (82) (80 58 93) (81) (10) (88 67 34) (99 27 75) (39 2 40) (92 37) (53) (50) (76) (60) (49) (95) (29 9 65) (79) 
37 (26) (29) (82) (76) (57 51) (31) (87 98 71 25 2 69) (16) (47 73) (77) (18) (86) (39 20) (1 85 59) (90) (67 72) (3 54) (91 32) (63 9) (88) (94 79) (60 74) (40) (49 80) (75) (78 83) (61) (15 21) (100) (10) (55) (96 36) (34 45) (46) (92) (89 81) (56 48 58) (23) (64 11) (66) (30) (62 68) (7) (97 17) (19 84 12 70) (93) (22) (41) (13) (43) (44) 
38 (97) (84) (41 61 98 32 1) (76 36) (50) (100) (3) (67) (37 23) (88) (83) (34) (26) (99) (80) (89 16) (5) (27) (47) (42 81) (63) (85) (54) (65) (70) (22) (86 60) (7) (44 4) (28) (74 64 35) (29 24) (19) (66) (43) (30) (62 56) (6) (68) (18 58) (49) (9) (38) (78) (39) (59) (73 53) (10) (71) (75) (92 52 87 90) (94) (31 2) (33 15) (91) (72) (69) (45 20) (8) 
39 (43 56) (89) (70 45) (2) (13) (98) (54) (47) (18) (3 96 64) (86) (62 61) (53 48) (22 21) (81) (28) (100) (1) (57) (77 41) (95) (32) (40) (6) (7) (71 78) (15 82) (84 10 36 38) (27 19) (67) (30 51) (59) (73) (58) (88) (49) (20) (74) (90) (26) (33) (23 39) (91) (34) (37) (94 25) (16) (55 50) (29 14) (63 11) (83) (44) (42) (97) (69) (80) (93) (4) (8) 
40 (70) (40) (57 68) (45) (1) (94 49) (5) (9) (25) (91 26) (34 92) (89) (84) (82 23) (21) (32) (6) (54) (55) (63 44) (97 7 29) (4) (11) (71) (51) (38) (53 24) (72) (85) (60) (69) (27 66) (76 65) (58) (48) (17) (33) (15) (8) (31) (35 42) (96) (81) (52) (22 88) (87) (56) (20 75 73 78 37) (18) (95) (3) (59) (41 43 2) (100 93) 
41 (77) (15) (27) (37 67) (85 13) (20) (45) (100) (75) (76 92 12 24 33) (1 4 35) (39) (28) (60) (82 94) (30 38 87) (3) (5 86) (18) (42 48) (2) (74) (19) (9) (36 79 68) (53) (57) (58) (49 83) (93) (6) (98 17 95) (71) (43) (88) (32) (62 16 66) (55 63) (97) (14) (80 31 47) (81) (11 8 72 89) (10 44 78 29) (54) (51 69) (90) (65) (40) 
42 (10 50 34) (68 47 92 37 48) (22) (44) (54 100) (30 90) (96) (95) (6 59) (73) (4 26) (7) (85 43) (69 79) (60) (38 62) (78 93) (45 42) (72) (55 32 23) (9) (94 20) (82) (66 2) (11) (51 83) (63) (53) (58 1) (40) (71) (3) (75 5) (24) (70 19) (88 46 25) (97) (81 98 99) (17 41) (29) (33) (27) (77) (39) (64) (16) (76) (36) (8 89) (65) (35) 
43 (43) (91) (12) (2 71) (72 49 21) (15 100) (47) (62) (95 64) (76 55) (6 58 17 73) (13) (74) (4) (35) (44 98) (96) (60 69) (22) (97 24) (3 78) (83) (81) (53) (82) (31 67) (36 51 86 56) (10 5 20) (63) (79 14 7 57 38) (33) (84) (68) (93) (1) (92) (40) (54) (32) (66 25) (99) (42) (26) (80) (48) (23) (16 28) (8) (75) (9) (65) (46) (61) (52) (90 39) (88 59) (87) (37) 
44 (12) (22 46 66) (72) (77) (97) (18 96 99 80 28) (26 44) (93) (65 55) (79 51) (24 8) (43) (3 15) (54) (60) (58 49) (84) (100) (75) (17 61 2) (63) (57 76) (32) (38) (88 85 95 1 7) (9) (78 37) (89) (14 29) (6) (45) (62) (64) (41) (48 73) (68 33) (52) (42) (94) (56) (35) (70 5) (74 34 25) (86) (19 81) (98 67 92) (4 47) (71) (21) (59 31 53) (83 90) 
45 (63) (13 38) (87) (8) (72) (80) (37) (46 74) (15) (89) (42) (51 34) (12) (9 82 25) (5) (49 54) (77 65) (20) (96) (78) (90) (44) (29 18 11) (6) (10 79 28) (93 7) (23 22) (83 58) (53) (50) (55) (98) (17) (45) (62 24) (73 33 3 47) (31 57) (32 2) (14) (84 94) (91) (76 61) (75) (71) (85 92 48) (68) (69 95) (35) (56 86) (64) 
46 (76 74) (72 57) (84) (7) (19) (21) (32) (91 94) (18) (79) (10) (59) (42) (3 30) (51 95 87) (88) (85) (33) (26) (47) (64) (99 66 90) (14 86) (82) (2) (56) (41) (61 17) (5) (70) (75) (49 81) (65 34) (15) (78) (20) (11) (44) (52) (68) (93) (92) (23) (58 77) (39) (83) (46) (40 9) (97) (80) (50) (55) (31) (22 69 67) (48) (60) (27 100) (71) (54) (73) 
47 (59) (24) (80) (97) (99) (95) (57 26) (33) (96 49 54) (77) (21) (29) (34) (94) (51) (60 84) (73) (3) (71) (5) (55 90) (88 13 48) (43) (89) (86) (40) (37 58 53) (42) (75 100) (68 27) (30) (61) (81 2 22) (25) (76 11) (1) (9) (36) (85) (63) (92) (87) (12) (18) (72 38) (62 28) (46 65) (70) (15) (45) (31 74) (35) (17) (78) (23 20) (47) (50) (56) 
48 (21) (66) (17) (49) (93) (5) (20 12) (100) (30 31 68) (4 86) (74 91) (95) (63) (70) (47 90) (36 89) (24) (65) (55) (42) (25) (11 58) (37) (57 13) (50) (53 27 80 69 76) (39) (98) (33) (35) (81) (88) (8) (60) (46 67) (3) (56) (97) (7) (6) (94) (18) (99) (85 26) (10 92 87 62 16 72 40) (43 41) (19) (34 73 78) (83) (32) (77) (64) (48 9) (71) 
49 (23) (96 81 43) (99) (92 56) (29) (63 5) (55) (70) (68) (80) (10) (88 4) (53) (100) (65) (79) (19 58 40 78) (32) (73) (36 44) (47) (2) (52) (9) (20) (90) (21 97) (42) (16) (27 31) (86) (93 75) (48) (67 17) (18 91) (83) (76 37 61) (71 38 94) (62) (13) (72) (14) (3) (39) (85 41 57) (64) (45) (95) (54 69) (82) (28) (84 7) (12) (77) 
50 (43) (52) (51 32) (20) (64) (97) (84) (2) (63 16) (49) (94) (15 67 35) (5) (37 57) (71 66 90) (40 79) (1) (56) (24) (80) (68) (95 72) (29) (82) (3) (70 76 18 36) (65 61 23) (34) (12 25 13) (89) (4 88) (53 7 100) (33 27) (98) (87 78 11 93) (48) (75 21) (50) (42) (81) (31) (96) (41 38) (22) (8) (77) (46) (91 9) (69) (10 73) (19 83) 
51 (43 93) (19) (72) (79) (44) (3) (51) (30) (74) (20) (27) (7) (80 6) (37) (49) (5) (94) (99) (39) (48 68) (85 31) (69 78) (64) (32) (1) (75) (81) (76 96 29 24) (97 84) (65 62 11) (2) (60 73) (42) (34) (66) (58) (57) (82) (95) (36) (45 90) (13) (86) (35) (56) (88) (41) (47) (4) (9) (92) (63) (91) (71) (77 40) (70) (22 12 8) (55) (21) 
52 (86 63) (32) (11) (40) (93) (10) (1) (20) (13) (29) (89 67) (83) (35) (54 34) (5) (41 90 69) (21) (58) (56 48) (2 87) (74) (70) (95) (78) (79) (91 22) (49) (46) (77) (25) (17 26) (71) (92 100 99) (60) (96 57) (88) (44 66) (61 55 50) (28) (9) (75) (59) (51) (18) (47) (37) (43) (30) (68 14) (81) (97 72) (16 33) (80 8) (42 62 3 23) (52) (12 84) (98) (82) (76) (6) (85 4) (31) 
53 (8) (35) (10 79) (14 67) (16 54) (96) (53) (36) (46) (95 4) (32) (59) (65) (90 86) (76 41 18) (72) (11) (92) (48 38 97 77 55) (78) (60 28) (39) (58) (12) (24) (47) (94 22) (68) (45 69) (87) (30) (20 85) (43 37) (66) (23) (50 13 51 80) (70) (6) (56) (33 71 25 7) (26) (27) (75) (52) (17) (5) (83) (61) (73) (100) (15) (64) (9) (42) (93 1 21) (82) (49 84) (91) 
54 (7) (23) (93) (87) (25) (50) (76) (84) (92 71) (60) (19) (90 91) (47) (55) (82 10) (5) (14) (31) (39) (35) (73 51 56) (6) (83 26) (100 75) (20) (85) (59) (41) (96 15) (11) (43 17) (32 36 46 58) (37) (63) (21) (44) (33) (29 38 78) (54 80) (68 57) (52) (53 30) (69) (77) (1) (65 70 86) (34) (16) (72 98) (94 89) (74) (88) (64 12) (67 13 95) 
55 (8 24) (46) (27) (1) (37) (59 7 39) (33) (61) (11) (56 6 36) (55 89) (95) (64) (100) (98) (81) (66) (48) (74) (97) (57 71) (43) (25 86) (29) (44 79) (14) (18) (51) (35) (72) (94) (63) (88) (23 75) (77) (19) (96) (45) (47) (15) (85 2 78 4) (3 41) (92) (34 99) (68 80) (21 54 42) (52) (26) (30) (50) (60) (91) (22) (73) (9) (32 53 28) (17 12 5 69) (49) (10) (70) 
56 (64) (55) (34) (20 65) (57) (26 83) (30) (8) (96) (42) (31) (78) (86 18) (58 22) (44) (5 73) (62 82) (79) (2) (40) (88) (59) (49 93 53) (92) (32) (4) (23 15) (47) (98 37) (67) (50) (100) (54 56 48) (80) (28) (51 1) (87) (90) (71) (72) (81 63 77 25) (3 94 17) (91) (69 66) (9 19) (76) (99) (24) (85) (10) (38) (84) (33) (60) (7) (16 39) (45) (41) (11) (74) 
57 (34) (23) (32) (52 25) (15 80) (82) (22) (31 24 68) (71 10) (65) (48) (37) (5) (40) (91) (96) (100 79) (55) (42) (74) (87) (78) (45) (30 8) (85 36) (2) (14 56 38 7 63) (51) (67 61) (75) (9) (1) (21 57 90) (77 17) (89) (27) (88) (73) (41) (33) (86 64) (50) (98) (18) (54) (99) (12 29) (84) (53) (93 81 76) (49) (39) (60 44 28) (35) (16 95) 
58 (74) (60 86 14) (57) (6) (87) (88) (72) (98) (17 3) (48) (26) (64) (95) (22) (59) (24 5) (12 35 51 27) (13) (29) (18) (63) (66) (8) (83) (33 2) (15 78 36) (76) (91) (67) (79 31) (52) (61) (38 92) (10) (50) (71 75 47) (42) (58) (77) (28) (1 70) (55) (89) (37) (62) (11 49 32) (99) (69 43) (45) (39) (80) (9) (93) (73) (53) (97) (85) (56) (7 68) (4) (20) (23) (44) (94) (40) (96) 
59 (63) (99) (73 78) (24 25) (45) (32) (51) (65) (71) (20) (2) (35 72) (33) (44 88) (67) (29) (19) (87) (36) (92 80) (54 64) (52) (61 81) (30) (53 50) (27) (86) (40) (31) (90) (100) (56) (69) (37) (94 14) (57) (93) (7) (17) (70) (5) (47) (28) (41 11 43) (38 3) (89 26) (22) (83) (8) (79 82) (55) (60) (74) (58) (42) (4) (95) (46 98 21 96) 
60 (36 44) (6 71) (75) (98) (59) (88) (10) (41 94 9) (84 67 1) (61) (48 3) (43) (64) (86) (18) (70) (24) (76) (60 63) (57) (29 83) (22) (78) (93 81) (95) (89) (58) (49) (82) (80) (23) (92) (16) (74 5) (52 51) (100) (72 46) (15) (37) (65 91) (33) (27) (35) (45) (13) (69) (20) (26) (25) (97) (68) (73) (62) (96 8) (30) (50) (39 17) (11) (55) (47) (12) (32) (2) (42) (28) 
61 (68 31) (8 93) (29) (100) (81) (77) (24) (25) (35) (37) (70) (52) (23) (91) (45) (69) (28 4) (72) (95) (7) (56) (27 50) (36) (97) (71 15 90) (20) (42) (12) (85) (10) (74) (61) (16 32) (92) (79) (86 21) (38) (82) (88) (98 54) (41 43 58 51) (89) (22) (75) (60) (80) (6) (76) (64) (49) (62) (39 96) (26 83) (14 30) (84) (78) (40) (94) (53) (87) (11) (34) (1) 
62 (43) (71) (95) (97) (96) (37) (2 18 100) (79) (85) (74) (32) (21) (34) (57) (16) (27) (31 35) (94 19) (64) (80) (9) (76) (45) (61 81) (44 86) (24) (70 11 30) (87) (25) (55) (20 23) (46) (50) (78) (49 75) (72) (54) (84) (36) (40) (69) (82) (66) (4) (59) (33) (14 12) (89 91 53 52) (62) (10) (28) (65) (5) (99) (83) (38) (6) (48 8) (92 73) (60 26 7) 
63 (94) (63) (25) (49 39) (33 79 61) (67 58) (76) (19) (73 6) (90 80) (16) (21 35) (56) (47) (93 92 68) (70) (46 83) (3) (37) (85 1 38 66) (15) (27) (59) (32) (41) (20) (89) (81) (72 17) (75) (50) (65 4) (22) (26 31 57) (9 74) (96 52) (91 48) (2) (13) (11) (24 14) (5) (98) (40) (62) (10) (82 30 87) (54) (8) (100 51) (34) (36) (84) (78) (42 43) (29) 
64 (90 99 80) (70 9) (32) (33 19) (71) (79 62) (55 61) (14 46) (41) (45 38) (42 20 84 25) (7) (69) (65) (21) (15 96) (12) (5) (72 23) (58) (63) (36) (34) (31 28) (74) (10) (26 2) (100 83 92 53) (97) (66) (95) (24) (67) (73) (30) (82) (93) (54) (98) (88 68) (40) (29) (52) (50) (78) (13 8 18 3) (75) (64) (56 11 91) 
65 (78) (13 35) (44) (71) (81) (22) (90) (3) (95 5) (23 47 54) (34) (1) (25) (16) (73) (21 87) (55) (82) (41 64) (46) (88) (99 6) (29) (93) (53 70) (18) (30) (86 43) (19 60) (36 51) (89) (66 57) (28 92) (15) (2) (61) (50) (75) (33) (27) (84 68 74 24 72) (58 49) (45) (94 63) (12) (8 31) (97) (96) (85) (91) (40) (80 4 20) (83 9) (79) (48 59) (69) (37) (100) (11) (17 32) 
66 (90) (7) (97 29) (59) (34) (24) (17 6) (37) (33 86) (69) (32 40) (27 16) (66) (95 93) (78 19 96 18) (50) (31) (67) (53) (87) (83) (42) (44) (3) (26) (63) (48) (100 52) (14) (77) (22) (20 30) (72 75) (82) (4) (98) (58 54) (46 9) (64) (35) (41) (39) (80) (28 57 68) (13) (71) (56 23 25) (92) (2) (21 94 79) (81) (60) (15 88 61 99) (65 1) (8) 
67 (69) (4) (52) (1 97) (88 24) (99 72) (64) (73 60 41) (91 61) (5) (13) (17) (35) (93 15 32 81) (2) (92) (54 74) (22) (28) (51) (3 39) (36) (67) (16 37) (56) (27 34) (29) (62 84) (53 10) (30) (87) (89) (48) (31) (98 18) (66) (59) (71) (33) (83 19) (14 45) (46) (7) (11) (12) (86) (58 70) (20) (63 100) (50 80) (8) (76) (44) (77) (47) (40) (6) (43 38) (75) (42) (90) (82) (79 96) (57) 
68 (97) (78) (64) (82) (74) (30) (67 17) (93) (53) (59) (100 83) (95 63) (7) (27 12 4 33) (42) (43) (47) (88) (49 35) (94) (80) (10 98) (58) (34 15 45) (9 61) (14 71) (66) (99) (3) (70) (87) (38) (37) (68 60) (84 73 91) (31) (11 41) (92 40 19) (36) (96) (79) (25 28) (23) (8) (1) (51) (76 20) (85) (72) (89) (5) (46) (57) (81) (18 13 29) (16) (39) (65) 
69 (43) (84 10 49 91) (73) (24) (87) (59) (5) (21) (27 70) (20 60) (53) (18) (100) (58) (48) (35) (6) (47) (96) (39) (37 17) (85) (81) (26) (61) (90) (31) (36 69) (19) (12) (80) (52) (95) (55) (56) (7 38 67) (40 82 3) (65) (89 62 71) (74) (97) (13) (33) (44) (46 41) (25) (79) (45) (94) (72 93) (2) (11) (23) (22) (15 34 98) (54) (28) (4) (88) (78) (16) (14) (57) (68) (92) (42) 
70 (62) (88) (14) (72) (27) (96) (21 95) (29) (32) (51) (45) (100 33) (46) (48 12 38) (77 49) (23) (24 13) (67) (37 92) (40) (7 70 66 76) (82) (52) (20) (99 93) (1) (15 64) (28) (39 44) (78) (2) (90 54) (42) (31) (19) (84) (97) (98) (47) (8 3) (89 4 74) (58) (68) (83 79) (69) (63 81 41 10 61) (75) (36 91) (85) (59) (57) (6) (56 30 18) (35 80) 
71 (86) (89) (56) (36 50 74 53) (41 38) (23) (78 57) (13) (95) (70) (26) (48) (46 34 21) (94) (5) (68) (25) (59) (63 31 3) (12) (60) (93) (58) (100) (15 30) (61) (37) (76) (51) (8) (43) (66) (90) (27) (64 1) (20) (16) (77 92 42) (28) (79 49) (82 75) (80) (18) (84) (99) (29 88) (7 44) (17) (9) (85) (52) (14) (81 91 10) (71) (47 40 87 62) (54) (98) (67) 
72 (4) (5) (52) (58) (90 7) (85) (96) (29) (15) (64 12) (99) (46) (26) (92) (78 53) (22 25) (55) (72) (33 30) (95) (73 36) (88) (89) (6) (83) (38) (100) (87) (24) (80) (76 62) (49) (8 91) (94) (79) (21) (56 37) (11) (42) (44) (32) (20) (98) (67) (34) (84) (71) (59) (17) (14) (69) (31) (74) (40) (2) (16) (77) (45) (65) (93) (41 39 27) (35) (3) (43) (66) (82) (57) (54) 
73 (95) (65 8) (80) (61) (54 39) (68 99) (10) (64) (48 31 91) (2 5) (93) (40) (74) (67 7 32 46) (77) (81 76) (83) (45) (36) (70) (47) (3 25) (41 58) (9) (12) (28 84 33) (43 13) (55 94) (21) (35 100) (29 53) (24 75) (23) (57) (59) (66) (11) (52) (15) (87 17) (27) (56 92) (98) (49) (97) (79) (73 37) (20) (34) (50 60 30 82 88 19) (16) (18) (1) (85) (26) (71) 
74 (69) (45) (35) (78) (19) (99 89) (10) (15) (92) (14) (57) (16) (38) (51) (55) (29 96 86) (63 56) (52 32) (82 73) (44 47) (84 2) (64) (74) (54) (72 41) (25 40 65 11) (1) (59) (42 98 46 9) (76 26 71) (93) (88 24 30) (43) (17) (4) (91) (36 49 85) (97) (80) (100 23) (39) (18) (27) (87) (58) (60) (81) (8) (31) (95) (13 28) (90 7) (37) (3) (68) (34 66 70) 
75 (95) (74) (76 15 79 96) (28) (50) (98) (58) (45) (90) (61) (48) (43) (72 53) (1 9) (69) (10 57) (67) (41) (54) (52) (14) (65) (42) (64) (91) (92) (38) (80) (87 36 71) (2) (88 33) (97 94) (39) (20) (56 93) (16) (17) (49) (12 18) (60) (100) (82) (34) (44) (99 5) (11 27 35 85) (6) (30) (31) (26) (37 22 75 59) (32 55) (73) (86) (4 23 47 68) 
76 (78 58) (81 33 68) (15) (85 7) (13 6) (36 20) (52) (35 19) (95 25) (66) (91 77) (71) (87 62 1 39) (69) (75) (63) (32) (80 44 60) (65 53) (28 61 18) (74 21) (57 70) (2) (38) (100) (5) (37 14 84) (31) (82) (59) (99) (40) (98 97) (51) (50) (27 48 92 12) (76) (93) (89 72) (90) (54 3) (47) (49 8) (29) (67) (55 64 16) (26) (24) (83) (96) (41) 
77 (85 66) (28) (45) (79) (80 21) (88) (92) (78) (8) (55) (6 48 93) (53) (31) (60) (57 56) (99 46 15) (4 50) (76) (9 25) (16) (17 3) (52) (100) (32) (68) (87) (41) (51) (71) (49 23) (97) (90) (19) (36) (33) (54) (14) (95) (91 27) (94) (59 12) (43) (75 40) (62) (18 64 72 82) (1) (35 37 86) (30) (67 58) (24) (61) (96 39 22 63) 
78 (99) (55 34) (28) (66 8) (46) (24) (12 18) (72) (23) (53 51 61 81) (35 44) (89) (20) (91) (9 59) (69) (16) (79) (90) (65 3) (19) (75 71 4) (5) (14) (92) (1) (39) (96) (45) (95) (42 48) (62) (54) (49 37) (38 70) (63) (74) (17) (94) (73) (87) (58 30) (31 13) (43) (50 25 6) (26) (76) (29) (80 22) (77) (41) (47) (97) (82) (27) (40 57) (52 93) (36) (10) (100) (7) 
79 (90) (88 67) (2) (55) (45) (24) (14) (50) (28 65) (39 99) (31 27) (80 87 49) (85) (16) (76) (18) (83) (69) (64 95) (60) (12) (77) (62) (72) (19) (10) (53) (96) (56) (66) (73 20 9 38) (52) (44) (54) (41) (68 47) (75 46) (89) (98 94 17) (25 71 15) (82) (32) (48) (21 26) (97 59) (13) (100 58) (5) (78) (84 37) (11) (4 81 33) (8 29) (57) (22) 
80 (72) (84) (83 31) (13) (8 20) (24 59) (86) (92) (60 35) (99 15 45) (2) (82) (43) (74 69) (9) (12) (87) (88) (37) (48 73) (36 64) (32 67) (71) (66) (51) (34) (77) (27 4) (58) (18) (57 16) (50) (39) (29 46) (11) (80) (62 38) (96) (41 3 79 25) (94) (100 22) (91 54) (7) (23) (19 40 53) (30) (65) (76) (70) (97 14 61) (26) (81) (95) (44) (78) (55) (52) (98) (56) 
81 (13) (19 32 78) (75) (88 89) (37) (65) (26) (74) (31) (91) (61 25) (12) (69 53) (17 29) (49 86) (73 27) (42) (92 97) (30 7) (63 51) (54) (52) (2) (24 9) (41 76) (35) (46) (45 79) (21) (96) (87) (47) (1 50) (6 4) (71) (98 70 14) (90 22) (40) (64) (58) (11) (48) (95 99 77) (72) (38) (81) (23 20) (15 10) (62) (100) (66) (43) (57) (16) (93) (33) (5) (36) (3) (68) (83) (34) 
82 (42) (54) (72) (76 84 37 8) (79) (94) (56 16) (61) (23) (5) (90 11 71 82) (63 25) (13) (3 49 58 7 20 67) (60) (39) (89) (95) (48) (4) (62 81) (14 44) (27) (18 46 52) (45) (10) (87) (32) (69) (22) (53) (12 88) (64 33) (96 28) (35) (38) (26) (59 91 41 24) (85 68) (93) (2) (30) (100) (19) (43) (6) (66) (73) (55) (1 40) (80) (77) (50) 
83 (90) (93) (78) (65) (40) (46) (54) (45) (34 41) (61) (73 75) (55) (16 5) (82) (35) (28) (92) (70 64) (63) (87) (80) (18) (89) (77) (66) (30) (17 95) (84) (31) (51 60) (8) (100) (98 37 10) (3 71) (12 2) (15) (20) (62) (99) (57) (68) (21) (11 24) (43) (47 22) (56) (39) (7) (72) (88) (1) (23) (38) (91) (67) (81) (58 85) (42) (96) (86) (9) (59 48 49) (53) (36) (6) 
84 (6) (81 75 16) (3) (76 2) (39) (66) (78) (61) (9 53) (63) (96) (49 37 55) (52) (48 25 4 100) (50) (20) (71) (70 68) (86) (19) (83) (74) (32) (46) (22) (97) (31 14) (99) (67) (88) (29) (5) (13) (60) (34) (44) (90 12) (84 11) (65 73 43) (36) (24) (56) (7) (77) (23) (72) (40) (15) (42 51 89) (94) (92) (95) (87) (69) (47) (58 28) (59) (26) (82) (57 18) (64) (85) (45) 
85 (66) (27) (34 1) (92 4) (32) (67) (64) (63) (60 84) (88) (56 51) (49) (16) (90) (75) (42) (45 81 33) (26) (43 96 41 8) (12) (74) (82) (20) (94) (70) (99) (10) (39) (50 93 100) (18) (85) (80) (91) (53) (31 78) (47) (37) (3 72) (87 7) (57) (76) (55 86) (62) (38) (54 23 52) (6) (13) (48) (14 97) (79) (2) (98 44) (68) (65) (71) (83 40) (77 5) (17) (69 9) 
86 (70 32) (100 9 82 11) (54) (83) (12) (28 10 39 58) (71 98 96) (99) (5) (14 21 35 93 27) (34) (59 94) (56) (22) (75) (42) (23) (66) (63) (91 24) (2) (41) (47 48) (17) (6) (7) (36) (20) (26) (29) (49 65 55) (97 18) (38 53) (89 84 15) (31 46) (45) (73) (30) (85 80 79) (13) (50) (25) (4) (69) (51) (16) (74 60) (90) (77) (92 8) (87) (1) (57) (44) (95) 
87 (66) (41) (81) (11 100) (99) (85) (18 43) (3) (53) (89 31) (88) (37) (60) (7 62) (4) (47 1 97) (24) (22) (76) (77 49) (48) (16) (33) (23 14 52) (65 38 71) (82 86) (32) (34 93) (80 73) (20) (50 83 58) (15 13) (98) (91) (29) (94) (39) (78) (67 59) (87) (21 74 40) (69 2 75 79) (90 55) (64) (9) (84) (63) (51) (6) (26) (19) (27) (28) (92 8) (35 45) (57) (17) (12) (25 46) 
88 (51) (68 53) (80 37 93) (76) (67) (70 82) (2) (49 25) (58) (73) (60 8) (40) (71) (99 27) (11) (7 15) (19) (21) (78 30) (33 44 16) (20) (54) (41) (29) (84) (35 24) (28) (42) (17 86 22) (46 31) (4) (52 45) (98 43 75) (74 5) (83) (62 32 57) (18 12) (81 48 6) (89) (56) (34) (69) (13) (65) (72) (26) (23) (10) (1) (39 55) (66 50 47) (97 90) (96) 
89 (27) (5) (56) (94 99) (14) (60) (48) (31) (28) (92) (70 13) (49) (34) (11) (12) (10) (86) (8) (16) (66) (39) (41) (88) (73) (79) (89) (33 65) (75) (62) (78) (58 7 96) (59) (97) (32) (45) (91) (36) (26) (50 74) (29) (17) (71 46) (61) (9) (44 37) (25 1) (98) (55) (20) (82 24) (23 15) (68) (80) (95) (54) (51) (57 53 18 90) (83) (100) (72 42) (76 64) (22) (35) 
90 (27) (74 72) (54) (82 98 31) (16) (95 62) (45) (18) (37) (71) (9) (73) (40) (8) (60) (86 48) (81) (10 80) (25) (7) (21) (12) (99) (26) (14 41 57) (34 19) (76) (100) (78 94 6) (90) (20) (97) (66) (11 29 69 85) (88) (24) (87) (36) (79) (89) (59) (46) (92) (28) (32) (55) (13) (61) (30 75) (70) (15) (51) (91 2) (22) (3) (56) (42) (39) (64) (83) (38 96) (53 50) (65) (63) (67 5) (77) (47) 
91 (60) (82) (80) (75) (4 98) (39) (54) (31 92 91) (15) (94) (13) (36) (41) (7) (24) (70) (50 95) (42) (3) (99) (73 57) (81) (85 68) (53) (74) (28) (67) (88) (10) (65) (90 43) (55) (29 100 71 25) (61) (9) (89 77) (23) (44 21) (40) (27 64 76) (20) (30) (79 5) (2) (51) (11 19) (12) (38) (62) (66) (18) (45 87) (47) (22) (8) (78 49) (69) (96) (1) (59) (84) (86) 
92 (49) (34 99 35) (2 7) (27) (44 18 96 65 47) (25) (12) (36) (98) (90) (30) (77) (14 80) (71) (6 64) (28) (21) (51) (68 43) (56 38) (76) (79) (19 5) (17 92) (55) (48) (91) (62 8 54) (93 78) (84) (60) (86) (82) (89 33 50) (85 97) (29) (52) (3) (22) (24 45) (9) (41) (81) (39 16 83 31) (67) (74) (11 53) (13) (23) (69) (37) (1 70) (40 15) (100) (63) 
93 (43 31) (44) (32) (86) (27) (9) (50) (79) (4) (66) (72) (36 96 8) (25) (59) (33) (55) (81) (54 20) (76) (78) (98) (62) (47) (92) (53 73) (58) (97 3 88) (45 34 64 17) (93) (21 84) (22) (95) (77) (10) (49 15) (74) (67) (26 52) (23) (42 41) (2) (85 89) (18) (60) (75) (24) (70) (30) (16 90) (65) (11) (63 14) (69) (7) (38) (80 94) (91) (83) (82) (68) (19) (51) (35) (61 99) (37) 
94 (51) (36 95 54) (34) (15) (64) (87 38) (67) (8) (6) (18) (89 24) (40) (58) (4) (82 63) (42 73) (27) (2 17 1 96) (41) (92) (81) (62) (93) (22 9) (50) (45) (76) (31) (46) (53) (66 12 91 10) (99) (33) (32 100 7 37 39) (72) (25) (48) (5 83) (60) (56) (29) (68) (55) (70) (23) (59 61 69 49 26) (14 43 35) (88 57) (11 13) (78) (97) 
95 (77 19 4 53 62) (10) (20) (45) (65) (5) (85) (35 76) (27 34 81) (56) (92 72 1) (50) (83) (61 15) (6 42) (95) (59) (54 2) (63) (64) (75) (37) (98) (26 13) (32 25 44) (51) (94 49) (31) (17) (11) (52) (74) (21 87) (46) (43) (8) (93) (22) (28) (40) (58) (55 90 86) (60) (57 14 3) (79) (99) (78 23) (36) (24) (84) (80) (29 16) (66) 
96 (61 96) (46) (24 85) (41 70) (9) (49) (74 81) (57) (67) (98) (22 89) (31 19) (5) (39) (72) (73 66 56) (84) (3 8) (2 71) (43) (35) (15) (1) (26) (18) (92) (80) (99) (30) (54) (64 94) (47 16) (75 33) (12) (27 69) (48) (44 77) (7) (100) (78) (29) (23) (11 51 14) (90 10 45) (93) (21) (60) (97) (76 25) (79) (55 95 59 62) (42) (32) (63 83) (17) (38) (52) 
97 (2 29 17) (92) (19 89) (49 56 13) (7 40) (78 75 27) (99) (52) (71 87) (50) (10) (8) (79) (18) (62) (81) (66) (77) (70) (69) (21) (84) (47 14) (9) (41) (54) (85 38) (86) (73) (76) (53) (1) (30) (65) (64) (25) (44 46 16) (5) (11) (15) (26) (60 68 80 4) (48) (20) (23 43 63) (39) (74) (55) (82 45) (59) (32) (31 28) (67) (97) 
98 (24) (2) (56) (97) (98) (85 71 78) (21) (50) (32 27 17) (66) (52) (45) (53) (39) (100) (73) (62 49) (29 31) (93 63) (11 36) (4) (89) (8) (37) (57 43) (58 26 1 47) (80) (91) (42) (77) (67) (25) (74) (60) (16 86) (82) (46 6) (23) (79) (3) (13) (84) (7) (19) (38) (35) (76) (34 64) (44) (48) (14) (61) (54) (72) (68) (33 18) (99) (22 12) (75) (15) (87) (41) (65) 
99 (54) (67) (53) (38) (89 80 27) (14) (28) (45) (47) (66) (43 51) (85) (61 82) (32) (83) (2) (98) (17) (78) (23) (74) (63 76 20) (44 4) (21 7) (79) (30) (84) (41) (88) (81) (68) (40) (94) (12) (50 3 52) (22) (37) (31) (35) (59) (9) (86) (19 71) (24) (97) (87) (33) (100) (18) (25) (57) (8) (6) (42 39) (16) (13) (36) (29) (11 90) (56 5 10) (77 15) (72) (95 34) (73) 
100 (13) (88) (85) (99) (71) (100 12) (95) (31 1 93 65) (28) (2) (5) (68) (20 42) (76) (24) (14) (92) (90) (3 26 53 18) (86) (37) (29) (96 8) (81) (47 21 77 56) (4 67) (43) (70 40) (27) (32) (46) (9) (36 49) (44) (51 34) (16) (89) (33) (38) (63) (7) (66) (30) (79) (48 98) (72 41 61) (19) (57 39 52 15 91) (6) (83) (60) (58 84) (69 22) (80) (87 54) 
1 (57) (60) (42) (19) (92) (63) (39) (26) (96) (8) (23) (29) (44) (85) (35) (10) (65) (95) (2) (100) (13) (58) (41) (73) (97) (89) (50) (38) (71) (6) (66) (22) (36) (86) (12) (34) (31) (77) (43) (20) (94) (81) (75) (88) (83) (74) (87) (15) (98) (78) (32) (68) (9) (7) (37 3 52) (70) (76) (24 40 1 56) (82) (55) (27) (51) (33) (5 11 53) (14) (91 67 47 54 61) 
2 (25) (35) (95) (7) (90) (41) (8) (2) (23) (1) (52) (91) (14) (85) (84) (56) (38) (74) (18) (60) (29) (46) (37) (69) (64) (82) (32) (99) (49) (42) (16) (58) (79) (83) (97) (17) (31) (65) (39) (9) (93) (5) (50) (67) (92) (63) (34) (66) (98) (57) (40) (43) (3) (47) (55) (70) (87) (72) (80) (27) (96) (59) (20) (76) (36) (73) (51) (12) (88) (94) (15) (100) (62) (30) (24 44) (75) (10) (45) (33 81) (86) 
3 (87) (71) (11) (77) (70) (2) (84) (21) (100) (3) (23) (18) (8) (92) (16) (4) (73) (40) (46) (47) (85) (31) (45) (26) (7) (55) (90) (34) (82) (24) (56) (91) (1) (37) (69) (39) (67) (22) (81) (15) (66) (80) (44) (9) (96) (99) (76) (42) (5) (65) (64) (72) (63) (58) (98) (74) (20) (38) (49) (13) (48) (60) (50) (6) (51) (78) (52) (27) (41) (17) (36) (59) (95) (30) (93) (68) (35) (43) (83) 
4 (50) (87) (80) (29) (65) (88) (48) (33) (36) (75) (68) (59) (70) (62) (13) (82) (91) (84) (19) (81) (23) (77) (39) (66) (79) (99) (74) (42) (38) (51) (56) (32) (15) (7) (61) (93) (41) (26) (9) (18) (21) (11) (49) (53) (85) (14) (16) (5) (6) (8) (28) (98) (69) (67) (86) (10) (95) (17) (24) (58) (55) (25) (72) (43) (31) (52) (97) (2) (78) (22) (44) (30) (40) (100) (63) (3) (27) (4) (94) 
5 (85) (47) (64) (4) (8) (51) (22) (25) (18) (45) (19) (26) (83) (16) (91) (41) (29) (42) (97) (48) (96) (67) (49) (75) (59) (99) (11) (21) (82) (72) (95) (94) (33) (15) (12) (40) (34) (90) (81) (38) (56) (58) (84) (92) (89) (88) (53) (100) (63) (30) (55) (57) (46) (17) (54) (20) (86) (69) (68) (76) (71) (79) (14) (6) (23) (44) (43) (50) (27) (60) (65) (78) (7) (5) (52) (62) (36) (73) 
6 (23) (8) (90) (43) (61) (19) (42) (31) (13) (75) (44) (41) (9) (25) (2) (38) (66) (86) (4) (55) (72) (34) (62) (3) (94) (67) (98) (82) (29) (65) (87) (76) (63) (77) (78) (84) (7) (36) (35) (48) (52) (32) (33) (60) (53) (70) (5) (58) (88) (83) (95) (81) (92) (40) (100) (39) (27) (51) (24) (11) (26) (85) (69) (28) (18) (45) (99) (12) (54) (20) (15) (21) (1) 
7 (39) (50) (59) (37) (36) (53) (24) (14) (68) (81) (98) (9) (84) (12) (66) (73) (100) (58) (46) (34) (93) (96) (70) (48) (30) (31) (86) (28) (23) (92) (15) (7) (85) (5) (6) (71) (87) (61) (4) (69) (13) (91) (54) (97) (42) (78) (40) (19) (8) (32) (56) (45) (64) (35) (49) (26) (29) (89) (83) (20) (10) (55) (76) (72) (62) (1) (88) (22) (94) (21) (38) (80) (67) (18) (57) (90) (51) (82) (44) (99 74 43) (16) 
8 (31) (50) (18) (52) (76) (71) (57) (25) (70) (93) (11) (64) (77) (22) (34) (82) (91) (10) (15) (6) (48) (78) (40) (72) (2) (21) (98) (86) (29) (41) (88) (23) (17) (87) (67) (97) (33) (85) (59) (79) (89) (55) (68) (96) (60) (9) (1) (43) (13) (66) (44) (83) (62) (58) (26) (94) (99) (80) (63) (73) (14) (90) (42) (65) (39) (20) (92) (12) (36) (8) (3) (95) (56) (16) (45) (51) (74) (100) (53) (61) (5 38) 
9 (35) (90) (50) (52) (68) (93) (49) (83) (89) (5) (97) (57) (60) (45) (73) (25) (85) (34) (51) (38) (2) (8) (46) (99) (55) (56) (26) (21) (66) (6) (27) (75) (12) (53) (77) (84) (48) (64) (58) (17) (87) (65) (10) (24) (36) (7) (100) (79) (44) (42) (31) (74) (81) (18) (94) (78) (71) (33) (28) (1) (91) (40) (4) (14) (47) (9) (62) (86) (96) (11) (19) (23) (41) (92) (43) (63) (80) (37) 
10 (9) (41) (30) (17) (70) (52) (82) (81) (99) (19) (2) (18) (67) (83) (6) (13) (48) (89) (91) (1) (90) (74) (42) (86) (73) (55) (8) (68) (36) (35) (61) (43) (50) (75) (21) (78) (24) (69) (54) (33) (38) (88) (71) (96) (95) (25) (3) (4) (27) (93) (45) (29) (23) (79) (28) (26) (14) (46) (53) (34) (97) (12) (16) (15) (94) (49) (63) (62) (85) (7) (22) (64) (11) (31) (58) (37) (39) (57) (60) (56) 
11 (41) (63) (64) (35) (21) (61) (52) (91) (56) (48) (30) (90) (14) (37) (54) (53) (46) (73) (92) (45) (60) (82) (5) (84) (4) (34) (62) (6) (40) (19) (13) (36) (24) (18) (8) (25) (16) (42) (72) (81) (1) (83) (39) (67) (51) (95) (58) (47) (96) (89) (50) (29) (22) (80) (74) (97) (68) (99) (10) (7) (75) (98) (55) (87) (86) (88) (15) (28) (27) (9) (59) (93) (69) (65) (79) (23) (11) (2) (94) 
12 (28) (54) (41) (71) (53) (47) (13) (4) (52) (83) (10) (35) (76) (23) (11) (44) (98) (68) (30) (86) (64) (9) (65) (62) (24) (99) (55) (91) (19) (32) (72) (77) (75) (22) (26) (17) (3) (79) (82) (51) (87) (50) (96) (14) (45) (100) (80) (34) (61) (94) (58) (57) (85) (90) (12) (48) (43) (60) (88) (81) (89) (70) (49) (29) (6) (25) (1) (69) (67) (2) (18) (73) (20) (37) (84) (7) (8) (92) (21) (78) (5) (36) 
13 (49) (70) (1) (47) (29) (97) (95) (58) (67) (7) (14) (65) (43) (60) (39) (66) (18) (16) (51) (12) (2) (24) (17) (11) (22) (100) (98) (92) (35) (68) (85) (88) (73) (82) (32) (87) (23) (50) (41) (31) (25) (45) (52) (54) (20) (63) (79) (15) (64) (13) (3) (76) (86) (37) (91) (53) (71) (30) (94) (80) (90) (78) (10) (89) (28) (74) (69) (4) (8) (48) (81) (84) (27) (99) (9) (34) 
14 (74) (63) (76) (99) (32) (58) (43) (9) (14) (93) (20) (21) (33) (34) (84) (59) (75) (77) (86) (8) (94) (71) (5) (1) (78) (10) (35) (45) (27) (69) (23) (15) (36) (31) (55) (6) (67) (95) (96) (72) (2) (46) (85) (66) (41) (87) (57) (89) (54) (70) (24) (29) (39) (92) (26) (12) (3) (30) (49) (80) (7) (79) (16) (62) (44) (61) (97) (13) (64) (17) (98) (100) (90) (52) (4) (81) (68) (53) (82) 
15 (69) (71) (26) (66) (90) (63) (96) (89) (53) (92) (98) (1) (35) (44) (13) (65) (46) (100) (15) (38) (37) (2) (4) (11) (24) (32) (93) (25) (84) (45) (77) (6) (22) (27) (87) (34) (75) (5) (79) (12) (58) (9) (56) (14) (17) (39) (95) (60) (81) (64) (83) (94) (76) (74) (55) (97) (72) (30) (50) (23) (19) (68) (47) (41) (88) (54) (99) (70) (61) (73) (91) (57) (36) (67) (20) (7) (86) (40) (80) (43) 
16 (86) (16) (84) (98) (27) (37) (4) (31) (6) (71) (73) (25) (75) (2) (61) (87) (97) (65) (77) (66) (24) (48) (3) (56) (41) (14) (10) (29) (76) (79) (60) (68) (88) (78) (30) (52) (42) (5) (74) (62) (90) (92) (99) (100) (54) (35) (50) (69) (89) (9) (63) (43) (38) (85) (96) (83) (22) (53) (17) (95) (36) (82) (21) (93) (8) (1) (57) (49) (67) (72) (39) (12) (26) (34) (80) (81) (33) (32) (11) (18) 
17 (72) (35) (22) (6) (58) (68) (13) (89) (78) (93) (33) (52) (71) (19) (65) (16) (74) (85) (75) (5) (49) (63) (24) (48) (99) (20) (25) (83) (1) (29) (56) (37) (10) (55) (66) (96) (18) (27) (7) (43) (44) (34) (92) (54) (97) (11) (95) (23) (60) (26) (46) (15) (73) (57) (53) (86) (9) (47) (45) (4) (87) (77) (59) (79) (69) (28) (88) (40) (41) (94) (42) (98) (67) (81) 
18 (45) (15) (30) (12) (78) (31) (39) (57) (24) (87) (48) (50) (8) (82) (25) (1) (85) (80) (19) (96) (66) (22) (100) (86) (17) (6) (98) (13) (53) (18) (75) (27) (94) (28) (68) (79) (76) (83) (73) (35) (36) (44) (74) (5) (47) (29) (46) (62) (41) (34) (92) (67) (38) (93) (20) (90) (58) (89) (49) (7) (60) (52) (33) (69) (2) (40) (37) (55) (65) (3) (56) (99) (64) (71) (88) (97) (77) (26) (70) (84) (91) 
19 (2) (62) (88) (80) (64) (27) (78) (76) (24) (51) (93) (30) (15) (28) (12) (70) (79) (16) (81) (48) (95) (91) (20) (92) (7) (87) (69) (63) (33) (44) (39) (74) (18) (4) (55) (100) (1) (29) (67) (38) (22) (68) (21) (84) (99) (46) (98) (56) (77) (65) (49) (9) (10) (31) (37) (97) (23) (59) (54) (90) (25) (66) (5) (82) (96) (41) (14) (73) (32) (3) (42) (50) 
20 (16) (81) (83) (84) (86) (40) (39) (71) (43) (23) (90) (19) (67) (31) (59) (75) (97) (42) (68) (82) (65) (50) (64) (1) (4) (38) (35) (73) (11) (24) (53) (49) (72) (58) (78) (26) (5) (91) (80) (79) (45) (100) (21) (51) (60) (69) (25) (22) (93) (56) (70) (27) (33) (32) (29) (6) (95) (18) (37) (30) (36) (89) (41) (88) (46) (10) (48) (2) (47) (54) (85) (13) (76) (99) (66) (17) (14) (62) (87) (63) (52) (61) 
21 (96) (100) (13) (24) (36) (73) (27) (92) (11) (43) (34) (79) (95) (25) (9) (44) (66) (62) (4) (98) (17) (37) (57) (1) (59) (30) (14) (61) (54) (3) (83) (87) (20) (40) (48) (72) (55) (32) (12) (46) (8) (19) (31) (39) (49) (52) (51) (99) (65) (50) (10) (64) (97) (28) (86) (63) (69) (26) (70) (18) (81) (88) (77) (93) (33) (47) (90) (76) (53) (71) (91) 
22 (19) (67) (86) (17) (16) (56) (9) (44) (88) (6) (3) (80) (38) (57) (87) (81) (23) (28) (35) (78) (63) (72) (29) (42) (66) (24) (34) (90) (31) (99) (95) (45) (51) (75) (15) (39) (96) (25) (93) (47) (50) (55) (40) (100) (21) (84) (1) (52) (92) (94) (14) (36) (79) (46) (89) (4) (82) (7) (33) (26) (18) (83) (43) (58) (27) (59) (77) (53) (61) (69) (37) (60) (65) (30) (98) (22) (10) (5) (91) (8) 
23 (80) (74) (7) (81) (50) (68) (58) (99) (35) (3) (92) (16) (14) (19) (88) (57) (47) (15) (91) (33) (83) (17) (64) (56) (85) (73) (12) (25) (40) (1) (46) (69) (18) (29) (34) (27) (93) (49) (8) (94) (77) (65) (26) (95) (60) (43) (70) (52) (38) (21) (39) (20) (82) (75) (98) (2) (11) (87) (6) (86) (22) (84) (9) (53) (97) (42) (13) (55) (96) (71) (37) (89) (10) (62) (31) (66) (45) (4) (61) (32) (28) (78) (54) 
24 (41) (7) (34) (83) (66) (21) (4) (33) (94) (48) (80) (69) (95) (70) (9) (59) (53) (61) (65) (88) (6) (3) (91) (82) (27) (30) (57) (87) (63) (19) (60) (99) (62) (47) (26) (98) (74) (8) (81) (15) (28) (45) (78) (55) (42) (18) (72) (93) (20) (76) (17) (38) (32) (50) (51) (79) (23) (90) (25) (73) (44) (100) (31) (58) (67) (56) (64) (29) (43) (10) (16) (24) (40) (2) (96) (13) (86) (92) (89) (36) (77) (22) (12 84) 
25 (74) (11) (93) (32) (68) (18) (12) (65) (60) (13) (10) (92) (66) (4) (78) (90) (84) (95) (1) (81) (21) (62) (19) (22) (5) (61) (35) (52) (6) (37) (7) (45) (43) (91) (99) (94) (55) (69) (86) (2) (71) (79) (28) (34) (24) (53) (47) (96) (77) (15) (56) (17) (54) (97) (39) (36) (57) (3) (76) (44) (40) (88) (72) (14) (87) (20) (63) (82) (59) (89) (73) (98) (80) (29) (64) (50) (42) (48) 
26 (43) (66) (75) (15) (88) (94) (63) (37) (93) (40) (87) (2) (19) (11) (39) (98) (55) (71) (23) (80) (34) (54) (32) (76) (58) (89) (86) (52) (30) (90) (56) (72) (53) (9) (59) (16) (18) (81) (100) (61) (1) (97) (42) (21) (84) (85) (96) (44) (20) (8) (22) (6) (29) (35) (47) (46) (4) (95) (33) (78) (14) (38) (28) (82) (60) (3) (25) (74) (62) (36) (17) (73) (79) (48) (26) (69) (13) (64) 
27 (82) (39) (11) (14) (96) (93) (57) (15) (91) (17) (27) (75) (61) (55) (67) (5) (51) (38) (97) (65) (2) (20) (72) (29) (3) (100) (68) (99) (74) (90) (58) (46) (95) (31) (47) (60) (59) (36) (23) (70) (76) (86) (71) (79) (98) (88) (4) (34) (41) (62) (13) (16) (30) (81) (63) (78) (94) (12) (9) (50) (28) (89) (87) (49) (92) (24) (77) (19) (33) (66) (53) (80) (69) (40) (73) (26) (7) (8) (42) (48) (85) (35) (32 25 1) 
28 (28) (13) (68) (64) (79) (18) (65) (82) (75) (20) (53) (43) (34) (73) (99) (58) (12) (78) (21) (4) (89) (33) (36) (86) (8) (32) (77) (69) (76) (38) (87) (83) (70) (57) (45) (31) (24) (91) (84) (60) (14) (49) (66) (1) (26) (74) (88) (90) (95) (56) (92) (59) (6) (25) (67) (19) (35) (5) (30) (100) (71) (39) (52) (27) (55) (44) (7) (47) (61) (97) (62) (41) (3) 
29 (58) (54) (73) (57) (34) (27) (24) (37) (79) (6) (30) (49) (41) (99) (19) (3) (98) (22) (70) (14) (89) (17) (16) (78) (31) (100) (92) (39) (40) (33) (10) (18) (74) (55) (61) (97) (67) (84) (96) (86) (38) (5) (88) (7) (23) (95) (11) (66) (72) (63) (29) (44) (50) (90) (52) (45) (32) (36) (76) (21) (9) (15) (81) (91) (64) (59) (47) (80) (87) (8) (42) (68) (51) (65) (13) (60) (94) (35) (71) 
30 (35) (39) (12) (93) (52) (90) (51) (30) (77) (68) (96) (37) (59) (91) (7) (19) (71) (29) (56) (54) (92) (26) (23) (38) (88) (1) (5) (9) (86) (73) (57) (36) (16) (34) (72) (67) (22) (47) (65) (81) (20) (97) (13) (99) (60) (42) (8) (53) (74) (82) (32) (62) (25) (31) (15) (17) (78) (64) (41) (61) (14) (100) (27) (6) (63) (80) (3) (46) (83) (2) (70) (75) (55) (66) (48) (28) 
31 (11) (75) (63) (99) (33) (29) (10) (68) (44) (73) (51) (84) (47) (50) (34) (23) (40) (46) (14) (32) (52) (65) (64) (16) (88) (89) (38) (41) (72) (91) (74) (98) (19) (21) (20) (78) (48) (26) (76) (43) (90) (80) (5) (2) (25) (93) (66) (71) (56) (7) (59) (36) (70) (85) (58) (79) (67) (27) (49) (81) (95) (12) (92) (69) (62) (45) (96) (57) (86) (1) (61) (100) (54) (83) (94) (8) (9) (6) (17) (15) (35) (97) (87 18 28) (22 37) (77) (24) 
32 (16) (7) (94) (88) (9) (22) (48) (84) (57) (86) (61) (44) (37) (29) (70) (6) (85) (27) (2) (35) (73) (56) (52) (30) (12) (93) (24) (17) (96) (98) (15) (39) (99) (89) (1) (43) (62) (42) (95) (28) (58) (31) (5) (50) (63) (54) (34) (75) (65) (79) (18) (26) (77) (60) (41) (55) (11) (76) (23) (53) (66) (40) (25) (46) (38) (80) (3) (97) (4) (59) (10) (72) (51) (87) (49) (74) (90) (64) (20) (67) (36) (82) (81) (45) (14) (100) 
33 (15) (25) (46) (72) (63) (14) (10) (55) (58) (52) (1) (79) (57) (64) (98) (94) (13) (3) (31) (30) (35) (23) (41) (67) (93) (11) (77) (21) (59) (19) (62) (87) (85) (92) (7) (56) (45) (73) (39) (8) (75) (12) (54) (44) (66) (4) (47) (40) (32) (96) (100) (6) (38) (50) (42) (70) (76) (28) (88) (60) (9) (22) (18) (89) (81) (99) (48) (5) (65) (82) (69) (43) (17) (68) (33) (53) (26) 
34 (54) (72) (44) (56) (95) (27) (29) (17) (19) (33) (66) (93) (40) (13) (65) (4) (26) (47) (78) (21) (1) (89) (85) (80) (25) (57) (11) (86) (42) (23) (94) (73) (87) (6) (37) (32) (68) (90) (63) (10) (9) (5) (12) (71) (28) (55) (50) (22) (8) (36) (46) (98) (84) (100) (31) (51) (83) (14) (48) (61) (45) (81) (18) (3) (2) (92) (67) (64) (74) (62) (38) (39) (99) (75) (69) (88) (52) (16) 
35 (86) (87) (76) (62) (69) (17) (33) (61) (82) (59) (96) (42) (92) (21) (74) (4) (89) (26) (48) (41) (60) (43) (94) (68) (78) (2) (54) (7) (47) (53) (98) (6) (12) (50) (3) (40) (75) (67) (30) (11) (5) (38) (57) (63) (65) (20) (18) (32) (70) (58) (72) (16) (95) (8) (93) (28) (73) (13) (44) (45) (10) (80) (55) (81) (25) (31) (51) (29) (83) (1) (35) (99) (52) (66) (77) (27) (88) 
36 (80) (74) (53) (91) (49) (67) (33) (13) (11) (16) (37) (38) (81) (71) (36) (12) (100) (19) (99) (18) (42) (95) (59) (57) (92) (84) (68) (6) (50) (48) (65) (5) (3) (7) (75) (61) (1) (72) (73) (83) (54) (89) (41) (10) (2) (94) (39) (86) (14) (58) (77) (4) (22) (9) (55) (43) (62) (25) (78) (20) (64) (60) (17) (21) (51) (30) (28) (63) (93) (47) (70) (98) (90) (32) (15) (76) (23) (69) (26) 
37 (9) (26) (10) (60) (82) (87) (7) (54) (30) (66) (65) (28) (75) (84) (95) (4) (19) (33) (62) (63) (12) (44) (85) (24) (59) (78) (68) (69) (42) (51) (23) (92) (2) (79) (89) (27) (94) (14) (43) (34) (40) (58) (31) (56) (3) (99) (81) (18) (61) (38) (55) (25) (41) (73) (47) (67) (8) (39) (49) (74) (17) (77) (45) (21) (32) (5) (36) (48) (71) (100) (80) (22) (88) (16) (90) (98) (83) (15) (76) (93) (70) (50) (52) (53) (29) (57) (72) 
38 (100) (68) (39) (97) (58) (45) (30) (80) (71) (78) (94) (29) (86) (18) (6) (92) (41) (42) (24) (20) (72) (75) (99) (36) (8) (83) (23) (85) (21) (62) (22) (61) (79) (4) (93) (91) (54) (12) (3) (59) (11) (57) (28) (74) (9) (40) (69) (38) (81) (35) (25) (49) (34) (64) (53) (31) (70) (26) (98) (90) (33) (16) (44) (82) (87) (14) (47) (63) (43) (67) (19) (76) (96) (32) (50) (56) 
39 (25) (86) (41) (85) (55) (89) (75) (54) (56) (72) (4) (77) (61) (5) (37) (15) (97) (9) (42) (69) (1) (19) (99) (2) (76) (8) (11) (83) (30) (58) (22) (79) (60) (28) (94) (66) (24) (31) (63) (26) (36) (46) (32) (84) (92) (91) (100) (14) (67) (18) (96) (17) (33) (29) (98) (38) (53) (6) (80) (57) (12) (68) (49) (90) (20) (27) (88) (82) (10) (74) (39) (87) (70) (48) (78) (23) (34) (51) (43) (73) (21) (13) 
40 (84) (31) (76) (81) (30) (39) (11) (43) (20) (70) (50) (46) (22) (61) (8) (66) (48) (73) (95) (64) (24) (10) (80) (92) (97) (71) (2) (32) (26) (49) (9) (13) (78) (41) (52) (74) (100) (67) (42) (40) (77) (56) (6) (16) (58) (90) (36) (12) (51) (69) (1) (94) (47) (87) (7) (88) (5) (28) (19) (57) (68) (62) (63) (99) (91) (15) (27) (35) (21) (82) (72) (3) (14) (59) (65) (83) (37) (25) (85) 
41 (49) (38) (46) (11) (25) (71) (70) (100) (72) (36) (26) (83) (68) (59) (52) (4) (20) (30) (37) (10) (75) (53) (87) (60) (55) (17) (8) (3) (64) (85) (94) (9) (27) (89) (92) (18) (61) (6) (66) (98) (67) (90) (74) (16) (65) (80) (14) (42) (96) (88) (81) (69) (76) (79) (56) (50) (57) (1) (32) (99) (44) (48) (82) (77) (63) (28) (97) (51) (2) (40) (93) (91) (86) (33) (73) (29) (31) (78) (23) (24) (39) (54) (21) (13) (5) 
42 (96) (39) (88) (29) (84) (93) (82) (86) (85) (16) (56) (22) (78) (64) (52) (7) (83) (35) (8) (27) (6) (49) (4) (18) (5) (70) (31) (94) (81) (38) (58) (67) (57) (71) (61) (95) (30) (68) (47) (41) (43) (59) (89) (14) (44) (2) (51) (42) (40) (90) (98) (48) (50) (11) (60) (32) (66) (91) (33) (46) (69) (10) (26) (72) (63) (55) (24) (15) (45) (53) (23) (1) (20) (9) (74) (21) (99) (75) (100) (28) (25) 
43 (38) (82) (47) (37) (72) (74) (99) (61) (19) (100) (13) (73) (39) (10) (44) (36) (11) (49) (84) (18) (12) (93) (4) (54) (69) (15) (94) (95) (43) (60) (26) (97) (92) (32) (83) (14) (91) (25) (78) (53) (85) (77) (41) (71) (21) (75) (24) (55) (6) (80) (16) (33) (34) (8) (65) (59) (98) (7) (27) (63) (17) (23) (9) (67) (20) (29) (51) (50) (31) (40) (62) (22) (87) (88) (42) (68) (81) (30) (96) (52) (48) (28) (58) 
44 (85) (78) (98) (3) (75) (54) (13) (66) (40) (57) (55) (52) (49) (67) (95) (35) (8) (12) (34) (14) (79) (27) (2) (4) (37) (96) (92) (58) (10) (86) (39) (38) (45) (46) (80) (7) (44) (19) (5) (72) (22) (41) (91) (36) (33) (24) (11) (1) (99) (88) (16) (30) (56) (74) (59) (62) (70) (100) (71) (31) (20) (25) (32) (69) (60) (93) (43) (65) (51) (84) (89) (82) (28) (23) (97) (6) (76) (26) (42) (29) 
45 (97) (73) (84) (2) (30) (9) (7) (83) (78) (69) (89) (22) (6) (92) (94) (65) (51) (33) (77) (23) (74) (80) (59) (17) (56) (64) (98) (67) (25) (70) (27) (3) (68) (40) (15) (99) (34) (35) (79) (18) (1) (55) (14) (62) (41) (13) (31) (38) (72) (53) (86) (11) (87) (91) (88) (61) (24) (93) (45) (95) (58) (39) (49) (85) (47) (8) (90) (82) (81) (10) (36) (20) (42) (37) (96) (4) (75) (60) (57) (16) (19) (5) (44) (28) (21) 
46 (11) (53) (100) (20) (25) (6) (98) (64) (55) (34) (52) (94) (10) (36) (33) (14) (89) (78) (23) (24) (66) (46) (50) (43) (19) (84) (67) (47) (73) (68) (70) (12) (37) (79) (48) (65) (81) (54) (5) (59) (45) (3) (82) (29) (44) (30) (28) (83) (95) (87) (80) (71) (7) (72) (86) (69) (13) (32) (88) (9) (77) (42) (27) (90) (62) (1) (31) (96) (74) (97) (2) (63) (35) (18) (60) 
47 (59) (58) (26) (67) (90) (65) (17) (92) (44) (96) (39) (1) (52) (46) (41) (78) (68) (33) (43) (98) (87) (91) (45) (22) (35) (37) (20) (49) (6) (27) (4) (30) (14) (42) (81) (36) (29) (2) (85) (74) (63) (47) (56) (13) (75) (71) (55) (7) (51) (32) (54) (24) (16) (84) (69) (100) (53) (48) (70) (83) (76) (93) (38) (99) (73) (86) (88) (34) (19) (10) (79) (15) (11) (5) (8) (23) (9) (60) (18) (97) 
48 (75) (2) (9) (6) (82) (57) (29) (13) (26) (79) (98) (40) (46) (5) (21) (66) (53) (70) (50) (80) (94) (77) (33) (84) (81) (69) (73) (100) (32) (19) (52) (20) (7) (44) (48) (71) (88) (34) (63) (41) (37) (83) (86) (31) (78) (12) (22) (65) (56) (17) (92) (49) (89) (90) (67) (8) (76) (10) (43) (36) (23) (55) (60) (1) (18) (35) (47) (16) (45) (24) (11) (58) (39) (97) (42) (96) (51) (28) (85) (27) (87) (3) (62) 
49 (63) (91) (26) (84) (27) (39) (47) (7) (8) (30) (70) (60) (88) (95) (22) (92) (20) (40) (73) (37) (51) (100) (33) (28) (43) (69) (87) (77) (75) (94) (41) (5) (61) (32) (19) (48) (53) (4) (46) (3) (45) (58) (52) (78) (71) (96) (97) (76) (36) (82) (85) (11) (62) (16) (50) (81) (44) (18) (34) (56) (65) (38) (79) (14) (74) (35) (57) (10) (17) (93) (23) (9) (68) (55) (2) (29) (72) (86) (25) (83) (21) (98) (89) (15) 
50 (54) (39) (67) (80) (28) (46) (64) (94) (8) (34) (16) (3) (99) (90) (84) (62) (23) (55) (48) (20) (24) (35) (31) (73) (92) (86) (4) (91) (21) (59) (79) (6) (95) (29) (57) (12) (45) (65) (50) (30) (5) (53) (42) (19) (7) (10) (36) (81) (25) (75) (18) (97) (15) (76) (38) (63) (56) (58) (85) (17) (89) (87) (27) (93) (22) (13) (61) (32) (60) (9) (88) (66) (77) (82) (98) (47) (1) (71) (78) (52) 
51 (13) (84) (68) (39) (86) (59) (43) (47) (36) (2) (10) (78) (89) (100) (20) (99) (52) (85) (57) (30) (91) (31) (83) (41) (60) (7) (74) (65) (4) (76) (50) (87) (46) (26) (19) (55) (40) (44) (24) (12) (90) (37) (54) (77) (53) (63) (81) (1) (71) (88) (70) (29) (23) (6) (45) (92) (42) (67) (5) (80) (93) (58) (61) (28) (17) (96) (33) (22) (34) (27) (25) (51) (32) (3) (56) (95) (14) (94) (9) 
52 (67) (97) (5) (100) (61) (80) (74) (10) (85) (98) (82) (84) (49) (8) (75) (81) (73) (17) (21) (6) (78) (54) (71) (92) (7) (38) (40) (12) (13) (31) (93) (2) (14) (72) (64) (44) (35) (33) (16) (79) (34) (88) (20) (69) (76) (53) (62) (11) (30) (3) (66) (43) (4) (60) (96) (28) (70) (63) (87) (58) (18) (57) (52) (95) (59) (55) (19) (99) (26) (50) (77) (46) (32) 
53 (41) (89) (84) (83) (77) (8) (49) (91) (95) (4) (40) (54) (25) (94) (44) (15) (92) (33) (88) (98) (31) (61) (50) (28) (68) (9) (73) (10) (65) (57) (97) (43) (22) (5) (36) (78) (99) (76) (29) (80) (23) (87) (48) (81) (64) (72) (14) (85) (59) (66) (13) (93) (42) (71) (86) (34) (24) (2) (16) (47) (39) (6) (7) (82) (45) (35) (55) (75) (56) (62) (58) (21) (12) (53) (20) (3) (30) (79) (17) (1) (38) (69) (26) (100) (90) (19) (67) 
54 (34) (19) (81) (21) (72) (22) (4) (47) (2) (100) (44) (80) (74) (16) (88) (95) (8) (66) (11) (14) (61) (83) (53) (10) (86) (94) (39) (46) (97) (40) (17) (42) (43) (28) (90) (78) (26) (6) (52) (38) (63) (82) (15) (56) (91) (79) (64) (25) (29) (37) (89) (32) (18) (73) (3) (69) (27) (7) (54) (67) (49) (93) (99) (75) (24) (45) (85) (30) (59) (13) (55) (33) (71) (76) (5) (1) (96) (41) (70) (35) (62) (92) (57) (12) (77) (65) (98) 
55 (90) (31) (26) (82) (30) (51) (49) (18) (85) (54) (57) (34) (35) (52) (80) (78) (94) (27) (21) (79) (91) (84) (87) (65) (93) (92) (28) (48) (6) (17) (3) (44) (41) (32) (86) (23) (37) (74) (42) (16) (60) (58) (14) (43) (39) (75) (4) (76) (77) (40) (7) (69) (1) (89) (47) (56) (95) (2) (55) (24) (13) (62) (11) (46) (96) (64) (88) (97) (83) (45) (53) (73) (19) (10) (59) (72) 
56 (52) (98) (1) (51) (55) (24) (85) (29) (74) (97) (94) (44) (37) (21) (56) (31) (70) (43) (5) (66) (67) (39) (59) (54) (8) (11) (100) (20) (2) (75) (61) (14) (53) (83) (89) (33) (9) (6) (63) (46) (16) (10) (99) (77) (50) (73) (35) (15) (28) (96) (64) (79) (92) (49) (57) (47) (34) (82) (45) (71) (88) (22) (80) (72) (69) (40) (90) (3) (86) (48) (58) (13) (26) (38) (30) (84) (95) 
57 (12) (37) (13) (69) (81) (39) (59) (22) (100) (77) (66) (76) (63) (10) (65) (40) (91) (99) (20) (25) (48) (7) (6) (80) (86) (74) (51) (50) (35) (52) (79) (5) (21) (26) (36) (72) (8) (19) (45) (58) (73) (46) (98) (56) (34) (62) (78) (87) (27) (71) (75) (33) (84) (47) (28) (11) (94) (55) (60) (68) (90) (54) (44) (41) (23) (1) (85) (96) (43) (83) (89) (57) (70) (67) (88) (32) (95) (49) (29) (24) 
58 (30) (25) (81) (11) (5) (74) (76) (7) (14) (37) (41) (40) (12) (95) (88) (10) (66) (15) (6) (63) (13) (21) (49) (36) (70) (100) (32) (80) (58) (56) (9) (73) (48) (52) (29) (45) (22) (24) (54) (64) (38) (82) (69) (60) (39) (87) (47) (75) (27) (67) (94) (23) (93) (77) (53) (42) (72) (3) (86) (2) (84) (79) (68) (59) (43) (78) (61) (65) (83) (8) (44) (17) (4) (98) (19) (71) (51) (46) (89) (34) 
59 (39) (37) (55) (33) (8) (93) (68) (19) (67) (4) (14) (73) (29) (63) (76) (77) (84) (38) (94) (65) (78) (66) (56) (23) (69) (82) (21) (24) (5) (70) (52) (27) (74) (35) (58) (17) (89) (32) (62) (6) (86) (18) (79) (71) (90) (1) (13) (47) (7) (83) (20) (22) (15) (96) (9) (12) (60) (95) (2) (72) (87) (75) (97) (44) (10) (91) (11) (53) (42) (25) (54) (40) (80) (30) (43) (46) (99) 
60 (36) (94) (10) (84) (56) (51) (67) (80) (69) (37) (44) (6) (90) (3) (52) (46) (66) (96) (62) (15) (48) (55) (85) (8) (60) (47) (42) (88) (26) (43) (2) (76) (25) (17) (9) (41) (58) (82) (13) (1) (93) (89) (40) (75) (68) (91) (22) (7) (28) (97) (54) (92) (35) (100) (30) (20) (38) (83) (14) (98) (21) (53) (29) (5) (87) (27) (74) (59) (77) (19) (86) (61) (23) (79) (71) (95) (65) (57) (73) (31) (34) 
61 (43) (100) (59) (3) (38) (49) (80) (20) (13) (21) (61) (83) (19) (66) (23) (37) (82) (47) (89) (5) (77) (32) (99) (11) (90) (64) (18) (94) (46) (10) (14) (71) (78) (22) (60) (31) (9) (57) (62) (44) (16) (55) (45) (36) (76) (29) (52) (7) (96) (15) (95) (27) (73) (81) (34) (68) (17) (67) (65) (39) (24) (12) (91) (75) (4) (50) (69) (58) (53) (70) (2) (1) (84) (93) (98) (63) 
62 (35) (62) (64) (5) (94) (38) (60) (78) (15) (70) (89) (92) (11) (37) (31) (30) (85) (17) (82) (18) (52) (44) (90) (72) (69) (10) (67) (24) (13) (83) (14) (20) (33) (77) (61) (95) (58) (42) (34) (88) (71) (47) (45) (56) (51) (97) (28) (48) (23) (25) (91) (43) (19) (80) (36) (41) (76) (29) (16) (87) (21) (39) (96) (98) (3) (81) (63) (49) (93) (4) (8) (26) (7) (79) (9) 
63 (83) (54) (34) (49) (84) (44) (17) (28) (78) (13) (71) (90) (96) (77) (22) (55) (64) (85) (21) (94) (70) (5) (48) (68) (19) (65) (31) (67) (24) (60) (57) (27) (32) (29) (66) (42) (35) (63) (16) (74) (82) (12) (52) (23) (3) (20) (50) (86) (76) (43) (58) (39) (99) (26) (41) (14) (93) (56) (45) (36) (40) (11) (38) (47) (2) (87) (9) (97) (15) (100) (95) (1) (10) (8) (98) (37) (59) (92) (81) (51) (18) 
64 (73) (5) (80) (84) (57) (81) (85) (91) (19) (45) (96) (14) (24) (97) (89) (70) (93) (82) (58) (11) (71) (92) (25) (90) (21) (44) (29) (26) (94) (62) (27) (76) (72) (49) (68) (87) (61) (46) (56) (9) (67) (51) (2) (31) (39) (16) (22) (54) (65) (83) (74) (18) (32) (10) (48) (43) (15) (79) (3) (53) (34) (60) (12) (66) (98) (20) (95) (1) (7) (50) (4) (77) (64) (75) (38) (59) (35) (13) (55) (37) (42) (30) 
65 (46) (16) (12) (60) (69) (42) (73) (86) (49) (47) (36) (8) (92) (97) (79) (38) (90) (30) (74) (4) (21) (20) (31) (83) (43) (11) (53) (6) (34) (81) (50) (63) (100) (3) (48) (91) (93) (28) (1) (56) (35) (13) (84) (80) (89) (88) (62) (76) (41) (95) (40) (72) (19) (22) (45) (54) (26) (33) (98) (87) (64) (51) (85) (44) (23) (66) (59) (15) (57) (68) (10) (78) (75) 
66 (97) (43) (44) (52) (81) (55) (82) (10) (1) (33) (17) (12) (94) (21) (95) (9) (19) (58) (56) (78) (89) (38) (14) (27) (72) (83) (3) (77) (64) (70) (67) (88) (87) (51) (68) (35) (50) (93) (98) (31) (99) (40) (22) (41) (62) (5) (86) (85) (36) (79) (66) (23) (100) (18) (46) (4) (90) (96) (73) (25) (2) (48) (28) (37) (74) (63) (6) (8) (34) (76) (65) (84) (53) (24) (15) (80) (32) (91) (71) (16) (30) (42) 
67 (24) (10) (13) (35) (97) (46) (63) (70) (48) (82) (72) (38) (71) (84) (41) (77) (94) (20) (19) (5) (79) (50) (9) (69) (28) (76) (37) (43) (39) (30) (60) (49) (16) (80) (66) (59) (34) (91) (73) (58) (54) (98) (53) (7) (14) (11) (92) (22) (27) (12) (87) (67) (90) (75) (3) (17) (68) (93) (56) (57) (83) (25) (99) (100) (44) (1) (23) (96) (36) (18) (29) (85) (88) (33) (26) (52) (32) (64) (2) 
68 (60) (100) (20) (33) (74) (85) (45) (35) (77) (9) (88) (76) (6) (99) (15) (7) (10) (26) (27) (28) (32) (81) (40) (54) (69) (1) (68) (51) (2) (83) (49) (30) (22) (94) (82) (48) (19) (43) (79) (61) (38) (3) (16) (57) (97) (42) (14) (89) (11) (63) (31) (44) (66) (18) (34) (93) (98) (75) (8) (46) (29) (58) (65) (41) (84) (52) (53) (55) (73) (64) (37) (71) (92) (91) (70) (47) (50) 
69 (42) (61) (76) (9) (66) (39) (86) (37) (34) (79) (18) (25) (1) (56) (26) (54) (87) (90) (33) (10) (81) (19) (16) (93) (51) (41) (74) (21) (23) (55) (82) (60) (80) (45) (58) (5) (7) (92) (96) (72) (100) (78) (67) (43) (62) (32) (38) (75) (64) (49) (30) (53) (35) (94) (88) (29) (13) (40) (91) (65) (46) (52) (27) (50) (84) (17) (3) (48) (15) (59) (97) (85) (8) (28) (70) (2) (69) (36) 
70 (50) (60) (86) (70) (51) (36) (69) (80) (62) (39) (74) (23) (25) (26) (94) (63) (5) (35) (97) (28) (29) (96) (93) (55) (85) (15) (84) (19) (18) (40) (88) (34) (47) (17) (4) (2) (83) (44) (49) (9) (90) (12) (78) (6) (73) (48) (24) (92) (91) (7) (37) (59) (8) (65) (58) (71) (64) (67) (38) (16) (52) (42) (76) (13) (46) (53) (61) (21) (31) (81) (54) (89) (100) (68) (30) 
71 (45) (86) (17) (89) (57) (11) (32) (79) (68) (27) (53) (100) (92) (96) (81) (76) (49) (50) (67) (98) (47) (66) (87) (24) (35) (23) (77) (75) (72) (60) (34) (10) (41) (20) (4) (38) (85) (55) (51) (33) (3) (59) (84) (58) (28) (80) (14) (30) (74) (71) (43) (44) (90) (83) (46) (64) (7) (56) (91) (97) (21) (42) (8) (62) (69) (29) (54) (40) (5) (48) (88) (61) (31) (22) (25) (26) (52) (65) (37) (9) (39) (99) (82) (78) (13) (36) (73 16) 
72 (68) (61) (55) (95) (47) (9) (85) (65) (56) (53) (58) (83) (88) (1) (16) (81) (62) (49) (50) (82) (63) (24) (25) (93) (98) (80) (60) (69) (34) (11) (90) (10) (17) (48) (84) (21) (67) (8) (23) (33) (35) (70) (32) (2) (94) (59) (76) (41) (72) (30) (40) (96) (42) (45) (66) (99) (4) (13) (43) (38) (19) (12) (44) (6) (7) (52) (27) (74) (31) (51) (64) (54) (100) (89) (28) (14) (75) (77) (46) (78) (29) (37) (79) (3) (15) (26) (36) 
73 (9) (89) (48) (26) (57) (22) (49) (51) (8) (63) (67) (93) (83) (11) (64) (32) (91) (17) (87) (81) (88) (68) (33) (31) (45) (56) (16) (50) (24) (20) (46) (59) (79) (94) (99) (12) (19) (62) (54) (30) (28) (29) (96) (5) (73) (60) (37) (80) (65) (42) (58) (35) (44) (2) (25) (90) (10) (39) (78) (38) (18) (40) (1) (6) (3) (84) (15) (97) (14) (13) (53) (74) (47) (86) (69) (72) (21) (75) (82) (23) (43) (4) (98) (55) 
74 (30) (32) (38) (22) (90) (75) (62) (56) (13) (63) (48) (41) (25) (67) (34) (10) (93) (87) (43) (5) (1) (52) (96) (78) (7) (88) (74) (57) (72) (58) (33) (47) (85) (27) (64) (51) (80) (23) (65) (11) (18) (59) (4) (68) (12) (98) (73) (21) (36) (15) (29) (37) (19) (39) (76) (70) (26) (91) (92) (69) (17) (54) (55) (20) (95) (46) (60) (71) (44) (8) (3) (86) (89) (6) (81) (2) (45) (84) (97) (24) (99) (61) 
75 (9) (11) (87) (95) (17) (15) (55) (63) (45) (93) (96) (43) (42) (28) (52) (31) (57) (25) (86) (44) (16) (70) (85) (6) (14) (60) (61) (32) (27) (51) (38) (35) (37) (46) (90) (23) (50) (29) (18) (47) (49) (36) (24) (4) (81) (65) (77) (79) (40) (66) (64) (84) (58) (76) (89) (73) (5) (33) (7) (41) (97) (71) (20) (67) (83) (91) (98) (88) (12) (10) (53) (54) (78) (75) (19) (62) (30) 
76 (61) (97) (95) (41) (54) (71) (38) (17) (40) (47) (85) (23) (44) (51) (92) (49) (81) (63) (48) (27) (32) (98) (74) (8) (68) (29) (24) (1) (60) (80) (22) (42) (34) (100) (93) (94) (10) (88) (79) (99) (56) (96) (84) (75) (73) (87) (57) (18) (70) (67) (14) (31) (50) (2) (53) (13) (45) (62) (28) (82) (7) (58) (91) (90) (21) (52) (5) (26) (33) (3) (37) (35) (11) (77) (78) (36) (89) (72) (43) (19) (46) (9) (16) (15) (25) (76) (20) 
77 (6) (10) (15) (44) (48) (53) (27) (78) (13) (19) (2) (58) (76) (61) (45) (83) (18) (34) (29) (35) (73) (85) (3) (84) (55) (36) (37) (24) (41) (47) (42) (97) (96) (46) (95) (79) (16) (26) (51) (90) (70) (72) (23) (54) (91) (1) (57) (20) (33) (99) (67) (30) (81) (14) (7) (87) (92) (71) (80) (93) (21) (100) (8) (82) (25) (50) (5) (11) (86) (31) (17) (56) (49) (52) (98) (39) (66) 
78 (55) (50) (64) (31) (94) (44) (96) (97) (77) (11) (12) (13) (98) (92) (3) (36) (28) (87) (69) (91) (52) (58) (7) (57) (61) (51) (81) (48) (76) (90) (27) (84) (20) (14) (49) (38) (9) (15) (88) (33) (70) (37) (85) (74) (80) (41) (46) (45) (35) (32) (42) (72) (65) (83) (34) (54) (29) (23) (63) (60) (62) (26) (43) (19) (1) (24) (93) (40) (71) (79) (10) (8) (5) (95) (53) (89) (4) (22) (39) (68) (17) (47) (56) (59) (66) (99) (18) (21) 
79 (87) (1) (69) (24) (35) (42) (12) (52) (61) (50) (70) (34) (13) (72) (66) (63) (32) (71) (58) (37) (67) (26) (29) (5) (33) (46) (81) (96) (53) (73) (45) (64) (27) (8) (75) (51) (97) (90) (6) (10) (80) (95) (56) (41) (3) (44) (20) (28) (82) (23) (62) (59) (98) (91) (14) (9) (36) (92) (68) (89) (93) (49) (85) (19) (77) (55) (57) (11) (30) (17) (100) (2) (86) (7) (99) (16) (65) (22) (78) (43) 
80 (3) (70) (90) (36) (98) (35) (73) (92) (48) (65) (55) (68) (67) (88) (85) (13) (26) (93) (78) (45) (24) (33) (41) (18) (22) (25) (1) (28) (74) (19) (23) (50) (59) (7) (83) (56) (14) (69) (29) (77) (34) (72) (9) (91) (16) (44) (99) (71) (76) (95) (96) (61) (82) (46) (20) (30) (6) (51) (97) (21) (27) (38) (79) (54) (43) (37) (80) (86) (15) (87) (4) (39) (57) (5) (62) (17) (75) (60) (49) (58) (52) (64) (53) (8) (100) (63) (2) (10) (89) (66) (47) 
81 (57) (3) (15) (99) (33) (23) (42) (50) (85) (82) (44) (37) (5) (13) (55) (83) (49) (87) (65) (26) (52) (67) (71) (41) (32) (46) (9) (94) (27) (18) (73) (51) (56) (70) (24) (39) (91) (63) (48) (88) (17) (84) (81) (38) (90) (22) (30) (6) (1) (74) (12) (66) (8) (59) (78) (34) (61) (43) (7) (68) (100) (2) (95) (35) (69) (36) (92) (79) (62) (96) (20) (47) (4) (16) (11) (25) (97) (19) (29) (93) (21) (10) (80) (76) (40) (60) (14) 
82 (30) (75) (41) (23) (91) (98) (35) (72) (29) (16) (92) (10) (94) (63) (49) (21) (9) (31) (88) (5) (85) (54) (93) (57) (65) (90) (20) (78) (36) (37) (80) (77) (39) (59) (3) (7) (42) (15) (40) (50) (8) (2) (26) (27) (89) (84) (22) (56) (17) (4) (66) (62) (46) (99) (87) (61) (83) (71) (79) (74) (76) (97) (73) (52) (51) (18) (60) (82) (43) (69) (64) (53) (68) (25) (86) (67) (70) (6) (34) (19) (45) 
83 (58) (6) (34) (28) (20) (85) (27) (23) (70) (46) (14) (93) (52) (41) (89) (49) (90) (67) (59) (54) (94) (5) (39) (33) (68) (84) (92) (13) (4) (96) (35) (45) (19) (10) (11) (61) (95) (72) (88) (87) (66) (24) (7) (3) (65) (64) (22) (43) (81) (1) (15) (38) (73) (29) (26) (37) (100) (56) (42) (80) (63) (79) (50) (76) (16) (99) (18) (53) (25) (31) (44) (60) (9) (62) (48) (86) 
84 (36) (92) (28) (27) (65) (5) (80) (97) (64) (82) (47) (84) (14) (35) (12) (72) (39) (51) (83) (34) (69) (53) (29) (95) (68) (6) (85) (20) (86) (40) (49) (61) (74) (79) (25) (96) (22) (99) (60) (62) (17) (24) (46) (11) (57) (54) (15) (10) (31) (26) (38) (43) (50) (4) (9) (63) (98) (3) (44) (100) (18) (32) (67) (16) (33) (76) (30) (56) (71) (70) (73) (1) (7) (19) (93) (45) (37) (88) (87) (91) (52) 
85 (10) (21) (29) (52) (31) (44) (17) (85) (51) (98) (62) (11) (24) (74) (73) (48) (19) (16) (35) (69) (26) (6) (87) (32) (65) (68) (28) (79) (9) (99) (83) (92) (46) (61) (4) (63) (2) (82) (56) (84) (18) (25) (12) (72) (55) (3) (77) (47) (96) (41) (90) (100) (45) (15) (57) (5) (40) (75) (53) (58) (91) (71) (54) (36) (37) (86) (8) (7) (76) (97) (49) (95) (93) (23) (38) (22) (70) (1) (42) 
86 (62) (84) (48) (81) (75) (58) (88) (85) (51) (38) (6) (2) (77) (41) (52) (56) (65) (92) (61) (22) (5) (74) (59) (93) (11) (95) (32) (21) (25) (1) (80) (7) (24) (33) (44) (91) (99) (47) (20) (83) (60) (43) (19) (12) (36) (31) (54) (30) (29) (97) (18) (45) (66) (89) (55) (39) (28) (98) (90) (35) (15) (34) (49) (17) (8) (87) (71) (14) (100) (26) (37) (53) (57) (67) (23) (46) 
87 (54) (43) (15) (27) (11) (94) (13) (57) (85) (72) (1) (76) (50) (53) (91) (61) (22) (5) (100) (46) (31) (87) (38) (48) (56) (78) (62) (52) (26) (66) (32) (10) (86) (98) (84) (81) (73) (71) (20) (12) (23) (68) (41) (75) (7) (82) (59) (58) (79) (95) (69) (21) (83) (99) (74) (45) (80) (65) (97) (34) (63) (4) (47) (67) (9) (14) (16) (29) (33) (36) (77) (37) (17) (24) (2) (90) (40) 
88 (42) (81) (36) (51) (46) (47) (72) (21) (71) (40) (20) (41) (54) (89) (55) (84) (49) (31) (83) (99) (69) (59) (26) (48) (12) (44) (58) (10) (74) (37) (73) (75) (7) (43) (80) (1) (28) (17) (87) (64) (14) (85) (13) (19) (22) (3) (66) (90) (70) (60) (5) (65) (100) (9) (38) (56) (79) (25) (24) (93) (77) (52) (15) (50) (57) (39) (8) (30) (67) (91) (11) (68) (2) (82) (94) (61) (16) 
89 (88) (47) (72) (1) (40) (39) (67) (60) (68) (44) (26) (69) (45) (29) (8) (89) (33) (10) (58) (62) (55) (50) (18) (78) (96) (98) (32) (94) (61) (87) (48) (52) (57) (93) (7) (74) (90) (36) (100) (63) (31) (42) (86) (35) (97) (83) (84) (71) (92) (22) (91) (38) (79) (13) (5) (54) (3) (65) (76) (59) (99) (25) (41) (81) (15) (21) (82) (2) (19) (37) (70) 
90 (87) (14) (51) (7) (65) (66) (56) (13) (63) (89) (35) (72) (79) (76) (18) (95) (24) (3) (27) (78) (49) (25) (32) (54) (82) (39) (86) (96) (15) (70) (17) (52) (12) (4) (84) (23) (16) (48) (45) (46) (47) (30) (100) (41) (10) (77) (1) (81) (83) (99) (36) (44) (91) (85) (92) (2) (93) (33) (57) (69) (75) (22) (34) (37) (19) (50) (64) (67) (31) (61) (9) (38) (29) (90) (59) (11) (42) (71) (43) (88) (74) (6) (53) 
91 (81) (70) (43) (32) (21) (10) (50) (55) (27) (36) (12) (89) (39) (31) (29) (85) (38) (91) (74) (24) (67) (6) (13) (94) (37) (22) (72) (23) (18) (58) (75) (78) (19) (98) (86) (68) (14) (76) (77) (90) (53) (46) (60) (83) (1) (4) (51) (52) (62) (71) (61) (33) (82) (7) (69) (73) (45) (5) (56) (93) (35) (54) (40) (26) (64) (49) (57) (9) (48) (3) (65) (87) (63) (100) (8) (80) (92) (20) 
92 (43) (3) (15) (30) (41) (37) (83) (91) (94) (36) (29) (62) (75) (48) (67) (26) (33) (25) (76) (11) (68) (60) (58) (54) (21) (69) (14) (10) (87) (84) (86) (12) (64) (27) (70) (16) (56) (71) (47) (89) (46) (2) (65) (23) (93) (9) (73) (77) (13) (92) (74) (78) (52) (95) (85) (19) (40) (100) (18) (34) (22) (66) (32) (42) (72) (61) (96) (81) (97) (59) (51) (4) (44) (55) (31) (90) (63) (8) (38) (45) (49) (17) (80) (53) 
93 (96) (93) (45) (61) (1) (49) (81) (95) (35) (8) (57) (43) (69) (82) (24) (39) (85) (83) (34) (75) (56) (72) (14) (58) (36) (77) (18) (73) (78) (74) (22) (9) (12) (41) (48) (19) (54) (94) (88) (29) (46) (98) (44) (3) (60) (67) (65) (86) (71) (10) (32) (27) (26) (70) (66) (53) (76) (42) (4) (25) (87) (68) (23) (92) (28) (37) (59) (52) (16) (63) (40) (64) (51) (5) (7) (100) (50) (20) 
94 (55) (14) (9) (78) (93) (39) (40) (48) (31) (99) (69) (86) (16) (72) (59) (73) (84) (91) (44) (79) (42) (87) (60) (90) (17) (54) (24) (38) (71) (75) (95) (2) (58) (49) (62) (18) (61) (27) (50) (45) (28) (12) (96) (46) (1) (53) (7) (32) (25) (77) (11) (10) (65) (30) (6) (34) (66) (80) (37) (3) (56) (4) (47) (82) (5) (85) (41) (20) (8) (68) (63) (23) (15) (36) (35) (22) (51) (89) (26) 
95 (24) (70) (91) (80) (15) (35) (8) (68) (12) (62) (48) (55) (77) (57) (1) (49) (96) (64) (9) (39) (81) (18) (61) (50) (94) (21) (52) (76) (99) (69) (40) (25) (31) (89) (16) (82) (29) (79) (75) (65) (27) (36) (32) (83) (72) (5) (46) (45) (71) (60) (66) (7) (28) (51) (42) (78) (44) (11) (73) (19) (90) (22) (14) (93) (54) (10) (4) (47) (74) (84) (3) (43) (23) (100) (30) (59) (58) (95) (41) (86) (53) (17) (2) 
96 (58) (51) (67) (36) (28) (55) (100) (47) (89) (29) (2) (56) (26) (81) (11) (24) (69) (96) (83) (31) (12) (18) (44) (7) (52) (40) (63) (45) (16) (79) (90) (43) (25) (19) (82) (23) (6) (86) (35) (88) (9) (22) (32) (8) (42) (17) (57) (93) (84) (75) (30) (77) (34) (80) (62) (68) (78) (92) (94) (74) (4) (66) (37) (21) (61) (10) (60) (39) (53) (13) (54) (50) (65) (85) (64) (70) (5) (15) (91) (59) (76) (49) (72) (20) (3) 
97 (30) (51) (74) (53) (75) (2) (1) (20) (67) (18) (25) (98) (81) (50) (37) (79) (47) (55) (96) (60) (39) (11) (7) (97) (58) (69) (93) (16) (24) (40) (22) (44) (73) (28) (21) (66) (15) (84) (29) (38) (70) (88) (64) (68) (61) (78) (9) (17) (76) (43) (35) (27) (33) (52) (46) (87) (3) (86) (31) (19) (65) (90) (36) (99) (34) (26) (42) (49) (41) (48) (89) (92) (62) (6) (77) (94) (80) (85) 
98 (39) (24) (21) (8) (6) (50) (90) (68) (16) (86) (85) (98) (48) (89) (32) (61) (60) (100) (92) (42) (81) (14) (73) (19) (18) (15) (5) (67) (99) (17) (1) (76) (12) (96) (3) (63) (37) (45) (38) (91) (2) (71) (72) (30) (36) (11) (69) (35) (70) (80) (54) (44) (66) (41) (64) (34) (88) (95) (31) (83) (33) (55) (56) (75) (74) (59) (22) (79) (93) (25) (43) (20) (58) (52) (13) (87) (7) (27) (4) (57) (9) (28) 
99 (18) (95) (98) (33) (19) (92) (83) (88) (48) (36) (87) (24) (43) (80) (96) (4) (34) (1) (32) (67) (75) (14) (66) (93) (65) (64) (23) (62) (86) (21) (26) (59) (78) (13) (44) (72) (97) (42) (89) (20) (10) (29) (52) (74) (27) (51) (85) (30) (68) (56) (91) (7) (79) (100) (12) (9) (38) (28) (15) (77) (22) (81) (11) (94) (2) (76) (58) (55) (49) (71) (8) (57) (70) (84) (17) (47) (31) (46) (73) (90) (16) 
100 (57) (42) (66) (68) (5) (34) (74) (59) (64) (56) (75) (52) (46) (47) (24) (16) (23) (48) (72) (44) (36) (14) (73) (53) (89) (81) (69) (17) (94) (85) (55) (3) (91) (8) (77) (41) (60) (18) (70) (49) (82) (54) (12) (79) (62) (13) (19) (26) (40) (87) (21) (92) (30) (38) (39) (83) (20) (1) (10) (80) (35) (9) (50) (76) (25) (11) (100) (2) (33) (43) (61) (90) (65) (7) (4) (67) (63) (86) (37) (99) (96) (78) (71) (98) (84) 
