0
100
100
1 (11) (26 79 48) (1 32 63) (38) (68) (99 42) (73 61 36) (16) (2 18) (37) (70) (91 44 60 47) (17) (100) (28) (59 74 93) 
2 (46 17 5 95) (96) (66 29) (30 71) (51) (97 67) (50) (100) (44 64) (62 89 99) (16) (83 15) (40 34 25 70 79 87 2 57) (32 80 91) (19) (9 10 42) 
3 (83) (76) (7 58) (86 28) (73) (65 22 33 56 57) (1) (64) (93 52) (44 88 62) (46) (19 78) (60 68 21 45 4) 
4 (60) (58) (16 77 30) (73) (68 97) (45) (95) (64) (86 59) (96) (38 52 2) (11 82) (61) (51 89) (99 66 62 23 83 80) 
5 (90) (70) (4 5) (68 71) (69 1) (93) (77) (98) (73) (28 22 31 45 78 50) (85 37 72 25) (38 46) (76) (7 89) (24 91 66) (83 36) (3) (2) (86) 
6 (28 78 84 37) (98 30 72 44) (47 67 96) (82 59 80 57) (54) (45 6) (55 95 35) (56) (91) (79) (34 36 42 75 41 23 14 13 71) 
7 (84 31) (22 35) (51 76) (94) (59) (29 15) (14 81) (95) (52) (26 91) (90) (5 39 87) (1 68) 
8 (67 98) (5) (42 84) (50 65 93) (25 83 63 6) (62) (30) (57) (61) (52) (22 15 90) (77 2 9 4) (64) (76) (88) (82) 
9 (72 52 54) (23 88 17) (95) (41 87 97 70 64 3) (56) (90) (60) (80 68) (74 75 38 15) (34) (35 30) (43 8) (96) (4) 
10 (4 31) (27 30 81) (12) (39 90 79 35 82) (40) (11 1 44 33) (59) (6 41 57) (65) (17) (56 91) 
11 (83 62) (67 63 96 9) (41 18) (22 61 55 14 93 88) (65 17) (90 99) (94) (23 16) (25) (56 39) (66 53 95) (87 33) (80 46) (7) (10 15 76) 
12 (59 28) (65) (71) (97 89 39 63 56) (98) (15 51 18 9) (5 32 90 21 80 40 25 62) (92 64) (48 29) (61) (86) (16) (52 68) (17 100) 
13 (57 51) (20) (42) (66) (69 43 54) (7 77) (44) (72) (98 79 95) (53) (82 100 38 91 88) (40 5 52) (37 50) (18) (47 64 25) (22 76) (97) (94 83 21) (63) 
14 (47) (65) (83 18 80) (20) (85 9) (51 4 64) (87 76 72 12) (44 48 71) (38 30) (66) (68) (43) (7 10) (13 59 22) 
15 (78 79 76 91) (53 27 64 92) (35 95) (100) (88 3) (54) (48 51) (72) (89 57 81 61 70 47 21) 
16 (90) (54) (39 75) (57) (81) (58 12 42 62) (60 98 50 48) (74) (18 46 65) (97) (56 8 14) (13 55) (66 93) 
17 (20) (81) (77) (19) (91) (96) (61 31 69 68 98 86 16) (38 73 47) (34 17 92 52 45) (22) (29 13 82 44 63 67 49) (6) (83) (1 4 43 23) (100) 
18 (76) (7) (65 67 39 70 16) (58 89) (53 41 48 17) (38 90 77) (100 94 73 66) (9) (97) (18 88 59 45) (87 60) (81) (42 78 21) 
19 (62 10 99 95 58) (90 59) (35) (8 88) (71) (93 18 51) (82 56) (16 36 34 27) (52 67 86 30) (48 12 45 39) (44 94) (96) (66 57 87 100 9) (14) 
20 (65) (45 57 76) (17) (51 6 66) (18 42 80 20) (8 74 79) (98) (52) (77 47 41) (53 54) (59 23 7) (32 26 69) (10 90 61) (3) (89 56 12) 
21 (54) (68) (84 82) (29 74) (1 91) (67) (93 100 36) (30 41) (14) (75 10 32) (13 55 87 3 97) (90 19) (85 40) 
22 (38 58 9 20 50 18) (75) (72 30) (95) (35 27) (16) (53 25 15) (93) (67) (23) (54) (57 92 52 65 74 14 44) (70) (84) 
23 (50 5 11 63) (64 80 6 65 74 81 7 3 20 97 73) (27) (39) (16) (32) (95) (49) (85) (67 90 31) 
24 (42 52 78 75 84 38) (59) (62) (70 100 51 68) (64 43 98 86 65) (25) (16 76) (90 92 55 32 41) (72) (89 37 1) (5) (19) 
25 (43) (65) (27 4 10 98 61 48 37) (99) (56) (49 2 78 42) (85 14 21) (46 11) (44 74 63) (22) (75 92 38 40) 
26 (87 45 10) (65) (100 72 4) (44 34 14 13 58) (9 2) (92 61 59 62 66 77 19) (31) (96 3) (11) (70) (40) 
27 (65 96) (51 22 79) (99 14) (88 16 55) (71 36 34 81 82 98) (95) (48 92 44) (10 94 38) (97) (100 7) (50) (67 13) (89 63 23) 
28 (54 89 57 58 62) (71 49) (76 56 42 59) (78) (88) (12 66 90) (94) (65) (91) (48 95 85) (23) (45 28 7) (19 44) (40 61 6 82 79 16) 
29 (15 29 86 84 55 7 28) (17) (93 77 82 44 18) (39 70 78) (75 87 83 66 2) (49) (99 100 34 12 25) (69 27) (94) 
30 (97 4) (8 42) (79 9 60) (39) (84) (76) (7) (3 1 66) (23 19) (10 58) (49 78 41 80 16 14) (45) (22 40 83) (82 57 88 21 6 55) 
31 (46) (91 47) (76 78 77 16 29 43) (45 99 39 63) (52) (50) (49) (26 51) (56 55 61) (19) (17 54 64 84 20 37 98 83 65 30) 
32 (50) (13 87 70 20 99 52) (60) (98 14 66 33) (35 82 100 10 92 97 62 19 3) (65) (18 11 2) (29 5) (34 72 64) (9 39) (1) (67) (46) 
33 (19 65) (32) (54) (70 63 88) (43 37) (53) (30 77) (17) (67 61 29 25 68 40 86) (93) (97 57 95) (48 82) (72) (85) 
34 (45 70) (79 21 72 78 68 35 4) (1 47 31) (85 22 48 97 94) (60 36) (39 83 66 44 8 46) (43 23 10) 
35 (4 99 29 30 36 94 75 85 37 73 90) (21) (27) (35 68) (92 86) (47) (26 89 55 72) (1 3) 
36 (93 66) (90 96) (73) (75) (74 56) (79 13 86) (25 68) (52 5 18) (38) 
37 (30 24 52 62 42) (85) (61 39 96) (54 74 82 58 95) (13) (72 36 77) (51 98 40) (56 45) (3 15 1 12 43 63) 
38 (80 4 75 30 59) (6) (9) (19 40) (12) (8 44 58) (64 83) (98 1) (43) (41 33 70 23 7 66) (39 62 50 54) (26 88 67) (73 63) 
39 (32) (95 47 72 69 96 25) (56 63 30 94) (5) (38) (3 62) (40) (78 39) (45 20 86) (42) (98 4) (8 10) (83 50) (15 11) (44 51 70 81 99) (58 46) 
40 (75 5 42) (53 33 20) (83) (60 85 58 93 29) (47) (44 26 64 52 21) (55) (76 84) (73) (18 69) (67) (59 32) (81 61 65 88 51) (100) 
41 (91 74) (64) (97 84) (19 20 40 58) (92) (51 12) (56 45 32) (22) (69 67 80 46 81) (100) (65 44 68 25) (31 48 61) 
42 (76 61) (31) (2) (98 25 10) (91 22) (89 83 40 55 43 50) (72 49 23 3 74) (66) (57) (39) (67 35) (65) 
43 (86 98) (19 18 70 10 12) (74 73 40 62 91) (52 92) (36 8) (29 54 81) (43) (6 78 68) (87 84) (60 58) 
44 (33 32) (79 66) (95) (82 15) (17) (34) (27 21 4) (54 10) (68 67 91 30 74 73) (65) (80) (93 77 47 75 64 18 55) 
45 (19) (91 48) (17 59) (40 26 64 21) (10 41 62) (13) (51) (74 12) (93 29 81 44 5) (76 60) (18 45) (33 82 97) (89) 
46 (54) (21 59) (70 49 75 83) (48) (39 57 87) (45) (18 4) (69 52 34 24 91 44) (85 93) (11 97 37) (67 17) (41) (90) 
47 (33) (80 15 84) (1 9 46 13 12) (91 59 11 61 27) (57 16) (99) (86 17) (52) (39) (2 47 38 36 67) (94 28) (56) (74 4 63 44 8 18 62 72) 
48 (54 95 62 7) (79) (56 74 80 70 84 81 57 29) (15 28 83 100 68) (44 78 47 9) (72 90 69) (34 61) (89 59 37 91) 
49 (20 67 77) (54) (2 9 58 42) (19 8 63 60) (48 12 4) (72 34 13) (37) (11) (59) (30 61 82) (80 7 78 88 51) (84 25) (56 96 21) (1 57 98) 
50 (29) (33 69 54 49) (35) (15) (90 47) (6 84 80) (63 9 85 39 44 79) (83) (52) (18 72) (34) (8) (20) (67 36) 
51 (21 7 80) (13) (2 76 85) (31 77) (81) (9 64) (89 68 39) (95 90 71) (42 8 98 5) (79) (50 88 18) (94) (69) (27) 
52 (8) (6) (16 17) (36) (83) (87 57 25 58 30 59) (88 100 40 18 89) (74 52 38 26 54) (10) (90 72) (77) (4) (56) (61) 
53 (26) (21 74 1) (47) (85) (11 23) (91 73) (2) (38) (57) (35 28) (46) (15) (75 52) (86) (63) (41 43 34) (97 27 76 99 8 25 83 68 51 50) (33 37 59 29) (9) (87) 
54 (11) (55 79 54 82 59) (72) (9 42 26 95) (61 84) (87) (30) (15 6) (50 29) (77 75 46) (83) (36 34 98) (71 86 66 7) 
55 (13 6 39) (3 83 50 77) (100 98) (90 95) (61 92 82) (14 72 10) (19) (89) (71 58) (29 56 63) 
56 (84 48 69 53) (86 14 36 45) (28 19 52 90 16 95) (82) (78) (34) (79) (61 29 54) (25) (33) (21 47) (93 80) 
57 (50) (36) (23 18 62) (29) (31) (4 100) (79 12 41) (59 65 54) (9 78 46) (11 20) (77) (73 17) (8) (16 37 2) (81) (34 88) (69) (80) (92 14) (87) (35) (5) 
58 (31 19) (15) (40 81) (96 79 68 87) (41 16 26 21 25 73) (9) (22) (69) (23) (90 2) 
59 (37) (17) (59 21 87) (29 35) (5) (34) (68 33 12) (28 97 57 9) (8) (2 71 61 42) (58 23 4) (67 98 13 54 16 31 75) (80 93 79 81 7 56 43 24 100) 
60 (31 71) (65 100 86) (20 43 93) (35 22 23 7) (94 10 84) (60) (34 98) (56) (51) (97) (83 80 5) (81 2) (57) 
61 (6) (15) (16 73 33 12 99 81 20 69) (54 84 56) (55 88 25 98) (92) (87 91) (85 43) (41) (27) (86 10) (34) (62) 
62 (83) (94 2 88) (28) (44) (19 51) (100 33 40 96 46) (62 70 8) (68 61) (20) (69) (81) (22) (74 86) (27 92 52 29 85 7 37 24 67) (72 89) (91 97) (4 79) 
63 (64 60 98 18) (36 5 85 96 94) (42 82) (75) (58) (87) (34 66) (31 49) (52) (4 99 27) (6 13 95 46) (15) (55 37) (1) 
64 (61 27 33 77) (37 32 50 48) (63 4 86) (7 83 22 38 1 73 71 84 75) (93 15 69 60 89) (78 87) (12) (80 74 70) (16) (10) (98) (92) (65 66) 
65 (8) (22 81 27 76) (91) (3 29 43) (14) (10 2) (44 42 87 97 57) (25) (39 94 69 95) (47) (9 23 50) (54) (30) 
66 (64 44 7 49 78) (5 36 33 74 63 47) (1) (84 80) (39 95 35 73) (8 99 97 43 55 22 92 75 52) 
67 (64 76) (41) (63) (38 81 45 19 79) (16 58) (47) (73 36) (56 74) (21 27 83 86) (31) (30 8) (32) (80) 
68 (83) (4 80 79) (82) (99 24 27 30) (14) (2) (47 71 98 56 11 43 31 73 100) (81 74) (42 25 93 97) (89) (3) (67) (38 20) 
69 (89 31) (32) (16) (52 74 26 43 90 10) (58) (55) (36 41 34 62 71 64 51) (97) (66 60) (59) (63) (84) 
70 (40 20 89 4 73 31) (24 7) (41) (50) (86) (14 64 68) (63 100 90 30) (46 54) (11) (1) (78 55 53 67) 
71 (52 32) (27) (63 70) (49) (26) (11) (47 85 48 96) (18) (5) (14 66 91 45 69) (74) (15) (65) (37 95 78 61) (79) (8) (81) (59 36) (29 39) 
72 (93 86 98 63 42 43 92) (29 41) (76 75 36 71 39 54 18 15) (66 37 9) (10) (51) (77 100 44 82 7) (84) 
73 (43 45 32 21) (83) (44) (22) (59 11 58 86 60) (36) (18 89) (25) (90) (67) (72) (5) (94 48) (84) (47 10 75) 
74 (93 20 99) (8 6 4) (78 45) (69 57 40 59 44 55) (72 82 21 96 90 97 95) (92) 
75 (68 13 37 58 5 55) (3) (92 23) (32) (21) (83) (47 40 7 4 70) (87 90) (27 39) (89 96 56) (73) (53 54 43 66 64) 
76 (95 10) (85 70) (25) (92 91) (66) (87) (75) (86 55) (30 60 34 57) (65 20 64) (18 7) (82 2) (89 100) (81) (74 40 23 35 59) (41 97) (48) 
77 (46 78 72 99 32) (37 83) (98) (42 57 17 71 55 34 52) (13) (38 65) (81 91) (80 96) (20) (15 41) (82 5) (33 48) 
78 (7) (76 91 31 47 99 83 93) (45 52 67 10 8 61 29) (12 48 17 87) (73) (82 9) (54 14 88 43) (34) (11 63) (16 3) (62) 
79 (57) (27 75) (54 84) (76) (10 100 19) (43) (83 63 4 15) (79 81) (29 70 6 16 69) (14) (11 20) 
80 (56 97 26) (44 93) (7 84) (95 17 18) (71 60) (58) (15) (88) (94 82 46) (96 20 2) (14 72) (77) 
81 (4 72) (88 30) (38 21 32) (13) (36) (35) (58 7 96) (95 83) (84 73 98 40) (100) (17 44) (53 63) (94 29 23) (42 68 47) (15 85) 
82 (86 72) (83 12) (6 59) (41) (77 76) (71 8 92 54 73 23) (22) (46 20 40) (15) (28 52) (30 25 32 70 39 100) 
83 (44 95) (46) (87 43 4) (20 2) (31 67) (13 33) (24 45) (40) (73 72 58 63 41) (15) (7) (74) (65) (60 32 54 22) (51 38) 
84 (26 40 39) (67 95) (61 51) (52 49) (16 6) (91) (64 21 23 68) (93) (59 94) (85) (34 81) (31 9 62 60 79) (33 10 100 83 30) (25 63) 
85 (94) (35 72) (92) (68) (46) (71 16) (61) (21 83) (41) (12 57) (34 18 15 84) (80 39) (89) (65 49 60) (47) (88 69) (63 20 5 10 40) (13) 
86 (44 76) (56 34) (80 88 4 100) (71 87 7) (86) (36) (65 78 55) (23) 
87 (20) (13) (3) (21 23) (34 30 18) (79 37) (60) (50 28 47) (65 4 14 38 53) (64) (45) (35) (44 49 95 32) (9) (55) (41 98) (6) 
88 (34 55 65) (29 93) (39) (23 50 11) (79 46) (7 49 53) (37 33) (91 89 88) (27 94) (87) (35 2) (81 71 72 26) (9) (21 86) (66) (77 95) (52 97) 
89 (52 50 13) (8) (68 89 14 42 81 9 98 94) (97) (39 65 56 31 33 82) (11) (1) (47) (57) (61) (75) (34 70 21) (73 40) (64 66 48 32 18) 
90 (88 6) (38 43 30 41) (20) (64) (91) (1 45 69 12 44 66 84) (67) (78 35 28 56) (92 22) (3 95 8) (34 19) (85) 
91 (72 9) (98 16 85 84 43) (80) (49 89) (30 88 40) (29 15) (57 37) (6) (78 13) (51 66) (56 28 90 35 23) 
92 (100 57 1 70 16 18) (9 20) (71) (25 24 84) (27) (51) (41) (32) (15 7 53) (19 99 94) (60) (46) (58) (22) (30 37 86 31 72) (83) 
93 (100 39 77) (64 35 58) (6 13 47) (70) (42) (88) (7 50 83) (25 1 10 23 85 52) (46 97) (57 60 30 16) (89) (65) (67 34 29) (19 81 24) (31 26) (73) 
94 (59 15 5 7) (19 30 8 91) (38 99 42 10 9) (89) (84 44) (96 26) (98 77) (3) (53) (67) (50 11 23) (47 79) 
95 (2 50 31 83 82) (46 5 49) (13 62 79 34 30) (78) (9) (22 96 89 12 87 6) (45 48 18) (20) (17 32 65) (56) (68) (88) (92) 
96 (87 70 39 90) (49) (29 41 25) (96 67) (30) (79) (95 6) (47) (89 12 83 66 54 57) (9) 
97 (19 36) (37) (28) (94 4) (50 35 12 33 98 76) (90 71 14 40) (100 58 67) (8) (80) (27 3) (56) (60) (5) (62 97) 
98 (38) (13 39 22 3) (52) (34 4) (40 37 18 6 66) (47) (95 11 23 99 43) (62) (14 45 69) (71 67) (70 81) 
99 (24 85) (22) (44) (47) (25 78 13 62 36) (69 60 53 9 87 57 33) (42 41) (16 90 64 65) (49 46) 
100 (25 72 41 8 70 93 98 76 26) (15) (7 58 33) (43 88) (35 34) (14) (27 29) (52 68 54 86 30 100) 
1 (10) (21) (66) (17) (63) (34) (38) (7 47) (3 53 90) (30) (5 24) (89) (92 93 70) (64 49 1 37) (35) (32) 
2 (60) (68) (42) (65) (2) (26) (1) (76) (29) (32) (25) (53) (4) (95) (62) (88 8 49) (58 83) (80) (47 5) (57) (51 59) 
3 (94) (5) (78) (75) (26) (9) (23) (37) (68) (30) (97) (21) (98) (35) (87) (90) (65) (42) (20) (15) (32 39 55) 
4 (10) (70) (26) (46) (62) (34) (59) (57) (17) (47) (44) (8) (5) (97) (63) (79) (38) (49) (68) (52) (98) (25) (83 75 30 86) (74 14 3 39) (64 35 87) (9 81) 
5 (60) (12) (39) (94) (13) (66) (57) (97) (71) (32) (8) (40) (2) (95) (45) (77) (51) (36) (85) (5) (24) (75) (7) (63) (59) (23 73) 
6 (38) (17) (30) (8) (6) (93) (87) (96) (91) (23) (43) (20) (52) (84) (63) (55) (50) (90) (79) (61) (28) (74) (54) (98) (10) (95 82) 
7 (60) (59) (54) (66) (86) (88) (23) (30) (92) (75) (18) (20) (78) (62) (13) (64) (48) (100) (38) (11) (28) (80) (3) (49) (5) (93) (81 70 94 14) (72 29) (27) (51) (83) (76) 
8 (66) (52) (78) (90) (82) (16) (50) (47) (94) (9) (34) (38) (30) (51) (43) (67) (20) (62) (100) (19) (74) (65) (97) (59) (57) (39) (49) (71) (89) (53) 
9 (51) (84) (14) (19) (65) (58) (47) (72) (48) (18) (95) (32) (11) (94) (50) (49) (88) (30) (89) (91) (87) (8) (26) (54) (96) (57) (59) (38) (78) (53) (2) (99 22) (92 12) 
10 (93) (60) (34) (84) (25) (14) (26) (78) (79) (27) (52) (73) (61) (85) (45) (65) (2) (69) (64) (32) (21) (94) (39) (20) (19) (43) (76) (11) (30) (72) (44) (55) (42) 
11 (4) (46) (23) (39) (25) (54) (49) (94) (53) (71) (68) (57) (88) (79) (89) (98) (1) (70) (32) (78) (10) (73) (47) (26) 
12 (57) (16) (96) (49) (47) (29) (38) (95) (20) (85) (10) (78) (59) (37) (97) (19) (61) (82) (90) (41) (14) (45) (28) (43) (64) 
13 (77) (99) (27) (16) (55) (14) (93) (36) (49) (87) (85) (17) (95) (98) (75) (51) (81) (26) (32) (91) (59) (83) (6) (45) (89) (47) (63) (21) (37) 
14 (71) (97) (21) (16) (27) (68) (56) (98) (30) (26) (79) (89) (32) (78) (70) (65) (55) (7) (19) (22) (11) (80) (57) (6) (100) (87) (25) 
15 (53) (71) (11) (77) (48) (64) (8) (83) (100) (44) (29) (61) (85) (79) (37) (12) (47) (92) (39) (72) (9) (7) (63) (54) (81) (94) (82) (22) (58) (80) (50) (91) (2) 
16 (4) (67) (58) (23) (1) (79) (28) (59) (27) (19) (11) (18) (24) (99) (61) (47) (64) (12) (30) (84) (93) (2) (57) (17) (69) (91) (31) (92) (85) (56) (52) (22) (78) 
17 (52) (1) (78) (31) (17) (95) (47) (45) (20) (80) (10) (11) (59) (18) (81) (46) (9) (44) (2) (29) (57) (12) (77) (33) 
18 (12) (47) (98) (40) (73) (32) (46) (85) (92) (51) (50) (76) (1) (89) (22) (71) (57) (11) (29) (13) (14) (95) (45) (52) (18) (80) (44) (19) (16) (43) (87) (20) (63 36) (72) 
19 (49) (45) (30) (3) (24) (93) (41) (21) (43) (31) (2) (94) (55) (28) (67) (26) (32) (62) (90) (56) (97) (79) (92) (38) (58) (17) (33) 
20 (76) (70) (79) (32) (61) (90) (17) (62) (95) (14) (85) (87) (82) (57) (74) (40) (92) (20) (31) (77) (83) (68) (50) (23) (39) (13) (22) (80) (60) (41) (49) 
21 (73) (25) (81) (58) (87) (56) (30) (75) (49) (34) (59) (88) (84) (18) (44) (85) (45) (67) (46) (51) (74) (35) (12) (13) (40) (15) (3) (53) (89) 
22 (95) (5) (3) (90) (27) (64) (42) (7) (41) (65) (83) (62) (14) (17) (60) (98) (11) (92) (8) (13) (25) (34) (82) (30) (99) (66) (58) (73) 
23 (81) (91) (87) (60) (57) (86) (17) (9) (82) (59) (22) (30) (75) (27) (6) (53) (20) (98) (4) (94) (28) (34) (58) (38) (76) (42) (11) (93) (88) (84) (65) 
24 (59) (93) (46) (62) (37) (99) (68) (70) (92) (5) (83) 
25 (22) (24) (41) (100) (12) (73) (49) (84) (13) (39) (82) (29) (5) (96) (58) (76) (52) (65) (92) (2) (61) (11) (53) (99) (33) (68) (93) (8) (36) (56) (42) 
26 (71) (35) (58) (93) (54) (100) (20) (7) (52) (80) (94) (69) (84) (88) (53) (40) (1) (31) (45) (38) 
27 (15) (44) (92) (88) (51) (79) (25) (63) (35) (19) (29) (71) (64) (67) (97) (47) (62) (100) (65) (10) (22) (75) (68) (23) (61) (53) 
28 (3) (6) (28) (87) (48) (56) (82) (47) (53) (1) (59) (62) (91) (97) (29) (90) (5) (12) 
29 (56) (91) (12) (45) (57) (31) (33) (43) (65) (17) (21) (93) (79) (78) (7) (54) (62) (2) (53) (59) (72) (71) (55) (88) (40) (100) (32) (48) (29) (81) (35) (50) (96) 
30 (33) (94) (37) (93) (87) (65) (67) (9) (52) (90) (38) (76) (6) (44) (21) (70) (49) (2) (84) (95) (81) (31) (96) (4) (68) (54) (35) (14) (10) (91) (22) (39) (82) (19) (100) (92 8) 
31 (42) (93) (70) (83) (69) (58) (17) (63) (95) (51) (67) (23) (41) (60) (59) (10) (57) (68) (26) (5) (92) (78) (89) (84) (7) (34) 
32 (75) (39) (33) (83) (73) (82) (44) (69) (1) (12) (2) (20) (95) (87) (89) (21) (24) (71) (64) (77) (23) (67) (81) (41) (40) (92) 
33 (45) (77) (59) (66) (88) (62) (10) (47) (84) (61) (44) (64) (83) (56) (50) (40) (89) (97) (3) (100) (99) (32) (11) (38) (53) 
34 (2) (49) (46) (6) (93) (90) (84) (88) (76) (77) (56) (98) (32) (9) (44) (60) (78) (19) (53) (59) (89) (48) (50) (85) (54) (26) (29) (61) (63) (87) (86) (57) (17) (69) (100) (95 27) 
35 (88) (34) (85) (42) (53) (60) (81) (97) (91) (59) (32) (90) (22) (100) (76) (50) (10) (15) (93) (57) (87) (35) (9) (7) (6) (19) (66) 
36 (63) (54) (66) (73) (57) (19) (69) (81) (97) (37) (27) (56) (6) (99) (52) (5) (1) (67) (35) (43) (50) (47) (72) (21) (34) (71) (86) 
37 (6) (35) (71) (92) (98) (5) (49) (62) (31) (91) (87) (88) (24) (13) (1) (59) (33) (97) (72) (53) (64) (63) (57) (46) (77) (48) (25) (75) 
38 (1) (36) (39) (98) (87) (83) (18) (77) (13) (52) (90) (17) (94) (22) (24) (64) (25) (9) (47) (27) (53) (4) (14) (68) (81) (67) (5) 
39 (72) (18) (37) (93) (23) (39) (34) (89) (10) (51) (32) (71) (82) (42) (31) (88) (98) (65) (12) (50) (11) (75) (66) (38) (47) (55) (30) (85) (84) (46) (96) (16) (29) (7) (19) 
40 (74) (45) (39) (43) (58) (84) (97) (26) (2) (33) (12) (13) (85) (10) (41) (75) (38) (82) (83) (76) (89) (25) (91) (62) (28) (42) (81) (70) (37) (52) (30) (98) (21) 
41 (99) (38) (57) (85) (18) (72) (9) (87) (82) (46) (11) (96) (21) (67) (76) (92) (58) (6) (20) (69) (77) (10) (24) (53) (61) (83) (70) (90) (30) (100) (45) 
42 (89) (59) (30) (8) (2) (25) (28) (39) (77) (63) (51) (20) (81) (65) (54) (49) (13) (99) (16) (6) (18) (94) (1) (93) (72) (40) (24) (68) (37) 
43 (100) (73) (14) (25) (75) (79) (61) (91) (68) (9) (83) (34) (72) (17) (38) (66) (69) (31) (43) (24) (59) (37) (42) (53) (33) (60) (98) (13) (90) (78) (65) 
44 (99) (25) (29) (62) (6) (28) (14) (46) (38) (65) (73) (94) (2) (90) (26) (1) (22) (3) (47) (72) (45) (48) (19) (50) (39) (80) (66) (13) (27) (34) (10) (86) (40) (41) (74) (17 83) (81 87) 
45 (20) (17) (90) (56) (5) (19) (4) (28) (6) (3) (71) (87) (30) (74) (34) (95) (41) (78) (83) (98) (31) (67) (73) (18) (46) (26) (39) (37) (45) 
46 (41) (5) (70) (92) (11) (57) (95) (63) (93) (83) (80) (16) (25) (32) (85) (53) (54) (34) (77) (99) (3) (88) (39) (62) (47) (2) (82) (31) 
47 (85) (15) (17) (81) (73) (14) (31) (66) (98) (56) (35) (53) (20) (87) (71) (39) (47) (6) (44) (94) (67) (48) (65) (99) (93) (50) (40) (75) (34) (68) (78) (89) (13) (1) (96) 
48 (28) (56) (76) (64) (16) (27) (18) (12) (78) (73) (77) (15) (33) (34) (46) (49) (89) (95) (41) (25) (71) (45) (19) (14) (1) 
49 (99) (85) (88) (17) (84) (91) (25) (95) (66) (87) (42) (31) (23) (71) (96) (46) (28) (29) (63) (50) (30) 
50 (97) (13) (64) (42) (16) (57) (95) (53) (22) (65) (89) (94) (38) (8) (39) (27) (54) (32) (31) (70) (5) (55) (2) (88) (93) (23) (51) (87) 
51 (84) (12) (14) (62) (39) (91) (15) (24) (19) (45) (60) (69) (53) (13) (41) (40) (72) (20) (49) (27) (31) (7) (83) (92) (2) (37) (4) 
52 (37) (43) (69) (93) (4) (32) (46) (47) (31) (62) (40) (7) (9) (22) (52) (88) (63) (71) (53) (13) (19) (66) (82) (89) (84) (36) (17) (8) (12) (56) (3) (24) (77) (78) (100) (98) (50 20) 
53 (94) (22) (20) (33) (88) (87) (40) (13) (18) (15) (56) (81) (92) (75) (99) (70) (11) 
54 (78) (22) (57) (100) (56) (48) (16) (33) (96) (59) (54) (37) (65) (52) (83) (49) (20) (38) (13) (46) (21) (82) (31) (79) (61) (9) (50) (75) (15) (43) (72) (70) (28) (6) (44) 
55 (44) (40) (69) (27) (75) (35) (29) (16) (74) (66) (42) (63) (86) (70) (88) (30) (87) (21) (77) (11) (76) (61) (54) (6) (24) (31) 
56 (11) (20) (16) (75) (61) (67) (86) (19) (97) (89) (49) (59) (52) (36) (90) (48) (80) (55) (91) (41) (9) (60) (31) (10) (12) (39) (6) (95) (28) (68) (47) (37) (3) (25) 
57 (53) (42) (60) (2) (91) (20) (85) (33) (15) (77) (8) (6) (3) (30) (46) (65) (79) (10) (89) (28) (52) (48) (49) (96) (76) (22) (59) (99) (74) (13) (93) (16) (19) (47) (92) 
58 (59) (73) (49) (93) (43) (4) (100) (41) (37) (28) (38) (40) (19) (97) (63) (67) (26) (55) (18) (39) (80) (83) (81) (75) (3) (52) (30) (92) (16) (69) (22) 
59 (7) (69) (6) (46) (73) (26) (76) (45) (24) (48) (40) (1) (53) (28) (71) (57) (18) (49) (14) (10) (20) (59) (12) (4) (19) (38) (47) (54) (74) (82) (84) (52) (94) 
60 (76) (43) (97) (16) (45) (49) (64) (9) (83) (69) (3) (63) (1) (18) (84) (87) (4) (99) (73) (80) (34) (92) (85) (60) (40) (93) (30) (32) 
61 (56) (85) (48) (37) (11) (28) (59) (84) (52) (26) (55) (78) (4) (31) (12) (17) (1) (40) (62) (25) (42) (54) (8) (33) (41) (71) (49) (89) (64) (47) (20) (15) 
62 (97) (98) (26) (37) (61) (38) (99) (39) (45) (78) (28) (95) (16) (57) (19) (84) (43) (48) (62) (4) (12) (3) (69) (24) (32) (2) (47) (8) (11) 
63 (33) (81) (67) (64) (11) (13) (55) (37) (50) (25) (12) (85) (47) (49) (39) (1) (71) (66) (78) (53) (23) (31) (27) (8) (38) (69) (79) (72) (84) (83) (17) (70) 
64 (75) (89) (32) (3) (66) (24) (40) (76) (23) (13) (67) (9) (63) (84) (90) (4) (31) (99) (51) (14) (93) (38) (15) (41) (87) (70) (44) (8) (12) (69) (2) (45) 
65 (33) (24) (88) (77) (41) (60) (22) (87) (3) (12) (11) (20) (76) (32) (28) (95) (25) (23) (42) (10) (8) (85) (64) (83) (57) (16) (26) (40) (86) (27) (93) (44) (14) (71) (99) (31) (89 18) 
66 (76) (28) (26) (2) (88) (32) (90) (64) (34) (71) (16) (19) (13) (14) (36) (29) (42) (38) (11) (89) (72) (44) (30) (54) (75) (96) (5) (18) (4) (69) (20) (98) (63) (91) 
67 (47) (93) (27) (41) (2) (32) (21) (94) (73) (96) (97) (44) (70) (50) (17) (49) (83) (23) (62) (59) (68) (40) (22) (90) (18) (19) (84) (78) (38) (33) (11) (6) (46) (8) (42) (98) 
68 (70) (84) (43) (89) (4) (95) (34) (36) (81) (21) (44) (12) (33) (9) (35) (24) (48) (17) (53) (5) (100) (59) (1) (75) (14) (58) (51) (7) (41) (85) (3) (62) 
69 (64) (41) (56) (13) (46) (29) (62) (98) (79) (50) (20) (74) (57) (48) (40) (85) (61) (17) (99) (39) (71) (5) (58) (51) (90) (65) 
70 (22) (82) (43) (2) (48) (76) (71) (34) (98) (1) (100) (75) (15) (9) (29) (38) (64) (92) (89) (79) (46) (93) (26) (18) (39) (5) (33) (62) (32) (24) (96) 
71 (64) (51) (14) (98) (55) (60) (97) (82) (77) (54) (6) (80) (92) (69) (59) (28) (27) (68) (5) (85) (12) (72) (88) (19) (86) (2) 
72 (88) (82) (73) (49) (35) (74) (85) (5) (50) (15) (48) (47) (81) (92) (83) (54) (14) (55) (32) (33) (39) (52) (62) (42) (22) (26) (9) (13) (37) (77) (91) (80) (34) (24) (100) (6) 
73 (57) (93) (35) (66) (67) (64) (70) (78) (75) (40) (61) (36) (38) (83) (53) (1) (44) (18) (4) (3) (82) (5) (23) (58) (43) (17) (89) (81) (68) 
74 (68) (43) (83) (76) (22) (64) (1) (36) (47) (53) (25) (23) (45) (71) (69) (9) (48) (21) (37) (44) (62) (16) (41) (67) (66) (42) (52) (20) 
75 (89) (24) (38) (21) (16) (35) (25) (22) (36) (76) (9) (72) (6) (29) (79) (44) (64) (73) (54) (59) (66) (63) (40) (53) (46) 
76 (45) (100) (30) (5) (65) (28) (42) (51) (24) (13) (53) (31) (20) (15) (78) (18) (67) (72) (8) (86) (40) (11) (79) (14) (7) (97) (82) (3) 
77 (44) (94) (18) (51) (80) (54) (17) (72) (33) (37) (8) (31) (57) (55) (13) (93) (64) (5) (26) (52) (82) (4) (20) (29) (49) (88) 
78 (29) (56) (28) (3) (48) (64) (6) (71) (77) (91) (99) (66) (70) (30) (86) (5) (49) (74) (18) (43) (15) (90) (95) (24) (34) (25) (57) (39) (31) 
79 (57) (1) (50) (20) (88) (68) (2) (51) (13) (44) (96) (87) (15) (56) (95) (62) (84) (71) (34) (67) (94) (27) (28) (10) (48) (30) (79) (59) (58) (54) (36) (6) 
80 (67) (60) (77) (91) (20) (47) (66) (14) (44) (11) (9) (48) (49) (56) (41) (23) (38) (57) (30) (2) (50) (85) (68) (86) (51) (59) (97) (12) (64) (4) (6) 
81 (68) (62) (39) (67) (43) (16) (79) (59) (57) (15) (89) (76) (71) (7) (98) (10) (18) (40) (23) (41) (60) (45) (88) (17) (27) (58) (93) (84) (48) (61) (65) (51) (77) 
82 (8) (32) (55) (13) (27) (10) (95) (30) (78) (54) (76) (4) (28) (17) (49) (44) (21) (29) (56) (68) (63) (6) (72) (37) (45) (80) (77) (74) (19) (33) (89) 
83 (75) (29) (3) (55) (60) (96) (73) (67) (85) (46) (78) (5) (81) (52) (8) (17) (14) (4) (68) (11) (31) (42) (77) (38) (34) (84) (39) (92) (40) (13) (50) (62) (53) (2) (48) (30) (95) (64 54) (82 79) (93) 
84 (54) (41) (29) (30) (81) (79) (72) (61) (47) (48) (94) (50) (64) (40) (73) (91) (85) (31) (6) (43) (8) (56) (60) (80) (22) (49) (69) (21) (90) (66) (24) (7) (92) 
85 (40) (76) (5) (37) (93) (14) (50) (91) (25) (53) (35) (46) (33) (51) (23) (99) (28) (90) (34) (21) (84) (62) (63) (61) (71) (81) 
86 (73) (17) (3) (43) (61) (64) (86) (47) (53) (19) (5) (39) (36) (56) (60) (76) (67) (12) (29) (92) (62) (100) (24) (72) (54) (35) (33) (4) (82) (70) (88) 
87 (57) (26) (52) (29) (14) (96) (54) (2) (83) (86) (76) (75) (19) (18) (63) (21) (43) (9) (88) (95) (59) (65) (58) (64) (32) (61) (11) (99) (78) (53) (46) (7) 
88 (100) (9) (40) (52) (95) (49) (61) (57) (27) (18) (88) (91) (3) (90) (8) (19) (38) (62) (13) (78) (93) (33) (85) (11) (51) (80) (15) (28) (30) (86) (81) 
89 (64) (68) (62) (73) (95) (75) (69) (96) (51) (76) (27) (70) (20) (24) (89) (55) (35) (42) (45) (2) (52) (88) (28) (15) (93) (94) (85) (5) (18) (91) (12) (48) (4) 
90 (48) (75) (16) (35) (52) (73) (58) (51) (9) (97) (11) (28) (19) (56) (18) (21) (8) (5) (12) (36) (50) (96) (24) (10) (74) (55) (46) (91) (99) (23) (70) (7) (20) (69) 
91 (17) (94) (44) (5) (10) (15) (31) (84) (76) (61) (41) (28) (46) (62) (88) (45) (48) (1) (77) (53) (43) (2) (7) (78) (71) (21) (65) (47) (6) (90) (13) (42) 
92 (43) (17) (76) (55) (12) (22) (26) (61) (90) (32) (35) (15) (24) (95) (62) (72) (41) (85) (57) (75) (82) (64) (66) (27) (74) (25) 
93 (16) (8) (1) (68) (19) (33) (80) (64) (100) (5) (74) (72) (46) (88) (29) (40) (56) (78) (84) (45) (3) (11) (22) (59) (36) (60) (44) (21) 
94 (63) (18) (29) (27) (11) (89) (34) (85) (60) (81) (80) (97) (84) (92) (28) (39) (88) (7) (47) (35) (51) (65) (19) (13) (73) (62) 
95 (56) (96) (88) (19) (54) (7) (33) (39) (23) (55) (27) (37) (15) (2) (71) (11) (9) (83) (74) (84) (51) (22) (87) (4) (63) (66) (13) (81) (65) (98) (48) (6) (28) (44) (90) (76) (80) 
96 (19) (96) (2) (17) (81) (27) (9) (26) (63) (49) (80) (37) (11) (77) (62) (39) (94) (71) (4) (58) (75) (95) (6) (36) (74) 
97 (13) (68) (74) (97) (27) (88) (23) (66) (12) (62) (41) (33) (46) (4) (16) (34) (80) (65) (60) (30) (9) (21) (2) (18) (76) (59) (32) (45) (69) (53) (89) (93) 
98 (31) (87) (16) (42) (51) (12) (60) (64) (81) (91) (27) (39) (68) (17) (89) (37) (54) (8) (100) (77) (94) (61) (20) (38) (13) (32) (55) (6) (5) (24) (97) (59) (43) (25) (63) (72) (49) 
99 (32) (19) (39) (78) (74) (1) (47) (2) (77) (4) (35) (98) (63) (53) (61) (11) (94) (29) (68) (25) (31) (92) (27) (66) 
100 (59) (32) (60) (48) (17) (41) (12) (79) (93) (72) (26) (18) (40) (19) (86) (57) (21) (76) (24) (55) (27) (70) (84) (1) (68) (97) (81) (2) (82) (29) (15) (52) (92) (13) (100) (62) 
