0
100
100
1 (86 96 99 43 61 77) (42) (40 41) (58 30 48 94) (66 69) (47 88) (90 11 100 7 49) (31) (46) (71) (78 45) (32 79 28 54) (80) (27) (9 76 64) (93) (63) (26) (97) (59 68) (62 25) (36) 
2 (15 75 8) (6) (37) (81) (62 93) (70) (95 38 97) (86 30) (3 78 4) (11) (40 74 63) (45 5 27) (41 60 7) (22) (44) (49) (25 88 20) (57) (47 46 2) (96 18) (39 98) (90) (85 73) (43 56) (76) (29 42 26 99) (52) (91) (72 1) (23) 
3 (7 39 76 90 47 6) (5) (20 31) (59 72) (97) (78) (62 77) (25) (30) (24) (14 17) (71 75) (36) (84 29) (19) (26) (92 86) (73 93) (55) (80 94 87) (79 10 98 40) (23 82 1) (8) (49 54 50 45) (51) (2 43 42) 
4 (100 10 23 68 69 86) (51) (43) (13) (34 83) (93 16) (78) (50 88) (4) (73 45) (46 19) (76) (71) (14 85) (5) (91) (28) (66) (82) (77) (40) (99) (29) (80) (79) (72 36) (74 41 62 49 47 81 65 17) (22 52) 
5 (29 94) (52) (19 99 32) (35) (28) (78 66 6 70 96 34 30 26) (4) (84 85 11) (27) (21 82) (71) (16) (83 44) (59 54) (97 41 69) (98) (77) (17) (9 7 49 100 8) (62 25 61) (90 40) (57) (91 67) (63 74) (79 10) (87 1 20) 
6 (24 26 95 81) (92 69 78 65) (18) (11) (85 100 3) (56) (76 22) (23) (4 29) (62 13) (36) (7 80 38 41 57 25 90 73 2) (14) (79 91) (94) (49 42) (87 31 93) (51) (1 75) (27 5 8) (99) 
7 (38) (66 73) (63 47) (42) (19 23) (2) (56 41 25) (22) (83) (75 57 11 94 17 59 54) (88 53 65) (6 26) (14) (45 30) (1) (46) (84) (12) (55) (95 96 44) (36) (70 74) (9 81 48 43) 
8 (76) (22 95) (66 15 51 19 44) (24 16) (92) (12 14 53 3 11 21) (83 58 100) (89 29) (26) (36 13 28) (45 64 5 70 81 9) (43 61 46 84) (17 72 35 88) (59 62) (34) (90) (4) (23) (48) (20 97) 
9 (12 50) (49 97 73) (18) (16 57 25 56) (40 23 81) (31 47) (68) (9) (52) (82) (92) (89) (63 91) (69 2 77 21 44 19 28 72) (33) (51) (11 22) (10 1) (35) (29 7 90 60) (14 78) (5) (55 96) 
10 (42) (16 97 11) (9 31 12 18 35) (51 21) (30) (33) (36) (1) (93) (29 4 15 10 66 46 81 23) (71) (45) (70) (17 49 2) (85) (55) (47) (52 28) (50 88 13 59) (68 86) (26 5 7) (20) (53) (32 83) (98 6 87 96) (99) (90) (95) (58) (56) (75) 
11 (71) (72) (54) (65 30) (62 81 91 96) (74 24) (48) (9 45 73 14) (49 90) (19) (10 52 51 99 15 35 75 61 27) (18) (68 47) (38) (22) (20 58) (93) (37 31 21) (40) (84 95) (42) (29) (82) (59) (13 77 7 64) 
12 (80) (94 59 13) (84 5 76 4 82) (2) (77 19 3 48) (61) (41 31) (22) (51 54 28) (40) (66) (10 81 64) (49) (70) (92 98 83) (96) (17 44 20 38 12 42) (45 71 26 47 16 95 85 99) 
13 (93) (48 26 54) (64) (91) (5) (22) (7) (85 2 96) (66) (6 55 73) (72 74 69) (38 10) (43) (78) (33) (70) (86 32 67 60) (4) (15 98) (24 17 41) (20 45) (44 50 87) (11) (61 56) (71) (1 89) 
14 (20) (23) (13) (68 56) (69) (19 8 27) (45) (10) (14 54) (85 46) (58 53 1 60) (29) (74) (83 76 72) (21 15 59 86 90) (67 66 55 98 6 12) (93) (24 80) (88) (50) (16) (51) (99) (57 41 96 36) (11 87 70) (64) (92) (79) (82) (81) 
15 (92 16) (46 66) (18) (96) (51 49) (86 81 37 44 65) (36 35) (77 38 1) (28) (14) (73) (59 70 93) (31 6 52) (10) (47) (62) (64) (29) (11) (24 80 30 39) (88 32 5) (76 63 2) (54) (57 20 89 94) 
16 (25) (35) (38 91) (49) (34) (11) (10 75 67 62 4) (71) (58) (12 97 42 45) (17) (23) (83) (19 81 82 7 76) (36) (56 30 22 39) (90 85 6 26) (2 86 14) (69) (98 93) (21) (92) (18 48 40) (1 46 60 54 79) (9) (73 52) (72 8) (16 64 32) (33 87) 
17 (71 21 78 41) (73) (69 19 70) (95 59 24) (3) (80 18) (46 30 13 92 63) (11 55 27 20) (87 10 51) (64 33 36) (23 9 72) (57 17) (8) (62) (25 82) (16 48 56) (60 61) (2) (98) (75) (89 52 40) (5 90) (83) (32 15 54) 
18 (63) (36) (22 39 97) (79 28) (88) (20) (87 61 7) (9) (44 30 64 78) (47) (21) (73) (32) (58 24) (33) (60) (35) (86 23) (54 49) (65) (67) (84 94) (16 1 69 48) (4) (81 76 29) (52 90 40 27) (89 66 75 74 70) (100) 
19 (26 72 32) (38 20) (71 99) (39) (67) (5) (59 22 62) (68 95) (80 18 89 16 19 87 81 69 53 58) (4 23) (52) (85 35) (46) (70) (43 98) (82) (74 42 31 86 65 21) (90) (50) (100 9) (57 41 91) (93 56) (3 55 25) (2 63 51 11 37 83 1) 
20 (5) (41) (86 50) (13 69 83 22 4 47 18) (6 35 14 3 44) (10 20 92 98 34 15 26 24) (97) (88) (82 42 72 2) (30 85) (89) (73) (52) (23) (93) (57) (77) (99) (100 61) (39 75 71) (37 65) 
21 (1 44) (78) (59 34 12) (46 30 65 63) (77) (19 81 74 69) (14 95 9 28) (85 22) (31 90 26 56) (60 92 49) (87 72) (18) (27 41 53) (13) (6) (48) (80 24) (42) (86) (20 25) (39 54 40 88 23) (71) (45) (79) (58 47 99 2) (50) (93) (36) (29) (83) 
22 (38) (7 100 81 3) (72) (11) (32 55) (89 77 85) (82) (73) (5 35) (13) (74) (96 69 57 48) (92) (52 71) (70 87 19) (65 9) (20) (22) (12 59 18 63 21) (16 29) (68) (30 43) (60 26) (44) (15) (41 49 1) (53 37 98) 
23 (71) (29 27) (56) (60) (35) (42 3) (51) (5) (28) (82 65 4 69) (11 88) (16 39 7) (94 44) (75) (25) (66) (78 62) (84 89 17) (18) (85) (19) (41) (54 67 32) (86 36 57 33 70 77 81) (20) (72) (52 76) (91 22 55) (46 37 61) 
24 (34) (8 90 51) (42 67) (37) (25) (31) (28) (24) (12 52 62) (39) (29 19) (36 47 48) (73) (59) (84 68) (18 17) (77 13 5) (6) (15 81) (7 55 30 11 1) (72 96) (26) (61 16 86 60 49) (70) (80 35) (4) (76 56 95) (2 75) (32) 
25 (85) (60 72 75) (39) (76) (38) (52 20 15 65 43 95 70 66) (73 36) (26 97) (93 78 79 99 19) (8 11 86) (82 14 49) (32 29 89 10 18) (47) (17 55) (59 37) (1 35) (12) (62) (34 57) 
26 (10 13) (1) (12 17) (67) (32) (20 57 33) (91 74) (82) (19) (65 97 4) (76 14) (22) (70 62 93 84) (23 99 45 66) (41 85 30 69) (35 2) (31 54 61 64 36 53) (3) (58 63 68 38) (55) 
27 (81) (90) (97) (31 60) (78 96 99) (63) (80 23 55 20 45 95 65 2) (87 76 3) (36) (69 44 12 58 16 37) (89) (47 71 42) (49) (100 83 94 48 18) (24) (15 62 8) (68 1) (70 26 59) (32) 
28 (77 80 31) (68) (27 42 7) (41 95 78) (49 63) (56 66 3 32 71 40) (4 64) (9 69 46 6) (72) (21) (19 75 91) (65 79) (81) (84) (29 44 99 76) (34) (51) (96 92) (54 98) (88 61 43) (26) (85) (36) (5) (89) (2) (22) 
29 (38) (35) (100 3) (89 49) (55) (34) (26) (43) (20) (93) (18) (45) (21) (62) (47) (32 82 96) (37) (17) (15) (72) (12) (80 8 97) (10 4) (2) (83) (1) (78) (23) (85) (87 57) (71 51) (61 40 36) (67) (74 24 22) (33) (11) (7) (92 88 44) 
30 (39 18 94 95) (11 40) (90) (19 78 76) (59 34 54) (81 86) (74 60) (93) (41 10) (62) (55) (38 46 97) (69 12 71 99) (51 64 48) (49 63) (66 68) (16 91 23) (70) 
31 (11) (9) (52 65) (51) (54 27 20) (33) (100) (88) (75) (86 98) (57 58 25 64 14 44 34 99) (1) (68 5) (48 60) (79) (80 81) (63) (72) (24) (36 71) (28) (49) (74 90 37) (32 50 59) (38 22 66 91 23) 
32 (60 90) (4) (100) (36 92 7 18 96 72 33 6) (98) (46) (25) (40 48) (32 17) (66) (86) (42 23 38 73 75 77) (53) (35) (15) (70 28 59 37) (11 71) (20) (88 63) (80 34) (8) (39) (57) (16 47) 
33 (34) (27 46 1) (76) (45 16 100 28 65) (50) (35) (33) (67 51 30) (17) (74) (79 11) (98 55 6) (12) (87 31 95 53) (89 44 32) (37 2) (86) (90) (99) (19) (41) (75) (13 26) (9 77) (97) (54) (43 83 23) (52) (21 39) 
34 (80 44) (9) (83) (22 24 59) (37 96 23) (91 47) (87) (71 84 88) (8) (6 75) (17) (61 30) (11 98) (89 25) (100) (34 43) (93 92 3) (27) (94 58 10) (31 67) (81 76) (82) (7) (42 36) (49) (63 68 66 4 97 51) 
35 (88 13 14 6) (51) (100 31) (64 18 54) (82 50) (48) (66 56) (29 73 17) (99) (23) (34 72) (94 60) (2 86 70) (57 52) (87 91 38) (9) (63 12 83 75 45 22) (36 28) (21) (69) (81 44) (49) (89 61) (26) (27 80 15 59) (30 92) 
36 (43 5 59 11) (26) (70 67) (84) (81) (14 89) (27 83) (21) (35 90) (47) (85) (100 76 2) (19) (42) (68 52 64 44 71) (7 79 22 32 37 91) (80 66) (54 77) (45 4) (36 24 33) (96) (16) (95) (58) (40 82) 
37 (12) (1 23 80 56 25) (63) (33) (9 75 13) (35 31) (14) (81 79 90) (57 82) (24) (22) (65) (100) (17) (39 93 61) (38 89 59 26) (86 98 74) (99) (2) (42 85 48 8 83) (77) (53 21 88) (6) (36) (51 34) (7 73 76 49) (55) (54) (41) 
38 (90 77 34 4) (10 55) (16 2 45 47) (84 26 70) (38 30) (83) (31 13 12) (73) (40 19) (65) (87 50 39) (88) (37) (24) (21 28 62) (81) (75 46) (63 79) (71) (9 7) (29 54 11) (56) (18 74) (97 52 42) (92 25) (33 96) 
39 (12) (58) (25 54) (88 29 21 50) (68) (99 64) (9) (75 10) (67) (95) (19) (78) (82 84) (52 79 53 6 72) (18) (15) (17) (45) (60) (61 32 38) (20 66 46) (85 96) (44) (48) (27) (59) (34 65) (41 22 98) (33) (40 1) (89) 
40 (46) (17) (94 45) (78) (14) (96 35) (38) (81) (3) (28) (92 73 61) (33) (22 34 25 29 68) (63 41 59) (87 55) (58 100 85) (42 2) (26) (75) (39) (91) (10) (84 9) (32 99 86) (69 57 97) (71 88) (93 49) (53) (60 36) 
41 (84) (64 31) (41 16) (94) (51) (20) (40 37) (9 56 39 34 66) (59 25) (42 88 36) (67 60 15) (52 33 87 43) (8) (69 26) (11) (45 79) (12) (27 19 89 54) (61 98) 
42 (43 90 96 1) (32) (22 55 30 76 7) (27 37 33) (17 89 35 87) (44) (57 36 19 42) (11) (13 83 86 69 79 85) (81) (9 59) (70 56) (52 38 66) (29) (40) (50) (67) (61 94 58) (99) (74) (54) 
43 (95) (39 27) (84) (75 51 35) (69) (46 26) (57) (42 2) (96 45) (89) (25) (7 82 87) (67) (81) (85) (71) (6) (90) (41) (18 53) (43 72) (17 48) (9 14 44) (54) (10 63) (93) (13 74) (68 23) 
44 (57) (8) (78 55) (82 10) (60 42 94 43 47) (71) (53) (46 13) (33) (96) (41 98 39 45) (30 38) (87) (37) (17) (48) (62 95) (84 1 70) (36 4) (15) (79 2 68) (52 59 100) (83) (11 97) (90) (26) (18 92) (63) (89 93 74 49 5) (80) (50) (12) (20) (7) 
45 (63) (44 90) (73) (22) (72 50 68) (65) (3 17) (94) (36 53) (86) (61) (46 43 29) (32 33 11) (12) (41 76 89) (54 71) (49) (5) (77) (67) (83) (96) (78 64 69) (99) (18 57 16) (100 48) (24) (58 95) (98) (13) (40) 
46 (6 38 62) (100 84) (17 88) (85) (2 53 5 42) (19 75 65) (54 37 33 83 69 96) (57 30 72) (89) (64) (28) (24) (29) (35 82) (26) (41) (99) (48 16 59) (55) (10 3) (68) (95) (94 45) (34 58 87) (18) (56) (8) 
47 (13) (67 11) (55 76 91 43) (97 41) (86) (48) (17) (38) (98 44 51 42) (79 35) (59 96) (15 71) (46 6 92 54) (23) (40) (74) (49) (9) (16) (80) (61) (18 64) (87 89) (19 10 81) (100 8 12 94 24) (52 45 95) 
48 (14 19 90) (72 76) (22) (84 82 27) (44) (8) (65) (48 13 34 46) (16) (35 85) (100) (67) (64 12 87 21 7) (96) (63 40) (30 33) (10 52 31 68) (28) (18 41) (32 5) (58 51) (91) (83) (75 6 94) (56 62) 
49 (12) (13) (80) (42 60) (95) (93 86) (52) (41) (18) (89) (73 6 32 25 31 34) (59) (55 71) (19 90 81 20 48) (14) (40) (47 51) (97) (46 94 17) (91 33) (1) (69) (3 10) (45) (39) (82 43) (36 23) (54 22) (96) (92 49) (4) (27 8 98) (57) 
50 (4 92 36 7) (88) (78) (14 89) (59 32) (15) (35) (70) (73 81 22) (96 31) (49 95 8 9) (33 40) (30) (27) (63) (72) (51) (42) (6) (12) (86 62) (11 48 71) (24) (45) (79) (65 47) (37 69) 
51 (89) (34 58 97) (26 94 64) (45 84) (71 11) (31 3 51 42) (32 14) (80 100) (59 43) (2 13) (27 12) (23 82 67) (16) (46) (56 29) (77 19 21) (38 1) (48) (73 44) (65 55) (70) (17) (9 33) (60) (5) (96) 
52 (17 61 82) (31) (10) (3) (46 58 28) (69) (76 30 62 11) (33 40) (59) (72 9) (74 6 29 100) (36) (7 51) (81) (79 48 1) (68) (93) (70 16 97 38) (53 39 54 2 96 87 23) (57) (83 99) (65 98 75 20) (13) (95) (91) (15) (4) (77) 
53 (77) (3 33) (76) (52 61 65 51 72) (62) (23 94) (10) (91) (27 39) (46) (28 9) (14) (89 59) (56) (60) (37) (64) (88) (54 82) (49) (8) (25) (81) (71) (86) (13 11 21 34 87 26 74 16 6 2 40) (20) (100) 
54 (35 88) (1 65) (62) (74) (39) (98) (58 78 61) (54 87) (11) (9) (81 16) (82) (2) (64) (80) (99) (42 59) (73) (20 85 77 10) (53) (86) (43 21) (36 90 30) (52) (50 97) 
55 (50) (64 35 77 23) (16 75) (15) (71) (87 99 93) (20 65 31 49 54) (43 1) (47 63) (41 44) (66 10 51) (84) (100) (96) (4) (7 3) (21 12 29) (73 79) (8 48 9 91) (81 60) 
56 (48 98 83) (77 15) (5) (20) (59) (37 73) (14 91 52) (95) (86 97) (54 44 6 99 47 90) (64 49 32 46) (7) (45) (11) (9) (22 29 84) (30) (100 74 41) (62) (89 34) (13 78) (16 50 33) (25 21 18 28) 
57 (11) (23 54 65) (21) (47) (56) (83) (94 16 26 61) (17 35 84 48 41 67) (64) (93 81 5 34) (13) (78) (42) (69 45 19 1) (22) (74 9) (29) (91 89 25 15) (36 18 39 100 28) (8 3) (32) (43 31) 
58 (18 21) (100) (44) (68) (87) (3 36 54 81) (72) (56) (34 9) (10 71 51) (94) (58) (38 1) (20 4) (39 50 5 27) (75) (62 35 32 84 92) (99) (8) (88) (86 80) (93 17 28 55) (77) 
59 (92 71 70 90 51) (64) (42) (80 46 26 49) (62 65) (1) (48 36 19) (38) (87 55) (21 94 6) (45) (4) (25) (54) (78 56) (7 88) (59 20) (40) (11) (41 12 31 57) (33 99) (97 2 8 5 14 50) 
60 (12 63) (25 55) (40 41) (50 74) (89 30 82) (56 45 90 92) (33 15) (1) (64 66) (11) (58 62) (3 8) (35) (73) (7) (72 5) (70) (21 22 48 43 31) (18) (96) (51) (44 4 10) (52) (68) (88) (53) (95 20) (91) (2 69 16) 
61 (34 32) (90 65 46) (51) (45) (58 30 64) (39) (38 60) (44) (1 95 33 93 71) (18) (67 4) (76 37) (91 2 99 61) (56) (16 42) (53 9) (100 57) (82 31) (17) 
62 (21) (90) (9) (69 75 56) (23 55 25 36 15 48 89 57) (94 13) (60) (65) (16) (88) (43) (8 64 26) (35) (92 84) (47 99 81) (11 87 71 100 66 62 18) (86 73) (42 5 49 12 22 41 10) (80 54 97) (17) (74) (85) (98 34) 
63 (20) (71) (64) (56 33) (39 90) (59 7 31) (50 98) (52) (29) (72 85) (55 99 94) (16 42 8 22) (27) (76 2 91 23 61 60 28) (45 46 40 67) (49) (1 87) (25 93) (70) (18 35 21 78 51 48 11 68) (62 19 65 38) (57) (13) (5) (77) (30 24) 
64 (6 69 40 97) (85) (70 82 90 76 33 65) (3 38 2 100) (1 80) (25) (61) (9) (89 46 94) (67) (51 73 86 60 77) (99 56 54 72 58 4 79 30 88 17 27) (35) (42) (41) (5) (49) (47) (32 81) (31 44 43) (13) (29 8 78) (62) (19) (18 12 64) 
65 (31) (9 27) (22) (23 53) (30 69) (54 75 86) (46 48 11) (61 38) (63 90) (83) (71) (66) (55) (1 19 79) (89) (43) (4 44) (87 18 84) (3 17) (92) (93 97) (64 28) (12 39 36) (41 65 6) (49) (81) (99) (77 10 74 72 78) 
66 (7 48 23) (87) (95) (17 71 10) (8 58) (88 66 56) (38) (15 43 92) (96) (1 100 30) (84) (39) (54) (57 28) (35 70) (98 97 89 86) (9 73) (47 83) (65) (90 49) (59) (3 76 21) (45) (32 16) (81 33) (62) (26) 
67 (42) (23) (36) (65) (85 68) (81 62) (40) (39) (20 58) (48 21) (38 17 41) (56) (27 46 18) (53 5) (12 70) (54) (95 45 26 89 73) (80 92) (100 77) (66) (94) (87 35 11 49 9 88) (74 61) (44 22) (33 28) (64 50) (59 82 15 24) (52) (34) (37) 
68 (66 99) (81 60) (65 29 25 69 73) (77) (54 83) (95 33 36 41) (26) (57) (93) (35 28 3 55 84) (67) (47 97) (42) (91 78 7 19 94 71 30 100 46) (86) (85 13 1 50 40 17) (45 79 80) 
69 (29 28 69 47) (93 60 16 53) (1) (83 59) (21 18) (45 91 6 14 40) (74) (98) (85) (12) (10 33) (89 39) (54 77) (38 51 11 22 5 43 52 32) (42 90 80) (37 35 57 94) (66) (48) (41) (49 44) 
70 (69) (80 45 55 42) (27) (48 37 46 35 84 38 28 99 57 94 75 7) (54 22 64 24 73) (86 66) (77) (4 49) (10 19 78) (6 14) (33) (18 82) (2) (26 85 65) (89 70 51 32 12 31) (62 23 43) (8 71) 
71 (24 29) (38 37) (12) (56) (85) (75 16) (96) (42) (58 35 49) (74 14 61) (33) (53 84 39 21 69 5 36 95 80) (44) (64 70 28) (8 45 32 25 43 90 83 94) (67) (78) 
72 (36) (42) (56) (63 55) (96) (84 92) (49 28 54 73) (26) (8 24) (90 91) (88) (45) (94) (29 17 58 66) (43) (18) (95 40 25) (99) (64 83 93) (77) (37 2) (16 68 65 79) (52) (13 15) 
73 (90) (80 1 42) (51) (85) (82) (37) (64 32 13) (16 11) (89) (41) (27) (7) (75) (98) (60) (23) (58) (22) (5 97 3) (17) (92 40) (36) (73 53) (100 50) (25) (35) (77) (44 6) (65) (26) (14 15) (12 8 4 10 72) (74 71) (86) (39) (96 93 55) (84) (33) (43) (57) (66) 
74 (9) (59 64) (25) (80) (36 57) (69) (49 96) (89 58) (41 5 22 20 94 56 42 35 23) (29 75) (63 6 13) (71 91) (14) (78 47 54 65) (8 15 7) (44 11 85 66 100 3 38 82 4) (87 88 60) (16) (55) (86) 
75 (49) (15 58) (6) (14) (18) (10) (25) (70 53 94) (36) (8) (61) (60) (31) (11 37) (21 79) (84) (17) (82 9 99 69) (23 47) (51 85) (68 2 48) (34) (96 35) (54) (98 76) (65) (44 22) (52 92 93) 
76 (60 30 17 79 86 18) (100) (41 24 81) (49) (66 46 50) (11) (74) (68 31) (26 29 38) (40 59 69 4 75 80 65) (78) (83 45) (84 9 3) (14) (85) (99) (96) (7 71) (76 61) (54) (32) (87) (44 62 90 51) (64) (52) (56 53) 
77 (11 60 33) (8) (57 46 87) (34 38) (90 84) (24) (30 5) (4 16) (96) (29) (27 12 88 98 91) (40 83) (41) (9) (64 95) (21) (54 7 44) (69 62) (72 75) (51) (61) (49 53) (74 73) (65 36 45 97) (42 76) (79) 
78 (37 77) (71) (47 62) (92) (84 61) (43) (46) (2 49 68) (86 16) (70) (23 42) (91 95 15) (72) (94 97 58) (63 67 66) (11) (100) (55) (65 27) (41 20 89 78) (34 12) (6) (93 13) (96) (69) 
79 (20 99) (56 64) (46) (85 91) (77 4) (63) (26) (65 66 78) (96 90) (68) (33 31 86 53) (32) (10) (67 5) (34) (38 49) (39) (81 7) (19 52) (6) (59 94) (88) (27 100) (69 60 92) (36) (12 70) (71) (8 79 2 37) (23 62 17 35) (43) (98 61) 
80 (58) (75 54) (46) (11) (7) (24) (50 85 41 23) (8 6) (39 67 40 60) (49) (21) (77) (1) (80) (13 66) (5) (14) (36 53 57) (10 73 84 51 65) (61 100) (94) (87) (19) (59) (2 43) (96) (9 69 48 3) (26) (91 44) (95) (83) 
81 (37) (90 82 8) (78 89 23 75 15 11 57 85 65 93) (67) (86) (72 87 31 27) (36) (38 14) (6 100) (33 43) (42) (39 45 40 70) (97) (10 61) (53) (21 2 17) (73 94 80 98) (68 47 7) (4 12) (41 59 91) (44) (26 9 51) 
82 (54) (90 47 2 19) (12 75 83) (6 40) (23) (57 100) (70) (28) (62 77 3) (49) (13 76) (51) (45) (81) (99) (74 25 80 92 27) (97 37) (89 82 61) (8 18) (87) (33 32) (43 60) (9) (36 34) (96) (58 69 66 22 11 94 65) (95 55 41) (39 52) 
83 (76 86 90 40 85) (48 39 33 64 17 34) (9 93) (62 96) (4 16) (10 8 35) (61) (80) (56) (95) (46 47) (71) (78 53) (87 98 74) (89) (43 88) (27) (83 70) (81 28 23) (50 69 82 13) (1 11) (49) (32) (65 54) (84) (20) 
84 (81 36 52 34) (42) (67) (4 78 93) (14 76) (100) (94 29) (50) (9) (62 83 11) (99) (7) (38) (66 41 58 8 88 15) (48) (53 63) (89) (23) (60 65) (12) (70 98 35) (90) (21 69 72) (3) (37) 
85 (4) (31 64 33) (89) (52 29) (50 87 68 18 79) (15) (98 42) (23) (45) (43 54) (88 14) (72) (36) (83) (46) (92) (47 78) (3) (30 44) (77 21 32) (95) (51) (8 94 11 55) (69 82 74 67 76 62) (16) (53) (37 73 85) (63) (71 1 39 57) (7) 
86 (33) (21 97 32 4) (68) (85 34) (91) (24 43) (42 41 35) (30 63 49 67 37) (46) (94) (18 44 80 99) (6) (92) (48 12 5) (70 86 40 23 7) (64) (28) (81 54) (83 13) (98 3 84 89 25 96 2 90) (74 14) (82) (1) (10) 
87 (3) (49 80) (88) (43 37) (28 77) (76 92) (36 20) (16 73 89 66 40 91) (72 59) (23) (96 65) (9 30 94 11 95 67 52) (10 39 7) (42) (68) (84 45 83 50) (71 62 57 97) (6 47 54 18) 
88 (17) (60) (42) (59) (6 25) (29 95) (65 87 56 73 12) (71 27) (54) (22) (37 82 11 18) (77 40) (72 8) (62) (47 23) (70 86) (92) (100 43 51 79 45) (41 13) (3 33 78 50 4) (49) (24) (44 31) 
89 (37 35) (52 78 51) (58 18 56) (30 100) (82 29) (2) (19) (23) (40) (90 45) (36) (59 79) (15) (3 68) (16) (71) (75) (91 92) (86 25 42) (70) (96 84) (33) (10 4) (55 20) (95 73) (72) (97 85 48 69) (41) 
90 (45) (63 89) (48) (78) (41 39 90) (25) (61 57) (14) (56) (69) (54 13) (58 70) (19) (31) (26 76 93) (6 22) (74 28) (11) (55) (8 9 91) (60 47 50) (95) (30) (38) (84 80) (53 20) (44 42 68 75 32) (100) (67) (27 37) 
91 (41 68) (84) (31) (70 53 7 88 60 93) (19) (90) (75) (64) (26 87 95) (18) (23) (12) (65 33 24) (6) (97) (4) (89 91) (39) (79) (57 83) (81 32) (58 16) (9 80) (17 76) (36 56) (22 30 34) (77 28 74) (52) (42 29) (71) (27) 
92 (80) (15) (38) (92 14 49 46 91 21 31 79 11) (16 99) (37 23 94) (97) (53) (59) (62 40) (34) (90 27) (20) (5) (77) (13 52) (19 81 17) (63) (2) (82 66 9) (26 39) (28) (25 30 64 73 36) 
93 (34 41 31) (87) (65) (47) (25) (46) (12 13 76 2 20 1) (83 33) (69) (19 3 74) (7) (29) (14 52 96 6 26 61) (23) (78 82) (9 93) (85 55 37 79) (10) (89 73) (24) (68 35 70) (58 21) (40 51) (62) (27) (18) (88) (38) (90) (54) 
94 (38) (45 90) (99) (58 73) (78 93 16) (2 25) (44 3 30) (17 28) (50 24 71) (6) (60 88) (59 46) (70 84) (69 52) (66) (54 5 81) (37) (63 74 89 4) (62) (61 68 92 67) (22 80) (35) (36) (33 14) (40) (13) (47) 
95 (61 48) (93 50 8) (63) (75) (36) (32) (53) (83 17 41) (99) (42 34 18 1 26) (88 56) (51) (29) (89 27) (24) (19 12 84) (22) (33 2) (45) (97) (9) (39 21 100) (65 74) (79 90) (68 46) (37 78 25) (20) 
96 (75) (37) (89 24 40 72 54 97) (2 7 31) (12 27) (79 78) (49) (1 95 100) (48) (96 76) (14) (45) (98) (5 29) (44 58) (62 38 10) (67 73 53) (17 26 80 32 83) (93 3) (63 22) (39 34 65) (87 51 9) (88 91) (21 8 28 70 66) (15) (33) (47) 
97 (63) (94 48 17) (93 29 53) (57) (51) (42 15) (84) (59 41) (90 98) (9) (36 2 16 71) (50 54) (74 66) (80 18 75) (89 47) (11) (4) (44 61) (19 76) (97 33) (96) (88 86) (37) (56) (70) 
98 (94) (55) (30) (40) (33) (89) (56 51) (34 6) (54 4) (97) (17 82) (72 71) (38 70 28 13 3 50 21 59) (75 12 62) (47) (98 46) (100) (85 58 26 92) (18) (80 24) (83) (73) (96 95 61 91 10) (68) (67 9 14 90 93) (23) (35) (8) (74) (15) (88 42 20 1) 
99 (98 37) (10 96 4 20) (21 17) (94 22) (81 53 61) (56 83 63) (47 33) (30) (88 72) (32) (59) (90) (44 89 26 25) (93 87 16 48 40) (91 34 100) (86) (23 68 3 46) (43 97) (28) (39) (65) (7 45 35 95) (54) (27) (80) (13 92 66 85) 
100 (4 45 72) (54) (94) (85) (55 96) (40 57) (60 33 43) (42) (86) (41 18) (70) (95 16) (97) (15 26 77 38 74 64) (76) (98 51) (63 49 6) (32) (1) (28) (31 19 25) (5 23) (24) (62 36) (90) (91) (71 20 21) (8) 
1 (15) (98) (14) (44) (69) (19) (3) (73) (10) (39) (16) (93) (22) (33) (37) (100) (57) (13) (83) (64) (29) (24) (26) (63) (5) (25) (51) (85 61) (18) (54 6) (66) (59 31 55 58 52) (86) (96) (49 27) (2 80) (95) (42) (65 9 21 60) (7 68) 
2 (28) (6) (2) (70) (53) (86) (95) (64) (15) (72) (38) (19) (94) (40) (10) (36) (51) (93) (35) (63) (44) (96) (89) (16) (3) (52) (29) (20) (60) (12) (97) (9) (46) (21) (75) (27) (26) (13) (61) (7) (37) (92) (24) (82) (17) (33 59 43 79 80 81) (78 54) 
3 (49) (23) (29) (94) (73) (27) (65) (82) (68) (28) (19) (51) (89) (6) (57) (85) (80) (26) (99) (74) (8) (40) (66) (46) (86) (52) (58) (60) (20) (76) (96) (84) (64) (2) (55) (88) (98) (17) (34) (93) (87) (12) (45) (53) (22) 
4 (64) (34) (52) (99) (36) (86) (60) (28) (91) (18) (59) (29) (85) (74) (55) (94) (98) (26) (81) (32) (79) (50) (76) (44) (70) (77) (24) (2) (16) (38) (4) (10) (13) (6) (12) (89) (65) (84) (61) (58) (20) (73) (97) (5) (88) (83) (8 23 49 100 19) 
5 (12) (23) (24) (17) (77) (20) (44) (69) (59) (100) (10) (73) (9) (31) (92) (22) (80) (79) (15) (36) (96) (28) (46) (94) (51) (64) (3) (71) (86) (13) (56) (63) (4) (6) (57) (58) (62) (19) (2) (48) (45) (8) (60) (67) (74) 
6 (50) (88) (87) (86) (94) (75) (59) (34) (10) (7) (5) (46) (98) (3) (53) (56) (20) (73) (49) (24) (74) (78) (35) (52) (43) (81) (15) (64) (32) (16) (39) (82) (47) (100) (70) (48) (37) (69) (28) (21) (33) (13) (91) (90) (79) (2) (65 14) (80 93) 
7 (66) (43) (63) (59) (96) (56) (18) (74) (23) (32) (38) (9) (93) (44) (84) (48) (34) (52) (60) (80) (91) (24) (2) (76) (29) (68) (73) (11) (37) (81) (6) (79) (28) (55) (5) (10) (87) (1) (42) (99) (77) (85) (36) (22) (70) (13) (50) (3 16) (86) 
8 (63) (6) (72) (37) (75) (58) (29) (24) (60) (59) (66) (5) (73) (84) (70) (62) (3) (2) (50) (81) (14) (85) (64) (32) (83) (44) (95) (46) (16) (48) (47) (88) (53) (55) (100) (27) (71) (79) (74) (34) (96) (90) (17) (49) (25) (41) (98) (57) (82) (80 77) 
9 (83) (11) (87) (81) (75) (35) (47) (93) (96) (7) (40) (76) (97) (62) (82) (19) (51) (21) (80) (53) (28) (52) (95) (10) (66) (37) (77) (43) (9) (41) (74) (92) (34) (67) (1) (90) (65) (17) (61) (18) (55) (38) (58) (39) (98) (33) (31) (22) (54) (50) (57) (5 8) (64 16) (42) (91) (56 84) 
10 (83) (26) (11) (62) (43) (86) (20) (38) (49) (46) (55) (48) (69) (58) (14) (4) (60) (87) (44) (80) (29) (96) (89) (16) (54) (10) (39) (98) (40) (73) (70) (53) (3) (52) (15) (25) (5) (66) (9) (13) (81) (12) (34) (75) (99) (65) (79) (30) (93) (47) (17) 
11 (63) (31) (44) (56) (15) (75) (59) (69) (47) (74) (9) (78) (90) (30) (19) (65) (53) (22) (92) (13) (36) (84) (62) (6) (2) (85) (73) (83) (80) (38) (5) (41) (14) (52) (25) (33) (1) (16) (88) (50) (54) (24) (81) (7) (77) (67) (60) (97) (8) (87) (76) (29) (51) (32) (82) (17 34) (57 42) (45 10 23) 
12 (14) (38) (70) (98) (22) (69) (88) (49) (51) (84) (30) (41) (27) (48) (82) (37) (25) (8) (9) (50) (79) (47) (12) (71) (60) (86) (96) (39) (73) (16) (21) (29) (64) (78) (67) (33) (65) (45) (93) (26) (59) (95) (91) (62) (77) (7) (81) (10) (44) (55) (35) (24) 
13 (33) (72) (86) (92) (94) (63) (10) (52) (17) (47) (98) (45) (82) (38) (90) (26) (12) (21) (43) (83) (51) (74) (73) (53) (35) (42) (37) (49) (80) (6) (48) (62) (8) (68) (44) (14) (88) (20) (57) (11) (64) (24) (4) (56) (99) (93) (22) (78) 
14 (81) (74) (94) (73) (9) (51) (37) (6) (15) (98) (85) (11) (31) (20) (40) (56) (80) (90) (53) (59) (21) (8) (35) (49) (48) (70) (75) (4) (26) (76) (86) (92) (93) (25) (3) (14) (69) (36) (16) (71) (96) (43) (50) (84) (7) 
15 (92) (22) (27) (96) (84) (39) (57) (89) (75) (24) (13) (56) (74) (50) (60) (17) (52) (14) (47) (2) (81) (55) (11) (29) (32) (67) (41) (100) (20) (85) (97) (62) (72) (44) (10) (25) (35) (66) (73) (98) (78) (8) 
16 (87) (24) (16) (33) (23) (85) (72) (4) (9) (5) (15) (100) (22) (8) (91) (99) (53) (41) (62) (94) (78) (60) (89) (48) (38) (55) (14) (77) (18) (51) (36) (83) (27) (47) (92) (97) (52) (30) (61) (17) (71) (45) (54) (69) (74) (32) (10) (63) (73) (66) (19) (56) (12) (46) (57) 
17 (44) (35) (49) (5) (29) (39) (68) (34) (76) (92) (88) (97) (8) (52) (47) (23) (16) (83) (3) (64) (79) (91) (72) (40) (66) (7) (65) (42) (37) (10) (25) (95) (81) (62) (75) (57) (13) (24) (94) (96) (45) (33) (4) (12) (17) (58) (51) (61) (43) (26) (73) (46) (32) (67) (99) (98) 
18 (95) (93) (16) (2) (24) (19) (32) (61) (17) (63) (21) (56) (49) (85) (67) (62) (27) (87) (20) (15) (69) (88) (64) (43) (44) (91) (48) (22) (35) (47) (97) (23) (25) (6) (10) (70) (72) (11) (45) (89) (38) (82) (98) (30) (65) (58) (75) (29) (86) (76) (100) (57) (60) (9) (46) (39) 
19 (11) (68) (79) (17) (89) (14) (100) (92) (63) (4) (12) (3) (26) (97) (28) (39) (25) (41) (47) (80) (82) (65) (38) (57) (21) (91) (42) (49) (19) (7) (51) (48) (70) (30) (59) (22) (24) (46) (95) (93) (90) (36) (23) (9) (16) (33) (5) (8) (64) 
20 (25) (22) (52) (60) (21) (19) (59) (89) (67) (98) (63) (78) (99) (5) (95) (92) (53) (13) (27) (32) (56) (54) (74) (20) (44) (3) (90) (55) (93) (10) (49) (83) (23) (12) (2) (87) (8) (58) (29) (79) (39) (17) (14) (31) (11) (15) (18) (26) (41) (100) 
21 (57) (67) (35) (8) (14) (86) (99) (80) (96) (53) (55) (36) (100) (62) (16) (22) (54) (37) (17) (77) (92) (58) (38) (19) (28) (60) (29) (5) (56) (93) (84) (81) (18) (33) (51) (59) (75) (48) (63) (69) (11) (85) (66) (71) (9) (98) (10) (95) (39) 
22 (42) (91) (7) (12) (18) (49) (39) (50) (9) (11) (73) (22) (88) (6) (70) (8) (40) (13) (74) (4) (45) (26) (62) (75) (95) (37) (65) (63) (34) (23) (56) (94) (69) (90) (82) (36) (2) (35) (28) (99) (48) (16) (96) (57) (29) (21) (60) (19) (67) (20) (31) 
23 (19) (74) (26) (30) (53) (63) (10) (65) (73) (27) (93) (100) (29) (83) (79) (34) (91) (17) (99) (75) (62) (80) (66) (18) (84) (6) (32) (37) (87) (86) (89) (70) (81) (21) (82) (20) (51) (88) (14) (57) (55) (78) (43) (47) (4) (35) (31) (67) (2) (3) (92) (49) (52) (85) (33) (8) (98) (16 7 9) 
24 (94) (86) (27) (77) (29) (11) (47) (46) (76) (67) (50) (8) (93) (91) (80) (6) (45) (3) (70) (88) (38) (13) (98) (20) (34) (21) (37) (100) (96) (63) (72) (36) (17) (31) (18) (95) (71) (14) (24) (15) 
25 (75) (94) (56) (3) (34) (43) (24) (57) (2) (37) (19) (71) (9) (49) (59) (100) (32) (6) (92) (64) (63) (53) (60) (74) (86) (89) (82) (73) (72) (38) (31) (16) (41) (5) (95) (7) (21) (90) (93) (99) (17) (1) (23) (62) (68) (40) (88) (39) 
26 (10) (16) (19) (12) (36) (98) (21) (57) (70) (53) (25) (6) (91) (2) (67) (41) (62) (95) (22) (24) (59) (7) (1) (81) (72) (46) (51) (37) (20) (100) (96) (3) (93) (33) (79) (13) (44) (73) (43) (38) (5) (35) (68) (99) (28) (40) (76) (27) (80) (90) (66) (92) (8) (29) 
27 (77) (96) (88) (28) (34) (31) (64) (92) (63) (35) (48) (51) (6) (91) (49) (50) (78) (95) (82) (41) (65) (14) (42) (58) (23) (36) (90) (21) (2) (1) (5) (70) (11) (67) (79) (93) (99) (73) (39) (83) (17) (43) (53) (81) (18) (33) 
28 (48) (32) (9) (94) (24) (5) (96) (82) (21) (99) (87) (35) (23) (4) (90) (53) (69) (57) (100) (91) (58) (18) (63) (38) (46) (1) (40) (71) (70) (15) (8) (72) (83) (86) (98) (66) (68) (56) (10) (67) (52) (92) (33) (12) (65) (31) 
29 (74) (40) (69) (42) (4) (18) (56) (3) (14) (45) (93) (24) (88) (11) (85) (97) (22) (23) (89) (68) (91) (63) (77) (71) (84) (51) (39) (21) (15) (96) (55) (52) (9) (25) (5) (35) (95) (76) (6) (64) (8) (46) (2) (38) (72) (28) (57) (10) 
30 (64) (54) (44) (5) (85) (65) (35) (94) (92) (63) (60) (87) (26) (91) (15) (42) (56) (20) (16) (1) (77) (38) (89) (10) (7) (86) (17) (3) (66) (48) (11) (99) (24) (68) (21) (18) (46) (52) (76) (98) (22) (90) (2) (61) (50) (34) (33) 
31 (64) (19) (57) (76) (70) (55) (93) (12) (15) (6) (48) (28) (65) (37) (1) (49) (61) (96) (3) (24) (75) (88) (51) (92) (34) (81) (41) (50) (35) (9) (59) (91) (52) (100) (90) (63) (33) (38) (21) (26) (11) (27) (85) (10) (79) (60) 
32 (22) (33) (45) (96) (70) (29) (100) (66) (15) (23) (58) (51) (1) (16) (79) (99) (26) (13) (36) (82) (31) (85) (95) (25) (40) (64) (27) (57) (39) (49) (10) (83) (91) (19) (48) (73) (32) (50) (24) (86) (61) (17) (76) (28) (69) (42) (18) (56) (90) (5) (71) 
33 (68) (16) (71) (37) (18) (81) (67) (98) (70) (29) (45) (52) (94) (83) (59) (86) (17) (77) (96) (23) (79) (95) (88) (41) (63) (93) (36) (44) (66) (49) (56) (99) (32) (38) (40) (50) (46) (33) (10) (89) (26) (51) (53) (39) (100) (9) (85) (31) (91) (60) (42) (64) (82) (69) (48) (13) (97) (61 73) 
34 (40) (29) (95) (92) (49) (5) (33) (8) (16) (32) (58) (30) (39) (82) (77) (93) (67) (99) (79) (75) (21) (34) (25) (35) (96) (20) (48) (83) (86) (24) (84) (61) (98) (41) (53) (56) (78) (38) (57) (46) (62) (28) (4) (31) (51) (37) (91) 
35 (60) (47) (55) (66) (16) (94) (84) (43) (46) (75) (42) (89) (9) (70) (68) (64) (63) (11) (15) (48) (25) (71) (62) (73) (98) (8) (5) (69) (29) (86) (36) (79) (19) (67) (26) (57) (20) (23) (18) (83) (93) (33) (50) (99) (24) (58) (37) (40) (22) (74) (10) (32) (54) 
36 (62) (6) (67) (79) (80) (16) (57) (74) (54) (65) (26) (37) (34) (68) (72) (10) (59) (45) (25) (23) (32) (84) (82) (31) (73) (8) (14) (29) (100) (17) (28) (40) (77) (35) (3) (91) (94) (97) (52) (75) (24) (58) (87) (71) (18) (44) (85) (49) (1) (41) (50) (21) (92) (27) (81) (42) (4) (89) (95 7) (15 36) 
37 (90) (95) (20) (70) (34) (88) (25) (19) (73) (42) (2) (97) (69) (56) (72) (89) (36) (38) (99) (87) (84) (71) (96) (75) (33) (24) (32) (27) (93) (29) (31) (22) (50) (78) (92) (15) (85) (41) (82) (11) (67) (94) (53) (46) (79) (61) (86) (23) (44) (81) 
38 (94) (22) (11) (6) (76) (32) (79) (35) (58) (90) (84) (96) (63) (19) (93) (66) (52) (2) (7) (67) (39) (64) (44) (40) (37) (25) (92) (70) (77) (38) (51) (30) (69) (61) (71) (98) (13) (100) (31) (12) (15) (29) (42) (46) (59) (81) (65) (26) (74) (47) (16) 
39 (85) (30) (20) (38) (41) (15) (71) (81) (57) (49) (40) (52) (90) (54) (2) (58) (43) (67) (99) (92) (61) (19) (82) (91) (63) (96) (87) (16) (66) (53) (24) (37) (18) (25) (23) (21) (80) (83) (69) (32) (3) (95) (44) (73) (65) (79) (33) 
40 (3) (47) (39) (11) (93) (100) (63) (88) (99) (53) (83) (21) (98) (64) (18) (76) (73) (12) (48) (80) (77) (87) (36) (52) (41) (17) (59) (82) (1) (69) (45) (5) (89) (68) (67) (72) (4) (9) (81) (30) (38) (32) (50) (92) (2) (94) (16) (49) (29) (28) (60) (96) (42) (86) 
41 (45) (46) (49) (4) (6) (82) (33) (86) (80) (78) (40) (81) (65) (22) (89) (7) (19) (90) (64) (76) (21) (5) (91) (44) (23) (48) (77) (56) (84) (88) (55) (100) (59) (95) (57) (13) (39) (47) (17) (69) (37) (28) (67) (2) (74) (97) (68) (12) (26) (1) (62) (41) (60) (43) (73) (14) (20) (30) (93) 
42 (40) (91) (59) (32) (86) (50) (84) (69) (37) (97) (51) (54) (68) (11) (3) (70) (71) (6) (46) (34) (42) (74) (23) (72) (47) (63) (88) (20) (90) (28) (73) (89) (87) (49) (78) (24) (41) (44) (67) (10) (38) (85) (61) (81) (16) (95) (36) (57) (2) (21) (62) (100) (43) (12) (77) (64) (19) (1) (27) (7 98) 
43 (72) (25) (22) (69) (7) (99) (65) (4) (51) (81) (1) (34) (33) (36) (42) (71) (79) (78) (57) (88) (73) (28) (43) (8) (83) (64) (44) (55) (29) (19) (54) (49) (85) (80) (87) (86) (60) (70) (2) (41) (62) (47) (100) (13) (82) (45) (3) (66) 
44 (18) (96) (35) (7) (58) (75) (34) (8) (97) (88) (31) (67) (48) (21) (90) (65) (81) (74) (76) (15) (69) (85) (99) (73) (13) (29) (71) (9) (51) (56) (5) (33) (42) (61) (77) (2) (12) (60) (23) (47) (39) (20) (22) (64) (86) (28) (80) (36) (45) (55) (43) (94) (27) 
45 (13) (49) (11) (14) (8) (56) (70) (44) (41) (12) (87) (26) (43) (66) (4) (90) (60) (88) (95) (94) (77) (38) (99) (81) (68) (100) (71) (29) (47) (36) (10) (72) (50) (89) (59) (39) (27) (61) (85) (96) (35) (3) (46) (82) (51) (63) (33) (69) (67) (21) (2) (1) (7) (40) (16) (57) (76) 
46 (39) (30) (17) (45) (52) (7) (19) (32) (76) (94) (47) (38) (40) (1) (65) (43) (95) (98) (70) (93) (67) (28) (80) (44) (83) (78) (14) (49) (16) (56) (48) (23) (53) (33) (61) (21) (92) (79) (64) (63) (86) (99) (51) (68) (77) (59) (8) (4) (2) (10) (85) (15) 
47 (3) (21) (75) (15) (83) (36) (29) (9) (24) (57) (81) (97) (82) (50) (32) (2) (99) (69) (1) (56) (49) (10) (44) (38) (93) (4) (55) (68) (98) (94) (64) (85) (88) (62) (90) (12) (20) (25) (7) (34) (27) (11) (87) (74) (66) (96) (18) (78) 
48 (96) (47) (56) (99) (18) (12) (11) (43) (63) (13) (39) (44) (86) (16) (59) (31) (22) (55) (1) (84) (7) (75) (35) (95) (67) (57) (32) (46) (8) (45) (37) (17) (65) (97) (70) (49) (27) (52) (60) (69) (62) (30) (21) (24) (66) (83) (51) (48) (89) (50) (90) (80) 
49 (11) (44) (74) (9) (66) (27) (71) (78) (24) (76) (34) (15) (35) (92) (3) (59) (4) (67) (30) (16) (70) (62) (18) (37) (83) (80) (31) (29) (69) (64) (75) (53) (10) (28) (65) (86) (55) (40) (72) (25) (21) (77) (56) (22) (87) (100) (50) (96) (5) (88) (79) (2) (45) (82) (47) (6) (12) (1) (63) (49) 
50 (44) (67) (85) (31) (97) (42) (20) (59) (80) (35) (68) (45) (95) (60) (14) (84) (38) (33) (56) (87) (39) (90) (4) (19) (21) (63) (98) (3) (94) (76) (13) (88) (83) (58) (73) (9) (55) (10) (54) 
51 (30) (33) (14) (95) (3) (23) (81) (75) (60) (51) (53) (59) (64) (89) (85) (24) (4) (43) (34) (29) (61) (47) (88) (15) (11) (63) (80) (52) (93) (50) (100) (6) (37) (12) (48) (41) (17) (73) (70) (31) (96) (97) (8) (69) (77) (9) (19) (98) (35) (10) (58) (82) (76) (28) (55) (49) 
52 (79) (60) (75) (42) (53) (41) (9) (48) (56) (67) (84) (39) (18) (17) (38) (33) (89) (15) (82) (31) (35) (72) (92) (49) (91) (87) (44) (76) (69) (11) (22) (54) (2) (94) (93) (19) (16) (5) (23) (63) (85) (25) (20) (24) (10) (4) (36) (47) 
53 (85) (90) (37) (61) (8) (60) (14) (43) (54) (80) (97) (84) (40) (45) (77) (67) (26) (32) (22) (10) (83) (91) (76) (39) (33) (99) (96) (52) (65) (69) (46) (95) (81) (21) (19) (75) (79) (92) (44) (7) (71) (73) 
54 (58) (69) (99) (13) (54) (39) (97) (14) (47) (12) (42) (43) (75) (11) (82) (57) (96) (70) (86) (55) (21) (59) (77) (76) (52) (68) (16) (23) (64) (26) (49) (80) (38) (94) (65) (5) (7) (33) (93) (100) (31) (45) (30) (28) (83) (18) (72) (41) (56) (87) (46) (66) (35) (85) (53) (90) (62) (36) (37) (15 67 74 98 3 17 1 88) 
55 (3) (98) (82) (100) (58) (37) (65) (29) (73) (68) (93) (63) (19) (74) (9) (44) (47) (62) (22) (25) (49) (7) (42) (59) (33) (51) (60) (90) (10) (72) (78) (14) (17) (40) (89) (70) (24) (26) (38) (23) (46) (85) (27) (13) (30) 
56 (41) (79) (37) (38) (48) (64) (51) (60) (57) (62) (9) (19) (71) (7) (66) (59) (88) (35) (76) (61) (28) (98) (46) (89) (74) (42) (97) (67) (21) (91) (58) (23) (2) (6) (17) (90) (53) (13) (83) (16) (95) (99) (10) (14) (63) (24) (72) 
57 (74) (87) (63) (15) (26) (59) (62) (61) (100) (49) (91) (9) (66) (22) (29) (19) (25) (32) (17) (80) (14) (46) (52) (81) (7) (35) (68) (73) (85) (6) (97) (42) (2) (20) (77) (23) (44) (43) (37) (40) (90) (69) (5) (45) (82) (31) (70) 
58 (45) (10) (93) (27) (8) (21) (64) (73) (60) (36) (18) (72) (31) (90) (80) (39) (96) (66) (75) (74) (61) (34) (51) (40) (1) (82) (89) (48) (91) (84) (46) (58) (98) (71) (78) (14) (26) (16) (42) (54) (19) (94) (67) (52) (11) 
59 (31) (22) (52) (49) (10) (41) (5) (42) (56) (15) (19) (25) (34) (81) (32) (53) (50) (7) (87) (59) (27) (37) (51) (54) (17) (94) (99) (79) (44) (21) (80) (74) (8) (88) (63) (40) (30) (36) (76) (46) (69) (97) (39) (1) (35) (24) (47) (3) (92) (67) (89) (14) (66) (11) (12) (98) 
60 (79) (13) (75) (21) (32) (62) (35) (27) (23) (17) (44) (61) (74) (2) (25) (69) (63) (16) (41) (64) (22) (30) (76) (88) (39) (14) (9) (84) (100) (53) (55) (90) (80) (68) (73) (49) (94) (77) (24) (82) (18) (51) (31) (40) (91) 
61 (99) (53) (98) (80) (20) (77) (93) (57) (67) (52) (83) (47) (95) (45) (94) (97) (78) (37) (1) (54) (26) (29) (65) (79) (81) (12) (82) (17) (71) (8) (76) (24) (64) (63) (75) (5) (41) (28) (34) (42) (18) (11) (39) (35) (90) (40) (61) (23) (13) 
62 (19) (60) (96) (17) (78) (79) (77) (23) (67) (63) (3) (15) (94) (54) (100) (8) (56) (85) (26) (27) (46) (24) (5) (83) (52) (58) (53) (84) (64) (70) (62) (38) (66) (92) (76) (48) (30) (25) (11) (2) (29) (98) (4) (6) (88) (50) (59) (87) (16) (44) (1) (93) (82) 
63 (95) (5) (9) (45) (34) (94) (60) (27) (90) (44) (35) (30) (26) (15) (48) (37) (78) (28) (96) (99) (19) (7) (86) (43) (85) (97) (17) (22) (74) (55) (1) (18) (32) (65) (92) (31) (79) (50) (21) (84) (2) (100) (72) (40) (38) 
64 (41) (92) (72) (30) (36) (74) (83) (54) (8) (11) (31) (73) (91) (51) (1) (77) (16) (57) (53) (63) (71) (46) (17) (76) (18) (39) (47) (56) (15) (48) (14) (79) (65) (28) (60) (12) (59) (35) (86) (45) (62) (100) (26) (85) (13) (61) (67) (55) (64) (70) 
65 (76) (99) (31) (7) (82) (37) (87) (52) (91) (57) (27) (96) (45) (25) (64) (62) (80) (28) (11) (54) (23) (67) (18) (21) (78) (15) (88) (38) (63) (79) (75) (48) (72) (55) (61) (20) (81) (95) (53) (19) (65) (6) (66) (70) (93) (33) (73) (50) (39) (84) (4) (68) (59) (51) (83) (77) (26) (74) (46) (22) 
66 (74) (15) (31) (42) (26) (7) (87) (32) (12) (82) (67) (62) (99) (23) (76) (5) (25) (18) (39) (36) (79) (4) (92) (84) (60) (78) (72) (65) (13) (94) (69) (41) (96) (70) (55) (68) (8) (14) (73) (28) (66) (35) (97) (1) (34) (80) (10) (30) 
67 (98) (33) (90) (29) (57) (39) (23) (41) (61) (14) (19) (81) (78) (80) (48) (64) (47) (84) (24) (86) (26) (43) (63) (45) (85) (71) (16) (13) (5) (36) (18) (34) (68) (87) (94) (42) (79) (96) (51) 
68 (48) (39) (46) (60) (4) (31) (81) (52) (40) (75) (72) (43) (14) (98) (44) (27) (9) (91) (30) (93) (67) (79) (95) (26) (99) (10) (34) (85) (89) (63) (94) (11) (87) (58) (19) (90) (28) (78) (36) (1) (24) (86) (76) (45) (22) 
69 (43) (52) (26) (84) (80) (21) (6) (71) (77) (45) (82) (76) (46) (70) (64) (85) (79) (22) (57) (60) (17) (68) (30) (50) (28) (16) (93) (27) (19) (89) (4) (90) (9) (75) (83) (14) (78) (18) (65) (1) (35) (49) (41) (69) (40) (62) (13) (5) (23) (94) (20) (74) (42) 
70 (75) (23) (44) (88) (18) (78) (52) (67) (97) (50) (19) (32) (86) (70) (35) (98) (25) (66) (83) (7) (12) (38) (22) (30) (94) (8) (42) (17) (10) (91) (81) (93) (14) (71) (27) (90) (82) (15) (13) (26) (51) (36) (84) (96) (100) (59) (79) (63) (60) (64) (5) (24) (2) (89) 
71 (21) (53) (36) (10) (59) (11) (51) (61) (62) (55) (19) (44) (91) (45) (22) (1) (76) (68) (89) (87) (43) (40) (3) (29) (63) (94) (30) (73) (32) (12) (47) (27) (83) (98) (78) (34) (17) (88) (65) (79) (28) (74) (70) (38) (16) (5) (20) (4) (13) (100) (31) (58) (49) (66) (97) (23) (50) (85) 
72 (98) (88) (31) (85) (16) (21) (3) (11) (28) (77) (13) (100) (65) (50) (8) (64) (63) (48) (99) (52) (46) (96) (22) (2) (25) (43) (60) (81) (87) (20) (24) (45) (39) (9) (58) (84) (29) (32) (19) (17) (14) (53) (4) (73) (35) (78) (89) (23) 
73 (18) (32) (6) (16) (38) (40) (15) (54) (11) (37) (81) (77) (89) (3) (85) (50) (17) (88) (80) (35) (45) (7) (4) (51) (96) (73) (49) (87) (9) (92) (94) (68) (70) (24) (55) (62) (60) (20) (64) (98) (13) (22) (67) (2) (56) (72) (66) (93) (25) 
74 (26) (29) (83) (43) (14) (19) (2) (91) (69) (60) (86) (57) (11) (37) (38) (4) (77) (47) (5) (76) (42) (67) (54) (71) (18) (98) (7) (90) (82) (97) (100) (62) (52) (21) (95) (44) (94) (56) (73) (33) (22) (65) (85) (31) (93) (53) (13) (30) 
75 (3) (20) (70) (6) (32) (10) (71) (98) (31) (91) (43) (96) (7) (52) (40) (23) (80) (35) (28) (55) (37) (17) (46) (81) (11) (76) (2) (33) (48) (65) (62) (73) (18) (97) (90) (38) (77) (95) (74) (82) (89) (34) (24) (25) (16) (39) (58) 
76 (3) (25) (66) (24) (30) (100) (90) (52) (33) (15) (76) (75) (63) (12) (61) (45) (77) (27) (14) (8) (23) (2) (48) (4) (18) (1) (36) (87) (42) (53) (16) (26) (85) (64) (37) (96) (93) (34) (47) (28) (91) (84) (6) (97) (83) (82) 
77 (55) (65) (20) (4) (24) (51) (3) (36) (15) (54) (12) (72) (33) (64) (78) (1) (73) (85) (69) (45) (100) (80) (92) (23) (68) (87) (37) (9) (88) (32) (79) (58) (67) (52) (70) (91) (22) (53) (5) (21) (28) (63) (56) (82) (11) (38) 
78 (81) (65) (64) (54) (3) (89) (93) (85) (13) (29) (63) (5) (76) (30) (25) (56) (94) (1) (9) (88) (74) (50) (23) (96) (6) (2) (59) (57) (71) (18) (79) (83) (28) (4) (44) (45) (21) (17) (68) (84) (90) (95) (70) (40) (39) (78) (27) 
79 (16) (50) (55) (89) (31) (21) (36) (33) (65) (25) (14) (1) (47) (95) (68) (79) (3) (96) (77) (52) (93) (64) (4) (37) (88) (38) (76) (39) (41) (28) (42) (5) (91) (72) (44) (75) (18) (85) (92) (6) 
80 (35) (59) (15) (96) (54) (17) (81) (51) (82) (36) (12) (74) (44) (99) (71) (32) (90) (91) (3) (87) (29) (24) (97) (14) (58) (49) (73) (1) (62) (31) (94) (98) (21) (37) (83) (69) (67) (34) (4) (92) (27) (28) (47) (68) (86) (80) (6) (64) (76) (70) (19) 
81 (7) (52) (92) (23) (40) (18) (43) (64) (36) (55) (50) (10) (57) (67) (15) (47) (11) (66) (58) (99) (86) (12) (6) (27) (21) (62) (24) (94) (28) (83) (82) (76) (31) (19) (9) (22) (34) (79) (30) (49) (38) (68) (35) (16) (91) (14) (4) (37) (42) (84) (53) (2) (8) (65) (54) 
82 (92) (67) (48) (83) (16) (43) (89) (86) (35) (37) (23) (19) (74) (4) (44) (26) (11) (75) (9) (52) (3) (39) (12) (64) (85) (70) (14) (36) (88) (54) (34) (29) (73) (53) (46) (25) (51) (17) (61) (82) (49) (5) (81) (20) (60) (22) (93) (98) 
83 (80) (65) (10) (68) (96) (27) (7) (12) (34) (48) (52) (99) (86) (84) (76) (21) (36) (46) (35) (5) (16) (17) (72) (71) (4) (45) (91) (19) (82) (95) (44) (83) (42) (20) (57) (69) (87) (33) (14) (8) (66) (29) (38) (56) (37) (77) (93) (98) (85) 
84 (41) (48) (68) (91) (77) (83) (71) (38) (72) (86) (89) (58) (5) (11) (3) (78) (46) (12) (39) (97) (8) (7) (80) (44) (65) (95) (40) (75) (43) (76) (90) (66) (57) (55) (34) (87) (24) (94) (28) (56) (26) (62) (23) (70) (73) (36) (18) (51) 
85 (13) (83) (39) (89) (10) (81) (100) (46) (93) (69) (54) (76) (26) (70) (14) (68) (21) (64) (28) (85) (75) (23) (4) (79) (42) (73) (37) (12) (36) (48) (20) (74) (71) (25) (29) (6) (40) (22) (98) (86) (19) (2) (43) (99) (16) (5) (63) (67) (80) (62) 
86 (1) (89) (62) (23) (35) (66) (78) (88) (58) (100) (50) (19) (54) (2) (40) (65) (4) (3) (64) (37) (97) (31) (73) (79) (45) (42) (10) (20) (33) (24) (76) (81) (83) (16) (56) (86) (47) (53) (13) (25) (30) (21) (49) (14) (15) (74) (68) (18) (99) (32) (70) 
87 (6) (10) (18) (54) (74) (19) (35) (85) (34) (81) (55) (21) (33) (27) (82) (14) (22) (88) (3) (29) (76) (13) (43) (62) (67) (40) (42) (58) (63) (96) (52) (59) (80) (99) (66) (5) (38) (65) (17) (47) (77) (53) (16) (91) (44) (46) (48) (93) (83) (41) 
88 (10) (21) (83) (41) (66) (96) (74) (15) (93) (84) (50) (29) (8) (32) (94) (53) (87) (85) (97) (38) (46) (18) (59) (20) (1) (34) (98) (54) (95) (28) (35) (2) (23) (31) (64) (67) (62) (40) (37) (4) (7) (60) (39) (91) (14) (72) (79) (77) (58) (99) 
89 (91) (95) (73) (82) (19) (33) (44) (78) (18) (69) (46) (60) (97) (83) (87) (47) (53) (84) (43) (50) (65) (62) (94) (37) (99) (41) (98) (66) (45) (36) (86) (39) (81) (22) (74) (70) (56) (42) (20) (27) (28) (35) (9) (34) (64) (17) (23) (96) (49) (85) (25) (90) (15) (57) (67) (51) (93) (13) (8) (29) 
90 (73) (44) (65) (76) (45) (94) (8) (3) (91) (56) (62) (49) (84) (6) (89) (93) (36) (18) (14) (19) (33) (63) (66) (95) (1) (92) (59) (24) (16) (83) (32) (31) (100) (9) (54) (60) (48) (64) (27) (21) (71) (43) (10) (72) (81) (30) (82) (69) (37) (11) (61) (86) (77) (79) (17) (42) (5) (97) (98) (99 90) (38 2) 
91 (79) (100) (11) (49) (19) (91) (56) (40) (2) (36) (89) (13) (31) (47) (63) (57) (35) (53) (92) (55) (34) (26) (61) (86) (30) (69) (81) (80) (28) (98) (48) (4) (74) (5) (78) (6) (52) (16) (23) (68) (77) (87) (60) (90) (9) (96) (99) (72) 
92 (40) (6) (60) (47) (58) (16) (65) (29) (94) (86) (32) (44) (35) (98) (67) (89) (50) (3) (82) (87) (73) (49) (22) (14) (21) (78) (34) (8) (92) (28) (9) (38) (17) (88) (85) (59) (99) (72) (15) (62) (75) (79) (20) (66) (12) 
93 (4) (63) (98) (37) (94) (21) (15) (84) (26) (44) (83) (90) (97) (29) (11) (68) (19) (10) (99) (3) (78) (55) (1) (34) (65) (49) (25) (75) (43) (61) (91) (16) (30) (57) (73) (6) (81) (72) (93) (14) (20) (40) (95) (58) (96) (2) (69) (52) (13) 
94 (81) (80) (49) (48) (30) (15) (75) (87) (63) (72) (45) (51) (6) (86) (40) (7) (42) (100) (79) (46) (57) (67) (99) (97) (92) (62) (98) (5) (27) (44) (68) (41) (70) (18) (71) (58) (12) (84) (34) (47) (23) (3) (74) (64) (53) (1) (35) (59) (69) (85) (78) (82) 
95 (45) (49) (43) (8) (50) (87) (36) (47) (56) (21) (33) (19) (85) (39) (12) (44) (2) (52) (67) (71) (83) (30) (28) (7) (61) (96) (90) (68) (66) (6) (99) (11) (24) (72) (10) (27) (82) (17) (78) (98) (100) (77) (91) (25) (60) (80) (46) (88) (89) 
96 (79) (100) (7) (13) (66) (72) (78) (75) (98) (11) (32) (45) (1) (76) (29) (99) (50) (28) (97) (34) (43) (87) (9) (27) (55) (38) (10) (5) (46) (80) (77) (36) (86) (93) (39) (12) (82) (42) (47) (52) (2) (83) (74) (51) (40) (96) (22) (49) (89) (71) (44) (73) (24) (14) (60) (48) (15) 
97 (65) (5) (27) (40) (73) (8) (30) (82) (38) (56) (54) (68) (1) (59) (92) (87) (16) (2) (34) (91) (33) (20) (49) (95) (64) (3) (25) (51) (29) (18) (89) (81) (44) (26) (86) (98) (99) (52) (97) (100) (9) (78) (62) (47) (96) (66) (10) (77) 
98 (54) (97) (73) (16) (98) (37) (28) (75) (5) (83) (17) (62) (100) (77) (52) (47) (14) (12) (85) (44) (69) (79) (86) (63) (19) (13) (2) (45) (31) (32) (33) (20) (81) (34) (3) (56) (10) (22) (99) (39) (49) (96) (84) (66) (41) 
99 (58) (54) (11) (45) (42) (33) (5) (4) (86) (1) (82) (84) (46) (52) (39) (31) (2) (12) (59) (14) (94) (25) (37) (21) (75) (95) (56) (61) (26) (27) (20) (65) (40) (72) (76) (64) (92) (6) (55) (79) (28) (63) (62) (10) (19) (35) (70) (68) (30) 
100 (95) (56) (53) (64) (61) (33) (79) (66) (45) (44) (8) (57) (19) (90) (51) (62) (84) (46) (27) (55) (88) (47) (36) (18) (4) (48) (52) (31) (35) (32) (67) (78) (98) (74) (99) (76) (1) (89) (96) (6) (20) (22) (81) (29) (82) (80) (5) (73) (68) (37) (58) (40) (34) 
