0
100
100
1 (47 86 99 68 15 11 88 41 69 53) (45) (43) (3 6 4) (44 98) (29 49 87) (90) (72) (46) (61 64) (94) (7 36 70) (50) 
2 (14) (40) (82) (12) (7 28) (66 48) (93) (37 74 27) (84) (39 68) (89) (2 44) (21) (64 56) (9 92) (75) (42) (58) (77) (1 62) (91 55 10) (65) (38 35 22) (94) (36) (95) 
3 (57 62) (10 3 6) (53) (4 89) (63 79) (76 71) (80) (86 29) (87 28) (39) (15 58 25) (91) (59) (34 54) (21) (33) (68) (2 40) 
4 (77) (88) (94) (41) (68 54 36 44) (66) (97 8) (11) (30 85) (16) (80 58) (39) (61 70 89 23) (33) (37 14) (51) (13) (48 69) (10 1 43 38) 
5 (65) (26) (23 38) (28) (7) (46 60) (54) (39) (36) (71 93) (11) (22 66 63 30) (10) (98) (29) (86 67) (87) (27) (70 81) (5) (52) (58) 
6 (66) (77 29 45) (36 12) (5) (30) (72 38) (88) (23) (28) (20 41 15) (89) (52 3) (2 42) (59) (60) (57) (90) (54 24 56 22) (14) 
7 (8) (89 48) (15) (86) (79) (16 80 55) (17) (59) (45) (30 72 84 19 2 14 63) (65 93 7) (40) (6) (53) (32 25) (76 68) 
8 (87 32) (85 40) (22 45) (93 94 59 100) (79) (55) (2) (75) (38) (71) (52) (88) (99 95 81 28 62) (68) (1 41 30) (39 18) (83 69) (3) 
9 (20) (60) (59 73 12 51 1 50 62) (45) (76) (29) (2 25) (9) (14 23 4 48) (95) (11 86 69) (41) (30) (16 98) 
10 (100) (42) (18) (78) (3) (19) (26 83) (58 76) (49 46 34) (12 2) (60 17) (59) (92 67) (5) (65 47) (11) (69 72 75) (38) (86) (54) (79) (81) 
11 (45) (16 4) (51) (61) (57 19) (63) (7 90) (33 3) (88 28 59) (79) (85 72) (100 5) (83) (40 48) (54) (93) 
12 (83) (92 94 17 96) (65) (36) (78 19) (46) (69 13 41) (93 84) (99 26) (61 6) (87) (62) (82 67 34) (95) (63) (80) (81) 
13 (6) (85 56) (15 5 83 51) (3) (58) (48) (25 22 21) (49 79) (4) (80 42) (17 19) (8 24) (97 62 33) (94) 
14 (6 26) (14 44) (68 60) (100) (59) (89) (84 1) (25 98) (64 5 10) (34 83 73) (87 33 82) (72 40 46 63) (18) (50) (42) (81 30) (16) (91) 
15 (49) (80 65) (5) (12) (81) (84) (96) (36 1) (38 35 47) (16 57) (30) (67 25 9) (66 27 13) (71) (58) (76) (82) (60) 
16 (28 92) (69 64 83 80) (95) (2) (78) (76) (79 40 1) (70 24 52) (71) (72 51) (75 17 31) (84 85 93) (36) (25) (96) (58) (19) (48) (18) 
17 (17) (24) (4 15 16 60 98) (61) (72) (36) (31 57) (78) (79) (14 34) (18) (2 42) (48 50) (21) (84) (29) (33) 
18 (24 96) (43) (13) (11) (23) (63 25) (85) (55) (30) (44) (37 39) (16) (32 42) (66) (35 10 51) (95) (33) (31) (88) (2 68) (4) (75) (20) (29) (83 36) 
19 (27) (50) (55) (45 28 38) (49) (72 32) (3) (63) (2 22) (71) (43 57) (42 82) (14) (92 98) (90) (58 46 77) (91) (25) (67) (1 54) (80 79 69 21 81) (5) 
20 (86 10) (70) (30 73) (94) (11) (23) (14 62 21 52 56 18) (93) (37 41) (68) (13) (87) (82) (26) (51) (1 38 15) 
21 (28) (49) (85) (29) (34) (69) (68) (90) (21 10) (30) (44 81) (91) (66 24) (8) (60 59) (37 64 14) (54 41 86) (45) (1) (22) (48) (43 2) (72) (25) (26 7) (39) 
22 (64 44) (35) (60) (81) (48 8) (54 18 51) (65 70 7) (91 88) (89) (49) (21 83) (73) (90) (85 20) (9) 
23 (74 17) (57) (64 91 5 41) (68) (99 38) (76 29 30) (69 25) (13) (51 52 72 36) (77 6) (18) (92) (81) (71 61) (85) (46 90) (23) 
24 (62) (21 86) (74 42) (69 54) (4 61) (6 16) (80) (72 99) (87) (89) (66) (17 91 55 11) (90 77) (56) (57) (68 29 59 7) 
25 (54 79) (89 76 11 70 6) (24) (2) (37 74 67 81) (72) (44 36 20) (26) (7) (49) (68) (15 77 1 85) (5 4) (46) (43 48 58) (12) (90 61) 
26 (6) (98 91) (62) (37) (66) (71) (40) (36) (79) (21 67 4) (54 58) (94 83 80) (14 13 49 61) (3 26 51) (43 42) (23) (47) 
27 (17) (46 38) (44) (25) (94 9) (19 20) (74) (59 57 31) (97) (69 95 82) (90 3) (68) (4) (8) (47) (76) (100) (60 66) (80) (53) (89) (2) 
28 (85) (49 46 84) (66 21) (73) (33 3) (54) (87) (51) (52 41) (27 39) (50 42) (15) (92) (47 98) 
29 (80) (57) (71) (88 64 99) (46 59 22) (76 32 25) (2) (12) (40) (68) (38) (28) (63) (97) (85) (89 81 7 94) (17) (23) (58) (5 100 49) 
30 (71 82) (20) (59) (17) (96) (21 4 69) (47 54) (34 88 61 6) (10) (3 14) (57) (80) (1) (30) (68 32 52) (66 58) (22 79 9 8 44) (23) 
31 (77 51) (40) (75) (28) (99) (21) (10) (56 95 71 8) (67) (14) (88) (85 66) (84) (19) (100) (82 6 47) (46) (39) (2) 
32 (9) (98) (100 44) (23 42) (86 33 37) (64 48) (31) (28 26) (4 70) (63) (18) (7) (20) (41) 
33 (11) (8 20 77) (28) (33) (39) (3) (16) (57) (82 66) (47 10) (17) (52) (26 86) (58) (41) (73 34 48 67 96) (94 93) (74) (72 36) (59) 
34 (33 27 87 45) (3) (9) (43) (32) (80 61) (44 37) (85 22) (64) (18) (17) (78) (6) (55) (34 53) (49 39) (66) (58) (62) (51 90 31) (81) 
35 (7) (97 18) (9) (92) (51 29 55 28 46) (87 77) (6 57) (67) (52 43) (11) (5) (4) (48) (58) (85) (86) (12) (94) (50) (78) (35) (75) (42 79 3 54) (84 71 24) 
36 (82 77 39 58) (60) (28) (36 9 64 90) (97 45) (69) (66) (26) (47 4) (72) (62 34 73) (16) (96) (68 44 91 32) (81 94) (61) (30 7 41) 
37 (44) (93) (45) (40) (61 57 29) (39 38) (96 90) (65) (2) (16 85) (60) (59) (47 92 25) (72 70 20) (33) (30 80 88) (54) (21 13) 
38 (50 38 52 51 95 32 76) (41 74) (39) (97) (3) (93 36) (37) (60 90) (42) (70) (56) (33 40) (88) (99) (54 47 18) (69) (86) (79) (75) (8) (78) (27 12) (82) (23) 
39 (1) (10 65) (5) (61 83 42 57 23 87 50) (6) (63) (60 95) (17) (49 38) (4 67 18) (31) (98 40) (82 69) (19) (30) (20 94) (80) (64 72) (74 25) 
40 (75 61 98) (78) (54 30) (83) (36 31 23 70) (17) (77 35 2) (65) (22) (80 63) (59 28) (74) (25) 
41 (26) (76 18) (96) (68) (38) (12) (83 77 59 70) (8) (62) (75) (40) (29) (31) (20 14 57) (34 91) (36) (71 95) (5) (66) 
42 (84) (59 4 79 61 36) (91 3) (64) (70) (86) (96 58 10 12 42) (81) (93) (78 92) (50 72 82 40) (26 22) (65 27) (98 94 53) 
43 (81) (8) (35 66 3) (69) (88 65) (50) (83) (40) (33 37 13 58 64) (74 79) (45) (9) (71 98) (4 82) (51) (25) (32) (94 12) 
44 (85) (41 5) (23) (29) (64) (60 70 73) (55) (13) (68) (35 74 66 51) (40) (2 48 28) (31) (14) (95) (3) (61) (33 17 62) 
45 (5) (2 43) (11 84) (82 72) (19 36) (33) (79) (92) (15) (13) (25 52) (16 42 63) (53 86 64) (78) (23) (7 22 34 81) (66 32 85) 
46 (79) (87) (97) (23) (11) (15) (80) (85 64) (49) (31) (46 1 38) (73) (55 94 93 53 77) (6 22 86 98 13) (48) (41) 
47 (4) (58 70 22) (27 50) (34 59) (33) (16) (39) (62 75) (24) (1 99 45 11 74 84) (85) (19) (90 18 41) (94 92 36) (43) (20) (51 26 37) (89 42 46) (9) 
48 (7) (96 91 79) (25 24) (87) (81) (83) (39) (75) (32) (78) (46) (65) (89) (45 95) (92) (63) (14) (82) (33) (53) (54 49) (35) (19) (48) (31 71 55) (13 100) 
49 (84) (6) (4 56) (44 86) (94) (43 54) (24 27 88) (8) (40 22) (72 68) (83 15 79) (60 63 32) (97) (17) (14 81) (11) (64) (76 21) (65) 
50 (23) (10 13) (68 58) (8) (66) (28) (65 1 3) (24) (22) (79 16) (97 52) (27 35) (75) (98 49) (90) (32 82) (47 42) (74 94 6 69) (41) (89) 
51 (85 53) (95) (35) (89) (100) (65) (46) (80 57 4 32) (79 82 96) (2 15) (28) (43 33 71) (61) (1 34 49) (87) (48) 
52 (86 44) (31 95) (60) (83) (30) (40 47 90 22) (99 18 57) (98 71) (19) (49) (87) (67 75 82 46) (38) 
53 (70) (51 2) (13) (40 89) (83) (37) (96) (39) (32) (22 20 7) (26) (49) (77) (74) (76) (75) (99) (88) (67) (47) (93 79) (25 85 1) (33) (78 44) 
54 (84) (85 66 7) (19 9) (92) (91) (28) (47) (5 25) (58 35 67) (86 41 77) (29 52 72 64 20) (60) (99) 
55 (47) (33) (80) (37) (74) (97) (59) (1) (21) (15) (54) (87 34 8) (94) (49) (5) (30) (93) (77) (86) (82 2) (83 92) (28 95) (98 91) (58 84 46) (23 44) 
56 (21) (66) (4) (88 65) (6 78) (82 31) (64 16) (98) (3 37) (8 93 71) (90 53 44 1 23) (12 54 20) (92) (19 28) (72) 
57 (88 57) (97) (62) (48 69 75 79) (32) (17 63) (72 53 39) (5) (74) (76 35 47 7 55 21) (31) (78) (70) (58 84) (8) (50) (64) (18) (93) (1) 
58 (99) (70) (26) (58) (88) (73) (55 14 56 57 66) (83 28) (41) (8 46) (74 42) (19) (72) (80) (31) (71) (50) (77 17) 
59 (54 3) (81 26) (48) (9 32) (88 86) (11) (34 84 85 89) (82 61 71 22) (12 67 46 1) (45) (25) (65) (13) (20) (72 95) (29) (57 80) (47 30) (98) (91) 
60 (100) (79) (47) (93) (44 88) (6) (96) (70 86 92 29) (89 18 62) (22 37 35) (38 66) (99) (71 15) (31) (90) (54 58) (91) 
61 (29) (74) (40) (81) (30 50 84 80 22) (87) (99 6) (82) (85) (86) (16) (27 55) (45 46) (88 31 78) (67) (36) (52) (41 17 1 68) (69) (57) (65) (33 38 77 71) 
62 (26) (90) (46 37 86 75) (31) (9) (50) (6 96) (32 93) (49 36) (51 92 42 76 1) 
63 (47 62) (84 89 60 96) (36 86) (17) (26 61) (70 63 9) (43) (3) (82) (80 13) (87 37 66) (2) (23) (7) (72 92 78 35) (83 21 16) 
64 (1) (36 82 32 2) (55) (23) (95) (4 73 16 94) (60) (53 33 85) (65 90 42 10 86 75) (96) (38 9 57 34 18 97) 
65 (37) (87) (46) (10) (80) (4 79 27 70) (51) (40) (82) (93) (50) (36) (98 21 90) (48) (53 9) (59) (77 22) (61 19) (6) (28) (73) (2) (92) (35 29 16 39) 
66 (1) (53) (81) (26) (7 33) (80 22) (82) (62) (10) (29) (42 52) (25) (77 3) (18) (91) (59 68) (39 69 87) (28 98) (2 65) (14 49) (20) 
67 (69 56 67 76) (83 21 38) (82 8 10) (32) (61) (84) (45) (48) (12) (40 1) (49 24 95) 
68 (41) (39) (26) (74) (88) (75 31) (53) (12 27) (91) (42) (54) (40) (65) (69) (57) (49 61) (55) (72) (70 66) (60) (35) 
69 (81 4) (71) (10 2 83) (75 97) (55) (9) (95) (87 68) (48) (52) (50 20 96) (74) (1) (86) (44 90 39) (32) (59) 
70 (41 87) (96) (3) (97 17 62) (92) (55) (57 28) (21 4 50) (88 61) (93) (6 59) (54) (84 51) (11 64 71) 
71 (48) (50 5) (83) (16) (82 28) (43) (31) (38) (89) (7 53 90 6 33 3) (69) (75 13) (19) (66 87 25) (45 29) (44) (64 56) 
72 (48 83) (8) (47) (63) (73 91 40 77) (67) (64 24 46) (50) (14) (27 95) (53) (92) (61) (29) (10 56 87 2 1 82 15 12) (54 20) 
73 (54) (87) (30 71) (64) (20 12 65 14) (68 83) (81) (39 5 22) (33) (70) (99) (19) (27) (16) (15 7 92 3) (13) (21) (6) (82) (4 62) 
74 (46 56) (67 27 37) (100) (82) (92) (81) (20) (32) (22) (88) (98 78) (26) (29) (45) (35) (76) (44) (7) (85) (13 73) (4 39) 
75 (25) (99 83) (47 71 86 79 27) (56) (49 60) (65) (35) (54) (62) (51) (10 15) (11) (12 55) (30) (58 41 53) 
76 (51 84 70) (90) (34 91) (54) (100) (47) (67 42 98) (83) (32) (56 78) (53 16) (18 19) (30 97 39) (8) (24) (61) (89) (10) (76) 
77 (46) (37) (24) (20) (44 94) (65 17) (98) (32) (97 23) (30 34) (21) (47) (72) (84) (19) (57) (85 13) (86) (89) (66) (12 9) (41) (53 67) (39 45 80) 
78 (55 3 41 9 6 48) (72) (99 52) (8) (78) (70) (85) (15 22) (74) (91 2) (30) (64 33) (11) (89) (35) (98 46) (45) (49) (40 76) (53) (73 94) (56 95) 
79 (28) (84) (27) (58 13) (40) (39) (47) (35 6) (96) (80) (50) (88 15 98) (99) (42) (51) (59 79 60 2) (8) (85 1 45) (92) (24) (52) (32) (90) (38) (19) 
80 (86) (27) (56 83) (70) (80) (33) (13) (38) (63 10 50) (28 64) (1) (73 45) (7) (81) (91) (20) (35) (15 53) (3) (11) 
81 (59 63) (23) (2) (22) (56 39 97) (5 10 70 36 61) (55) (45 24) (90) (99) (43 27 87 41) (65 76 17 94) (40) 
82 (26) (38 96 83 13 2 30) (71 4) (76) (82) (56) (62) (32 85) (16) (60 77) (69 25 91) (74 24) (21 70 17) 
83 (51) (38) (37 89) (75) (83 86 67 57) (24) (44 88 20 85 6) (52) (63 9 23 73) (74) (50 59 64) (91) (29 39 76 10) (22) (42) 
84 (35) (5) (31) (43) (37) (94) (2 24) (14) (70 21 12) (48) (26) (89 55) (100 98) (91) (23) (30 97) (32) (92) (3) (67) (60) (6) (57) (9) 
85 (48) (59) (42 35) (16 15) (11) (56 73 72 2 10) (51) (6) (84 5) (55) (44) (94) (68) (19 89 22) (98 4) (12 34) (32 13) (100) (7) (31) (87 33) 
86 (90) (84 18 13) (23 27 74) (50) (70) (81 62) (77) (98 22) (71 100 40 96 21 3 38) (88 64) (33) (54) (66) (68) (34 44) (87) (24 32) 
87 (13) (66) (31) (37) (59 12) (85 62 79 14) (44) (5) (20 72 51 53) (38) (6) (8) (42) (84) (81 11 89 9) (55) (70 52 16) 
88 (84) (45) (23) (69) (57 54) (89) (88 98) (7) (70 97) (58 22 100) (56) (95) (4 32) (71 16 44) 
89 (33) (99) (9) (27) (39) (95 56) (8) (90 79) (34 35) (60) (41 13) (81 52) (61) (92 65) (47) (6) (20) (30) (59 48) (50) (7 66) (43 69) 
90 (80 50) (46) (100 6 84) (39 74) (78) (23) (38) (31) (22) (29) (3) (32) (28 66 59) (21) (87 53 19 20) (88 13 95) (79) (57) (58 86 30) 
91 (26) (98 50 81) (16) (63) (72) (82) (60) (30) (64) (86 48 24) (78) (53 96) (17) (51) (76) (97 27) (59 11 2) (70 57) (87 36 44) (14) (80) (3) (93) (79) (55 15) (49) 
92 (18) (43) (16) (79) (12 48 95 68 40 61) (29) (90) (99 81) (51) (28 13) (22) (83) (42) (46) (31 67) (23) (17) (70) (86) (9) (92) (66) (78) (3) (74 94) (75 21) 
93 (94) (86 5 2 76) (15) (12 91 62) (29) (93 34 61) (100) (35 26) (59 10 33) (50 55) (14) (45 23) (85 24) (53 58) (96) (90) (31 13 75 27) 
94 (57) (60) (86 93) (75) (41 2) (19) (43) (52 81 23) (95) (32) (29) (66) (1) (6) (31 27 38) (16) (14) (87) (64 51) 
95 (38) (51 97) (46 89 10 40) (82) (41) (60) (4) (17) (69) (16) (95 75) (14 54) (57 71) (64 49 13 53) (43) (66) 
96 (83) (64 57) (98) (17 100) (63 84) (23 32) (27) (87) (22 8) (68 35 73) (18 29) (14 96) (59 46) (91 50) (41) (19) (89 28) 
97 (57) (8) (49) (3 52 98) (28) (69) (91 40) (46) (34) (38) (59 84) (39) (6) (10) (85 35) (5 1) (36) (77) (24) 
98 (78) (97 27) (88 61 94) (99) (55 16) (46) (62 42) (84) (58 63 57 30 60) (49) (96) (8 36 41) (3 40) (75 52) (67) (12) (79) 
99 (74 52 39) (21) (62 59 50) (66 93 6) (61) (20) (72 68) (45) (33 44) (29 10 15 23) (18) (54) (96) (26) (3) (7) (76) (86 85) (30) 
100 (99) (18 76) (34) (40) (79) (70) (37) (36 48 13) (15) (88 54) (19) (49 64) (4) (73) (33 26) (62) (42) (56 69 1) (8) (52 22) 
1 (4) (21) (55) (2) (9) (62) (46) (94) (64) (59) (8) (61) (100) (79) (53) (16) (97) (20) (39) (47) (30) (67) (25 72) (66) (15 14) (56) (50 69 19 51) (80) (57) 
2 (55) (25) (37) (19) (94) (53) (31) (9) (69) (29) (10) (65) (93) (16) (84) (82) (72) (66) (3) (2) (85) (51) (63) (17) (45) (91) (81) (27) (78) (6 7 79) (44 18) (40) (8) (21) (64) 
3 (56) (27) (78) (80) (92) (3) (10) (38) (97) (70) (34) (73) (1) (91) (33) (98) (99) (43) (86) (90) (28) (44) (13) (6) (30) (42) (35) (63) (71) (11) (66) (50) (59) (8) (84) (26 19) 
4 (49) (3) (18) (35) (43) (26) (24) (74) (36) (39) (85) (9) (1) (11) (73) (70) (27) (95) (17) (51) (56) (69) (32) (65) (47) (100) (25) (13) (88) (64) (82) (30) (42) 
5 (39) (85) (93) (13) (35) (14) (15) (57) (45) (55) (5) (84) (19) (44) (25) (71) (11) (54) (23) (6) (41) (81) (97) (10) (29) (73) (87) 
6 (61) (70) (39) (3) (35) (62) (60) (25) (79) (46) (50) (90) (65) (89) (56) (7) (24) (12) (73) (87) (26) (49) (99) (31) (83) (94) (85) (13) (14) (34) (84) (30) (97) (23) (78) (71) (1) 
7 (54) (71) (45) (74) (5) (22) (88) (85) (2) (24) (80) (1) (7) (99) (21) (25) (73) (36) (63) (35) (32) (53) (89) (11) (66) (57) (29) (48) 
8 (98) (76) (27) (30) (50) (38) (67) (55) (79) (4) (97) (96) (49) (72) (22) (89) (21) (31) (56) (33) (7) (78) (87) (100) (58) (41) (43) (13) (57) 
9 (54) (9) (47) (22) (63) (59) (62) (89) (32) (87) (43) (15) (2) (27) (64) (65) (69) (92) (34) (78) (84) (83) (30) (77) (35) (36) 
10 (39) (99) (3) (67) (18) (72) (95) (2) (66) (21) (4) (69) (75) (33) (65) (42) (30) (93) (81) (97) (14) (76) (5) (80) (31) (50) (85) (20) (64) (83) 
11 (47) (25) (35) (1) (85) (46) (91) (75) (49) (80) (20) (5) (9) (33) (18) (59) (78) (70) (87) (10) (45) (4) (24) 
12 (29) (85) (42) (93) (25) (38) (9) (67) (87) (56) (98) (73) (2) (6) (77) (92) (35) (72) (75) (43) (59) (84) (10) (68) (15) (41) 
13 (26) (80) (53) (37) (93) (71) (4) (77) (63) (12) (90) (44) (43) (59) (92) (74) (45) (46) (73) (86) (100) (15) (85) (50) (95) (82) (18) (79) (48) (20) (89) (87) (23) 
14 (93) (17) (84) (2) (95) (19) (48) (20) (94) (41) (4) (7) (26) (96) (31) (30) (6) (58) (87) (44) (49) (21) (72) (14) (66) (73) (91) (9) 
15 (28) (80) (100) (17) (6) (25) (20) (13) (79) (51) (55) (78) (46) (93) (75) (99) (73) (49) (72) (91) (85) (3) (45) (60) (7) (1) 
16 (45) (9) (61) (50) (37) (88) (85) (4) (18) (56) (76) (92) (94) (7) (65) (87) (14) (98) (73) (36) (33) (47) (17) (15) (24) (91) (11) (64) (95) (82) (71) (63) 
17 (34) (27) (12) (33) (49) (92) (95) (96) (57) (39) (58) (10) (16) (30) (70) (63) (44) (81) (82) (13) (77) (7) (24) (17) (91) (61) (29) (40) (23) 
18 (22) (38) (92) (100) (32) (16) (23) (34) (35) (41) (76) (8) (99) (60) (52) (64) (57) (14) (66) (10) (20) (17) (86) (96) (39) (47) 
19 (96) (76) (77) (54) (13) (85) (12) (100) (90) (27) (11) (16) (39) (94) (56) (58) (73) (79) (65) (48) (10) (31) (71) (7) (52) (47) (45) 
20 (74) (66) (27) (47) (87) (77) (72) (59) (41) (83) (22) (32) (69) (90) (56) (53) (6) (33) (30) (9) (99) (54) (89) (80) (73) (39) (18) (37) (25) 
21 (49) (28) (57) (13) (90) (21) (73) (70) (26) (3) (77) (86) (37) (67) (2) (20) (19) (30) (31) (56) (84) (99) (55) (65) (92) (22) (63) (82) (17) (24) 
22 (78) (66) (83) (42) (96) (60) (59) (19) (8) (6) (88) (74) (52) (92) (40) (45) (100) (65) (29) (81) (2) (30) (90) (50) (73) (21) (5) (53) (46) (13) (47) (86) (85) (34) (49) (61) 
23 (94) (29) (84) (45) (86) (30) (26) (92) (81) (50) (46) (93) (64) (38) (55) (5) (99) (77) (9) (90) (83) (40) (96) (4) (44) (39) (32) (23) (88) (6) (56) (18) (63) (20) 
24 (50) (81) (91) (82) (76) (47) (13) (17) (21) (35) (77) (25) (18) (49) (79) (83) (93) (97) (84) (86) (48) (16) (6) (72) (67) 
25 (45) (37) (3) (71) (54) (43) (29) (75) (39) (13) (7) (82) (14) (21) (16) (23) (59) (15) (19) (27) (18) (48) (66) (53) (40) (9) 
26 (12) (99) (100) (84) (91) (42) (32) (66) (58) (68) (63) (20) (10) (41) (25) (33) (21) (74) (62) (59) (26) (53) (5) (14) (36) (82) (93) (47) 
27 (81) (2) (19) (93) (15) (80) (38) (96) (28) (94) (98) (86) (73) (34) (49) (61) (79) (72) (42) (91) (50) (68) (65) (89) (74) (5) (75) (47) 
28 (19) (65) (32) (96) (71) (90) (33) (70) (92) (44) (66) (29) (54) (40) (31) (35) (79) (50) (97) (8) (36) (16) (11) (6) (21) (5) (55) (2) (51) (80) (58) (3) (56) 
29 (93) (5) (41) (94) (18) (21) (35) (6) (65) (96) (92) (74) (17) (72) (37) (99) (61) (83) (90) (54) (9) (59) (3) (60) (24) (1) (23) (44) (66) (71) 
30 (18) (78) (36) (37) (55) (90) (91) (75) (99) (59) (9) (76) (77) (98) (21) (5) (7) (15) (73) (82) (20) (23) (8) (52) (30) (39) (61) (14) (6) (84) (40) (4) (89) 
31 (92) (27) (17) (34) (68) (48) (57) (46) (87) (62) (18) (85) (41) (16) (71) (93) (44) (94) (61) (40) (52) (39) (56) (32) (90) (84) (58) (60) 
32 (64) (76) (74) (59) (94) (77) (43) (50) (45) (96) (49) (30) (8) (88) (79) (51) (82) (85) (84) (53) (38) (90) (69) (86) (36) (62) (34) (29) (67) (18) (19) (57) (48) (7) 
33 (32) (47) (48) (99) (93) (45) (100) (28) (86) (17) (51) (11) (61) (14) (73) (4) (80) (43) (55) (33) (18) (89) (34) (78) (71) (85) (66) (64) (13) (3) (53) (44) (37) (38) 
34 (59) (21) (76) (30) (41) (100) (86) (77) (10) (55) (34) (12) (33) (47) (45) (14) (64) (97) (36) (3) (51) (93) (17) (85) (89) 
35 (51) (15) (84) (40) (50) (93) (85) (22) (48) (18) (44) (43) (65) (78) (35) (60) (89) (57) (68) (74) (75) (79) (54) (96) (80) (2) (97) (63) 
36 (40) (47) (100) (41) (38) (25) (42) (63) (16) (61) (1) (17) (6) (18) (33) (91) (98) (15) (2) (97) (45) (26) (64) (23) (4) (81) (65) (12) (36) (62) (5) 
37 (18) (21) (87) (55) (26) (74) (20) (65) (63) (83) (2) (84) (47) (53) (38) (62) (60) (77) (4) (43) (100) (34) (25) (56) (32) 
38 (5) (2) (87) (90) (67) (19) (20) (27) (95) (8) (97) (46) (79) (29) (94) (39) (71) (41) (83) (82) (10) (64) (37) (38) (61) (23) (15) (80) (60) (6) (52) (4) (86) 
39 (18) (38) (68) (73) (79) (81) (99) (28) (34) (77) (5) (57) (83) (97) (47) (2) (33) (53) (65) (37) (74) (36) (90) (8) (69) (66) (21) (76) (31) (4) (48) (89) (3) 
40 (98) (16) (92) (3) (65) (52) (97) (49) (81) (61) (39) (42) (43) (11) (95) (79) (37) (44) (14) (7) (26) (38) (53) (29) (67) (31) (68) (8) (86) (2) (41) (72) (78) (100) 
41 (54) (1) (70) (21) (95) (38) (68) (46) (28) (36) (12) (50) (44) (9) (33) (77) (75) (20) (6) (61) (4) (23) (32) (47) (58) (98) (8) (96) (81) (78) (94) (89) 
42 (18) (98) (87) (38) (32) (2) (64) (50) (66) (24) (10) (26) (62) (13) (76) (47) (85) (83) (58) (45) (79) (68) (100) (28) (6) (17) (39) (42) (14) (92) (35) (19) 
43 (81) (18) (19) (71) (21) (95) (84) (51) (4) (49) (26) (1) (45) (63) (35) (47) (89) (34) (92) (25) (94) 
44 (74) (22) (85) (83) (99) (2) (71) (36) (87) (86) (34) (14) (25) (56) (1) (55) (91) (27) (18) (60) (53) (88) (32) (69) (77) (37) (52) (30) (4) (49) (21) 
45 (59) (11) (79) (78) (34) (74) (21) (80) (43) (7) (37) (36) (88) (6) (71) (93) (99) (67) (81) (1) (61) (8) (9) (77) (48) (47) (19) 
46 (19) (92) (27) (28) (52) (95) (61) (23) (25) (5) (74) (55) (65) (51) (98) (35) (47) (12) (77) (59) (48) (96) (62) (14) (78) (58) (72) (97) (10) (31) (90) (46) (1) (29) 
47 (60) (28) (33) (37) (31) (15) (38) (59) (50) (1) (30) (36) (77) (57) (76) (27) (26) (54) (75) (10) (79) (55) (89) (72) (52) (63) (53) 
48 (85) (13) (25) (46) (32) (69) (4) (65) (35) (67) (51) (9) (92) (91) (57) (48) (72) (21) (2) (59) (17) (71) (33) (78) (16) (44) (84) (11) (7) (89) (22) (100) 
49 (52) (25) (21) (13) (67) (1) (53) (68) (55) (98) (78) (50) (100) (46) (91) (26) (97) (22) (34) (62) (48) (28) (66) (75) (19) (95) (10) (39) (29) (15) (51) 
50 (96) (43) (28) (35) (90) (83) (61) (19) (14) (42) (58) (72) (17) (1) (80) (38) (57) (69) (99) (93) (79) (70) (65) (86) (91) (9) (89) (62) (47) (39) (71) 
51 (38) (23) (92) (75) (65) (18) (22) (70) (83) (20) (9) (53) (95) (31) (79) (26) (16) (28) (85) (94) (11) (91) (13) (47) (87) (76) (34) (4) (35) (44) (62) (43) 
52 (50) (99) (83) (69) (87) (79) (94) (78) (97) (23) (66) (30) (28) (100) (5) (89) (35) (16) (54) (8) (6) (20) (45) (98) (38) (33) (61) 
53 (77) (7) (48) (91) (80) (45) (72) (87) (90) (57) (65) (56) (1) (64) (76) (95) (46) (71) (34) (68) (42) (93) (27) (75) (51) (3) (66) (78) 
54 (5) (56) (72) (100) (37) (59) (11) (10) (25) (70) (4) (68) (6) (26) (48) (99) (49) (95) (55) (40) (30) (38) (19) (24) (22) (28) (76) (21) (86) (75) (60) (73) (3) (35) (88) 
55 (7) (91) (84) (85) (64) (24) (57) (68) (98) (93) (87) (2) (19) (35) (58) (70) (34) (75) (44) (18) (46) (78) (69) (48) (61) (8) (81) 
56 (89) (6) (72) (71) (2) (24) (74) (75) (88) (76) (20) (31) (85) (78) (82) (81) (67) (49) (58) (100) (13) (80) (38) 
57 (70) (96) (17) (83) (90) (58) (64) (3) (59) (68) (41) (19) (91) (30) (52) (24) (57) (61) (37) (27) (39) (11) (88) (35) (23) (33) (51) (77) (94) (29) (97) (98) (95) (6) (84) (15) 
58 (33) (16) (88) (19) (43) (29) (2) (3) (15) (5) (42) (10) (79) (47) (58) (57) (60) (30) (25) (26) (35) (34) (55) (90) (13) (98) (54) (75) (50) (36) (93) (4) 
59 (42) (3) (55) (30) (66) (7) (85) (21) (81) (9) (97) (87) (47) (93) (10) (24) (79) (40) (70) (37) (91) (27) (83) (33) (29) (41) (99) (90) (89) (96) (8) (69) (14) (11) (65) (6) 
60 (49) (82) (6) (36) (21) (79) (37) (10) (52) (64) (44) (68) (89) (14) (22) (15) (54) (5) (75) (94) (38) (27) (17) (91) (9) (84) (63) (95) (39) (98) 
61 (92) (42) (36) (25) (89) (59) (40) (23) (68) (1) (93) (11) (37) (72) (76) (17) (67) (70) (98) (99) (81) (30) (24) (51) (26) (63) (12) (39) (34) (4) (65) (44) 
62 (93) (12) (13) (66) (9) (73) (98) (36) (47) (41) (70) (57) (63) (26) (75) (3) (100) (60) (87) (34) (24) (99) (82) (2) (8) (20) (86) (44) 
63 (80) (5) (19) (3) (57) (96) (83) (48) (98) (32) (11) (18) (12) (63) (29) (7) (14) (45) (72) (91) (81) (39) (40) (49) 
64 (73) (1) (16) (44) (22) (21) (45) (91) (29) (39) (70) (32) (71) (95) (57) (86) (100) (42) (94) (49) (78) (83) (23) (56) (2) (34) (72) (96) (46) (80) (14) (43) (54) (36) 
65 (22) (50) (12) (48) (59) (42) (89) (64) (43) (10) (77) (15) (51) (56) (39) (2) (7) (66) (61) (68) (5) (37) (49) (73) (40) (81) (75) 
66 (15) (63) (44) (6) (50) (41) (71) (87) (45) (92) (24) (43) (90) (86) (95) (77) (28) (31) (36) (21) (58) (34) (26) (68) (33) (4) (5) (94) (30) (54) (27) (60) (99) (2) (18) (56) (89) 
67 (10) (31) (35) (74) (19) (76) (67) (52) (12) (84) (5) (92) (25) (33) (61) (72) (53) (59) (77) (98) (26) (15) (83) (54) (39) 
68 (18) (85) (8) (2) (50) (21) (73) (30) (24) (27) (49) (14) (29) (99) (3) (1) (4) (20) (61) (86) (25) (23) (41) (44) (7) (36) (96) (92) (69) (66) 
69 (10) (43) (66) (23) (38) (27) (8) (61) (21) (88) (19) (50) (67) (9) (39) (36) (100) (71) (1) (95) (24) (4) (12) (82) (97) (16) (89) (57) (30) (68) 
70 (65) (20) (32) (42) (4) (92) (73) (81) (25) (37) (57) (58) (22) (88) (87) (78) (38) (82) (63) (68) (47) (40) (16) (91) (76) (44) (53) (1) (86) (100) (80) (60) (41) (5) (84) 
71 (35) (19) (82) (43) (73) (60) (48) (16) (23) (75) (70) (26) (59) (56) (52) (86) (95) (15) (69) (30) (3) (58) (31) (88) (29) (41) (5) (8) (61) (51) 
72 (19) (59) (36) (37) (17) (14) (54) (23) (85) (39) (68) (21) (77) (87) (78) (16) (58) (45) (63) (99) (1) (7) (6) (42) (24) (11) (56) (10) (49) (57) (25) (91) (33) 
73 (36) (22) (14) (80) (28) (20) (58) (85) (65) (44) (78) (74) (33) (83) (9) (64) (100) (72) (46) (96) 
74 (27) (55) (83) (99) (33) (68) (38) (53) (23) (24) (43) (2) (58) (39) (92) (40) (69) (44) (82) (61) (25) (50) (57) (47) (86) (78) (90) 
75 (38) (48) (41) (93) (16) (31) (94) (57) (71) (2) (68) (95) (69) (83) (52) (92) (18) (98) (50) (64) (8) (47) (10) (53) (40) (35) (62) 
76 (38) (27) (76) (41) (16) (25) (83) (78) (99) (3) (82) (9) (91) (62) (7) (81) (67) (15) (23) (10) (100) (53) (74) (93) (29) (57) (49) 
77 (24) (33) (4) (36) (65) (55) (25) (2) (72) (41) (61) (82) (31) (53) (46) (23) (86) (58) (97) (66) (40) (6) (19) (35) (54) 
78 (91) (17) (38) (45) (35) (61) (53) (98) (78) (10) (40) (74) (42) (63) (34) (48) (92) (16) (90) (56) (76) (57) (12) 
79 (90) (10) (16) (35) (51) (17) (50) (30) (42) (98) (26) (46) (48) (38) (89) (60) (57) (49) (53) (45) (75) (3) (25) (79) (100) (13) (43) (7) (92) (8) (87) (19) (65) (11) (91) 
80 (66) (15) (55) (24) (46) (27) (65) (59) (63) (26) (4) (77) (51) (13) (79) (3) (30) (7) (61) (19) (29) (12) (37) (90) (58) (16) (91) (34) (80) (40) (39) 
81 (87) (34) (8) (92) (80) (15) (25) (73) (36) (74) (22) (61) (19) (59) (21) (12) (89) (94) (86) (43) (48) (10) (49) (5) (45) (91) (29) (42) (69) (23) (66) (14) 
82 (42) (91) (71) (72) (66) (36) (48) (73) (74) (15) (14) (30) (95) (51) (67) (19) (52) (43) (82) (33) (65) (55) (56) (64) (45) (38) (50) (12) (31) (2) (20) (59) (61) (27) (63) (39) 
83 (73) (67) (48) (14) (71) (52) (75) (8) (11) (72) (10) (43) (39) (69) (96) (92) (63) (58) (18) (83) (49) (16) (12) (82) (13) (53) (26) (41) (76) (55) (80) (40) (22) 
84 (59) (87) (96) (77) (17) (98) (14) (42) (97) (35) (70) (88) (12) (61) (49) (55) (31) (45) (16) (76) (63) (15) (7) (67) (47) (90) (28) (2) (85) (54) (86) (57) (79) 
85 (35) (53) (61) (16) (64) (13) (28) (44) (74) (78) (11) (97) (29) (8) (18) (51) (22) (21) (34) (54) (4) (23) (47) (31) (99) (83) (25) (46) (45) (87) (82) (77) (79) (93) (59) (37) 
86 (61) (3) (1) (45) (38) (92) (55) (90) (24) (99) (59) (7) (75) (35) (20) (42) (63) (33) (32) (62) (77) (91) (64) (52) (10) (46) (93) (69) (83) (60) (9) (54) (5) (80) (49) (94) (21) 
87 (65) (39) (28) (91) (35) (3) (90) (96) (66) (63) (34) (71) (20) (73) (24) (14) (94) (46) (61) (85) (52) (8) (69) (12) (86) (5) (81) (51) (55) (70) (48) (1) (72) 
88 (88) (68) (57) (37) (22) (70) (79) (61) (58) (11) (18) (31) (49) (90) (74) (83) (4) (43) (6) (100) (98) (53) (1) (29) (30) (60) (38) (59) (56) (8) (86) 
89 (3) (77) (14) (78) (88) (60) (50) (6) (47) (4) (71) (24) (48) (2) (84) (29) (95) (7) (76) (83) (63) (53) (22) (25) (51) (59) (96) (27) (87) (85) 
90 (71) (69) (11) (60) (22) (86) (1) (79) (93) (19) (52) (23) (36) (25) (6) (21) (38) (34) (76) (56) (81) (64) (89) (50) (62) (92) (24) (37) (47) (65) (27) 
91 (3) (24) (26) (68) (66) (82) (72) (97) (59) (23) (55) (2) (80) (60) (48) (78) (83) (42) (96) (41) (22) (54) (19) (36) (93) (14) (76) (84) (21) 
92 (19) (55) (92) (42) (79) (74) (54) (56) (48) (60) (35) (73) (16) (89) (28) (23) (2) (63) (72) (37) (10) (84) (12) (47) (45) (65) (70) (62) 
93 (62) (33) (12) (65) (94) (93) (91) (37) (56) (8) (5) (55) (42) (70) (99) (57) (7) (38) (60) (20) (2) (46) (53) (16) (11) 
94 (81) (20) (8) (85) (39) (36) (50) (98) (93) (77) (78) (26) (35) (1) (49) (4) (13) (12) (55) (46) (2) (27) (43) (64) (92) (29) (42) (84) (33) (47) 
95 (59) (41) (8) (94) (90) (72) (67) (12) (44) (16) (95) (55) (88) (51) (27) (31) (38) (52) (18) (64) (48) (92) (69) (89) (2) (39) (78) (9) 
96 (30) (48) (62) (42) (86) (16) (18) (60) (15) (36) (12) (53) (33) (41) (96) (63) (64) (79) (99) (93) (98) (82) (70) (51) (37) (69) (91) 
97 (98) (84) (13) (50) (35) (81) (38) (64) (49) (29) (95) (4) (70) (46) (55) (88) (57) (27) (36) (91) (69) (76) (77) 
98 (5) (55) (14) (88) (32) (96) (66) (78) (19) (43) (42) (1) (86) (74) (50) (65) (9) (59) (84) (40) (91) (46) (28) (79) (97) (77) (85) (39) (56) (17) (76) (52) (26) 
99 (53) (38) (58) (92) (78) (54) (79) (100) (98) (23) (24) (47) (60) (29) (81) (75) (61) (8) (31) (73) (89) (12) (1) (52) 
100 (51) (86) (60) (90) (84) (93) (76) (31) (88) (48) (85) (11) (27) (96) (29) (10) (32) (14) (8) (74) 
