0
100
100
1 (42 75) (20) (34) (7) (74) (84 71) (96) (5) (80) (35) (2) (33) (4) (67) (47) (100) (50) (62) (79) (72) (14) (69) (83) (13) (59) (45) (21) (91) (39) (36) (8) (94) (32) (28 9) (60) (30) (63) (93) (76 40) (85) (99 37) (15) (11) (49) (68) (46) (6 55) (73) (26) 
2 (75) (65) (8) (44) (45) (78 54 3) (55) (32) (11) (58 63 71) (38) (41) (64) (39 76) (50) (83 14) (89) (26) (16) (48 57) (4) (27) (31) (92) (30) (37 79) (52) (66) (49) (73 25) (1) (99) (23) (33) (10) (61) (2) (82) (96) (84 28) (34) (70) (74) (88) (43) (100) (80) (91) (68) (86 9) (62) (67) (17) 
3 (25) (6) (76) (67) (4) (3) (10) (28) (99 29) (47) (100) (74) (59) (62) (35) (37) (15) (77) (7) (26) (16) (48) (72) (98) (65) (1) (92) (22) (87 60) (38) (69) (49) (45) (12) (68) (9) (5) (27) (83) (91 14) (42) (66 30) (56) (11) (8) (78) (58) (80) (36) (85) (82) (46) (2) 
4 (32) (10) (16) (28) (91) (7) (36) (12) (99) (22) (21) (56) (17) (25) (78) (39) (80) (1) (100) (37) (34) (55) (45) (23) (42) (24) (66) (5) (85 71) (20) (90) (31) (84) (19) (94) (54 50) (15) (89) (46) (65 58) (77) (30) (61 53) (72) (62) (11) (64) (26) (3) (67 18) 
5 (55) (54) (16 42) (65) (32 66) (35) (31) (33) (98) (86 1) (49) (78) (21) (75) (2) (17) (100) (41) (62) (69) (64) (27) (84) (63) (89) (38) (3) (4 70) (24) (81) (74) (47) (91) (76) (30) (18) (92) (7) (61) (80) (29) (25) (58) (39) (48) (72) (79) (50) (37) (88 60) (6) (13) (59) (51) (90) (68) (93) (99) (82) 
6 (84) (8) (74 69) (68) (43) (76) (23) (2) (51) (100) (11) (20) (9) (21) (97) (24) (75) (61) (88) (50) (36) (31) (71) (44) (38) (37) (53) (39) (93) (10) (25) (80) (48) (3) (59) (67) (94) (47) (4) (26) (92) (77) (85) (73 30) (15) (78) (70) (96) (33) (27) (49) (83) (35) (41) (62) (89) (91) (98 87) (57) (42) 
7 (18 37) (36) (93) (14) (33) (28) (68) (81) (84) (55) (47) (35) (57 58) (96 6 15) (97) (66) (59) (67) (90) (49) (76) (85) (41) (10) (32) (63) (94 80) (30) (99) (91) (77) (17 52) (78) (88) (25) (2) (62) (72 9) (45) (1) (100) (83) (4) (86) (53) (7) (71) (46) (34) (50) (79) (13) 
8 (84) (6) (34) (29) (15) (28) (73) (23) (17) (10) (71) (57) (45) (14) (46) (11) (52) (16) (26) (88) (79) (58) (36) (32) (53) (81) (41) (74) (20) (4) (33) (98) (5) (31) (64) (83) (55) (48) (8) (13) (51) (100) (96) (93) (22 77 66) (94) (30) (90) 
9 (24) (38) (12) (79 42) (74) (29 30) (85) (43 3) (78) (84) (88) (73) (39) (72) (6) (87) (44) (27) (96) (20) (40) (58) (21) (15) (47) (97) (50) (41) (71) (89) (81) (5 93 65) (10 70) (35) (2) (68) (60) (4) (48) (7) (18) (57) (31 75) (11) (69) 
10 (55) (5) (3) (80) (1) (44) (81) (98) (8) (94) (22) (41) (9) (67) (32) (65 61) (84) (86) (38) (47) (2) (59) (19) (66) (68) (63 85) (29) (91) (23) (83) (88) (75) (60) (71) (70) (14) (12) (30) (100) (42) (76) (73) (93) (46) (15) (28) (95) (48) (7) (62 10) (21) (57) (6) (31) (54) (90) (58) (50) (33) (36) 
11 (23) (96) (99) (2) (25) (85 30 88) (18) (28 6) (81) (62) (70) (57) (43) (87) (7) (50) (48) (3) (15) (82) (76) (69) (11) (1) (60) (73) (98) (92) (65) (31) (51) (5) (63) (93) (94) (74) (90) (4) (41) (49) (34) (77) (24) (33) (52) (71) (10) (89) (21) (79) (64) (35) (40 12) (97) (14) (16) (26) (67) (66) (72) 
12 (7 77) (34) (46) (83) (86) (22) (67) (78) (47) (15) (26) (95) (37) (20) (12) (70) (18) (10) (73) (87) (40) (32) (28 41) (71) (76) (11) (97) (2) (21) (38) (50) (5) (65) (4) (39) (16 72) (60) (49) (68) (31 23) (94) (14) (74) (99) (43) (35) (27) (13) (25) (8) (69) (59) (84) (30) (56) (92) (64) (58) (75) (62) 
13 (70) (29 61) (98) (71) (75) (25) (19) (12) (40) (100) (56) (21) (44) (41) (16) (32) (62) (11) (78) (45) (4) (42) (1) (85) (2 23) (95) (84) (94 17) (73) (35) (83) (47) (39) (52) (27) (38) (46) (13) (34) (68) (36) (58) (92) (20) (77) (30) (8 53) (81) (72) (89 91) (99) (14 90) (80) (87) 
14 (24) (6) (61) (32) (17) (52) (18) (44) (55) (11) (47) (31) (96) (57) (23) (72) (92) (86) (25) (13) (38) (30) (43) (97) (84) (49) (21) (100) (87) (2) (90) (91) (7) (51) (79) (95) (41 69) (93) (80) (14) (19) (67) (35) (26) (37) (50) (99) (65) 
15 (88) (75) (93) (10) (47 78 68) (72) (11) (83) (89) (82) (21) (56) (61) (91) (53) (98) (70) (86) (69) (57) (35) (67) (100) (55) (18) (77) (74) (40) (65 48) (22 46) (76) (37) (71) (73) (29) (5) (1) (34) (41) (44) (79) (15) (49) (58) (20 3) (9) (66) (19) (28) (39) (50) (16) (95) (12 80) (6) (54) (17) (87) (90) (24) 
16 (78) (48) (93 75) (11 77) (10) (84) (31) (59) (32) (27) (87) (9) (54) (51) (37) (85) (79) (67) (98) (49) (38) (33 81) (69) (70) (60) (86) (39) (29) (15) (91) (44) (14) (6) (2) (89) (72) (41) (55) (68) (52) (97) (63) (43) (90) (45) (21) (65) (58) (47) (1) (66 53 56) (62) (19) (26) (35) (96) (100) (82) (25) (5) 
17 (53) (79 36) (96 80) (74) (46) (4) (5) (89) (83) (32) (43) (50) (3) (38) (33) (8) (61 66) (51) (16) (13) (26) (1) (72) (24) (92) (87) (62) (21) (84) (40) (100) (60) (23) (63) (41) (97) (28) (78) (42) (2) (88) (22) (35) (91) (18) (54) (29 73) (59 65) (52) (67) (10 47) (57) (95) 
18 (98) (68 21 7) (45) (25) (31) (33) (43) (83 75) (9) (66) (29) (42) (59) (71) (86) (46) (50) (23 22) (34) (74) (69) (99) (78) (37) (87) (72) (73) (10) (5) (19) (36) (17) (56) (20) (35) (64) (52) (94) (12) (3) (88) (67) (79) (16) (26 89) (2) (49) (100) (60) (53) (27) (44) (11) (92) (8) (1) (39 18) 
19 (69) (90) (47) (20) (23) (80) (79) (29) (39) (10) (98) (53) (14) (25) (71) (75) (87) (97) (35) (40 52) (48) (1) (18) (61) (54) (4) (55) (89) (46 21) (76) (59) (83) (6) (24 7) (92) (27) (15) (94) (41) (99) (26) (85) (38) (5) (30) (74) (67) (9) (17 32 45 8) (63) 
20 (55) (12) (51) (3 64) (80) (91) (34) (25) (39 59) (49) (99) (81) (62) (48) (94) (58) (93 79) (42) (37) (1) (16) (45) (88) (19 2) (5) (21) (54) (97 26) (6) (36) (29) (96) (53) (75) (20) (73) (4) (86) (68) (41 77) (56) (10) (47) (17) (52) (76) (38 70) (87) (40) (15) (27) (30) 
21 (31) (9) (83) (72) (68 92) (43) (20) (88) (54) (97) (30) (76) (99) (10) (8) (26) (22) (41) (35) (28) (94) (93) (86) (47) (6) (33) (77) (17) (90) (3) (57) (89) (59) (85) (95) (70) (38) (14) (39) (81) (23) (42 13) (15) (74) (21) (69 12) (91) (7) (16) (44) (49) (45 51) (71) (5) (48) 
22 (15) (84) (83) (71) (60) (91) (29) (44) (98) (36) (62) (49) (39) (97) (80) (75) (73) (23) (30) (77) (95) (48) (92) (14) (25) (26) (43) (52) (61) (85) (67) (66) (55) (4) (16) (20) (19) (5) (8) (32) (28) (12) (50 76) (1) (53) (72) (82) (70) (64) (7) (69) (81) (37) (41) (24) (47) (74) (54) (94) (27) (34) 
23 (15) (100) (4) (73) (45) (28) (82 34) (90) (89) (56 75) (85) (55) (61) (21) (17) (24) (62) (98) (8) (63 42) (53) (23) (30) (2) (27) (6) (92) (32) (13) (66) (18) (94) (40) (10) (19) (91) (26) (64) (54) (83) (33) (86) (80) (95) (68) (49) (3) (25) (58) (72) (44 52) 
24 (30) (53) (24) (59) (3) (14) (60) (93) (73) (80) (91) (19) (64) (8) (69) (77 49) (55) (13 68 88) (92) (36) (63) (10) (25) (48) (2) (78) (71) (16) (29) (47) (41) (45) (50) (94) (31) (81) (84) (9) (70) (87) (43) (28) (100) (33) (38) (76) (95) (39) 
25 (30) (41) (45 6) (18 52) (65) (75 28) (71) (88) (1) (95) (81) (37) (51) (42 48) (66) (39) (55) (36) (3) (62) (68) (38) (2) (12 79) (90) (49) (100) (77) (5) (32) (58) (34) (69) (35) (89) (92) (97) (25) (84) (99) (46) (70) (67) (21) (43) (73) (57) (94) (24) (87) (10 27) 
26 (67) (63) (58) (87) (56) (60) (59) (15) (18) (61) (3) (43) (29) (98) (14) (6) (89) (97) (82) (24) (94) (11 55 75) (23 26) (16) (51) (57) (70) (47) (12) (64) (36) (37) (50) (13) (91) (54) (10) (41) (83) (35) (8) (39 42) (78) (2) (32) (71 28 19) (1) (46) (53) (9) (7) (62 76) (21) (92) (90 73) 
27 (67) (55) (34) (22) (60) (95) (44) (73) (68) (82) (4) (71) (36) (57) (59) (72) (39) (97) (99) (91) (65) (18) (9) (69) (86) (46) (75) (7) (1 17) (49) (78) (64) (84 24) (2) (16) (54) (81) (66) (25) (21) (35) (79) (40) (41) (6) (29) (98) (42 51) (38) (74) (11) (96) (70) (5) (90 100) (83) (63) (52) (32) (27) 
28 (1) (45) (69) (40) (100) (99) (48) (23) (75) (18) (17) (7) (24) (93 72) (95) (58) (32) (94) (82) (96) (6) (12) (57 41) (91) (15) (5) (13) (30 25) (77) (71) (74) (27) (46) (51) (11) (83) (81) (39) (16) (64 63) (73) (55) (80) (60 62) (84) (54) (2 67) (38) (87) (29) (9) (36) (33) (68) (14) (79) 
29 (71) (82) (32) (56) (9) (85) (95 66) (30) (33) (31) (43) (62) (51) (23 58) (80) (39) (48) (70) (38) (47) (73) (8) (2) (88) (57) (65 98) (19) (34) (5) (83 64) (7) (14) (29) (25) (49) (6) (22) (45) (18) (93) (100) (86) (54) (1) (84) (99) (94) (46) (50) (10) (90) (36) (92) (72) (87) (74) (12) (11 96) (13) (89) 
30 (64) (54) (83) (90) (4 40) (31) (13) (47) (84 19) (73) (44) (59) (12) (43) (28 77) (82 81) (8 34) (21) (92) (1) (56) (46 52 27) (100) (48) (66) (63) (42) (57 45) (97) (98) (7) (33) (16) (95) (96) (18) (5) (75) (87) (61) (88) (91) (17) (36) (29) (50) (69) 
31 (99) (92) (53) (40) (61) (93) (84) (2) (34) (69) (10) (88) (12) (97) (70) (9) (28) (11) (48) (87) (30) (85) (79) (89) (20) (71 16) (72) (57) (29) (64) (8) (31) (46 22) (35) (96) (27) (47) (83) (98) (100) (19) (55) (56) (37) (59) (60) (13) (66 68) (36) (58) (43) (82) (39) (78) (91) (5) (49) (17 74) 
32 (57) (93) (3 79) (59) (67 89 46) (80) (29) (39) (17 86) (52) (68) (19) (12) (45) (55) (20) (91) (100) (81) (2) (18) (22) (5) (21) (84) (40 42) (38) (62) (47) (51 90) (64) (98) (76) (44) (85) (1) (65) (61) (56) (50 63) (94) (48) (37) (58) (11) (95) (83) (41) (88) (60) (49) (75) (53) 
33 (45) (79) (37) (9) (81) (46 95) (20) (21 1) (96 15) (4) (99) (11) (76) (55) (53) (28) (72) (87) (100) (77) (56 51) (66 60) (43) (19) (88) (25) (61) (75) (8) (78) (68) (29) (90 80) (58) (69) (2) (71) (36) (40) (67) (74) (33) (82) (84) (14) (52) (44 42) (27) (59) (38) (22) (5) (97) (30) (17) (32) 
34 (92) (56) (82) (45) (55) (68) (48 4) (59) (25) (58) (7) (76) (6) (53) (99) (89) (61) (47) (79) (80) (9) (19) (42) (72) (20) (98) (95) (51) (12) (52) (36) (93) (28) (15) (97) (3) (2) (96) (33) (60) (64) (73 67 44) (57) (46 69) (43) (90) (85) (32) (37) (35) (22) (31) (23) (39 14) (50) (1) 
35 (63) (99) (32) (70) (29) (8) (19 84) (72) (98) (39) (100) (85) (30) (76) (17) (67) (22) (78) (23) (73) (75 33) (59 55) (37 96 62) (18) (52) (46) (21) (86) (24) (16) (45) (71) (74) (89) (50) (95) (44) (5) (2) (79) (91) (83) (14 92) (64) (87) (28) (26) (80) (9) (51) (25) (36) (31) (27) (93) 
36 (93) (78) (73) (77 94) (82) (28) (42) (39) (74) (55) (13) (68) (62) (92) (47 86) (41) (67) (46 87) (70 2) (5) (100) (11) (48 97) (53) (60) (27) (64) (36) (98) (75) (22) (14) (40) (35) (18) (37 81 19) (32 1 91) (61) (26) (20) (65) (52) (90 12) (85) (8) (83) (56) (9 63) (16) 
37 (43) (2) (45) (8) (7) (75) (99) (78) (22) (67) (59) (74) (83) (37) (20) (50) (84) (91) (21 55) (52) (13) (26) (98) (95 88) (57) (11) (33) (3) (77) (4) (66) (73) (10) (79) (100) (16) (93) (81) (40) (61) (70) (87 48) (19) (34) (39) (12) (82) (32) (54) (30) (46) (92) (62) (17) (23) (71) (76 68) (6) 
38 (62) (70) (10) (30) (59) (87) (57) (63) (18 43) (96) (16) (86) (22 76) (75) (93) (2) (40) (48) (17) (56) (82) (90) (33) (98) (37) (72) (44) (4 85) (81) (73 12) (77) (51) (60) (21) (55) (3) (23) (27 99) (100) (54) (26) (8) (35) (84) (41) (24) (47) (25 68) (20) (11) (95) (38) (79 15) (45 31) (94) (69) (80) (49) (1) 
39 (7) (35) (85) (75) (50) (30) (14) (52) (91) (76) (24) (43) (42) (31) (12) (28) (11) (67) (17) (60) (9) (81) (3) (74) (80) (93) (8 59) (100) (19) (58) (83) (82) (64) (69) (87 10) (48) (51) (77) (54) (2) (32) (71) (65) (46 37) (97) (95) (96) (98) (41) (13) (1) 
40 (12) (25) (45) (31) (23) (87) (35) (92) (95) (55) (52) (50) (44) (8) (64) (24 75) (19) (61) (59) (11) (65) (28) (3) (41 58) (34) (85) (89) (79 9) (98 70) (88) (32 82) (30) (18) (43) (81) (51) (27) (84) (36) (5) (80) (2) (83) (13) (96) (47) (17) (54) (99) (68 91) (22) (97) (56) 
41 (3) (33) (54) (40 35) (30) (1 83) (72) (25) (87) (76) (95) (26) (88) (21) (85) (11 74) (36) (13) (38 52) (65 98) (12) (37) (55) (8 86) (23) (90) (15) (100) (93) (75) (56) (48 67) (71) (50) (64) (7) (44) (18) (68) (81) (10) (79) (70) (49 29) (16) (97) (24) (6) (28) 
42 (90 2) (81) (3) (75) (30 50) (85) (18) (36 76) (48) (89) (97) (23 70) (57) (27) (29 46) (37) (72) (28) (19) (42) (58) (16 25 9) (69) (93) (92) (12) (68) (74) (41) (21) (34) (40) (94) (99) (83) (100) (87 67) (38) (88) (63) (60) (5) (73) (96) (79) (6) (1) (45) (43) 
43 (26) (15) (23) (42) (30) (27) (3) (8) (46) (100) (55) (5) (45) (75 58) (87) (31) (84) (35 2) (60) (33) (14) (85) (97) (62) (43) (37) (32) (70 64) (38) (78) (34 94) (44) (59) (93) (63) (9) (73) (52) (82) (74) (83) (11) (95) (79) (98) (54 96) (39) (10) (65) (1) (76) (88) (61) (47) (72) (6) (29) 
44 (61) (76 28) (30) (72) (8) (100) (13 88 67) (29) (24) (27 21) (10) (60) (4) (39 14) (78) (98) (80) (81) (53) (64) (54) (38) (25) (1) (51) (33) (65) (90) (73) (56) (71 97) (57) (5 37) (99 75) (32) (15) (86) (55) (96) (23) (58) (42) (44) (9 12) (63) (79) (91) (83) (82) (69) (94) 
45 (50) (76) (58) (41) (12) (57 38 19) (24) (1) (70) (18) (73) (23) (74) (28) (91) (7) (87 100) (33) (40) (10) (96) (52) (66) (37) (22) (30) (39 11) (31 43) (17) (29 46) (55) (36) (97 80) (9) (65) (67) (95) (69) (63) (26) (53 44) (98 32) (27) (51) (3 8) (20) (86) (45) (42) 
46 (99) (6) (90) (50) (40) (37) (92) (30) (87) (98) (46) (56) (71) (83 57) (95) (100) (70) (89) (84) (73) (17) (80) (38) (33) (12) (85) (97) (4 51) (96) (41) (20) (82) (5) (68) (72) (55) (81) (8) (24) (74) (27) (1) (15) (79) (9) (53) (31) (78) (26) (58) (22 63 47) (34) (60) (48) (93 42) (65) (14) 
47 (64) (72) (35 55) (94) (90) (31 38 79) (7) (9) (4) (16) (24) (92) (75) (78) (51) (91) (70) (73) (23) (83) (87) (98 60) (5) (2) (10) (59) (41) (76) (3) (39) (63) (66) (56) (46) (1) (13) (48) (65) (30) (28) (49) (11 61) (36) (6) (82) (8) (40) (62) (52) (74) (18) (96) (27) (100) (15) 
48 (11) (17) (13) (54) (40) (52) (78) (80 45 25) (23 66) (42) (31) (8) (15) (96) (1) (63) (69) (94) (29) (19) (34) (37) (2) (70) (5) (93) (36) (74) (88) (48) (97) (64) (62) (33) (22) (81) (4) (87) (49) (12) (86 68) (59) (65) (76) (43) (95) (92) (41) (39) (21) (26) (10 55) (98) (32) (58) 
49 (59) (95) (45) (28) (22) (72) (41) (78 96) (40) (84) (58) (76 66) (39) (11) (1) (97) (56) (91) (7) (15 85) (35) (63) (57) (38) (74) (52) (82) (5) (26) (12) (69) (2) (99) (88) (10) (73) (20) (9) (67) (30) (25) (13) (80) (75 50) (3) (23) (54) (17 21 61) (77) (16 46 49) (8) (81) (18) 
50 (80) (100) (84) (66) (71) (82) (47) (7) (87) (41 88) (60) (5) (22) (2) (69) (90) (39) (36) (3) (35) (33) (8) (42) (72) (37) (97) (32) (26) (25) (45 46) (83) (34) (57 99) (58) (81) (91) (11) (9) (48) (40) (24) (14) (92 95) (30) (63) (15) (52) (89) (53) (51) (10) 
51 (36) (23) (32) (71) (11) (1) (99) (16) (84) (66) (63 13) (10) (98) (25) (64) (95) (34) (67) (96) (2) (9) (50) (46) (18) (62) (5) (57) (88) (43) (86) (33) (82) (90 12) (83) (81) (30) (38) (26) (75) (20) (15) (22) (24) (48) (21) (14) (37) (97 85) (69) 
52 (76) (97) (91) (56) (5) (98) (30) (84) (45) (17) (27) (53) (20) (22) (12) (35) (50) (62) (57) (38) (39) (34) (60) (77) (61) (19) (42) (67 43) (51) (36) (26 44) (65) (89) (72) (6) (18) (70) (11) (71) (37) (83) (88) (93) (25) (73) (10) (100) (82) (59 99) (33) (28) (92) (58) (63 41) 
53 (7) (53) (99) (98) (49) (95) (52) (38) (32) (55) (70) (17) (63) (36) (79) (35) (31) (85) (93) (15) (96) (84) (80) (72) (44) (61) (51) (48) (18) (73) (83) (94) (6) (97 11) (58) (64) (21) (24) (13) (88) (66 50) (90) (92 16) (59) (3) (76) (62 14) (60) (71) (87 23) (26) (33) (45) (82) (43) (100) (57) (69) 
54 (53) (43) (20) (17) (11) (38) (81) (48) (32) (77) (84) (44) (15) (83) (62) (90) (12) (21) (87) (91) (5) (85 72) (26) (94) (27) (10) (73) (4) (69) (36) (8) (24) (98) (99) (70) (59) (71) (88) (22) (56 57 16) (9) (50) (13 68 29) (82) (67) (39) (19) (40) (49) (6) (60 37) (63) (80) (34) (51) (76 45) (52) (14 95) (86) (58 35) 
55 (9) (92) (3) (81) (39) (95) (56) (20) (89) (59) (43) (65) (77) (54) (72) (53) (14) (66) (63) (87) (69) (75) (51 97) (96) (35 23) (55) (86) (94) (83) (80) (16) (45) (13) (76) (29) (88) (18) (61) (64) (1) (78) (98) (90) (32) (50) (24 85) (8) (67) (82 6) (70) (12) (49) (33) (36) 
56 (50) (91) (56 37 51) (30) (1) (3) (17) (63) (82 25) (65 58 19) (83) (12) (57) (53) (27) (89) (68) (95) (77) (33) (44) (38) (85) (100) (64) (29) (75) (10) (28) (23) (22) (16) (70) (66) (45) (90) (11) (18) (98) (96) (24) (71) (87) (49) (4) (26) (31) (7) (8) (54) (42) (6) (59) 
57 (100) (31) (86) (81) (78) (45) (74) (21) (58 8) (53) (43) (71) (32) (29) (7) (41) (25) (88) (48) (76) (96) (83) (91) (72) (63) (36) (12) (6) (1 18) (3 99) (77) (5) (79) (85) (68) (62) (40) (51) (9 22) (34) (33) (59) (66) (20) (54) (49) (13) (92) (14) (60) (28) (56) (90) (93) (16) (73) (17) 
58 (2) (30) (17) (90) (6) (75) (26) (65) (68) (66) (74) (84) (60) (62) (53) (67 89) (61) (49) (87) (83) (51) (78) (37) (76) (96) (34 97) (93) (48) (63) (80) (8) (21) (59) (86) (29) (88) (11) (56) (79 1) (50) (23) (7) (4) (32) (45) (39) (19) (58) (38) (46 95) (28) (91) (40) (31) (10) (44) 
59 (27) (46) (84) (60) (75) (98) (26) (55) (44) (72 24) (36) (77) (19) (57) (96) (64) (6) (58) (87) (93) (83) (91) (94) (69) (16) (99) (88) (2) (7 82 92) (79) (28) (52) (71) (59 13) (95) (9) (45) (48) (74) (80) (12) (49) (89) (4) (50) (97) (43) (31) (14 90) (70) (73) (62) (86) (37 51) (35) (100) (40) (11) 
60 (15) (88) (11) (43 10) (16) (22) (14 17) (13) (91) (12) (32) (100) (57) (18) (84) (71 51 45 53) (93) (6) (3) (86) (96 30) (1) (2) (35) (33) (48) (38 44) (78) (62) (79) (73) (83) (50) (75) (52) (4) (80) (40) (81) (77 67) (69) (63) (70) (26 90) (34) (39) (56) (9) (47) (24) (54 61) (94) (85) (66) (20 7) 
61 (21) (55) (76) (28) (50) (26) (69) (16) (80) (52) (58) (9) (41) (13) (7) (77) (81 19) (10) (11) (63) (20) (51) (78) (85) (14) (72) (15) (91) (47) (61) (86) (99) (46 25) (64) (37) (88) (59) (62 12) (57 90) (96 22) (89) (56) (32) (39 68) (94 82) (42) (84) (98) (44) (100) (60) (92 83) (3) (70) 
62 (40) (7) (30) (83) (62) (20) (91) (17) (96 84) (24) (69 9) (86) (28) (57) (81) (76) (77) (47) (60 1) (58) (50) (54) (75) (36) (71) (4) (67) (55) (64) (93) (61) (85) (3) (89) (43) (82) (100) (31 99) (8) (25) (97 59) (80) (10 18) (87) (11) (65) (68) (88) 
63 (38) (18) (78) (85) (25) (21 98) (94) (73 79) (36) (49) (61) (35) (63) (88 64) (68 9) (99 89) (54) (27) (83) (41) (22) (26) (43) (1 17) (77) (39 40) (14) (75) (67) (91) (53) (90) (42) (95) (93) (66) (100) (70) (32) (81) (96) (13 29) (62) (10) (52) (80 74) (34) (51) (92) (69) (47) (55) 
64 (21) (17) (5) (56 57) (10) (35 15) (14) (69) (38) (97) (31) (43) (42) (80) (3) (40) (7) (67) (85) (30) (29) (51) (27) (47) (86) (8) (48) (6 9) (60) (61 62) (83) (99) (19) (84) (79) (93 95) (90) (41) (45) (92) (53) (100) (72) (28) (2) (32) (20) (78) (52) (58) (82) (11) (54) (37) (89 63) (64) (66) (70) (50) (91) (96) (77) (12) (44) (26) (55) 
65 (7) (52 17) (55) (49) (21) (66 4) (61) (70) (98 67) (43 48) (26) (78) (73) (97) (19) (11) (53) (83) (91) (29) (47) (79) (20) (96) (80) (90) (27) (35) (32) (1) (6) (77) (31) (36) (94) (5) (40 62) (34) (42) (59) (13) (46 54) (38) (57) (44 8) (64) (92) (51) (45) (71) (2) (14) (76) (25) (24) (95) (84 65) 
66 (8) (14) (83) (77) (44) (56) (85) (36) (12) (66) (10) (53) (2 91) (88) (21) (4) (94 41) (16) (59) (71) (49) (93) (35 25) (73 96) (39) (74 38) (34) (63) (97) (32) (17) (52) (20) (28) (1) (43) (47) (6) (65) (46) (99) (22 87) (78) (5) (27) (11) (30) (67) (50) (80) (51) (24) (15) (75) (90) 
67 (78) (65 20) (40) (90) (48) (68) (41) (58) (37) (95) (93) (96) (43) (10) (6) (59) (12) (63) (83) (31) (26) (60) (27) (36) (75) (82 100) (16) (28) (49) (13) (91) (69) (11) (22) (46) (61) (47) (21) (67) (70) (71) (53) (42) (92) (88 80) (79) (66) (84) (25) (39) (55) (51) (17) (15) (94) 
68 (82) (20) (73) (74) (48 26) (90 13 78) (24) (34 83) (6) (66) (81) (94) (85) (35) (60) (19) (53) (28) (80) (1) (92) (50) (49 9) (76) (31) (37) (8) (51) (44) (65) (14) (40) (67) (61) (68) (77 79) (45) (98) (57) (41) (56) (52) (32) (89) (22) (43) (10) (21) (29) (91) (64 33 54) (16 55) 
69 (46) (79) (82 100) (89) (42) (64) (31) (24) (32) (11) (74) (92) (15) (52) (66) (34) (81) (3) (95) (27) (88) (38 57) (85) (59) (2) (44) (90) (80) (73) (91) (53) (99) (61) (1) (84) (54 41) (49) (83) (51) (56) (65) (23) (7) (22) (98) (68) (28) (94) (17) (37) (55 77) (97 29) (12) (6) (63) (69) (96) (16) (10) 
70 (68) (42) (43) (46) (53) (93) (67) (72) (79) (38) (55) (10) (37) (35) (45) (7) (31 50) (39 80) (71) (76) (61) (83) (97) (88) (11) (15) (5) (96) (73) (56) (85) (58) (18) (90) (36) (16) (84) (64) (82) (47) (44) (87) (26) (30) (100) (48) (3) (78) (25) (59) (77) (94) (66) (27) (89) (2) (74) (51) (63) (70) 
71 (73) (29) (76) (41) (94) (50) (97) (49) (48) (74) (79) (47) (81) (44) (82) (88) (24 34 68) (100) (5) (58) (36) (28 38) (78) (51 70) (45) (12) (30) (42) (84) (27) (1) (77) (40) (83) (89) (43) (18 69) (62) (26) (23) (16) (63) (98) (91) (11) (57) (90) (93) (60) (67) (21 46) (22) (37) (99) (56) (6) (80) (10) (15 61) 
72 (30) (15) (49) (100) (1) (96) (2) (46) (10) (97) (16) (92) (54) (71) (26) (18) (86) (3) (11) (88) (98) (44) (32) (35) (62) (72 80 75) (82) (4) (50) (14) (89) (40) (65) (45) (48 81) (69) (5) (12) (36) (27) (93) (51) (39) (20 29) (67) (91) (25) (42) (24) (8) (21) (77) (37) (60) (19) (47) 
73 (90) (50) (83) (11) (36) (77) (97) (75) (71) (65) (32) (58) (9) (46) (94) (98) (61) (74) (73) (4) (19) (78 69) (38) (40) (31) (33) (14) (25) (6) (60) (67) (53) (8) (51) (91) (89 44) (81) (28) (47) (30) (20) (43) (56) (49) (21 64) (45) (34) 
74 (16) (25) (38 41 61) (29) (1) (83) (11) (98) (72) (74) (100) (50 76) (2) (23) (99) (17) (59) (21) (85) (89) (22) (78) (10) (5) (15) (65) (95) (57) (97 33) (66) (47) (64 55) (20 51) (58) (44) (3) (19) (7 45) (28) (52) (36) (86) (60) (43 26) (80) (37) (18 90) (49) 
75 (44) (8) (77) (68) (64) (57) (51) (34) (13 29) (6) (22) (49) (91) (70) (31) (12) (14) (71) (23) (30) (9 85) (5) (96) (63) (35) (21) (55) (18) (25) (87) (56) (100) (19) (45) (76) (69) (26) (2) (52) (93) (72 20) (79) (60) (97) (99) (16) (65) (67 78) (37) (62) (98) (82) (94) (36) (27) (75) (11) (43) (48) (42) (41) (58 89) (40) (46) 
76 (59) (21) (75 54) (42) (9) (63) (20) (69) (39) (32) (17) (13) (10) (87) (70) (35) (55) (84) (43) (6 49) (97) (62) (68) (60) (51) (52) (37) (8) (73) (66 3) (7) (78) (94) (5 28) (93) (27) (57) (76) (14) (34) (29) (46) (96) (16 56) (4) (33) (15) (44) (91) (72) (18) (40) (53) (22) (80) (25) (83) (23) 
77 (18) (50) (81 70) (38) (63) (40) (61) (48) (15) (76) (14 93 16) (62) (24) (79) (21) (6) (95) (11) (88 51) (85) (7) (97 3) (98) (8) (27) (1) (36) (28) (58) (60) (77) (71) (19 2) (31) (34) (80) (45) (33) (84) (56) (41) (65) (68) (29) (5) (10 86) (26) (22 20) (96) (17) (100) (83) (66) (57) (43) 
78 (69) (95) (50) (72) (36) (17) (27) (57) (90) (2) (75) (65) (16) (88) (26) (19) (49) (10 22) (8) (1) (96) (25) (80) (86) (67 40) (85) (62) (43) (89) (91 87 61) (32) (58) (18) (4) (81) (97 33) (45) (48) (38) (44) (23) (20) (41) (30) (53) (9) (63) (76) (98) (82) (14) 
79 (84) (37) (47) (26) (72) (2) (68) (54 53) (41) (93) (36) (58) (15) (87) (20) (51) (94 13) (11) (43) (57) (42) (12) (90) (14) (63) (50) (100) (73) (98) (38) (44) (16) (18) (45) (46) (88) (24) (23) (79) (75) (48) (80) (92) (76) (62) (89) (74) (30) (97) (71) (52) (31) (99) (28) (7) (9) (64) (56) (65) (10) (39) (29) (66) (61) (32) (60) 
80 (70) (6) (96) (78) (52) (11) (61) (69) (51 82) (2 89) (88 98) (34) (90) (58) (15) (17) (26) (63) (77 49) (94) (72) (42) (20) (50 87) (62) (80) (41) (73) (28 66) (31) (36) (84 68) (19) (18) (100) (8) (65) (46) (35) (45) (95) (93) (74) (97) (38) (9) (47) (83) (92) 
81 (37) (1) (92) (18) (28) (49) (33) (45) (52) (38) (15) (53) (11) (41) (17) (42) (76) (19) (86) (73 84) (79) (64 48) (39) (85) (88) (14) (44) (22) (20) (58) (80) (66) (2 10) (32) (27) (51) (9) (6) (81) (36) (43) (97) (98) (89) (24) (82) (96 35) (23) (16) (69) (5) (3) (71) (40) (75) 
82 (67) (87) (65) (51) (99) (42) (93) (63) (80) (69) (25) (92) (76) (48) (43) (64) (58) (98) (55) (59) (94) (22) (8) (88) (3) (35) (20) (91) (4) (34) (21) (68) (10) (36 6 89) (40) (31 13) (83) (78) (33) (7) (77 11 5) (70) (30) (41) (37) (75) (96) (85) (27 57) (38) (50) (26) (14) (1) (23) (24) (56) (54 18 86) 
83 (75 18) (96) (38) (70) (99) (98) (100) (36 84) (42) (67) (57) (50) (12) (1) (7) (3) (29) (35) (17) (26) (10) (66) (81) (40) (69) (27) (48) (54) (82) (45) (14) (85) (91) (80) (83 6) (24) (20) (47) (77) (32) (90) (30) (72) (64) (86 21) (37) (74 44) (78) (4) (65) (9) (58) (63) 
84 (89) (70) (28 97) (77) (65) (81 8) (82) (74) (56) (14) (73) (93) (68) (92) (31) (91) (15) (33) (12 10) (1) (45) (78) (4) (41) (11) (40) (98) (57) (24) (18) (27) (49) (32 19) (30) (66 50) (7) (62) (47) (34) (76) (38) (79) (60) (61) (35) (20) (29) (5) (63) (43 36) (94) (21) (58) 
85 (80) (24) (77) (22) (57) (82 79) (49) (60) (54) (27) (40) (83) (67) (8) (43) (73) (86) (58) (15) (1) (18) (47) (26) (4) (38 99) (59) (44 65) (97) (91) (88) (72) (20) (29) (95 96) (33) (5) (75) (51 42) (70 55) (74) (32) (56) (98) (21) (2) (92) (93) (30) (89) (41) (17) 
86 (44) (12) (63) (34) (87) (60) (93) (43) (37 95) (52) (55) (4) (61) (98) (75) (11) (46) (25) (14) (13 84) (26) (2) (19) (27) (9) (31) (74) (80 7) (36) (72) (69) (3) (79) (82) (21) (29) (17) (85) (49) (53) (42) (33) (94 57) (24) (6 77) (71 51) (20) (10) (45) (39) (8) (78) (100) (92) (38) (99) (89) (91) (40) (62) (65) (64) (90) 
87 (84) (16) (61) (91) (50 56) (79 62 89) (53) (59) (30) (44) (55 6 76) (71) (75) (97) (18) (74) (95) (87) (65) (28) (10) (73) (64) (81) (26) (32) (60) (27) (22) (78 93 38) (83) (36) (90) (2) (29) (40) (70) (31) (68) (69) (85) (45) (72) (58) (17) (88) (54) (48) (19) (41) (66) (57) (77) (52) (21) (100) (42) (49) (14) (99) (37) (82) (34) (96) (92) 
88 (84) (81) (56) (91) (32) (58) (80) (77) (29) (85) (98 30) (5) (55) (12) (70) (23) (4) (34) (33) (51) (21) (64 44) (69) (88) (86) (74) (72) (35 93) (37) (59) (9) (11) (19) (3 17) (10) (63) (40) (45) (41) (13) (43 90) (48) (28 92 27) (68) (26) (1 42) (75) (100) (16) (50) (15) (36) (38) (73) (67) (60 62) (65) (25) (57) (53) 
89 (58) (65) (78 34) (66) (31 5) (23) (95) (99) (94 50) (22) (21) (30) (73) (12) (57) (37 10) (87) (49) (16) (92) (67) (33) (88) (63) (72) (39) (29) (41) (27) (82) (35) (45) (62) (90) (91) (80) (15) (86) (64) (8) (13) (11) (61) (42) (28) (7) (25) (51) (68) (48) (9) 
90 (20) (64) (93) (54) (77) (48 90) (84) (28) (14) (49) (96) (42 86) (36) (26) (71) (45) (78) (34 92) (75) (62) (67) (11) (100) (97) (55) (80) (69 57) (53) (22 46) (3) (95) (19) (63) (99) (52) (25) (2) (13) (65) (12) (24) (81) (1) (4) (38) (41) (79) (47) (70) (88) (5) 
91 (83) (4) (96) (97) (99) (21) (20) (19) (46) (72) (40) (15) (32) (25) (79) (88) (45) (6) (11) (29) (54) (10) (5) (51) (84) (91) (89) (82 69) (43) (53) (56) (23) (80) (44) (76) (52) (38) (9) (41) (85) (8) (24) (87 73) (64) (16 100) (90) (39) (36) (49) (68) (66) (57) (95) (67) (93) (63) (61) (75) (28) (50) (17) (42) (71) (48) 
92 (15) (22 97) (94) (39) (38) (82) (45 68 73) (47) (3 67) (40) (44) (99) (92) (16) (85) (53) (11) (80) (57) (37) (65) (31) (84) (41 87) (36) (61) (30) (19 90) (51 26) (62) (91) (50) (42) (32) (54) (6) (29) (24) (9) (18) (28) (4) (25) (60) (77) (12) (20) (52) (10) 
93 (74 89) (5) (80) (77) (73) (59) (40) (38) (84) (14) (48) (2) (27) (83 29) (43) (36) (86) (88 91) (68) (9) (98 45) (57) (87) (51) (65) (75) (66 50) (31 67) (99) (46) (97) (62) (19) (39) (100) (64) (93) (12) (47) (22) (8) (6) (55) (78) (44) (85) (25) (82) (61) (54) (28) (79) (17) (81) 
94 (84) (96) (49) (9) (12) (47) (7) (57) (4) (91) (27) (61) (44) (33) (68) (81) (21) (50) (86) (23) (56) (11) (19) (87) (63) (60) (45) (17) (43) (28) (65) (67) (58) (95) (53) (70) (54) (88) (94) (80) (97) (37) (92) (66) (51) (18) (89) (24) (14) (10) (99) (30) (35) (85) (26 40) (16) (75) (74) (38) (78) 
95 (91) (10) (32) (41) (83) (78) (35) (9) (73) (17) (30) (25) (66) (43) (64) (18) (5) (7) (98) (63) (59 55) (92) (86) (27) (56) (23 100) (58) (67) (53) (74) (70) (12) (84) (36) (6) (11) (20) (24 87 19) (48) (65) (44) (3) (39 85) (97 51) (95 4) (40) (26) (69) 
96 (76) (95) (3) (93) (79 84) (34) (35) (68) (60) (89) (30) (66) (10) (91) (82) (44) (32) (57) (31) (86) (73) (25) (33) (90) (36) (38) (59) (26 65) (61) (39) (71) (55) (96) (8) (51) (54) (70) (64 49) (69) (29) (18) (99) (52) (75) (47) (63) (80) (12) (6) (14) (37) (48) (13 22) (19) (85) 
97 (54) (81) (46) (11) (90) (82) (76) (16 97) (51) (4) (85) (30) (5) (33) (42) (15) (29) (34) (40) (48) (69) (100) (3) (71) (68) (21) (37) (77) (53) (36) (79) (17) (18) (87 91) (57) (23) (65) (8 22) (7) (32 13 31) (24) (98 78) (55) (56) (96) (67) (95 50) (12) (44) (94) (49) 
98 (20) (12) (41) (15) (7) (95) (33) (14 68) (85) (11) (87) (98) (92) (80 96) (36) (13) (69) (29) (81) (58 21) (26) (22) (8) (94) (57) (62) (100) (9) (83) (16) (59) (90) (67) (71) (38 48) (47) (44) (77) (64) (2) (5) (23) (3) (37) (34) (46) (56) (19) (82) (27 54) (30) (17) (4) (35) 
99 (53) (16) (67) (12) (76) (43) (91) (39) (87) (41) (81) (66) (96) (51) (8) (74) (50) (90) (28) (3) (34) (52) (32) (70) (60) (61) (36) (73) (38) (79) (62) (99) (35) (29) (84) (25) (10) (97) (24) (68) (64) (54) (42) (31) 
100 (61 10) (52) (80) (47) (70) (44) (100) (75) (77) (68) (57) (27) (76) (23 82) (97) (13) (5) (49) (83) (58) (56) (90 1) (72) (6) (81) (35) (87) (29) (98) (86) (30) (41) (85 12) (2) (40) (19) (24) (7) (51) (17) (39) (65) (84) (3) (11) (21) (8) (20) (62) (50) (38) (22) (28) (32) (71) 
1 (57) (13) (83) (25) (85) (22) (48) (26) (38) (90) (2) (7) (17) (30) (34) (65) (46) (88) (16) (42) (10) (78) (29) (63) (60) (33) (5) (82) (100) (66) (47) (71) (36) (72) (84) (49) (51) (77) (44) (55) (11) (39) (32) (28) (58) (15) (4) (74) (41) (56) (43) (3) (81) (20) (18) (45) (62) (68) (19) (27) (69) 
2 (51) (17) (80) (33) (81) (58) (3) (39) (79) (14) (66) (24) (60) (34) (64) (9) (11) (6) (74) (18) (90) (1) (2) (42) (28) (48) (78) (23) (65) (100) (37) (72) (32) (25) (98) (5) (93) (10) (43) (12) (13) (35) (75) (69) (40) (59) (38) (49) (7) (70) (29) (36) (27) (86) (77) (16) (50) (26) (47) (87) (31 85) (20) 
3 (21) (43) (40) (61) (83) (95) (3) (25) (60) (9) (99) (42) (18) (77) (100) (81) (5) (41) (47) (70) (45) (23) (57) (50) (17) (39) (72) (32) (74) (55) (37) (2) (26) (24) (69) (96) (49) (92) (38) (20) (88) (90) (56) (98) (62) (82) (64) (6) (53) (97) (76) (4) (34) (15) (10) (86) (11) 
4 (73) (22) (44) (23) (82) (86) (19) (83) (66) (33) (7) (76) (27) (8) (6) (12) (37) (34) (62) (1) (84) (30) (59) (20) (11) (60) (17) (47) (72) (3) (85) (95) (5) (97) (78) (98) (13) (91) (38) (56) (46) (54) (9) (92) (65) (90) (48) (58) (94) (2) (88) 
5 (46) (27) (15) (30) (11) (91) (43) (72) (47) (98) (93) (71) (9) (57) (90) (52) (21) (76) (97) (84) (8) (50) (42) (25) (65) (36) (88) (16) (12) (3) (75) (66) (51) (28) (49) (4) (70) (17) (74) (18) (100) (10) (22) (29) (82) (20) (81) (89) (40) (54) (35) (95) (1) (31) (85) (19) (48) (44) (33) (64) (77) (32) 
6 (1) (8) (76) (20) (52) (83) (10) (9) (42) (100) (67) (71) (29) (27) (14) (80) (82) (58) (46) (54) (56) (11) (77) (92) (53) (65) (87) (5) (69) (21) (73) (86) (41) (66) (55) (3) (59) (28) (57) (37) (26) (43) (75) (96) (7) (60) (19) (15) (91) (68) (23) (93) (95) (64) (34) (81) (47) (25) (16) 
7 (34) (49) (56) (27) (26) (39) (86) (22) (10) (58) (60) (29) (98) (97) (3) (76) (94) (61) (45) (28) (82) (5) (41) (21) (9) (69) (62) (37) (50) (30) (64) (18) (1) (83) (74) (4) (89) (19) (59) (14) (100) (65) (95) (79) (7) (11) (70) (57) (12) (47) (77) (53) (84) 
8 (62) (29) (8) (89) (13) (38) (82) (77) (47) (18) (57) (43) (26) (22) (72) (100) (19) (80) (99) (68) (24) (64) (93) (23) (73) (97) (6) (66) (50) (33) (58) (41) (3) (10) (48) (96) (31) (1) (21) (46) (91) (55) (86) (2) (56) (49) (44) (40) (54) (98) (75) (85) (37) (36) (84) (17) (45) (65) (35) (78) (30) (12 39) (76) 
9 (95) (55) (78) (31) (21) (75) (26) (47) (33) (29) (51) (1) (50) (3) (27) (18) (54) (64) (16) (36) (35) (83) (94) (60) (43) (62) (45) (42) (19) (89) (81) (7) (80) (49) (63) (24) (92) (73) (10) (6) (28) (61) (93) (44) (68) (59) (15) (98) (79) (2) (39) (91) (46) (86) (57) (88) (34) (40) (76) 
10 (63) (51) (44) (71) (82) (20) (83) (67) (81) (37) (43) (86) (49) (2) (60) (72) (26) (29) (94) (4) (3) (87) (25) (9) (39) (100) (52) (48) (6) (7) (10) (66) (19) (61) (99) (24) (95) (92) (62) (84) (54) (69) (16) (96) (64) (76) (41) (21) (15) (45) (78) (31) (8) (79) (18) (91) (11) (50) (88) (47) (23) (89) (12) (74) (70) (77) (68) (58 38) (56) (17) 
11 (56) (62) (27) (88) (98) (1) (61) (66) (39) (18) (15) (75) (84) (11) (26) (53) (16) (3) (60) (54) (2) (72) (48) (70) (59) (100) (36) (58) (33) (50) (40) (12) (47) (43) (4) (52) (74) (31) (81) (49) (28) (77) (90) (71) (73) (95) (32) (67) (65) (79) (86) (45) (14) (41) (6) (69) (91) (9) (38) (97) (89) (51) (80) (13) (64) (94) (29) (92) (37) (8) (82) 
12 (37) (83) (64) (60) (79) (88) (89) (28) (66) (21) (38) (42) (3) (49) (45) (52) (26) (20) (69) (61) (25) (67) (98) (39) (96) (11) (31) (22) (86) (44) (71) (46) (97) (75) (59) (55) (90) (32) (4) (40) (92) (10) (99) (9) (72) (36) (48) (51) (93) (100) (12) (56) (13) (95) (94) (41) (29) (54) (18) (15) (34) (84) (57) (30) 
13 (8) (5) (44) (97) (82) (98) (68) (89) (57) (75) (63) (47) (49) (14) (55) (21) (79) (7) (13) (17) (51) (54) (88) (53) (90) (61) (86) (96) (37) (24) (41) (59) (1) (67) (39) (65) (12) (100) (48) (29) (30) (31) (60) (28) (36) (76) (26) (23) (40) 
14 (29) (61) (98) (66) (43) (82) (35) (87) (77) (8) (94) (7) (11) (57) (90) (84) (51) (96) (21) (2) (93) (63) (14) (10) (83) (44) (79) (75) (24) (3) (46) (12) (50) (36) (72) (73) (59) (16) (19) (78) (13) (1) (33) (53) (64) (65) (34) (54) (86) (60) (81) (28) (22) (26) (68) (76) (39) (55) 
15 (74) (67) (89) (38) (23) (76) (66) (61) (71) (22) (33) (47) (7) (19) (16) (41) (70) (64) (26) (54) (43) (48) (15) (6) (81) (46) (3) (77) (12) (80) (53) (60) (92) (44) (69) (85) (11) (51) (50) (34) (98) (84) (10) (20) (49) (97) (8) (1) (79) (4) (9) (91) (21) (88) (72) (28) 
16 (97) (59) (8) (57) (60) (17) (88) (20) (2) (68) (89) (67) (18) (3) (21) (98) (94) (15) (36) (26) (87) (37) (49) (28) (70) (47) (27) (55) (81) (38) (13) (5) (71) (78) (76) (4) (51) (35) (54) (30) (53) (91) (92) (41) (66) (61) (56) (74) (99) (79) (69) (24) (31) (77) (75) (22) (11) (42) (12) (72) 
17 (74) (46) (63) (69) (53) (85) (2) (83) (15) (91) (20) (38) (66) (98) (19) (62) (30) (48) (67) (52) (95) (21) (35) (28) (37) (78) (31) (80) (94) (49) (7) (5) (88) (56) (4) (23) (65) (87) (93) (27) (54) (97) (76) (39) (13) (58) (32) (14) (40) (64) (45) (77) (86) (33) (57) (100) (18) (81) (60) (8) 
18 (82) (84) (27) (62) (30) (35) (94) (15) (52) (14) (56) (38) (29) (26) (19) (12) (78) (92) (80) (81) (96) (72) (83) (57) (7) (25) (76) (28) (32) (42) (97) (87) (41) (71) (53) (75) (55) (36) (79) (70) (17) (23) (18) (85) (63) (47) (9) (5) (40) (74) (60) (45) (49) (4) (95) (77) (11) (51) 
19 (58) (56) (86) (98) (48) (95) (93) (42) (35) (36) (32) (68) (52) (54) (26) (100) (20) (65) (39) (78) (34) (22) (81) (77) (75) (92) (30) (88) (45) (16) (94) (73) (4) (31) (84) (13) (40) (59) (10) (23) (91) (80) (96) (29) (18) (15) (33) (64) (90) (24) (72) (87) (14) (74) (37) (61) 
20 (91) (1) (98) (84) (20) (61) (46) (80) (57) (60) (52) (32) (72) (90) (8) (15) (67) (19) (62) (13) (49) (82) (76) (45) (12) (31) (81) (22) (79) (78) (38) (64) (77) (85) (54) (74) (66) (55) (68) (73) (51) (33) (92) (18) (9) (83) (6) (95) (100) (21) (75) (86) (36) (37) (34) (4) (65) 
21 (38) (98) (1) (63) (66) (13) (19) (48) (83) (86) (30) (58) (4) (87) (53) (11) (27) (57) (33) (97) (9) (76) (94) (72) (32) (73) (75) (64) (44) (67) (16) (74) (49) (15) (26) (6) (21) (84) (68) (12) (10) (37) (85) (89) (20) (14) (25) (54) (91) (61) (65) (41) (23) (100) (18) (17) (71) (42) (5) (82) (77) (51) (88) (35) 
22 (12) (68) (98) (21) (61) (33) (63) (17) (54) (48) (51) (15) (78) (96) (31) (10) (90) (100) (45) (77) (71) (69) (56) (81) (76) (93) (74) (38) (34) (60) (27) (46) (29) (82) (67) (35) (4) (18) (32) (37) (87) (49) (97) (89) (75) (52) (66) (3) (36) (92) (50) (85) (40) (57) (8) 
23 (4) (82) (100) (69) (75) (58) (98) (95) (48) (45) (41) (89) (79) (74) (44) (56) (38) (26) (37) (42) (53) (94) (21) (19) (29) (81) (18) (88) (22) (2) (35) (51) (11) (23) (78) (76) (43) (55) (14) (13) (28) (34) (47) (91) (71) (49) (10) (40) (12) (8) (17) (97) (6) 
24 (55) (92) (68) (22) (45) (81) (72) (47) (5) (24) (25) (56) (85) (54) (17) (86) (9) (69) (6) (19) (83) (26) (91) (28) (41) (38) (14) (59) (53) (90) (60) (51) (100) (4) (50) (65) (82) (97) (39) (77) (44) (66) (27) (11) (79) (62) (71) (99) (94) (15) (35) (46) (40) (84) (23) (95) 
25 (78) (3) (24) (20) (38) (5) (51) (57) (28) (63) (73) (91) (61) (16) (95) (50) (19) (65) (88) (99) (52) (14) (67) (82) (56) (92) (76) (22) (72) (12) (70) (4) (42) (13) (90) (27) (62) (41) (96) (49) (35) (66) (44) (11) (89) (6) (33) (29) (23) (7) (75) (25) (40) (48) (74) (93) (86) (18) (2) (34) 
26 (50) (88) (4) (67) (22) (49) (59) (54) (78) (85) (70) (2) (17) (52) (87) (35) (98) (61) (18) (92) (11) (36) (56) (48) (90) (75) (38) (12) (26) (65) (43) (77) (64) (74) (95) (1) (45) (83) (21) (53) (3) (72) (58) (63) (96) (19) (71) (51) (6) (60) (82) (20) (79) (46) (8) (41) (37) (16) (68) (86) (80) (23) (14) (94) 
27 (63) (64) (2) (89) (25) (52) (45) (95) (5) (16) (75) (43) (6) (18) (47) (100) (36) (66) (88) (9) (70) (42) (83) (28) (19) (27) (35) (13) (85) (76) (23) (33) (20) (12) (40) (22) (71) (84) (94) (69) (82) (81) (44) (38) (72) (77) (78) (65) (87) (46) (98) (59) (86) (54) (31) (56) (67) (3) (93) (30) 
28 (71) (22) (56) (94) (59) (100) (92) (23) (42) (74) (17) (90) (58) (34) (77) (35) (89) (12) (1) (57) (21) (73) (88) (11) (41) (64) (81) (47) (4) (7) (52) (99) (24) (36) (40) (45) (2) (8) (61) (33) (66) (3) (26) (76) (93) (30) (79) (91) (10) (67) (25) (31) (49) (84) (62) (69) (87) (80) (15) (39) (44) (68) 
29 (91) (86) (28) (32) (56) (48) (35) (77) (31) (54) (16) (3) (93) (100) (97) (26) (65) (92) (8) (10) (83) (79) (45) (44) (88) (99) (55) (74) (29) (17) (87) (15) (69) (58) (85) (63) (96) (76) (9) (24) (75) (27) (22) (68) (84) (57) (13) (98) (30) (18) (43) (89) (20) (33) (71) (72) (42) (19) (41) (64) (5) 
30 (8) (41) (47) (9) (88) (45) (87) (42) (10) (25) (58) (89) (38) (82) (29) (98) (50) (51) (75) (21) (70) (85) (97) (95) (22) (72) (79) (37) (23) (28) (1) (2) (3) (11) (62) (44) (12) (14) (33) (7) (20) (13) (73) (40) (83) (66) (84) (94) (78) (39) (96) (24) (49) (52) (92) (4) (46) (35) (6) (71) (19) (56) (31) (60) (43) (64) (100) (5) 
31 (18) (14) (56) (99) (84) (39) (58) (96) (79) (93) (77) (12) (6) (11) (47) (73) (8) (2) (10) (48) (97) (35) (69) (68) (92) (21) (46) (30) (9) (86) (57) (87) (43) (31) (75) (89) (62) (64) (5) (45) (38) (40) (67) (80) (70) (65) (53) (16) (82) (29) (59) (24) (34) (4) 
32 (57) (7) (76) (8) (34) (54) (23) (68) (2) (22) (25) (33) (95) (87) (91) (27) (13) (39) (40) (12) (29) (69) (85) (83) (19) (10) (99) (44) (45) (78) (16) (50) (66) (4) (48) (100) (88) (53) (92) (55) (60) (84) (65) (73) (43) (1) (35) (64) (61) (51) (96) (81) (17) (63) (58) (14) (28) (37) (79) (72) (36) (26) (5) (97) 
33 (46) (81) (96) (24) (56) (35) (6) (5) (94) (23) (77) (10) (8) (97) (18) (41) (82) (28) (68) (89) (17) (76) (7) (30) (38) (11) (74) (16) (34) (2) (55) (37) (51) (78) (29) (52) (50) (85) (98) (84) (48) (33) (43) (73) (53) (60) (44) (45) (86) (57) (1) (88) (21) 
34 (30) (4) (71) (99) (23) (18) (73) (52) (97) (66) (63) (29) (89) (40) (82) (90) (27) (76) (50) (1) (13) (22) (86) (11) (48) (54) (20) (84) (88) (7) (2) (37) (12) (77) (75) (15) (58) (60) (65) (46) (25) (57) (69) (8) (42) (43) (87) (98) (80) (31) (96) (68) (51) 
35 (76) (81) (96) (6) (14) (13) (55) (54) (68) (100) (31) (99) (80) (27) (59) (34) (12) (49) (66) (53) (15) (7) (36) (52) (1) (82) (47) (9) (88) (41) (38) (83) (72) (60) (98) (43) (64) (39) (50) (3) (84) (18) (16) (5) (19) (40) (75) (11) (21) (70) (89) (17) (65) (26) (63) (25) (95) (94) 
36 (62) (36) (87) (30) (8) (55) (26) (97) (65) (41) (78) (51) (79) (10) (82) (27) (77) (67) (3) (91) (88) (28) (66) (92) (20) (93) (71) (31) (25) (59) (18) (1) (6) (47) (96) (80) (83) (33) (40) (22) (98) (81) (99) (90) (74) (4) (13) (72) (54) (53) (45) (50) (24) (84) (42) (57) (86) (29) (95) (34) (48) (63) (35) (70) (75) (17) (7) (73) (52) 
37 (74) (22) (70) (34) (71) (25) (37) (86) (83) (82) (50) (15) (2) (52) (4) (31) (46) (51) (96) (36) (92) (89) (43) (1) (81) (64) (97) (12) (94) (26) (35) (61) (20) (67) (38) (72) (54) (76) (79) (32) (41) (75) (68) (3) (88) (14) (39) (6) (33) (7) (59) (87) (5) (45) (44) (18) (58) (16) (98) (42) (48) (56) (69) 
38 (19) (99) (92) (98) (32) (12) (56) (24) (64) (93) (100) (53) (88) (13) (44) (16) (81) (9) (73) (71) (14) (78) (28) (2) (46) (51) (38) (77) (85) (47) (60) (49) (65) (41) (86) (25) (96) (21) (33) (74) (52) (90) (70) (6) (63) (5) (17) (45) (58) (84) (82) (66) (43) (80) (83) (3) (94) (42) (20) (91) (69) (79) (29) (27) (87) (10) (54) 
39 (49) (29) (34) (25) (13) (43) (6) (95) (70) (91) (22) (1) (66) (67) (27) (76) (21) (45) (32) (16) (35) (100) (79) (61) (50) (54) (15) (99) (48) (12) (86) (89) (20) (19) (60) (44) (81) (47) (24) (5) (2) (37) (18) (96) (58) (28) (93) (9) (36) (92) (55) (63) (4) (26) (72) (31) (52) 
40 (32) (42) (38) (17) (77) (45) (95) (65) (78) (60) (100) (20) (81) (28) (64) (41) (11) (59) (85) (19) (54) (9) (13) (37) (71) (88) (84) (23) (31) (46) (83) (87) (50) (57) (36) (73) (68) (47) (72) (48) (33) (27) (63) (58) (86) (91) (76) (93) (67) (62) (94) (97) (75) (1) (15) (12) (30) (49) (92) (82) 
41 (45) (12) (20) (87) (19) (69) (2) (77) (42) (32) (63) (21) (74) (99) (39) (46) (10) (92) (84) (80) (40) (90) (68) (67) (57) (52) (78) (14) (85) (64) (22) (71) (81) (49) (15) (6) (16) (100) (25) (11) (24) (36) (5) (13) (17) (88) (9) (48) (38) (66) (79) (47) (7) (89) (95) (50) (26) (75) (28) (82) (27) (91) (8) (98) (61) 
42 (67) (21) (43) (4) (86) (71) (25) (18) (45) (23) (91) (64) (52) (36) (97) (61) (26) (87) (79) (20) (82) (75) (32) (44) (10) (85) (34) (17) (42) (80) (30) (6) (72) (33) (5) (89) (83) (3) (13) (88) (90) (56) (92) (9) (50) (70) (76) (48) (99) (81) (63) (69) (46) (27) (39) (1) (65) 
43 (24) (25) (9) (60) (2) (21) (63) (86) (39) (29) (93) (16) (64) (82) (37) (76) (22) (88) (91) (51) (66) (34) (6) (65) (30) (74) (45) (77) (54) (62) (99) (55) (94) (26) (84) (53) (33) (95) (42) (73) (71) (79) (38) (48) (17) (18) (59) (67) (68) (81) (43) (78) (40) (31) (12) (57) (70) (52) (14) (75) (11) (85) 
44 (30) (56) (76) (78) (86) (23) (33) (10) (98) (71) (13) (15) (27) (95) (83) (16) (100) (32) (60) (66) (14) (87) (65) (96) (2) (70) (58) (93) (74) (38) (45) (18) (41) (85) (22) (88) (54) (44) (61) (81) (69) (35) (68) (72) (97) (34) (64) (73) (6) (79) (59) (75) (40) (92) (94) (91) (9) (53) (21) (43) (52) 
45 (3) (88) (16) (18) (7) (48) (89) (30) (87) (78) (28) (64) (86) (1) (45) (35) (4) (75) (74) (2) (13) (52) (25) (33) (19) (70) (50) (81) (80) (34) (29) (79) (37) (93) (68) (54) (65) (55) (57) (32) (90) (60) (71) (83) (59) (43) (53) (24) (84) (72) (21) (23) (91) (20) (40) (58) (77) (42) (73) (38) (56) (8) (49) (92) (94) 
46 (73) (10) (39) (91) (12) (45) (46) (26) (42) (29) (98) (69) (43) (93) (1) (58) (50) (8) (7) (51) (71) (31) (79) (59) (17) (80) (70) (65) (72) (97) (67) (49) (3) (25) (47) (75) (61) (34) (13) (90) (76) (18) (4) (37) (86) (33) (35) (15) (36) (66) (27) (30) (32) (19) (28) 
47 (64) (90) (32) (84) (29) (72) (20) (34) (22) (9) (12) (24) (63) (65) (66) (67) (80) (93) (21) (98) (46) (74) (85) (70) (71) (36) (6) (100) (14) (10) (1) (92) (62) (16) (17) (50) (7) (3) (15) (5) (13) (40) (19) (43) (61) (96) (30) (73) (83) (60) (31) (38) (26) (94) (79) 
48 (51) (93) (3) (54) (58) (78) (97) (81) (89) (10) (65) (5) (11) (48) (2) (41) (39) (60) (30) (96) (71) (59) (37) (68) (28) (82) (53) (15) (21) (75) (32) (70) (95) (22) (88) (19) (29) (42) (36) (31) (8) (87) (64) (16) (57) (24) (34) (46) (72) (38) (91) (83) (90) (79) (25) (6) (47) (67) (9) (50) (98) (20) (77) 
49 (68) (54) (20) (65) (80) (16) (67) (5) (74) (31) (11) (15) (91) (66) (85) (27) (14) (47) (84) (59) (86) (24) (71) (72) (12) (29) (97) (94) (38) (6) (56) (73) (57) (81) (22) (1) (96) (48) (2) (41) (53) (25) (58) (87) (90) (75) (55) (100) (7) (76) (23) (63) (3) (18) (69) (89) (32) (21) (78) (49) 
50 (100) (2) (22) (37) (7) (59) (83) (14) (56) (12) (72) (5) (35) (45) (11) (26) (15) (51) (58) (97) (66) (46) (53) (80) (52) (17) (41) (73) (92) (10) (6) (89) (18) (54) (77) (87) (62) (30) (70) (32) (68) (29) (94) (78) (64) (1) (84) (42) (91) (60) (74) (99) (9) (82) (61) (88) (34) (40) (49) (4) (24) (55) (79) (93) (39) (71) 
51 (76) (26) (93) (96) (56) (29) (45) (20) (17) (21) (6) (33) (54) (70) (16) (95) (59) (75) (64) (68) (74) (40) (32) (92) (65) (81) (97) (52) (79) (46) (14) (58) (39) (89) (53) (57) (66) (28) (8) (99) (55) (88) (77) (25) (100) (85) (60) (82) (91) (63) (34) (86) (27) (38) (80) (94) (67) (71) (44) (47) (73) (11) (50) (35) (5) (69) (61) (72) 
52 (48) (65) (23) (100) (14) (53) (86) (96) (54) (90) (7) (11) (80) (32) (35) (59) (49) (60) (20) (79) (99) (18) (37) (69) (19) (22) (50) (13) (66) (40) (68) (34) (81) (41) (33) (61) (75) (87) (76) (43) (74) (2) (39) (45) (64) (8) (63) (16) (30) (27) (91) (17) (92) (25) (36) (47) 
53 (92) (54) (15) (4) (20) (79) (68) (87) (67) (7) (34) (33) (44) (63) (18) (86) (56) (13) (45) (73) (88) (50) (97) (32) (91) (58) (16) (8) (19) (78) (60) (94) (17) (81) (95) (6) (57) (31) (65) (64) (26) (90) (36) (23) (69) (24) (22) (53) (55) (52) (46) (70) (76) (66) (99) 
54 (83) (4) (91) (56) (55) (44) (16) (37) (29) (72) (97) (76) (68) (22) (92) (19) (64) (2) (93) (85) (99) (49) (43) (28) (5) (48) (10) (90) (65) (96) (21) (60) (23) (20) (26) (40) (82) (15) (41) (57) (30) (62) (98) (69) (87) (63) (39) (27) (17) (94) (79) (38) 
55 (46) (35) (43) (53) (70) (86) (7) (4) (32) (59) (40) (31) (28) (47) (82) (34) (5) (48) (10) (68) (45) (69) (64) (96) (88) (16) (14) (55) (90) (37) (33) (25) (2) (1) (8) (74) (41) (26) (75) (27) (65) (24) (36) (61) (38) (67) (62) (63) (23) (93) (87) (85) (44) (97) (76) (19) (22) (95) (15) (20) 
56 (52) (75) (12) (55) (15) (40) (79) (31) (64) (61) (73) (76) (32) (66) (94) (87) (33) (34) (85) (47) (46) (69) (77) (97) (84) (13) (30) (91) (41) (38) (56) (20) (98) (68) (88) (54) (71) (36) (70) (57) (44) (100) (23) (49) (16) (58) (82) (4) (3) (60) (95) (18) (29) (26) 
57 (14) (59) (51) (44) (65) (75) (87) (93) (8) (71) (56) (85) (31) (29) (91) (62) (25) (84) (76) (2) (78) (37) (98) (42) (94) (52) (79) (50) (60) (77) (96) (54) (10) (38) (92) (28) (17) (97) (90) (26) (30) (89) (27) (100) (83) (86) (7) (32) (82) (68) (74) (34) (88) (53) (69) (15) (9) (11) (49) (45) (61) (6) (46) (21) (64) 
58 (28) (88) (13) (79) (8) (89) (82) (53) (15) (70) (58) (23) (31) (7) (32) (20) (52) (74) (71) (10) (42) (46) (26) (48) (78) (43) (77) (3) (39) (45) (61) (64) (87) (84) (100) (62) (5) (29) (57) (56) (94) (33) (98) (81) (67) (73) (80) (12) (16) (9) (4) (49) (40) (59) (50) (83) (95) (2) (44) (25) (75) (85) (54) (34) 
59 (7) (3) (69) (5) (82) (96) (6) (95) (98) (38) (31) (58) (87) (55) (85) (57) (26) (48) (39) (52) (1) (65) (32) (18) (16) (62) (30) (35) (24) (20) (88) (33) (34) (47) (76) (59) (74) (61) (10) (66) (49) (21) (27) (43) (53) (40) (93) (12) (70) (19) (54) (17) (37) (67) (56) 
60 (27) (67) (38) (74) (34) (17) (47) (22) (79) (62) (61) (88) (54) (39) (92) (10) (96) (59) (53) (64) (32) (85) (16) (18) (28) (12) (76) (57) (58) (73) (9) (26) (87) (5) (68) (86) (33) (77) (31) (43) (3) (71) (99) (46) (44) (84) (11) (75) (36) (94) (72) (42) (24) (1) (50) (52) 
61 (32) (65) (100) (67) (34) (17) (23) (93) (40) (77) (55) (47) (52) (61) (80) (91) (64) (33) (96) (36) (78) (92) (62) (43) (15) (71) (14) (30) (73) (74) (10) (49) (86) (89) (99) (13) (26) (53) (58) (6) (5) (79) (63) (44) (22) (31) (19) (37) (60) (69) (84) (87) (68) (94) (70) (2) (4) 
62 (63) (20) (52) (7) (87) (29) (92) (48) (17) (86) (58) (23) (11) (36) (72) (3) (79) (93) (32) (75) (16) (5) (90) (99) (62) (98) (64) (6) (76) (61) (89) (26) (84) (57) (77) (2) (10) (88) (22) (38) (28) (4) (47) (37) (54) (80) (78) (60) (51) (59) (1) (13) (71) (100) (25) (65) (12) (53) (43) (35) 
63 (28) (11) (77) (7) (30) (51) (61) (86) (79) (1) (84) (54) (63) (60) (19) (88) (95) (75) (67) (50) (2) (96) (80) (38) (46) (71) (24) (47) (94) (27) (23) (56) (82) (26) (48) (10) (52) (17) (49) (53) (43) (83) (45) (70) (66) (76) (42) (55) (44) (5) (58) (69) (89) (32) (78) (16) (64) (90) (91) (57) (35) (36) 
64 (88) (81) (30) (70) (47) (75) (4) (91) (40) (96) (87) (73) (2) (89) (53) (62) (41) (65) (64) (18) (43) (26) (86) (8) (99) (74) (83) (23) (93) (22) (90) (44) (48) (39) (56) (5) (29) (82) (28) (27) (95) (11) (34) (98) (69) (63) (59) (36) (61) (24) (68) (31) (12) (55) (32) (35) (79) (51) (20) 
65 (82) (55) (48) (9) (73) (36) (44) (94) (90) (58) (5) (84) (68) (66) (89) (47) (29) (83) (97) (3) (65) (85) (17) (46) (62) (16) (72) (25) (56) (45) (2) (92) (39) (77) (78) (75) (52) (43) (96) (100) (67) (4) (87) (86) (11) (95) (79) (12) (27) (15) (41) (74) (93) (80) (32) (69) (88) (14) (10) (40) 
66 (5) (95) (56) (33) (31) (3) (49) (91) (30) (60) (29) (83) (84) (22) (80) (67) (99) (4) (48) (70) (37) (25) (65) (79) (17) (94) (10) (87) (76) (16) (45) (50) (55) (51) (11) (8) (2) (18) (64) (23) (93) (7) (63) (57) (68) (89) (58) (96) (47) (77) (74) (27) (15) (69) (66) (53) (81) 
67 (42) (58) (67) (17) (41) (93) (16) (19) (65) (11) (91) (4) (34) (15) (1) (95) (85) (28) (90) (70) (99) (22) (98) (10) (37) (73) (45) (44) (36) (7) (63) (6) (35) (83) (62) (2) (92) (49) (94) (18) (97) (25) (64) (54) (75) (12) (52) (88) (51) (68) (55) (26) (27) (14) (39) (66) (82) (33) (60) (32) (71) (72) (78) (89) (3) 
68 (82) (87) (67) (58) (75) (6) (93) (7) (63) (31) (96) (3) (34) (70) (71) (15) (56) (27) (88) (54) (80) (91) (57) (5) (16) (76) (99) (25) (61) (2) (38) (68) (69) (79) (97) (89) (41) (32) (84) (98) (10) (100) (20) (12) (9) (42) (77) (48) (94) (18) (21) (40) (92) (13) (46) (23) (28) (24) (36) (33) (62) (37) (1) 
69 (80) (73) (60) (96) (16) (33) (19) (98) (78) (49) (5) (6) (86) (67) (82) (39) (11) (18) (24) (72) (75) (15) (9) (45) (61) (83) (38) (91) (71) (27) (12) (90) (63) (81) (88) (95) (59) (48) (53) (28) (31) (3) (44) (21) (25) (69) (87) (62) (1) (54) (51) (76) (22) (50) (30) (42) (55) (64) (97) (14) (34) 
70 (13) (36) (43) (9) (94) (11) (15) (31) (90) (76) (65) (63) (53) (48) (84) (77) (82) (99) (40) (54) (29) (88) (95) (10) (75) (38) (20) (42) (60) (56) (5) (83) (67) (55) (85) (2) (70) (100) (52) (16) (35) (22) (45) (41) (21) (24) (12) (25) (26) (96) (37) (47) (6) (59) (80) (87) (61) (46) (27) (64) (71) 
71 (35) (44) (100) (86) (52) (18) (29) (77) (39) (22) (53) (37) (87) (24) (79) (31) (54) (62) (65) (97) (2) (57) (26) (41) (91) (90) (56) (51) (75) (98) (9) (73) (28) (96) (10) (13) (15) (11) (27) (81) (72) (12) (8) (21) (1) (7) (25) (46) (60) (70) (33) (66) (59) (19) (50) (4) (6) (67) 
72 (31) (88) (5) (27) (76) (89) (1) (22) (16) (28) (64) (47) (41) (54) (4) (53) (44) (70) (12) (79) (52) (46) (49) (72) (86) (34) (35) (74) (15) (100) (57) (85) (78) (18) (50) (83) (13) (7) (87) (14) (21) (91) (33) (17) (59) (29) (42) (38) (43) (9) (61) (55) (80) (75) (23) (11) (3) 
73 (15) (54) (69) (30) (60) (17) (63) (46) (22) (45) (26) (28) (18) (85) (52) (35) (68) (91) (81) (36) (89) (1) (24) (8) (71) (66) (13) (84) (25) (23) (44) (73) (95) (6) (70) (29) (76) (87) (2) (99) (88) (12) (47) (57) (79) (53) (59) (9) (34) (20) (37) (42) (10) (27) (96) (65) (92) (80) (49) (93) (43) (11) (38) 
74 (41) (66) (11) (22) (19) (48) (93) (21) (5) (85) (9) (12) (29) (71) (49) (17) (63) (1) (18) (15) (74) (2) (99) (95) (88) (69) (80) (42) (43) (35) (28) (68) (58) (36) (86) (84) (87) (31) (59) (37) (57) (6) (33) (83) (3) (39) (73) (94) (46) (45) (47) (8) (27) (79) (70) 
75 (76) (41) (78) (73) (30) (18) (22) (93) (42) (25) (100) (58) (33) (87) (28) (94) (5) (27) (82) (59) (72) (79) (43) (63) (47) (35) (39) (6) (86) (96) (55) (36) (85) (83) (12) (44) (23) (16) (10) (32) (60) (20) (19) (56) (51) (62) (40) (49) (75) (90) (1) (88) (81) (9) (2) (13) (37) (66) (38) (26) (67) (91) (15) 
76 (5) (39) (79) (15) (77) (3) (100) (97) (78) (84) (75) (47) (26) (96) (82) (11) (43) (42) (54) (1) (61) (20) (22) (74) (6) (21) (91) (44) (68) (41) (48) (2) (49) (76) (55) (65) (24) (34) (87) (19) (52) (62) (58) (12) (57) (71) (33) (53) (37) (32) (38) (10) (70) (81) (99) (7) (35) (45) 
77 (30) (24) (6) (36) (11) (72) (73) (54) (57) (69) (39) (92) (82) (4) (20) (63) (25) (56) (65) (28) (90) (85) (88) (71) (87) (75) (61) (64) (93) (68) (21) (66) (59) (33) (37) (52) (49) (97) (60) (77) (70) (100) (38) (13) (62) (98) (15) (86) (8) (83) (84) (80) (12) (16) (7) (55) (3) (22) 
78 (75) (76) (3) (36) (58) (61) (31) (18) (24) (60) (4) (7) (83) (87) (97) (82) (93) (68) (95) (73) (94) (65) (17) (86) (6) (71) (5) (27) (43) (35) (66) (90) (57) (12) (37) (2) (9) (16) (13) (67) (15) (47) (80) (55) (89) (49) (46) (70) (63) (33) (26) (64) (48) (44) (74) (84) 
79 (31) (93) (32) (87) (99) (84) (64) (7) (11) (19) (58) (43) (57) (44) (77) (53) (1) (25) (14) (15) (75) (60) (90) (96) (2) (38) (34) (8) (9) (63) (17) (16) (18) (28) (59) (91) (27) (85) (65) (79) (33) (68) (86) (67) (20) (46) (42) (35) (97) (37) (41) (40) (47) (69) (5) (81) (71) (70) 
80 (50) (54) (79) (2) (71) (13) (83) (90) (96) (93) (59) (67) (46) (23) (58) (88) (44) (49) (4) (69) (61) (3) (1) (24) (32) (35) (15) (19) (81) (74) (77) (38) (94) (91) (60) (68) (85) (82) (45) (89) (33) (34) (5) (7) (20) (62) (55) (78) (98) (64) (100) (39) (22) (28) (6) (17) (29) (72) (70) (48) (63) (14) (66) (65) (86) (53) (80) (92) (76) (10) (40) 
81 (11) (7) (32) (24) (100) (33) (10) (25) (78) (77) (54) (93) (13) (81) (20) (28) (49) (50) (27) (40) (36) (22) (42) (83) (5) (41) (87) (88) (38) (51) (71) (90) (55) (57) (63) (8) (99) (21) (30) (94) (62) (9) (44) (97) (39) (46) (72) (69) (61) (84) (37) (98) (16) (48) (73) (68) (60) 
82 (50) (98) (92) (54) (69) (89) (72) (96) (80) (75) (61) (33) (93) (71) (53) (67) (85) (11) (16) (34) (39) (29) (44) (36) (5) (27) (28) (91) (30) (51) (64) (86) (56) (31) (59) (3) (37) (97) (70) (26) (84) (2) (52) (68) (62) (100) (46) (38) (49) (83) (43) (78) (47) (55) (40) (87) (23) (15) (22) (81) 
83 (36) (56) (8) (77) (63) (27) (51) (53) (46) (54) (74) (66) (71) (23) (50) (70) (26) (32) (40) (30) (59) (42) (64) (35) (87) (47) (31) (2) (7) (41) (62) (15) (98) (22) (60) (76) (91) (1) (61) (68) (52) (21) (55) (93) (29) (73) (39) (95) (13) (44) (58) (37) (69) (43) (12) (100) (67) (82) (3) (57) (85) (6) (83) (28) (10) (17) (19) (65) (18) (80) 
84 (95) (51) (49) (29) (6) (12) (30) (35) (32) (9) (8) (65) (87) (61) (62) (91) (80) (54) (7) (27) (46) (16) (88) (31) (67) (71) (76) (37) (100) (96) (93) (92) (86) (28) (52) (5) (64) (79) (90) (24) (33) (4) (17) (43) (77) (58) (14) (2) (13) (59) (1) (50) (60) (53) (83) (81) (10) (40) (25) (94) (69) (99) (38) (70) (22) 
85 (96) (36) (82) (87) (60) (9) (46) (97) (43) (63) (13) (35) (38) (39) (93) (29) (61) (78) (94) (22) (75) (6) (74) (32) (88) (41) (53) (49) (81) (10) (4) (98) (57) (23) (1) (7) (31) (86) (66) (21) (42) (55) (70) (100) (11) (3) (91) (51) (69) (16) (62) (64) (92) (34) (54) (77) (83) (19) (68) (95) (40) (56) 
86 (38) (81) (60) (90) (64) (77) (2) (48) (18) (83) (72) (100) (78) (27) (58) (16) (85) (29) (57) (93) (62) (55) (95) (94) (20) (23) (7) (14) (5) (10) (45) (41) (59) (96) (54) (51) (32) (15) (82) (21) (44) (36) (88) (35) (89) (74) (12) (61) 
87 (70) (11) (59) (91) (100) (92) (41) (3) (28) (45) (31) (38) (75) (47) (53) (99) (33) (46) (18) (89) (58) (48) (40) (98) (26) (24) (95) (56) (36) (42) (50) (6) (76) (9) (86) (80) (55) (37) (16) (29) (43) (14) (87) (97) (19) (94) (35) (15) (39) (25) (78) (17) (12) (20) (93) (62) (82) (79) (30) (13) (54) (66) 
88 (78) (18) (37) (90) (55) (11) (29) (57) (6) (41) (48) (52) (60) (49) (59) (50) (94) (82) (40) (67) (8) (2) (54) (25) (33) (32) (15) (66) (63) (79) (88) (72) (80) (61) (93) (87) (20) (85) (71) (53) (69) (42) (9) (7) (10) (30) (44) (91) (58) (17) (24) (51) (77) (89) (81) (5) (21) (43) (70) (62) (31) 
89 (21) (94) (55) (50) (93) (64) (31) (86) (35) (26) (17) (79) (80) (61) (87) (69) (62) (81) (63) (13) (29) (11) (75) (18) (72) (5) (70) (52) (46) (15) (73) (68) (42) (25) (58) (32) (34) (4) (91) (82) (59) (2) (96) (71) (84) (56) (85) (23) (6) (9) (74) (40) (78) (16) (19) 
90 (21) (69) (50) (16) (38) (51) (8) (79) (80) (57) (89) (86) (19) (44) (60) (41) (26) (11) (83) (4) (98) (59) (78) (33) (73) (42) (29) (47) (7) (96) (63) (87) (53) (54) (46) (30) (13) (65) (67) (100) (61) (74) (71) (66) (27) (5) (10) (91) (32) (99) (88) (92) (23) (14) (36) (64) (68) (97) (25) (34) (90) (56) (55) (15) (70) (58) 
91 (50) (62) (92) (44) (40) (47) (78) (23) (85) (31) (45) (4) (91) (66) (68) (82) (5) (64) (1) (21) (84) (13) (59) (57) (63) (7) (20) (94) (17) (10) (75) (39) (22) (73) (2) (35) (30) (27) (87) (88) (61) (76) (6) (3) (65) (14) (26) (93) (67) (24) (89) (96) (99) (83) (16) (32) (71) (95) (54) (36) (37) (58) (97) (72) (60) (15) (52) (49) (28) (69) (86) (56) 
92 (65) (24) (29) (82) (47) (52) (35) (37) (61) (22) (95) (53) (87) (36) (34) (17) (68) (19) (31) (21) (85) (84) (23) (88) (94) (30) (72) (79) (59) (14) (81) (42) (6) (26) (55) (18) (11) (2) (89) (50) (12) (86) (69) (25) (40) (80) (98) (57) (63) (92) (3) (90) (5) (46) (48) (13) (64) (67) 
93 (93) (46) (84) (42) (71) (29) (77) (35) (64) (48) (70) (53) (32) (36) (28) (82) (72) (88) (24) (90) (75) (41) (1) (37) (31) (76) (86) (66) (11) (58) (5) (79) (43) (6) (39) (62) (52) (87) (9) (91) (14) (8) (96) (85) (10) (57) (80) (59) (67) (20) (21) (63) (16) (34) (7) (60) (38) (15) 
94 (89) (82) (48) (67) (24) (53) (63) (6) (21) (79) (92) (65) (22) (10) (94) (26) (70) (71) (38) (4) (1) (20) (18) (97) (86) (28) (12) (29) (61) (43) (8) (73) (80) (23) (55) (7) (84) (59) (42) (69) (60) (13) (54) (25) (11) (98) (19) (68) (47) (66) (36) (75) (32) (76) (44) 
95 (65) (87) (54) (67) (64) (12) (91) (25) (33) (15) (41) (29) (38) (49) (89) (40) (80) (39) (98) (28) (94) (45) (34) (95) (32) (58) (13) (56) (10) (46) (50) (96) (78) (59) (37) (77) (30) (22) (14) (63) (55) (17) (97) (24) (69) (51) (74) (53) (43) (35) (86) (85) (90) (23) (21) (48) (27) 
96 (46) (66) (94) (62) (16) (53) (60) (57) (30) (7) (35) (49) (48) (97) (58) (9) (28) (45) (56) (38) (40) (72) (81) (65) (87) (1) (75) (17) (8) (99) (78) (47) (34) (64) (70) (96) (90) (27) (91) (6) (29) (2) (55) (20) (39) (77) (43) (31) (67) (44) (11) (59) (85) (98) (82) (63) (42) (80) (76) (33) (14) (69) (83) (61) (51) 
97 (44) (74) (48) (94) (58) (25) (92) (70) (27) (31) (36) (71) (95) (41) (21) (42) (66) (59) (40) (20) (65) (77) (81) (12) (91) (39) (51) (93) (53) (7) (26) (97) (11) (90) (33) (43) (17) (50) (87) (30) (6) (52) (34) (16) (75) (62) (45) (79) (85) (69) (64) (9) (84) (76) (22) (14) (78) (73) (80) (100) (46) (99) (49) (19) (55) (72) 
98 (98) (95) (3) (26) (56) (23) (83) (27) (73) (51) (55) (43) (54) (74) (77) (11) (37) (88) (63) (79) (45) (36) (18) (19) (15) (22) (80) (39) (75) (6) (100) (81) (8) (65) (38) (16) (47) (84) (40) (34) (97) (53) (13) (44) (61) (82) (86) (85) (72) (48) (71) (29) (35) (52) (41) (5) (59) (46) (93) (68) (32) (30) (69) (10) (31) (78) 
99 (46) (71) (75) (54) (42) (63) (89) (74) (27) (94) (53) (34) (57) (91) (51) (83) (4) (85) (3) (29) (5) (40) (19) (21) (92) (18) (28) (52) (99) (59) (49) (69) (61) (31) (79) (37) (13) (20) (33) (11) (14) (64) (44) (2) (25) (7) (86) (90) (87) (38) (35) (82) (1) (50) (66) (62) (93) (12) (96) 
100 (87) (80) (46) (16) (10) (75) (33) (5) (31) (44) (1) (74) (50) (69) (30) (36) (27) (97) (62) (98) (24) (18) (91) (60) (2) (70) (86) (63) (45) (53) (43) (23) (15) (6) (8) (67) (56) (42) (7) (35) (52) (13) (3) (39) (100) (93) (79) (64) (71) (88) (57) (29) (83) (72) (41) (25) (77) (28) (59) (38) (95) (90) (17) (47) (37) (61) (4) (32) (14) 
