0
100
100
1 (5) (45 14 57 54 89 44) (73 8 12 65) (63 39 72 11 68 62 42 66 71) (4 67 30 74 61 85) (26) (53 90 23) (7 36 52) (40) 
2 (22 47) (55 23 18 13) (58) (26 21 11 32 83 39 40 96 17) (60 42 31 33) (72) (59 34) (63) (46) (28 92) (12) (99) (91 84 1 67 93 68 8) (89 85 66 53) (81) 
3 (84) (90) (53) (68 62 14) (43) (21 42) (73) (10 80 59 24 92) (60 89 76) (75 46 34 15 35 30 26) (47 81 93) (48 79 85 17 67 3) (19 63) (20) (37 83 2 13) (64) (12) 
4 (8 3 25 6 72 93 42) (53 26 24 69 13 74 75 86 33) (2) (59 38) (71 50) (22) (14 23 15) (91 68 29 32 90 5) 
5 (52 34 82 10 64 29) (97 45 8 22 80 25 19 42 79 23) (91 6 58) (92) (12 68) (51 85 40) (98 86 9 5 32 57 65) (66) (27) (46 70) 
6 (19 29) (21) (50 33 12 95 86 24 100) (4 71 32) (89 73 36) (75) (79 37 16) (80 45 93 56 78 91) (57 97 26 88) (25 6 18 62 46 43) 
7 (61 99 57) (86 41) (78 52 68 33 9) (37 38 93 21 59 32 48) (43 92 36) (65) (19 81) (17 98 96 12 73 84) (16 49 76 25 47 62 22) 
8 (45 11 82 23) (6 73 53 84 94 52) (47 67 54) (2) (46 3 7 31 77 39 17 30 93 36 92 70 28 90 91 100 9 62 37 41 97) 
9 (78) (63 51 7 80) (96 33 44 14 15) (53) (18 59 82) (50 12 74 1 98 85 38 79 9 90 34 4) (92 8 73) (69 71) (76 65 41) (68) 
10 (80) (37 94) (55 91 85 97 28 6) (51) (95) (39 58 59 88 21) (4 30 56) (60) (83 90 98 54 66 16 23 12 24 2 35 47) (52) (41 42) (76) (61) 
11 (46) (52 29 31 6 22 11 35) (4 20 62) (95 27) (92) (70) (2 94) (36 38) (76 9) (59 15) (85) (39) (98) (72 67) (43 19) (75 41) (99 34 87 44) 
12 (61 21) (88 86 6 93) (54 26) (71) (24 53 41 18 37) (60) (51) (78 15 90 31 29 64) (73 13 32 17) (66 89) (91 100 97 63 80) (98 33 5) (35 49) (87 57) (46) 
13 (31 9 35 3 72) (22 29) (93 32 82) (94 63 76 74 4 89 62 100) (96 69 10 85 45) (20 95 43 38 33 57 36 1) 
14 (8 6 82 12) (26 77 37 2 100) (85 97 11) (68 34 24 25 41 47) (81 27 28 49 70 89) (48 58) (66 55) (45) (38 9 4) (46 40 83 62) 
15 (41) (43 85 19 81) (66 21 16) (95) (72) (94) (51 14 71) (8 92 68) (74) (53 99 57) (11 45) (80 3 25) (93 30 5 70 67 27 69) (24 6) (7 84 86) 
16 (30 84 79 12 56 20 62) (40) (44 17 1) (87 19) (13 77) (71 59 83) (61 82 32 52 72) (3 34) (76 97) (49) 
17 (11 12 36) (15 63) (40) (9 62 30) (26) (33 53 21 52 17 38) (32) (4 79 97 31) (61 43 34 39 92) (51) (84) (83 41 28 5) (74 19) (94 44 18 7 73) 
18 (94 73) (28) (71) (80) (79 23) (34 60) (88 81 42 30 33) (16 2 38 93 31 87 53 27 26) (51) (67 39 24 35 86) (36) (4) (64) (99 70 46 95 19 13 17) 
19 (96 26) (70 1) (8 51 2 82) (55 3 67 65 68 58 97 29 11 10) (36 84 46 42 62) (92) (12 35 31 56 21 86) (90 49 88) (37 85 91) (95 73 53) 
20 (88 82) (81 87) (39) (59 95) (49 77 76 64 90 99 63 20) (18) (69 8) (19 51 30 46) (26 5 58 89 33 48) (32 7 9 78 22 10) (65 79 36) 
21 (72 43) (45) (24 41) (42) (64 8 30 86 82 5) (65 76) (98 100 97) (78 6 3 20) (25 68) (73 31 71 38) (18) (99) (69 26 40) (90) (47) (10 9 87 35 96) 
22 (5) (68 8) (18 61 16 88 82 48 28 31 45 30 65 56) (47) (91) (64) (80 22 62 97) (100) (72 25 11 37 69 73 40) (76 35) 
23 (44 37 48 92 26 29 90 59 19 25 96 66) (12) (81 15 1) (58 41 43 60 79) (83 65 91 75 13 49) (36 38 72 70 6) (53 52) (86 9 11) 
24 (14 31 24) (29 78 57) (69) (61 43 44 20 74) (30 80 12 89 8 65 88 17) (90 96 75 72 56 7 15 47 82 27 3 64 55 66 36 48 28 13 97 93) 
25 (25 21 96) (83) (9) (87 42 70 40 50) (64) (30 48 16) (89 84) (62 1 4 19 6 36) (13 71 26 38) (11 51 47 54 80 63) (90) 
26 (34 91 40) (93 73) (16 30 14 12 58 39 29 75 60 18 64 94 6 98 5) (22) (87 36 65 86 37 71) (33 61 8 90 55 10) (9 59 92 42 80) (41 97) (52 48 74 46) (82 77 63) 
27 (99 56 19 32 53 2 69 11) (29 36) (38 92 76 16) (37 15 27 71 98 47 81 100 57 35 96 45) (39) (22 28) (78 5 52 58 82 68) (33 93) (44 64) (60) 
28 (71 56) (59 65 39 28 82 99 57 8 83 58 20 54 61 94 100 23 13) (10) (14) (50 64) (67 96 49 66) (17 76) (38) (35) (11 44 93 97) (25 37 81) (26 7 62) (74) 
29 (92) (28 20 40) (82) (79 93) (48) (50 24) (4 43 21) (90 1 83 62 3 16 74 68 91) (55 10 15) (30) (73) (8 34) (63 19 39) (61 89 88 52) (86) (22 25 14 75 33 85 99 59 35 56) 
30 (90 3) (17 38 32 46 6) (71) (25 57) (49) (24 13 33 74 76 19 89) (26 15 11 28 58) (98 44) (42 37) (81 66) (22) (77 93 59) 
31 (61) (13 9 49) (81 54 27 14) (78 99) (1 100 39 85 56 22 42 75 96 11 36 89 71 97 79) (69 31) (25 93) (83) (45) (44 38) (20 90 48 92 55) (76) 
32 (63 2 86 69) (47 91) (34) (51) (49 42 72 4) (44 81 13) (55) (39 64 62) (10 18 16) (32 93) (58) (45 65 43) (54 50) (95 6 98) 
33 (86) (23) (58 93) (24 11) (25 89) (100) (81 88 64 73 96) (63 34 90 76 41 38 3 20 43 52) (69 55 22 1 18 61 77 57) (2 68 56) 
34 (31 6) (12 44 97) (58 61 80 65 17) (18) (15 63 2) (37 23) (96 59 84) (99 51 91 32 86 9 11 10) (50 62) (81 24) (70 20 28) (22 68) (98 35 19 94) 
35 (97 42) (38 70 67 2 69 24) (45 87 14) (72) (6 96 55) (91 43 76 4 26) (65 88) (3 47 100) (34 98 30 40 23) (81 75 68 63 78 46 18 61) (99) (94) (5 73 12) 
36 (79 27 61 99 15) (26) (85 14) (92 55 58 4) (89 32 23) (28 34 54 38 75 82) (70 80 98) (62 18 24 57 30 10) (86 53 63 5 64 9 20 69 60) (83 95 65 71) (87 7) (41) (73) 
37 (73 17 76 91) (89 95 8 9 38) (3) (69) (83) (31 92 66) (55 51) (74 25) (14) (47 100 16) (40) (61) (21) (19 64 99 87 2) (50 88 22 63) (82) (81 70 97) (57) (56 71) 
38 (42 78 48) (35 92) (47 54 3 67 51 29 70 96 37 72 14 18 25 80) (74 11 5) (1) (59 91 52 50 95 21 24 9) (71 61 60) (7 100 98) 
39 (87) (86 6 35 48 4) (30 46 97) (37 49) (39 91 73 58 44) (19 93) (24 75 76 71 15 61) (20 78 62 45) (85 25 11 14) (57 92 5 8 100) 
40 (78 40 96 17 13) (25) (28 34 83 39) (33 36) (27) (86) (24 87 85 61) (99) (12) (82 74) (2 45 84) (62) (14 32) (7 8 23 35 72 60 81 76 41 71) (75 51) 
41 (67) (34 72 85 37 64 25 71 12 5) (23 79 66 68) (74 10 75 45 41) (78 83) (20) (40 60 96) (65 80 22 94 93 88) (63) 
42 (35 60) (26 70 53 36 85 14 47 17 49) (99 74 31 51 65) (4 59 54) (39 6 20 87) (84 52) (90 24 41) (16 73 58 89) (62 23) (15) 
43 (77 4 34) (86) (66 56 68) (5) (54 74 28) (83 9 87 93 39 33 7 16 59) (92 70 2) (72 79 90) (100 14) (97 27 60 30 73 89 36 12) (31 84) (49 13) (41) (10 22 25) 
44 (75) (59 21 72 5 2 44) (68) (25) (46) (76 34) (42 79) (87) (9 96 13 38 62 100 8) (94 78 74 66) (92 85 17) (80 43 30) (55 52 71) (12 6 49 70 77 10 45 90 82 29 7 11) (57 64) 
45 (62 98 28 11 64) (12 4 50) (2) (27 47 36) (95 89 5 29 45) (26) (84) (52 44) (54 14 77) (34 41 1) (23 31 71 38 46 33 86) (7 42) (25 82) 
46 (51 68 50 76) (100 60 15 80) (28 94) (21) (5) (34 31 27 44 59 29 66) (25 18 52 67 7 48 88 11 73) (16) (74 95 79 57) (4 86 40 47 20) (65 17) 
47 (23 87 35 97 64 61 72 54 59 26 34) (43 98 29) (85 57 18 51 42 21 67 95) (33 79) (78) (53 36 50 30 45) (3 12 38 4) (25) 
48 (99 30 69 3) (82 70 64) (31) (80) (100) (55) (22 85 9 96 8 38 75 27 10 32 78 1 23 16 51 98 34 40 83 45 65 87) (94 49 56) (17 74) (68) (5) (81) 
49 (51 12 74 10 87 70 32 100) (90 61 71) (80 73) (14 15 24 11 64 44) (57 16 68 52 39 59) (83 67 3) (92 98) (82) (20 21) (56 95 19 9 54) (77) (94) 
50 (100 77 27) (67) (48 76 10) (53) (84) (94 83 2) (79) (3 15 92) (45 19) (86) (87 20) (26 51) (24) (69 72) (30 8) (56) (78 18 9) 
51 (47 46 100) (89 11 16 73 36 5) (75 20 64 29 72) (48 37 10 6 88) (61 97) (40) (80) (19 22) (43 56 99) (12) (87) (31 26 25 32) (79 60) (23 57) 
52 (44) (59 39 89 15 36 93) (26 87) (84 38 29 37 79) (31 54 86 18) (78) (90 11) (46) (76 17 99 6 95 32) (64 80) (57 97 94) (65 82 56 62 27) (22 24 5 43) (23) (49 60 61 52 45 42 47) (34 33) 
53 (97 7 70 96) (54 44 17) (29) (18) (61 25 6 92 83 95 73 100 64 43 4 41) (37) (20 59 45 19 80 94 99) (52 82) (10 71 36 79 46) (8 57 34 38 16) (65 60 78) 
54 (45 34 93 38 89 51 2 28) (99 78 46 64 15 74) (86 35) (41 10 6 88 77 27 23) (19 83 55 53 13 58) (54) (37 72 57 84) (18) 
55 (46 71 93 70 76 24 12) (87) (64 41 60 36) (19 40 14) (48) (82 68 13) (15 72 94 47 67) (11 98 23 79) (57) (22) (66) (33 56 99 7 61) (95 42 20) (54) (62) (53 88 100 92) 
56 (96) (46 28 94 20 24 53 3 54 34) (4) (61) (58 67 74 92 82) (5 68) (1 51) (80 90 79 6 15 38) (87) (44 41 2 19) (8 78 64 83 21) (43 22) (49 12 98 89 23 16 56 85) 
57 (80) (27 46 81 73) (44) (88) (92 52 3 94 22 28 86) (4 54 50 17 15 93 49 97) (60) (25 1 82 90) (59) (37 100 84 30 34 65 2 98 76 16 5 62 24) 
58 (70 32) (48) (68 4) (31 71 33 84 30) (82 46) (66 29 51 93 5) (59 9 39) (7 58) (42 12 40 22 63 43) (91 34 21 89 15 98) (53 64 45) (86) 
59 (13) (32 12) (16) (10 84 94) (78 66) (9 24 99 71) (42 74 57) (21 96 6 100 72) (95 98) (63 54) (14) (89 8 27 40) (81 92 38 1 45) (85) (70) (62) (59 5 91 49) 
60 (45 75) (26 71 80) (47) (37 73 43) (6) (24 23) (25 7) (78 61 64 91 2 85) (92) (41 14 31) (69 58 4 76 60 99) (70 8 42 57 72 82 28 29) (22 67 89 16) (90 36) (49) 
61 (23) (72 64) (25 54 88 94 77 93 82 69 96 7 74 61) (14 30) (38 87 24 1 5) (2) (71 11) (99 59) (28) (8 21 47) (97) (46 90 19 49) (18) (3 65 76) 
62 (11 66 67 25) (8 7 38 9 37 23 78 27 72) (50 95 55) (41 49 86 44 34 30) (61 71 3) (17) (21 64 2 24 28 16 68) (15 62 75 29 39 89) (4 22) (12 70 42 48 32 60) 
63 (57) (25 33 8) (80 72) (20 45) (87) (90) (7 28 2 78) (73) (6 79 99 29 96 82) (100 10 54) (22 81 59) (69 97 70 18 91) (63 3 27) 
64 (16 93) (95 8) (45 76 26 58 41 66 48 12 14 4) (21) (15) (13 86 80 55 20) (42) (2 84) (82 18 3 91 64) (94 75) 
65 (25 74 63) (69 86 51) (91 75 20 62) (95) (24) (8 87) (65) (16 2) (23 85) (39 31 30 84 4) (5 22 48 77 96) (27 93 28 3 66 10 92 40 64 94 83 79 12) 
66 (80) (86 22 49 32 83 29 58 60) (93) (73 10 95) (79 75) (34) (11) (14) (47) (64 57 23 37 88 20 21 74 15 98) (28 52 6) (35 41) (44 1 3 77) (65) (33 25 71 4 13 85 89 78 59 72 24) 
67 (95 3 89 22) (42) (90) (5) (15 6 85 92 50 35) (91 61) (14 66 18) (98 60 74 8 86) (59 87 26 67) (7 23 96) (64 100 10 99 53 28) 
68 (36 3 77) (72 93 23 34) (49) (31 69 15 9 71 88 98 7 46 27 61 80 40) (11 4) (87 62 63) (20) (1) (58 67 57 82 74 28 41) (12 85 54 21 70 44 53 90 10) 
69 (70) (56) (90 76 42 83 41 89 78 15 96 29 5 55) (16) (52 21) (14 43 13) (63 93 72 85) (94 31) (100 87 99 23 37) (54 60) (32 82 80 2 97) (79) (68) (62) 
70 (44 60 81 37 40 22 23 57 80 98) (78 10 93 58 39 73) (83 56 26 48 25) (27 75 20 13 19 59 68) (64 66 12 77 6 14) 
71 (94) (1 28 56) (57 100) (89) (30 58 81 39 23) (59) (49 90) (26) (76) (31 83 16) (74 36) (2) (95 41 61 68 29) (97) (84 19) (22 37 51 6 88 33 17) (38) 
72 (32 21) (79) (98 70 86 93 76 61) (87 89 2 4 7 5 18 17 19) (42 64 50) (11 51) (43) (82 26) (38 60 100 34 80 20 35 23 59 33 14) 
73 (76 69) (44 80) (48 88 57) (15) (86 27) (89) (83) (30) (75 93) (66 60 17) (55 13 70) (74 4 45 10 90 52) (37) (24) (20) (56 5) (59) 
74 (67 81) (58 16 69 12 28 35 93 65) (14 17) (5 6 84 1) (37 3) (89) (20 72 55 90 62 43) (31 2 98 13 8 53 91 49 34 70) (66) 
75 (86 25) (1 71 4) (76 69 14 65 8 3 85) (41) (29 79) (97) (61 9 36 75) (28 45 40) (94 88) (84 99 78 56 67 31 100) (21 46 37 54) (83 34) (5 24 50) (89) (38 6 32) (90) 
76 (76) (61) (35) (58 82 100 91) (18 87 57 69 72 24 5 7) (88) (73) (14) (94 56 71 90) (83 81 62 6) (78 89) (45 39 30) (36 11 37 70 41 1) (29 3 28 26 66 99 42) 
77 (9 70 32 42) (51 39 12 5 24 71 96 78 69 41) (6 27 65 67) (43 37 68 89) (81) (85 73) (10 88) (91 29 50 77) (20 40 64 1 16 34 94 55 44) 
78 (54 95 51 25) (61 97 9 21 38 100 91 92) (64 13) (24 72 60 22) (88 77 29 70) (46 82 10 34) (56) (11) (18 15 99 94 12 5) (80 89 30 41 3 73 98 14 79) (59) 
79 (91) (98) (4 51 68 42 74 27) (62 84) (100) (12 57 95 21 14 53) (32) (88 33 50) (96) (99 17) (85 77) (10 79 39) (18) (44) (1 15) (61 9 29) (20 30) (16) (83 87 8 66) 
80 (82) (38) (43 48) (7) (69 60 4 88 90 94 50) (93 26 11) (89 39) (77 20 87 64 17 37 67 46 30 71) (25) (3) (23 99) (59 6 10 74 83 15 19) (8) (84 62 27 34 13 78 57) 
81 (80 98) (19 31 52 64) (11) (78) (24) (76) (29 18 92 58 85 43 82 65 61) (41 73 88 60 84) (6 81 63 33) (90) (14 16) (87 91 21 20 1) 
82 (81 79 64 72 11 22 73) (54 60 85 87 43) (96 41 49) (47 14 61) (38 50 71 3 18) (9 44 27 45 66) (13 12) (1) (46 74) (69 51 5) (98 55 53) (90) 
83 (82 74) (81 61 67 13 2 58 59 100 23) (87) (68 56 65) (91 60) (44) (32) (73 76 48) (79) (49) (92 69 95 75 12 45) (17 43 20) (77) (19 57 40) (10 28 37 3 33 72 38) 
84 (69) (42 91) (97) (33 6) (47 98 1 55 60 24 27 95 52 100) (20 88 22 28) (32) (4) (75) (29 50) (12 96 85 82 66 44) (17 94 21 92 51 80 64 70 87 40 65 76) 
85 (15 79 4) (65 2 49) (32 18 42 62) (94 71 27 76) (73) (23) (17 16) (77 28 46 31 83) (26 63 92 36) (37 22) (5) (57) (74 97 66) (55 86 52 13) (98 75) 
86 (85 64 12) (41) (37 71 98) (73 15) (55) (87 80) (19 1 20 59 38 35) (24 53 48) (39) (44 36 72 66) (25 26) (43) 
87 (86) (96 9) (77 51 17) (59) (70 46 85 67) (48 8) (20 32 28 21 45 52 55 41 90) (26 84 4 7 27 73 65) (82 71 22) (36 30 18 5 76) (10 3 94) (24) (35) (99) 
88 (99 45 2 38) (81 33) (94 62 34) (76 72 75) (89 70 19 22) (15 63 87 21 67 28 17 31 91 11 24 79 93) (29 27 50) (13 54) (66 23 6) (46 20) (36 35) 
89 (88 63) (14 60) (23 35 5 17) (42 45) (91) (82 84 59 28) (95) (30 8 13 22 80) (36 47 70 12 44 50 7) (33) (15 83) (19) (6) (94) (72 32 87 20 73 64) (61 54 66 49 34 38 16 97 74 24 65 51 29) 
90 (97 37 6 41 28 99 49 52 15) (18 60 48 13) (67 57 7 71) (82) (1 3 78 75 10) (34 30 22 33 77 17 44) (14 65 90) (40) (93 63) (81) (16) (38 64) (80 84 2) 
91 (14 1 94 34 15) (60 68 72 61) (40) (37 79 87 86 39 46 52 12 6 77) (17 5 50) (11 18 21) (55 88) (64 33) (70) (76 32 81 43 23 89) (99) (93) (29) (59 96) 
92 (63) (57 23 65) (50 70) (84 14 67 39) (52 25) (47) (38 41 18 75 56 64) (59 80) (31 19 30 90 21 5 48) (24 71) (58 96 51 13 86 87) 
93 (22) (37 46 8 85 79) (40 1 58 59) (27 48 38 50) (7 99 91 51 32 5 12 45 3) (89 98 47 18) (16 94 60 68) 
94 (11 37 17) (62 26 47 40 7 96 89) (33 45 57 34) (64 23 2 79) (51 49 92) (74 38) (21 60 78 12 97) (91 90) (61) (71 8 14 28 35 3) 
95 (59 62 56 16 26 32 86) (72 55 15) (17 31 43 42 91) (78 50 45 81) (54 40 99 64 18 20 100) (83 23) (80) (35) (84 2 29 74 47 34) 
96 (33 29 26 40 93) (42 99 77 73 17 94 49 9) (8 53 91 85 81 11) (45 14 60 46 41 37 24) (22 100 30 57) (28 35) 
97 (58) (71) (47 9 100 43 63) (76 40 34) (53 69 91) (79 28 12 93 78 4) (37) (41 57 66 24) (19 74) (92 32 50 98) (87) (38 77 89 25 52) (83 44 33 59) (95 81 6) 
98 (21 59 33 15 23 11 38 70 84 74) (92 16 42 65 87 14 12 48 77 96 9) (88) (81 85 20 98) (100) (47 82 61 4) (60 55) (95 52) (51) (76 78) (13 91) 
99 (98 92 35) (88 77 68 24 65 93 17) (34 74 19 37 82 22 13 94) (27 43 20) (99 56) (15 69) (26 79 55 39 54 42 96) (36) (28 21) (32) (81 49 64) (30 63 25) 
100 (38 67 36 59 28 58 12) (24 88 74) (65 91 60 98 84 32) (53) (80 95 11 96 45 43 29 31) (49 9) (50) (78) (3) 
1 (38) (33) (9) (84) (56) (13) (91) (66) (48) (82 57 71 2 68 61 19 77 74) (90 29) (86 45 16 25 93) (79 31 76) (75) (59 23) (81) 
2 (65) (34) (69) (45) (19) (35) (72) (60) (85) (14) (83) (27) (11) (32) (94) (18 90 33 64) (88 10) (40) (54) (57 8 3 43) (95) (56) (50) (63) (74 44 62 71 37 61 4) 
3 (75) (15) (19) (66) (65) (100) (30) (83) (80) (94) (76) (47) (93) (29) (3) (82) (61) (8) (63) (50) (67) (21) (16) (49) (37 33 78 4 62 90 57 13 35 24) (87) (74) (48) (68 56 64 38) 
4 (29) (32) (68) (80) (87) (66) (75) (79) (58) (47) (11) (1) (6) (64) (9) (57) (13) (14) (35) (46) (73) (98) (43) (53) (18) (17) (42) (60) (65) (72 62 97 84 39 45) (85) (25 36 10 56) 
5 (48) (89) (15) (41) (58) (87) (21) (1) (93) (82) (61) (44) (22) (5) (43) (91) (85) (17) (56) (67) (36) (69) (20) (78) (45) (74) (38) (77) (52) (72) (75) (4 39) (92 46 59 57 65 27) (76 26 35 12 73 51) 
6 (51) (66) (59) (76) (39) (21) (56) (81) (5) (88) (23) (90) (52) (63) (77) (89) (25) (26) (97) (44) (70) (32) (15) (84) (11) (42) (80) (74) (75) (14) (91) (4) (30) (8 60 12 6 67 35 10 71 34) (54 53) 
7 (20) (58) (46) (24) (67) (61) (90) (15) (80) (1) (36) (76) (43) (55) (53) (87) (28) (60) (72) (44) (62) (38) (45) (68) (8) (94) (9) (17) (89) (40) (93) (63) 
8 (56) (74) (64) (59) (79) (29) (1) (89) (44) (21) (48) (96) (63) (14) (80) (2) (60) (5) (94) (62) (20) (39) (40) (22) (50) (28) (65) (4) (19) (53) (24) (26) (15) (67) (9 37 61 87 93) (75) 
9 (37) (82) (17) (26) (59) (11) (48) (8) (7) (50) (77) (68) (79) (20) (21) (78) (9) (5) (58) (23) (38) (97) (98) (62) (14) (34) (49) (100) (44) (13) (25) (43) (36) (87) (31) (75 96) 
10 (13) (5) (43) (19) (20) (73) (70) (34) (49) (3) (66) (67) (80) (68) (36) (79) (65) (28) (90) (53) (44) (50) (41) (51) (78) (83) (29) (59) (48) (87) (77) (63) (21) (54) (26) (32) 
11 (49) (27) (55) (76) (23) (62) (81) (96) (2) (78) (52) (66) (30) (88) (11) (80) (17) (98) (51) (82) (22) (91) (46) (39) (72) (45) (8) (25) (38) (14) (28) (100) (44) (15) (31) (34 61) (33 68 1 19) (94) 
12 (78) (79) (77) (43) (44) (47) (5) (84) (34) (19) (6) (41) (83) (62) (16) (2) (97) (23) (45) (100) (1) (3) (49) (51) (70) (10) (56) (64) (9) (35) (14) (40) (93) (68) (26) (91) (74) (86 94 59 82) (7) (55 89 24) (58 98 17 65) 
13 (54) (55) (40) (83) (99) (78) (89) (32) (64) (30) (31) (18) (73) (12) (25) (69) (59) (4) (28) (80) (16) (85) (44) (3) (74) (82) (23) (92) (43) (88) (66) (24) (90) (70) (2) (98) 
14 (94) (70) (69) (76) (74) (15) (98) (24) (90) (59) (26) (40) (67) (82) (38) (1) (75) (60) (89) (31) (4) (64) (29) (96) (78) (37) (79) (61) (92) (45) (39) (3) (72) (35) (66) (49) (42) (55) (91) (81) (28) (43 9 36) 
15 (30) (42) (91) (27) (52) (67) (39) (89) (36) (68) (78) (98) (34) (11) (64) (69) (56) (24) (29) (79) (3) (54) (17) (85) (73) (66) (23) (88) (49) (57) (90) (55) (12) (62) (9) (86) (58) (4) (80) (95) (99) (50) (46) 
16 (69) (7) (85) (71) (98) (22) (18) (29) (6) (79) (56) (60) (26) (53) (10) (25) (27) (46) (89) (59) (48) (90) (51) (57) (93) (62) (43) (74) (64) (77) (49) (95) (42) (81) (65) (37) (32) (15) 
17 (90) (3) (37) (52) (46) (94) (24) (8) (95) (71) (89) (44) (12) (53) (17) (57) (34) (2) (73) (79) (28) (91) (88) (99) (84) (87) (85) (83) (7) (18) (16) (62) (96) (74) (30) (40) (42) (48) (80) (72) 
18 (76) (72) (91) (92) (33) (9) (61) (82) (32) (38) (53) (46) (64) (93) (52) (47) (87) (6) (22) (17) (34) (50) (26) (63) (36) (35) (20) (12) (79) (67) (54) (21) (81) (90) (95) (78) (2) (85) 
19 (81) (7) (56) (70) (54) (15) (89) (18) (51) (50) (37) (17) (92) (39) (83) (53) (23) (25) (20) (61) (86) (71) (16) (55) (3) (34) (30) (97) (5) (99) (6) (11) (88) (49) (80) (72) (27) (29) 
20 (65) (88) (33) (13) (36) (66) (80) (11) (31) (29) (49) (39) (55) (51) (95) (21) (50) (24) (87) (73) (83) (41) (81) (70) (86) (28) (77) (68) (3) (16) (79) (34) (46) (64) (63) (20) (89) (74) (56) (42) (99) (84) (53 72 98) 
21 (69) (7) (88) (59) (56) (92) (19) (46) (98) (72) (37) (64) (25) (81) (17) (78) (47) (49) (62) (10) (44) (2) (94) (38) (91) (61) (79) (12) (75) (84) (3) (66) (68) (6) (58) (15) (99) (29) (87) 
22 (37) (2) (30) (31) (65) (52) (71) (62) (11) (99) (33) (70) (90) (89) (4) (60) (27) (22) (82) (58) (5) (55) (87) (43) (84) (66) (93) (88) (67) (78) (7) (41) (13) (85) (56) (63) (51) (34) (20) (48) (26) (57) (96 29) 
23 (51) (52) (88) (10) (83) (55) (66) (36) (8) (34) (72) (65) (80) (40) (91) (61) (62) (5) (54) (41) (92) (70) (4) (33) (45) (2) (35) (18) (42) (1) (89) (56) (94) (95) (85) (69) (71) (67) (48) (47) (98) (60) (68) (28) 
24 (33) (84) (62) (18) (59) (87) (40) (92) (88) (36) (6) (30) (10) (55) (29) (66) (77) (21) (78) (89) (39) (42) (97) (56) (14) (4) (15) (38) (61) (60) (75) (35) (57) (76) (86) (73) (49) (96) (99) (3) (24) (65) (34) (50) (52 100) (12 81) 
25 (51) (22) (33) (46) (45) (65) (97) (44) (41) (78) (30) (28) (37) (99) (5) (29) (70) (39) (23) (86) (43) (21) (38) (92) (47) (63) (7) (4) (25) (80) (66) (62) (75) (60) (40) (6) (53) (57) (31) (14) (61) (15) 
26 (64) (3) (25) (76) (52) (14) (70) (12) (60) (51) (87) (94) (85) (67) (95) (17) (72) (18) (42) (21) (35) (2) (1) (19) (86) (28) (50) (20) (36) (71) (30) (45) (23) (47) (99) (96) (6) (80) (4) 
27 (68) (31) (73) (80) (52) (82) (70) (79) (5) (85) (99) (45) (57) (18) (62) (54) (43) (88) (63) (87) (11) (15) (24) (65) (46) (27) (50) (48) (84) (59) (14) (77) (93) (36) (40) 
28 (94) (65) (84) (2) (40) (57) (60) (88) (46) (100) (54) (61) (43) (62) (18) (90) (63) (75) (97) (22) (36) (28) (74) (67) (24) (30) (66) (71) (29) (87) (45) (8) (17) (27) (68) (96) (99) (10) (34) (85) (89) (83) (76) (14) (56) 
29 (58) (96) (12) (13) (62) (81) (5) (46) (91) (84) (24) (26) (6) (95) (38) (77) (51) (53) (47) (75) (63) (100) (11) (27) (66) (79) (78) (23) (69) (19) (44) (60) (71) (88) (4) (52) (76) (89) (45) 
30 (8) (24) (62) (90) (58) (96) (50) (73) (92) (99) (17) (25) (26) (29) (18) (20) (89) (76) (57) (10) (1) (65) (44) (43) (15) (39) (80) (21) (3) (36) (71) (78) (35) (48) (22) (16) (79) (61) (47) (87) 
31 (11) (100) (46) (17) (51) (69) (74) (48) (19) (22) (85) (81) (43) (88) (65) (18) (71) (2) (42) (24) (58) (45) (52) (60) (21) (34) (13) (95) (68) (92) (31) (12) (37) (75) (8) 
32 (95) (16) (49) (99) (62) (93) (27) (83) (87) (52) (72) (79) (89) (32) (12) (2) (36) (51) (13) (75) (20) (58) (5) (7) (59) (48) (85) (40) (69) (100) (4) (97) (17) (77) (66) (6) (30) (34) (84) (91) 
33 (6) (29) (81) (45) (47) (2) (98) (66) (52) (17) (72) (9) (83) (84) (89) (13) (12) (27) (94) (97) (20) (63) (55) (58) (30) (4) (7) (18) (79) (71) (40) (90) (26) (91) (88) (96) (43) 
34 (78) (57) (90) (88) (16) (52) (5) (17) (9) (72) (58) (77) (80) (35) (46) (94) (26) (74) (40) (95) (91) (54) (48) (89) (29) (75) (32) (11) (2) (36) (33) (47) (99) (62) (45) (3) (97) (66) (14) (53) (41) (68) (56) (18) (43) (44) 
35 (19) (76) (38) (88) (72) (47) (96) (95) (34) (12) (40) (13) (54) (67) (28) (42) (89) (86) (74) (66) (29) (3) (21) (18) (22) (11) (87) (10) (94) (99) (39) (27) 
36 (31) (100) (8) (7) (1) (99) (13) (86) (27) (51) (52) (17) (85) (45) (11) (19) (20) (6) (55) (68) (75) (88) (26) (25) (76) (89) (18) (60) (47) (53) (71) (87) (43) (23) (40) (24) (42) 
37 (96) (74) (86) (8) (14) (93) (97) (19) (99) (10) (71) (12) (51) (6) (69) (27) (57) (90) (54) (30) (85) (94) (73) (77) (91) (28) (34) (3) (41) (39) (66) (38) (80) (53) (62) (83) (75) (22) (70) (60) (23) (26) (52) (7) (76) 
38 (47) (88) (11) (53) (28) (48) (100) (25) (82) (90) (97) (9) (14) (80) (44) (27) (33) (75) (94) (61) (86) (30) (4) (89) (13) (71) (36) (54) (92) (37) (17) (98) (31) (93) (52) (56) (59) (72) (62) (83) (21) (35) (78) (23) (45) (18 7) 
39 (40) (10) (39) (77) (32) (18) (29) (26) (17) (8) (91) (28) (65) (80) (62) (1) (76) (58) (92) (99) (52) (71) (42) (86) (11) (31) (70) (27) (49) (43) (79) (20) (2) 
40 (90) (37) (22) (16) (75) (84) (59) (83) (25) (65) (55) (51) (46) (48) (94) (91) (95) (93) (2) (5) (14) (1) (35) (26) (17) (41) (70) (68) (29) (96) (40) (58) (77) (21) (97) 
41 (12) (55) (76) (54) (60) (26) (77) (15) (86) (68) (96) (62) (8) (53) (17) (81) (69) (10) (21) (75) (41) (97) (40) (36) (90) (9) (43) (45) (82) (33) (23) (64) (56) (11) (71) (87) (42) (78) (92) (66) (14) (7) 
42 (79) (59) (25) (30) (5) (19) (4) (45) (55) (96) (10) (18) (32) (2) (85) (67) (77) (1) (26) (52) (47) (98) (31) (76) (69) (60) (44) (64) (3) (89) (95) (62) (38) (58) (35) (72) (21) (99) (84) 
43 (52) (58) (80) (21) (74) (91) (86) (13) (56) (6) (29) (24) (97) (100) (69) (83) (33) (53) (81) (99) (47) (35) (44) (11) (17) (7) (15) (72) (3) (77) (60) (51) (23) (82) (32) (95) 
44 (34) (97) (68) (45) (77) (1) (46) (53) (57) (11) (52) (66) (32) (84) (83) (16) (24) (79) (44) (82) (27) (89) (9) (31) (28) (23) (30) (62) (39) (73) (17) (90) (56) (86) (49) (70) 
45 (52) (76) (94) (5) (15) (82) (95) (50) (87) (83) (35) (31) (53) (8) (89) (1) (48) (14) (22) (93) (47) (96) (44) (6) (54) (59) (100) (58) (73) (41) (32) (21) (27) (88) (64) (60) (45) (13) (63) (75) (39) (40) 
46 (5) (8) (96) (12) (82) (51) (61) (56) (54) (78) (80) (11) (14) (55) (45) (91) (85) (19) (26) (20) (53) (68) (93) (57) (30) (18) (3) (58) (6) (88) (35) (75) (39) (44) (52) (2) (87) 
47 (92) (27) (35) (7) (84) (98) (95) (10) (22) (14) (37) (45) (66) (25) (61) (82) (89) (42) (60) (3) (8) (2) (24) (46) (51) (97) (21) (55) (32) (38) (52) (94) (93) 
48 (38) (20) (86) (31) (14) (3) (73) (24) (29) (50) (39) (93) (92) (58) (83) (87) (98) (70) (90) (26) (55) (65) (80) (46) (25) (23) (22) (51) (64) (62) (7) 
49 (14) (94) (44) (32) (66) (12) (20) (60) (19) (96) (71) (56) (100) (57) (83) (62) (90) (39) (85) (31) (23) (99) (82) (52) (74) (42) (30) (89) (43) (7) (61) (59) (28) (68) (48) (16) 
50 (9) (82) (67) (79) (45) (88) (37) (100) (72) (47) (34) (93) (25) (84) (75) (97) (28) (46) (92) (91) (80) (38) (89) (29) (95) (32) (6) (62) (57) (77) (4) 
51 (25) (48) (46) (84) (34) (98) (94) (15) (78) (93) (82) (18) (71) (49) (56) (38) (77) (50) (65) (89) (32) (37) (72) (12) (17) (79) (19) (40) (20) (10) (42) (9) (58) (5) (87) (92) (47) (54) 
52 (97) (66) (29) (92) (85) (57) (44) (90) (91) (87) (49) (27) (69) (23) (53) (42) (38) (98) (46) (8) (81) (16) (11) (84) (73) (10) (7) (17) (26) (45) (5) (1) (52) (33) 
53 (79) (74) (42) (12) (19) (8) (56) (82) (1) (97) (17) (55) (9) (18) (50) (2) (100) (86) (54) (47) (4) (67) (58) (96) (23) (27) (68) (3) (36) (15) 
54 (45) (8) (82) (68) (49) (69) (36) (61) (42) (75) (12) (56) (99) (28) (1) (57) (89) (55) (43) (31) (88) (32) (54) (52) (38) (59) (25) (53) (47) (78) (10) (63) (95) 
55 (62) (64) (10) (31) (86) (73) (98) (95) (26) (33) (44) (74) (14) (19) (99) (85) (35) (29) (54) (82) (32) (48) (77) (37) (36) (69) (2) (84) (87) (24) (91) 
56 (56) (33) (69) (10) (6) (24) (48) (52) (22) (83) (75) (19) (49) (51) (70) (99) (73) (92) (55) (50) (31) (43) (78) (27) (29) (95) (76) (37) (28) (16) (71) 
57 (76) (33) (92) (37) (15) (46) (66) (79) (47) (60) (24) (63) (51) (96) (85) (94) (27) (52) (5) (68) (28) (70) (54) (44) (6) (39) (55) (59) (30) (7) (12) (13) (83) (53) (97) (80) (90) (73) (49) (36) (71) (1) 
58 (2) (64) (14) (20) (28) (19) (56) (10) (36) (23) (92) (27) (100) (5) (66) (26) (83) (68) (97) (76) (81) (32) (74) (39) (70) (33) (93) (60) (34) (58) (42) (54) (71) (30) 
59 (16) (70) (52) (71) (43) (83) (20) (30) (11) (3) (10) (63) (80) (98) (97) (87) (28) (100) (9) (46) (47) (66) (38) (59) (93) (49) (89) (73) (42) (58) (57) (34) (78) (72) (92) (2) (4) (61) (23) (26) (67) (53) (86) (91) (95) (44) (7 29) 
60 (27) (42) (38) (91) (18) (69) (60) (84) (96) (10) (12) (40) (3) (78) (94) (23) (89) (46) (43) (81) (98) (52) (70) (62) (41) (80) (72) (66) (67) (36) (53) (82) (73) (57) (55) (51) (90) (2) (26) (100) (93) (83) 
61 (91) (17) (60) (47) (37) (81) (67) (79) (61) (75) (33) (94) (31) (98) (12) (89) (78) (38) (53) (24) (22) (36) (76) (10) (7) (62) (49) (29) (34) (55) (52) (40) (68) (28) (56) (51) (71) (83) (26) (35) (82) (16) (1) (39) (72) 
62 (34) (32) (19) (79) (65) (39) (80) (13) (7) (8) (36) (69) (42) (74) (44) (52) (59) (3) (1) (62) (17) (68) (95) (45) (40) (85) (88) (16) (76) (11) (55) (14) (22) (6) (25) (57) (29) (94) (28) 
63 (3) (20) (9) (89) (92) (36) (68) (13) (41) (35) (69) (32) (65) (2) (37) (29) (25) (97) (99) (34) (17) (26) (90) (12) (88) (58) (59) (63) (1) (81) (85) (33) 
64 (77) (12) (28) (70) (3) (99) (56) (53) (84) (92) (95) (55) (61) (81) (45) (49) (22) (94) (5) (66) (62) (60) (32) (72) (21) (36) (33) (20) (37) (24) (78) (86) (44) (41) (52) (91) (48) (65) (80) (90) (18) (67) (47) (26) (64) (58) (27 25 51 82 54 89) 
65 (22) (61) (42) (84) (53) (98) (41) (83) (28) (26) (99) (77) (32) (89) (7) (35) (5) (1) (74) (46) (87) (21) (90) (85) (81) (65) (48) (100) (23) (66) (75) (92) (9) (34) (57) (36) (24) (20) (19) (52) 
66 (67) (14) (55) (59) (1) (79) (15) (24) (86) (64) (2) (30) (76) (28) (41) (73) (12) (65) (58) (44) (37) (89) (43) (74) (5) (10) (84) (82) (97) (85) (70) (23) (62) (88) (46) 
67 (1) (87) (38) (80) (100) (15) (46) (11) (19) (8) (56) (60) (2) (49) (77) (75) (50) (68) (88) (47) (74) (35) (92) (3) (18) (55) (62) (83) (67) (41) (28) (90) 
68 (41) (62) (34) (19) (29) (99) (77) (1) (56) (83) (35) (91) (33) (22) (49) (5) (21) (58) (71) (15) (69) (3) (2) (9) (48) (46) (55) (79) (14) (43) (70) (44) (93) (27) (7) (4) 
69 (65) (33) (82) (20) (73) (36) (68) (75) (63) (27) (50) (76) (37) (9) (99) (77) (80) (48) (32) (24) (22) (31) (74) (83) (35) (15) (21) (4) (13) (84) (97) (60) (61) 
70 (88) (58) (62) (44) (74) (14) (72) (73) (43) (8) (49) (15) (25) (78) (69) (87) (34) (23) (38) (59) (37) (68) (53) (48) (35) (55) (19) (89) (91) (60) (5) (11) (84) (98) (42) (77) (63) (36) (18) (92) (76) 
71 (15) (55) (4) (44) (1) (36) (90) (61) (26) (75) (76) (31) (41) (85) (66) (30) (16) (39) (62) (82) (68) (38) (28) (59) (27) (25) (53) (18) (40) (37) (77) (21) (9) (12) (80) (97) (92) (49) (60) (87) (6) (58) (45) (94) (86) 
72 (86) (4) (63) (13) (11) (54) (16) (62) (22) (78) (74) (76) (32) (35) (59) (61) (23) (55) (24) (1) (41) (82) (69) (21) (66) (60) (88) (40) (2) (43) (91) (51) (47) (38) (44) (83) (15) (50) (95) (89) (68) 
73 (82) (81) (76) (37) (36) (18) (83) (33) (57) (7) (1) (66) (9) (86) (39) (35) (17) (46) (12) (6) (70) (96) (19) (87) (51) (26) (60) (43) (78) (29) (85) (42) (3) (53) (22) (77) (49) (21) (63) (89) (8) 
74 (94) (98) (44) (42) (1) (68) (85) (89) (43) (65) (59) (73) (30) (83) (49) (24) (29) (56) (97) (95) (61) (100) (13) (80) (9) (26) (4) (48) (99) (54) (28) (67) (40) (17) (82) (15) (41) (66) (46) (37) (71) (79) (38) 
75 (70) (66) (6) (29) (44) (39) (60) (26) (4) (88) (23) (64) (90) (36) (11) (65) (24) (31) (51) (41) (48) (35) (40) (84) (3) (83) (85) (73) (75) (62) (92) 
76 (16) (98) (91) (35) (27) (84) (57) (50) (22) (88) (85) (81) (52) (37) (33) (13) (76) (44) (30) (87) (83) (55) (97) (7) (20) (39) (10) (73) (61) (21) (46) (3) (28) (64) (71) (31) (60) (9) (69) (75) (72) (11) (40) 
77 (54) (85) (96) (61) (98) (83) (26) (33) (70) (65) (45) (87) (50) (90) (91) (43) (30) (68) (44) (20) (77) (79) (14) (16) (8) (99) (78) (80) (66) (49) (97) 
78 (47) (70) (66) (35) (76) (9) (27) (53) (60) (59) (63) (75) (20) (39) (81) (44) (97) (40) (80) (62) (24) (54) (38) (48) (52) (7) (50) (98) (69) (94) (56) (31) (100) (95) (21) (12) (90) (41) (77) (6) 
79 (47) (46) (20) (63) (83) (93) (16) (31) (52) (44) (65) (17) (55) (88) (72) (56) (99) (97) (91) (9) (41) (36) (51) (5) (53) (50) (43) (82) (69) (29) (78) (75) (85) (79) (3) (18) (66) (23) (6) (94) 
80 (100) (70) (51) (18) (6) (5) (26) (52) (22) (72) (64) (84) (15) (92) (95) (60) (68) (69) (38) (9) (10) (25) (90) (41) (46) (63) (56) (36) (49) (53) (3) (86) (48) (24) (12) (44) (89) (34) (73) (57) (81) (66) (78) 
81 (82) (7) (97) (59) (91) (71) (28) (74) (18) (57) (96) (15) (76) (88) (3) (30) (35) (99) (2) (83) (95) (77) (20) (81) (48) (63) (98) (34) (37) (31) (33) (70) (23) (90) (40) (14) (27) (32) 
82 (36) (68) (60) (87) (76) (83) (40) (69) (14) (20) (98) (8) (78) (61) (48) (5) (52) (81) (28) (45) (27) (9) (89) (13) (49) (37) (21) (80) (84) (19) (55) (64) (24) (22) (16) (56) (58) (57) (90) (26) (44) (63) (29) (72) (99) (53) 
83 (75) (66) (73) (40) (69) (31) (95) (10) (65) (23) (37) (14) (3) (56) (50) (89) (71) (41) (49) (80) (16) (54) (97) (79) (53) (43) (29) (36) (25) (2) (28) (76) (85) (48) (17) (70) 
84 (81) (65) (50) (40) (25) (57) (95) (45) (3) (90) (75) (100) (71) (79) (89) (98) (58) (15) (64) (52) (42) (54) (17) (80) (7) (43) (16) (92) (87) (34) (2) (74) (59) (19) (8) 
85 (9) (19) (75) (1) (56) (3) (2) (44) (15) (67) (48) (93) (42) (29) (96) (86) (40) (68) (60) (47) (65) (13) (5) (59) (77) (14) (10) (11) (31) (98) (84) (66) (69) (36) (39) (81) (41) (79) (82) (87) 
86 (54) (12) (52) (40) (7) (33) (87) (34) (73) (39) (65) (15) (21) (50) (43) (72) (91) (95) (18) (4) (6) (32) (46) (66) (5) (45) (36) (92) (64) (58) (29) (57) (19) (23) (67) (62) (85) (75) (26) 
87 (48) (61) (18) (40) (83) (63) (68) (80) (76) (26) (37) (52) (84) (81) (56) (69) (43) (25) (12) (39) (79) (16) (67) (97) (88) (82) (86) (72) (65) (42) (11) (89) (91) (55) (92) (47) (20) (36) (50) (98) (44) (21) (51) (49) (35) 
88 (61) (29) (71) (84) (22) (99) (77) (89) (33) (100) (78) (51) (55) (10) (98) (57) (20) (79) (46) (66) (76) (35) (18) (54) (80) (68) (81) (6) (91) (12) (41) (73) (24) (75) (19) (37) 
89 (66) (33) (97) (88) (71) (59) (14) (74) (36) (24) (20) (43) (31) (60) (91) (69) (67) (93) (51) (2) (37) (72) (54) (58) (25) (13) (76) (52) (45) (78) (42) (94) (80) (62) (56) (3) (12) (1) (73) (29) (77) (75) (6) (30) 
90 (23) (67) (92) (19) (29) (81) (26) (12) (20) (10) (8) (3) (80) (21) (43) (76) (68) (24) (61) (71) (9) (56) (94) (25) (75) (73) (74) (33) (49) (52) (82) (63) (30) (90) (57) (31) (69) (1) (87) (4) (60) (44) (42) 
91 (63) (39) (12) (97) (8) (38) (84) (88) (59) (81) (2) (6) (37) (19) (67) (74) (10) (89) (100) (4) (32) (78) (23) (95) (96) (93) (64) (65) (26) (94) (22) (83) (58) (79) (76) (29) (60) (98) (5) (35) (34) (77) 
92 (49) (55) (97) (98) (5) (19) (43) (59) (78) (94) (56) (65) (15) (99) (8) (53) (27) (50) (11) (31) (2) (83) (84) (7) (44) (26) (60) (36) (81) (3) (29) (17) (57) (9) (37) (39) (85) (23) (67) (38) 
93 (13) (68) (54) (88) (64) (74) (61) (18) (72) (30) (90) (6) (57) (26) (28) (43) (66) (29) (15) (39) (70) (55) (4) (58) (69) (33) (91) (24) (96) (52) (27) (97) (3) (65) (2) (80) (41) (12) (7) (32) (99) (31) (73) (8) 
94 (71) (61) (89) (18) (57) (87) (75) (88) (50) (53) (99) (80) (59) (11) (35) (55) (84) (85) (48) (76) (44) (93) (52) (34) (28) (8) (64) (78) (46) (77) (13) (26) (69) (96) (10) (41) (49) (56) (91) (15) (65) (17) 
95 (89) (97) (36) (53) (78) (13) (10) (6) (84) (67) (79) (38) (20) (32) (37) (71) (98) (59) (65) (19) (18) (64) (11) (83) (47) (62) (15) (52) (100) (49) (66) (46) (45) (55) 
96 (19) (38) (69) (61) (79) (25) (92) (100) (65) (56) (48) (84) (31) (94) (44) (23) (91) (9) (98) (27) (63) (53) (59) (28) (24) (2) (7) (87) (67) (82) (21) (33) (40) (13) (34) (77) (41) (99) (35) 
97 (39) (61) (5) (69) (63) (85) (51) (89) (21) (35) (75) (94) (8) (28) (47) (26) (17) (78) (84) (52) (71) (43) (6) (14) (10) (90) (37) (12) (16) (53) (24) (31) (34) (22) (57) (19) 
98 (74) (11) (82) (21) (56) (68) (100) (26) (57) (27) (38) (86) (78) (59) (55) (36) (72) (9) (12) (79) (93) (85) (34) (70) (10) (32) (48) (45) (47) (97) (67) (99) (58) (5) (49) (84) (35) (7) (98) (81) (66) (30) 
99 (37) (34) (20) (67) (79) (15) (95) (99) (28) (87) (78) (76) (93) (29) (60) (80) (51) (11) (91) (18) (2) (61) (27) (90) (7) (53) (21) (36) (31) (52) (75) (69) (63) (35) (55) (40) (42) (54) (59) (96) (48) (88) 
100 (75) (71) (50) (28) (95) (57) (83) (12) (53) (67) (59) (8) (48) (22) (35) (37) (63) (72) (44) (76) (33) (96) (46) (97) (98) (31) (84) (38) (69) (79) (13) (49) (51) (55) (27) (39) (21) (14) (6) (43) (78) 
